meltWidth,meltDepth,meltArea
[0.44527832],[0.28291252],[0.06210138]
[0.49541391],[0.30512421],[0.07451597]
[0.44798723],[0.32131225],[0.07091682]
[0.43228301],[0.42730308],[0.09085034]
[0.37251801],[0.8406218],[0.2119249]
[0.40174228],[0.86621491],[0.32278502]
[0.6694034],[0.8911224],[0.41143784]
[0.84191901],[0.90097131],[0.47446681]
[0.90126629],[0.88515225],[0.4363228]
[0.96424676],[0.81437973],[0.38872747]
[0.94754052],[0.67323782],[0.3157128]
[1.01066177],[0.59003398],[0.29505469]
[0.95274971],[0.5564963],[0.26226653]
[1.0195295],[0.53057494],[0.26747322]
[0.95216484],[0.50501034],[0.23765733]
[0.97806505],[0.49814371],[0.24068983]
[0.93174671],[0.50238536],[0.23123979]
[1.00055655],[0.52088502],[0.25759419]
[1.01260423],[0.53588803],[0.26838177]
[1.17076598],[0.5602826],[0.34422385]
[1.19190473],[0.57992968],[0.3440952]
[1.28996486],[0.59413024],[0.42206253]
[1.29952089],[0.60731004],[0.40111112]
[1.36597477],[0.61961273],[0.47797186]
[1.38327424],[0.63499145],[0.45056371]
[1.42560749],[0.64537657],[0.52061899]
[1.43532385],[0.65259704],[0.48332731]
[1.47268173],[0.65835002],[0.54940778]
[1.49718375],[0.65906068],[0.51552087]
[1.53813127],[0.64658292],[0.56085569]
[1.51475697],[0.63882773],[0.52412107]
[1.50619174],[0.63100679],[0.51547404]
[1.503619],[0.62404278],[0.50832724]
[1.53549879],[0.62118156],[0.51928764]
[1.58249637],[0.62160042],[0.54485975]
[1.61737198],[0.62937617],[0.57049763]
[1.66074804],[0.62624909],[0.59272553]
[1.70811085],[0.62114242],[0.61720486]
[1.74441386],[0.61989678],[0.63344986]
[1.77493082],[0.61996648],[0.64712959]
[1.82397976],[0.62138171],[0.66791495]
[1.87476263],[0.6243574],[0.69267832]
[1.89539234],[0.62770368],[0.70998782]
[1.89495028],[0.62510259],[0.71689579]
[1.88571488],[0.624845],[0.71599708]
[1.87598451],[0.62045008],[0.70996249]
[1.85775835],[0.61690403],[0.70303739]
[1.8780379],[0.61662322],[0.7098237]
[1.89425879],[0.62741987],[0.72480495]
[1.9028778],[0.62572522],[0.72777383]
[1.92517901],[0.62230225],[0.72712015]
[1.94340693],[0.61528896],[0.72530675]
[1.25307075],[0.60862987],[0.50772864]
[0.],[0.],[0.]
[0.83798003],[0.34107577],[0.20972731]
[1.28138136],[0.42531794],[0.36427912]
[1.36879924],[0.53244087],[0.45713956]
[1.35642531],[0.47338977],[0.41883711]
[1.36508102],[0.73734347],[0.60211332]
[1.35607125],[0.76879145],[0.74701011]
[1.35075779],[0.94608362],[1.08040789]
[1.31333462],[0.93317967],[1.13792943]
[1.3878629],[1.03038326],[1.28106917]
[1.43920443],[0.98581804],[1.26789561]
[1.46255634],[1.0460888],[1.33903655]
[1.51536736],[1.01186188],[1.32216952]
[1.49582572],[1.04684117],[1.34166199]
[1.5202788],[1.01307871],[1.27087048]
[1.4877512],[1.04100402],[1.28306548]
[1.4846001],[1.00683319],[1.20360549]
[1.48725774],[1.05103484],[1.26842928]
[1.50736305],[1.009253],[1.21112836]
[1.53405378],[1.07255533],[1.29366535]
[1.54769895],[1.02726329],[1.24053344]
[1.57187349],[1.07949909],[1.31903383]
[1.6005524],[1.03788596],[1.2607272]
[1.6045747],[1.08630576],[1.32118337]
[1.62733171],[1.04715254],[1.26113995]
[1.62544979],[1.09103559],[1.32149785]
[1.6504935],[1.05240795],[1.25801383]
[1.64193617],[1.09494559],[1.30639983]
[1.66624219],[1.05386684],[1.2566714]
[1.6602888],[1.09055007],[1.28305279]
[1.71382546],[1.01174193],[1.22595165]
[1.72779978],[1.06011944],[1.26466641]
[1.80549937],[0.99231317],[1.2463905]
[1.77147942],[0.9802249],[1.21342606]
[1.79046778],[0.97161988],[1.21389833]
[1.8497991],[0.97850789],[1.25050333]
[1.9572226],[0.97932377],[1.30062261]
[2.05094476],[0.98700472],[1.36216071]
[2.11160828],[1.00498499],[1.42209428]
[2.17149089],[1.01753606],[1.48373175]
[2.22950454],[1.03249071],[1.54780362]
[2.27183238],[1.04587836],[1.60184088]
[2.31849446],[1.06256991],[1.66375256]
[2.36348207],[1.06686171],[1.7157631]
[2.40468269],[1.08085059],[1.77167577]
[2.44076562],[1.09468559],[1.81666834]
[2.46835214],[1.07521841],[1.83410027]
[2.4988186],[1.06510555],[1.85583613]
[2.51813104],[1.05451903],[1.86905108]
[2.54646633],[1.04309466],[1.87973504]
[2.58755936],[1.0380269],[1.89310598]
[2.62913118],[0.9986972],[1.84916481]
[2.65729468],[0.96826005],[1.79404723]
[2.67498566],[0.94394796],[1.74809262]
[2.01438012],[0.92439246],[1.40246696]
[0.],[0.],[0.]
[0.85282617],[0.40707645],[0.24453679]
[1.45638137],[0.55489087],[0.51047981]
[1.61119596],[0.67737499],[0.67357663]
[1.65055267],[0.67468408],[0.70615791]
[1.62284714],[0.89485875],[0.88218485]
[1.62391516],[0.87305312],[0.93988106]
[1.60182798],[1.00002631],[1.25588313]
[1.60726398],[0.99321609],[1.32867562]
[1.58160098],[1.05306718],[1.42971382]
[1.58829812],[1.00369273],[1.39743936]
[1.56485425],[1.05828122],[1.42865416]
[1.53995848],[1.01791595],[1.38090589]
[1.50611079],[1.06812451],[1.40678247]
[1.48309508],[1.03814976],[1.38153096]
[1.50535466],[1.10739381],[1.44129386]
[1.55029826],[1.09400511],[1.43448184]
[1.55179583],[1.14714362],[1.48075506]
[1.57485824],[1.11531139],[1.45817529]
[1.56030847],[1.15619401],[1.48924742]
[1.60471094],[1.12237805],[1.48205713]
[1.62299269],[1.16224359],[1.53510708]
[1.68649447],[1.12339514],[1.52083818]
[1.68301413],[1.16487926],[1.54616561]
[1.74292829],[1.12331778],[1.52490039]
[1.72857212],[1.16290921],[1.55358833]
[1.78549102],[1.1223304],[1.50054235]
[1.76141275],[1.16634118],[1.51287768]
[1.82123515],[1.12061879],[1.46589567]
[1.79599324],[1.16556937],[1.48657538]
[1.84298906],[1.12316563],[1.42406885]
[1.8229276],[1.16038163],[1.45251223]
[1.81674667],[1.1396104],[1.38926481]
[1.80741074],[1.12712118],[1.36853206]
[1.82747896],[1.12075542],[1.37509346]
[1.87971053],[1.12149401],[1.40381638]
[1.9879551],[1.11612033],[1.45008359]
[2.18270025],[1.13851325],[1.55851614]
[2.281848],[1.16311618],[1.65699336]
[2.35755798],[1.17862639],[1.75087664]
[2.42786653],[1.19717946],[1.855289]
[2.49251741],[1.21045559],[1.95086297]
[2.54260603],[1.22355491],[2.03717266]
[2.58631156],[1.22686475],[2.10380294]
[2.63465604],[1.22271287],[2.15683985]
[2.68780981],[1.21637214],[2.19644662]
[2.73322886],[1.1985642],[2.20930995]
[2.7816233],[1.17805439],[2.22052873]
[2.82075091],[1.16050055],[2.23075195]
[2.86071892],[1.14727996],[2.2449997]
[2.88887995],[1.11139449],[2.21897611]
[2.89958369],[1.04978624],[2.12830914]
[2.90987053],[0.99542318],[2.05115144]
[2.9023868],[0.94914827],[1.97016454]
[2.15430991],[0.91852543],[1.57502786]
[0.],[0.],[0.]
[0.79722767],[0.42456242],[0.20109848]
[1.37344568],[0.57050537],[0.472907]
[1.51240554],[0.68769258],[0.63861648]
[1.57415982],[0.69886426],[0.70928928]
[1.60536591],[0.90984501],[0.92567069]
[1.62991596],[0.88475318],[0.99163392]
[1.62209419],[1.01016849],[1.30112712]
[1.61621469],[0.99181196],[1.34766128]
[1.56316952],[1.05652626],[1.41482915]
[1.50743412],[1.01211413],[1.35391658]
[1.48467654],[1.08374095],[1.40901498]
[1.53585836],[1.07430199],[1.39525074]
[1.5449315],[1.13885274],[1.4375112]
[1.58717705],[1.12438034],[1.41640472]
[1.57733765],[1.15242393],[1.43486513]
[1.6688721],[1.1313393],[1.4285334]
[1.67082844],[1.15364612],[1.47479265]
[1.80980392],[1.13620651],[1.51182356]
[1.79130842],[1.15475027],[1.53389989]
[1.91135649],[1.14071228],[1.55377043]
[1.94323368],[1.15470273],[1.56326555]
[2.08822676],[1.13972751],[1.53598455]
[2.12304835],[1.15033037],[1.5268535]
[2.21780275],[1.1289484],[1.50989011]
[2.22059772],[1.14776274],[1.49915588]
[2.29750168],[1.06729276],[1.48708703]
[2.30146173],[1.09675278],[1.45706199]
[2.37410552],[0.9962517],[1.40621455]
[2.38540239],[1.05610417],[1.39334122]
[2.42454449],[0.94835549],[1.33853798]
[2.50514696],[1.02339401],[1.35625556]
[2.45637501],[0.96747812],[1.29142277]
[2.51980864],[0.95436493],[1.26873697]
[2.46508093],[0.96239784],[1.28369363]
[2.4874866],[0.97126094],[1.30576276]
[2.51059348],[0.98043675],[1.33909839]
[2.58879553],[1.01035867],[1.41030854]
[2.67481451],[1.04265051],[1.52098513]
[2.71649253],[1.06470724],[1.62686617]
[2.73957763],[1.08608255],[1.734945]
[2.7455348],[1.10295293],[1.81681106]
[2.76466086],[1.12520139],[1.90809031]
[2.79046914],[1.13376517],[1.98805174]
[2.81370364],[1.14650991],[2.05260222]
[2.84541927],[1.14787247],[2.10749767]
[2.87137814],[1.134578],[2.13421948]
[2.8991104],[1.1253491],[2.1468845]
[2.92212201],[1.11784612],[2.15686342]
[2.95432419],[1.10865525],[2.16860657]
[2.97211647],[1.0750181],[2.13787741]
[2.98409094],[1.01575232],[2.03547682]
[2.99775632],[0.96071651],[1.95887314]
[2.96577794],[0.91416588],[1.89400846]
[2.21879163],[0.88066633],[1.50546705]
[0.],[0.],[0.]
[0.8261978],[0.41733974],[0.21784611]
[1.43604437],[0.57998055],[0.53158225]
[1.616326],[0.7170795],[0.74736442]
[1.71778639],[0.80609602],[0.914089]
[1.76332002],[0.98784368],[1.18005478]
[1.79580197],[0.97684896],[1.23521292]
[1.7810436],[1.0902726],[1.44902969]
[1.7398705],[1.106437],[1.54971038]
[1.66051301],[1.17536402],[1.63755084]
[1.73867253],[1.18213903],[1.70536613]
[1.72507574],[1.23394912],[1.73387277]
[1.8394982],[1.22949465],[1.78576218]
[1.81134053],[1.23227332],[1.77067245]
[1.95318362],[1.22599644],[1.832478]
[1.91633593],[1.22151113],[1.80994941]
[2.19805629],[1.21219581],[1.88776877]
[2.42147396],[1.21132795],[1.96743254]
[2.60431482],[1.20491729],[2.06178555]
[2.6429229],[1.20309683],[1.99441427]
[2.78024357],[1.20736481],[2.01513376]
[2.79576404],[1.20121573],[1.92916505]
[2.87887596],[1.19570039],[1.91936631]
[2.83451766],[1.19354104],[1.86976327]
[2.914038],[1.1311356],[1.86529338]
[2.86312266],[1.17294802],[1.81981527]
[2.96088504],[1.12803711],[1.82146199]
[2.88167402],[1.12676666],[1.77125889]
[2.97342853],[1.12328327],[1.75872284]
[2.90867945],[1.12081573],[1.69876181]
[2.96445921],[1.09557298],[1.66799581]
[2.97267762],[1.05926298],[1.63813592]
[2.93613243],[1.02519456],[1.56548078]
[2.98185512],[1.00956597],[1.54361912]
[2.95440122],[1.013117],[1.54666574]
[2.96102958],[1.02114495],[1.56825197]
[2.97564761],[1.05415091],[1.61097577]
[2.98004351],[1.08407331],[1.73454453]
[2.9926563],[1.10204394],[1.83344171]
[2.99998114],[1.12069661],[1.93149017]
[2.99786713],[1.13647441],[2.02802221]
[2.99136587],[1.14975359],[2.10205911]
[2.97863562],[1.15906382],[2.17422057]
[2.98354494],[1.16263636],[2.23410619]
[2.98752534],[1.1818271],[2.28531882]
[3.00487244],[1.19216044],[2.32497524]
[2.99534087],[1.18021551],[2.33511864]
[2.99240898],[1.17809846],[2.34465231]
[3.00022083],[1.17620663],[2.35480456]
[3.01320488],[1.17617264],[2.38040827]
[3.02085981],[1.14462167],[2.33761751]
[3.02489138],[1.1042783],[2.26022896]
[3.04061683],[1.05684116],[2.19789419]
[2.98066655],[1.01371674],[2.1322616]
[2.23308929],[0.97679146],[1.66373252]
[0.],[0.],[0.]
[0.88170257],[0.39453672],[0.26005864]
[1.54186167],[0.59053758],[0.63205645]
[1.71875612],[0.73014115],[0.85251201]
[1.84420552],[0.8649665],[1.06490883]
[1.87426116],[1.02978477],[1.31412253]
[1.89623903],[1.0639546],[1.42347526]
[1.9268265],[1.19842867],[1.61090582]
[1.87415385],[1.23698903],[1.68088631]
[1.83557221],[1.2713196],[1.7897739]
[1.91315776],[1.27242597],[1.91882046]
[1.97932759],[1.28183663],[1.97692395]
[2.20968202],[1.2723977],[2.09600915]
[2.32040171],[1.26838606],[2.12909697]
[2.64335248],[1.25967229],[2.30772854]
[2.70375354],[1.25401824],[2.33426992]
[2.88617044],[1.2532789],[2.40611922]
[2.87325056],[1.25108365],[2.29689262]
[3.01801346],[1.25554031],[2.34229864]
[2.94568755],[1.25529583],[2.22545879]
[3.11394077],[1.25363249],[2.3443956]
[3.04340865],[1.25784177],[2.2602689]
[3.15896857],[1.25092415],[2.32134874]
[3.05340055],[1.25705706],[2.23992652]
[3.17055626],[1.21988352],[2.24764762]
[3.07195903],[1.25217068],[2.2075637]
[3.18784864],[1.20382161],[2.1999039]
[3.08235668],[1.20362114],[2.12416479]
[3.20549349],[1.20339697],[2.14774605]
[3.11265832],[1.20398206],[2.08301583]
[3.22231678],[1.20112958],[2.10876184]
[3.22476696],[1.19581674],[2.09877767]
[3.21723529],[1.18989637],[2.08588091]
[3.24374025],[1.19479673],[2.03926598]
[3.24491512],[1.20507742],[2.04349723]
[3.24505707],[1.21903963],[2.07333092]
[3.25800047],[1.2354472],[2.11641187]
[3.25540225],[1.25003973],[2.17028905]
[3.26762442],[1.26393816],[2.23524165]
[3.27304469],[1.27445079],[2.33313302]
[3.2636806],[1.28103152],[2.4198275]
[3.24401259],[1.28640698],[2.48147773]
[3.22977008],[1.2898139],[2.53843439]
[3.21101722],[1.29301084],[2.58334054]
[3.18419464],[1.29079364],[2.61506691]
[3.17313768],[1.29645157],[2.63666729]
[3.15953015],[1.28391646],[2.6254753]
[3.13561039],[1.28147358],[2.60568636]
[3.10566669],[1.2791708],[2.57806193]
[3.08956659],[1.26619724],[2.54886766]
[3.06738437],[1.20177822],[2.42836241]
[3.03589237],[1.14753714],[2.3269212]
[3.02331221],[1.09920874],[2.26664401]
[2.99564684],[1.0606336],[2.21069714]
[2.24175488],[1.029367],[1.75722146]
[0.],[0.],[0.]
[0.89521075],[0.4377734],[0.3054045]
[1.56476301],[0.62460528],[0.67640895]
[1.69668908],[0.8587981],[0.93903276]
[1.76510225],[1.01584241],[1.24959948]
[1.78462974],[1.13410527],[1.43577372]
[1.81215795],[1.18671758],[1.54961959]
[1.84675775],[1.26691981],[1.67313468]
[1.81875151],[1.29626302],[1.85335678]
[2.18982074],[1.30973457],[2.08570995]
[2.53439001],[1.31182597],[2.29361652]
[2.62915673],[1.31536458],[2.38833095]
[2.84164855],[1.30836541],[2.53947261]
[2.89404937],[1.303003],[2.58765063]
[3.05109686],[1.29980353],[2.67285336]
[3.12302108],[1.29302491],[2.63010089]
[3.28340416],[1.2999001],[2.72948477]
[3.27681166],[1.29849954],[2.65297972]
[3.43660088],[1.30154931],[2.73496598]
[3.39298984],[1.29922665],[2.64714255]
[3.53357312],[1.29223261],[2.69654771]
[3.47996508],[1.30335953],[2.64134234]
[3.56968565],[1.2901961],[2.68894669]
[3.49639011],[1.30404736],[2.63769997]
[3.57965953],[1.27129283],[2.64274788]
[3.53222792],[1.29802044],[2.61499987]
[3.60188183],[1.27655556],[2.61605187]
[3.5402786],[1.27793323],[2.5662673]
[3.6196345],[1.27824185],[2.5956885]
[3.57480749],[1.27958469],[2.55191714]
[3.648509],[1.2763715],[2.57305319]
[3.63221692],[1.27197426],[2.58141518]
[3.6794977],[1.2673735],[2.56325558]
[3.65735222],[1.27535069],[2.54632618]
[3.71572018],[1.28237537],[2.5524976]
[3.68650972],[1.29531352],[2.57694509]
[3.69429623],[1.3077595],[2.61695827]
[3.69809497],[1.31685499],[2.68528396]
[3.70651667],[1.32729594],[2.76104342]
[3.72294942],[1.33532454],[2.8238089]
[3.71812326],[1.34315781],[2.88264454]
[3.70661049],[1.34889953],[2.92358623]
[3.69541446],[1.34956055],[2.96607908]
[3.68545733],[1.34779531],[2.99865886]
[3.66636564],[1.34374246],[3.01607638]
[3.66046744],[1.34179906],[3.04552667]
[3.65483192],[1.33368851],[3.0370899]
[3.63084024],[1.33038259],[3.01288447]
[3.59097682],[1.3210101],[2.96112007]
[3.5625758],[1.28349464],[2.88272507]
[3.52684295],[1.22688788],[2.75041125]
[3.48381847],[1.18132976],[2.63041817]
[3.45347599],[1.14054239],[2.54665596]
[3.34376989],[1.10642371],[2.4604247]
[2.55293568],[1.07720785],[1.91595325]
[0.],[0.],[0.]
[0.8038161],[0.41579023],[0.21590848]
[1.33534889],[0.54422103],[0.47296223]
[1.40244286],[0.94318524],[0.92150219]
[1.42047921],[1.04232971],[1.16353551]
[1.45666262],[1.1555611],[1.35676529]
[1.4634719],[1.19974551],[1.44840706]
[1.86773356],[1.25817529],[1.68248675]
[2.43085521],[1.2870234],[1.98831053]
[2.70012644],[1.29365324],[2.20256789]
[2.90061959],[1.29777612],[2.38525296]
[3.03570725],[1.29884481],[2.49486619]
[3.15640912],[1.29384004],[2.60946816]
[3.30687575],[1.28765904],[2.64489073]
[3.43149233],[1.28284831],[2.6940414]
[3.52673644],[1.27924743],[2.70519084]
[3.66859945],[1.26992843],[2.73594309]
[3.71754399],[1.2791417],[2.7298727]
[3.85210156],[1.21797918],[2.69090827]
[3.82761734],[1.23826522],[2.66791892]
[3.92654625],[1.22780333],[2.62886351]
[3.90472583],[1.2332049],[2.6226137]
[3.95286923],[1.23555712],[2.62563348]
[3.89827176],[1.23722055],[2.61682111]
[3.95170165],[1.23631888],[2.63171978]
[3.91797476],[1.22127733],[2.60470061]
[3.97035734],[1.2026765],[2.62431597]
[3.93530231],[1.18749009],[2.58129496]
[3.98663021],[1.17106185],[2.62796957]
[3.96587639],[1.1647595],[2.59652936]
[4.02232673],[1.15279091],[2.65511578]
[4.02455733],[1.14173372],[2.66414692]
[4.06307844],[1.1377982],[2.6883445]
[4.06155813],[1.14163767],[2.68606583]
[4.09729252],[1.14260929],[2.70678502]
[4.10690405],[1.16456747],[2.75309472]
[4.09599982],[1.18436649],[2.80890583]
[4.09693378],[1.20213944],[2.86263564]
[4.10162893],[1.21872526],[2.9212169]
[4.11156823],[1.2333166],[2.96952059]
[4.1183779],[1.24325828],[3.01985097]
[4.11305926],[1.25575238],[3.0518383]
[4.11600502],[1.2656203],[3.09773909]
[4.10652962],[1.27441882],[3.12218365]
[4.08690028],[1.28218602],[3.13581366]
[4.07722389],[1.25435364],[3.13939633]
[4.07347062],[1.23736632],[3.12304177]
[4.0599599],[1.2248601],[3.10198116]
[4.02331002],[1.21851863],[3.06023069]
[3.99290139],[1.20192163],[2.99837667]
[3.9583439],[1.16308471],[2.88697433]
[3.91741478],[1.12709698],[2.77867304]
[3.88254511],[1.091175],[2.6917017]
[3.7268906],[1.06162284],[2.59241435]
[2.93860244],[1.03584957],[1.99663298]
[0.],[0.],[0.]
[0.77875981],[0.41902519],[0.19403862]
[1.19875122],[0.58066121],[0.43893727]
[1.28752112],[1.07453863],[1.12071286]
[1.3157527],[1.13496152],[1.27596571]
[1.45316895],[1.21682662],[1.41245654]
[2.23137114],[1.24256375],[1.78678011]
[2.59305734],[1.29086344],[2.07247152]
[2.84004485],[1.30551949],[2.31054346]
[2.99065888],[1.31618718],[2.46933246]
[3.12611639],[1.3160276],[2.60743057]
[3.32162074],[1.32231968],[2.73574157]
[3.42771322],[1.30135883],[2.78178388]
[3.57086217],[1.31044929],[2.86194707]
[3.71393301],[1.27174679],[2.86121199]
[3.82779493],[1.30095776],[2.93006436]
[3.96049061],[1.26403882],[2.8980467]
[4.0157724],[1.27331612],[2.93076337]
[4.11926052],[1.27976085],[2.90261604]
[4.18717684],[1.28417566],[2.91926842]
[4.24373513],[1.29077473],[2.9099392]
[4.29705946],[1.29610621],[2.91856169]
[4.28881187],[1.29764784],[2.92951222]
[4.33115628],[1.2986584],[2.94113837]
[4.31879345],[1.29421508],[2.96056564]
[4.36260861],[1.27704167],[2.94675203]
[4.33824026],[1.25648214],[2.97200261]
[4.3806144],[1.24438456],[2.9554939]
[4.34978981],[1.2244931],[3.00904713]
[4.39646001],[1.21619215],[2.98524701]
[4.3812368],[1.19997164],[3.04337989]
[4.43312775],[1.17909019],[3.04578638]
[4.41366405],[1.1662533],[3.07298127]
[4.45586654],[1.16821451],[3.12971745]
[4.43466294],[1.18071867],[3.14752446]
[4.47208682],[1.2064312],[3.19274841]
[4.43547762],[1.22351887],[3.2355693]
[4.43400607],[1.23554032],[3.28286062]
[4.44354891],[1.24948193],[3.35421714]
[4.45185552],[1.2621094],[3.40926168]
[4.45776208],[1.27431566],[3.45189693]
[4.45053954],[1.28568566],[3.47326667]
[4.4497901],[1.29477817],[3.50429287]
[4.44758734],[1.29931868],[3.51652969]
[4.43789326],[1.3074128],[3.52211014]
[4.43397127],[1.29420644],[3.53179431]
[4.43226182],[1.27954503],[3.52382914]
[4.43101083],[1.26412044],[3.50191298]
[4.40681543],[1.24650723],[3.45794788]
[4.37824888],[1.21414688],[3.36022097]
[4.34999595],[1.17521315],[3.2474487]
[4.31414653],[1.14053541],[3.13782]
[4.28351704],[1.10794625],[3.04364914]
[4.07582627],[1.08002907],[2.911892]
[3.2966272],[1.05552018],[2.24133826]
[0.],[0.],[0.]
[0.79759063],[0.48595606],[0.25297914]
[1.17789287],[0.64968355],[0.48998032]
[1.25221798],[1.13850588],[1.2167057]
[1.4137063],[1.18606583],[1.33407859]
[1.9804718],[1.24250561],[1.64387008]
[2.60420429],[1.25968464],[2.02229716]
[2.82490997],[1.30806878],[2.27448237]
[2.96357585],[1.30752379],[2.47336904]
[3.17461663],[1.33445586],[2.65028726]
[3.33279668],[1.31245152],[2.76175075]
[3.51203822],[1.34282687],[2.90433475]
[3.6390026],[1.29845341],[2.91129898]
[3.75314707],[1.32608353],[3.01607925]
[3.92349905],[1.29105933],[2.99943301]
[4.01300499],[1.30119355],[3.04721509]
[4.11284935],[1.31614248],[3.04162395]
[4.20321547],[1.32931203],[3.09099818]
[4.2715651],[1.34183356],[3.11053942]
[4.36086315],[1.34816793],[3.14046998]
[4.39380913],[1.35342981],[3.15926995]
[4.47661636],[1.35756274],[3.18366333]
[4.45752742],[1.35620494],[3.21133896]
[4.53333759],[1.354391],[3.23283161]
[4.49944369],[1.35007756],[3.26418602]
[4.56788737],[1.34613021],[3.27575113]
[4.518535],[1.33955882],[3.30624651]
[4.59105736],[1.32700751],[3.33553459]
[4.53198793],[1.29073831],[3.33886629]
[4.60493832],[1.27058451],[3.42258927]
[4.5668312],[1.24570043],[3.40193921]
[4.63830938],[1.21455678],[3.54499692]
[4.59840193],[1.20284558],[3.54168308]
[4.66167013],[1.20070959],[3.64716416]
[4.62607387],[1.21828522],[3.65226627]
[4.68352282],[1.24342463],[3.70165865]
[4.65784918],[1.26661963],[3.7534258]
[4.66531061],[1.28907132],[3.81654086]
[4.67538113],[1.30975114],[3.88960046]
[4.68975135],[1.32942736],[3.9508532]
[4.70421915],[1.34878785],[3.99546997]
[4.70541973],[1.36779761],[4.02510823]
[4.70455702],[1.37801754],[4.03297375]
[4.70964248],[1.3772424],[4.01705571]
[4.70846952],[1.38483474],[4.00770587]
[4.70692628],[1.37348249],[3.97567779]
[4.70826929],[1.35575384],[3.92352208]
[4.71432159],[1.33948757],[3.87214737]
[4.70066239],[1.3047388],[3.80119467]
[4.68175341],[1.24645407],[3.6915783]
[4.65559732],[1.20599175],[3.60449222]
[4.61843941],[1.16965503],[3.51235181]
[4.58528295],[1.13372218],[3.41448579]
[4.33318013],[1.10454026],[3.254605]
[3.55614217],[1.07781852],[2.52539398]
[0.],[0.],[0.]
[0.80779473],[0.53043846],[0.2956557]
[1.16830704],[0.71056093],[0.54743409]
[1.34886848],[1.1826632],[1.29146955]
[1.74427493],[1.21191289],[1.48462]
[2.47298613],[1.26106951],[1.90774653]
[2.78764621],[1.25985132],[2.19359851]
[2.96754887],[1.32490439],[2.45339927]
[3.07589155],[1.30503592],[2.6277837]
[3.36193483],[1.34592582],[2.83576992]
[3.54984228],[1.31334687],[2.91989978]
[3.70473453],[1.34586582],[3.06532541]
[3.85251465],[1.31876279],[3.08234371]
[3.95542706],[1.33493659],[3.15701261]
[4.10134317],[1.35072704],[3.19068867]
[4.19240508],[1.36210344],[3.24133841]
[4.28392817],[1.3786073],[3.28596627]
[4.37754203],[1.38833456],[3.34990496]
[4.41904729],[1.38849877],[3.37992598]
[4.53132157],[1.3888878],[3.41628771]
[4.53928062],[1.39206354],[3.43943074]
[4.63536901],[1.39325208],[3.48015436]
[4.60713129],[1.39020961],[3.5059053]
[4.69639451],[1.38688931],[3.57019298]
[4.65494808],[1.38117777],[3.58669187]
[4.72476321],[1.37597612],[3.6709273]
[4.67179692],[1.3694876],[3.65791396]
[4.74261551],[1.36488153],[3.77479148]
[4.68114652],[1.31757536],[3.72193522]
[4.75210626],[1.29830124],[3.85752052]
[4.71606385],[1.27438971],[3.82042113]
[4.78351412],[1.2553411],[3.9616791]
[4.75569673],[1.24462383],[3.9814333]
[4.80401204],[1.23989194],[4.03906263]
[4.78494147],[1.26343772],[4.06001488]
[4.82395833],[1.28723762],[4.11089042]
[4.81467865],[1.30891679],[4.15351446]
[4.81467526],[1.33000287],[4.21073253]
[4.82466326],[1.34918649],[4.27776007]
[4.83632642],[1.36774214],[4.33002815]
[4.84815306],[1.37744058],[4.35268475]
[4.85386677],[1.39562298],[4.37676438]
[4.85607964],[1.41190808],[4.40022759]
[4.86318621],[1.42142332],[4.41251967]
[4.86369807],[1.4273538],[4.41194263]
[4.86051817],[1.42957766],[4.40872185]
[4.86098635],[1.42863567],[4.38403671]
[4.86570717],[1.41464811],[4.32560733]
[4.85853244],[1.3574036],[4.19382867]
[4.84840481],[1.29279578],[3.99462864]
[4.83058407],[1.24470786],[3.84129614]
[4.80494368],[1.20242835],[3.71993402]
[4.77573174],[1.16664729],[3.62605356]
[4.50715062],[1.13444526],[3.46544052]
[3.73351009],[1.10671628],[2.71664306]
[0.],[0.],[0.]
[0.26327375],[0.19579493],[0.02437907]
[0.],[0.],[0.]
[1.43634648],[1.13931217],[0.94513844]
[2.39809378],[1.0509958],[1.30200611]
[2.7498144],[1.19538803],[1.80300801]
[2.94197094],[1.07105665],[2.0069313]
[3.09983252],[1.21605886],[2.32082383]
[3.28163454],[1.20644396],[2.47952394]
[3.54710684],[1.23193165],[2.71340482]
[3.77033342],[1.25859076],[2.78340658]
[3.89488257],[1.28085484],[2.9400779]
[4.04412625],[1.29807816],[2.97541262]
[4.16431687],[1.31089208],[3.06893295]
[4.26058984],[1.32266142],[3.11817454]
[4.38712675],[1.32733469],[3.18190452]
[4.4371966],[1.32950777],[3.22743637]
[4.54974391],[1.32806638],[3.27867011]
[4.56640405],[1.32385027],[3.32470291]
[4.68614952],[1.30550427],[3.37990423]
[4.68141158],[1.28717379],[3.39298532]
[4.77834764],[1.26826217],[3.48520575]
[4.75787342],[1.24605416],[3.53437855]
[4.84126623],[1.23055867],[3.64878889]
[4.81250322],[1.21043971],[3.67442068]
[4.86800841],[1.187512],[3.75650398]
[4.82696493],[1.17170183],[3.77333528]
[4.88526802],[1.16148364],[3.85439815]
[4.8386477],[1.16189353],[3.88967422]
[4.89588001],[1.18185133],[3.94729472]
[4.87336057],[1.20483846],[4.00208181]
[4.92295078],[1.22049262],[4.07075622]
[4.91338359],[1.24426862],[4.1279209]
[4.94235743],[1.23674138],[4.1778765]
[4.94181301],[1.23782675],[4.20059514]
[4.96015081],[1.25093536],[4.24809794]
[4.9602653],[1.26573304],[4.27554677]
[4.94913585],[1.27767379],[4.31163897]
[4.95671736],[1.28782223],[4.36239071]
[4.96397979],[1.28684596],[4.39323359]
[4.97007491],[1.28452988],[4.4181683]
[4.97370577],[1.28170098],[4.43373545]
[4.97455262],[1.27913356],[4.45268303]
[4.97837992],[1.28756719],[4.45716925]
[4.97768866],[1.29876597],[4.45373639]
[4.97364886],[1.30768923],[4.45601571]
[4.97236995],[1.30947868],[4.43822223]
[4.97208928],[1.31121984],[4.40626782]
[4.96414578],[1.28077946],[4.31946573]
[4.9531595],[1.24017781],[4.18250113]
[4.93358808],[1.20275434],[4.04457]
[4.90555764],[1.16943207],[3.91316308]
[4.87312757],[1.14024025],[3.78066446]
[4.59261849],[1.11464821],[3.5790986]
[3.8147598],[1.09215968],[2.80051003]
[0.],[0.],[0.]
[0.],[0.],[0.]
[0.94854311],[0.45094081],[0.20836761]
[2.09167657],[1.15236159],[1.26736874]
[2.77016018],[1.07538511],[1.83507238]
[2.97538949],[1.22737257],[2.21527036]
[3.09441543],[1.19331635],[2.41321735]
[3.30903753],[1.27117174],[2.68199354]
[3.50590549],[1.27529852],[2.8005031]
[3.74289389],[1.30204078],[2.99240125]
[3.979253],[1.32698011],[3.06931697]
[4.11101973],[1.34378112],[3.20995828]
[4.23464593],[1.35003519],[3.26662056]
[4.35605772],[1.35212846],[3.34170633]
[4.42653014],[1.35269001],[3.36933844]
[4.56916785],[1.35346084],[3.43315871]
[4.59108623],[1.35303179],[3.47854809]
[4.71676319],[1.34923019],[3.57340963]
[4.71206238],[1.32694112],[3.57771089]
[4.83514638],[1.30785557],[3.68561884]
[4.84802834],[1.28966509],[3.73123816]
[4.92890829],[1.27435158],[3.85822511]
[4.91246313],[1.24883202],[3.92845225]
[4.97307107],[1.23676814],[4.03330128]
[4.94991177],[1.22126445],[4.07901421]
[4.99175162],[1.20960432],[4.12766398]
[4.95890481],[1.21919369],[4.18603022]
[5.00295304],[1.23894944],[4.21437475]
[4.96568445],[1.25902866],[4.28175223]
[5.00769353],[1.2753061],[4.30580695]
[4.99240865],[1.29244178],[4.37127977]
[5.02800792],[1.30429206],[4.4164152]
[5.02956812],[1.32454522],[4.46599878]
[5.03877021],[1.32096335],[4.50996112]
[5.04833796],[1.3188558],[4.52365183]
[5.05191714],[1.33103645],[4.57259062]
[5.06408446],[1.34055779],[4.59187296]
[5.04909952],[1.34704164],[4.62503507]
[5.05535618],[1.35491923],[4.66763552]
[5.06264976],[1.3561399],[4.6963425]
[5.0693404],[1.353815],[4.719096]
[5.07410556],[1.35109171],[4.73020065]
[5.07398664],[1.34882293],[4.74756236]
[5.07673919],[1.3454523],[4.75128477]
[5.07562159],[1.34001595],[4.74254863]
[5.0696367],[1.330207],[4.73859733]
[5.06477805],[1.32891365],[4.71646676]
[5.06073212],[1.32492625],[4.67398563]
[5.0522349],[1.28650559],[4.56833473]
[5.04080576],[1.25022116],[4.44408765]
[5.02582625],[1.22159564],[4.33142172]
[4.99956802],[1.19629289],[4.22420505]
[4.96622719],[1.16671786],[4.11685778]
[4.67814369],[1.14188057],[3.91637344]
[3.89826778],[1.11841519],[3.09744998]
[0.],[0.],[0.]
[0.75091203],[0.0698651],[0.02364592]
[1.20773105],[0.69203373],[0.73955983]
[2.52246594],[1.20307566],[1.73693668]
[2.93286878],[1.17517226],[2.2083015]
[3.08827431],[1.26755629],[2.52834317]
[3.19198444],[1.25645451],[2.68949298]
[3.48283488],[1.31330162],[2.93656177]
[3.69709374],[1.33293616],[3.04368467]
[3.91221681],[1.3618998],[3.25620755]
[4.1427536],[1.3807497],[3.33892444]
[4.30598752],[1.38220876],[3.46111521]
[4.40023192],[1.37885872],[3.50973071]
[4.54345743],[1.37907177],[3.5781392]
[4.60113025],[1.37820461],[3.6063397]
[4.7299242],[1.37975218],[3.70748562]
[4.73452907],[1.37956932],[3.71452297]
[4.84696636],[1.37789257],[3.84917027]
[4.84217383],[1.36503776],[3.88694302]
[4.94428692],[1.33542203],[4.01705285]
[4.95613008],[1.3189535],[4.10055407]
[5.02215338],[1.30494114],[4.25137458]
[5.00859463],[1.28768915],[4.34341106]
[5.06525593],[1.27590408],[4.40979922]
[5.04687047],[1.27293343],[4.46352748]
[5.08192414],[1.2898492],[4.50242209]
[5.05281277],[1.30877866],[4.55316488]
[5.08724241],[1.32523128],[4.57487375]
[5.0560938],[1.3422064],[4.63408327]
[5.08656852],[1.35581512],[4.65095838]
[5.07793945],[1.3677306],[4.70645718]
[5.10133909],[1.37779803],[4.74741451]
[5.10921772],[1.39352384],[4.7891017]
[5.10754324],[1.38874171],[4.83295655]
[5.1229505],[1.39044598],[4.85619621]
[5.11474811],[1.39960917],[4.90302678]
[5.13361964],[1.40560988],[4.91636244]
[5.10626856],[1.409582],[4.93453531]
[5.10076775],[1.41336375],[4.95436501]
[5.10384689],[1.41395532],[4.97370724]
[5.10661554],[1.41197488],[4.98908302]
[5.11043649],[1.4086471],[4.9951796]
[5.10811733],[1.40582924],[5.0055045]
[5.11015492],[1.40249171],[5.00653094]
[5.11177425],[1.39569563],[4.98686887]
[5.10442947],[1.38710228],[4.97780406]
[5.10094595],[1.37717844],[4.95364213]
[5.09789881],[1.36577602],[4.89959138]
[5.08947494],[1.33587947],[4.7700314]
[5.07751387],[1.3007154],[4.63830623]
[5.06606807],[1.26829643],[4.51661062]
[5.04189868],[1.23879471],[4.40422758]
[5.00957489],[1.20436788],[4.29627255]
[4.71997684],[1.17629749],[4.0941195]
[3.93991213],[1.14997386],[3.2708536]
[0.],[0.],[0.]
[0.],[0.],[0.]
[1.64598259],[0.57078028],[0.53090634]
[2.78665948],[1.00616796],[1.59957276]
[3.04385069],[0.98326595],[2.05926502]
[3.1872236],[1.07681931],[2.3488304]
[3.38030526],[1.15747917],[2.54117268]
[3.64894704],[1.18825288],[2.76022267]
[3.88390222],[1.23109198],[2.89417162]
[4.0895004],[1.27142597],[3.07957355]
[4.29864668],[1.27367448],[3.19298508]
[4.48216609],[1.25446138],[3.29096034]
[4.5400094],[1.23797346],[3.34971436]
[4.70679413],[1.2306761],[3.42794294]
[4.70074101],[1.21943745],[3.45109251]
[4.81053586],[1.21615298],[3.55842147]
[4.80646434],[1.20422197],[3.60434413]
[4.91489397],[1.19811182],[3.75642126]
[4.9121371],[1.1824179],[3.85633863]
[5.01255276],[1.17873016],[4.00805881]
[5.02617424],[1.191796],[4.15170012]
[5.08859457],[1.2228576],[4.26700217]
[5.07989745],[1.24666805],[4.37349934]
[5.12851099],[1.26003307],[4.41922315]
[5.11457715],[1.27502769],[4.49237692]
[5.14123332],[1.28920885],[4.51715686]
[5.11663817],[1.30497179],[4.58602042]
[5.14512743],[1.31957866],[4.59509523]
[5.11901185],[1.33476542],[4.66453604]
[5.14293996],[1.34760742],[4.67289823]
[5.14032644],[1.36066427],[4.7412826]
[5.15703004],[1.37420366],[4.78106632]
[5.17097834],[1.3872885],[4.82539755]
[5.16090071],[1.38761993],[4.87183745]
[5.18437922],[1.39018567],[4.88888999]
[5.17430355],[1.39640614],[4.93124235]
[5.18938362],[1.39988125],[4.93795843]
[5.17312819],[1.40082441],[4.94869553]
[5.16942516],[1.3996972],[4.95722984]
[5.1594561],[1.39711332],[4.95373367]
[5.15445592],[1.39222734],[4.95494753]
[5.1500168],[1.38728085],[4.94784619]
[5.14415277],[1.3839686],[4.9474079]
[5.14469312],[1.3827997],[4.94215467]
[5.14604352],[1.37869873],[4.92467759]
[5.13970469],[1.37306828],[4.90979765]
[5.13554824],[1.36385573],[4.88442554]
[5.13361601],[1.35181135],[4.83656544]
[5.12810651],[1.32234894],[4.72975419]
[5.11540638],[1.28419217],[4.62078624]
[5.10598363],[1.25379176],[4.51833953]
[5.08419231],[1.22745219],[4.41315726]
[5.05161647],[1.20099733],[4.31056776]
[4.76085272],[1.17620064],[4.10774098]
[3.98062125],[1.15203465],[3.30539177]
[0.],[0.],[0.]
[0.],[0.],[0.]
[1.96954103],[0.66867216],[0.80272845]
[2.92575108],[1.02607575],[1.87509332]
[3.11913851],[1.05826278],[2.26261094]
[3.33910007],[1.13334276],[2.52683454]
[3.53975114],[1.19524429],[2.6985455]
[3.78320092],[1.22296324],[2.90537268]
[4.0214241],[1.26314693],[3.05113623]
[4.21832712],[1.29772846],[3.21978042]
[4.40025394],[1.28062284],[3.32796794]
[4.591169],[1.26970564],[3.43208915]
[4.64223682],[1.26327997],[3.49544289]
[4.76016792],[1.25113284],[3.57719667]
[4.75502754],[1.24375448],[3.60913676]
[4.86606556],[1.24414086],[3.75696649]
[4.87225616],[1.23973314],[3.85073359]
[4.97633524],[1.23089418],[4.00857465]
[4.98225262],[1.21883148],[4.114416]
[5.07404062],[1.21588309],[4.25610488]
[5.09288812],[1.23784634],[4.38074621]
[5.14543669],[1.26492653],[4.47742384]
[5.14335813],[1.28597695],[4.58231908]
[5.18544159],[1.2994914],[4.6213291]
[5.18031314],[1.3145951],[4.69247099]
[5.19731979],[1.32745616],[4.71073034]
[5.18110963],[1.34482085],[4.78120971]
[5.20381992],[1.35891706],[4.79301729]
[5.19335179],[1.37379929],[4.85772592]
[5.21321301],[1.38616794],[4.86974575]
[5.22409382],[1.39815744],[4.9323794]
[5.23248241],[1.41034013],[4.97674654]
[5.24088516],[1.42287064],[5.0193139]
[5.245141],[1.42441304],[5.07095719]
[5.25869103],[1.42665074],[5.08352476]
[5.26391455],[1.4278876],[5.12552809]
[5.27813733],[1.42896354],[5.12467777]
[5.27312916],[1.42968876],[5.13066808]
[5.27306807],[1.42597038],[5.13233727]
[5.26234937],[1.42295407],[5.13266846]
[5.25632795],[1.4179335],[5.1383059]
[5.2478767],[1.4136799],[5.1353709]
[5.23884037],[1.40901064],[5.13074057]
[5.23163964],[1.40514752],[5.11963754]
[5.22297788],[1.39959859],[5.09914468]
[5.20988506],[1.39374049],[5.07831758]
[5.20013705],[1.3839035],[5.04996348]
[5.19672528],[1.3663539],[4.97922301]
[5.19264934],[1.33698864],[4.86987196]
[5.18008366],[1.30652076],[4.76425054]
[5.17517185],[1.27790027],[4.66500558]
[5.15781396],[1.25292409],[4.5618713]
[5.12149867],[1.22741427],[4.45765217]
[4.82667711],[1.20413452],[4.2515442]
[4.04605505],[1.18154268],[3.43436785]
[0.],[0.],[0.]
[0.],[0.],[0.]
[2.09941948],[0.6740957],[1.02223294]
[2.98628837],[1.046979],[2.05102738]
[3.17247073],[1.14979578],[2.41357304]
[3.44797801],[1.20828629],[2.6726033]
[3.66098828],[1.25541806],[2.8365233]
[3.888511],[1.29311166],[3.05450423]
[4.12765534],[1.33921758],[3.21485321]
[4.32912474],[1.34537684],[3.37113825]
[4.48798901],[1.31872657],[3.46028766]
[4.69932558],[1.3081001],[3.59150626]
[4.69692089],[1.30127336],[3.64067357]
[4.82178633],[1.2958688],[3.77126748]
[4.81849968],[1.28863863],[3.84987938]
[4.92476493],[1.2884191],[4.00538974]
[4.93534166],[1.28206581],[4.11262669]
[5.03593737],[1.26646196],[4.26258806]
[5.04511445],[1.25407059],[4.37210299]
[5.13002497],[1.25427334],[4.49870828]
[5.15734127],[1.28158449],[4.62402128]
[5.20363922],[1.30560578],[4.70633583]
[5.20983753],[1.32060462],[4.80108966]
[5.25223265],[1.33311794],[4.83505886]
[5.26829317],[1.34719141],[4.90441737]
[5.28465459],[1.3627875],[4.92783279]
[5.28042333],[1.38004769],[4.99578896]
[5.29501581],[1.39345268],[5.01070054]
[5.29641929],[1.40794514],[5.07280851]
[5.30326832],[1.42007837],[5.08730242]
[5.32384985],[1.43298483],[5.15563969]
[5.32140029],[1.44515574],[5.20274981]
[5.33613039],[1.45955564],[5.27770803]
[5.33404906],[1.46049206],[5.32656478]
[5.35601404],[1.46262258],[5.3714839]
[5.35251958],[1.462001],[5.40277389]
[5.37505663],[1.46234436],[5.40087613]
[5.36774851],[1.4616746],[5.40308406]
[5.37011604],[1.458915],[5.40410158]
[5.3539279],[1.45612284],[5.38808512]
[5.34403177],[1.45152058],[5.37279269]
[5.33530876],[1.44770662],[5.34916109]
[5.32377044],[1.44305039],[5.33802218]
[5.31309261],[1.43819963],[5.32184938]
[5.30063241],[1.43201134],[5.30041215]
[5.28773762],[1.42663532],[5.28209847]
[5.27359236],[1.41702857],[5.24942377]
[5.26163522],[1.39044013],[5.15285826]
[5.24814831],[1.3644291],[5.04860524]
[5.23159965],[1.33633133],[4.93576203]
[5.22011742],[1.31114194],[4.82801703]
[5.20449892],[1.2871803],[4.72704307]
[5.16990825],[1.26273084],[4.62013089]
[4.87050923],[1.24042419],[4.41014166]
[4.0859792],[1.22015047],[3.58358259]
[0.],[0.],[0.]
[0.],[0.],[0.]
[2.23763682],[0.92442189],[1.26595885]
[3.04548082],[1.12721773],[2.21290732]
[3.22967308],[1.21607543],[2.53692888]
[3.55766962],[1.26021336],[2.80208425]
[3.77431038],[1.30484399],[2.95568904]
[3.99727115],[1.33365508],[3.15991866]
[4.21991658],[1.36183797],[3.32219274]
[4.42101334],[1.37166082],[3.47773041]
[4.58561046],[1.36746498],[3.58385447]
[4.76369106],[1.35421575],[3.73118021]
[4.76195436],[1.34707168],[3.79496878]
[4.88443049],[1.34270263],[3.94096242]
[4.88676617],[1.33422293],[4.03976922]
[4.98804717],[1.33255959],[4.18991404]
[4.99970744],[1.31497491],[4.29539707]
[5.09486483],[1.29987811],[4.44985354]
[5.11333218],[1.28649432],[4.57402387]
[5.19064568],[1.28240125],[4.67907562]
[5.23148037],[1.30918253],[4.80416013]
[5.28555733],[1.333754],[4.88533789]
[5.31361707],[1.3492837],[4.98129972]
[5.34908425],[1.36257211],[5.01800546]
[5.38003581],[1.37713066],[5.08950731]
[5.3863909],[1.39091966],[5.11861082]
[5.39458947],[1.40785503],[5.18707983]
[5.39630837],[1.42193745],[5.2123673]
[5.40846218],[1.43805383],[5.28560356]
[5.40104148],[1.45108879],[5.32558457]
[5.43612332],[1.46808906],[5.42468848]
[5.4224494],[1.4833984],[5.50343099]
[5.44526703],[1.50032408],[5.57686796]
[5.43661095],[1.50318355],[5.6515932]
[5.46830822],[1.50243034],[5.683276]
[5.45625798],[1.49844739],[5.72979278]
[5.50861686],[1.49502074],[5.71081668]
[5.49618369],[1.49105765],[5.6961656]
[5.49848653],[1.488136],[5.67524828]
[5.46005803],[1.48427761],[5.6445983]
[5.44384868],[1.47933872],[5.61871529]
[5.43362977],[1.4748539],[5.59699155]
[5.42126374],[1.47039319],[5.57149481]
[5.40680793],[1.46545365],[5.53844445]
[5.39199132],[1.45829233],[5.48721334]
[5.37593795],[1.45374032],[5.45015417]
[5.36002243],[1.44110981],[5.39302723]
[5.34339643],[1.41191692],[5.29458837]
[5.32817044],[1.38656857],[5.19186485]
[5.31017919],[1.35913333],[5.07917021]
[5.29645451],[1.33339722],[4.97055387]
[5.27837777],[1.30936529],[4.86147165]
[5.22862874],[1.2855952],[4.74635341]
[4.91852098],[1.26368483],[4.53202731]
[4.13255155],[1.24591111],[3.69615583]
[0.],[0.],[0.]
[0.],[0.],[0.]
[2.28161038],[0.57407339],[0.95715066]
[3.10266186],[0.90344861],[1.91995186]
[3.34340931],[1.0245352],[2.29107615]
[3.65293144],[1.08488261],[2.53645029]
[3.8856977],[1.15113354],[2.75078903]
[4.09919197],[1.18141083],[2.94660184]
[4.30083527],[1.19140865],[3.13226988]
[4.51687932],[1.19735519],[3.28741776]
[4.65485087],[1.1924139],[3.41798236]
[4.82979898],[1.19093173],[3.56451064]
[4.8348621],[1.19481326],[3.69964966]
[4.9481536],[1.19880015],[3.83281292]
[4.9562994],[1.20102839],[3.98051283]
[5.05360623],[1.20812214],[4.13102874]
[5.065529],[1.19707047],[4.27248194]
[5.15562153],[1.21319783],[4.40928806]
[5.18134249],[1.24195214],[4.55744302]
[5.26517468],[1.26912574],[4.66548405]
[5.34423932],[1.30123195],[4.81213751]
[5.38635581],[1.33053966],[4.90425179]
[5.4312601],[1.35401071],[5.0220142]
[5.46085071],[1.37337567],[5.10989686]
[5.5094327],[1.39426197],[5.2066308]
[5.499293],[1.41301947],[5.30506492]
[5.52753237],[1.43487025],[5.39709808]
[5.53018602],[1.45266682],[5.488802]
[5.56088931],[1.47203408],[5.57946426]
[5.55123292],[1.48646018],[5.664041]
[5.62122293],[1.50543296],[5.78333696]
[5.64171716],[1.52126719],[5.88652217]
[5.7140161],[1.54108812],[5.98274624]
[5.7297551],[1.53628488],[6.03664027]
[5.79046134],[1.53247025],[6.06659662]
[5.83195128],[1.52542411],[6.11122865]
[5.87453498],[1.52001153],[6.09634192]
[5.93261089],[1.51235516],[6.05915236]
[5.93494683],[1.50450834],[6.00013076]
[5.8791974],[1.49193663],[5.90185429]
[5.77123728],[1.47962086],[5.81361199]
[5.66934417],[1.47084648],[5.73436273]
[5.59224389],[1.4656817],[5.6722467]
[5.54938204],[1.460118],[5.62766956]
[5.50818043],[1.4520736],[5.57755978]
[5.47726289],[1.44424418],[5.52664904]
[5.45946541],[1.4298858],[5.4503455]
[5.43923162],[1.40173378],[5.33865675]
[5.41859594],[1.37646887],[5.22381661]
[5.39802252],[1.35156189],[5.12050665]
[5.38133773],[1.32789661],[5.02450603]
[5.36387233],[1.30765931],[4.93047431]
[5.31831216],[1.28872341],[4.82349545]
[4.98331538],[1.27180868],[4.60054526]
[4.17973229],[1.2554863],[3.76867026]
[0.],[0.],[0.]
[0.],[0.],[0.]
[2.31569192],[0.64179669],[1.08806925]
[3.14562107],[0.97752328],[2.06423729]
[3.41724923],[1.08916445],[2.41751183]
[3.73156127],[1.14540272],[2.6712098]
[3.98886341],[1.20505862],[2.90261295]
[4.16528864],[1.20200003],[3.05652326]
[4.36926237],[1.21071879],[3.24561016]
[4.58356589],[1.21699826],[3.42067965]
[4.72101192],[1.21336832],[3.5581471]
[4.88754195],[1.21553541],[3.72030894]
[4.90209062],[1.22235891],[3.88069277]
[5.00928235],[1.22926972],[4.02731294]
[5.02627446],[1.23468195],[4.18741625]
[5.11598285],[1.24031863],[4.3594164]
[5.1366888],[1.23184422],[4.49851882]
[5.21997235],[1.25607518],[4.63103782]
[5.27840095],[1.28785025],[4.80269228]
[5.36589262],[1.32645277],[4.95103821]
[5.4732576],[1.37534989],[5.14423046]
[5.50363831],[1.41320624],[5.28959802]
[5.59935271],[1.43822833],[5.50392342]
[5.68289182],[1.45805993],[5.67275692]
[5.79536045],[1.47955475],[5.80083842]
[5.88337955],[1.49825105],[5.90441384]
[5.89320798],[1.51860128],[6.01191792]
[5.96779837],[1.53393487],[6.10669449]
[5.9755818],[1.55360182],[6.20713068]
[6.05136212],[1.56308536],[6.31531914]
[6.06679877],[1.58088811],[6.43043778]
[6.14426135],[1.5889212],[6.56546055]
[6.14983749],[1.60169136],[6.64429045]
[6.22932941],[1.59752407],[6.75601068]
[6.22229797],[1.59460118],[6.78574249]
[6.31327816],[1.59007185],[6.84159936]
[6.31143949],[1.57899909],[6.81978244]
[6.38765475],[1.56839811],[6.8024811]
[6.39783218],[1.55860747],[6.7268324]
[6.39311665],[1.54584652],[6.61398201]
[6.32548946],[1.53195472],[6.46137395]
[6.2286081],[1.51881456],[6.31253953]
[6.12278613],[1.50669502],[6.17844114]
[6.0151246],[1.49463695],[6.05466476]
[5.89729561],[1.48117207],[5.94494051]
[5.7693031],[1.47106571],[5.83489041]
[5.69471004],[1.45493668],[5.72396418]
[5.63604562],[1.42744309],[5.60797469]
[5.58314069],[1.3996251],[5.48426175]
[5.52066052],[1.3723911],[5.3325305]
[5.49635979],[1.34986184],[5.21512213]
[5.47719687],[1.332012],[5.11975871]
[5.44959276],[1.31319793],[5.01567036]
[5.09526347],[1.2972873],[4.78304052]
[4.26785198],[1.280891],[3.92199991]
[0.],[0.],[0.]
[0.],[0.],[0.]
[2.34070127],[0.74925736],[1.18442878]
[3.18199882],[1.05779363],[2.16639571]
[3.49167258],[1.13650261],[2.50906418]
[3.8121428],[1.19136503],[2.7801505]
[4.06514977],[1.23519178],[3.01094927]
[4.24863822],[1.24780704],[3.19312286]
[4.44061278],[1.25436035],[3.40061341]
[4.6631979],[1.25979446],[3.57926336]
[4.80096868],[1.25823019],[3.74424904]
[4.96077199],[1.26115784],[3.95501625]
[4.97521346],[1.26711859],[4.13503808]
[5.07713172],[1.27344493],[4.30350524]
[5.10089407],[1.27934518],[4.48076823]
[5.18942099],[1.2843648],[4.63723155]
[5.22660868],[1.28943025],[4.82323348]
[5.32888643],[1.33343287],[5.00527398]
[5.41819114],[1.3826645],[5.2415208]
[5.51050516],[1.42411149],[5.45924145]
[5.67047846],[1.4840127],[5.71521596]
[5.82040575],[1.49996026],[5.96428076]
[5.95001305],[1.53099462],[6.18471414]
[6.12269317],[1.54153981],[6.37218412]
[6.21196722],[1.57201868],[6.52527452]
[6.37264056],[1.57639178],[6.66972269]
[6.33480232],[1.610609],[6.76761116]
[6.44319996],[1.60471955],[6.9212685]
[6.42294993],[1.64152837],[7.00620874]
[6.51016837],[1.62909255],[7.14922687]
[6.51547701],[1.66519742],[7.27213058]
[6.5827787],[1.66319485],[7.45275621]
[6.60796126],[1.68390126],[7.56719702]
[6.64656584],[1.68840473],[7.68019675]
[6.67840263],[1.68508882],[7.74041365]
[6.71293174],[1.68026737],[7.78978367]
[6.76728075],[1.66554652],[7.78863008]
[6.78722603],[1.65140032],[7.76995489]
[6.85518121],[1.63454386],[7.68688809]
[6.82764799],[1.61397067],[7.55174108]
[6.80698679],[1.59883427],[7.36366993]
[6.71282343],[1.58361157],[7.17950213]
[6.60670869],[1.57055476],[6.98790695]
[6.50253245],[1.55062787],[6.81745791]
[6.40321548],[1.53625096],[6.64448416]
[6.28219905],[1.52221063],[6.43857608]
[6.15585173],[1.49675354],[6.23498761]
[6.03066298],[1.46509122],[6.03306931]
[5.90716639],[1.43538227],[5.85374216]
[5.78341763],[1.40504604],[5.66810921]
[5.71172493],[1.38061879],[5.51161454]
[5.65767524],[1.36110987],[5.35041165]
[5.59885028],[1.3435692],[5.22306758]
[5.20058597],[1.32843346],[4.97809558]
[4.35981663],[1.31301556],[4.10250018]
[0.],[0.],[0.]
[0.],[0.],[0.]
[2.36777292],[0.85743229],[1.28254349]
[3.21948914],[1.12260887],[2.26070165]
[3.56250511],[1.21634713],[2.6425948]
[3.88221863],[1.26312753],[2.91854221]
[4.13649058],[1.2935628],[3.14270249]
[4.3299037],[1.30201036],[3.35293653]
[4.51557043],[1.30536132],[3.56209159]
[4.74679947],[1.30947767],[3.73436824]
[4.88496263],[1.30619848],[3.92785564]
[5.03658182],[1.30788381],[4.1520675]
[5.05882167],[1.31857852],[4.38319407]
[5.16527117],[1.33675464],[4.59149158]
[5.20319762],[1.35180088],[4.81850833]
[5.28539174],[1.35652448],[5.0053554]
[5.35740411],[1.38451997],[5.25394817]
[5.47789415],[1.42928551],[5.49470408]
[5.62094628],[1.4954282],[5.7971014]
[5.81960712],[1.52343484],[6.0998253]
[6.036599],[1.58085317],[6.39173005]
[6.28463311],[1.58863669],[6.61513809]
[6.35794939],[1.62601648],[6.87828524]
[6.55082812],[1.63007402],[7.1721295]
[6.65242938],[1.66709239],[7.39275374]
[6.7943935],[1.67369678],[7.57386946]
[6.8164131],[1.69547507],[7.69926249]
[6.86881739],[1.69162061],[7.84360735]
[6.89251379],[1.72021539],[8.02419121]
[6.93165741],[1.71820134],[8.15552648]
[6.99893925],[1.7442766],[8.366664]
[7.00544188],[1.7494647],[8.52235146]
[7.08200254],[1.76784728],[8.68653505]
[7.06272777],[1.77003887],[8.79526186]
[7.13553898],[1.76441913],[8.88308862]
[7.13070579],[1.75645644],[8.9513148]
[7.21042313],[1.74166064],[8.95937416]
[7.22531177],[1.72703188],[8.93328197]
[7.28776151],[1.71268729],[8.87629411]
[7.28271241],[1.68972264],[8.68583516]
[7.26161679],[1.67191874],[8.46423565]
[7.20413648],[1.65673534],[8.20767735]
[7.09844732],[1.64505123],[7.95260439]
[6.99820792],[1.62582318],[7.73187106]
[6.88414563],[1.61057097],[7.49649967]
[6.76515165],[1.58502414],[7.25326479]
[6.64824048],[1.54918527],[6.98737579]
[6.52587073],[1.51685892],[6.73766809]
[6.40714777],[1.48457175],[6.48203981]
[6.27822388],[1.44944188],[6.20270541]
[6.15177856],[1.41837184],[5.95888764]
[6.02044436],[1.39104063],[5.72841672]
[5.88568873],[1.36988996],[5.49253773]
[5.40440956],[1.35332111],[5.16010999]
[4.45828001],[1.33836475],[4.25698035]
[0.],[0.],[0.]
[0.],[0.],[0.]
[2.39057148],[0.70194103],[1.13523851]
[3.25010379],[0.96556912],[2.08447579]
[3.61162831],[1.06758899],[2.48415128]
[3.93308867],[1.11850523],[2.74818664]
[4.1834012],[1.16608193],[3.01169993]
[4.38331589],[1.17951133],[3.23862105]
[4.56752189],[1.19087373],[3.467865]
[4.80892137],[1.20293468],[3.66064144]
[4.95566187],[1.21475647],[3.93868261]
[5.11011213],[1.23297581],[4.24789462]
[5.13807225],[1.25915721],[4.53947688]
[5.24882364],[1.27859631],[4.77911637]
[5.29802814],[1.33947008],[5.05259779]
[5.4142602],[1.38943862],[5.29273704]
[5.53629706],[1.4444189],[5.57468369]
[5.66613641],[1.48341683],[5.92741504]
[5.92323958],[1.54320267],[6.28933457]
[6.175195],[1.56725868],[6.550231]
[6.36495372],[1.61463597],[6.86682848]
[6.63008373],[1.62794762],[7.19641301]
[6.75381087],[1.66335625],[7.56454988]
[6.89455281],[1.66945863],[7.81523991]
[7.03140853],[1.70326355],[8.19184289]
[7.16730558],[1.71056042],[8.42849798]
[7.23640984],[1.73084952],[8.65184864]
[7.27045598],[1.73441084],[8.79913466]
[7.3018449],[1.75615568],[9.00832181]
[7.34018586],[1.76139116],[9.1686937]
[7.40538601],[1.78145675],[9.41032058]
[7.42475211],[1.79170368],[9.61301067]
[7.46632642],[1.80370724],[9.80073859]
[7.49628723],[1.80377408],[9.97193425]
[7.52721887],[1.79817227],[10.08204309]
[7.57443091],[1.78928608],[10.15279684]
[7.59357472],[1.77668996],[10.15641038]
[7.66472565],[1.76030872],[10.10714859]
[7.67602117],[1.74480413],[10.02678133]
[7.72479214],[1.72526955],[9.86003844]
[7.67812103],[1.70796797],[9.59349569]
[7.66239991],[1.68870537],[9.2832559]
[7.56748296],[1.67366914],[8.96115141]
[7.45925009],[1.65510974],[8.66878406]
[7.3545322],[1.63980715],[8.41532595]
[7.23546889],[1.61769956],[8.11583248]
[7.1240694],[1.57955851],[7.79963781]
[7.00423735],[1.5446367],[7.49378832]
[6.87832988],[1.51465491],[7.18578561]
[6.75157278],[1.48549391],[6.90949066]
[6.6316313],[1.45964151],[6.64276954]
[6.51267679],[1.43459979],[6.34425594]
[6.37735902],[1.40875413],[6.01431764]
[5.94116438],[1.38731652],[5.62457962]
[4.8537761],[1.36686656],[4.5688544]
[0.],[0.],[0.]
[0.],[0.],[0.]
[2.39341034],[0.77525685],[1.27593326]
[3.23701145],[1.0636551],[2.2355437]
[3.61423158],[1.13487376],[2.60061808]
[3.93225852],[1.17566158],[2.86182525]
[4.18888692],[1.21495296],[3.1200946]
[4.39583494],[1.22514262],[3.36102751]
[4.58138597],[1.23845989],[3.59527005]
[4.83364034],[1.25285571],[3.82795968]
[4.97824353],[1.26514068],[4.17033451]
[5.14148872],[1.28457815],[4.51334425]
[5.18183647],[1.3042485],[4.84260254]
[5.29587686],[1.35689822],[5.09470491]
[5.38912931],[1.41585787],[5.40054086]
[5.51421097],[1.45964239],[5.66766151]
[5.64625706],[1.52958384],[6.04117827]
[5.86836613],[1.56419915],[6.38644583]
[6.10746981],[1.62115177],[6.78421376]
[6.39088898],[1.6493687],[7.06517083]
[6.56824924],[1.68664494],[7.45397215]
[6.82101376],[1.71094729],[7.83119455]
[6.9773651],[1.73406606],[8.21017028]
[7.09662418],[1.74863478],[8.59048171]
[7.24792401],[1.77067851],[9.02268241]
[7.39677305],[1.7831475],[9.36644946]
[7.45831198],[1.79746177],[9.62399814]
[7.5291381],[1.80366989],[9.86494654]
[7.52586415],[1.81962414],[10.11510154]
[7.59701931],[1.82680508],[10.32471471]
[7.63281778],[1.83910085],[10.61140556]
[7.68953996],[1.85257239],[10.80585168]
[7.70330706],[1.86943773],[10.99526134]
[7.76557819],[1.90064672],[11.13548556]
[7.76771527],[1.91126873],[11.22775305]
[7.84665391],[1.898518],[11.30417645]
[7.83688138],[1.88175595],[11.35069242]
[7.92623051],[1.86024954],[11.31464013]
[7.93195248],[1.82304304],[11.27712452]
[7.97501929],[1.78573657],[11.13651831]
[7.93978955],[1.76860246],[10.83182024]
[7.92853777],[1.75146996],[10.41535221]
[7.87276128],[1.73640921],[10.058777]
[7.76346359],[1.71846605],[9.74979902]
[7.65466642],[1.70454885],[9.45205516]
[7.53311804],[1.67638925],[9.09991006]
[7.41464422],[1.64085682],[8.73392431]
[7.29126512],[1.60870525],[8.40556727]
[7.16823843],[1.57753667],[8.11267887]
[7.03936579],[1.54773499],[7.81999907]
[6.93362462],[1.52106109],[7.52953344]
[6.83082806],[1.4972429],[7.22674471]
[6.71651959],[1.47298365],[6.87403789]
[6.302802],[1.45063621],[6.39051048]
[5.32639497],[1.42924536],[5.1856274]
[0.],[0.],[0.]
[0.01907677],[0.00593653],[0.]
[2.41020121],[0.88725079],[1.3671562]
[3.25741804],[1.15559804],[2.35424104]
[3.64436003],[1.21393645],[2.73491323]
[3.96141819],[1.24956485],[2.99774912]
[4.21702036],[1.28452949],[3.26242596]
[4.43389569],[1.29784387],[3.5273792]
[4.62517603],[1.31282148],[3.80094687]
[4.88061906],[1.32817233],[4.11167575]
[5.02883783],[1.33693358],[4.51562451]
[5.21022444],[1.35459745],[4.86842072]
[5.2813261],[1.38781797],[5.22289138]
[5.40706047],[1.43580974],[5.50001349]
[5.52459226],[1.50660201],[5.81058324]
[5.64802056],[1.55814126],[6.17134305]
[5.83911515],[1.62099611],[6.56702921]
[6.1020083],[1.66185824],[6.86115406]
[6.31767504],[1.70962774],[7.27576162]
[6.60250636],[1.7419092],[7.65772783]
[6.80844451],[1.76461593],[8.07462441]
[7.05055907],[1.78201463],[8.44246716]
[7.23671995],[1.7990585],[8.91532145]
[7.35375344],[1.81404291],[9.33279579]
[7.48155528],[1.82802698],[9.78940428]
[7.65849796],[1.84280631],[10.23508137]
[7.71019547],[1.84784017],[10.53864961]
[7.80764818],[1.85852858],[10.76620954]
[7.77072331],[1.87742626],[11.03339497]
[7.86871312],[1.8854023],[11.23951566]
[7.88123249],[1.90479019],[11.53676348]
[7.95503278],[1.93750109],[11.73549595]
[7.94677753],[1.9569998],[11.99247974]
[8.01936336],[1.98577456],[12.16335454]
[8.02305444],[1.99696751],[12.2899658]
[8.0865065],[1.98628629],[12.37430199]
[8.09581696],[1.97200397],[12.39750863]
[8.15487019],[1.95737818],[12.38409716]
[8.18807332],[1.92299904],[12.31163518]
[8.201343],[1.88605179],[12.20346441]
[8.18939361],[1.84965203],[11.97133013]
[8.15920667],[1.81087851],[11.64761965]
[8.12831558],[1.79387098],[11.26327542]
[8.03678663],[1.7774369],[10.8659879]
[7.94002425],[1.76249757],[10.4835383]
[7.84350455],[1.73517883],[10.12602132]
[7.74268414],[1.7025256],[9.80416895]
[7.63935126],[1.66985882],[9.48266327]
[7.53613256],[1.64028787],[9.15869919]
[7.42702609],[1.61225464],[8.79696914]
[7.32326242],[1.57598074],[8.41380502]
[7.21670461],[1.54749981],[8.11288154]
[7.10495309],[1.52247931],[7.7883302]
[6.68595046],[1.50075083],[7.19248903]
[5.76819041],[1.47907981],[5.93788588]
[0.],[0.],[0.]
[0.25663973],[0.15282662],[0.01550137]
[2.42706985],[1.05491953],[1.48318112]
[3.27828927],[1.25578918],[2.47864077]
[3.67512902],[1.31043719],[2.86301712]
[3.99484737],[1.33823],[3.13402744]
[4.2515112],[1.3669423],[3.41664173]
[4.47356145],[1.38079211],[3.71073727]
[4.66871518],[1.39452927],[4.03766463]
[4.92635817],[1.40511056],[4.39102278]
[5.10627028],[1.41426303],[4.83934916]
[5.31075558],[1.43544649],[5.21873152]
[5.3974197],[1.47133351],[5.58969616]
[5.52844093],[1.55054335],[5.8976799]
[5.67345026],[1.61529585],[6.28014902]
[5.79714563],[1.67164363],[6.6224211]
[6.05314835],[1.72844866],[7.05444364]
[6.34748471],[1.77690148],[7.40131411]
[6.54110019],[1.8193459],[7.85394709]
[6.82220624],[1.8453935],[8.26408676]
[7.05196148],[1.86355437],[8.68194542]
[7.28809921],[1.87725894],[9.11086897]
[7.46805212],[1.89010751],[9.6506371]
[7.62144411],[1.89898184],[10.08456692]
[7.71738279],[1.9054938],[10.65057199]
[7.92327928],[1.91100671],[11.10669553]
[7.96173174],[1.92299262],[11.45006992]
[8.07055545],[1.93081101],[11.73063215]
[8.02415394],[1.95520971],[12.05320999]
[8.11814886],[1.97730107],[12.32625574]
[8.14582133],[2.01128202],[12.66077997]
[8.20353014],[2.0360694],[12.89970486]
[8.22439166],[2.05814629],[13.11528402]
[8.26524643],[2.07862951],[13.28554906]
[8.3000184],[2.08390912],[13.39226431]
[8.33855197],[2.08072227],[13.51448014]
[8.37636764],[2.07214203],[13.56144017]
[8.40016386],[2.05918746],[13.58428544]
[8.47111938],[2.03074332],[13.56325294]
[8.47018263],[2.0004876],[13.50027279]
[8.49539636],[1.9686497],[13.3179869]
[8.46235362],[1.93136529],[13.00264167]
[8.46135264],[1.89070089],[12.63709254]
[8.41688198],[1.85233539],[12.28518109]
[8.3275114],[1.82548639],[11.88463253]
[8.23098377],[1.79098161],[11.43451218]
[8.13135555],[1.75770199],[10.99314167]
[8.02762801],[1.73027224],[10.53627354]
[7.92498856],[1.7023371],[10.17505396]
[7.81488934],[1.67284556],[9.81449868]
[7.70865899],[1.63796546],[9.46198055]
[7.60426597],[1.60508283],[9.09362114]
[7.49075582],[1.57949564],[8.70279799]
[7.05333971],[1.55245183],[8.07245735]
[6.18775399],[1.52921908],[6.73893861]
[0.],[0.],[0.]
[0.45834454],[0.12715151],[0.02588934]
[2.4471459],[0.83740238],[1.25706032]
[3.30298262],[1.06758161],[2.25171717]
[3.71977267],[1.16169712],[2.70162923]
[4.03812233],[1.21748666],[2.99845448]
[4.29388727],[1.27042926],[3.33914315]
[4.52485919],[1.2936671],[3.66022992]
[4.73320955],[1.31287751],[4.05465585]
[5.01157961],[1.32584295],[4.4598626]
[5.20114559],[1.34336208],[4.93101977]
[5.40211451],[1.3996696],[5.31430241]
[5.49997847],[1.48200137],[5.70838457]
[5.65018231],[1.53009111],[6.11052206]
[5.79437679],[1.61050363],[6.57306397]
[5.99121349],[1.66284782],[6.88109152]
[6.22947594],[1.71775836],[7.30931336]
[6.54942537],[1.75920811],[7.75258072]
[6.74644261],[1.80027254],[8.22108978]
[7.01485434],[1.82610288],[8.63682134]
[7.26957329],[1.84510338],[9.09641433]
[7.51488757],[1.85779242],[9.63557021]
[7.69373875],[1.86915447],[10.15700886]
[7.88561125],[1.88011237],[10.72903364]
[7.96121532],[1.912219],[11.3132981]
[8.17595948],[1.93398615],[11.86800487]
[8.23562886],[1.96367394],[12.35398071]
[8.33899236],[1.99654894],[12.70688331]
[8.32948551],[2.03456955],[13.03987278]
[8.38693391],[2.06291686],[13.32515436]
[8.45430817],[2.09251335],[13.70316509]
[8.47147368],[2.11512951],[13.94952461]
[8.5421177],[2.13558241],[14.18444591]
[8.56480191],[2.15155798],[14.37533652]
[8.65025423],[2.15036895],[14.5235666]
[8.67035949],[2.14496684],[14.73863775]
[8.74928351],[2.13624419],[14.78728399]
[8.75631797],[2.12259774],[14.84190274]
[8.8578711],[2.09781343],[14.85548407]
[8.84075812],[2.07109483],[14.77416051]
[8.86110864],[2.04309299],[14.61822758]
[8.83594822],[2.01243269],[14.33423071]
[8.82385293],[1.97642401],[13.97756265]
[8.79924439],[1.94234959],[13.56918026]
[8.71739641],[1.9040927],[13.06879504]
[8.62079401],[1.86114353],[12.57756688]
[8.51920586],[1.81389629],[12.14037519]
[8.41432989],[1.76606182],[11.70951396]
[8.31046731],[1.72379414],[11.2816841]
[8.19931844],[1.69773128],[10.86227179]
[8.09306363],[1.66625409],[10.42680046]
[7.98945222],[1.63954682],[9.98509514]
[7.8787127],[1.61508562],[9.56285187]
[7.42571899],[1.58789978],[8.95235989]
[6.57266243],[1.56265049],[7.54234874]
[0.],[0.],[0.]
[0.38428835],[0.12343271],[0.02049267]
[2.44164675],[0.91463591],[1.37033264]
[3.29094115],[1.15588886],[2.39751909]
[3.71025537],[1.23113347],[2.83264023]
[4.04327632],[1.28249445],[3.15024652]
[4.30991951],[1.32658882],[3.50475971]
[4.56139596],[1.34401388],[3.8421337]
[4.7657635],[1.3469113],[4.23111514]
[5.0444915],[1.36118935],[4.68864145]
[5.24363533],[1.40431144],[5.18651433]
[5.44743335],[1.47726833],[5.60589051]
[5.5649728],[1.56334731],[6.07344386]
[5.6979411],[1.63328031],[6.50611797]
[5.88888912],[1.70851477],[6.99812084]
[6.12693671],[1.75798153],[7.30769636]
[6.3488753],[1.80254802],[7.77220682]
[6.66137955],[1.84205597],[8.24337748]
[6.88285825],[1.88148332],[8.73276944]
[7.12894014],[1.90648805],[9.14899849]
[7.3916251],[1.92099139],[9.75387448]
[7.64688908],[1.93411541],[10.32666639]
[7.83210596],[1.94697138],[11.05129781]
[8.03956224],[1.96314384],[11.67305404]
[8.11208712],[1.99886103],[12.33828018]
[8.33272697],[2.04116464],[13.03694163]
[8.44498495],[2.0954914],[13.53745092]
[8.55978253],[2.11060794],[13.89888818]
[8.63119702],[2.16115783],[14.28232174]
[8.67552334],[2.17343778],[14.64977808]
[8.80491772],[2.21365123],[15.03557844]
[8.82075827],[2.23285743],[15.38779474]
[8.91487691],[2.25840568],[15.66012585]
[8.93276954],[2.26368525],[15.83593643]
[9.00170734],[2.25151384],[16.01249193]
[9.0518509],[2.23607107],[16.1552222]
[9.10527647],[2.21971694],[16.23250723]
[9.16708686],[2.19965304],[16.27088027]
[9.21905857],[2.17813459],[16.29651827]
[9.27176586],[2.15527132],[16.24931218]
[9.24017621],[2.1288376],[16.10077324]
[9.24872434],[2.10074272],[15.83797385]
[9.21146069],[2.06875081],[15.48224002]
[9.19701891],[2.03796692],[15.07065001]
[9.14231489],[2.00482081],[14.59588065]
[9.01581967],[1.96303016],[14.07176983]
[8.91189103],[1.92003887],[13.58394722]
[8.80466436],[1.8786197],[13.06773812]
[8.69973761],[1.83297909],[12.55130918]
[8.58933015],[1.77386559],[12.07030757]
[8.4838149],[1.71501287],[11.63996897]
[8.38026904],[1.68918408],[11.22323745]
[8.27206931],[1.665611],[10.74807789]
[7.80528808],[1.64052651],[10.03047078]
[6.9553214],[1.61661511],[8.4928532]
[0.],[0.],[0.]
[0.60818833],[0.32487605],[0.09056817]
[2.4752047],[1.08337911],[1.52341958]
[3.33489615],[1.27523113],[2.57642793]
[3.77727525],[1.33240587],[3.01745559]
[4.11999435],[1.35708263],[3.34372854]
[4.38759582],[1.38809688],[3.69973975]
[4.65054956],[1.40267774],[4.09082425]
[4.86901694],[1.41506169],[4.57044555]
[5.1377542],[1.43860619],[5.03775289]
[5.34062833],[1.5119623],[5.5453751]
[5.55062181],[1.60456922],[5.97311645]
[5.68392237],[1.68694647],[6.54585524]
[5.79739098],[1.75884443],[6.97035272]
[6.05749055],[1.83212036],[7.46940004]
[6.31924024],[1.87467649],[7.87648224]
[6.5203636],[1.91761383],[8.37162095]
[6.83499171],[1.95545992],[8.91361705]
[7.07023901],[1.98867488],[9.42193449]
[7.31255309],[2.00785944],[9.99133992]
[7.58303347],[2.01899898],[10.71357398]
[7.87680632],[2.03030121],[11.46770225]
[8.07144049],[2.04479127],[12.23875076]
[8.29016892],[2.08694113],[12.89270949]
[8.41959129],[2.16525353],[13.67681334]
[8.60810872],[2.19850498],[14.30392945]
[8.76756432],[2.23635622],[14.85995858]
[8.86624892],[2.25101936],[15.37115759]
[8.94795128],[2.28704758],[15.77570578]
[9.00128123],[2.29886269],[16.11619218]
[9.10297971],[2.32378077],[16.5417394]
[9.14673404],[2.34305688],[16.8371974]
[9.20819979],[2.36159298],[17.13886875]
[9.27540579],[2.37061997],[17.34919808]
[9.31210509],[2.36129801],[17.53008515]
[9.42070682],[2.34495505],[17.70321143]
[9.46957348],[2.31444925],[17.86086698]
[9.57919015],[2.28662421],[17.94710568]
[9.6431659],[2.25878615],[17.97923003]
[9.71031715],[2.23215636],[17.95420829]
[9.70323441],[2.20973222],[17.81028011]
[9.70885427],[2.18498788],[17.58463966]
[9.68983463],[2.1543337],[17.20027053]
[9.653175],[2.12504306],[16.75156837]
[9.63408967],[2.09038492],[16.23029843]
[9.46740516],[2.05291196],[15.62143021]
[9.29960824],[2.01411691],[15.06984748]
[9.19287507],[1.97482618],[14.53771149]
[9.08808316],[1.93273797],[14.02477142]
[8.97826634],[1.88294811],[13.51432382]
[8.87217119],[1.82814748],[13.02052576]
[8.76887868],[1.77127772],[12.48771739]
[8.66123627],[1.71352465],[11.97278192]
[8.17234002],[1.68776278],[11.18375108]
[7.32108627],[1.66599134],[9.61241378]
[0.],[0.],[0.]
[0.88887031],[0.85740641],[0.39687915]
[2.51196626],[1.17926654],[1.67472808]
[3.38409233],[1.3269016],[2.72502913]
[3.86806057],[1.3928869],[3.17075182]
[4.21700235],[1.43667836],[3.56107665]
[4.48128879],[1.46541609],[3.92599442]
[4.75485403],[1.48269042],[4.34258937]
[4.97354581],[1.49922071],[4.89616511]
[5.24116121],[1.55315022],[5.39191864]
[5.44910552],[1.65756669],[5.93306491]
[5.68540349],[1.744649],[6.45994178]
[5.81556054],[1.82932017],[7.10631995]
[5.98416317],[1.89627693],[7.52532106]
[6.27649127],[1.9597299],[8.07302351]
[6.57431815],[2.00289304],[8.57494804]
[6.76606016],[2.04512858],[9.13854213]
[7.08500602],[2.07433569],[9.67662309]
[7.34784098],[2.10001175],[10.31918934]
[7.5909047],[2.1152672],[11.02212277]
[7.83481222],[2.13465092],[11.8582607]
[8.16011446],[2.1597714],[12.68042276]
[8.35304603],[2.21923621],[13.45675063]
[8.57889479],[2.26290416],[14.22817191]
[8.73389677],[2.3125306],[14.91366553]
[8.90473817],[2.33834899],[15.64335681]
[9.0593769],[2.36339711],[16.31985226]
[9.1884792],[2.37358372],[16.76708038]
[9.24643935],[2.39724282],[17.25082722]
[9.33957799],[2.41033559],[17.65417965]
[9.47001673],[2.42981722],[18.14213256]
[9.61576822],[2.45006946],[18.51786698]
[9.7195368],[2.46255168],[18.86184361]
[9.78565117],[2.47139504],[19.10165945]
[9.79582609],[2.46480906],[19.28966577]
[9.88876534],[2.44981868],[19.49242926]
[9.90626013],[2.42655992],[19.61371417]
[9.96406471],[2.40058587],[19.7028387]
[10.04625939],[2.37286207],[19.75098906]
[10.07242403],[2.33736358],[19.72434591]
[10.11255478],[2.30831173],[19.64393098]
[10.0808364],[2.2799469],[19.42915697]
[10.13273433],[2.25129968],[19.08364065]
[10.08581997],[2.21675021],[18.61216319]
[10.08197661],[2.1826731],[18.07740076]
[10.05320328],[2.14625901],[17.48411036]
[9.85636045],[2.11019059],[16.84005564]
[9.64152069],[2.07490957],[16.19614138]
[9.48980956],[2.03986022],[15.596711]
[9.36559785],[1.9990666],[15.03538677]
[9.26003296],[1.95115014],[14.49825982]
[9.15637267],[1.90047028],[13.97988446]
[9.04525208],[1.84469894],[13.44558462]
[8.53757499],[1.78923667],[12.52986739]
[7.68771057],[1.74143118],[10.8309756]
[0.],[0.],[0.]
[1.10873287],[0.3577115],[0.18918184]
[2.5612269],[0.97927089],[1.51359162]
[3.45441667],[1.19805186],[2.58969912]
[3.98961288],[1.28822691],[3.09542182]
[4.33210213],[1.33877074],[3.519976]
[4.60572555],[1.37404437],[3.95885284]
[4.90131923],[1.39297626],[4.44210673]
[5.10683664],[1.43933945],[5.06586661]
[5.39419413],[1.55028977],[5.58176362]
[5.60734289],[1.6536501],[6.14833999]
[5.85618855],[1.74081545],[6.80706078]
[6.0008148],[1.82195958],[7.40880182]
[6.26763826],[1.88250413],[7.90443444]
[6.54150699],[1.94487103],[8.50539891]
[6.84429117],[1.98213174],[9.03647922]
[7.05748235],[2.01113927],[9.57368774]
[7.35577629],[2.03872547],[10.21516608]
[7.61344192],[2.07649308],[11.05226821]
[7.88119502],[2.11722682],[11.82651472]
[8.10012795],[2.19941026],[12.75337914]
[8.431267],[2.24108391],[13.54889347]
[8.65246644],[2.29816774],[14.45840447]
[8.87109253],[2.33329335],[15.17655829]
[9.03995938],[2.36693876],[15.8794012]
[9.22867466],[2.3897754],[16.72036612]
[9.3365725],[2.41257688],[17.43676613]
[9.53665683],[2.42705233],[18.04440894]
[9.63355112],[2.44447331],[18.63940164]
[9.79438716],[2.45886442],[19.08718938]
[9.86423275],[2.47817936],[19.62336857]
[9.9725942],[2.49979329],[20.01726838]
[10.04071531],[2.51149078],[20.37196011]
[10.12981892],[2.50886011],[20.63319477]
[10.18665694],[2.50390063],[20.86907139]
[10.25010584],[2.49020662],[21.05186672]
[10.31336338],[2.47031068],[21.21247345]
[10.37720827],[2.44782047],[21.32495847]
[10.4634183],[2.43153699],[21.42749455]
[10.48905404],[2.41576919],[21.44224165]
[10.58608197],[2.38234343],[21.39649877]
[10.56946695],[2.35050931],[21.2175234]
[10.57949254],[2.31852782],[20.9387354]
[10.49039795],[2.28827676],[20.3926231]
[10.46701676],[2.25067278],[19.84270803]
[10.46617117],[2.21063198],[19.17340756]
[10.34811243],[2.17524606],[18.50442089]
[10.12858197],[2.14543331],[17.84529552]
[9.93350344],[2.11474713],[17.19559385]
[9.78682316],[2.07658525],[16.54767954]
[9.65232947],[2.03266442],[15.93763419]
[9.53141497],[1.98793285],[15.33960009]
[9.41661016],[1.93770163],[14.73959907]
[8.90007305],[1.88248769],[13.7781714]
[8.05690687],[1.82749082],[12.03092873]
[0.],[0.],[0.]
[1.22588105],[0.53033853],[0.32566825]
[2.55184109],[1.10169602],[1.69179738]
[3.43762549],[1.29844731],[2.79737339]
[4.05441636],[1.36206213],[3.28549912]
[4.38743296],[1.40006998],[3.74951582]
[4.67659637],[1.42857328],[4.26252878]
[4.99876086],[1.45145382],[4.81813268]
[5.18854636],[1.56442135],[5.45604232]
[5.47088375],[1.67075809],[5.97885088]
[5.70380016],[1.76762929],[6.66825386]
[5.92255705],[1.85037072],[7.28264815]
[6.17339062],[1.92184859],[7.87268195]
[6.45655399],[1.97882284],[8.44772516]
[6.71555976],[2.03261288],[9.12880583]
[7.00722377],[2.06115566],[9.63606686]
[7.26304187],[2.08405258],[10.25212183]
[7.53690021],[2.11809715],[11.07320231]
[7.7878703],[2.17261303],[11.90742372]
[8.08761768],[2.23965116],[12.80651505]
[8.29048423],[2.31118225],[13.67501193]
[8.60171901],[2.3455457],[14.54017053]
[8.85572819],[2.3827051],[15.40621912]
[9.06929239],[2.42009431],[16.12631034]
[9.25610348],[2.45063833],[17.07060778]
[9.47475128],[2.4763864],[17.86014358]
[9.5664928],[2.50238486],[18.6899938]
[9.79054517],[2.51760971],[19.47843008]
[9.92870638],[2.54025374],[20.14228461]
[10.1066862],[2.55822105],[20.62707583]
[10.17667919],[2.57480626],[21.2073302]
[10.30185407],[2.58995245],[21.65081964]
[10.40414239],[2.60024617],[22.0834143]
[10.4723576],[2.59800184],[22.38764123]
[10.56735595],[2.57998801],[22.69371887]
[10.59385761],[2.58424982],[22.92512873]
[10.67240615],[2.57912732],[23.10904714]
[10.71151824],[2.56910032],[23.23742404]
[10.8461988],[2.55916431],[23.39463961]
[10.91916455],[2.5405092],[23.41253416]
[11.02126227],[2.49923708],[23.35861509]
[11.0995909],[2.46336206],[23.20397055]
[11.07891643],[2.43058955],[22.94046221]
[11.06764843],[2.39530053],[22.4333382]
[11.01704426],[2.35615457],[21.87480119]
[10.93595821],[2.31093026],[21.24057251]
[10.82696241],[2.2640988],[20.50653399]
[10.63905876],[2.22747344],[19.74280261]
[10.41433716],[2.19142455],[19.01410609]
[10.21743745],[2.15443144],[18.28544411]
[10.06222901],[2.11475079],[17.63290862]
[9.9264857],[2.07235699],[16.98054793]
[9.7959898],[2.0266071],[16.29818285]
[9.24336621],[1.97811107],[15.20700798]
[8.38354505],[1.92932207],[13.38420366]
[0.],[0.],[0.]
[1.38926111],[0.93846497],[0.68759489]
[2.6159871],[1.25675478],[1.95679912]
[3.52632075],[1.39266097],[3.04248088]
[4.24627147],[1.45389826],[3.60027463]
[4.54554632],[1.48353701],[4.12685661]
[4.83208676],[1.51144503],[4.74075382]
[5.16504046],[1.58729406],[5.36861487]
[5.37214889],[1.72162979],[6.01501037]
[5.64913809],[1.81297952],[6.57626071]
[5.86091924],[1.89909134],[7.31530798]
[6.16618877],[1.97077625],[7.88573507]
[6.41332838],[2.03454908],[8.52239692]
[6.74569772],[2.08175902],[9.1674568]
[6.99701055],[2.12657917],[9.86728712]
[7.28102777],[2.15388079],[10.46014393]
[7.5537817],[2.18956115],[11.27657926]
[7.83321071],[2.24210093],[12.08503455]
[8.04460601],[2.29135681],[13.03376342]
[8.3491196],[2.37743911],[13.88029596]
[8.56497706],[2.43148781],[14.79918241]
[8.87870877],[2.47636293],[15.6877379]
[9.12861436],[2.5186001],[16.55375735]
[9.38187123],[2.55027476],[17.45161794]
[9.54234246],[2.5687297],[18.37117458]
[9.80151412],[2.58412714],[19.23857831]
[9.88707714],[2.60493636],[20.21562886]
[10.10724536],[2.61804019],[20.99022164]
[10.28529461],[2.63781261],[21.82610121]
[10.49189605],[2.65400283],[22.34650145]
[10.5922239],[2.66998839],[23.04571853]
[10.6833223],[2.68458613],[23.54308647]
[10.79230492],[2.69447082],[24.07110535]
[10.81912055],[2.70979626],[24.3847956]
[10.93811767],[2.75190925],[24.7226739]
[10.99134197],[2.76852978],[24.96467428]
[11.09275871],[2.75274198],[25.13741812]
[11.19892915],[2.73894684],[25.25044917]
[11.31909957],[2.70915856],[25.41587704]
[11.46197049],[2.67204206],[25.55192069]
[11.56952606],[2.63832117],[25.57431774]
[11.71149507],[2.60108919],[25.51422674]
[11.75145409],[2.5601207],[25.28446751]
[11.72851917],[2.51799941],[24.81928155]
[11.72259984],[2.47525722],[24.17861564]
[11.67982706],[2.42849036],[23.48344241]
[11.53317933],[2.38298828],[22.69717391]
[11.31670758],[2.3365944],[21.87548832]
[10.97101129],[2.29519317],[21.0486123]
[10.73806893],[2.25203623],[20.22574024]
[10.53978667],[2.19701919],[19.45276522]
[10.36673393],[2.14574714],[18.71511401]
[10.19937302],[2.10327224],[17.91681395]
[9.61019582],[2.05481441],[16.72753299]
[8.73527942],[2.01089928],[14.81219347]
[0.],[0.],[0.]
[1.54170374],[1.00967243],[0.92280993]
[2.700409],[1.32261903],[2.19037263]
[3.64337664],[1.44804774],[3.30067248]
[4.41718243],[1.50983821],[3.9212895]
[4.71824652],[1.53786492],[4.51120614]
[5.02633087],[1.57595097],[5.22594141]
[5.33923731],[1.7100634],[5.90726393]
[5.55611638],[1.83473004],[6.57864065]
[5.84688147],[1.92093622],[7.21958899]
[6.00332219],[2.00473798],[7.88003627]
[6.40709766],[2.07236917],[8.52141084]
[6.67699928],[2.1259199],[9.22693908]
[6.99852754],[2.1674406],[9.91727253]
[7.26192777],[2.20628637],[10.72630815]
[7.52697216],[2.23668253],[11.46702482]
[7.78878673],[2.29114796],[12.28979593]
[8.10118912],[2.36192164],[13.25079238]
[8.30376617],[2.47957246],[14.20139623]
[8.6025414],[2.53580166],[15.03482227]
[8.85882528],[2.57655122],[15.97664232]
[9.1367616],[2.60957991],[16.80607713]
[9.3955227],[2.64258696],[17.84122316]
[9.68288865],[2.66595788],[18.73293378]
[9.84747162],[2.67866341],[19.71759189]
[10.11543059],[2.69341374],[20.73407635]
[10.25378048],[2.7212563],[21.72704514]
[10.44128953],[2.73535528],[22.57688428]
[10.6555909],[2.75377495],[23.65616726]
[10.82401225],[2.76945756],[24.27692992]
[10.95128071],[2.7878954],[25.08553179]
[11.03452299],[2.81142859],[25.57507117]
[11.14383894],[2.85555793],[26.12881515]
[11.22831377],[2.875353],[26.50795323]
[11.32741864],[2.90677544],[26.81299815]
[11.4672884],[2.91740036],[27.10402683]
[11.57606885],[2.90459033],[27.40714846]
[11.74802963],[2.89272709],[27.61504821]
[11.91925713],[2.8618963],[27.82331087]
[12.08986681],[2.81789973],[27.93258159]
[12.2561781],[2.76542058],[27.98349965]
[12.39038615],[2.73128857],[27.92109177]
[12.47406173],[2.6954737],[27.75371052]
[12.45717977],[2.64492921],[27.3116971]
[12.44824646],[2.60040515],[26.76537168]
[12.43406327],[2.55687079],[26.05462505]
[12.38775092],[2.51673707],[25.3478946]
[12.18971965],[2.47605693],[24.49652134]
[11.93256035],[2.43513009],[23.54014596]
[11.54629569],[2.39159753],[22.48487772]
[11.15939336],[2.34506652],[21.56877002]
[10.89586168],[2.2980319],[20.74498078]
[10.71433327],[2.21864314],[19.88146174]
[10.06024095],[2.13793165],[18.49918735]
[9.13677127],[2.09495329],[16.44624752]
[0.],[0.],[0.]
[1.69264006],[0.98454255],[0.82431206]
[2.81266901],[1.29394322],[2.17127146]
[3.76050198],[1.39794498],[3.28931009]
[4.52332798],[1.46294113],[3.99048222]
[4.8389646],[1.49152891],[4.67397642]
[5.16600069],[1.58834919],[5.51748939]
[5.49578578],[1.71875714],[6.2073207]
[5.71661474],[1.82984626],[6.91992589]
[5.9786522],[1.90551633],[7.5763984]
[6.2211783],[1.99056394],[8.18856164]
[6.6428145],[2.04559999],[8.9094782]
[6.8967125],[2.0924586],[9.61002683]
[7.22741139],[2.12816028],[10.32918722]
[7.52566919],[2.18704355],[11.32231129]
[7.78356262],[2.24394625],[12.13958093]
[8.02944814],[2.31912486],[13.10599111]
[8.3726053],[2.41834226],[14.06338185]
[8.57017768],[2.49187844],[14.97304247]
[8.85311251],[2.53665026],[15.86345406]
[9.12408867],[2.57011005],[16.76300724]
[9.41320194],[2.59400125],[17.75873412]
[9.64606274],[2.62084965],[18.83568052]
[9.96366055],[2.64339538],[19.74264437]
[10.16761647],[2.67187961],[20.91388232]
[10.42660696],[2.70086874],[21.93770001]
[10.61773485],[2.72792759],[23.12526276]
[10.8297316],[2.74442511],[24.07827772]
[10.97622799],[2.82522537],[25.22810362]
[11.18248437],[2.8395634],[25.91927037]
[11.31530742],[2.90810988],[26.73858636]
[11.44959467],[2.92521873],[27.26231197]
[11.54176683],[2.96578047],[27.9323266]
[11.73119288],[2.98400628],[28.51092165]
[11.88425267],[3.01285929],[29.02484293]
[12.05737698],[3.01458676],[29.3607075]
[12.25318353],[3.00469024],[29.68385418]
[12.37011706],[2.98846434],[29.85022804]
[12.55478544],[2.9655646],[30.15142611]
[12.72826161],[2.93484424],[30.34933438]
[12.87515165],[2.89285466],[30.49344931]
[13.06713335],[2.84411998],[30.58300476]
[13.15784915],[2.79958527],[30.40161818]
[13.18776951],[2.75605422],[30.02166784]
[13.16778866],[2.71564308],[29.38922034]
[13.16522171],[2.67314512],[28.72478497]
[13.13432649],[2.63708844],[27.86583809]
[13.08364281],[2.60016384],[27.04494469]
[12.87424096],[2.56470096],[26.12960638]
[12.54891875],[2.52623474],[25.06553428]
[12.12489229],[2.491055],[24.00355717]
[11.76842414],[2.4538588],[22.94468267]
[11.45642062],[2.39729048],[21.89998799]
[10.66027537],[2.30435384],[20.33307148]
[9.66656017],[2.21276171],[18.16287848]
[0.],[0.],[0.]
[1.68444095],[0.24334956],[0.27914799]
[2.77528612],[0.5647646],[1.239679]
[3.71834723],[0.67263987],[1.97202909]
[4.54214924],[0.72432551],[2.5371104]
[4.92803654],[0.90530716],[3.23973987]
[5.220533],[1.06146192],[4.05304402]
[5.59102622],[1.14719997],[4.71065149]
[5.84213448],[1.22866093],[5.40445187]
[6.01633804],[1.29493843],[5.93879328]
[6.3509545],[1.36080544],[6.51569496]
[6.78347358],[1.44825315],[7.27528469]
[7.06023161],[1.53531929],[7.99878152]
[7.40767823],[1.67065777],[8.84924067]
[7.69871099],[1.74862535],[9.89341272]
[7.97959461],[1.81677739],[10.78429265]
[8.21864327],[1.87824134],[11.77030765]
[8.54374938],[1.93408015],[12.58295217]
[8.77737981],[1.98637303],[13.56894099]
[9.03438533],[2.02493294],[14.32723622]
[9.30433471],[2.09160903],[15.2852337]
[9.61319618],[2.16167709],[16.33001216]
[9.83396996],[2.23533534],[17.44047142]
[10.16326994],[2.32620662],[18.42826448]
[10.43985834],[2.42958185],[19.71717799]
[10.69729105],[2.47707219],[20.76990564]
[10.87581236],[2.5330283],[22.05225529]
[11.13975104],[2.57551988],[23.01182278]
[11.26618624],[2.63774233],[24.2096119]
[11.55279596],[2.68032248],[25.01875957]
[11.83010603],[2.73172429],[26.01209657]
[11.99668719],[2.7699099],[26.69749345]
[12.1864412],[2.81601375],[27.46694642]
[12.31941392],[2.8535212],[28.0524199]
[12.51464535],[2.87901585],[28.62861406]
[12.68106144],[2.89816572],[29.08054837]
[12.83802881],[2.91853764],[29.42398409]
[13.04700268],[2.92502185],[29.75633541]
[13.17227684],[2.92240771],[30.03511723]
[13.35086629],[2.92061221],[30.29944915]
[13.52290391],[2.89656228],[30.46015268]
[13.66388325],[2.86184811],[30.56107389]
[13.87002674],[2.8239824],[30.64397734]
[13.86933846],[2.7753828],[30.39064343]
[13.8944281],[2.71621166],[29.97097709]
[13.85199662],[2.67053247],[29.19257226]
[13.86057499],[2.62947125],[28.51909155]
[13.81429531],[2.59246513],[27.56577739]
[13.78091423],[2.5642612],[26.71201217]
[13.57020061],[2.53458456],[25.70475178]
[13.09933539],[2.50571783],[24.66963044]
[12.68341227],[2.4761241],[23.58859759]
[12.35873644],[2.44209402],[22.53929853]
[11.54171273],[2.38226405],[20.95538891]
[10.50578066],[2.30653819],[18.8484047]
