meltWidth,meltDepth,meltArea
[1.62163393],[0.89782908],[1.19631957]
[1.82036605],[1.0868324],[1.77952582]
[2.0701098],[1.12245641],[1.96327597]
[2.04942778],[1.14212243],[2.07411419]
[2.17822182],[1.16076537],[2.16421147]
[2.16776811],[1.17355284],[2.22034331]
[2.2754582],[1.17311327],[2.29303728]
[2.25794701],[1.17076935],[2.30856905]
[2.31858296],[1.16342305],[2.33450625]
[2.27399356],[1.15641862],[2.31631771]
[2.31597377],[1.14222058],[2.32678587]
[2.27812543],[1.13004683],[2.28122601]
[2.28203216],[1.11692962],[2.28585713]
[2.29124827],[1.10896829],[2.2611148]
[2.29465359],[1.10153596],[2.2888036]
[2.30684589],[1.09582874],[2.26074141]
[2.3163904],[1.09152599],[2.28981771]
[2.31911807],[1.0899734],[2.26742157]
[2.32850161],[1.09172849],[2.30669637]
[2.34465805],[1.09356679],[2.29002555]
[2.36652025],[1.09573393],[2.34119127]
[2.37199496],[1.09839902],[2.32454389]
[2.39367579],[1.10169064],[2.37120759]
[2.40429025],[1.10506848],[2.35726459]
[2.44338611],[1.10853562],[2.40094687]
[2.41485707],[1.11153446],[2.37660676]
[2.45397845],[1.11441328],[2.42415404]
[2.43582851],[1.11520408],[2.38344508]
[2.60000045],[1.11502877],[2.4802854]
[2.4864131],[1.11487509],[2.41304129]
[2.50589462],[1.11250253],[2.40990528]
[2.49604407],[1.10886374],[2.37958708]
[2.51191326],[1.10508643],[2.35790114]
[2.55265019],[1.10084256],[2.34900951]
[2.54944413],[1.0968698],[2.32912902]
[2.56830094],[1.092908],[2.31896186]
[2.60933495],[1.08833421],[2.31647032]
[2.61838649],[1.08411309],[2.30819352]
[2.61071452],[1.08080266],[2.30013961]
[2.62172288],[1.07631533],[2.2920259]
[2.6542432],[1.07072954],[2.30036282]
[2.6651379],[1.06973221],[2.31718601]
[2.71119934],[1.06955737],[2.35018729]
[2.79487433],[1.06957167],[2.4053596]
[2.85404512],[1.06694217],[2.46381903]
[2.86906355],[1.06418497],[2.51949977]
[2.89054597],[1.0614295],[2.55036386]
[2.92416285],[1.05864233],[2.58237656]
[2.9418064],[1.05629395],[2.59499689]
[2.96775394],[1.05349468],[2.61597197]
[2.88431605],[1.04827961],[2.60860667]
[2.24326582],[1.0422452],[2.18553378]
[1.74163615],[1.03450422],[1.45903395]
[0.],[0.],[0.]
[1.55359231],[0.36279552],[0.36255241]
[1.71886197],[0.95988974],[1.39528878]
[1.92384717],[1.14045473],[1.94612044]
[2.10309999],[1.18881118],[2.20746133]
[2.18933037],[1.21332916],[2.35398099]
[2.25581711],[1.23816144],[2.47980226]
[2.30449251],[1.24804887],[2.53883794]
[2.36509116],[1.25643237],[2.61904432]
[2.36572057],[1.25719886],[2.61285792]
[2.39899317],[1.24535182],[2.66870452]
[2.38610971],[1.22828532],[2.59626098]
[2.40192706],[1.21129796],[2.63030209]
[2.40476809],[1.21242018],[2.5887064]
[2.4271457],[1.1959562],[2.63234749]
[2.43058695],[1.21205257],[2.59375286]
[2.44918775],[1.19453017],[2.62608666]
[2.4668994],[1.20789748],[2.600159]
[2.49104831],[1.19348368],[2.63742509]
[2.4939319],[1.21152091],[2.62759675]
[2.51709807],[1.19865428],[2.68118303]
[2.55817082],[1.21273827],[2.6747694]
[2.59937756],[1.2150174],[2.74030816]
[2.60153923],[1.21881082],[2.72008327]
[2.63117163],[1.22376637],[2.77497353]
[2.66291366],[1.23129065],[2.75211745]
[2.66874222],[1.23903358],[2.79612283]
[2.6834433],[1.24534279],[2.76434005]
[2.74423894],[1.25420348],[2.82352891]
[2.73875957],[1.25999808],[2.77645344]
[2.9273356],[1.26627973],[2.92258463]
[2.83295153],[1.26906179],[2.85090388]
[2.85360452],[1.26912147],[2.85739797]
[2.8445587],[1.26526806],[2.83184194]
[2.86197351],[1.26145018],[2.8102215]
[2.90438947],[1.2574136],[2.80458171]
[2.90096314],[1.25371225],[2.78584837]
[2.91925292],[1.24905277],[2.77758502]
[2.93618621],[1.2412534],[2.77762479]
[2.94366298],[1.23288676],[2.76995554]
[2.94194885],[1.22526844],[2.75752965]
[2.94953847],[1.21757785],[2.75014475]
[2.96593229],[1.20917335],[2.75208463]
[2.96408889],[1.20065409],[2.73661441]
[2.97307993],[1.19199689],[2.74321959]
[2.98860714],[1.19983028],[2.77432138]
[2.99282986],[1.20809561],[2.81030295]
[2.99561358],[1.21872651],[2.88221272]
[2.99972977],[1.22404684],[2.95507381]
[3.01055265],[1.22947498],[3.02149444]
[3.01851638],[1.23087605],[3.06063834]
[3.02908013],[1.22455175],[3.08072286]
[2.95285876],[1.21732331],[3.07013569]
[2.47046098],[1.21152359],[2.62991115]
[1.88546166],[1.20591266],[1.84046726]
[0.],[0.],[0.]
[1.57402318],[0.44911568],[0.48471138]
[1.89359851],[0.98220537],[1.55249122]
[2.11829521],[1.14469801],[2.04668422]
[2.26287074],[1.19553731],[2.32628076]
[2.34577791],[1.22804068],[2.45804445]
[2.40955983],[1.24890829],[2.63977764]
[2.44678835],[1.25974114],[2.68050503]
[2.47527191],[1.26641447],[2.77066121]
[2.47881351],[1.25868994],[2.78810562]
[2.48822146],[1.25017595],[2.81722476]
[2.50239327],[1.26203879],[2.80855259]
[2.51394442],[1.25351085],[2.83949415]
[2.53408344],[1.27237479],[2.84987965]
[2.57938748],[1.25421566],[2.87446477]
[2.59234262],[1.27596794],[2.88235391]
[2.62622867],[1.26002462],[2.89745068]
[2.66059605],[1.27691363],[2.92233818]
[2.70735695],[1.2727864],[2.94727189]
[2.71975238],[1.28834655],[2.96513293]
[2.77784956],[1.2950619],[3.01534378]
[2.85447448],[1.30636391],[3.05215669]
[2.91805329],[1.31801334],[3.10839314]
[2.93998623],[1.32416215],[3.12371011]
[2.98193411],[1.32966501],[3.17040213]
[3.00923839],[1.33714627],[3.1983163]
[3.00411778],[1.34532356],[3.21687872]
[3.0193517],[1.35270629],[3.21937004]
[3.04182512],[1.36134099],[3.27223288]
[3.04279561],[1.36687477],[3.2444374]
[3.12295608],[1.37283442],[3.38750557]
[3.07851939],[1.37483048],[3.30326917]
[3.09764319],[1.37586533],[3.33703614]
[3.09076666],[1.37296325],[3.30360384]
[3.1020636],[1.37011503],[3.29963385]
[3.11773434],[1.36709014],[3.29996276]
[3.11788597],[1.36433806],[3.28610095]
[3.12281479],[1.36036197],[3.27886817]
[3.12541481],[1.35247863],[3.25174758]
[3.12556966],[1.34209739],[3.22389373]
[3.12384993],[1.33116009],[3.20341102]
[3.12401287],[1.32005209],[3.18174687]
[3.1261935],[1.3082071],[3.15947859]
[3.12384648],[1.2975572],[3.13687407]
[3.12546417],[1.28666298],[3.11982367]
[3.1283746],[1.27419253],[3.09860432]
[3.12865601],[1.26947222],[3.09592129]
[3.13175312],[1.28201301],[3.12216995]
[3.13384077],[1.29449346],[3.16348296]
[3.13575494],[1.30839266],[3.22407662]
[3.14075681],[1.30929723],[3.27762041]
[3.1529279],[1.30776661],[3.34898689]
[3.02824392],[1.30602707],[3.38478497]
[2.62950771],[1.30254423],[2.91101177]
[2.02949329],[1.29562768],[2.08789338]
[0.],[0.],[0.]
[1.59523622],[0.4931383],[0.58190343]
[2.11653227],[1.04169697],[1.82684221]
[2.26620371],[1.19429038],[2.24521722]
[2.39665986],[1.2396733],[2.54830728]
[2.46114309],[1.2651798],[2.70604962]
[2.53686623],[1.29152039],[2.9102761]
[2.57444367],[1.31764176],[2.96683289]
[2.5927201],[1.32631298],[3.05499813]
[2.61541679],[1.34361304],[3.09207652]
[2.6366767],[1.34608765],[3.13628656]
[2.69346052],[1.35539446],[3.17308533]
[2.73232914],[1.35415609],[3.21543693]
[2.79376941],[1.37419793],[3.26939411]
[2.84559156],[1.35818304],[3.28825256]
[2.89958444],[1.38488608],[3.3165588]
[2.94776844],[1.37014334],[3.31287643]
[3.07281855],[1.3790835],[3.35848201]
[3.14079681],[1.36963115],[3.38653171]
[3.21884923],[1.38831001],[3.42624469]
[3.2739314],[1.38061709],[3.50263268]
[3.37334128],[1.39332243],[3.62200359]
[3.36934571],[1.39978527],[3.66950966]
[3.42370355],[1.40601045],[3.73259755]
[3.40431466],[1.41162951],[3.7422702]
[3.4610055],[1.41932351],[3.81500425]
[3.42341911],[1.42757938],[3.77921886]
[3.48218524],[1.43449672],[3.84177898]
[3.4587046],[1.44390093],[3.81361992]
[3.50344949],[1.44991206],[3.85387152]
[3.51437571],[1.45594023],[3.87955613]
[3.54095423],[1.45844154],[3.87906783]
[3.55528366],[1.45983152],[3.90356195]
[3.56451152],[1.45745655],[3.87184734]
[3.55400391],[1.45514248],[3.85034224]
[3.56082904],[1.45279697],[3.8338036]
[3.56833183],[1.45048895],[3.82644153]
[3.58369757],[1.4469454],[3.82838618]
[3.59068204],[1.44009237],[3.8014402]
[3.59738798],[1.43074466],[3.77836759]
[3.60604178],[1.42102249],[3.7673929]
[3.61574387],[1.4111705],[3.75345853]
[3.61455947],[1.40013559],[3.72629148]
[3.61694022],[1.38922625],[3.70825085]
[3.62362687],[1.37812504],[3.69568656]
[3.62436355],[1.36582171],[3.66415824]
[3.62479072],[1.35357728],[3.63991761]
[3.62071499],[1.34066434],[3.61134094]
[3.61788695],[1.3407966],[3.58852556]
[3.60645364],[1.35055846],[3.57361413]
[3.59668704],[1.35947747],[3.61597513]
[3.59064599],[1.36266712],[3.67258937]
[3.36656872],[1.36353517],[3.63151089]
[2.64620258],[1.36297581],[3.08767281]
[2.03995828],[1.36131025],[2.30288589]
[0.],[0.],[0.]
[1.6224627],[0.59806673],[0.7446345]
[2.18398337],[1.11165133],[2.12972937]
[2.32373003],[1.24721324],[2.46995137]
[2.44900587],[1.31351953],[2.8033289]
[2.51109077],[1.3610276],[3.01083928]
[2.67152472],[1.40581788],[3.25564945]
[2.69611586],[1.42587454],[3.32954274]
[2.71710176],[1.44247161],[3.44659496]
[2.73835566],[1.45270958],[3.4900251]
[2.78227335],[1.45536876],[3.55452741]
[2.86145897],[1.46785655],[3.598178]
[2.88706183],[1.4572456],[3.63210671]
[2.98472464],[1.4836116],[3.72708823]
[3.03608301],[1.46062331],[3.72448398]
[3.12929853],[1.48664686],[3.7946077]
[3.15738943],[1.46512897],[3.7644791]
[3.30666296],[1.4806374],[3.85956341]
[3.33207115],[1.46430793],[3.83255828]
[3.43916884],[1.48497094],[3.91816005]
[3.47723248],[1.47645808],[3.94456011]
[3.64125079],[1.48712293],[4.18483435]
[3.61805755],[1.49140801],[4.21264235]
[3.71200886],[1.49506019],[4.31616802]
[3.68019913],[1.49967816],[4.31314773]
[3.7854851],[1.50560745],[4.40199774]
[3.71730614],[1.51196865],[4.35131713]
[3.81520434],[1.51634382],[4.41817189]
[3.76383363],[1.52334539],[4.38761768]
[3.84832345],[1.5291172],[4.42353395]
[3.81520396],[1.53451238],[4.42777887]
[3.88577261],[1.53698113],[4.43909066]
[3.86464864],[1.53647878],[4.44573618]
[3.90691628],[1.53348905],[4.42046924]
[3.87607959],[1.53018969],[4.38301835]
[3.87726138],[1.52681421],[4.36107535]
[3.88214946],[1.52368267],[4.35068484]
[3.88976053],[1.51954459],[4.34615208]
[3.89504042],[1.51185742],[4.31305506]
[3.89912004],[1.50346992],[4.2821256]
[3.90264694],[1.49515802],[4.25995828]
[3.91295825],[1.48756804],[4.24401995]
[3.91143313],[1.4792619],[4.21290215]
[3.9141968],[1.47060339],[4.19392978]
[3.91844976],[1.46080716],[4.17864885]
[3.92197941],[1.44976766],[4.14397913]
[3.92470375],[1.43930947],[4.1192625]
[3.92632561],[1.4286442],[4.0983079]
[3.93603154],[1.41649993],[4.0694811]
[3.92072633],[1.40311864],[4.01564848]
[3.90623945],[1.40416901],[3.98626478]
[3.89333547],[1.40056134],[3.97465801]
[3.61314283],[1.39755222],[3.88379102]
[2.84494371],[1.39356103],[3.24549548]
[2.08727829],[1.38974757],[2.39020518]
[0.],[0.],[0.]
[1.65474774],[0.66978479],[0.87641375]
[2.19422372],[1.19575677],[2.31900585]
[2.35597474],[1.32613872],[2.71404119]
[2.47127376],[1.41877249],[3.05082257]
[2.5368259],[1.46178121],[3.28252854]
[2.7097564],[1.49692006],[3.51486924]
[2.73118545],[1.51378098],[3.58888443]
[2.86296421],[1.5194806],[3.72892977]
[2.82841246],[1.53292716],[3.75043955]
[2.8753829],[1.52247751],[3.81344291]
[2.97561764],[1.53711067],[3.88749482]
[3.00121374],[1.5255153],[3.91451844]
[3.11210836],[1.54484787],[4.04902583]
[3.14501519],[1.52767509],[4.00774082]
[3.24965823],[1.54948545],[4.25850348]
[3.26708402],[1.52828823],[4.16698022]
[3.43561209],[1.54397022],[4.34101851]
[3.4688123],[1.5329057],[4.28646758]
[3.58237897],[1.54487185],[4.42709394]
[3.61841211],[1.54588065],[4.46757337]
[3.76476084],[1.55221496],[4.69031996]
[3.74149325],[1.55652318],[4.74761996]
[3.82587313],[1.56020846],[4.82788092]
[3.79576223],[1.56486102],[4.8802773]
[3.90157511],[1.57007991],[4.97006463]
[3.83635324],[1.5750828],[4.96198646]
[3.92575078],[1.57927391],[5.01968806]
[3.89441049],[1.58532331],[5.04241006]
[3.96776199],[1.58759846],[5.06647735]
[3.93565951],[1.58840224],[5.09268441]
[4.0012973],[1.58638722],[5.10868371]
[3.96540685],[1.5813646],[5.06909041]
[4.01486662],[1.57742754],[5.0352716]
[3.97850542],[1.57324935],[4.96342406]
[3.98262743],[1.56884291],[4.89104594]
[3.98767518],[1.56455564],[4.82543353]
[3.99397258],[1.55994996],[4.77641886]
[3.99969469],[1.5511969],[4.71162961]
[4.0034574],[1.54177265],[4.64656572]
[4.00604151],[1.53227059],[4.58972499]
[4.01675374],[1.52258963],[4.55183002]
[4.01480231],[1.51215143],[4.50039213]
[4.01779769],[1.50170047],[4.46014819]
[4.02206808],[1.49014026],[4.4209048]
[4.02683297],[1.47799186],[4.35850488]
[4.03076555],[1.4676495],[4.3132528]
[4.03420132],[1.45771491],[4.27580129]
[4.04552837],[1.4479928],[4.22938356]
[4.03337605],[1.43741431],[4.1549762]
[4.01749496],[1.42545662],[4.10270555]
[4.00082408],[1.41198851],[4.05222974]
[3.7084201],[1.41038943],[3.86668945]
[2.94174239],[1.40706582],[3.14055404]
[2.17509507],[1.40532],[2.33309739]
[0.],[0.],[0.]
[1.67677074],[0.73099212],[0.97155723]
[2.19988445],[1.2835324],[2.48966604]
[2.41884865],[1.43316303],[3.00663224]
[2.59886539],[1.51101268],[3.3107787]
[2.66010544],[1.54522072],[3.52080804]
[2.84052983],[1.56526776],[3.75157627]
[2.84436308],[1.57710081],[3.82507406]
[2.95340741],[1.58156076],[3.97313851]
[2.95306351],[1.58442945],[3.98568213]
[2.99184465],[1.5872074],[4.08700424]
[3.08749279],[1.58976763],[4.14674303]
[3.11175024],[1.59257607],[4.17538312]
[3.24193543],[1.59505975],[4.4356772]
[3.29835056],[1.59763307],[4.46853313]
[3.44271708],[1.60362797],[4.67422653]
[3.46469427],[1.59624436],[4.71644423]
[3.65161844],[1.60253081],[4.85827601]
[3.65548854],[1.59931469],[4.91129756]
[3.80491476],[1.6056983],[4.99204786]
[3.80390258],[1.6095873],[5.03562647]
[3.99303823],[1.61255833],[5.274297]
[3.96209192],[1.61561718],[5.30606483]
[4.06693225],[1.61931965],[5.39025786]
[4.03107582],[1.62383766],[5.40030411]
[4.15561248],[1.62678593],[5.52022744]
[4.08294696],[1.62723368],[5.4690488]
[4.18783351],[1.62762722],[5.56665488]
[4.14773152],[1.62795152],[5.54061609]
[4.23320955],[1.62861576],[5.60811167]
[4.21148142],[1.62714899],[5.61229632]
[4.25112044],[1.62437641],[5.64503269]
[4.22857798],[1.61690764],[5.60787289]
[4.2478835],[1.6082078],[5.60492096]
[4.22532333],[1.5989703],[5.55094968]
[4.20414846],[1.59091082],[5.50456748]
[4.20013502],[1.58910294],[5.47601338]
[4.1963334],[1.58429411],[5.44588171]
[4.19340264],[1.57346025],[5.39297698]
[4.18890736],[1.56526437],[5.33334615]
[4.18282995],[1.55671621],[5.26289365]
[4.18290364],[1.54792731],[5.18267271]
[4.17173053],[1.53842007],[5.07179227]
[4.15082489],[1.52980069],[4.97026388]
[4.14039908],[1.51964602],[4.86733535]
[4.14408657],[1.50848237],[4.75667454]
[4.14795264],[1.49806357],[4.68221922]
[4.14979338],[1.4875795],[4.61121498]
[4.16007179],[1.47696681],[4.53738661]
[4.14472187],[1.46595077],[4.44632864]
[4.12920831],[1.45624773],[4.37354901]
[4.11208586],[1.44372763],[4.30337168]
[3.80106801],[1.4278058],[4.06897552]
[3.03630869],[1.41658391],[3.25487512]
[2.27118984],[1.41189979],[2.31342397]
[0.],[0.],[0.]
[1.68976898],[0.81604544],[1.08424082]
[2.18523596],[1.36091043],[2.60081018]
[2.51115377],[1.50726334],[3.15659957]
[2.69404876],[1.57170962],[3.47247512]
[2.72399577],[1.59957175],[3.66219307]
[2.92740567],[1.62044921],[3.94153592]
[2.92222344],[1.63268185],[3.99824846]
[3.07632562],[1.63376908],[4.22993889]
[3.09264371],[1.6355448],[4.24525796]
[3.14809178],[1.6374866],[4.38937323]
[3.34957977],[1.63881106],[4.62644342]
[3.3869301],[1.6395718],[4.67656777]
[3.57201833],[1.63995006],[4.92894807]
[3.62481739],[1.64311148],[4.99945348]
[3.70967965],[1.64587354],[5.18092061]
[3.75223981],[1.64382132],[5.20934002]
[3.91481649],[1.64883263],[5.31687194]
[3.96641326],[1.64551102],[5.35468327]
[4.04953195],[1.652153],[5.4327552]
[4.07640256],[1.65423313],[5.44608004]
[4.2258313],[1.65734672],[5.58030748]
[4.25316582],[1.66044832],[5.65021571]
[4.32574537],[1.66292111],[5.75135753]
[4.32726519],[1.66516178],[5.76787629]
[4.44704903],[1.66561302],[5.9057622]
[4.389465],[1.66611806],[5.84317996]
[4.49122956],[1.66633097],[5.95542169]
[4.47661838],[1.66679545],[5.92992584]
[4.55093335],[1.66792987],[5.9960023]
[4.57419185],[1.66864121],[6.03544642]
[4.58469515],[1.6681516],[6.03987526]
[4.60093278],[1.67324837],[6.01954242]
[4.5894992],[1.67389104],[6.01059903]
[4.59381434],[1.67144821],[5.96156972]
[4.54995905],[1.66462876],[5.90251754]
[4.53829548],[1.66203561],[5.86210416]
[4.53000865],[1.65517944],[5.82077034]
[4.51582997],[1.64342864],[5.75529732]
[4.50824874],[1.62596448],[5.68884821]
[4.4943565],[1.61377311],[5.6146389]
[4.48554434],[1.60121008],[5.54441125]
[4.47041563],[1.58523487],[5.45681605]
[4.45005498],[1.57370371],[5.3735788]
[4.41908744],[1.55994806],[5.27979956]
[4.38690774],[1.53991524],[5.17496121]
[4.36319302],[1.53154548],[5.08159194]
[4.34101241],[1.52294452],[4.99164523]
[4.32529513],[1.51432601],[4.91754888]
[4.30600464],[1.50477438],[4.8285738]
[4.28710336],[1.49436145],[4.75535074]
[4.26520953],[1.48299003],[4.68546043]
[3.94079065],[1.4695102],[4.45215286]
[3.17417937],[1.45328907],[3.60447798]
[2.40565758],[1.43704976],[2.60275099]
[0.],[0.],[0.]
[1.70202939],[0.96633083],[1.2817923]
[2.2295623],[1.42173196],[2.74810799]
[2.56155408],[1.55114717],[3.28358465]
[2.81586411],[1.61234426],[3.65239861]
[2.77701175],[1.63867621],[3.76907489]
[3.05191268],[1.65746702],[4.15819659]
[3.00672936],[1.66543518],[4.16989518]
[3.18890127],[1.6650828],[4.44527634]
[3.22589161],[1.66475138],[4.46494011]
[3.27895756],[1.66600489],[4.63240751]
[3.52849848],[1.66726484],[4.89656047]
[3.56714243],[1.66866446],[4.94885589]
[3.71570147],[1.66880222],[5.19838017]
[3.76690803],[1.67172591],[5.27699712]
[3.86142029],[1.67409661],[5.42408118]
[3.9319369],[1.67335818],[5.46473727]
[4.08881792],[1.67523929],[5.58125029]
[4.14228873],[1.67944823],[5.61135999]
[4.22159479],[1.67881972],[5.69267322]
[4.24015925],[1.68864275],[5.70134571]
[4.3767836],[1.68750688],[5.82009136]
[4.41891482],[1.69699963],[5.88507753]
[4.47160655],[1.69619085],[5.98283354]
[4.50738529],[1.7048267],[6.01492953]
[4.59174875],[1.70116346],[6.14933989]
[4.58222132],[1.70502222],[6.10183305]
[4.6317548],[1.69954893],[6.19914087]
[4.66638367],[1.70194409],[6.17406614]
[4.68959191],[1.69761084],[6.24630373]
[4.77070665],[1.70450816],[6.28327642]
[4.73546286],[1.71106088],[6.29714471]
[4.78321191],[1.71282121],[6.26739631]
[4.75104419],[1.71336359],[6.25645928]
[4.79379689],[1.71128534],[6.21300548]
[4.75313039],[1.70534564],[6.15084379]
[4.73960589],[1.70387858],[6.10616162]
[4.72737941],[1.6983346],[6.06249858]
[4.70931109],[1.68834188],[5.99651901]
[4.69836255],[1.67501475],[5.93286625]
[4.6806058],[1.65803378],[5.85267724]
[4.66802886],[1.63974571],[5.77393916]
[4.65408288],[1.61905942],[5.67130643]
[4.63775504],[1.60955299],[5.57219655]
[4.61055473],[1.59780481],[5.45909303]
[4.57709074],[1.58283447],[5.35470464]
[4.55856508],[1.57296487],[5.29213347]
[4.53863751],[1.5608578],[5.22976112]
[4.5209968],[1.54615645],[5.16450071]
[4.49635275],[1.52910639],[5.08590824]
[4.47343054],[1.52034884],[5.01763782]
[4.44828744],[1.51115637],[4.95023414]
[4.11006488],[1.49763601],[4.71637359]
[3.34022014],[1.48496523],[3.86684674]
[2.5672747],[1.47103499],[2.86071403]
[0.],[0.],[0.]
[1.72463579],[1.09500533],[1.48031691]
[2.28729474],[1.45844751],[2.86465119]
[2.59378372],[1.5768846],[3.39397909]
[2.89457392],[1.64049016],[3.80211273]
[2.84435131],[1.66546193],[3.88762657]
[3.13137152],[1.67837487],[4.32357686]
[3.11917887],[1.68449145],[4.35923332]
[3.26499958],[1.68446196],[4.61238225]
[3.37876315],[1.6843092],[4.76048476]
[3.45601315],[1.68460237],[4.86578301]
[3.68312576],[1.68525688],[5.14680719]
[3.72433287],[1.68641554],[5.20679107]
[3.8455049],[1.68782447],[5.44755549]
[3.86912685],[1.69103053],[5.50516287]
[3.96639415],[1.69717927],[5.62607161]
[4.04793333],[1.70847242],[5.6697914]
[4.21575746],[1.71070896],[5.80276955]
[4.27871715],[1.71520481],[5.82702541]
[4.33468014],[1.7191188],[5.91140018]
[4.37706226],[1.72308809],[5.91896778]
[4.47955716],[1.72770293],[6.08760764]
[4.51976979],[1.73149955],[6.1100268]
[4.55585043],[1.73670327],[6.23690363]
[4.59202128],[1.74076557],[6.22230452]
[4.65504874],[1.73946258],[6.37584277]
[4.6560089],[1.7396382],[6.29331796]
[4.68946964],[1.73754059],[6.41703634]
[4.7290847],[1.73628299],[6.35612933]
[4.74066284],[1.7348425],[6.45113436]
[4.82018206],[1.74199258],[6.4748337]
[4.7836465],[1.74411287],[6.48683396]
[4.84052535],[1.74738625],[6.45340687]
[4.80126013],[1.74997275],[6.44576021]
[4.85488709],[1.75247156],[6.39247458]
[4.82105816],[1.74607723],[6.31706828]
[4.81688123],[1.74375],[6.26388276]
[4.81240498],[1.73613379],[6.20684179]
[4.80195011],[1.72645813],[6.1243192]
[4.79706524],[1.71508731],[6.04131567]
[4.7866698],[1.69779281],[5.98291867]
[4.77748744],[1.68052661],[5.92812641]
[4.76456452],[1.65994324],[5.84986237]
[4.74858087],[1.64374944],[5.76870757]
[4.71817162],[1.62512494],[5.68043638]
[4.68965459],[1.60171952],[5.58376999]
[4.67732372],[1.59092479],[5.50541481]
[4.66043827],[1.57860795],[5.4243933]
[4.64501457],[1.56590318],[5.3511425]
[4.62549444],[1.54974102],[5.25652201]
[4.60792816],[1.53808793],[5.18299982]
[4.58948832],[1.52263332],[5.108493]
[4.24494406],[1.50683347],[4.86068348]
[3.48050953],[1.4953471],[3.99169847]
[2.71205558],[1.48146632],[2.97220284]
[0.41898874],[0.18872591],[0.03869001]
[1.74863221],[1.14016933],[1.57535529]
[2.32787213],[1.48639542],[2.97121458]
[2.62170514],[1.59641179],[3.475135]
[2.96036819],[1.6601965],[3.92480074]
[2.94665637],[1.68174687],[4.04893739]
[3.1869312],[1.69351],[4.44502606]
[3.21469631],[1.69969792],[4.54054577]
[3.33467555],[1.69999914],[4.76456571]
[3.56459668],[1.69890453],[5.00091519]
[3.61975937],[1.69655785],[5.08166834]
[3.81253937],[1.69628658],[5.37511362]
[3.85494157],[1.69742426],[5.4466962]
[3.93360979],[1.69823099],[5.63608666]
[3.9345439],[1.70601838],[5.68078256]
[4.10334928],[1.72144353],[5.82768007]
[4.18750746],[1.73187385],[5.86549244]
[4.32373154],[1.73598946],[6.00905737]
[4.40221473],[1.74083799],[6.04387175]
[4.44016285],[1.74512207],[6.15240399]
[4.49737922],[1.75587443],[6.20180364]
[4.57402588],[1.75308037],[6.37166004]
[4.61575108],[1.77329703],[6.38019086]
[4.63820987],[1.76260045],[6.50511871]
[4.67536425],[1.78928084],[6.50265437]
[4.71594639],[1.76921568],[6.62476547]
[4.72604496],[1.78713098],[6.5621548]
[4.74983759],[1.76620259],[6.66154317]
[4.78261255],[1.78472731],[6.61598529]
[4.79760798],[1.76357884],[6.69189267]
[4.8666233],[1.7874137],[6.72141037]
[4.83495625],[1.7789466],[6.71954207]
[4.89823621],[1.78983466],[6.67721714]
[4.8578161],[1.79209944],[6.67277897]
[4.91040091],[1.79421644],[6.60969189]
[4.87511328],[1.79498633],[6.53259409]
[4.87415965],[1.7927743],[6.4794593]
[4.87598922],[1.78497382],[6.42688978]
[4.86357295],[1.77226355],[6.36470856]
[4.85986945],[1.75766111],[6.3043124]
[4.84753548],[1.73325749],[6.22397545]
[4.83709783],[1.71341468],[6.15032044]
[4.82825007],[1.69192007],[6.04438152]
[4.8191826],[1.67489366],[5.95219648]
[4.80088265],[1.65594527],[5.86616577]
[4.77190816],[1.63333722],[5.76121233]
[4.75662113],[1.61563309],[5.67436182]
[4.73685759],[1.59556318],[5.58210466]
[4.72228731],[1.57834428],[5.49609677]
[4.70450261],[1.56174929],[5.39278645]
[4.68733736],[1.54971227],[5.30384182]
[4.669504],[1.535995],[5.21986882]
[4.31824322],[1.51900581],[4.95912124]
[3.55456112],[1.50593062],[4.07150293]
[2.78721051],[1.49119017],[3.03224598]
[0.45776625],[0.23364072],[0.05250875]
[1.75752388],[1.1318243],[1.60459878]
[2.34222823],[1.50263565],[3.02209034]
[2.67566054],[1.61525696],[3.54627141]
[3.02332644],[1.67654594],[4.02778662]
[3.03995163],[1.69534572],[4.1878039]
[3.23916054],[1.70630295],[4.54723335]
[3.29931323],[1.71106314],[4.69886029]
[3.38080519],[1.71015661],[4.86906159]
[3.68446632],[1.70883371],[5.19218008]
[3.729933],[1.70844795],[5.26953928]
[3.90592678],[1.70985915],[5.55740563]
[3.9379581],[1.71196356],[5.63253437]
[3.99119574],[1.71396887],[5.80466434]
[4.04261575],[1.72330222],[5.85256846]
[4.19140541],[1.7394039],[6.00268582]
[4.26725107],[1.75170923],[6.05316229]
[4.37006124],[1.75248611],[6.20938145]
[4.45090323],[1.77133139],[6.25213255]
[4.48167475],[1.76282524],[6.36156509]
[4.54470729],[1.78983695],[6.41479907]
[4.62371001],[1.78087631],[6.56884003]
[4.66848022],[1.80886883],[6.59129132]
[4.69790451],[1.80026208],[6.71895248]
[4.73448728],[1.82423462],[6.72631567]
[4.78654972],[1.80740406],[6.86713236]
[4.7908201],[1.82526816],[6.79841166]
[4.82567557],[1.80721889],[6.90452486]
[4.84516433],[1.82467199],[6.84366486]
[4.87082927],[1.80644758],[6.92987155]
[4.93621854],[1.82567907],[6.94126542]
[4.90201408],[1.8141454],[6.93257237]
[4.95311886],[1.82362092],[6.8878221]
[4.92097119],[1.82465442],[6.88090431]
[4.9655891],[1.82570539],[6.81758158]
[4.94596733],[1.82652349],[6.75147818]
[4.93075121],[1.82629101],[6.70958862]
[4.92573579],[1.81825155],[6.67092264]
[4.91284962],[1.80497111],[6.60723335]
[4.90856174],[1.79124503],[6.54131573]
[4.8980262],[1.76734981],[6.46555158]
[4.8874577],[1.74352313],[6.38748658]
[4.87593893],[1.71683962],[6.27842595]
[4.86486251],[1.69862828],[6.16589846]
[4.84834852],[1.6787076],[6.05783426]
[4.82650384],[1.65524062],[5.93364704]
[4.81809386],[1.63615409],[5.84341706]
[4.80193909],[1.61504058],[5.74607511]
[4.78494133],[1.59396059],[5.65007416]
[4.7627358],[1.56851582],[5.52966822]
[4.74185197],[1.55585007],[5.43109811]
[4.72460189],[1.54069691],[5.33203256]
[4.37333485],[1.52411725],[5.04996898]
[3.6118731],[1.51006351],[4.14159933]
[2.84565136],[1.49311707],[3.07982338]
[0.51840952],[0.24755666],[0.06311167]
[1.76694336],[1.11014476],[1.59980028]
[2.37068766],[1.51574916],[3.08066776]
[2.77361951],[1.63291268],[3.65559647]
[3.0824962],[1.69268283],[4.14088489]
[3.12537979],[1.71287965],[4.33897111]
[3.29495122],[1.72255737],[4.69229188]
[3.37764849],[1.72593401],[4.84976661]
[3.4359533],[1.72547506],[4.99958103]
[3.77275837],[1.72581286],[5.36375489]
[3.81585599],[1.72682407],[5.45311248]
[3.98092308],[1.72729812],[5.73795307]
[4.01432984],[1.72876572],[5.81353005]
[4.07046349],[1.73084033],[6.00328659]
[4.16226593],[1.74185708],[6.07052401]
[4.26085318],[1.75807224],[6.22594982]
[4.3349646],[1.78534497],[6.2887038]
[4.44141698],[1.77579049],[6.44309292]
[4.53668523],[1.80462114],[6.4938055]
[4.58139028],[1.79531899],[6.59585128]
[4.63249542],[1.82257984],[6.65065565]
[4.7163597],[1.81472002],[6.8129705]
[4.74816633],[1.84119809],[6.83857181]
[4.78607766],[1.83375168],[6.96893333]
[4.81238118],[1.85432856],[6.96424032]
[4.87475439],[1.83866901],[7.11116249]
[4.87014008],[1.85523777],[7.03518783]
[4.91351423],[1.83869667],[7.14543764]
[4.92779804],[1.85467768],[7.07643749]
[4.95829603],[1.83808736],[7.17150119]
[4.99890038],[1.85188657],[7.15798607]
[4.97988863],[1.84040708],[7.17020248]
[5.01911201],[1.84932977],[7.13016124]
[4.99800077],[1.85029415],[7.12471244]
[5.02979066],[1.85144622],[7.0685266]
[5.01815636],[1.85188968],[7.01378796]
[5.00823309],[1.8523394],[6.97641185]
[5.01161153],[1.84623677],[6.94300267]
[5.00598635],[1.83319658],[6.89472368]
[4.99892741],[1.82169116],[6.83772541]
[4.9863966],[1.79823247],[6.75376058]
[4.97000563],[1.77500207],[6.66849512]
[4.95091931],[1.74811239],[6.55806148]
[4.9395751],[1.72522621],[6.45015978]
[4.9280481],[1.70431997],[6.34752206]
[4.900406],[1.68118466],[6.23725095]
[4.88863322],[1.66228777],[6.13913625]
[4.86952075],[1.64184906],[6.02015248]
[4.85264084],[1.6211972],[5.90454822]
[4.83542647],[1.59639093],[5.78401806]
[4.81988327],[1.5761542],[5.6751208]
[4.80338442],[1.56101565],[5.57492754]
[4.44937763],[1.54508916],[5.28931996]
[3.68882091],[1.53372994],[4.34295437]
[2.92235837],[1.51684462],[3.22691658]
[0.66274355],[0.30638018],[0.10023694]
[1.79296398],[1.12524814],[1.64688168]
[2.40822142],[1.52861184],[3.1716675]
[2.88230515],[1.65111375],[3.80120722]
[3.14792829],[1.70384949],[4.2526154]
[3.20720664],[1.72286379],[4.5074535]
[3.35231987],[1.73244932],[4.82714274]
[3.50636992],[1.73481677],[5.04778199]
[3.52156855],[1.73529471],[5.1435137]
[3.86921959],[1.73613326],[5.56179097]
[3.90310456],[1.73705295],[5.65328148]
[4.06517677],[1.73749655],[5.96556726]
[4.08238457],[1.73904708],[6.0341597]
[4.17854471],[1.75266651],[6.21801017]
[4.26303187],[1.78662544],[6.29893213]
[4.34308668],[1.79352913],[6.46353359]
[4.44411877],[1.82686146],[6.53465743]
[4.58496727],[1.81929815],[6.68510268]
[4.66742816],[1.84521971],[6.75203206]
[4.71270696],[1.83822313],[6.86854643]
[4.74325655],[1.86243917],[6.90443418]
[4.82506461],[1.85643479],[7.07861062]
[4.86114307],[1.87972278],[7.09369827]
[4.92723606],[1.87428482],[7.24231731]
[4.95277718],[1.8902169],[7.22927891]
[5.04105791],[1.87696414],[7.37490542]
[5.03455418],[1.8914599],[7.2931448]
[5.10263202],[1.87724347],[7.40915891]
[5.09659743],[1.89042603],[7.33499132]
[5.12939667],[1.8763971],[7.42236692]
[5.13325865],[1.88581569],[7.38321554]
[5.11974567],[1.87617794],[7.39802282]
[5.16100619],[1.88402659],[7.36611925]
[5.11301191],[1.88481286],[7.34330423]
[5.15092649],[1.88549022],[7.31156041]
[5.08785355],[1.88571097],[7.22688741]
[5.06947396],[1.88595861],[7.18829659]
[5.07200422],[1.88036309],[7.15505273]
[5.06653642],[1.86787823],[7.10846044]
[5.07266705],[1.85765314],[7.06669658]
[5.0740778],[1.83590223],[7.0045949]
[5.07531958],[1.8135197],[6.93247539]
[5.06576637],[1.78802197],[6.82920933]
[5.05241035],[1.76608665],[6.71669704]
[5.03529664],[1.7425396],[6.60292174]
[4.99416467],[1.71463829],[6.46894513]
[4.95692692],[1.69410261],[6.35991939]
[4.93806304],[1.67219531],[6.25592708]
[4.92193048],[1.65048428],[6.14914606]
[4.90492975],[1.6250206],[6.01013524]
[4.88854043],[1.60340289],[5.86640371]
[4.87216171],[1.5804178],[5.74774386]
[4.51965983],[1.55508355],[5.44706673]
[3.75906738],[1.54452853],[4.47657197]
[2.98454486],[1.52928915],[3.32465511]
[0.67121342],[0.32939062],[0.10922924]
[1.80527327],[1.14249298],[1.68551713]
[2.42289249],[1.5416039],[3.27049373]
[2.99191051],[1.66192033],[3.92834554]
[3.21849957],[1.71150142],[4.3500915]
[3.28729594],[1.72965438],[4.64651521]
[3.41684501],[1.73959377],[4.9347006]
[3.63721237],[1.74332336],[5.2173744]
[3.64562064],[1.74490724],[5.30913462]
[3.95773164],[1.74646841],[5.72385594]
[3.99879947],[1.74800764],[5.84973078]
[4.14234349],[1.74843236],[6.15271517]
[4.14939928],[1.76569706],[6.22065475]
[4.24824941],[1.77368224],[6.41105809]
[4.33242141],[1.81895631],[6.49007391]
[4.40191939],[1.82671579],[6.63559075]
[4.51947081],[1.85702732],[6.70552975]
[4.71159649],[1.85040378],[6.88799721]
[4.79362186],[1.87524023],[6.95601939]
[4.8684242],[1.86886759],[7.09541287]
[4.8947059],[1.89214579],[7.12171976]
[4.99894518],[1.88694019],[7.31422448]
[5.01201411],[1.90943923],[7.31602168]
[5.07370708],[1.9043867],[7.44841415]
[5.07995172],[1.91824056],[7.41934807]
[5.15961352],[1.90609892],[7.55327847]
[5.14384004],[1.91960783],[7.46860333]
[5.19736668],[1.90633936],[7.57847673]
[5.19426858],[1.91877563],[7.51530799]
[5.21303539],[1.9058545],[7.6036752]
[5.24763275],[1.91240657],[7.59402883]
[5.22129556],[1.9006021],[7.57411689]
[5.24718159],[1.9074649],[7.56107339]
[5.22451697],[1.90778972],[7.51117361]
[5.24415031],[1.90863763],[7.48967053]
[5.22048025],[1.90891825],[7.41322794]
[5.20133157],[1.90896734],[7.37270929]
[5.19791828],[1.90490769],[7.34193896]
[5.18777065],[1.89276688],[7.29713245]
[5.18819558],[1.8824215],[7.25693107]
[5.17657711],[1.86216604],[7.19012479]
[5.16500797],[1.84028269],[7.12480328]
[5.15453618],[1.81532687],[7.03620579]
[5.14865869],[1.79380732],[6.93206933]
[5.13623149],[1.77045703],[6.82584819]
[5.1078842],[1.74312542],[6.7015154]
[5.06038138],[1.71966922],[6.57771493]
[5.01783231],[1.69558192],[6.44248796]
[4.98206771],[1.67169531],[6.3279942]
[4.93442369],[1.64277845],[6.1859176]
[4.90324735],[1.61871649],[6.05598045]
[4.87893582],[1.59360523],[5.91956503]
[4.5299549],[1.56636212],[5.57944243]
[3.75981677],[1.54575068],[4.5683564]
[2.98870315],[1.53129267],[3.39984394]
[0.73799153],[0.3448619],[0.12582161]
[1.82070125],[1.15306186],[1.70149576]
[2.47316101],[1.55370949],[3.36206087]
[3.08166972],[1.67516969],[4.06132098]
[3.26156429],[1.72318494],[4.44365387]
[3.33884017],[1.73965323],[4.77246989]
[3.45378126],[1.75115003],[5.03925319]
[3.72052537],[1.75538329],[5.37384351]
[3.73758578],[1.7578324],[5.49711899]
[4.03013771],[1.7599497],[5.94550839]
[4.0673806],[1.76170832],[6.07708411]
[4.21567097],[1.76263234],[6.35064157]
[4.23230279],[1.80047056],[6.42578914]
[4.31570154],[1.80886345],[6.59788232]
[4.38525506],[1.85190539],[6.6851111]
[4.48777754],[1.85957442],[6.81660005]
[4.69625768],[1.88774735],[6.93906588]
[4.8761504],[1.88167475],[7.15469737]
[4.92572728],[1.90542629],[7.20909009]
[4.99519627],[1.90012018],[7.3434032]
[5.00806931],[1.92184383],[7.37253321]
[5.10371853],[1.91798539],[7.55481219]
[5.11562491],[1.93843415],[7.57262587]
[5.16449904],[1.93349642],[7.69414819]
[5.17660886],[1.94537383],[7.69029265]
[5.2318228],[1.93569786],[7.81486222]
[5.23032409],[1.94708786],[7.76064126]
[5.26075699],[1.93595509],[7.8587265]
[5.27553601],[1.94561536],[7.81337578]
[5.2767137],[1.93462294],[7.89377837]
[5.32384244],[1.93799566],[7.88535446]
[5.29399745],[1.92557657],[7.86275904]
[5.32306762],[1.93077364],[7.85112885]
[5.29448661],[1.93074928],[7.78881567]
[5.32131415],[1.93069609],[7.77518285]
[5.30250184],[1.93080772],[7.67215376]
[5.29801422],[1.93089914],[7.62468817]
[5.30019301],[1.92862027],[7.58779163]
[5.2979904],[1.91813559],[7.5331487]
[5.30096049],[1.90827429],[7.49292683]
[5.29479262],[1.89050615],[7.42417763]
[5.29165217],[1.86908417],[7.36760472]
[5.28945715],[1.84493745],[7.28827174]
[5.28251335],[1.8242762],[7.20329109]
[5.27976656],[1.80173778],[7.12083483]
[5.26065943],[1.77537426],[7.01604058]
[5.19167045],[1.7526782],[6.88661975]
[5.14118431],[1.72795736],[6.75622475]
[5.09745591],[1.70291011],[6.63156697]
[5.04562265],[1.67530218],[6.50562537]
[4.99009855],[1.65287592],[6.37735298]
[4.9383767],[1.62880087],[6.25832826]
[4.56518629],[1.60093673],[5.93940742]
[3.79745058],[1.58235039],[4.86721444]
[3.02667258],[1.55812149],[3.62424171]
[0.77475058],[0.39949507],[0.17991431]
[1.84807158],[1.15950067],[1.7443166]
[2.54466273],[1.56301301],[3.46722512]
[3.15410911],[1.68678735],[4.17983995]
[3.31271828],[1.73192621],[4.58537835]
[3.39895374],[1.74806642],[4.90781427]
[3.51307832],[1.76092447],[5.18561181]
[3.83934056],[1.76450773],[5.61211505]
[3.86576313],[1.76727804],[5.80091536]
[4.12086485],[1.76977661],[6.19966232]
[4.16010352],[1.79025937],[6.32408763]
[4.28953131],[1.80022027],[6.55560017]
[4.30692274],[1.84372314],[6.63166705]
[4.37930616],[1.85320006],[6.78654929]
[4.5024613],[1.89209717],[6.89076838]
[4.72190175],[1.90124979],[7.08551717]
[4.87021461],[1.92473415],[7.21406684]
[5.01027812],[1.92121342],[7.43515366]
[5.04912435],[1.94145454],[7.51268486]
[5.09946949],[1.93897599],[7.64060014]
[5.12375156],[1.95694766],[7.70601187]
[5.18912943],[1.95554085],[7.88302736]
[5.21382992],[1.97313564],[7.92081381]
[5.23759119],[1.9686947],[8.03186079]
[5.26471782],[1.97891956],[8.03562011]
[5.30315577],[1.97082412],[8.14901213]
[5.31463192],[1.9803378],[8.10465043]
[5.33377265],[1.97085328],[8.18823714]
[5.35271788],[1.9785436],[8.14900061]
[5.35298297],[1.96753665],[8.21683744]
[5.38237165],[1.96948978],[8.19266227]
[5.3614176],[1.95826675],[8.17081447]
[5.38452085],[1.96235431],[8.14694995]
[5.36367604],[1.96200105],[8.10131693]
[5.38495712],[1.96162572],[8.07885383]
[5.37078639],[1.96103134],[7.99059967]
[5.36857257],[1.96096092],[7.94819182]
[5.36976009],[1.95911795],[7.91264509]
[5.37122422],[1.94810739],[7.86338151]
[5.37502823],[1.93839286],[7.82162734]
[5.37231979],[1.92268496],[7.75344069]
[5.37167756],[1.90165857],[7.69025053]
[5.37317261],[1.87828249],[7.60404076]
[5.37017919],[1.85868112],[7.51161763]
[5.37075212],[1.83738656],[7.40262435]
[5.3651986],[1.81244581],[7.25952956]
[5.34975066],[1.79103495],[7.16915952]
[5.31913082],[1.76801949],[7.05499706]
[5.24239301],[1.74407218],[6.92828778]
[5.17716655],[1.71588839],[6.79059076]
[5.12226708],[1.69209459],[6.65219129]
[5.07157586],[1.6661412],[6.52883304]
[4.69188787],[1.63901605],[6.19274654]
[3.89313628],[1.61944722],[5.09233722]
[3.09027959],[1.59428673],[3.84124532]
[0.79908805],[0.44683763],[0.22819762]
[1.88435153],[1.1785901],[1.80490671]
[2.61009897],[1.57410533],[3.57479111]
[3.23689833],[1.69720945],[4.30328505]
[3.37809393],[1.74001055],[4.72981189]
[3.47098278],[1.75596593],[5.05629733]
[3.57673252],[1.76870465],[5.32635984]
[3.95261785],[1.77227553],[5.8887128]
[3.98951409],[1.7752722],[6.05950216]
[4.2217522],[1.77815734],[6.42020909]
[4.25847663],[1.82333789],[6.5385068]
[4.35156301],[1.83394391],[6.72459451]
[4.37839525],[1.87599755],[6.8068429]
[4.48146721],[1.88638251],[6.96351777]
[4.73640257],[1.92303526],[7.14187152]
[4.90124774],[1.93351398],[7.34525854]
[4.99176362],[1.95398598],[7.49595118]
[5.10911836],[1.95191382],[7.74780469]
[5.1567973],[1.97063871],[7.84830526]
[5.17974588],[1.96934048],[7.96958393]
[5.22042844],[1.9863503],[8.04715834]
[5.26689253],[1.98545907],[8.20688423]
[5.30061555],[2.00201425],[8.25592876]
[5.31802858],[1.99672967],[8.34624254]
[5.35020203],[2.00664628],[8.37451593]
[5.38313126],[1.99901064],[8.45595183]
[5.39873668],[2.00770196],[8.42860392]
[5.4287172],[1.99898039],[8.49332428]
[5.42441392],[2.00605748],[8.446543]
[5.43468926],[1.9939799],[8.49846404]
[5.44540226],[1.99581843],[8.46988932]
[5.43282612],[1.98216276],[8.44202873]
[5.44952432],[1.98618542],[8.40332528]
[5.4359413],[1.98545453],[8.36798827]
[5.45221842],[1.98471999],[8.33397079]
[5.44416086],[1.98339341],[8.25691497]
[5.4455157],[1.98230203],[8.21941287]
[5.44821402],[1.98042903],[8.18789905]
[5.45037811],[1.97037906],[8.14440319]
[5.4544679],[1.96144032],[8.10585268]
[5.45384825],[1.94683279],[8.03997387]
[5.45524218],[1.9259387],[7.97492999]
[5.45930179],[1.90246263],[7.89497587]
[5.45831786],[1.88279296],[7.80969664]
[5.45913852],[1.86174066],[7.71439016]
[5.45912926],[1.83739778],[7.5897389]
[5.44839153],[1.81711751],[7.47523649]
[5.42293037],[1.79502606],[7.34444478]
[5.40032785],[1.77233951],[7.22523118]
[5.37286824],[1.74590838],[7.09934571]
[5.29455231],[1.72409558],[6.96686581]
[5.2205379],[1.70038885],[6.83438499]
[4.83877647],[1.67109925],[6.47351914]
[4.04012631],[1.64875011],[5.3387096]
[3.23617884],[1.62318525],[4.0842704]
[0.79729056],[0.45176277],[0.22964434]
[1.89241751],[1.20084684],[1.85402128]
[2.68303039],[1.5880877],[3.67329005]
[3.31661832],[1.70658396],[4.41137735]
[3.44010869],[1.74908303],[4.83857758]
[3.53816926],[1.7646895],[5.17690249]
[3.65957582],[1.77693748],[5.47582387]
[4.07729072],[1.78064693],[6.12940987]
[4.12171946],[1.80173911],[6.30267128]
[4.30580823],[1.81249569],[6.59962132]
[4.33127833],[1.85568418],[6.70103706]
[4.40280368],[1.86674399],[6.87462681]
[4.48188845],[1.90668314],[6.97363805]
[4.68741427],[1.91920336],[7.17929243]
[4.85165051],[1.95291876],[7.3607808]
[4.97051585],[1.96297587],[7.57286667]
[5.05307632],[1.98213826],[7.80486553]
[5.15667722],[1.98066087],[8.0608008]
[5.21387154],[1.9982514],[8.15835048]
[5.23302272],[1.99741206],[8.26867544]
[5.27043441],[2.01317746],[8.36065702]
[5.32648111],[2.01292899],[8.49488789]
[5.35074269],[2.02847336],[8.5617828]
[5.41100274],[2.02266704],[8.64096087]
[5.43434813],[2.03201431],[8.68419498]
[5.51634623],[2.0250335],[8.762551]
[5.52009866],[2.0326195],[8.74620677]
[5.80029119],[2.02486108],[8.82633833]
[5.70392081],[2.03108553],[8.77662739]
[5.80743405],[2.01868972],[8.8321332]
[5.62412295],[2.02024622],[8.80224719]
[5.75373213],[2.0063897],[8.75398726]
[5.57317091],[2.00794773],[8.68566475]
[5.65796189],[2.00702631],[8.65508302]
[5.54524107],[2.00609304],[8.59389707]
[5.55509323],[2.00438363],[8.5280198]
[5.53079131],[2.00299304],[8.47266304]
[5.52326536],[2.00077522],[8.43635832]
[5.51616984],[1.99078426],[8.39279662]
[5.51001567],[1.98359816],[8.3520714]
[5.51049993],[1.97083153],[8.2905748]
[5.51331671],[1.9507303],[8.23181041]
[5.51933937],[1.92796245],[8.15383095]
[5.52024686],[1.90948899],[8.07586162]
[5.52449865],[1.88937447],[8.00321369]
[5.53123958],[1.86573586],[7.90760255]
[5.53263559],[1.845877],[7.81449615]
[5.51306959],[1.82451577],[7.70786014]
[5.50061374],[1.80285017],[7.61539109]
[5.48868893],[1.77739311],[7.50561996]
[5.46851462],[1.75585753],[7.38602567]
[5.43322796],[1.73264924],[7.25464619]
[5.04243628],[1.70585391],[6.82609659]
[4.20266006],[1.68208525],[5.61476941]
[3.38798498],[1.65425638],[4.34111698]
[0.80846002],[0.45381693],[0.24371304]
[1.91152362],[1.21724051],[1.89038693]
[2.73414015],[1.60512778],[3.77462209]
[3.36483009],[1.71864124],[4.51530584]
[3.47796603],[1.75919827],[4.94814386]
[3.57843371],[1.77438455],[5.30676875]
[3.77323624],[1.78642242],[5.65751813]
[4.18074669],[1.79081241],[6.3366115]
[4.2435972],[1.83505477],[6.51985683]
[4.37776951],[1.84649211],[6.77508649]
[4.3950356],[1.88758536],[6.87842102]
[4.44664836],[1.89976712],[7.04994302]
[4.63265201],[1.93755028],[7.19538694]
[4.81500773],[1.95180999],[7.41287967]
[4.93957445],[1.98370102],[7.68118539]
[5.05540844],[1.99334649],[7.96715762]
[5.15387243],[2.01117499],[8.18127673]
[5.29492044],[2.01033341],[8.43200154]
[5.34170632],[2.0268053],[8.54537757]
[5.40706055],[2.02658752],[8.65432895]
[5.42787097],[2.04134289],[8.74351273]
[5.68120457],[2.04167222],[8.90989822]
[5.74098547],[2.05515785],[8.98537971]
[5.93750153],[2.05023557],[9.1366039]
[5.98958334],[2.05904537],[9.18514145]
[6.10746158],[2.05301439],[9.32386966]
[6.14151974],[2.06012778],[9.32565539]
[6.24257841],[2.05479344],[9.48177773]
[6.34998006],[2.06040221],[9.47616499]
[6.29735435],[2.05071601],[9.57073314]
[6.29487621],[2.05214005],[9.51715287]
[6.28096906],[2.03904176],[9.47478715]
[6.28394185],[2.03869839],[9.37635967]
[6.30488871],[2.03779019],[9.35947759]
[6.32660823],[2.03726337],[9.26696834]
[6.33373084],[2.03590299],[9.22446929]
[6.37389649],[2.03358486],[9.14399031]
[6.34449427],[2.0299858],[9.09330317]
[6.34221727],[2.02083237],[9.04235847]
[6.34494698],[2.01245956],[8.99239206]
[6.35262225],[1.99734394],[8.92695469]
[6.37137298],[1.9792549],[8.85898072]
[6.38152446],[1.95949599],[8.7641209]
[6.39157397],[1.94165779],[8.6731237]
[6.40778032],[1.92224389],[8.57874096]
[6.41561416],[1.89952722],[8.45737506]
[6.42521039],[1.8804433],[8.34924366]
[6.4226451],[1.85957651],[8.1670022]
[6.33139875],[1.83817391],[8.05744468]
[6.06451322],[1.81296323],[7.95703167]
[5.90532359],[1.79219696],[7.85612974]
[5.7822351],[1.76964315],[7.75643075]
[5.36633281],[1.74399553],[7.37697062]
[4.48980213],[1.72200953],[6.19038326]
[3.68257924],[1.69795204],[4.87883299]
[0.84410294],[0.50266037],[0.30527737]
[1.95403801],[1.21635423],[1.94433312]
[2.80089881],[1.61766957],[3.88877029]
[3.42089456],[1.72885539],[4.65286951]
[3.52345148],[1.7687255],[5.08874667]
[3.62860403],[1.78375794],[5.46354561]
[3.8919259],[1.79544934],[5.90930266]
[4.27184219],[1.8304649],[6.56954663]
[4.3263804],[1.87631486],[6.7515027]
[4.41818541],[1.88835906],[6.95212803]
[4.4299138],[1.92572633],[7.05851402]
[4.63084127],[1.93995926],[7.2982364]
[4.78866729],[1.97454432],[7.51910693]
[4.94905552],[1.98962486],[7.84323452]
[5.07551997],[2.01866442],[8.13147337]
[5.16585263],[2.02903857],[8.38840281]
[5.28779956],[2.04568254],[8.61512419]
[5.66949433],[2.04577223],[8.87303887]
[5.84139933],[2.06109649],[9.04978475]
[5.98747182],[2.06188574],[9.25473938]
[6.04216854],[2.07683497],[9.39224769]
[6.15436509],[2.08062549],[9.68360974]
[6.30077522],[2.09635452],[9.83233668]
[6.55985969],[2.09822521],[10.02342623]
[6.6791455],[2.11013986],[10.143747]
[6.80628127],[2.1115224],[10.31482624]
[6.83540556],[2.12204569],[10.40782999]
[6.91663613],[2.12487501],[10.58145496]
[6.91210463],[2.12865462],[10.66610837]
[6.93619556],[2.12729034],[10.81034725]
[6.91361567],[2.12449244],[10.85204376]
[6.93927821],[2.11762891],[10.80136724]
[6.9222096],[2.11488847],[10.76537424]
[6.92998202],[2.11294819],[10.6893821]
[6.90752374],[2.11100723],[10.66076337]
[6.92034429],[2.1079726],[10.56030293]
[6.89430304],[2.10582958],[10.53950143]
[6.90669344],[2.10167285],[10.46861722]
[6.8513453],[2.09044683],[10.3872188]
[6.84001636],[2.08282444],[10.32944662]
[6.82448611],[2.06432711],[10.23669263]
[6.81395925],[2.04076211],[10.13917773]
[6.79206212],[2.01408177],[10.01660347]
[6.79741728],[1.99291998],[9.92302237]
[6.81012925],[1.97142562],[9.80843512]
[6.81636363],[1.94366594],[9.67601718]
[6.82137193],[1.92019651],[9.50457]
[6.82518678],[1.89929529],[9.262087]
[6.76447748],[1.87899094],[8.96071031]
[6.63757258],[1.85510542],[8.67303016]
[6.57043117],[1.83506695],[8.48037481]
[6.51678083],[1.81319507],[8.33444032]
[6.15284393],[1.78838853],[7.91413457]
[5.35285212],[1.76747345],[6.68906207]
[4.52546481],[1.74547148],[5.3559498]
[0.87078567],[0.54531514],[0.35032538]
[1.9910525],[1.23064015],[1.99206173]
[2.85143598],[1.62965358],[3.9870959]
[3.46409031],[1.73756386],[4.7746941]
[3.56191029],[1.77671571],[5.21334698]
[3.749101],[1.79127514],[5.64960141]
[4.00058236],[1.82467581],[6.15836883]
[4.3233304],[1.86146409],[6.75084835]
[4.36244013],[1.90737464],[6.91184142]
[4.43804205],[1.91989381],[7.12038035]
[4.55747536],[1.95578255],[7.28871017]
[4.80373898],[1.97152153],[7.63002758]
[4.92786445],[2.00583224],[7.91765454]
[5.07338803],[2.02256297],[8.24064275]
[5.1904952],[2.05330587],[8.55180537]
[5.31227345],[2.07368264],[8.82386519]
[5.57639807],[2.09389092],[9.1191157]
[6.03273546],[2.10108063],[9.58134361]
[6.33756504],[2.12013256],[9.95127904]
[6.61084681],[2.12957697],[10.27003483]
[6.73239445],[2.14722893],[10.60155522]
[6.87362609],[2.15879187],[10.96981027]
[6.92000288],[2.17405396],[11.32361292]
[7.01928891],[2.18128581],[11.60236842]
[7.0441756],[2.19284717],[11.81388493]
[7.16361062],[2.19808851],[12.04902282]
[7.16336459],[2.20442443],[12.16725773]
[7.40863101],[2.21388004],[12.41537612]
[7.44333223],[2.21111705],[12.52695414]
[7.53015521],[2.21717968],[12.82907137]
[7.47422175],[2.20805226],[12.87328212]
[7.54032167],[2.20570241],[12.94224643]
[7.52573461],[2.19972557],[12.83404547]
[7.53505102],[2.19741871],[12.77566289]
[7.5107669],[2.19508001],[12.64701559]
[7.52127949],[2.19167923],[12.57620202]
[7.48962119],[2.18918725],[12.41771414]
[7.50118213],[2.18244751],[12.40303563]
[7.45207243],[2.17164511],[12.26390641]
[7.4296451],[2.16395924],[12.19220966]
[7.42864973],[2.14577126],[12.09280756]
[7.42528704],[2.12056666],[11.97641823]
[7.41888639],[2.08991469],[11.84007163]
[7.41747405],[2.06527213],[11.71024305]
[7.41413479],[2.04152524],[11.55975251]
[7.40785682],[2.01625801],[11.35263221]
[7.40797442],[1.99252384],[11.1559903]
[7.40432316],[1.96585466],[10.90130262]
[7.40192853],[1.93837283],[10.57438338]
[7.30779078],[1.90743967],[10.18674606]
[7.16488347],[1.87985858],[9.84301976]
[7.01920143],[1.85131795],[9.53028402]
[6.57032806],[1.82251886],[8.92655276]
[5.69945407],[1.80082],[7.53652713]
[4.84855843],[1.77791615],[6.00849751]
[0.86355584],[0.55159227],[0.34736815]
[1.97786167],[1.24577674],[2.00831368]
[2.88417544],[1.63815939],[4.03409037]
[3.49578733],[1.74467445],[4.8292536]
[3.59439656],[1.78371379],[5.28679271]
[3.77677139],[1.79859743],[5.78658423]
[4.02759],[1.85596137],[6.32256486]
[4.35340581],[1.89113442],[6.85681082]
[4.39577078],[1.93651456],[7.05983477]
[4.45924376],[1.94999524],[7.27829782]
[4.62412855],[1.98484128],[7.52534939]
[4.85203428],[2.00451333],[7.96478711]
[4.95082394],[2.05031308],[8.2906163]
[5.08846947],[2.0802337],[8.66517491]
[5.21210054],[2.11957213],[9.04052813]
[5.37704205],[2.14752232],[9.3916806]
[5.81459379],[2.16793451],[9.86921409]
[6.13423998],[2.1799123],[10.5286001]
[6.66509012],[2.19744217],[11.14914981]
[6.89040003],[2.21057133],[11.6953217]
[6.93683385],[2.22659768],[12.15976589]
[7.05695245],[2.24026832],[12.53812045]
[7.28323192],[2.24890964],[12.94342902]
[7.53147762],[2.26098842],[13.44419057]
[7.65795658],[2.26543054],[13.76247221]
[7.69303815],[2.28454807],[14.11263361]
[7.79922642],[2.29555208],[14.29125179]
[7.77249539],[2.30368367],[14.49140137]
[7.91097752],[2.3166159],[14.62895957]
[7.96515385],[2.32475088],[14.77087885]
[8.09000308],[2.32386907],[14.8960776]
[8.12423574],[2.31454224],[14.92230991]
[8.15330405],[2.2855826],[14.91659696]
[8.13051402],[2.28802743],[14.79969491]
[8.1361929],[2.2771863],[14.74599328]
[8.13751306],[2.26799499],[14.62530359]
[8.14237505],[2.26322715],[14.55208181]
[8.15505361],[2.25786971],[14.46598595]
[8.15634802],[2.24863502],[14.39789224]
[8.1511901],[2.2406758],[14.29025007]
[8.11480056],[2.22594269],[14.1550733]
[8.10352559],[2.19651485],[14.00545327]
[8.08966673],[2.16849983],[13.82163988]
[8.08512334],[2.13807278],[13.6388794]
[8.08495444],[2.11135369],[13.44815455]
[8.08355192],[2.08374099],[13.23168208]
[8.08008359],[2.0612552],[12.9963225]
[8.08041482],[2.0391582],[12.72901511]
[8.06820337],[2.01393274],[12.41625585]
[7.96164789],[1.98496466],[11.98862435]
[7.82230834],[1.95852931],[11.58172752]
[7.62440095],[1.93067183],[11.17283453]
[7.10449164],[1.89881769],[10.43918248]
[6.20722103],[1.86972271],[8.94725272]
[5.34411393],[1.8399053],[7.38101609]
[0.86862018],[0.55363339],[0.35135171]
[1.98840261],[1.23263457],[1.99760871]
[2.88151105],[1.6431602],[4.05620491]
[3.504556],[1.74933594],[4.87172048]
[3.6012107],[1.78814613],[5.33658804]
[3.8165184],[1.8031604],[5.85630847]
[4.06896069],[1.86998393],[6.40107672]
[4.36854995],[1.90697323],[6.94603767]
[4.41729829],[1.95387349],[7.17851177]
[4.49316602],[1.97398045],[7.46462805]
[4.71457469],[2.02673783],[7.82877842]
[4.93387441],[2.06321474],[8.34954574]
[5.02869431],[2.10972813],[8.75844086]
[5.15259481],[2.14867527],[9.19400691]
[5.29631121],[2.19049872],[9.65331652]
[5.6221981],[2.22271045],[10.12497004]
[6.02522872],[2.23955484],[10.82191956]
[6.62692439],[2.25350047],[11.61676787]
[6.94237384],[2.26632186],[12.54071774]
[7.15694141],[2.28096377],[13.10534952]
[7.23446364],[2.30153085],[13.55845437]
[7.5415501],[2.32742898],[14.23847363]
[7.7875574],[2.35518968],[14.7010417]
[7.81926406],[2.39147352],[15.1039471]
[8.01225951],[2.41130708],[15.47373143]
[8.06010009],[2.4480559],[15.80185807]
[8.21220866],[2.45211508],[16.06332221]
[8.33889512],[2.47169911],[16.35257161]
[8.45378192],[2.4755362],[16.61281123]
[8.54026131],[2.49391489],[16.82655929]
[8.60258739],[2.49625857],[16.97126097]
[8.64957442],[2.49154331],[17.04162099]
[8.609896],[2.47314718],[17.05558122]
[8.66009362],[2.45893063],[16.95161078]
[8.62137795],[2.43857667],[16.88063153]
[8.66360111],[2.42012188],[16.71021155]
[8.6175697],[2.4042757],[16.61600876]
[8.67000629],[2.38697454],[16.48682592]
[8.62932434],[2.38091115],[16.38702557]
[8.6598257],[2.37347919],[16.23898179]
[8.60587042],[2.36421581],[16.06325893]
[8.589928],[2.33537198],[15.88877503]
[8.56792523],[2.28045058],[15.64810427]
[8.55767577],[2.23036406],[15.42246494]
[8.55848694],[2.19144834],[15.19087295]
[8.55329014],[2.16212435],[14.92732939]
[8.54352935],[2.13321586],[14.67639444]
[8.5444169],[2.10452883],[14.36820874]
[8.54230261],[2.08127606],[14.07278926]
[8.52762098],[2.05561427],[13.70849089]
[8.38628666],[2.03102073],[13.27234625]
[8.24766658],[2.00518608],[12.82875699]
[7.76501706],[1.97575687],[11.99516519]
[6.87648538],[1.94840614],[10.42413561]
[5.98112401],[1.91953391],[8.74502584]
[0.88852109],[0.58489255],[0.38314435]
[2.02595252],[1.22975232],[2.06336174]
[2.90025195],[1.64646349],[4.10607326]
[3.52756204],[1.7523384],[4.94282521]
[3.62185456],[1.79153051],[5.42858583]
[3.89414925],[1.80991907],[5.98107842]
[4.15487705],[1.89002753],[6.54564341]
[4.39675785],[1.93216056],[7.12165291]
[4.46905344],[1.9936342],[7.43980974]
[4.65606563],[2.02869332],[7.84288066]
[4.85769213],[2.07684088],[8.32355472]
[5.05416228],[2.11629867],[8.87452586]
[5.15480153],[2.16423013],[9.33866118]
[5.2932802],[2.20404765],[9.80138048]
[5.49463436],[2.24234872],[10.33998148]
[6.03421311],[2.27063524],[11.0535625]
[6.53986457],[2.28770678],[11.84314123]
[6.96919717],[2.33062158],[12.82051265]
[7.20257927],[2.34956147],[13.69447181]
[7.56316497],[2.39819732],[14.53887234]
[7.76716776],[2.42038967],[15.15395547]
[7.80811481],[2.45724558],[15.63823919]
[8.12169821],[2.47613583],[16.11744925]
[8.32475314],[2.51106775],[16.60692306]
[8.49976855],[2.53310137],[17.07670126]
[8.56130136],[2.5626084],[17.50730813]
[8.64148297],[2.56826856],[17.85203001]
[8.68234863],[2.58603499],[18.11664992]
[8.74550394],[2.59346109],[18.32460335]
[8.8378277],[2.6082654],[18.53459077]
[8.90075881],[2.61029919],[18.64814083]
[8.95643982],[2.60369309],[18.76439138]
[8.95767768],[2.59038567],[18.75272801]
[8.97919879],[2.57843587],[18.72038115]
[8.98586704],[2.56253297],[18.61853446]
[9.00416534],[2.54511145],[18.50376956]
[9.00511193],[2.52919278],[18.36746929]
[9.02781575],[2.51489935],[18.27996812]
[9.04094904],[2.50857707],[18.13673562]
[9.04290154],[2.50025621],[18.02120033]
[9.03673641],[2.48831345],[17.82558579]
[9.00602697],[2.45624092],[17.63200287]
[8.98139881],[2.39788283],[17.3702564]
[8.96620059],[2.33708853],[17.11363454]
[8.95890399],[2.27985933],[16.83726102]
[8.95979989],[2.23540288],[16.52146253]
[8.94949355],[2.2003754],[16.21892229]
[8.94955709],[2.1714349],[15.92225354]
[8.95086271],[2.14295938],[15.53948088]
[8.94327136],[2.11362112],[15.13519078]
[8.86810731],[2.08617708],[14.71604967]
[8.73189821],[2.06187512],[14.26703384]
[8.18794638],[2.03426924],[13.38522967]
[7.29821357],[2.00884763],[11.72929918]
[6.40946439],[1.98204065],[9.99086255]
[0.91042562],[0.61571058],[0.41588059]
[2.06634344],[1.23971762],[2.16579869]
[2.92158455],[1.65261651],[4.16531432]
[3.55680736],[1.75530343],[5.03132025]
[3.6397345],[1.7947718],[5.55106635]
[4.00958759],[1.8251623],[6.16398435]
[4.27107578],[1.91912136],[6.78386113]
[4.46647161],[1.97602435],[7.39254031]
[4.63844743],[2.03880285],[7.84085672]
[4.8414116],[2.07649384],[8.33355097]
[4.99474755],[2.12463665],[8.88207061]
[5.17564464],[2.16666275],[9.43575857]
[5.28687746],[2.21434335],[9.93760781]
[5.55353053],[2.25276438],[10.47882807]
[6.01944207],[2.28512231],[11.1793136]
[6.46464503],[2.32277231],[11.95590242]
[6.90605897],[2.39215113],[13.02116221]
[7.21722309],[2.4648735],[13.96388344]
[7.5824473],[2.48724223],[14.96748798]
[7.78232191],[2.52041792],[15.80864726]
[8.04531186],[2.54137792],[16.47004443]
[8.30546027],[2.5696027],[17.0430702]
[8.56076716],[2.58971537],[17.66804811]
[8.67485733],[2.6165013],[18.17798117]
[8.79748075],[2.63954426],[18.6390344]
[8.85417256],[2.65816365],[19.07597116]
[8.95421877],[2.66880382],[19.39982542]
[9.00221112],[2.68073687],[19.69966049]
[9.104198],[2.69239957],[19.89047996]
[9.22912799],[2.70263965],[20.24845398]
[9.32881548],[2.70544509],[20.3559479]
[9.34370306],[2.70065521],[20.58314743]
[9.361013],[2.6927469],[20.61406868]
[9.35489707],[2.68340074],[20.63047733]
[9.38187011],[2.6707676],[20.51972605]
[9.37699673],[2.65721863],[20.40482826]
[9.40228576],[2.64481465],[20.23622747]
[9.3978857],[2.6319486],[20.15360653]
[9.43962695],[2.62308706],[19.96656542]
[9.41135265],[2.61733314],[19.83727061]
[9.42574235],[2.60666343],[19.58322864]
[9.38597011],[2.58749417],[19.33227053]
[9.37133433],[2.5342769],[19.04698862]
[9.36166475],[2.47212999],[18.75993039]
[9.3565208],[2.4006942],[18.44264917]
[9.35898741],[2.33650772],[18.09086159]
[9.34673392],[2.2918363],[17.7389426]
[9.34984302],[2.24697031],[17.39310265]
[9.36245642],[2.20618977],[17.03497232]
[9.35554143],[2.17595865],[16.60545979]
[9.3382623],[2.14703988],[16.14865568]
[9.21811413],[2.11745354],[15.65002558]
[8.60913453],[2.09180567],[14.65932529]
[7.71950793],[2.0681291],[12.95829472]
[6.83176639],[2.04192471],[11.18003551]
[0.89208869],[0.61773899],[0.40117422]
[2.04823193],[1.2549241],[2.24201169]
[2.94221674],[1.66052651],[4.19263889]
[3.58362491],[1.76004686],[5.08798802]
[3.68131161],[1.80321947],[5.65851749]
[4.01313459],[1.86798507],[6.39076516]
[4.2809704],[1.95999262],[7.01773459]
[4.52250159],[2.02116226],[7.68562968]
[4.73549988],[2.08347808],[8.28288823]
[4.94197698],[2.12232145],[8.87587734]
[5.11066269],[2.16890053],[9.42415202]
[5.27465551],[2.21206065],[9.96580372]
[5.42104773],[2.25346194],[10.47757768]
[5.97123842],[2.29075677],[11.264393]
[6.43213056],[2.33622645],[12.03551256]
[6.88414487],[2.39549997],[12.979057]
[7.08719153],[2.46438374],[14.01335238]
[7.54216294],[2.53603591],[15.0453353]
[7.78910778],[2.5628418],[16.06124666]
[7.98076701],[2.59253374],[16.85643144]
[8.45951339],[2.61870816],[17.80136361]
[8.66276933],[2.64583221],[18.47612378]
[8.81522736],[2.66962958],[19.02730421]
[8.93995321],[2.69459641],[19.56896526]
[9.13269014],[2.71781147],[20.04875027]
[9.2168975],[2.73410639],[20.56377302]
[9.36147566],[2.74644653],[20.9834449]
[9.34341682],[2.76117495],[21.45132839]
[9.50189398],[2.77374769],[21.73374306]
[9.47661967],[2.7837193],[21.96485694]
[9.60716058],[2.78390512],[22.14163453]
[9.58720911],[2.78000051],[22.23745243]
[9.63327263],[2.77338316],[22.3041822]
[9.60924791],[2.76480707],[22.28776231]
[9.66452565],[2.75737345],[22.24153113]
[9.64690536],[2.74633266],[22.10663497]
[9.69870797],[2.73657206],[22.00716866]
[9.68475969],[2.72608828],[21.88175205]
[9.75765219],[2.71436626],[21.79140074]
[9.72907805],[2.70715917],[21.61602776]
[9.75704188],[2.69811509],[21.42870091]
[9.72624385],[2.68398435],[21.15506602]
[9.70743589],[2.64914816],[20.87251592]
[9.70226509],[2.58921341],[20.57023296]
[9.70016106],[2.52678888],[20.2482409]
[9.7111072],[2.44779004],[19.85795916]
[9.69753828],[2.38505673],[19.45644514]
[9.69478461],[2.33274233],[19.03819844]
[9.70743762],[2.28702289],[18.63695053]
[9.71267181],[2.24585419],[18.13624431]
[9.71932693],[2.20534236],[17.61596795]
[9.65829572],[2.17360037],[17.10589592]
[8.9949399],[2.1451504],[16.02035424]
[8.11743997],[2.11910976],[14.22656417]
[7.24045931],[2.09360857],[12.35619168]
[0.90267744],[0.62501569],[0.4146884]
[2.0581824],[1.25958917],[2.25025202]
[2.95941512],[1.67583483],[4.25171543]
[3.61062767],[1.77251574],[5.21113042]
[3.7168628],[1.8159374],[5.86531011]
[4.09196252],[1.90915681],[6.63582289]
[4.39122265],[2.00041257],[7.32727943]
[4.66469268],[2.06580169],[8.08305592]
[4.91693343],[2.12648652],[8.80322986]
[5.10354177],[2.16717952],[9.41202954]
[5.22820958],[2.21110087],[9.95426023]
[5.45127992],[2.25274877],[10.55803967]
[5.90277542],[2.29012034],[11.16769474]
[6.24063222],[2.32861887],[12.03509383]
[6.8252203],[2.40453013],[13.01406042]
[7.08990668],[2.4726768],[13.96772598]
[7.43588694],[2.53744941],[14.94487066]
[7.71839022],[2.60452998],[16.10065428]
[7.98629324],[2.63293639],[17.06101665]
[8.34909681],[2.65988624],[18.10493495]
[8.67977175],[2.68576211],[19.00169244]
[8.87550352],[2.71068799],[19.73235216]
[9.10886518],[2.73414744],[20.31573728]
[9.2671936],[2.75681514],[20.98642821]
[9.48264979],[2.77913535],[21.5253765]
[9.44290063],[2.79832448],[22.09683599]
[9.6192844],[2.81329169],[22.59323561]
[9.59334826],[2.82774962],[22.90722569]
[9.76448475],[2.84140716],[23.26791981]
[9.79024782],[2.85031314],[23.46059588]
[9.95081173],[2.85160342],[23.76856205]
[9.97918786],[2.84945003],[23.92546661]
[10.00212595],[2.84538465],[24.11805989]
[9.97956704],[2.8378903],[24.06939007]
[10.01490146],[2.8321276],[24.09533325]
[9.9971535],[2.82444689],[23.8705987]
[10.03967182],[2.81722378],[23.82543543]
[10.03597882],[2.80915131],[23.599874]
[10.08100374],[2.79955633],[23.54809273]
[10.08769277],[2.79036721],[23.29037379]
[10.08093204],[2.78087348],[23.13014701]
[10.08992945],[2.77009574],[22.78482595]
[10.05662543],[2.75028936],[22.48138424]
[10.05308632],[2.70236803],[22.18862357]
[10.04875817],[2.64751079],[21.87762024]
[10.05612931],[2.58173425],[21.52471962]
[10.04137443],[2.5155593],[21.13762137]
[10.03655939],[2.4441577],[20.69187742]
[10.03933913],[2.38352093],[20.24727753]
[10.04625814],[2.33583663],[19.77975718]
[10.05542502],[2.2905912],[19.29965578]
[10.04994393],[2.24558177],[18.78981883]
[9.38107697],[2.20687205],[17.58994332]
[8.50366245],[2.17586925],[15.67072186]
[7.6255393],[2.14748904],[13.69286411]
[0.93895109],[0.66894748],[0.47461965]
[2.09040233],[1.28701384],[2.40739101]
[3.00673959],[1.69838385],[4.37731017]
[3.66328072],[1.78815531],[5.4309434]
[3.78265406],[1.85888323],[6.15835127]
[4.21539342],[1.96036023],[7.02367296]
[4.56275597],[2.04844925],[7.75106352]
[4.88864374],[2.11495111],[8.62703499]
[5.08059786],[2.17496831],[9.40256882]
[5.25341372],[2.21632533],[10.01189302]
[5.37251342],[2.25317329],[10.54449008]
[5.92562698],[2.29402671],[11.40111722]
[6.24311147],[2.33766115],[12.06439135]
[6.80468953],[2.39935357],[13.02394437]
[7.02784609],[2.47952323],[14.09924511]
[7.46517515],[2.54987077],[15.08488775]
[7.69580353],[2.61022263],[16.22505256]
[7.87483846],[2.66829382],[17.16399203]
[8.38936214],[2.69649834],[18.40285926]
[8.62100927],[2.72117728],[19.32651143]
[8.92526923],[2.74681338],[20.26591697]
[9.21949754],[2.77012749],[21.17984599]
[9.47166514],[2.79395251],[21.87157615]
[9.47750498],[2.81791802],[22.4929162]
[9.74911117],[2.8405949],[23.09756614]
[9.77334875],[2.85803676],[23.52641607]
[9.97066217],[2.88118212],[24.09623675]
[9.9983978],[2.89597622],[24.53628169]
[10.18675687],[2.92051832],[25.07564921]
[10.21724226],[2.91957591],[25.34520458]
[10.32407194],[2.93423444],[25.6457063]
[10.32497635],[2.92396481],[25.75711622]
[10.30729829],[2.92004364],[25.87956354]
[10.34081691],[2.90406987],[25.88785776]
[10.33937776],[2.90094409],[25.90238543]
[10.3799818],[2.89302166],[25.77303354]
[10.38388983],[2.88511073],[25.70763162]
[10.43203325],[2.87719444],[25.57434868]
[10.45059035],[2.86921882],[25.49260307]
[10.48728975],[2.86304866],[25.29079757]
[10.45939367],[2.85465724],[25.09449007]
[10.48219283],[2.84601363],[24.79125044]
[10.44285896],[2.8281623],[24.42861143]
[10.43712263],[2.79079096],[24.09711605]
[10.43220715],[2.74601021],[23.75382419]
[10.44115112],[2.69067499],[23.37992656]
[10.42021698],[2.63087959],[22.98621289]
[10.41217733],[2.57508122],[22.56116868]
[10.40641563],[2.50717007],[22.07926084]
[10.40614449],[2.4288201],[21.54960277]
[10.41885063],[2.3826613],[21.02653238]
[10.43338338],[2.33344225],[20.43339345]
[9.71922721],[2.29102109],[19.21913863]
[8.84248444],[2.2495671],[17.27038585]
[7.96435308],[2.2080419],[15.17706901]
[0.96903153],[0.72206523],[0.53752941]
[2.13475651],[1.36631892],[2.59819735]
[3.0298869],[1.7222673],[4.51043173]
[3.73031212],[1.80250183],[5.68103815]
[3.9797163],[1.90336353],[6.47935897]
[4.36100854],[2.00909533],[7.40869593]
[4.7936656],[2.09507582],[8.24182182]
[5.09300173],[2.16261386],[9.18700586]
[5.23430512],[2.21762316],[9.95209829]
[5.44941387],[2.25847882],[10.63577893]
[5.77072676],[2.29291792],[11.26636163]
[6.18246228],[2.34778575],[12.21658037]
[6.75009144],[2.41860007],[13.08504486]
[7.03076699],[2.48861375],[14.12062716]
[7.35527647],[2.57050379],[15.1629914]
[7.68824102],[2.63229794],[16.32626747]
[7.93367689],[2.68995241],[17.38314988]
[8.27007434],[2.73832481],[18.51697408]
[8.66790615],[2.7668373],[19.668824]
[8.85269945],[2.78723125],[20.62034351]
[9.31244992],[2.81417816],[21.73873818]
[9.43434197],[2.83457261],[22.68140237]
[9.7328158],[2.86069354],[23.44643173]
[9.78281761],[2.87910945],[23.92800271]
[10.12582828],[2.91913031],[24.68713572]
[10.17579235],[2.93326933],[25.2642442]
[10.34507024],[2.97286814],[25.94033157]
[10.27967565],[2.98508043],[26.28583084]
[10.45646491],[3.0195604],[26.81599991]
[10.49835129],[3.02584129],[27.04676315]
[10.60215574],[3.04012207],[27.3876608]
[10.65196575],[3.03988406],[27.51099384]
[10.64823583],[3.03016548],[27.60813673]
[10.68843672],[3.01547055],[27.78106677]
[10.69499586],[3.00271097],[27.69869029]
[10.73337183],[2.98288001],[27.66620371]
[10.73775097],[2.96803569],[27.4946516]
[10.77419084],[2.95860808],[27.42127533]
[10.77683395],[2.94847304],[27.24652489]
[10.80513143],[2.93913919],[27.11795177]
[10.79800212],[2.92985148],[26.8459374]
[10.81020276],[2.92074505],[26.5991174]
[10.79570034],[2.89407453],[26.24170553]
[10.78113601],[2.86758921],[25.92403175]
[10.78245531],[2.83303401],[25.58901976]
[10.78654094],[2.79123156],[25.21962316]
[10.78203609],[2.74673203],[24.82638502]
[10.78621752],[2.69704216],[24.41571902]
[10.78780306],[2.64218579],[23.9851266]
[10.78483173],[2.58492716],[23.45287247]
[10.79419328],[2.52013048],[22.90030541]
[10.80086839],[2.44723409],[22.32174951]
[10.02629273],[2.40091971],[20.94149454]
[9.17874447],[2.36329349],[18.8234659]
[8.30221164],[2.31349921],[16.63739773]
[0.95815909],[0.76904981],[0.5870115]
[2.12675341],[1.4356568],[2.74532907]
[3.05555846],[1.74270497],[4.59707267]
[3.79997713],[1.81714061],[5.9078075]
[4.07036327],[1.94775168],[6.80489671]
[4.4603334],[2.05748023],[7.76614118]
[4.91710118],[2.14176307],[8.72290672]
[5.19862677],[2.21168497],[9.66277121]
[5.34668083],[2.25955062],[10.45862013]
[5.86488393],[2.29832803],[11.40201044]
[6.11413951],[2.36069777],[12.13040874]
[6.73985905],[2.42170278],[13.1218072]
[6.96274533],[2.4989203],[14.15406099]
[7.36290283],[2.57121992],[15.12440366]
[7.63645092],[2.64188758],[16.40338742]
[7.80216199],[2.70291371],[17.38111739]
[8.32298279],[2.75958075],[18.66825239]
[8.5881734],[2.80235191],[19.73650401]
[8.87697112],[2.83177353],[20.84606817]
[9.21437734],[2.84947576],[21.99316656]
[9.57575731],[2.88764583],[23.15523359]
[9.68210035],[2.90715813],[24.01261808]
[10.12481625],[2.95392768],[25.04751664]
[10.17011088],[2.96814673],[25.65872756]
[10.40705181],[3.01701761],[26.42610893]
[10.43574262],[3.03015959],[26.90983701]
[10.63829443],[3.07411921],[27.54446888]
[10.60076349],[3.0889444],[27.84092044]
[10.80042024],[3.11886118],[28.41429002]
[10.94692078],[3.12842418],[28.97200605]
[11.05538139],[3.14138265],[29.30227288]
[11.09001406],[3.14140087],[29.62774037]
[11.10532016],[3.12664604],[29.73017235]
[11.10274856],[3.11387896],[29.85757012]
[11.11992809],[3.10022578],[29.80191919]
[11.11883855],[3.08521828],[29.74454162]
[11.14207328],[3.07136999],[29.57499447]
[11.14696082],[3.05746582],[29.48531272]
[11.16736776],[3.0421035],[29.27688857]
[11.16299129],[3.02833069],[29.1543496]
[11.17874508],[3.01436273],[28.86073952]
[11.16303243],[3.00326705],[28.62623134]
[11.16191863],[2.98619783],[28.20056723]
[11.12493935],[2.94704131],[27.80285273]
[11.12132838],[2.89867421],[27.41203746]
[11.12000643],[2.85637921],[26.98229999]
[11.11510047],[2.81758322],[26.562361]
[11.12237532],[2.77315232],[26.10185292]
[11.12388088],[2.72644134],[25.61556602]
[11.11749872],[2.67525483],[25.06212167]
[11.12810428],[2.62635113],[24.52526626]
[11.07892046],[2.56914662],[23.95574433]
[10.32230547],[2.50374001],[22.47607468]
[9.51357337],[2.47133381],[20.42849168]
[8.63770488],[2.43789976],[18.14862061]
[0.98348019],[0.82020706],[0.68743318]
[2.18548613],[1.47285396],[2.84851525]
[3.06439909],[1.75866339],[4.69075494]
[3.83802767],[1.83088461],[6.12376187]
[4.22100484],[1.99013572],[7.15579789]
[4.61203988],[2.10242109],[8.17545502]
[5.05732645],[2.18700447],[9.21614127]
[5.40697394],[2.25445363],[10.15114898]
[5.756475],[2.30420832],[11.07483634]
[6.11839953],[2.36945785],[12.12780218]
[6.67899339],[2.43848235],[13.08556084]
[6.99625624],[2.51792323],[14.14850077]
[7.2218356],[2.58534407],[15.11271488]
[7.61837936],[2.65351509],[16.31596831]
[7.82840986],[2.72071794],[17.49359896]
[8.1586047],[2.7724523],[18.56527513]
[8.59447082],[2.82550132],[19.86506449]
[8.74794261],[2.86106516],[20.89141041]
[9.21882495],[2.91046844],[22.22160423]
[9.40338065],[2.92811107],[23.33866854]
[9.75884909],[2.97855544],[24.48985323]
[10.03372366],[2.99508008],[25.52614272]
[10.35920794],[3.04762657],[26.68679155]
[10.37117655],[3.05781232],[27.21710977]
[10.63816443],[3.10844056],[27.9453678]
[10.76453786],[3.12143649],[28.48697822]
[11.02180448],[3.16142736],[29.19220979]
[10.97028504],[3.18255175],[29.78444115]
[11.19319371],[3.22074834],[30.47830775]
[11.19484165],[3.23413107],[30.8883844]
[11.31174646],[3.24916854],[31.31032206]
[11.32515024],[3.2496203],[31.51285974]
[11.38049219],[3.25208419],[31.65581586]
[11.34569005],[3.24068371],[31.73810881]
[11.40514428],[3.22404975],[31.77105348]
[11.36125889],[3.20563081],[31.66907539]
[11.43069024],[3.18518963],[31.55704005]
[11.40213042],[3.16672469],[31.39772452]
[11.46816346],[3.14501088],[31.25670884]
[11.42531464],[3.12381735],[31.05338364]
[11.49091931],[3.10620949],[30.84018114]
[11.44454578],[3.09237804],[30.52950325]
[11.48444631],[3.07733971],[30.21026882]
[11.44480925],[3.04163355],[29.8038444]
[11.44047327],[3.02270657],[29.42601892]
[11.44333818],[2.96036454],[28.9973549]
[11.43319643],[2.90034729],[28.55893374]
[11.44151204],[2.84208631],[28.09711977]
[11.44307186],[2.80176435],[27.59783882]
[11.43815984],[2.75625672],[27.03959386]
[11.44814757],[2.70873458],[26.45350316]
[11.38698788],[2.65970593],[25.77331269]
[10.63567753],[2.5996179],[24.15970981]
[9.88718203],[2.55733897],[21.97528916]
[9.02196318],[2.5258166],[19.61040106]
[1.04842235],[0.89395731],[0.86645125]
[2.26046244],[1.52525789],[3.02398163]
[3.09120899],[1.7754057],[4.8491689]
[3.85869721],[1.84803887],[6.42013576]
[4.43074633],[2.04258642],[7.6614407]
[4.8734885],[2.16237079],[8.70953031]
[5.24228637],[2.25621537],[9.78076774]
[5.80758234],[2.3163296],[10.80227519]
[6.11273108],[2.37506863],[11.88316583]
[6.68494829],[2.45425597],[13.01269387]
[6.94084688],[2.53019491],[14.18807876]
[7.34130063],[2.60470929],[15.23989089]
[7.59634445],[2.67007373],[16.40072283]
[7.78421687],[2.73015791],[17.5010412]
[8.14253913],[2.7927224],[18.80310265]
[8.45682202],[2.83931128],[19.9408493]
[8.81671771],[2.89866805],[21.17841601]
[9.12952856],[2.95459797],[22.40415868]
[9.52916766],[3.00829223],[23.69158398]
[9.57797512],[3.02105133],[24.67509807]
[10.15664705],[3.07676162],[26.09879246]
[10.27068063],[3.08915338],[27.14547939]
[10.58852566],[3.13890261],[28.19936874]
[10.76143393],[3.15395823],[28.89327304]
[11.04799886],[3.19568184],[29.72257688]
[11.0482136],[3.22123773],[30.42325473]
[11.30044346],[3.27508789],[31.23890277]
[11.22596708],[3.29902944],[31.60513092]
[11.47177475],[3.34417605],[32.32837859]
[11.53059561],[3.34763569],[32.69619706]
[11.70786664],[3.37191274],[33.25310229]
[11.78387754],[3.36207958],[33.56158576]
[11.81711409],[3.35952434],[33.90537562]
[11.79473755],[3.35055479],[33.94718303]
[11.81738443],[3.33873128],[34.0859285]
[11.778017],[3.3204284],[33.88173444]
[11.80813565],[3.30403482],[33.82114539]
[11.80883176],[3.28846066],[33.54603505]
[11.829405],[3.27111701],[33.44816798]
[11.83200133],[3.25424608],[33.10892244]
[11.84728683],[3.23650821],[32.954195]
[11.84727881],[3.21781488],[32.51336923]
[11.84206149],[3.19665149],[32.21769259]
[11.83844872],[3.17621776],[31.77022031]
[11.81466807],[3.15404221],[31.35593026]
[11.81456337],[3.10486],[30.9057333]
[11.80667505],[3.03738351],[30.43767224]
[11.81036824],[2.96772798],[29.9473999]
[11.81192202],[2.897446],[29.42385108]
[11.80774969],[2.82259547],[28.84156207]
[11.81372157],[2.77723199],[28.27761823]
[11.70514725],[2.73221406],[27.61104271]
[10.95422259],[2.68030203],[25.97266733]
[10.20856286],[2.63243545],[23.67124512]
[9.39747719],[2.60347302],[21.22763209]
[1.10277157],[0.9392092],[1.00650681]
[2.28370201],[1.57800191],[3.20853101]
[3.11552575],[1.79168256],[5.00404328]
[3.88056187],[1.88579622],[6.68882342]
[4.63622879],[2.11882643],[8.16524095]
[5.12575757],[2.234426],[9.25963906]
[5.44788367],[2.31840198],[10.3368555]
[6.08482815],[2.37492113],[11.48515796]
[6.58735046],[2.47556582],[12.74508822]
[6.96346309],[2.55364605],[14.03930762]
[7.19296779],[2.62667073],[15.2485756]
[7.61869959],[2.69547899],[16.53366829]
[7.78319997],[2.75595332],[17.7070865]
[8.12288679],[2.80763362],[18.78869255]
[8.53797209],[2.86617307],[20.24295294]
[8.66318896],[2.91289114],[21.25810019]
[9.13596113],[2.99952539],[22.62156942]
[9.39806983],[3.05616809],[23.90002443]
[9.73933963],[3.11056413],[25.19412425]
[9.99276814],[3.12172926],[26.29714802]
[10.39895685],[3.17090183],[27.76933845]
[10.50224686],[3.19062528],[28.70288678]
[10.98202246],[3.23608418],[29.96035998]
[11.05260254],[3.26023176],[30.8396781]
[11.29377197],[3.32435979],[31.77207868]
[11.29639888],[3.34698205],[32.22921159]
[11.6375931],[3.40355452],[33.09917729]
[11.72566299],[3.421935],[33.52261125]
[11.92018582],[3.46058522],[34.4682275]
[11.99387783],[3.46756863],[35.01061626]
[12.09052206],[3.48206909],[35.56434782]
[12.18947033],[3.47745491],[35.91283649]
[12.16924229],[3.47831937],[36.1913674]
[12.21647205],[3.47354207],[36.34057337]
[12.18367451],[3.46135275],[36.42873257]
[12.22745839],[3.44228175],[36.36496673]
[12.18935631],[3.42352385],[36.22623408]
[12.24692238],[3.4091071],[36.02834717]
[12.21578852],[3.39353251],[35.85826913]
[12.26546381],[3.37844236],[35.62140688]
[12.22383268],[3.36293126],[35.37085094]
[12.26985089],[3.34665622],[35.01395002]
[12.22089471],[3.3286368],[34.6376893]
[12.26418865],[3.31138432],[34.20775394]
[12.22405066],[3.286965],[33.7358174]
[12.21782983],[3.24313284],[33.25533524]
[12.21263487],[3.18334974],[32.75972393]
[12.21168396],[3.10826289],[32.24238401]
[12.21682488],[3.0367422],[31.68517713]
[12.21449673],[2.96054572],[31.05091145]
[12.21630165],[2.89450373],[30.44817765]
[12.06627441],[2.82612024],[29.78383418]
[11.31381427],[2.772619],[27.97182557]
[10.566637],[2.73153226],[25.58023432]
[9.81947178],[2.69425187],[23.088732]
[1.14049526],[0.68535442],[1.0346451]
[2.30374738],[1.30994585],[2.76150924]
[3.14216309],[1.51559269],[4.39441141]
[3.90157445],[1.78121031],[6.0559392]
[4.63218637],[1.93450151],[7.72471025]
[5.30060574],[2.03963074],[8.7911736]
[5.79318132],[2.18066466],[9.88990239]
[6.4341676],[2.28608032],[11.08259177]
[6.81298895],[2.41118737],[12.47299771]
[7.23390972],[2.50680546],[13.76620684]
[7.56102569],[2.58577546],[15.105338]
[7.77469841],[2.63489272],[16.36170834]
[8.10614055],[2.69081652],[17.54779666]
[8.41200949],[2.72648847],[18.69809615]
[8.78596953],[2.80550568],[20.04249842]
[9.01032533],[2.85740305],[21.14890631]
[9.5137579],[2.95521764],[22.57144577]
[9.58021914],[3.00410712],[23.67740255]
[10.12287879],[3.05446973],[25.21045035]
[10.27647946],[3.07417245],[26.29535779]
[10.55546258],[3.14057144],[27.659553]
[10.91133558],[3.15990512],[28.80834794]
[11.23460823],[3.21910847],[30.2043359]
[11.26214146],[3.23467507],[30.89191935]
[11.64228152],[3.29039215],[31.92492305]
[11.78643844],[3.30580235],[32.50029003]
[12.01948516],[3.3522488],[33.56572784]
[12.06415167],[3.36896346],[34.10265576]
[12.22294717],[3.41234102],[34.91228792]
[12.38286113],[3.42982049],[35.47137457]
[12.5062068],[3.45787479],[36.03185442]
[12.61471861],[3.4790708],[36.46261321]
[12.67690431],[3.493737],[36.77943883]
[12.67175793],[3.49517354],[37.19429435]
[12.70032496],[3.47841779],[37.29243355]
[12.69385318],[3.46151765],[37.37388361]
[12.71946318],[3.44313657],[37.15456059]
[12.70587487],[3.43311381],[37.02588036]
[12.73398063],[3.42036329],[36.76485536]
[12.72532974],[3.40927583],[36.61665712]
[12.75613534],[3.39649901],[36.26265647]
[12.73774586],[3.3833133],[35.974253]
[12.75643955],[3.36854665],[35.48946828]
[12.73720606],[3.35444094],[35.06967666]
[12.75559803],[3.33985959],[34.51669708]
[12.71995126],[3.30615429],[33.97741481]
[12.71542067],[3.25347022],[33.4461627]
[12.71300215],[3.18533953],[32.89650864]
[12.71000142],[3.11659776],[32.3209546]
[12.70936908],[3.03474431],[31.66651862]
[12.71050407],[2.96457984],[31.02001973]
[12.53180314],[2.8964263],[30.31277179]
[11.78268834],[2.82500555],[28.5789678]
[11.03522917],[2.76728136],[26.48143628]
[10.28776999],[2.71763187],[24.15324032]
[1.83485972],[0.82442677],[0.80394717]
[2.3109667],[0.57495168],[1.1039348]
[3.14243813],[0.79064132],[2.10945732]
[3.89935327],[1.06225925],[3.32026975]
[4.67417818],[1.2163429],[4.56342482]
[5.11227211],[1.32642797],[5.24824769]
[5.50432821],[1.48367184],[6.07801793]
[6.00716447],[1.6013573],[7.01508078]
[6.60349793],[1.71584593],[8.17056321]
[7.02074953],[1.80855072],[9.18158728]
[7.57815502],[1.88701568],[10.31993282]
[7.80829643],[1.93164237],[11.38637891]
[8.39073949],[1.9853526],[12.41964197]
[8.57369932],[2.03405357],[13.33510607]
[8.90430517],[2.13218871],[14.45804415]
[9.26242552],[2.18518333],[15.44733117]
[9.68903712],[2.27812443],[16.71773189]
[9.8916388],[2.35452035],[17.65753728]
[10.35025501],[2.41769549],[19.06423144]
[10.4204085],[2.43410558],[19.91044627]
[10.909062],[2.49165073],[21.17536639]
[11.10739514],[2.50739663],[22.14764889]
[11.37356611],[2.55841244],[23.33662139]
[11.68693346],[2.57181454],[24.05250816]
[11.97488401],[2.62081656],[25.22136082]
[12.02228091],[2.64411269],[25.80541066]
[12.26061983],[2.6929558],[26.66853018]
[12.45509312],[2.71497208],[27.15752737]
[12.66944178],[2.75768114],[27.95252897]
[12.79742721],[2.77764993],[28.59291993]
[12.9488105],[2.81042411],[29.27414674]
[13.03116973],[2.83436941],[29.78459718]
[13.11436784],[2.85254868],[30.18903887]
[13.11158773],[2.85721155],[30.54039579]
[13.13856555],[2.8510309],[30.73804649]
[13.13465698],[2.84139919],[30.75350854]
[13.16624559],[2.81846854],[30.69023198]
[13.158866],[2.80373503],[30.52813636]
[13.18474975],[2.79143752],[30.36400594]
[13.17805847],[2.78089095],[30.15700941]
[13.20351992],[2.77000447],[29.88885475]
[13.1951161],[2.75876067],[29.5708603]
[13.20857303],[2.74615395],[29.12982673]
[13.1982018],[2.73410542],[28.64085905]
[13.20902697],[2.7216417],[28.09702148]
[13.19785398],[2.6935411],[27.47170981]
[13.17884849],[2.65097977],[26.87902065]
[13.17739365],[2.58433213],[26.26259071]
[13.17383097],[2.50293169],[25.61083131]
[13.17216285],[2.41690873],[24.89278919]
[13.17386006],[2.34670597],[24.1607336]
[12.99343934],[2.27579656],[23.38427321]
[12.24542112],[2.20064519],[22.04287147]
[11.50110283],[2.13912285],[20.36245557]
[10.75515054],[2.08534894],[18.68606926]
