meltWidth,meltDepth,meltArea
[0.],[0.],[0.]
[0.],[0.],[0.]
[0.],[0.],[0.]
[0.94922843],[0.34933116],[0.21327701]
[1.03426978],[0.45990421],[0.27009196]
[1.17606291],[0.50816133],[0.39252156]
[1.27398418],[0.54764934],[0.42345928]
[1.35491035],[0.57194274],[0.52617665]
[1.42454235],[0.5725076],[0.5222596]
[1.41243207],[0.57149911],[0.54826763]
[1.45392334],[0.56596042],[0.51743325]
[1.41951829],[0.54440806],[0.53140383]
[1.44586516],[0.51132856],[0.47652542]
[1.42932132],[0.48053524],[0.49195456]
[1.47145505],[0.45560744],[0.44690074]
[1.48305629],[0.43702934],[0.47669047]
[1.5676508],[0.43492319],[0.46312314]
[1.61189073],[0.44384255],[0.51235397]
[1.70604662],[0.45417292],[0.51062593]
[1.69221211],[0.45374629],[0.53079681]
[1.7894592],[0.45008382],[0.52948443]
[1.79358051],[0.44597208],[0.55502377]
[1.87767577],[0.44164242],[0.55920134]
[1.86046601],[0.43769603],[0.57039293]
[1.93938344],[0.43519511],[0.57739434]
[1.93200798],[0.43276064],[0.59714387]
[2.00137548],[0.4305676],[0.60231243]
[1.98438673],[0.4284721],[0.61827436]
[2.05638499],[0.42641448],[0.62887244]
[2.05715744],[0.42439328],[0.64504589]
[2.08043731],[0.42425289],[0.65303773]
[2.0847048],[0.42634831],[0.64702279]
[2.08070889],[0.42689182],[0.64606046]
[2.08674761],[0.42803019],[0.64759173]
[2.09045722],[0.42988547],[0.652516]
[2.09138989],[0.43183595],[0.65707318]
[2.09697042],[0.43121819],[0.65937746]
[2.09757582],[0.43029916],[0.66143336]
[2.0987396],[0.4295281],[0.66339066]
[2.09534728],[0.42882551],[0.66450611]
[2.09818538],[0.42777458],[0.66590844]
[2.09319284],[0.42696578],[0.66481583]
[2.08048032],[0.42682829],[0.66151498]
[2.06979136],[0.42947868],[0.65703847]
[2.07287082],[0.43295516],[0.65904509]
[2.07650204],[0.44779915],[0.66887601]
[2.07085443],[0.46373762],[0.67499751]
[2.06735288],[0.49112148],[0.68111741]
[2.06744595],[0.50814951],[0.69099553]
[2.07079339],[0.523267],[0.70570103]
[2.04270122],[0.5309135],[0.69608595]
[2.00838511],[0.52685633],[0.68018196]
[1.63749935],[0.52268938],[0.57573753]
[0.],[0.],[0.]
[0.],[0.],[0.]
[0.],[0.],[0.]
[0.],[0.],[0.]
[0.73091157],[0.54897909],[0.19740205]
[1.14655342],[0.77857796],[0.51894764]
[1.25121913],[0.73399471],[0.58879415]
[1.35764013],[0.85107529],[0.73479669]
[1.47577495],[0.80424895],[0.77277823]
[1.58139647],[0.88216826],[0.8669756]
[1.69410395],[0.82995572],[0.86785159]
[1.64149789],[0.86598547],[0.85475278]
[1.6631161],[0.80068012],[0.79509354]
[1.69674724],[0.81693512],[0.81439818]
[1.73024586],[0.76553757],[0.78197071]
[1.75559494],[0.7913459],[0.81271531]
[1.8245078],[0.75826881],[0.82937459]
[1.87636599],[0.79469937],[0.89136317]
[1.95264289],[0.77327986],[0.93174219]
[2.00400076],[0.81017444],[0.99958567]
[2.04258192],[0.77415554],[0.99617641]
[2.06054647],[0.8263353],[1.04446554]
[2.08243378],[0.77058008],[1.01661814]
[2.09297998],[0.82906048],[1.07010302]
[2.11672629],[0.76492228],[1.03487415]
[2.11330767],[0.82282467],[1.08094424]
[2.14105664],[0.75877837],[1.04899588]
[2.1403341],[0.80305009],[1.09187538]
[2.16934071],[0.74719971],[1.06352705]
[2.16665115],[0.78218096],[1.09446502]
[2.19760985],[0.74218869],[1.08410146]
[2.20780437],[0.76966018],[1.10899921]
[2.22463439],[0.75346608],[1.1199561]
[2.22620702],[0.74772913],[1.10215983]
[2.22625502],[0.74365263],[1.10066735]
[2.22949863],[0.74055565],[1.10079225]
[2.23202793],[0.74384839],[1.10760364]
[2.23271068],[0.74606668],[1.11272808]
[2.23259377],[0.74723122],[1.11327202]
[2.23227604],[0.74407152],[1.11359724]
[2.23477559],[0.74044609],[1.11741631]
[2.23317252],[0.73730836],[1.11765181]
[2.22928264],[0.73841792],[1.11632222]
[2.22598107],[0.73825004],[1.11527858]
[2.22452659],[0.73800989],[1.11790482]
[2.22370893],[0.73635274],[1.11803091]
[2.22309412],[0.7344208],[1.11944671]
[2.22423444],[0.73594931],[1.12272522]
[2.22445298],[0.72937112],[1.12448624]
[2.23696771],[0.72569595],[1.14200643]
[2.25069437],[0.72513135],[1.15916816]
[2.25796772],[0.72956976],[1.1781302]
[2.26324933],[0.73477377],[1.18787768]
[2.26919568],[0.73036536],[1.19313036]
[1.97903913],[0.7266485],[1.11134693]
[0.],[0.],[0.]
[0.],[0.],[0.]
[0.],[0.],[0.]
[0.08799326],[0.11662862],[0.00434815]
[0.72256332],[0.78609901],[0.27981623]
[1.13291154],[0.98797263],[0.57300558]
[1.27626892],[0.9298873],[0.64876107]
[1.3982525],[1.04364831],[0.83596199]
[1.5044169],[0.96001855],[0.80817949]
[1.62812266],[1.00900681],[0.90098984]
[1.68276273],[0.95104252],[0.86808769]
[1.71256652],[0.95350379],[0.87315901]
[1.75218594],[0.90217344],[0.85377091]
[1.83020407],[0.91839616],[0.90896694]
[1.89621965],[0.89025414],[0.94354548]
[1.9779479],[0.92077235],[1.02377874]
[2.03302827],[0.90081352],[1.0531175]
[2.07213486],[0.93209231],[1.11224024]
[2.13265947],[0.92203495],[1.14386305]
[2.16559099],[0.94642757],[1.19284257]
[2.23364965],[0.93044799],[1.2237877]
[2.24149979],[0.95880764],[1.25393478]
[2.28818012],[0.92337644],[1.25202841]
[2.29047991],[0.96005639],[1.28796017]
[2.32863738],[0.91244333],[1.26975693]
[2.32103733],[0.95181274],[1.29740271]
[2.36264912],[0.90473771],[1.28178451]
[2.34681912],[0.9385248],[1.31002761]
[2.39752685],[0.88818044],[1.29233884]
[2.36951118],[0.91407543],[1.30687744]
[2.42037206],[0.87232938],[1.30209766]
[2.41699855],[0.88649581],[1.31126838]
[2.42832913],[0.86624296],[1.32030496]
[2.42790128],[0.85817242],[1.29371733]
[2.42151845],[0.85170402],[1.28583282]
[2.4252492],[0.85205748],[1.28667571]
[2.42497397],[0.85529201],[1.29089157]
[2.42203948],[0.86061728],[1.29880406]
[2.42345743],[0.86647926],[1.30474224]
[2.42323211],[0.86990864],[1.31099585]
[2.42495398],[0.87435956],[1.32124148]
[2.42199119],[0.87807211],[1.32621882]
[2.4207056],[0.88396656],[1.32885196]
[2.41698453],[0.8849617],[1.32895174]
[2.40444658],[0.88794672],[1.32625546]
[2.39443633],[0.88866771],[1.31657037]
[2.38506262],[0.89149904],[1.31072565]
[2.37586813],[0.89036834],[1.30400518]
[2.36147723],[0.88104226],[1.28818567]
[2.35183996],[0.86619854],[1.26722151]
[2.35643645],[0.8493227],[1.26605424]
[2.36284412],[0.83769823],[1.27563299]
[2.37675915],[0.82126402],[1.28885157]
[2.38701896],[0.81271588],[1.30709051]
[2.09498317],[0.81310846],[1.24048509]
[0.],[0.],[0.]
[0.],[0.],[0.]
[0.],[0.],[0.]
[0.00474279],[0.02052619],[0.]
[0.81489019],[0.77475503],[0.3119388]
[1.1575585],[0.88730504],[0.50842154]
[1.41421274],[0.83207068],[0.58465832]
[1.5462063],[0.92291476],[0.73384022]
[1.72518894],[0.89987501],[0.79569092]
[1.83863729],[0.90130682],[0.84707643]
[1.90988191],[0.88216296],[0.88616956]
[1.98841629],[0.89436313],[0.95007205]
[2.0605594],[0.88283986],[1.00024869]
[2.11833371],[0.9041575],[1.05641841]
[2.18975439],[0.88462923],[1.07822828]
[2.22540009],[0.91791604],[1.13023579]
[2.30438748],[0.88181805],[1.14570001]
[2.3365816],[0.9275445],[1.20068365]
[2.42754734],[0.8831034],[1.21065635]
[2.46191749],[0.92676296],[1.27191355]
[2.55118028],[0.88850773],[1.29155319]
[2.53557082],[0.92324107],[1.3224336]
[2.60572663],[0.8924969],[1.33996265]
[2.59698901],[0.91173619],[1.36097903]
[2.63439653],[0.89399029],[1.37657731]
[2.62738796],[0.89926065],[1.37266801]
[2.66103526],[0.88611929],[1.39202314]
[2.651785],[0.89244414],[1.39727177]
[2.68309071],[0.87375149],[1.40706357]
[2.68642655],[0.88158503],[1.40670768]
[2.69732113],[0.86280714],[1.42371522]
[2.747749],[0.87103341],[1.43047946]
[2.71906849],[0.85766618],[1.45287784]
[2.75644224],[0.85058208],[1.42244974]
[2.72471055],[0.84530847],[1.41033089]
[2.71665772],[0.84856012],[1.40976702]
[2.70483372],[0.85229105],[1.41061068]
[2.68610758],[0.8582302],[1.4165514]
[2.67595097],[0.86366381],[1.4148966]
[2.66422044],[0.86623707],[1.41364355]
[2.65201018],[0.86926209],[1.41727311]
[2.64114832],[0.87200435],[1.4157172]
[2.63036828],[0.87443614],[1.41246525]
[2.61904714],[0.87288575],[1.40907242]
[2.59924468],[0.87153028],[1.40249785]
[2.59195514],[0.8696555],[1.39013877]
[2.5805973],[0.86638066],[1.37380878]
[2.56529801],[0.86317004],[1.36088308]
[2.54537958],[0.85856672],[1.34150232]
[2.52990615],[0.85503317],[1.32230218]
[2.51573648],[0.84582529],[1.30402047]
[2.50175469],[0.83819167],[1.29104588]
[2.51300729],[0.83209347],[1.30118307]
[2.52085525],[0.83114769],[1.31674957]
[2.20883518],[0.81958589],[1.261404]
[0.],[0.],[0.]
[0.],[0.],[0.]
[0.],[0.],[0.]
[0.40667977],[0.75737593],[0.14917067]
[1.16237595],[0.88569694],[0.51013301]
[1.55547811],[0.90643807],[0.71396114]
[1.84201923],[0.89846741],[0.87912692]
[2.04013304],[0.95219166],[1.07847173]
[2.1571177],[0.92931212],[1.1555992]
[2.23313594],[0.95470023],[1.24596062]
[2.3039011],[0.92517276],[1.27260935]
[2.33188318],[0.9643447],[1.33223516]
[2.40651532],[0.92229172],[1.3421423]
[2.4273388],[0.95706187],[1.39526807]
[2.50776316],[0.91062323],[1.4045148]
[2.52506519],[0.94344882],[1.45282739]
[2.59969674],[0.90831936],[1.47932469]
[2.62318878],[0.93450046],[1.51351]
[2.7044753],[0.90806888],[1.54529256]
[2.76354038],[0.93008413],[1.58348731]
[2.86374121],[0.9185124],[1.6250849]
[2.91188407],[0.92432604],[1.63558254]
[2.99151288],[0.92172801],[1.66731729]
[2.99981655],[0.91956612],[1.6648897]
[3.06328082],[0.9246115],[1.69670021]
[3.05506383],[0.91936169],[1.68194797]
[3.10482209],[0.92288297],[1.71449]
[3.07530297],[0.91205607],[1.69964242]
[3.12968231],[0.91753644],[1.72952636]
[3.10346932],[0.90614733],[1.70725275]
[3.14985328],[0.90784165],[1.73418885]
[3.15957076],[0.90266833],[1.7270692]
[3.17870555],[0.90085017],[1.75042046]
[3.17286879],[0.89424765],[1.72418598]
[3.18419366],[0.88951049],[1.71267033]
[3.15803461],[0.89261723],[1.71026983]
[3.15327053],[0.89493392],[1.71095908]
[3.13774826],[0.89884737],[1.71490442]
[3.12853602],[0.90304441],[1.71346671]
[3.12049217],[0.90454686],[1.71104323]
[3.106738],[0.90512778],[1.70701591]
[3.08943555],[0.90422638],[1.6952381]
[3.07398411],[0.90467339],[1.6815393]
[3.05584425],[0.90082376],[1.670822]
[3.02914789],[0.89834046],[1.65855308]
[3.00811636],[0.89664482],[1.64105534]
[2.98904666],[0.89159723],[1.62227082]
[2.95769265],[0.8890174],[1.60472306]
[2.91566914],[0.88254482],[1.58209275]
[2.86210488],[0.87727051],[1.5555125]
[2.80548295],[0.86920615],[1.52982333]
[2.74271001],[0.86339649],[1.50829824]
[2.68549517],[0.85908808],[1.48524403]
[2.63287452],[0.8514998],[1.46836237]
[2.24386193],[0.84833582],[1.35653693]
[0.],[0.],[0.]
[0.],[0.],[0.]
[0.],[0.],[0.]
[0.65239002],[0.91920412],[0.34487134]
[1.52723537],[1.01751359],[0.79365141]
[1.78487195],[1.05395749],[1.00123952]
[2.02840273],[0.99732957],[1.12471192]
[2.21036175],[1.06791898],[1.34755268]
[2.34204249],[1.00517094],[1.40560883]
[2.41394583],[1.04468733],[1.50255116]
[2.48760264],[0.97891943],[1.50618696]
[2.51234436],[0.99929842],[1.55192801]
[2.58839525],[0.93953985],[1.55432608]
[2.62694811],[0.95651366],[1.59512532]
[2.71295672],[0.9298276],[1.62129422]
[2.77339362],[0.93137903],[1.64696993]
[2.86824951],[0.92700908],[1.707378]
[2.91887182],[0.92411782],[1.72042287]
[3.04642312],[0.92982314],[1.77662076]
[3.09845208],[0.92433585],[1.78568557]
[3.27978182],[0.93630347],[1.85496058]
[3.28780653],[0.92806045],[1.84907146]
[3.40629492],[0.9371171],[1.89876128]
[3.35933936],[0.93029749],[1.88813136]
[3.44411537],[0.93917935],[1.92920393]
[3.38302097],[0.93150381],[1.90372962]
[3.47068741],[0.93610226],[1.94156676]
[3.3955417],[0.92575328],[1.9165869]
[3.48360124],[0.93234457],[1.95285706]
[3.41507908],[0.9211932],[1.92432198]
[3.50417318],[0.92741031],[1.96807641]
[3.47247581],[0.9184276],[1.95881179]
[3.53665588],[0.92078048],[1.98434339]
[3.4880806],[0.91452504],[1.96800354]
[3.5370306],[0.91146627],[1.96773141]
[3.49588252],[0.91259297],[1.95774727]
[3.49692157],[0.91358016],[1.95254789]
[3.48332999],[0.91525378],[1.94461611]
[3.47368449],[0.91659909],[1.93218745]
[3.46547175],[0.91452431],[1.9189996]
[3.45035387],[0.91396666],[1.90784107]
[3.42935459],[0.91452262],[1.8969803]
[3.41229237],[0.91540261],[1.88389631]
[3.39264069],[0.9127002],[1.87018464]
[3.36294173],[0.91074015],[1.85506564]
[3.33385909],[0.90951244],[1.83699496]
[3.33735426],[0.90498133],[1.84150371]
[3.31637553],[0.90390633],[1.83004435]
[3.28726464],[0.89846754],[1.80876346]
[3.21520829],[0.89459514],[1.75737318]
[3.15903434],[0.8866056],[1.7211681]
[3.09602414],[0.88107684],[1.6892038]
[3.04629758],[0.877171],[1.66013064]
[2.99413598],[0.87026657],[1.63296908]
[2.49684071],[0.86549125],[1.46644615]
[0.],[0.],[0.]
[0.],[0.],[0.]
[0.16165282],[0.11368749],[0.00856587]
[1.02497196],[0.96138212],[0.52603901]
[1.76151251],[1.0373216],[0.97625218]
[1.95524892],[1.11422417],[1.19210121]
[2.16727195],[1.03477013],[1.29052922]
[2.35305383],[1.11464472],[1.5425587]
[2.49141835],[1.03757142],[1.60129285]
[2.55492851],[1.07580429],[1.71507706]
[2.65662165],[1.00663453],[1.74276939]
[2.76601626],[1.03396729],[1.79988868]
[2.85665754],[0.98387383],[1.80672545]
[2.91515393],[0.99883638],[1.84945084]
[3.02743503],[0.97984344],[1.89073072]
[3.08921407],[0.97413848],[1.91494476]
[3.23294079],[0.96898464],[1.97052439]
[3.31612513],[0.95454636],[1.9814504]
[3.48822971],[0.9646191],[2.04783474]
[3.47388206],[0.9560589],[2.05765494]
[3.59109401],[0.97047295],[2.12582328]
[3.58568889],[0.96666039],[2.11514249]
[3.68010049],[0.97327588],[2.17172598]
[3.63535225],[0.95892587],[2.14453792]
[3.7080581],[0.9733252],[2.19484082]
[3.66786303],[0.95668936],[2.16071185]
[3.74969172],[0.96930494],[2.21201738]
[3.70037784],[0.94900992],[2.17308858]
[3.77449632],[0.96449937],[2.2248265]
[3.7322034],[0.94357021],[2.18600141]
[3.80447708],[0.95709871],[2.23763802]
[3.79503954],[0.93995819],[2.22426117]
[3.82978191],[0.94504239],[2.24834818]
[3.82649852],[0.93942012],[2.27431928]
[3.84160272],[0.93758612],[2.27309474]
[3.84187006],[0.93959156],[2.25930402]
[3.83149224],[0.93964279],[2.26233358]
[3.82028433],[0.94096959],[2.26214789]
[3.80547018],[0.94265679],[2.25503277]
[3.7908971],[0.94144788],[2.24515286]
[3.77215285],[0.9421389],[2.23410362]
[3.74473781],[0.94159875],[2.225902]
[3.71722471],[0.94294794],[2.20884765]
[3.68522153],[0.94153561],[2.19559669]
[3.64096526],[0.93915053],[2.1779225]
[3.59644105],[0.93727774],[2.15764602]
[3.56259572],[0.93306571],[2.13993871]
[3.5284416],[0.93179915],[2.1237428]
[3.49858365],[0.92797385],[2.1110997]
[3.46875775],[0.92424369],[2.07822268]
[3.43569974],[0.91702481],[2.04633787]
[3.398319],[0.91241351],[2.01470908]
[3.37450799],[0.90962416],[1.98544227]
[3.35193228],[0.9027935],[1.95544759]
[2.81904162],[0.89835312],[1.73617277]
[0.],[0.],[0.]
[0.],[0.],[0.]
[0.],[0.],[0.]
[1.4625976],[0.64532056],[0.4677141]
[1.87273977],[0.81042966],[0.84627938]
[2.06328668],[0.88326222],[1.04315408]
[2.37771734],[0.88713324],[1.25731493]
[2.49832716],[0.94036732],[1.44852985]
[2.64197891],[0.94022212],[1.5755079]
[2.79447278],[0.9509238],[1.68510001]
[2.94532814],[0.94612897],[1.75438961]
[3.01490344],[0.93577388],[1.79059317]
[3.14486711],[0.94060698],[1.84762843]
[3.26895903],[0.92986866],[1.93706275]
[3.38391975],[0.94345624],[1.96381174]
[3.47713854],[0.9256014],[2.06920851]
[3.65717171],[0.9415089],[2.10965005]
[3.67273521],[0.93012772],[2.16487166]
[3.81133133],[0.94864117],[2.20451397]
[3.84954868],[0.93632057],[2.26035351]
[3.93512116],[0.95766454],[2.28644064]
[3.9648148],[0.94462581],[2.33836314]
[4.01990077],[0.96494936],[2.34007835]
[4.01162472],[0.94962189],[2.39658273]
[4.03696929],[0.97001876],[2.38098241]
[4.02947992],[0.95266086],[2.43679709]
[4.0796972],[0.97067822],[2.41383743]
[4.05375953],[0.94939152],[2.46574756]
[4.10439595],[0.96984374],[2.43957351]
[4.07312095],[0.94571352],[2.49872307]
[4.13002597],[0.96324356],[2.47622501]
[4.12979159],[0.94403828],[2.5495496]
[4.12064632],[0.9494409],[2.53791243]
[4.15023831],[0.9459321],[2.58908697]
[4.12598706],[0.94554636],[2.57126192]
[4.15303462],[0.94850981],[2.54620389]
[4.12456421],[0.94975656],[2.53008707]
[4.11853091],[0.95276048],[2.51198324]
[4.11101272],[0.95624652],[2.48802082]
[4.10159936],[0.95538377],[2.45725561]
[4.09388843],[0.95450242],[2.42882432]
[4.0741331],[0.9538348],[2.41551037]
[4.05606731],[0.95560099],[2.38709286]
[4.03905958],[0.95523592],[2.36817584]
[4.00878273],[0.95348937],[2.34952178]
[3.97955738],[0.95254826],[2.33203189]
[3.95509712],[0.94928532],[2.31525589]
[3.92654208],[0.94817946],[2.29906411]
[3.88565085],[0.9444225],[2.28601687]
[3.82877012],[0.94063156],[2.25506418]
[3.76607698],[0.93379083],[2.23079684]
[3.69209539],[0.92924872],[2.20650033]
[3.62377002],[0.92587571],[2.18522485]
[3.56860662],[0.91937238],[2.16480036]
[2.98414624],[0.91499977],[1.93280632]
[0.],[0.],[0.]
[0.],[0.],[0.]
[0.],[0.],[0.]
[1.70981292],[0.73068719],[0.63043431]
[2.07161935],[0.85494794],[0.99484101]
[2.34151794],[0.90041375],[1.28470517]
[2.60854921],[0.921882],[1.52124229]
[2.65064128],[0.96145912],[1.66649843]
[2.81045109],[0.97460705],[1.8038088]
[3.14699881],[0.97030586],[1.99899468]
[3.17778573],[0.9821585],[1.99655491]
[3.37800048],[0.97112862],[2.19815183]
[3.43723196],[0.98031397],[2.14612194]
[3.5086129],[0.96714616],[2.31487884]
[3.68160457],[0.98135449],[2.30247019]
[3.75954772],[0.96499854],[2.39825635]
[3.89447963],[0.98147404],[2.41382924]
[3.96789544],[0.97193645],[2.48657831]
[4.07636335],[0.98871798],[2.48149497]
[4.14256634],[0.9756408],[2.58287455]
[4.2193517],[0.99655954],[2.57555483]
[4.2904222],[0.98369933],[2.66894953]
[4.32040232],[1.00398257],[2.64962688]
[4.32963126],[0.98811814],[2.73949884]
[4.34158461],[1.00880362],[2.73655499]
[4.3427461],[0.98936959],[2.79537908]
[4.38741431],[1.00733986],[2.79184211]
[4.36182052],[0.98651706],[2.83054919]
[4.40845898],[1.00634008],[2.85207504]
[4.37481115],[0.99362458],[2.87181366]
[4.42925011],[1.00329867],[2.91204906]
[4.44727567],[0.9936414],[2.93627653]
[4.40956744],[1.00545541],[2.96570951]
[4.4654626],[0.99533211],[2.9884065]
[4.40919455],[0.99283537],[3.00209011]
[4.46118052],[0.99168415],[2.98807014]
[4.42529177],[0.99019349],[2.95643955]
[4.4126207],[0.9894308],[2.92670001]
[4.41121261],[0.99027013],[2.89470551]
[4.39911956],[0.98760815],[2.84627149]
[4.39202326],[0.98845511],[2.80193029]
[4.36924232],[0.99000307],[2.7609325]
[4.35431509],[0.99497414],[2.7246935]
[4.34524618],[0.99420198],[2.6907207]
[4.32258149],[0.99447007],[2.65922097]
[4.30324438],[0.99653368],[2.63541134]
[4.28620448],[0.99559211],[2.62020909]
[4.26990229],[0.99656733],[2.60574459]
[4.23833871],[0.99725158],[2.58868127]
[4.20779968],[0.99576476],[2.55076587]
[4.17261182],[0.9888891],[2.50913012]
[4.11201927],[0.98395268],[2.47024905]
[4.05447358],[0.98077518],[2.44091625]
[4.00264008],[0.97376411],[2.4127455]
[3.36492593],[0.96891146],[2.133504]
[0.],[0.],[0.]
[0.],[0.],[0.]
[0.],[0.],[0.]
[1.76846043],[0.73179821],[0.64698422]
[2.30015146],[0.87052336],[1.15625372]
[2.48809982],[0.90495238],[1.44319086]
[2.73124033],[0.93992445],[1.69597761]
[3.02972964],[0.97831178],[1.9394014]
[3.00775758],[0.99484046],[1.98549409]
[3.31445324],[1.00261292],[2.22923176]
[3.4131497],[1.01163152],[2.21454845]
[3.49817488],[0.99550511],[2.400768]
[3.6415802],[1.00430047],[2.37319099]
[3.68743763],[0.99157876],[2.46563788]
[3.89209682],[1.00752232],[2.50718955]
[3.94368424],[0.99249006],[2.58285916]
[4.11172087],[1.01406442],[2.60712099]
[4.15145259],[1.00419624],[2.70018689]
[4.28159341],[1.02250336],[2.73061442]
[4.32279136],[1.00749044],[2.82168582]
[4.42363822],[1.0287613],[2.89014504]
[4.44957657],[1.01394014],[2.95745327]
[4.50691114],[1.03485071],[3.00288447]
[4.48593805],[1.02462671],[3.0456153]
[4.52096477],[1.03395846],[3.11264164]
[4.49565084],[1.02742424],[3.10245614]
[4.5487306],[1.03034017],[3.17491813]
[4.51025457],[1.03445689],[3.13062941]
[4.56316607],[1.04018007],[3.21977339]
[4.52726407],[1.04653704],[3.16880643]
[4.58441487],[1.05206189],[3.2528143]
[4.6120879],[1.05162022],[3.22607907]
[4.58913469],[1.06176688],[3.25441637]
[4.62338752],[1.05709504],[3.26726679]
[4.58503722],[1.05510014],[3.26744978]
[4.6152567],[1.04463152],[3.26235027]
[4.59544639],[1.03420747],[3.23645812]
[4.57206978],[1.02506955],[3.20821055]
[4.5730186],[1.01282821],[3.17521806]
[4.56012806],[1.00554188],[3.13217377]
[4.55217999],[1.00505595],[3.0883272]
[4.53012336],[1.0066283],[3.02209898]
[4.52115147],[1.01105512],[2.96541931]
[4.51479942],[1.00965611],[2.91933214]
[4.49000771],[1.01145577],[2.87297973]
[4.4775629],[1.01330159],[2.83547316]
[4.4651207],[1.01129928],[2.80599535]
[4.45454249],[1.01101776],[2.77700315]
[4.43002993],[1.01108038],[2.73608542]
[4.4104692],[1.010719],[2.69021667]
[4.39440988],[1.00637071],[2.64891146]
[4.34785617],[1.00414136],[2.61090109]
[4.29847913],[1.00393824],[2.57332746]
[4.25553168],[0.99725873],[2.54592629]
[3.61603153],[0.99299908],[2.2521759]
[0.],[0.],[0.]
[0.],[0.],[0.]
[0.],[0.],[0.]
[1.92890171],[0.75702866],[0.76821764]
[2.45394441],[0.89374153],[1.32491441]
[2.63839956],[0.93417157],[1.62149066]
[2.8031471],[0.96620535],[1.84245856]
[3.1675862],[1.00783937],[2.12492455]
[3.16564699],[1.01957331],[2.13059413]
[3.41902628],[1.02523995],[2.38682884]
[3.5793406],[1.03217131],[2.395903]
[3.61066856],[1.01849405],[2.5069943]
[3.81999532],[1.03066274],[2.54159871]
[3.87843703],[1.01748067],[2.61186673]
[4.06028948],[1.03625473],[2.64070543]
[4.12190865],[1.01756771],[2.72509914]
[4.27640498],[1.03516805],[2.75956435]
[4.30744484],[1.02398191],[2.85282512]
[4.41107411],[1.03730522],[2.95271597]
[4.46265072],[1.02663361],[3.02969209]
[4.55164151],[1.04283859],[3.16491407]
[4.57739433],[1.0416816],[3.18499182]
[4.62905222],[1.05337157],[3.29251089]
[4.61373819],[1.06889157],[3.27087924]
[4.64596711],[1.07356477],[3.36360614]
[4.62331972],[1.07697311],[3.31256615]
[4.66657704],[1.08234732],[3.39991995]
[4.63547188],[1.08889241],[3.33217908]
[4.68108415],[1.09210643],[3.43182617]
[4.65121196],[1.0970984],[3.35433908]
[4.69351778],[1.10220014],[3.44711282]
[4.73338404],[1.10290855],[3.40881816]
[4.7174824],[1.11226442],[3.42922369]
[4.74059475],[1.10940007],[3.4433325]
[4.713383],[1.10860024],[3.43015179]
[4.72817923],[1.09785305],[3.4235034]
[4.70898855],[1.0879329],[3.39251813]
[4.67758024],[1.07703019],[3.3642114]
[4.66745746],[1.05553525],[3.33036119]
[4.65314888],[1.03452895],[3.28804292]
[4.64425776],[1.01736571],[3.24252793]
[4.62057632],[1.0105726],[3.19121544]
[4.61239338],[1.01312806],[3.14597418]
[4.60412015],[1.01288886],[3.1011734]
[4.57850284],[1.01471844],[3.04944947]
[4.56380772],[1.01941157],[3.00353217]
[4.54502988],[1.01856367],[2.96580862]
[4.5285446],[1.0190471],[2.92279317]
[4.5035278],[1.01973106],[2.87599087]
[4.48390513],[1.02011645],[2.82220377]
[4.46875118],[1.0147766],[2.76355415]
[4.42848836],[1.01227613],[2.69837794]
[4.39132337],[1.01223534],[2.65097894]
[4.35153379],[1.00564759],[2.61128505]
[3.69955859],[1.0025735],[2.3098733]
[0.],[0.],[0.]
[0.],[0.],[0.]
[0.],[0.],[0.]
[2.10137445],[0.71900961],[0.83094853]
[2.54100783],[0.86661478],[1.35217846]
[2.82201946],[0.89015122],[1.65344298]
[2.86619499],[0.94636443],[1.83974311]
[3.25234591],[0.9728563],[2.10551257]
[3.29860971],[0.99682133],[2.12136914]
[3.50244212],[0.99333548],[2.34111279]
[3.72660839],[1.0111217],[2.38759455]
[3.79384159],[0.99092634],[2.48062439]
[4.00212646],[1.00559492],[2.51571098]
[4.04587943],[0.9856655],[2.59349731]
[4.21580185],[1.00297315],[2.63580661]
[4.29412988],[0.98299378],[2.71301026]
[4.39064058],[0.99793947],[2.79900796]
[4.4626889],[0.99127533],[2.89290078]
[4.5186909],[1.00637725],[3.01641412]
[4.58757696],[1.02262013],[3.10156933]
[4.64941319],[1.04324354],[3.25419661]
[4.68145128],[1.0569605],[3.25225979]
[4.70596067],[1.07301551],[3.36992352]
[4.70935985],[1.08655724],[3.3345075]
[4.71904773],[1.09211519],[3.44647532]
[4.71540087],[1.09639199],[3.37638401]
[4.73283537],[1.10359382],[3.49088711]
[4.71961328],[1.11174594],[3.40290524]
[4.7364927],[1.11773972],[3.52320603]
[4.72977683],[1.12379343],[3.43280225]
[4.74700393],[1.13100634],[3.54356476]
[4.78375315],[1.1330532],[3.51192045]
[4.77224058],[1.14170704],[3.53340705]
[4.79081246],[1.14160372],[3.55082608]
[4.77677521],[1.14263178],[3.52816257]
[4.78663342],[1.13268601],[3.51796392]
[4.77896365],[1.12319244],[3.47730417]
[4.75505419],[1.11008688],[3.43350597]
[4.74352629],[1.09028635],[3.39280561]
[4.72820195],[1.07019377],[3.34973729]
[4.71419102],[1.05052981],[3.30982655]
[4.68954044],[1.03459401],[3.26136746]
[4.67665513],[1.01644627],[3.21955956]
[4.66729461],[1.00165453],[3.17665997]
[4.6402514],[0.9942339],[3.12722384]
[4.62603703],[0.99411079],[3.09300499]
[4.60590566],[0.99254205],[3.05974578]
[4.5885609],[0.99268555],[3.00632259]
[4.55253124],[0.99269781],[2.94109102]
[4.53099119],[0.99364166],[2.87766612]
[4.51417801],[0.9887578],[2.81065253]
[4.47720243],[0.98680987],[2.7410797]
[4.4441244],[0.98786056],[2.67314893]
[4.40899507],[0.98435595],[2.60801098]
[3.74923658],[0.98245295],[2.29316399]
[0.],[0.],[0.]
[0.],[0.],[0.]
[0.98317794],[0.08546633],[0.05146662]
[2.30958004],[0.7687339],[1.03769354]
[2.6737046],[0.91216688],[1.53628224]
[2.90554538],[0.93080701],[1.78526698]
[3.0371338],[0.98622449],[1.99381281]
[3.33931571],[1.00475327],[2.22672541]
[3.49892349],[1.0236548],[2.28749183]
[3.61379807],[1.01703032],[2.45047704]
[3.93988241],[1.03178327],[2.55063476]
[4.00624783],[1.01462454],[2.64694284]
[4.18304106],[1.02421421],[2.70943419]
[4.25437098],[1.00382954],[2.76557597]
[4.36449607],[1.01865242],[2.82652083]
[4.45046185],[1.00121766],[2.91881684]
[4.4965907],[1.01637223],[3.03498034]
[4.5832356],[1.02280999],[3.12599346]
[4.61340533],[1.0514377],[3.28430665]
[4.69438116],[1.07803477],[3.33270094]
[4.7482079],[1.09520987],[3.50360221]
[4.77960578],[1.10689838],[3.46143141]
[4.79910266],[1.12051527],[3.60909342]
[4.79862129],[1.13313889],[3.53732698]
[4.80599339],[1.13895186],[3.67461095]
[4.79658481],[1.14352378],[3.57832923]
[4.81118878],[1.15072222],[3.70664607]
[4.79538884],[1.15873913],[3.59983288]
[4.81205511],[1.1646442],[3.72785656]
[4.80246756],[1.17001606],[3.62629493]
[4.82152122],[1.17662732],[3.74625755]
[4.85095395],[1.17875504],[3.71540879]
[4.84727794],[1.18614595],[3.74649608]
[4.85723536],[1.1869135],[3.76396609]
[4.84969573],[1.18903209],[3.74474343]
[4.85201152],[1.18042427],[3.73500998]
[4.85133513],[1.17211426],[3.6944062]
[4.82330791],[1.15855116],[3.64550659]
[4.81968968],[1.14174453],[3.60176005]
[4.8095642],[1.12470631],[3.55485068]
[4.79886909],[1.11011742],[3.51536773]
[4.78172895],[1.0957346],[3.46339277]
[4.76766687],[1.07973121],[3.42733805]
[4.75574727],[1.0643858],[3.38817159]
[4.72947457],[1.0482052],[3.34226805]
[4.70921737],[1.03862688],[3.31139118]
[4.68591475],[1.01955954],[3.27434226]
[4.66747293],[1.01201508],[3.2259559]
[4.62986893],[1.01219457],[3.16551113]
[4.61267576],[1.01369029],[3.11094453]
[4.5921414],[1.00976329],[3.0431179]
[4.55014044],[1.00806946],[2.95927748]
[4.52515051],[1.00829585],[2.88705135]
[4.48953942],[1.00435923],[2.8171343]
[3.81635125],[1.00265249],[2.46812952]
[0.],[0.],[0.]
[0.],[0.],[0.]
[1.14314146],[0.18285161],[0.15969887]
[2.42389518],[0.78315709],[1.13791391]
[2.73310165],[0.92453482],[1.60067949]
[2.96952712],[0.94815819],[1.86011358]
[3.15834938],[0.9962687],[2.08544962]
[3.41154754],[1.01626321],[2.2856491]
[3.66149111],[1.03277522],[2.39304875]
[3.78589981],[1.02937848],[2.55965863]
[4.06254047],[1.04097796],[2.68650108]
[4.16481208],[1.0246211],[2.79400969]
[4.28208801],[1.02999999],[2.8586255]
[4.37529234],[1.01269947],[2.96544722]
[4.42456676],[1.02491397],[3.04209341]
[4.5326662],[1.02907504],[3.16752091]
[4.56079756],[1.05722876],[3.28092671]
[4.6490832],[1.07840007],[3.3783472]
[4.67888362],[1.10123519],[3.5182008]
[4.76137903],[1.12032214],[3.54858209]
[4.8131338],[1.13405508],[3.70394919]
[4.84027017],[1.14505712],[3.66911217]
[4.84901765],[1.15868722],[3.79215782]
[4.85410105],[1.16841134],[3.73584114]
[4.85438362],[1.17400671],[3.84911651]
[4.85136512],[1.1785013],[3.77527271]
[4.85892102],[1.18549937],[3.87775853]
[4.85601391],[1.19299092],[3.79191113]
[4.8601374],[1.19932753],[3.90032041]
[4.85906327],[1.20485921],[3.81920031]
[4.87210663],[1.21174795],[3.92337981]
[4.90675634],[1.21345685],[3.90422107]
[4.90162229],[1.22095701],[3.93242417]
[4.91937715],[1.2226855],[3.95406568]
[4.90686935],[1.22527693],[3.93765403]
[4.92408096],[1.21874435],[3.93294796]
[4.91558799],[1.2105805],[3.88976468]
[4.90294634],[1.19614706],[3.84243449]
[4.90026942],[1.18133298],[3.80514656]
[4.89116157],[1.16936051],[3.75843251]
[4.87896309],[1.15721998],[3.71573856]
[4.85773098],[1.14451861],[3.6599248]
[4.84447737],[1.12996632],[3.62478936]
[4.83111927],[1.11582767],[3.58539915]
[4.8067121],[1.10128711],[3.5319637]
[4.78691861],[1.09186852],[3.50132065]
[4.76742001],[1.07651579],[3.45922957]
[4.74777265],[1.05693272],[3.41420443]
[4.70909919],[1.0378534],[3.35679824]
[4.68308172],[1.0255164],[3.29631257]
[4.65883421],[1.02134929],[3.22899508]
[4.62110201],[1.01946372],[3.15426931]
[4.59496596],[1.01963294],[3.08562678]
[4.55826429],[1.01553947],[3.00016999]
[3.85307821],[1.0137413],[2.61696769]
[0.],[0.],[0.]
[0.],[0.],[0.]
[1.175346],[0.22481433],[0.17380386]
[2.50589264],[0.74216148],[1.13747419]
[2.79124193],[0.87506005],[1.56190541]
[2.98852629],[0.90651695],[1.80538796]
[3.27434039],[0.95199805],[2.05328392]
[3.49738126],[0.97496769],[2.23384177]
[3.7889476],[0.9911444],[2.38921897]
[3.94920455],[0.98905722],[2.54571654]
[4.14905836],[1.00176574],[2.70333796]
[4.30911192],[0.98636745],[2.85138711]
[4.35942828],[0.9989093],[2.91574392]
[4.46317157],[0.99826856],[3.07284994]
[4.48866761],[1.01014705],[3.13578237]
[4.60349397],[1.03460874],[3.26854103]
[4.62189174],[1.06261253],[3.35937014]
[4.71810793],[1.08352064],[3.44967214]
[4.74121267],[1.10688207],[3.58074204]
[4.83128756],[1.12743213],[3.62592243]
[4.86699688],[1.14214098],[3.76057323]
[4.90363774],[1.15389634],[3.7552432]
[4.90197834],[1.16809636],[3.85720862]
[4.91756213],[1.17688856],[3.82941098]
[4.91106433],[1.18289317],[3.91185855]
[4.92127132],[1.18789067],[3.86813028]
[4.92342806],[1.1957333],[3.94420871]
[4.92798622],[1.20366279],[3.88081265]
[4.93183227],[1.21049832],[3.96988048]
[4.93914763],[1.21657201],[3.91174963]
[4.94853097],[1.22408897],[3.99641624]
[4.98595945],[1.22691975],[3.99496891]
[4.97895523],[1.23339571],[4.01907156]
[4.99935392],[1.23683717],[4.04348746]
[4.99483549],[1.23919468],[4.03377674]
[5.01045632],[1.23451865],[4.0297461]
[5.00956837],[1.22498337],[3.98720387]
[4.99495337],[1.21019005],[3.94175859]
[4.99159449],[1.1975948],[3.90284044]
[4.9847718],[1.18513562],[3.85514563]
[4.97105529],[1.17167522],[3.81058593]
[4.94988675],[1.15924589],[3.7584392]
[4.93387737],[1.14618073],[3.71901052]
[4.9214942],[1.13274771],[3.67333501]
[4.90068643],[1.12081204],[3.62521339]
[4.88174663],[1.1121005],[3.59278159]
[4.85845951],[1.09879739],[3.5469234]
[4.83863474],[1.07948578],[3.49557929]
[4.80434572],[1.06077906],[3.42401744]
[4.77832319],[1.0408434],[3.36348344]
[4.75550847],[1.02119344],[3.29431954]
[4.71187022],[1.00061045],[3.21993537]
[4.67310026],[1.00075434],[3.14215758]
[4.6315613],[0.99618859],[3.06954889]
[3.88596329],[0.99446424],[2.69308603]
[0.],[0.],[0.]
[0.],[0.],[0.]
[1.32552463],[0.28374635],[0.25195498]
[2.59825199],[0.76431081],[1.2522433]
[2.8789721],[0.895915],[1.68527304]
[3.06202597],[0.9241395],[1.90551009]
[3.38789568],[0.97003387],[2.19615148]
[3.62723033],[0.99121],[2.33963226]
[3.9160624],[1.0090246],[2.55881289]
[4.07584586],[1.00690367],[2.68947821]
[4.26215091],[1.01803192],[2.86779166]
[4.40516461],[1.00582344],[3.06642074]
[4.44567929],[1.01631194],[3.1450622]
[4.54828682],[1.02801936],[3.27895468]
[4.57178984],[1.04476703],[3.35948658]
[4.68095448],[1.06514663],[3.45723156]
[4.70349652],[1.0937112],[3.55411746]
[4.79064608],[1.11512653],[3.6181285]
[4.82332762],[1.13807583],[3.76511085]
[4.89852166],[1.15740617],[3.80341583]
[4.94520274],[1.17162548],[3.9384899]
[4.97551782],[1.18313385],[3.92099415]
[4.99832151],[1.19683272],[4.02813788]
[5.00025907],[1.20457144],[3.99367868]
[5.01067915],[1.21051317],[4.07893691]
[5.00509412],[1.21463406],[4.02404772]
[5.02417014],[1.22239645],[4.10965676]
[5.01475382],[1.23019406],[4.03772545]
[5.03558815],[1.23737011],[4.13325252]
[5.02828724],[1.24337012],[4.06807032]
[5.05305656],[1.25055479],[4.15793239]
[5.08004752],[1.253548],[4.15754295]
[5.08233505],[1.26122725],[4.18056065]
[5.09334135],[1.26396436],[4.20476263]
[5.09792281],[1.26672188],[4.19446468]
[5.10631374],[1.26329387],[4.19261051]
[5.11475222],[1.25272741],[4.15280056]
[5.0954272],[1.24057121],[4.10750691]
[5.09229577],[1.22916616],[4.07163891]
[5.0868563],[1.2176996],[4.02668132]
[5.0726149],[1.20521958],[3.98408883]
[5.04896818],[1.19271496],[3.93010899]
[5.0320941],[1.17938988],[3.89047078]
[5.01700897],[1.16679676],[3.84368882]
[4.99473764],[1.15802256],[3.79736756]
[4.97742363],[1.1496276],[3.76864107]
[4.95637266],[1.13891677],[3.72367665]
[4.93841091],[1.12016815],[3.67525625]
[4.90800784],[1.1019983],[3.60425737]
[4.88147181],[1.08343123],[3.54136865]
[4.853833],[1.06494075],[3.46632807]
[4.81944588],[1.04457392],[3.38146519]
[4.78636258],[1.02344585],[3.31672348]
[4.73023849],[1.00908673],[3.24663758]
[3.94732452],[1.0073526],[2.84771064]
[0.],[0.],[0.]
[0.],[0.],[0.]
[1.47826567],[0.29933812],[0.27131466]
[2.65513556],[0.76982896],[1.31505143]
[2.95254543],[0.90162956],[1.76213017]
[3.17048459],[0.93371416],[1.9928922]
[3.48493844],[0.97582073],[2.28288953]
[3.74142233],[0.99907356],[2.40453609]
[3.98196118],[1.01470157],[2.67102964]
[4.17162645],[1.01384822],[2.83778169]
[4.33694486],[1.03044026],[3.04714157]
[4.46766544],[1.04077548],[3.27602838]
[4.50270648],[1.05764374],[3.35689564]
[4.6140981],[1.07393916],[3.47004224]
[4.62621242],[1.08991601],[3.54262572]
[4.73760749],[1.10947881],[3.6264204]
[4.75779746],[1.13671037],[3.73001282]
[4.84911283],[1.15668516],[3.80183314]
[4.88013955],[1.17771132],[3.9453832]
[4.95731896],[1.19490335],[3.98924335]
[5.02175556],[1.20821879],[4.10153876]
[5.06569873],[1.21898809],[4.10848228]
[5.08487597],[1.23134755],[4.18715234]
[5.09321865],[1.23729626],[4.17196298]
[5.09989226],[1.2429705],[4.23353807]
[5.10130729],[1.24715325],[4.20200576]
[5.11555337],[1.25424223],[4.2631484]
[5.1109285],[1.26267628],[4.21424244]
[5.13014379],[1.26995551],[4.28743809]
[5.12562093],[1.27626738],[4.2436068]
[5.14964368],[1.28365996],[4.31469386]
[5.16964128],[1.28705081],[4.31897365]
[5.18193989],[1.2958872],[4.35123481]
[5.19606015],[1.29880066],[4.38945063]
[5.20538402],[1.30150925],[4.38284796]
[5.21800922],[1.29915989],[4.40184683]
[5.22746987],[1.29038153],[4.35690628]
[5.20417386],[1.28097138],[4.31181677]
[5.19557807],[1.26944732],[4.25741987]
[5.19105687],[1.25864968],[4.21496897]
[5.17762093],[1.24769972],[4.17679516]
[5.15611593],[1.23620348],[4.12965081]
[5.13554477],[1.2237871],[4.08809076]
[5.11866718],[1.211709],[4.04399577]
[5.09488733],[1.20330206],[4.00088978]
[5.07623929],[1.19607395],[3.97591947]
[5.05349043],[1.1870949],[3.93066359]
[5.03184035],[1.17025751],[3.87780695]
[5.0002088],[1.15337524],[3.8065056]
[4.97332015],[1.13471852],[3.74703296]
[4.94874196],[1.11629091],[3.67735918]
[4.91535081],[1.09737974],[3.58433797]
[4.88506666],[1.07796112],[3.5185521]
[4.79242441],[1.05894414],[3.44555587]
[3.98671503],[1.0414143],[2.98767283]
[0.],[0.],[0.]
[0.],[0.],[0.]
[1.61128632],[0.31475107],[0.32574399]
[2.71296469],[0.77760531],[1.38175942]
[2.98892879],[0.90427573],[1.83375141]
[3.25107614],[0.94022279],[2.06108015]
[3.58992827],[0.97927784],[2.36211978]
[3.80777773],[1.00303629],[2.48875223]
[4.05463141],[1.0171958],[2.77129134]
[4.23964399],[1.01939934],[2.98783142]
[4.40174902],[1.0618164],[3.22634294]
[4.53310852],[1.07425794],[3.43030535]
[4.56097644],[1.09148726],[3.5104413]
[4.67389696],[1.10732168],[3.60807978]
[4.68856943],[1.12347399],[3.68069251]
[4.78784803],[1.1399571],[3.7576574]
[4.81323814],[1.16626695],[3.88057236]
[4.90214886],[1.18545879],[3.94868459]
[4.94347336],[1.20566271],[4.08115144]
[5.03653963],[1.22160788],[4.13173361]
[5.11742592],[1.23490693],[4.23409185]
[5.15596455],[1.24542237],[4.24681145]
[5.18413105],[1.25728109],[4.32119676]
[5.18674294],[1.2636238],[4.31176668]
[5.20250959],[1.26958138],[4.37340932]
[5.2076265],[1.27438893],[4.36925383]
[5.22036179],[1.28243436],[4.41343989]
[5.23132512],[1.29115838],[4.41413397]
[5.24039326],[1.29900038],[4.44806305]
[5.25080938],[1.30689937],[4.46409265]
[5.27320376],[1.31786357],[4.5153799]
[5.29016116],[1.32596015],[4.5653248]
[5.30777594],[1.33901557],[4.60662298]
[5.30472023],[1.34621765],[4.66312824]
[5.32585879],[1.35199965],[4.68612372]
[5.32052762],[1.34789993],[4.68957903]
[5.34043657],[1.330241],[4.64054627]
[5.3205642],[1.31287351],[4.57804597]
[5.31720146],[1.29928855],[4.49465889]
[5.3135721],[1.28876579],[4.42350383]
[5.29960751],[1.27790225],[4.36107538]
[5.27416363],[1.26667173],[4.29112123]
[5.24211518],[1.25403655],[4.22960234]
[5.22176567],[1.24315471],[4.19044869]
[5.19965129],[1.23571877],[4.15798573]
[5.1772025],[1.22876524],[4.13318095]
[5.15257081],[1.22036182],[4.09126957]
[5.13040039],[1.20533799],[4.04283555]
[5.10204918],[1.18905496],[3.97794397]
[5.07356194],[1.17093595],[3.91538878]
[5.04755513],[1.15304606],[3.84331798]
[5.01391255],[1.13362206],[3.75449305]
[4.98737818],[1.11325893],[3.67901031]
[4.86548866],[1.09449446],[3.59292576]
[4.04929441],[1.07742192],[3.0859613]
[0.],[0.],[0.]
[0.],[0.],[0.]
[1.73023391],[0.32531969],[0.36895008]
[2.76374579],[0.75617099],[1.379921]
[3.01722849],[0.8773963],[1.80449478]
[3.31917705],[0.90883824],[2.03600275]
[3.66380469],[0.95175502],[2.35238394]
[3.87517929],[0.97318521],[2.50431009]
[4.12163211],[0.99142348],[2.80481146]
[4.30902044],[1.03826264],[3.07908742]
[4.47385481],[1.0767193],[3.32249425]
[4.60149077],[1.09235259],[3.5024044]
[4.61848601],[1.11025559],[3.58063899]
[4.72982526],[1.12652712],[3.66753656]
[4.74897394],[1.14215289],[3.76558081]
[4.83813088],[1.15560642],[3.83479403]
[4.87072858],[1.18027738],[3.95651921]
[4.96368185],[1.19976708],[4.02482114]
[5.03067794],[1.22004667],[4.1554013]
[5.12388825],[1.23548355],[4.20809346]
[5.23145334],[1.24977131],[4.313095]
[5.27620568],[1.26231686],[4.38048948]
[5.30892878],[1.27721946],[4.45661909]
[5.30706775],[1.28787797],[4.50612061]
[5.33508812],[1.2987237],[4.56826355]
[5.32361894],[1.30805584],[4.61047425]
[5.35772203],[1.32093587],[4.6790675]
[5.34077044],[1.33428372],[4.71044943]
[5.37893479],[1.34783845],[4.78282853]
[5.36882418],[1.35887897],[4.81779287]
[5.44684962],[1.37158161],[4.89991395]
[5.48646775],[1.38137564],[4.95937135]
[5.56251901],[1.39369362],[5.03614639]
[5.58085969],[1.4030842],[5.09075955]
[5.64529116],[1.41013089],[5.13075924]
[5.67809534],[1.40518791],[5.12392316]
[5.71527435],[1.3886906],[5.07980015]
[5.71174615],[1.36483042],[4.9867987]
[5.67551315],[1.34077027],[4.86458236]
[5.66483958],[1.32116067],[4.75621842]
[5.6320398],[1.30101892],[4.63546294]
[5.53075737],[1.28329468],[4.50730645]
[5.4015177],[1.27036553],[4.39966511]
[5.34126411],[1.26157191],[4.33295857]
[5.31828785],[1.25399987],[4.28168124]
[5.28926644],[1.24648543],[4.23439642]
[5.2588569],[1.23784742],[4.18567885]
[5.23294745],[1.22479293],[4.1368515]
[5.20481638],[1.20899861],[4.07437239]
[5.17344626],[1.19147541],[4.00855557]
[5.14641335],[1.17411235],[3.93402821]
[5.11736701],[1.15545231],[3.85099553]
[5.08593214],[1.13592583],[3.76647166]
[4.95374469],[1.11681656],[3.66947551]
[4.12269126],[1.09855473],[3.13969389]
[0.],[0.],[0.]
[0.],[0.],[0.]
[1.83469976],[0.35601208],[0.45921205]
[2.81977698],[0.7820058],[1.4807088]
[3.04552004],[0.90128055],[1.9075252]
[3.37921628],[0.93064885],[2.13769661]
[3.75170995],[0.97350102],[2.49007427]
[3.95462557],[0.99063858],[2.6902303]
[4.20015369],[1.02001267],[3.01354022]
[4.39042808],[1.07508589],[3.28488232]
[4.55431193],[1.11038189],[3.52057542]
[4.66366353],[1.1270928],[3.67304438]
[4.69385088],[1.14417592],[3.77394161]
[4.79582611],[1.15967639],[3.8592608]
[4.8256558],[1.17473121],[3.96760844]
[4.90767018],[1.18752355],[4.03204576]
[4.96053944],[1.21139969],[4.15549283]
[5.05964575],[1.23418589],[4.24046502]
[5.14993763],[1.27148888],[4.39679556]
[5.26785577],[1.29823652],[4.52872138]
[5.3851782],[1.31774505],[4.70547441]
[5.42219682],[1.33279854],[4.81318434]
[5.53127143],[1.347845],[4.94140258]
[5.57203198],[1.35856247],[4.99296106]
[5.62809304],[1.36965636],[5.09216394]
[5.66847698],[1.3788598],[5.11875872]
[5.71104818],[1.39113875],[5.21740892]
[5.76773303],[1.40393914],[5.24545099]
[5.79992705],[1.41749995],[5.33657296]
[5.86912469],[1.42915639],[5.38156249]
[5.88613543],[1.44122181],[5.47715812]
[5.98226845],[1.45128905],[5.56711036]
[6.01814201],[1.46235791],[5.67327678]
[6.08496564],[1.46852448],[5.75949072]
[6.08760778],[1.47638077],[5.81966252]
[6.15849421],[1.47062124],[5.84164838]
[6.15380826],[1.45771826],[5.8139599]
[6.19147856],[1.43745309],[5.72332623]
[6.13839069],[1.41519],[5.5768096]
[6.12780392],[1.39109947],[5.40253112]
[6.11805756],[1.36945281],[5.24186845]
[6.08462665],[1.35017737],[5.04726365]
[5.95953224],[1.32984699],[4.89759002]
[5.83788973],[1.31379534],[4.76761939]
[5.71476514],[1.29772895],[4.64623313]
[5.58563691],[1.28608165],[4.54301186]
[5.46205594],[1.2780348],[4.45197903]
[5.38210908],[1.26611398],[4.38073445]
[5.33887309],[1.24879007],[4.29759608]
[5.30728118],[1.23021506],[4.20785896]
[5.27615857],[1.21249428],[4.12797023]
[5.24539338],[1.19458455],[4.04477737]
[5.21682356],[1.17610523],[3.96250478]
[5.09668089],[1.15817923],[3.86099683]
[4.24832382],[1.14179108],[3.31052152]
[0.],[0.],[0.]
[0.],[0.],[0.]
[1.9218111],[0.36949344],[0.51586079]
[2.86449009],[0.79547339],[1.532703]
[3.07658483],[0.90986766],[1.96248232]
[3.44147645],[0.93905701],[2.22418894]
[3.8301526],[0.98196098],[2.60879092]
[4.0283451],[1.00459394],[2.90129072]
[4.25808778],[1.06870445],[3.21106741]
[4.4595747],[1.12094232],[3.48476875]
[4.61426296],[1.15175042],[3.71033064]
[4.72244542],[1.1695292],[3.85866898]
[4.75621302],[1.18556385],[3.97900627]
[4.85763214],[1.20002249],[4.06635972]
[4.89268045],[1.21663745],[4.18896554]
[4.98734263],[1.24298311],[4.29568748]
[5.05985084],[1.28156718],[4.45099751]
[5.18902217],[1.31706604],[4.60595971]
[5.31368531],[1.35339756],[4.8395963]
[5.39971242],[1.37657513],[5.04586952]
[5.66302601],[1.39410552],[5.27202575]
[5.85683384],[1.40771026],[5.39321248]
[5.94703446],[1.42044538],[5.52566896]
[6.0494622],[1.43064511],[5.62352795]
[6.05773146],[1.44123365],[5.73387994]
[6.14727512],[1.45018754],[5.8199368]
[6.13561983],[1.46260985],[5.91428688]
[6.22607042],[1.47446207],[6.00662208]
[6.21137477],[1.48801523],[6.08300494]
[6.30900522],[1.4971653],[6.19012273]
[6.30185649],[1.50677844],[6.26434508]
[6.39948604],[1.5153425],[6.41841626]
[6.42953348],[1.5284568],[6.53408817]
[6.48436664],[1.53388794],[6.65588441]
[6.52065561],[1.54400098],[6.72018131]
[6.56671838],[1.53837671],[6.78311427]
[6.6113169],[1.52713637],[6.76073141]
[6.60945074],[1.50530732],[6.69626499]
[6.59232261],[1.48413601],[6.5286077]
[6.55192493],[1.46414538],[6.32789906]
[6.54015351],[1.44299179],[6.07414037]
[6.52405812],[1.42272868],[5.84217096]
[6.44792648],[1.40521522],[5.642093]
[6.33735019],[1.39023355],[5.45772999]
[6.22404547],[1.37409209],[5.27454037]
[6.09936272],[1.35954695],[5.099343]
[5.97637173],[1.34427599],[4.96980553]
[5.85041589],[1.32687993],[4.83353707]
[5.72340277],[1.30515282],[4.69496199]
[5.58939007],[1.28400039],[4.55327165]
[5.46614158],[1.26323114],[4.41778877]
[5.40776771],[1.24384936],[4.3000729]
[5.35645107],[1.22743064],[4.20980623]
[5.22809068],[1.21104961],[4.09499854]
[4.37079972],[1.19651313],[3.52052161]
[0.],[0.],[0.]
[0.],[0.],[0.]
[2.00385272],[0.38406063],[0.5830706]
[2.92074749],[0.81392388],[1.59522875]
[3.14752312],[0.92352086],[2.03468942]
[3.50292798],[0.9537055],[2.32878238]
[3.89298992],[0.9952075],[2.72478944]
[4.09437623],[1.04336219],[3.07838047]
[4.31644153],[1.10528866],[3.3704745]
[4.52868598],[1.15704041],[3.64108982]
[4.67397958],[1.18470715],[3.89635557]
[4.79036782],[1.20377107],[4.06777473]
[4.8299592],[1.23247475],[4.21064231]
[4.92353733],[1.25963734],[4.33288964]
[4.98394951],[1.29115074],[4.49507747]
[5.10295937],[1.32066785],[4.64074118]
[5.24310586],[1.36049324],[4.88355128]
[5.37259499],[1.39361986],[5.14061531]
[5.5671596],[1.42711694],[5.3896846]
[5.79592024],[1.44803845],[5.57840571]
[6.04274701],[1.46389869],[5.86451713]
[6.26679923],[1.47670255],[6.11957133]
[6.36733742],[1.4883148],[6.2702908]
[6.475313],[1.49817303],[6.43717083]
[6.48446886],[1.50892351],[6.55903707]
[6.55812639],[1.51818266],[6.69469346]
[6.56835271],[1.52820724],[6.77057621]
[6.6308403],[1.53893443],[6.89825564]
[6.66163493],[1.54966818],[6.9844166]
[6.75941783],[1.55913409],[7.16395746]
[6.79509316],[1.57075266],[7.2692752]
[6.84542805],[1.58151477],[7.46765006]
[6.90056485],[1.59453799],[7.60591558]
[6.90419716],[1.59981082],[7.74624441]
[6.97098962],[1.60739544],[7.83234801]
[6.96092851],[1.61382904],[7.92466809]
[7.04629929],[1.60555693],[7.93044692]
[7.01621138],[1.58146963],[7.87106277]
[7.02613095],[1.55454372],[7.69066848]
[6.97795586],[1.53437093],[7.46220368]
[6.96066178],[1.5136946],[7.19165585]
[6.94791691],[1.4952005],[6.87811766]
[6.92436108],[1.47695962],[6.57941209]
[6.82879991],[1.46390767],[6.33195382]
[6.70698737],[1.45209328],[6.11921662]
[6.5906483],[1.4408528],[5.94362187]
[6.49895526],[1.42905804],[5.7965949]
[6.40084921],[1.41326868],[5.63265025]
[6.29711368],[1.39293411],[5.4492683]
[6.18473539],[1.37040861],[5.2436644]
[6.07939951],[1.34625704],[5.06335026]
[5.9677219],[1.31801018],[4.86997479]
[5.85919109],[1.28959484],[4.6683151]
[5.65309228],[1.26396211],[4.45424811]
[4.67554551],[1.24105658],[3.75908246]
[0.],[0.],[0.]
[0.],[0.],[0.]
[2.05572001],[0.38770336],[0.58920291]
[2.94533036],[0.79756807],[1.57589606]
[3.17193711],[0.90709986],[2.01473967]
[3.52612445],[0.93315638],[2.32842744]
[3.91320313],[0.9946708],[2.76220245]
[4.11691344],[1.05831543],[3.12513108]
[4.34097498],[1.12030146],[3.44120266]
[4.56354669],[1.17820813],[3.73225909]
[4.70808941],[1.22030354],[4.02408423]
[4.82605889],[1.25283849],[4.22316692]
[4.86579948],[1.28244283],[4.39402051]
[4.97639454],[1.31156758],[4.53727816]
[5.07729129],[1.34826459],[4.74595824]
[5.24422645],[1.377701],[5.01001613]
[5.37715212],[1.41486402],[5.27808098]
[5.49268449],[1.44621703],[5.49220529]
[5.76476385],[1.47755659],[5.75755319]
[6.05095449],[1.4981027],[6.05319876]
[6.22400096],[1.51297984],[6.38926094]
[6.47958773],[1.52551775],[6.68923295]
[6.62682031],[1.53617147],[6.94155817]
[6.74491571],[1.54385302],[7.15167438]
[6.77564299],[1.5529502],[7.32563984]
[6.8450432],[1.56117744],[7.53027728]
[6.88439259],[1.57086382],[7.63251713]
[6.90883292],[1.58014114],[7.83060383]
[6.95813193],[1.59385736],[7.94305716]
[6.98463032],[1.60442806],[8.12736711]
[7.05449713],[1.61516523],[8.24917202]
[7.08781852],[1.62437648],[8.45488176]
[7.15904031],[1.64336753],[8.61308682]
[7.18596586],[1.66775162],[8.76807913]
[7.24673446],[1.6979658],[8.90620298]
[7.28265584],[1.72621051],[9.01224458]
[7.39321905],[1.72372972],[9.11466504]
[7.36906147],[1.71176042],[9.05822222]
[7.34349335],[1.66989744],[8.96898006]
[7.29644209],[1.62654075],[8.72523228]
[7.27358353],[1.59693125],[8.49645208]
[7.27808348],[1.56378342],[8.21129698]
[7.28001181],[1.54480835],[7.87349602]
[7.23776877],[1.52798206],[7.57804226]
[7.14809792],[1.51134319],[7.29271879]
[7.05053039],[1.50036707],[7.03133912]
[6.9628781],[1.48983596],[6.80949968]
[6.87008944],[1.47563762],[6.57554108]
[6.77199389],[1.45746764],[6.35695253]
[6.66732695],[1.4376296],[6.12395872]
[6.56509145],[1.41606621],[5.88598861]
[6.45835996],[1.39130803],[5.6550879]
[6.3493718],[1.36563313],[5.37895933]
[6.13454567],[1.33944537],[5.07141941]
[5.27833333],[1.31319697],[4.29697733]
[0.],[0.],[0.]
[0.],[0.],[0.]
[2.07691618],[0.38720945],[0.62167832]
[2.97264602],[0.82030567],[1.64898117]
[3.1851651],[0.92619081],[2.08023763]
[3.54397664],[0.95359486],[2.40440118]
[3.92122482],[1.00802452],[2.87164566]
[4.14015751],[1.07359187],[3.2437591]
[4.36673768],[1.14936214],[3.60086985]
[4.60222508],[1.21556889],[3.93131881]
[4.74331952],[1.26339053],[4.23610141]
[4.86653472],[1.29614194],[4.44980196]
[4.9318921],[1.33088221],[4.64272664]
[5.06574826],[1.36371074],[4.83625692]
[5.20448262],[1.39992362],[5.10834828]
[5.34627286],[1.42940607],[5.36706246]
[5.46580139],[1.46434816],[5.62671971]
[5.70598409],[1.49484071],[5.8762703]
[5.98121908],[1.52558461],[6.19458549]
[6.23167416],[1.5450761],[6.5613874]
[6.42699305],[1.55675043],[6.88338667]
[6.69070127],[1.56700141],[7.24466882]
[6.88434778],[1.5765424],[7.58024808]
[6.94397344],[1.58543204],[7.84254634]
[7.00999934],[1.5953999],[8.04323047]
[7.04049083],[1.6059988],[8.28528814]
[7.10055131],[1.6176028],[8.43326713]
[7.13968835],[1.62681712],[8.61787216]
[7.1868378],[1.64114985],[8.78320873]
[7.24731248],[1.66688165],[8.963427]
[7.28776079],[1.69704008],[9.14855683]
[7.38626034],[1.73669945],[9.38711203]
[7.47500834],[1.7725065],[9.64769868]
[7.53513252],[1.809961],[9.87113993]
[7.5825195],[1.84380164],[10.11469646]
[7.64217933],[1.87029978],[10.27275124]
[7.65219873],[1.86997717],[10.41234932]
[7.69132659],[1.85651699],[10.4360528]
[7.66056895],[1.82808513],[10.37594635]
[7.68647582],[1.79547114],[10.18199131]
[7.65718063],[1.75354148],[9.93566732]
[7.65466132],[1.70560859],[9.66834897]
[7.6534544],[1.64961469],[9.25439819]
[7.65213893],[1.61886302],[8.88440705]
[7.59149173],[1.58746574],[8.53969114]
[7.47622195],[1.56120993],[8.17943811]
[7.38568568],[1.54726839],[7.87682221]
[7.29090675],[1.53223775],[7.614238]
[7.19146751],[1.51694275],[7.33677034]
[7.08697047],[1.49902141],[7.0502846]
[6.988702],[1.47932144],[6.78036826]
[6.88326905],[1.45745477],[6.50428748]
[6.77397839],[1.43475769],[6.21015626]
[6.55032141],[1.41006311],[5.8351652]
[5.70102757],[1.38326242],[4.95960645]
[0.],[0.],[0.]
[0.],[0.],[0.]
[2.10843281],[0.39067339],[0.63582124]
[2.98011345],[0.83061187],[1.67431309]
[3.20445543],[0.93602238],[2.11652829]
[3.57875984],[0.96581602],[2.4939185]
[3.94530086],[1.04253285],[3.01832923]
[4.17168074],[1.11902799],[3.43679721]
[4.38802447],[1.19691802],[3.79880043]
[4.62559031],[1.26077583],[4.1311312]
[4.77585988],[1.31009548],[4.44712649]
[4.92308286],[1.34786115],[4.69078827]
[5.00876319],[1.38396673],[4.95912371]
[5.17211061],[1.41541501],[5.20650867]
[5.32148983],[1.45007839],[5.48092805]
[5.41462283],[1.47814494],[5.70993237]
[5.62133342],[1.51221846],[5.99702175]
[5.88338631],[1.54012773],[6.31546726]
[6.16079063],[1.56743634],[6.69763633]
[6.40148766],[1.58400649],[7.05086006]
[6.62991068],[1.59750779],[7.41983822]
[6.89938773],[1.6091425],[7.8883499]
[7.07516106],[1.62103229],[8.24161567]
[7.18214262],[1.63160851],[8.58738391]
[7.23804982],[1.64227266],[8.84527024]
[7.29947934],[1.66170928],[9.07992881]
[7.32905602],[1.68486731],[9.32275568]
[7.43543786],[1.70893601],[9.52859766]
[7.49746526],[1.74214716],[9.82877645]
[7.59927965],[1.77676311],[10.06803972]
[7.63435043],[1.81570471],[10.3438349]
[7.70891061],[1.85673199],[10.6261289]
[7.71711049],[1.89023425],[10.87549068]
[7.8121961],[1.92136228],[11.13315251]
[7.84838747],[1.95001437],[11.33016821]
[7.94393947],[1.97199153],[11.49975068]
[8.00851157],[1.96913828],[11.57729829]
[8.08930795],[1.94910681],[11.63351475]
[8.01745043],[1.92379637],[11.54201645]
[8.04489472],[1.89476235],[11.42359514]
[8.01437771],[1.86118915],[11.14629995]
[7.99417197],[1.82273468],[10.87331709]
[7.98831181],[1.77570551],[10.55527984]
[7.98946361],[1.72825331],[10.21740114]
[7.95425372],[1.67686393],[9.83872629]
[7.86025403],[1.63827304],[9.43434537]
[7.77060352],[1.60676017],[9.06011015]
[7.67805037],[1.58288555],[8.70656855]
[7.57896869],[1.56618312],[8.3917771]
[7.47403225],[1.54768731],[8.09567723]
[7.37564003],[1.52940141],[7.79075699]
[7.27513439],[1.5091319],[7.46735477]
[7.1667535],[1.48855505],[7.12995903]
[6.92310181],[1.46710148],[6.73574574]
[6.07322692],[1.44370724],[5.71368664]
[0.],[0.],[0.]
[0.],[0.],[0.]
[2.14095199],[0.39267767],[0.6509378]
[2.98729432],[0.83853256],[1.70386697]
[3.22891447],[0.9467138],[2.15857698]
[3.62186037],[0.97957859],[2.59102109]
[3.96975742],[1.06976574],[3.14947018]
[4.19824092],[1.15167729],[3.58384197]
[4.4209855],[1.23065698],[3.96605214]
[4.66397026],[1.2984963],[4.30164339]
[4.84088018],[1.35502196],[4.64471338]
[4.99147864],[1.39580602],[4.95816412]
[5.09100763],[1.43223935],[5.26279152]
[5.26721317],[1.46264814],[5.52780209]
[5.40838318],[1.49598638],[5.80080333]
[5.47020925],[1.5251271],[6.06079428]
[5.75392975],[1.56090771],[6.38674413]
[6.08041379],[1.58974743],[6.82242277]
[6.25974366],[1.61789818],[7.23076871]
[6.54121877],[1.63512083],[7.63111313]
[6.83401863],[1.64885784],[8.16136279]
[7.02664305],[1.66878036],[8.65319799]
[7.255838],[1.68525515],[9.14718426]
[7.45402488],[1.71096518],[9.50654552]
[7.54889731],[1.74579035],[9.86169312]
[7.65617241],[1.78227816],[10.19595313]
[7.67656407],[1.82030142],[10.5656003]
[7.76168364],[1.84658376],[10.84407941]
[7.75998144],[1.87760656],[11.1119785]
[7.90405187],[1.91186365],[11.38439663]
[7.93644339],[1.9461925],[11.59537818]
[8.06978971],[1.97794586],[11.88288394]
[8.14613544],[2.00493761],[12.09249396]
[8.2498149],[2.02866066],[12.40996984]
[8.32349556],[2.05117336],[12.6220489]
[8.37000528],[2.06738866],[12.85786902]
[8.42823877],[2.06422677],[12.94514989]
[8.42528878],[2.04847054],[13.04417787]
[8.443643],[2.02620402],[13.01559143]
[8.41438501],[1.99888381],[12.90303462]
[8.43237514],[1.96734812],[12.67607969]
[8.39889563],[1.93218883],[12.38349063]
[8.38824594],[1.89595504],[12.05910963]
[8.38166569],[1.86057259],[11.66140556]
[8.36280973],[1.81990368],[11.20065041]
[8.25825928],[1.77325576],[10.77160425]
[8.15286487],[1.72410834],[10.39459671]
[8.05963681],[1.67357303],[10.01428602]
[7.9641082],[1.63643811],[9.59913198]
[7.8600463],[1.5984368],[9.1864159]
[7.76330812],[1.58079528],[8.82489264]
[7.66801785],[1.55952505],[8.47256578]
[7.55866476],[1.53847261],[8.10100464]
[7.29633322],[1.51813675],[7.68768415]
[6.44805173],[1.49629911],[6.59085922]
[0.],[0.],[0.]
[0.],[0.],[0.]
[2.17729597],[0.38871472],[0.64423179]
[3.00601846],[0.8157647],[1.68207713]
[3.25732642],[0.92820459],[2.14933854]
[3.66040927],[0.98777525],[2.6388118]
[3.9945747],[1.08422174],[3.20101554]
[4.2462169],[1.16542505],[3.64828067]
[4.49993841],[1.24716527],[4.05557477]
[4.7225043],[1.31983145],[4.38360723]
[4.91080855],[1.38015533],[4.74620269]
[5.05914611],[1.42344625],[5.13040306]
[5.19057005],[1.46290595],[5.47749401]
[5.34813858],[1.49631209],[5.76505682]
[5.48903422],[1.5350319],[6.08497243]
[5.65521509],[1.56460464],[6.4655886]
[5.97186198],[1.60179343],[6.89985494]
[6.24718873],[1.62784968],[7.33620562]
[6.47936438],[1.65246022],[7.80248233]
[6.81086636],[1.68528948],[8.3622364]
[7.03445374],[1.72834322],[8.90093269]
[7.28109255],[1.75732251],[9.50775694]
[7.57156108],[1.78874267],[10.0598549]
[7.74927543],[1.81773726],[10.4925604]
[7.77361697],[1.85196414],[10.92913213]
[7.92066692],[1.89280011],[11.30174202]
[7.93871494],[1.92628327],[11.62570104]
[8.0624368],[1.9496381],[11.91408082]
[8.0998023],[1.97947996],[12.19062348]
[8.26882224],[2.00475431],[12.57161118]
[8.34865377],[2.03528479],[12.83596121]
[8.41626144],[2.06274774],[13.19680821]
[8.48399791],[2.0854514],[13.43046276]
[8.49484905],[2.10430526],[13.70502917]
[8.59963617],[2.12398684],[13.90700992]
[8.64716464],[2.13813323],[14.0718589]
[8.77020568],[2.13341409],[14.18194435]
[8.78283793],[2.12163863],[14.22766224]
[8.81448263],[2.10177377],[14.24394779]
[8.76982121],[2.0778882],[14.09964577]
[8.77646689],[2.04888298],[13.92107915]
[8.76222209],[2.01647106],[13.64620717]
[8.73774567],[1.98138297],[13.31292267]
[8.73318807],[1.94731081],[12.97584848]
[8.7278552],[1.91231132],[12.57411379]
[8.66371012],[1.87565045],[12.11737467]
[8.54186007],[1.83316074],[11.61137655]
[8.44675978],[1.78909892],[11.18366797]
[8.35580503],[1.74189664],[10.77645935]
[8.24505551],[1.68675324],[10.35565792]
[8.14820961],[1.6219004],[9.95248746]
[8.05195085],[1.59004833],[9.51710608]
[7.94883442],[1.57133357],[9.05869414]
[7.66917697],[1.55044502],[8.54881028]
[6.8214736],[1.52863182],[7.43609865]
[0.],[0.],[0.]
[0.],[0.],[0.]
[2.25189393],[0.38999963],[0.6909568]
[3.02505069],[0.85032555],[1.78769433]
[3.27521851],[0.95997188],[2.25132451]
[3.70001148],[1.02004872],[2.82074337]
[4.03330353],[1.12069269],[3.40400657]
[4.31219709],[1.20525109],[3.85873089]
[4.57210671],[1.29208102],[4.2932503]
[4.79722865],[1.36516099],[4.6375243]
[4.98974997],[1.42911513],[5.07843838]
[5.19015019],[1.47627535],[5.51924159]
[5.32640991],[1.5156965],[5.88022266]
[5.42325982],[1.55054736],[6.19441294]
[5.63207141],[1.58792804],[6.5844291]
[5.87957455],[1.61649146],[7.00287155]
[6.17987506],[1.64903588],[7.49061728]
[6.43988341],[1.67806684],[7.94055027]
[6.72117456],[1.73035674],[8.53724886]
[6.97021008],[1.79335396],[9.159496]
[7.23389098],[1.84217615],[9.79693669]
[7.56602315],[1.87397469],[10.41799704]
[7.75299568],[1.90281765],[11.02285349]
[7.97599018],[1.93060369],[11.55923417]
[8.07640196],[1.96438775],[11.99820968]
[8.23177883],[1.99922686],[12.39400018]
[8.28266319],[2.02835751],[12.8291299]
[8.38280012],[2.0517939],[13.24694318]
[8.44959726],[2.07973107],[13.62143799]
[8.47982871],[2.09926017],[13.91690955]
[8.57801457],[2.12609164],[14.24019686]
[8.63218656],[2.14431278],[14.49889706]
[8.73558826],[2.16388934],[14.74574912]
[8.78475735],[2.1783668],[14.98080455]
[8.94600187],[2.19531305],[15.31636792]
[9.03322075],[2.20985896],[15.52264321]
[9.10231654],[2.21063585],[15.72752308]
[9.15178301],[2.20430863],[15.798133]
[9.1394031],[2.17772918],[15.85821492]
[9.16135958],[2.1539792],[15.75952574]
[9.14668742],[2.1309159],[15.59904283]
[9.16725382],[2.10388586],[15.30210482]
[9.1445588],[2.07204478],[14.93809595]
[9.14797288],[2.04061219],[14.58650853]
[9.1507149],[2.0076277],[14.15761671]
[9.1405093],[1.97265867],[13.58859396]
[9.03087111],[1.93595081],[13.12031062]
[8.87432513],[1.90046135],[12.66695825]
[8.75981574],[1.86030535],[12.21410788]
[8.65434343],[1.81079676],[11.71333145]
[8.55823083],[1.74963248],[11.23516668]
[8.46368018],[1.6793366],[10.78279297]
[8.36554734],[1.6171195],[10.29305947]
[8.07730584],[1.59747856],[9.74793268]
[7.22911182],[1.57754464],[8.56187752]
[0.],[0.],[0.]
[0.],[0.],[0.]
[2.27093788],[0.44780998],[0.78452398]
[3.05801523],[0.88349711],[1.90008288]
[3.39373999],[0.99075576],[2.39894577]
[3.78500917],[1.07562867],[3.07121979]
[4.12033476],[1.17724804],[3.67606153]
[4.44958522],[1.26236595],[4.14266211]
[4.67126514],[1.34956058],[4.59310282]
[4.90965572],[1.42045746],[4.95762563]
[5.10775074],[1.48343159],[5.475415]
[5.32007686],[1.52948778],[5.92204363]
[5.44265753],[1.5670208],[6.29483141]
[5.53749117],[1.60004211],[6.7162497]
[5.84640599],[1.63474844],[7.15028289]
[6.17533529],[1.6619537],[7.59195564]
[6.36310115],[1.69445274],[8.08383918]
[6.69528925],[1.76559964],[8.71724474]
[6.98713468],[1.8318897],[9.39103553]
[7.19020572],[1.90137097],[10.06613869]
[7.51036018],[1.94760976],[10.78182866]
[7.77829615],[1.97793334],[11.36329163]
[7.99431137],[2.00577871],[12.12949622]
[8.31109285],[2.03354008],[12.65407302]
[8.44929594],[2.06691843],[13.21269297]
[8.49967473],[2.09800211],[13.70793784]
[8.56963111],[2.12336089],[14.16046877]
[8.63419672],[2.14156449],[14.49429092]
[8.7184631],[2.16856752],[14.9203037]
[8.79258195],[2.18021875],[15.20958693]
[8.8880152],[2.20293051],[15.62737088]
[9.02140152],[2.21705874],[16.01213567]
[9.11029787],[2.23916198],[16.40128493]
[9.17916985],[2.25762757],[16.67612922]
[9.21197033],[2.27703903],[16.94815789]
[9.27594119],[2.29533322],[17.1421787]
[9.30316784],[2.30699936],[17.27893767]
[9.38570431],[2.29862276],[17.36775271]
[9.36588942],[2.27117746],[17.38588398]
[9.40605352],[2.23853252],[17.34610562]
[9.38586461],[2.20483914],[17.12995045]
[9.41908614],[2.17304711],[16.84745822]
[9.40491422],[2.14619067],[16.48932693]
[9.40214713],[2.11997776],[16.1224012]
[9.40905331],[2.09193736],[15.7199612]
[9.41517556],[2.06044182],[15.2605334]
[9.39463851],[2.02705912],[14.76938794]
[9.26857087],[1.99351064],[14.20927265]
[9.14703584],[1.95923075],[13.63264795]
[9.02280404],[1.91387534],[13.1435691]
[8.92998897],[1.86149472],[12.68982887]
[8.84098717],[1.80078681],[12.21701628]
[8.74928778],[1.7324147],[11.69777218]
[8.4465256],[1.65446277],[11.03457597]
[7.60314901],[1.6225962],[9.68453888]
[0.],[0.],[0.]
[0.],[0.],[0.]
[2.2926119],[0.51399841],[0.90154506]
[3.09114509],[0.91885399],[2.01201222]
[3.54583051],[1.01983371],[2.57820612]
[3.86342057],[1.12758093],[3.29432021]
[4.21249104],[1.23249714],[3.92510254]
[4.58325589],[1.32110242],[4.42900867]
[4.75465836],[1.40700335],[4.87234364]
[5.0277163],[1.47699237],[5.35400873]
[5.27533247],[1.53978535],[5.88117696]
[5.42240263],[1.586031],[6.30863024]
[5.53615211],[1.62291162],[6.82431538]
[5.78116236],[1.65061848],[7.23809111]
[6.1366779],[1.68901637],[7.74948884]
[6.37456477],[1.71542694],[8.17961783]
[6.60662941],[1.78838569],[8.83478946]
[6.94398033],[1.87239472],[9.52096347]
[7.18153941],[1.936534],[10.30510339]
[7.45888298],[1.9975378],[10.9432024]
[7.74378733],[2.03859019],[11.70803479]
[8.00740272],[2.06886804],[12.39166098]
[8.31527656],[2.09748328],[13.13186258]
[8.52176897],[2.12219606],[13.76649424]
[8.70895315],[2.15472764],[14.46463575]
[8.81083234],[2.17977212],[14.91612966]
[8.86692849],[2.20532481],[15.43123776]
[8.99667609],[2.22195637],[15.87908589]
[9.07730199],[2.2585535],[16.48484077]
[9.18214233],[2.28350469],[16.91102258]
[9.23630032],[2.30413826],[17.38515937]
[9.30025366],[2.32403555],[17.7445437]
[9.32955075],[2.34189312],[18.0704822]
[9.43411347],[2.35816212],[18.32724791]
[9.48161965],[2.37371528],[18.55280546]
[9.61489451],[2.39037865],[18.80811183]
[9.7086475],[2.40220972],[19.00779965]
[9.77276423],[2.39464156],[19.22650908]
[9.76948181],[2.36578692],[19.26924728]
[9.77441],[2.33388641],[19.27409475]
[9.76967837],[2.30219146],[19.08244089]
[9.76940055],[2.26746443],[18.82224393]
[9.7702672],[2.23327284],[18.42667967]
[9.73736156],[2.20214178],[18.03108609]
[9.73644474],[2.17189905],[17.59018499]
[9.73347789],[2.14579807],[17.06771292]
[9.71838635],[2.11868028],[16.45548453]
[9.63795996],[2.08997536],[15.89989707]
[9.48935413],[2.05962474],[15.34469442]
[9.35703937],[2.01894616],[14.77454935]
[9.25705959],[1.97538232],[14.2219523]
[9.17338486],[1.92150246],[13.63555688]
[9.07626137],[1.86556506],[13.10804833]
[8.75988105],[1.80201116],[12.49623159]
[7.92322676],[1.73510925],[11.10307416]
[0.],[0.],[0.]
[0.],[0.],[0.]
[2.31560693],[0.53789813],[0.97626405]
[3.11442966],[0.91508663],[2.0691651]
[3.67580587],[1.01430823],[2.70647493]
[3.93391164],[1.15614671],[3.43025713]
[4.35155769],[1.26738681],[4.10796249]
[4.69221889],[1.35200405],[4.62211767]
[4.89886884],[1.4374824],[5.12519963]
[5.19363601],[1.50561353],[5.66252168]
[5.40407621],[1.56641572],[6.14793368]
[5.50881358],[1.61267191],[6.65848313]
[5.74748476],[1.64576985],[7.21328539]
[6.0873912],[1.67376562],[7.66336828]
[6.312653],[1.71528656],[8.19362227]
[6.59265104],[1.79068692],[8.77695054]
[6.91792775],[1.86596633],[9.50747873]
[7.12392109],[1.94653399],[10.2440726]
[7.40208012],[2.00732063],[11.05773173]
[7.75173471],[2.065081],[11.71197773]
[7.93576783],[2.10616597],[12.55855531]
[8.31592674],[2.13050525],[13.24760395]
[8.55826595],[2.1596937],[14.03572375]
[8.77417324],[2.18015726],[14.82217592]
[9.01094323],[2.2127808],[15.55386698]
[9.19391701],[2.24939368],[16.13624054]
[9.2204846],[2.28732948],[16.77999574]
[9.30971234],[2.31817513],[17.32456575]
[9.32570881],[2.3562608],[17.91903773]
[9.44455963],[2.37842436],[18.35184499]
[9.48369089],[2.39828723],[18.82745639]
[9.59449356],[2.41561706],[19.23115786]
[9.69816994],[2.43083413],[19.6305011]
[9.82074602],[2.4586486],[20.09442359]
[9.90147089],[2.47761802],[20.4187791]
[9.95388402],[2.50429415],[20.7212183]
[10.01616959],[2.53744524],[20.91189609]
[10.02085138],[2.54014456],[21.01809006]
[10.04831127],[2.5104711],[21.04766926]
[10.02125227],[2.49232241],[21.00108445]
[10.05532881],[2.44257995],[20.86535187]
[10.01815192],[2.38721855],[20.54423415]
[10.07322027],[2.32501745],[20.16938164]
[10.02554729],[2.2894899],[19.72639858]
[10.02895341],[2.2574405],[19.28019094]
[10.03596469],[2.22483067],[18.76444391]
[10.05060054],[2.19055237],[18.23303834]
[10.030989],[2.15806957],[17.59700572]
[9.87583411],[2.13063764],[16.86658839]
[9.71775822],[2.09501332],[16.22829484]
[9.58347],[2.05571473],[15.67282208]
[9.48562053],[2.00680838],[15.12445283]
[9.39699527],[1.95322187],[14.54376111]
[9.06781796],[1.89528529],[13.83496456]
[8.23738363],[1.83841847],[12.3176093]
[0.08917529],[0.34101964],[0.0073889]
[0.],[0.],[0.]
[2.32788259],[0.58746433],[1.07968755]
[3.12297158],[0.95793487],[2.23643329]
[3.75865207],[1.06223003],[2.9226605]
[3.99233937],[1.20587994],[3.65674407]
[4.45097614],[1.31778846],[4.38370268]
[4.76530702],[1.40257196],[4.90034605]
[5.01013299],[1.4932356],[5.49203451]
[5.30239364],[1.55153933],[6.02146863]
[5.47494727],[1.61741916],[6.49443072]
[5.67277398],[1.65562347],[7.11160253]
[5.99309352],[1.70183407],[7.70423869]
[6.26118565],[1.72619867],[8.18780657]
[6.49448533],[1.79926127],[8.8620919]
[6.85244531],[1.88002008],[9.50003322]
[7.07941475],[1.95062207],[10.27817871]
[7.33510467],[2.0235582],[11.04999631]
[7.67039063],[2.08105829],[11.88000686]
[7.9113439],[2.1336254],[12.63556872]
[8.15762889],[2.17242634],[13.43415261]
[8.49044341],[2.19266408],[14.21353068]
[8.73436749],[2.23167633],[15.14990202]
[9.0397051],[2.26630591],[15.93741052]
[9.24971068],[2.30824317],[16.79583481]
[9.41609846],[2.34587569],[17.56248388]
[9.43287168],[2.38454153],[18.21417224]
[9.5569049],[2.41621192],[18.73828359]
[9.59571272],[2.45559898],[19.35255906]
[9.75702099],[2.51173865],[20.04524452]
[9.83532742],[2.53141351],[20.57672933]
[9.92897983],[2.56332055],[21.21009157]
[10.00925991],[2.58218776],[21.63115109]
[10.0307802],[2.61227585],[21.97761138]
[10.12816358],[2.6562396],[22.30254455]
[10.17241992],[2.68466264],[22.52246351]
[10.323655],[2.71127292],[22.71065515]
[10.40144312],[2.68488415],[22.77319171]
[10.46049846],[2.64539155],[22.95335617]
[10.45748123],[2.62058335],[22.87904331]
[10.48178059],[2.58469739],[22.90611792]
[10.48403607],[2.53876617],[22.56768276]
[10.50905364],[2.4843515],[22.3024364]
[10.52324557],[2.430898],[21.76904386]
[10.5077115],[2.37368623],[21.28043769]
[10.52786016],[2.33209365],[20.73891938]
[10.53243947],[2.29124142],[20.14999734]
[10.54813412],[2.25198183],[19.49022009]
[10.47279539],[2.22036641],[18.7814135]
[10.13556967],[2.1749674],[18.03189206]
[9.93697318],[2.13657624],[17.31167394]
[9.80278773],[2.09491747],[16.65447076]
[9.71064227],[2.04712492],[16.05183229]
[9.37724032],[1.99164279],[15.33618003]
[8.54418354],[1.93707068],[13.83411184]
[0.21189904],[0.8600367],[0.10955954]
[0.],[0.],[0.]
[2.35079972],[0.65479555],[1.2021928]
[3.14505025],[0.99815959],[2.38874069]
[3.85108324],[1.11492112],[3.17476986]
[4.15221974],[1.27003309],[3.95173772]
[4.55791345],[1.38697239],[4.70207475]
[4.89191563],[1.47634867],[5.30940673]
[5.1882192],[1.56484791],[5.92645924]
[5.40873822],[1.61979289],[6.419962]
[5.55947349],[1.68621518],[6.98451938]
[5.95046017],[1.72508182],[7.63094663]
[6.22728448],[1.76258358],[8.26557689]
[6.46499404],[1.80879433],[8.91853643]
[6.79128363],[1.8902963],[9.66266307]
[7.03734556],[1.96623216],[10.3673229]
[7.29747783],[2.03270133],[11.2047003]
[7.65578888],[2.10009453],[11.95144073]
[7.84190359],[2.15634601],[12.87822345]
[8.13809573],[2.1973339],[13.59848015]
[8.47058407],[2.23403603],[14.46852849]
[8.68703298],[2.28635031],[15.42735251]
[9.01434611],[2.32596454],[16.37189659]
[9.30219039],[2.360919],[17.19369534]
[9.46939554],[2.4012663],[18.21441951]
[9.71085619],[2.4374097],[19.00547463]
[9.78790259],[2.48174415],[19.68110554]
[9.92654196],[2.5441488],[20.45339624]
[9.99110872],[2.58913978],[21.17193923]
[10.04368499],[2.63808341],[21.81414557]
[10.13398077],[2.65981459],[22.37379114]
[10.18269973],[2.69447268],[22.89210472]
[10.31950925],[2.72698122],[23.36229239]
[10.39710661],[2.75643083],[23.72874995]
[10.59100729],[2.79488094],[24.27986408]
[10.73271872],[2.82180184],[24.61185033]
[10.81946515],[2.83896828],[24.96634778]
[11.01987726],[2.82203699],[25.1350591]
[11.06188167],[2.78293596],[25.25733383]
[11.09770702],[2.76571617],[25.29105456]
[11.09243692],[2.73160961],[25.1954393]
[11.1206662],[2.67910514],[24.96173192]
[11.13442741],[2.62097235],[24.594446]
[11.14799102],[2.57255447],[24.13000837]
[11.15988143],[2.52252291],[23.60657807]
[11.16378117],[2.47318656],[23.0651107]
[11.18365386],[2.43162486],[22.46174667]
[11.19931313],[2.38925729],[21.8125184]
[11.21331866],[2.34098893],[20.93309953]
[11.05898142],[2.28921908],[20.0351218]
[10.64028973],[2.24354946],[19.1988265]
[10.31022958],[2.19846666],[18.45171529]
[10.05896197],[2.14794825],[17.74341777]
[9.68560217],[2.07767158],[16.90090597]
[8.84829513],[2.02442493],[15.24928479]
[0.57089492],[0.9562619],[0.40592758]
[0.],[0.],[0.]
[2.37680264],[0.73454697],[1.34380356]
[3.17028589],[1.05294957],[2.55928267]
[3.93846864],[1.17271433],[3.44580898]
[4.32139372],[1.33053527],[4.24750738]
[4.65169356],[1.4704137],[5.02713404]
[5.04226981],[1.55185805],[5.71119318]
[5.3621355],[1.63593757],[6.35278969]
[5.49894024],[1.69741599],[6.87419761]
[5.7619468],[1.75924706],[7.52355068]
[6.20459214],[1.79202272],[8.20201451]
[6.38799348],[1.83691255],[8.96809001]
[6.76236286],[1.92144269],[9.71917122]
[7.04946786],[1.99543819],[10.55472725]
[7.23019758],[2.06006592],[11.29971698]
[7.58894588],[2.12616741],[12.15268355]
[7.85844525],[2.18668427],[13.03547887]
[8.07218193],[2.24356292],[13.90683633]
[8.44555829],[2.27285848],[14.73035404]
[8.66386333],[2.32933287],[15.73682548]
[8.95446001],[2.38522036],[16.67317966]
[9.27408987],[2.42339636],[17.66924834]
[9.52398944],[2.46065003],[18.68366441]
[9.76920991],[2.50924121],[19.68557228]
[10.03195936],[2.57167565],[20.68555578]
[10.12719934],[2.61710404],[21.52319703]
[10.18841124],[2.66921548],[22.24700222]
[10.29208488],[2.71933586],[22.90434395]
[10.39676144],[2.77078747],[23.50676564]
[10.51314187],[2.80608659],[24.13921571]
[10.66746282],[2.84715424],[24.81843185]
[10.78911069],[2.88098975],[25.52594479]
[10.92407966],[2.90455455],[25.99072438]
[11.07149923],[2.93542807],[26.49046592]
[11.27957188],[2.95795436],[26.90983643]
[11.46375295],[2.96640419],[27.25838151]
[11.6026746],[2.95117504],[27.51663021]
[11.75388751],[2.93034692],[27.79935607]
[11.75441462],[2.91523063],[27.92589015]
[11.77624241],[2.8865146],[27.92789253]
[11.76902698],[2.84940843],[27.75757144]
[11.81150045],[2.77624534],[27.40691825]
[11.81086852],[2.71031736],[26.91309788]
[11.8424138],[2.65674204],[26.35594952]
[11.85870933],[2.6041148],[25.69316087]
[11.85882442],[2.56804632],[25.06492789]
[11.87382436],[2.52984961],[24.25070239]
[11.8880968],[2.49095727],[23.54044533]
[11.9092817],[2.44809495],[22.61887093]
[11.71326367],[2.40757826],[21.53420607]
[11.27381236],[2.36251527],[20.4909252]
[10.83280546],[2.31017478],[19.58649663]
[10.26513797],[2.22720476],[18.6199207]
[9.31960546],[2.14124645],[16.87720677]
[2.46584863],[1.07163158],[1.3392807]
[0.],[0.],[0.]
[2.40351434],[0.74079427],[1.40164872]
[3.19467632],[1.0398526],[2.59338685]
[4.03511211],[1.15101792],[3.59910433]
[4.45758565],[1.36160092],[4.42721571]
[4.73315974],[1.49379777],[5.23904668]
[5.22640893],[1.57543363],[5.99809762]
[5.49270251],[1.65157799],[6.61223171]
[5.59600536],[1.72099388],[7.24465387]
[6.08542366],[1.77442066],[7.98503637]
[6.36657067],[1.81662226],[8.63595972]
[6.63382713],[1.91224049],[9.57702745]
[7.00436078],[1.98588882],[10.36763585]
[7.2293097],[2.05751898],[11.33764763]
[7.5440856],[2.11667748],[12.05203379]
[7.82088435],[2.18643207],[13.05348805]
[8.08790467],[2.24080841],[13.89990038]
[8.41237819],[2.29096023],[14.81116781]
[8.6277844],[2.33750577],[15.83231261]
[8.9094837],[2.41683403],[16.82609145]
[9.28238933],[2.47081605],[17.83116074]
[9.45788595],[2.54122567],[19.04550545]
[9.82029664],[2.59872021],[20.09560529]
[10.08509441],[2.63981172],[21.13582143]
[10.28990375],[2.69254957],[22.32184119]
[10.47007774],[2.74602772],[23.21517266]
[10.63313812],[2.79888444],[23.87515709]
[10.73779197],[2.85759194],[24.61997804]
[10.87935205],[2.90191364],[25.42448233]
[10.95689618],[2.95124949],[26.17480139]
[11.1777894],[2.98887171],[26.88268967]
[11.35289576],[3.02064837],[27.5442442]
[11.50972373],[3.04435256],[28.16604611]
[11.72171776],[3.07086108],[28.8249324]
[11.89040847],[3.09542969],[29.43044568]
[12.06348746],[3.10458372],[29.90994807]
[12.24680268],[3.105018],[30.27465138]
[12.38682102],[3.09724837],[30.59910143]
[12.45181487],[3.09613876],[30.8583261]
[12.42121647],[3.12179869],[30.98163278]
[12.47544152],[3.08742194],[30.95219142]
[12.46162679],[2.99575926],[30.65146215]
[12.51168336],[2.90714525],[30.11298625]
[12.49770619],[2.81938038],[29.39112851]
[12.55342145],[2.73924215],[28.64541389]
[12.54742691],[2.69371683],[27.80703137]
[12.54900879],[2.65076715],[26.98663141]
[12.56383708],[2.611125],[26.02845116]
[12.58482262],[2.57589623],[25.11798982]
[12.59611659],[2.54316606],[24.12932614]
[12.3651238],[2.50997731],[23.02839093]
[11.92537746],[2.47285426],[21.84328219]
[11.17186981],[2.41204388],[20.56872152]
[10.12562687],[2.31675869],[18.58511366]
[4.0725942],[1.20308514],[3.14495388]
[0.],[0.],[0.]
[2.40877324],[0.50164838],[1.07046511]
[3.19190375],[0.69200249],[1.87468538]
[4.03638963],[0.91321175],[2.84551603]
[4.53705398],[1.13676327],[3.59072483]
[4.77036322],[1.23477775],[4.40621388]
[5.32555523],[1.32949258],[5.09708934]
[5.55854752],[1.38921543],[5.72884099]
[5.84063227],[1.47834823],[6.3468776]
[6.23211573],[1.58262009],[7.09807926]
[6.52817675],[1.7093101],[7.86087552]
[6.93223548],[1.79367919],[8.81110484]
[7.11838054],[1.84157012],[9.65688606]
[7.44286639],[1.90469142],[10.56438599]
[7.77347071],[1.9417018],[11.37790062]
[7.93176092],[1.99784242],[12.28535164]
[8.36015214],[2.06063838],[13.12157173]
[8.60194195],[2.14244847],[14.16089694]
[8.81355287],[2.20993613],[15.11660189]
[9.17317614],[2.29777061],[16.18099139]
[9.42763448],[2.41979923],[17.37264455]
[9.66675244],[2.48798512],[18.54776887]
[10.02430469],[2.53572455],[19.59458999]
[10.25779649],[2.59245326],[20.77943049]
[10.59934624],[2.63931744],[21.90581818]
[10.83458712],[2.69590782],[22.93932354]
[11.03367653],[2.74076579],[23.79751856]
[11.11210405],[2.79710683],[24.56762904]
[11.3139106],[2.83796525],[25.3612764]
[11.5145748],[2.88962463],[26.19696102]
[11.66877941],[2.93281218],[27.01597374]
[11.88162773],[2.98557504],[27.86262403]
[12.0527843],[3.00845488],[28.70760573]
[12.20009407],[3.03414622],[29.42360339]
[12.43272133],[3.05787873],[30.11303669]
[12.57385355],[3.08706512],[30.70756536]
[12.76563207],[3.11328133],[31.212904]
[12.96427605],[3.14749815],[31.72173468]
[13.01599097],[3.17894379],[32.02757224]
[13.11847546],[3.20001999],[32.22324558]
[13.14795433],[3.18632385],[32.27444495]
[13.20366354],[3.12284994],[32.15411543]
[13.14275631],[3.04747766],[31.76178575]
[13.19673134],[2.95769507],[31.06369021]
[13.1420621],[2.86994241],[30.21301756]
[13.18553694],[2.78436983],[29.36739942]
[13.15642265],[2.69450283],[28.22200238]
[13.16839963],[2.6379083],[27.2135138]
[13.19062528],[2.5856025],[26.01474339]
[13.20140194],[2.54504977],[24.97175269]
[13.21510833],[2.50681618],[23.76067968]
[12.98836253],[2.47424877],[22.55212395]
[12.2129315],[2.42432072],[21.20316564]
[11.04804245],[2.35211329],[19.29795014]
