meltWidth,meltDepth,meltArea
[0.14378737],[0.0953611],[0.00653591]
[0.22825389],[0.14448263],[0.01595137]
[0.17279103],[0.16339389],[0.01354937]
[0.11301794],[0.25801332],[0.01357533]
[0.31055448],[0.80904975],[0.13227939]
[0.62765076],[0.81322179],[0.25124214]
[0.76704152],[0.77140066],[0.29274602]
[1.06550902],[0.74916311],[0.41150308]
[1.08909837],[0.68987458],[0.37626061]
[1.2108531],[0.61813152],[0.41314209]
[1.15950496],[0.5555976],[0.32696914]
[1.23176664],[0.53498976],[0.37264344]
[1.16679474],[0.51649615],[0.30502799]
[1.2267051],[0.49936805],[0.34514671]
[1.143205],[0.48693194],[0.28371464]
[1.1801862],[0.47949901],[0.3177867]
[1.11787384],[0.49149665],[0.28039769]
[1.22601687],[0.51314782],[0.36270485]
[1.23695512],[0.54170315],[0.35634855]
[1.3087886],[0.56562231],[0.43262194]
[1.3248982],[0.58797129],[0.42184456]
[1.37262028],[0.59964403],[0.48523704]
[1.37895766],[0.60482002],[0.46199081]
[1.40413268],[0.60468247],[0.50854098]
[1.41792897],[0.60338959],[0.48540332]
[1.44212093],[0.59707439],[0.53162069]
[1.44362823],[0.5842966],[0.4884436]
[1.46093263],[0.57360758],[0.52774655]
[1.47035943],[0.5605056],[0.49031162]
[1.48726624],[0.5505554],[0.51752415]
[1.48644925],[0.54643382],[0.50082965]
[1.48023464],[0.54350679],[0.49775072]
[1.4783184],[0.54073187],[0.49558223]
[1.47689226],[0.53630961],[0.4918712]
[1.47826084],[0.53556574],[0.49234568]
[1.47676358],[0.54239797],[0.49589477]
[1.47632946],[0.54865419],[0.50031654]
[1.47828122],[0.55329672],[0.50511727]
[1.47631719],[0.55819973],[0.50752209]
[1.47185366],[0.56303769],[0.50929178]
[1.46273643],[0.55997013],[0.50053288]
[1.46039398],[0.55879682],[0.50019186]
[1.44906057],[0.55282445],[0.49335261]
[1.43895796],[0.54620545],[0.48395458]
[1.45989057],[0.54264028],[0.49855029]
[1.47122747],[0.54062044],[0.50287391]
[1.50253885],[0.5405806],[0.51342003]
[1.5413861],[0.55860157],[0.53635257]
[1.56486604],[0.57720794],[0.5568553]
[1.58425673],[0.59918585],[0.57821626]
[1.60318375],[0.61242379],[0.59611605]
[1.61833958],[0.62187323],[0.61113109]
[1.18172395],[0.62689069],[0.48257513]
[0.],[0.],[0.]
[0.71468654],[0.25191561],[0.08875017]
[0.95736321],[0.20929918],[0.10300533]
[0.95182297],[0.33667349],[0.1573059]
[0.74283945],[0.27492039],[0.09812645]
[0.87526747],[0.88140414],[0.51585306]
[0.99188844],[0.86612533],[0.7329858]
[1.2318572],[0.97285716],[0.98724028]
[1.34175312],[0.96442908],[1.03072216]
[1.42400306],[1.03860596],[1.1646909]
[1.46343896],[1.01089764],[1.13759539]
[1.44392803],[1.04202872],[1.18238375]
[1.44032774],[0.99677358],[1.09808238]
[1.42713552],[1.02605095],[1.09797074]
[1.41679364],[0.92588876],[0.99243659]
[1.41017855],[0.94278641],[1.00114412]
[1.41914378],[0.87301235],[0.92396306]
[1.43141764],[0.95119538],[0.96183601]
[1.45215264],[0.88374335],[0.91112435]
[1.46710231],[0.9621806],[0.96442957]
[1.49109617],[0.86754792],[0.91280904]
[1.52575782],[0.95156686],[0.98399592]
[1.5507677],[0.85427416],[0.92563454]
[1.58653561],[0.92439657],[0.98553465]
[1.61591382],[0.83594316],[0.92889644]
[1.6266386],[0.89800633],[0.97369789]
[1.66126486],[0.81191959],[0.92103271]
[1.6869506],[0.87351049],[0.97457999]
[1.71908868],[0.77975899],[0.91425898]
[1.72953946],[0.85268355],[0.9726562]
[1.81839955],[0.74302047],[0.92211172]
[1.83536127],[0.83426028],[0.99128534]
[1.95050632],[0.78578291],[1.01151439]
[1.91128243],[0.77908181],[0.97363921]
[1.90991357],[0.77514773],[0.96991427]
[1.89682366],[0.76907012],[0.9563203]
[1.90121773],[0.76800108],[0.95767213]
[1.92380651],[0.7790454],[0.98024451]
[1.92000133],[0.78949853],[0.9891888]
[1.9334245],[0.7966516],[1.00451408]
[1.94330168],[0.80214235],[1.01665799]
[1.93781794],[0.80747082],[1.02036827]
[1.92201248],[0.81608894],[1.02143734]
[1.92001066],[0.82010285],[1.02786377]
[1.92810287],[0.82621101],[1.04222745]
[1.92840985],[0.8361557],[1.05708321]
[1.97395123],[0.83618709],[1.09580483]
[2.02087181],[0.82854276],[1.13205294]
[2.04782865],[0.82183944],[1.15124265]
[2.06913469],[0.81608893],[1.16769692]
[2.1002672],[0.8090941],[1.19303822]
[2.15193836],[0.81251555],[1.24083127]
[2.21330341],[0.81759674],[1.30296903]
[2.2700178],[0.83946136],[1.37227441]
[1.9218056],[0.8604453],[1.26805858]
[0.],[0.],[0.]
[0.69418012],[0.30968514],[0.10626677]
[1.01828725],[0.34209198],[0.17147419]
[1.13406216],[0.49895087],[0.29658006]
[1.15851692],[0.63270177],[0.40151213]
[1.25208407],[0.93447604],[0.77165084]
[1.22602206],[0.92948259],[0.96131068]
[1.27719927],[1.02496881],[1.1715552]
[1.31550634],[1.02510213],[1.18131399]
[1.3722444],[1.06470823],[1.24586524]
[1.35031527],[1.02767112],[1.15120667]
[1.35556558],[1.06490357],[1.17421052]
[1.34753191],[1.0256086],[1.08015865]
[1.36939225],[1.06356026],[1.13174667]
[1.365643],[1.02720976],[1.0559118]
[1.39857689],[1.07125753],[1.12704905]
[1.4173534],[1.05265416],[1.06909557]
[1.43780011],[1.09208748],[1.14287718]
[1.44703125],[1.06842388],[1.07626244]
[1.46614748],[1.10372998],[1.13168205]
[1.53921667],[1.05173109],[1.05107265]
[1.58578923],[1.1056524],[1.14762682]
[1.64156604],[1.01163007],[1.06816109]
[1.66174179],[1.0794695],[1.12875324]
[1.74196964],[0.98292315],[1.07499096]
[1.72058247],[1.04797908],[1.11407125]
[1.77861729],[0.95385793],[1.06125541]
[1.8071303],[1.01669923],[1.11394452]
[1.84344248],[0.90630871],[1.04578411]
[1.83947925],[0.98796056],[1.10468421]
[1.9225836],[0.87688552],[1.05076532]
[1.90708418],[0.9628677],[1.10035869]
[2.01934376],[0.91673563],[1.09639936]
[1.97050438],[0.90944505],[1.06018807]
[1.987954],[0.9042619],[1.0567279]
[1.99523003],[0.89492046],[1.04517645]
[2.01666461],[0.8972384],[1.05472988]
[2.05036274],[0.90632559],[1.07818224]
[2.0438173],[0.91284555],[1.07756168]
[2.05222415],[0.92180343],[1.08740138]
[2.08040048],[0.92923919],[1.10997133]
[2.09016305],[0.93461168],[1.12148258]
[2.07828891],[0.93839646],[1.11675425]
[2.07937773],[0.93979895],[1.123336]
[2.09119224],[0.94023589],[1.14032989]
[2.13412408],[0.95543792],[1.20686993]
[2.18266004],[0.94402488],[1.2660505]
[2.23078306],[0.92829517],[1.3201072]
[2.26458904],[0.91493578],[1.36306357]
[2.29552725],[0.9053185],[1.40500737]
[2.32240731],[0.89098073],[1.4306573]
[2.33773517],[0.88131911],[1.44706895]
[2.37011756],[0.8744232],[1.47307333]
[2.40225026],[0.87364142],[1.50047296]
[2.05916389],[0.87844577],[1.4115694]
[0.],[0.],[0.]
[0.50871406],[0.30401277],[0.07641515]
[1.01078917],[0.38376271],[0.19124658]
[1.19845809],[0.53041795],[0.3231434]
[1.2363164],[0.79608956],[0.54556365]
[1.29603757],[0.94164677],[0.83006982]
[1.23052809],[0.93317975],[0.92187418]
[1.24941176],[1.02121902],[1.12317185]
[1.33137358],[1.00480895],[1.08579384]
[1.37252345],[1.04678642],[1.1226674]
[1.37075622],[1.02433889],[1.0192568]
[1.38777281],[1.07289658],[1.08364239]
[1.39285537],[1.02879467],[0.83202711]
[1.40741361],[1.08283589],[0.86966421]
[1.42117079],[1.02482811],[0.75238913]
[1.44444739],[1.04761857],[0.80700623]
[1.48743291],[0.97781062],[0.79832777]
[1.5446271],[1.02504419],[0.90627016]
[1.70372275],[0.9550069],[0.9404145]
[1.8877164],[0.9949165],[1.04107965]
[1.94224578],[0.92953558],[1.01583049]
[1.93971834],[0.96620879],[1.03903032]
[1.99245608],[0.88590107],[0.99989873]
[2.03837455],[0.93439304],[1.03150525]
[2.01351595],[0.85389476],[0.98600533]
[1.98929194],[0.91768646],[1.0210337]
[2.04416022],[0.82459141],[0.98138723]
[2.1070731],[0.89284004],[1.0255344]
[2.14060297],[0.79504026],[0.98596539]
[2.20405179],[0.86570099],[1.03137177]
[2.20817687],[0.79329876],[1.00000197]
[2.28703042],[0.84233072],[1.02551394]
[2.36911255],[0.80386129],[1.02659126]
[2.33621015],[0.79689088],[0.98847104]
[2.32369636],[0.79327972],[0.98960019]
[2.31990428],[0.79342839],[0.98821826]
[2.33979869],[0.7926265],[0.9983346]
[2.37187087],[0.79936507],[1.02087092]
[2.3591951],[0.8087017],[1.01816479]
[2.36571078],[0.81832023],[1.02872019]
[2.38474853],[0.82758793],[1.05179935]
[2.37921414],[0.83529687],[1.06080251]
[2.35076202],[0.84488102],[1.05302546]
[2.33227104],[0.85040245],[1.04989404]
[2.32987245],[0.8576604],[1.06550654]
[2.35285851],[0.87915264],[1.12429142]
[2.37235309],[0.88325463],[1.17267974]
[2.3928333],[0.8880749],[1.22119009]
[2.40490575],[0.89301432],[1.26020185]
[2.41944754],[0.89925113],[1.30350455]
[2.43346842],[0.89634967],[1.33836832]
[2.44535842],[0.88170754],[1.36333831]
[2.45936742],[0.86335771],[1.38631572]
[2.48177426],[0.84399202],[1.41006352]
[2.14821111],[0.83738849],[1.32758818]
[0.],[0.],[0.]
[0.51208541],[0.31773525],[0.08048475]
[1.19208328],[0.41587058],[0.2922001]
[1.33743646],[0.71171986],[0.55840036]
[1.35956611],[0.92041765],[0.8259339]
[1.39633147],[1.03419242],[1.04595897]
[1.34691028],[1.02270361],[1.06986905]
[1.33094595],[1.12824681],[1.26602769]
[1.46192988],[1.14546356],[1.30523994]
[1.52229448],[1.1635906],[1.35443863]
[1.57405438],[1.17031285],[1.34958009]
[1.58098915],[1.17406098],[1.36026891]
[1.66407667],[1.16710602],[1.35010948]
[1.83148789],[1.16112742],[1.39559321]
[2.00943469],[1.15078471],[1.42725395]
[2.14988821],[1.13090149],[1.49414962]
[2.29914584],[1.04483366],[1.51962389]
[2.32701833],[1.05187871],[1.51300339]
[2.41405791],[0.95382023],[1.45287409]
[2.44860612],[0.98670955],[1.43802244]
[2.53917462],[0.90880618],[1.39861745]
[2.6114806],[0.96347343],[1.40619123]
[2.64047173],[0.88172547],[1.35045486]
[2.66318856],[0.92499186],[1.34539743]
[2.65893475],[0.86334092],[1.2983362]
[2.69151698],[0.90081472],[1.28349981]
[2.67698685],[0.85529435],[1.26722147]
[2.71223808],[0.87441722],[1.26331988]
[2.70690635],[0.85015302],[1.25397263]
[2.74413799],[0.85434171],[1.23285034]
[2.73376457],[0.84393085],[1.25492158]
[2.8034671],[0.83875679],[1.22984824]
[2.7658818],[0.82915278],[1.26577738]
[2.81589968],[0.82621583],[1.22564277]
[2.77220352],[0.82507503],[1.22201788]
[2.75369358],[0.82573298],[1.2197601]
[2.74126448],[0.82762747],[1.2323292]
[2.71417681],[0.83450067],[1.25681247]
[2.69515898],[0.84367502],[1.26422646]
[2.67690775],[0.84662691],[1.27996321]
[2.65854908],[0.85091612],[1.30610965]
[2.63869736],[0.85704764],[1.31880971]
[2.61619978],[0.86433738],[1.32182743]
[2.59724512],[0.86808603],[1.32673229]
[2.5823989],[0.8737026],[1.34592681]
[2.59159063],[0.89462902],[1.39705299]
[2.595069],[0.90025409],[1.44251924]
[2.59904835],[0.90670537],[1.48754524]
[2.59813256],[0.91292218],[1.52205223]
[2.6017183],[0.91817134],[1.55185918]
[2.6041179],[0.92079343],[1.57788118]
[2.60378242],[0.92650441],[1.60334781]
[2.60871983],[0.93403547],[1.6297745]
[2.61071242],[0.93047395],[1.64576664]
[2.19066958],[0.92374206],[1.50061076]
[0.],[0.],[0.]
[0.68529033],[0.32238663],[0.10935065]
[1.33287299],[0.46699447],[0.42856878]
[1.49526599],[0.85639658],[0.77941903]
[1.50628686],[1.00881769],[1.07123669]
[1.51404772],[1.09855461],[1.22307537]
[1.49643562],[1.1284442],[1.29618791]
[1.47982186],[1.18808856],[1.39852174]
[1.43293429],[1.21752346],[1.44292856]
[1.69477306],[1.22568541],[1.52791318]
[1.92155327],[1.22412769],[1.64194962]
[2.07809336],[1.22508592],[1.72665577]
[2.28248936],[1.21301311],[1.84693555]
[2.34147491],[1.2085107],[1.88171506]
[2.44628021],[1.1918389],[1.88456048]
[2.45745456],[1.19442827],[1.86507239]
[2.54958459],[1.15886753],[1.81719726]
[2.59422265],[1.18850654],[1.80923832]
[2.6732122],[1.0967045],[1.71032145]
[2.7254766],[1.1231267],[1.70203649]
[2.7790606],[1.10312945],[1.64293761]
[2.83269932],[1.10691732],[1.67098758]
[2.84611735],[1.10597429],[1.62724988]
[2.85996364],[1.1039014],[1.63486622]
[2.87773679],[1.08149281],[1.59906671]
[2.88709095],[1.04770598],[1.57712084]
[2.90579759],[1.01459704],[1.56034406]
[2.90954208],[0.98834936],[1.53107755]
[2.93638119],[0.96108908],[1.5383386]
[2.94098844],[0.94675237],[1.50950945]
[2.95428871],[0.92719104],[1.53106386]
[2.99877887],[0.91010091],[1.51419512]
[2.98468883],[0.89141617],[1.52683609]
[3.01631481],[0.87736434],[1.49791044]
[2.99690748],[0.86736062],[1.4775292]
[2.97056361],[0.87062431],[1.47175721]
[2.95844823],[0.88191095],[1.47842349]
[2.93441019],[0.89099448],[1.48891525]
[2.91512515],[0.89912216],[1.49595962]
[2.89159041],[0.90716647],[1.49565042]
[2.86025791],[0.90782111],[1.52778282]
[2.82715487],[0.91252496],[1.53890126]
[2.78378982],[0.91947866],[1.537435]
[2.74274794],[0.92634198],[1.54389651]
[2.70694674],[0.94071659],[1.58725891]
[2.70995722],[0.96431872],[1.63257773]
[2.70224619],[0.97080651],[1.66112447]
[2.69705876],[0.97812111],[1.69593139]
[2.68944315],[0.98397222],[1.71677718]
[2.68914366],[0.99091203],[1.7366117]
[2.6873196],[0.99345334],[1.758101]
[2.68224568],[0.9980328],[1.77591443]
[2.68594327],[1.0020901],[1.79172511]
[2.68492766],[1.0041566],[1.80681979]
[2.20831048],[1.00621167],[1.622391]
[0.],[0.],[0.]
[0.79284607],[0.34500317],[0.16766575]
[1.34962587],[0.50216274],[0.44119259]
[1.42910836],[1.01691403],[0.99280229]
[1.43352377],[1.11028212],[1.18580349]
[1.43610487],[1.14055599],[1.26832464]
[1.42064457],[1.17715412],[1.37168313]
[1.62164201],[1.21854647],[1.5026718]
[1.85106769],[1.25293797],[1.65257777]
[2.10129395],[1.25807323],[1.80655585]
[2.31784002],[1.26005929],[1.95380921]
[2.42399756],[1.26203074],[2.03879833]
[2.57429847],[1.25300092],[2.10487727]
[2.60446506],[1.2503015],[2.10340012]
[2.73544295],[1.23760786],[2.11574589]
[2.79199246],[1.24572613],[2.10999446]
[2.91910709],[1.20323754],[2.10318112]
[2.97015194],[1.24119989],[2.12069949]
[3.07639905],[1.13918411],[2.03272669]
[3.10597878],[1.14955532],[2.04587128]
[3.19943943],[1.15010096],[1.97185083]
[3.18585442],[1.15221843],[1.99151332]
[3.2434689],[1.15011412],[1.95497553]
[3.20601407],[1.14435391],[1.9609702]
[3.26584622],[1.11052941],[1.92306864]
[3.23027452],[1.09450313],[1.91239345]
[3.29575507],[1.07746354],[1.90662957]
[3.24844132],[1.06659209],[1.88797341]
[3.31781912],[1.04458125],[1.90267777]
[3.2796529],[1.03502677],[1.87688054]
[3.35134216],[1.01529873],[1.90317432]
[3.34246803],[1.00211855],[1.88838816]
[3.37282771],[0.98688795],[1.9032927]
[3.36104134],[0.97636635],[1.8755764]
[3.38422698],[0.96676149],[1.85789352]
[3.3454289],[0.97351141],[1.85554617]
[3.33432272],[0.9796436],[1.8610318]
[3.31515634],[0.97922293],[1.86498736]
[3.29838959],[0.98126352],[1.87416168]
[3.28432128],[0.98536312],[1.88743821]
[3.25394839],[0.99236823],[1.91227305]
[3.22034777],[0.99891121],[1.92530437]
[3.18129234],[0.99726929],[1.92487919]
[3.13997719],[0.98642302],[1.91985622]
[3.10940804],[0.99900133],[1.96538976]
[3.09856726],[1.02059778],[1.99263961]
[3.07804545],[1.03137121],[2.00827927]
[3.04704001],[1.03797728],[2.02174557]
[3.01116521],[1.04312435],[2.0241856]
[2.97136606],[1.04716943],[2.02062712]
[2.93385332],[1.04905114],[2.01770699]
[2.89147547],[1.05278049],[2.01512794]
[2.85540699],[1.05811776],[2.01327522]
[2.81889554],[1.0565066],[2.00888404]
[2.24966425],[1.05323185],[1.7658958]
[0.],[0.],[0.]
[0.3862482],[0.2477598],[0.04704101]
[0.60021541],[0.36264115],[0.10635262]
[0.90988085],[1.02925344],[0.74271333]
[1.18963011],[1.09808529],[0.92974637]
[1.42149807],[1.13220642],[1.07445049]
[1.69580818],[1.17366905],[1.20470361]
[1.92049695],[1.20592327],[1.34592441]
[2.21785759],[1.22843972],[1.50197241]
[2.4046791],[1.23093614],[1.67193858]
[2.61652446],[1.19398249],[1.74764922]
[2.67001867],[1.23025193],[1.85326762]
[2.8474341],[1.1021448],[1.86295124]
[2.9387693],[1.15816901],[1.92958786]
[3.14740744],[1.04227912],[1.92525665]
[3.17750718],[1.07913056],[1.95578111]
[3.36265461],[0.99309471],[1.95393242]
[3.37461982],[1.01799902],[1.95410279]
[3.57171047],[0.94949536],[1.96125906]
[3.49949395],[0.9637309],[1.95164913]
[3.66532],[0.92534248],[1.9685613]
[3.57316405],[0.94696406],[1.94748542]
[3.70717668],[0.9215302],[1.98766931]
[3.57999462],[0.9334916],[1.96837824]
[3.72691821],[0.92075934],[2.01186942]
[3.60632793],[0.9199478],[1.96310451]
[3.77141001],[0.91808735],[2.0213302]
[3.62705222],[0.9064801],[1.9692942]
[3.7853757],[0.92190216],[2.05370451]
[3.65935395],[0.90658456],[1.99931111]
[3.81117281],[0.92273792],[2.09598229]
[3.74210117],[0.90611548],[2.06419576]
[3.79443526],[0.91202002],[2.11345046]
[3.76655938],[0.91075201],[2.08666064]
[3.79739631],[0.91028938],[2.08877134]
[3.77336042],[0.91518899],[2.08677268]
[3.7524953],[0.91966015],[2.0942761]
[3.73292335],[0.92624496],[2.10555309]
[3.71865938],[0.93546842],[2.1117356]
[3.71215786],[0.93834362],[2.11708191]
[3.68719619],[0.94151215],[2.11876774]
[3.65423725],[0.94549746],[2.11369366]
[3.62276139],[0.95233617],[2.10652867]
[3.5834174],[0.95610857],[2.10740311]
[3.55327443],[0.96905143],[2.14030989]
[3.53548892],[0.98677806],[2.16297467]
[3.53084106],[0.99580662],[2.1688368]
[3.50992131],[1.00171314],[2.1739704]
[3.46730367],[1.00707859],[2.16627691]
[3.42832337],[1.01261615],[2.15771259]
[3.3883474],[1.0146599],[2.14981988]
[3.34397009],[1.01831866],[2.14325455]
[3.30110385],[1.02199227],[2.13469159]
[3.26300586],[1.02356604],[2.12472323]
[2.63507781],[1.02662839],[1.85037053]
[0.],[0.],[0.]
[0.23401099],[0.16815617],[0.01907085]
[0.33298442],[0.43207679],[0.06882873]
[1.13066493],[1.0881382],[0.78301572]
[1.45569573],[1.14358418],[0.96256903]
[1.70566458],[1.17262582],[1.11798067]
[2.04065801],[1.18771689],[1.20643516]
[2.36697529],[1.23268205],[1.57039698]
[2.63751566],[1.16771223],[1.70913004]
[2.69738627],[1.22556354],[1.88972058]
[2.87167936],[1.1161837],[1.9487703]
[2.9774034],[1.16593251],[2.04241882]
[3.1809532],[1.05762898],[2.0692862]
[3.23187921],[1.09359373],[2.11821491]
[3.48975139],[1.01431652],[2.16201269]
[3.48479622],[1.03302592],[2.16910686]
[3.77114875],[1.00079281],[2.25333203]
[3.69473429],[1.02301661],[2.22766077]
[3.91986634],[1.0169028],[2.30817344]
[3.87150115],[1.01733675],[2.25302112]
[4.0540255],[1.01770172],[2.35360278]
[3.98670525],[1.01838747],[2.28444229]
[4.09385149],[1.01445274],[2.38571618]
[4.03460744],[1.01120622],[2.31816972]
[4.11889472],[1.00234929],[2.41595054]
[4.06139776],[0.99857923],[2.33684461]
[4.14725766],[0.99517075],[2.44685397]
[4.08726828],[0.99720203],[2.36799023]
[4.15931045],[0.99748079],[2.49349127]
[4.11562513],[0.99815433],[2.4143121]
[4.18147902],[0.99287078],[2.5346456]
[4.19983846],[0.98362928],[2.48743157]
[4.19462091],[0.97493989],[2.53119079]
[4.21175314],[0.96804655],[2.50778762]
[4.19132898],[0.97104833],[2.52230374]
[4.20924697],[0.98203269],[2.53078233]
[4.17688024],[0.99179448],[2.54596883]
[4.15389794],[0.99486354],[2.55398078]
[4.14184919],[0.99692167],[2.5641919]
[4.1302139],[0.99861853],[2.56916032]
[4.11559805],[1.00047063],[2.5709422]
[4.0845393],[1.0041938],[2.56212795]
[4.05863185],[1.01166761],[2.5549537]
[4.03146601],[1.01239102],[2.5420152]
[4.00568479],[1.02483222],[2.55702679]
[3.99181567],[1.03951843],[2.57515412]
[3.98328724],[1.05224101],[2.57829048]
[3.97320761],[1.05958057],[2.57505578]
[3.94069459],[1.06598557],[2.557981]
[3.90476527],[1.07090899],[2.54528617]
[3.87011299],[1.07309323],[2.54801073]
[3.82912416],[1.07687141],[2.54748791]
[3.78758105],[1.07893408],[2.51737136]
[3.75527926],[1.07372026],[2.48286473]
[3.0796339],[1.07038439],[2.13182346]
[0.],[0.],[0.]
[0.21056161],[0.15057903],[0.01517978]
[0.01221349],[0.07013638],[9.70626934e-06]
[1.22518681],[1.11051829],[0.8113702]
[1.55213979],[1.11872035],[0.84005549]
[1.81023855],[1.17870806],[1.11346399]
[2.4013706],[1.09931587],[1.35503269]
[2.58924022],[1.2171866],[1.7026897]
[2.81836002],[1.10355467],[1.84769722]
[2.89234478],[1.15899572],[1.99117151]
[3.11623037],[1.06952722],[2.07080046]
[3.21278786],[1.11055921],[2.16117353]
[3.42587269],[1.03311624],[2.23736067]
[3.45393953],[1.05699556],[2.28692608]
[3.70075947],[1.08573155],[2.4047647]
[3.74781562],[1.10993128],[2.40837578]
[3.93439295],[1.13999739],[2.54731423]
[3.95087362],[1.16002502],[2.52949173]
[4.09253102],[1.15495703],[2.6395921]
[4.12666511],[1.15268759],[2.58722215]
[4.21885119],[1.1383091],[2.68367879]
[4.24847053],[1.12606745],[2.61397446]
[4.28078195],[1.11034649],[2.70610525]
[4.29917612],[1.10002678],[2.6354333]
[4.30907521],[1.08483722],[2.72882491]
[4.31642943],[1.07270248],[2.64668116]
[4.32996121],[1.05852204],[2.73940526]
[4.33490574],[1.05054099],[2.65653716]
[4.3387336],[1.0381758],[2.77444171]
[4.35171132],[1.03099568],[2.69183771]
[4.36164962],[1.02198321],[2.80972767]
[4.40576812],[1.01010956],[2.77962263]
[4.38430875],[1.00185653],[2.82138744]
[4.42711483],[0.99446363],[2.83851228]
[4.39578365],[1.00156836],[2.84477383]
[4.43627469],[1.01208611],[2.86355614]
[4.40326664],[1.02088443],[2.87777958]
[4.39659395],[1.02991209],[2.89439215]
[4.39111507],[1.03747924],[2.91773366]
[4.38643026],[1.04555929],[2.9281637]
[4.37999428],[1.05495333],[2.92632618]
[4.36420351],[1.06632873],[2.91397926]
[4.3506331],[1.0768053],[2.90554793]
[4.34243401],[1.08850693],[2.90128324]
[4.3263621],[1.10042293],[2.90563585]
[4.31650435],[1.11154854],[2.90973136]
[4.30306862],[1.10271131],[2.90124167]
[4.29323593],[1.09839926],[2.88401524]
[4.26331029],[1.10346216],[2.85586091]
[4.23875913],[1.10973212],[2.83320126]
[4.2038288],[1.10971676],[2.8053527]
[4.15952693],[1.10910811],[2.78884181]
[4.13681503],[1.10534979],[2.78896357]
[4.11939891],[1.09788929],[2.78431259]
[3.38351636],[1.09372906],[2.40537515]
[0.],[0.],[0.]
[0.13776386],[0.08771094],[0.00551656]
[0.],[0.],[0.]
[1.29785304],[1.11261036],[0.74616415]
[1.64665822],[1.01388199],[0.80443685]
[2.13674642],[1.15717702],[1.19129183]
[2.65063862],[1.02887207],[1.56071456]
[2.79551188],[1.15356512],[1.88696515]
[2.95127718],[1.07216308],[2.04171314]
[3.14237406],[1.15098323],[2.22783846]
[3.34386785],[1.08607251],[2.33118573]
[3.47407269],[1.13936042],[2.45975561]
[3.6364772],[1.19395156],[2.56633285]
[3.71622147],[1.21389009],[2.62962925]
[3.9032319],[1.2345751],[2.72095911]
[3.98147792],[1.248462],[2.76161505]
[4.09065977],[1.25660171],[2.83721899]
[4.16636925],[1.25541841],[2.84616473]
[4.2400333],[1.22958272],[2.89590139]
[4.32465111],[1.2150652],[2.87916099]
[4.3641714],[1.19532494],[2.9287434]
[4.43374626],[1.18078984],[2.90743492]
[4.43432405],[1.16016392],[2.96036387]
[4.49052333],[1.1450953],[2.92441212]
[4.45323746],[1.12495084],[2.96645781]
[4.49775507],[1.10888541],[2.92859294]
[4.46868109],[1.09276686],[2.97720647]
[4.51461187],[1.08252636],[2.94429954]
[4.47563685],[1.06343306],[3.006735]
[4.52835789],[1.05571807],[3.00983925]
[4.50078812],[1.046071],[3.07490897]
[4.57759374],[1.03678089],[3.13856375]
[4.5406999],[1.03315429],[3.18261886]
[4.60291356],[1.01993321],[3.24052162]
[4.55828186],[1.02857383],[3.25508076]
[4.61126093],[1.03902341],[3.27613016]
[4.57594197],[1.04803721],[3.29729821]
[4.56815358],[1.05704663],[3.31827765]
[4.56308857],[1.0652183],[3.35106309]
[4.55837589],[1.07388104],[3.36875104]
[4.55240867],[1.07940995],[3.34580806]
[4.53687843],[1.09069113],[3.31953748]
[4.52373505],[1.1053577],[3.3041795]
[4.51904261],[1.12597455],[3.29484273]
[4.50910327],[1.14399331],[3.27923359]
[4.50118016],[1.16242178],[3.27047373]
[4.49596377],[1.17159736],[3.24185045]
[4.49674131],[1.17033351],[3.20379369]
[4.47818452],[1.15775299],[3.15005115]
[4.46045078],[1.14436633],[3.10963225]
[4.43034762],[1.14246777],[3.07290327]
[4.39287006],[1.14445808],[3.02968068]
[4.368439],[1.14488491],[3.02126387]
[4.32363163],[1.13558107],[3.00752386]
[3.54617213],[1.13141181],[2.55802338]
[0.],[0.],[0.]
[0.],[0.],[0.]
[0.01306676],[0.00391803],[0.]
[1.36465183],[0.81924703],[0.55492782]
[1.99463032],[0.84333325],[0.82346692]
[2.51691254],[0.92977914],[1.2045959]
[2.85749064],[0.91889624],[1.56811584]
[2.95145326],[1.01999229],[1.83942095]
[3.09230283],[0.9860689],[1.99800008]
[3.35737991],[1.03343341],[2.16480842]
[3.5576954],[0.99700573],[2.27730499]
[3.67246693],[1.02705331],[2.3900945]
[3.8444161],[1.03426096],[2.50094635]
[3.92669187],[1.06145421],[2.55379195]
[4.07186879],[1.06058545],[2.65601892]
[4.16041526],[1.05457281],[2.66991357]
[4.25167497],[1.04511956],[2.75329922]
[4.34248412],[1.03167973],[2.75243936]
[4.38982398],[1.01367078],[2.82806925]
[4.4913747],[1.01440921],[2.83403678]
[4.50910369],[1.01243521],[2.90175017]
[4.59897608],[1.00793934],[2.91825313]
[4.57236118],[1.00116073],[2.95200684]
[4.6453563],[0.99436437],[2.96688979]
[4.59213122],[1.00023304],[2.99101704]
[4.6533271],[0.97960208],[2.99642299]
[4.60472468],[1.00650239],[3.03478858]
[4.66980136],[0.98234971],[3.06913407]
[4.60911311],[1.01595694],[3.13321329]
[4.67702552],[1.00759293],[3.16974122]
[4.63483581],[1.02841873],[3.24126813]
[4.7080626],[1.04739144],[3.32451829]
[4.6747543],[1.07390227],[3.38417929]
[4.72410771],[1.07424612],[3.43038268]
[4.69337634],[1.07621129],[3.45080652]
[4.72979076],[1.08269427],[3.47806539]
[4.7062468],[1.09159605],[3.48861342]
[4.69648855],[1.10014952],[3.50151797]
[4.69099824],[1.10757048],[3.51928697]
[4.6858183],[1.10596768],[3.52193527]
[4.68227798],[1.10470912],[3.5157641]
[4.67261322],[1.09958075],[3.49877306]
[4.65891636],[1.0936293],[3.49427344]
[4.65268393],[1.09040748],[3.48569167]
[4.64208894],[1.08745609],[3.47173158]
[4.62996241],[1.07499541],[3.45862702]
[4.62314984],[1.07918878],[3.42697493]
[4.62162969],[1.08589394],[3.37491396]
[4.60652008],[1.08878724],[3.31210159]
[4.59038449],[1.09394853],[3.24929375]
[4.57077319],[1.0922597],[3.18599798]
[4.5322713],[1.09506618],[3.12703777]
[4.50376377],[1.0977046],[3.09599674]
[4.405057],[1.09367108],[3.08271081]
[3.62589156],[1.09178365],[2.57804627]
[0.],[0.],[0.]
[0.],[0.],[0.]
[0.71089397],[0.262583],[0.09024979]
[1.76617034],[0.89821672],[0.76333035]
[2.57461728],[0.90589785],[1.26385785]
[2.87225463],[0.99718806],[1.68447725]
[3.00241749],[0.97237157],[1.97842479]
[3.12462776],[1.0723765],[2.18319499]
[3.32270998],[1.02436315],[2.32607513]
[3.55052643],[1.07019436],[2.4662153]
[3.7831468],[1.0726301],[2.59569952]
[3.88200875],[1.10259661],[2.700086]
[4.03500732],[1.10487047],[2.79546573]
[4.14369038],[1.1025677],[2.83610229]
[4.23698712],[1.09306076],[2.91046883]
[4.37094356],[1.08776897],[2.93596301]
[4.42320853],[1.08001064],[3.00269037]
[4.53763676],[1.06746601],[3.03784668]
[4.54462154],[1.05041546],[3.06524068]
[4.65919088],[1.04742139],[3.11899232]
[4.64698953],[1.04222135],[3.14318771]
[4.72774215],[1.03909316],[3.21476586]
[4.69069847],[1.03017976],[3.24164221]
[4.7573807],[1.02380209],[3.27945421]
[4.70567888],[1.03491131],[3.30331203]
[4.7615876],[1.02730473],[3.31953274]
[4.71613521],[1.04215474],[3.3716487]
[4.77590602],[1.05853883],[3.40717659]
[4.721453],[1.08500564],[3.49471762]
[4.78178229],[1.10652596],[3.53004435]
[4.74269378],[1.13174918],[3.61528544]
[4.80737704],[1.1493487],[3.66595566]
[4.78666065],[1.17039239],[3.71736364]
[4.82105014],[1.17269817],[3.75971149]
[4.80262565],[1.1727307],[3.77589415]
[4.82597136],[1.17785396],[3.80172339]
[4.81401305],[1.18370628],[3.80686795]
[4.80154581],[1.18891118],[3.81924155]
[4.7960576],[1.19175859],[3.83154902]
[4.78953698],[1.18929827],[3.83039205]
[4.78589058],[1.18642397],[3.82781167]
[4.77771692],[1.18313431],[3.81304827]
[4.76671179],[1.17840818],[3.81123968]
[4.76394254],[1.17482198],[3.8100359]
[4.75770404],[1.17051417],[3.80137938]
[4.7485796],[1.16162151],[3.79508483]
[4.74103401],[1.1524629],[3.77507465]
[4.73478206],[1.13703064],[3.73342885]
[4.71777729],[1.12376456],[3.6804716]
[4.70140358],[1.11659573],[3.62715233]
[4.69101857],[1.11352285],[3.57758607]
[4.66070668],[1.11521091],[3.50424254]
[4.6306719],[1.11304624],[3.42931866]
[4.49763706],[1.10856938],[3.35616376]
[3.71722064],[1.10701493],[2.75091562]
[0.],[0.],[0.]
[0.],[0.],[0.]
[0.93477034],[0.35396723],[0.16133033]
[2.23622161],[0.96507858],[1.08521164]
[2.8253254],[0.96963403],[1.62983707]
[2.98788672],[1.05834613],[2.00244245]
[3.07147172],[1.02484898],[2.21954776]
[3.29629239],[1.1138261],[2.40885847]
[3.51646348],[1.06902787],[2.55359668]
[3.74270258],[1.11467747],[2.75290629]
[3.95921817],[1.14685506],[2.84507454]
[4.07634826],[1.1551194],[2.92512987]
[4.20315446],[1.13938031],[3.00754171]
[4.3163224],[1.1358179],[3.04808487]
[4.38174325],[1.12640166],[3.1070751]
[4.51706522],[1.12045407],[3.15797683]
[4.52997033],[1.10914661],[3.18743054]
[4.64097623],[1.08701253],[3.24886786]
[4.62731211],[1.070647],[3.27857308]
[4.74038143],[1.06328293],[3.36620012]
[4.73495085],[1.06061835],[3.43222339]
[4.80759258],[1.06572392],[3.50327642]
[4.77770945],[1.07974332],[3.56242501]
[4.83762548],[1.09526231],[3.59214189]
[4.79321351],[1.10548834],[3.63842275]
[4.84081301],[1.11741592],[3.65611422]
[4.80163471],[1.14103205],[3.72803603]
[4.85146715],[1.16245276],[3.75425262]
[4.80129114],[1.18490631],[3.84291513]
[4.85225633],[1.20309794],[3.85304402]
[4.81935072],[1.22368194],[3.94553223]
[4.87310117],[1.23630546],[3.9707463]
[4.85896613],[1.25085958],[4.02046317]
[4.88305493],[1.25263353],[4.05845262]
[4.87251402],[1.25336956],[4.06446743]
[4.88667543],[1.25714283],[4.08964345]
[4.87922742],[1.26044668],[4.08645538]
[4.86408482],[1.26309854],[4.09223139]
[4.85716795],[1.261686],[4.09443378]
[4.84705784],[1.25778303],[4.08496859]
[4.83971112],[1.25331496],[4.07502468]
[4.83063557],[1.24862794],[4.05889621]
[4.81763708],[1.2444794],[4.06070932]
[4.81401348],[1.24033952],[4.05448562]
[4.80552164],[1.23337585],[4.03396778]
[4.79467927],[1.22451328],[4.02124249]
[4.78780203],[1.21483026],[4.00426404]
[4.78486701],[1.20372565],[3.97981025]
[4.77244593],[1.19101065],[3.93279735]
[4.75634594],[1.1717617],[3.88177938]
[4.7403962],[1.15306825],[3.8197736]
[4.71295069],[1.13720798],[3.75776556]
[4.68307105],[1.1387094],[3.7001181]
[4.53993878],[1.13341907],[3.60529788]
[3.76229158],[1.13155737],[2.92989106]
[0.],[0.],[0.]
[0.],[0.],[0.]
[1.35157257],[0.39691382],[0.27497473]
[2.49956223],[0.84999161],[1.11551261]
[2.94120417],[0.88783548],[1.57886017]
[3.05928886],[0.93026539],[1.84933369]
[3.19290405],[0.95081454],[2.11213165]
[3.53714985],[1.00920391],[2.34123488]
[3.68498118],[1.00035193],[2.45585557]
[3.86463475],[1.02058407],[2.58190715]
[4.08560983],[1.01766083],[2.73593641]
[4.22150282],[1.02257785],[2.80327228]
[4.30887815],[1.01788989],[2.90635306]
[4.43612671],[1.01534444],[2.94933379]
[4.4858712],[1.02176563],[3.02436053]
[4.59723112],[1.00749171],[3.08357082]
[4.59382167],[1.01721472],[3.12700089]
[4.70353893],[1.00247071],[3.218741]
[4.68818249],[1.01796743],[3.30381955]
[4.80098849],[1.0304002],[3.38854385]
[4.80188309],[1.05182981],[3.49650578]
[4.86703345],[1.07019966],[3.5487653]
[4.84374753],[1.09456043],[3.62051205]
[4.89639298],[1.10984619],[3.65005209]
[4.85396152],[1.12306439],[3.6988557]
[4.89659363],[1.13773636],[3.71633319]
[4.85522495],[1.1592086],[3.79786638]
[4.90271387],[1.17821575],[3.81069581]
[4.8557427],[1.1983721],[3.90210878]
[4.90438011],[1.21465235],[3.90676074]
[4.87907346],[1.23272964],[3.99665249]
[4.9274092],[1.24626798],[4.02051312]
[4.91316623],[1.25952979],[4.06933682]
[4.94009018],[1.26471703],[4.10789369]
[4.92560744],[1.26584255],[4.1177179]
[4.9499059],[1.26775361],[4.1391291]
[4.93618701],[1.26959197],[4.13198561]
[4.93311974],[1.27090323],[4.12979476]
[4.92737079],[1.26653845],[4.11885324]
[4.91548058],[1.26139698],[4.10372524]
[4.90464799],[1.25497889],[4.08859973]
[4.89031589],[1.2489733],[4.07199875]
[4.8755934],[1.2443349],[4.07041026]
[4.86885381],[1.2402952],[4.06136704]
[4.8585611],[1.23353178],[4.04231433]
[4.84533387],[1.22235386],[4.02242786]
[4.83567954],[1.20726323],[3.99514331]
[4.83137575],[1.19087964],[3.96264774]
[4.82018101],[1.17482532],[3.91828131]
[4.80492961],[1.15674567],[3.87320998]
[4.79331987],[1.13927886],[3.82147576]
[4.76650163],[1.12335437],[3.75925]
[4.73625637],[1.10724361],[3.70749242]
[4.58113419],[1.09646348],[3.61766612]
[3.80327772],[1.09546943],[2.97387693]
[0.],[0.],[0.]
[0.],[0.],[0.]
[1.43233396],[0.44152292],[0.39655416]
[2.70341476],[0.87712646],[1.31336339]
[3.00537005],[0.91540312],[1.73951854]
[3.13865309],[0.95485938],[2.00174903]
[3.33416518],[0.97973628],[2.2699808]
[3.57567036],[1.03303207],[2.45428736]
[3.81411254],[1.02824116],[2.6354212]
[3.99743075],[1.04102901],[2.75881727]
[4.19654251],[1.04047087],[2.90154977]
[4.34204447],[1.04116277],[2.97109664]
[4.40913452],[1.03790376],[3.06469924]
[4.54113763],[1.0313848],[3.11331399]
[4.54421429],[1.03917418],[3.1632671]
[4.66357074],[1.02503365],[3.26310451]
[4.65245618],[1.03959596],[3.33914946]
[4.76543917],[1.03277304],[3.42200555]
[4.76145244],[1.04666582],[3.50629367]
[4.86771425],[1.06924083],[3.58422477]
[4.87249944],[1.09529907],[3.6769534]
[4.93111644],[1.11575328],[3.73555795]
[4.91392957],[1.13972825],[3.80383244]
[4.96307628],[1.15318735],[3.83492547]
[4.9321373],[1.16659883],[3.89355026]
[4.9701487],[1.1819346],[3.91256841]
[4.93961504],[1.20209536],[4.00164084]
[4.98112979],[1.21929379],[4.01056123]
[4.94427805],[1.23818265],[4.10197237]
[4.98853172],[1.25331411],[4.10967377]
[4.96652763],[1.26908015],[4.18890136]
[5.01205212],[1.28180895],[4.21666177]
[5.0006947],[1.29503201],[4.26525383]
[5.02611095],[1.29887398],[4.30805643]
[5.01700013],[1.30022944],[4.31298319]
[5.03533015],[1.30152275],[4.33549986]
[5.02991961],[1.30233514],[4.32696302]
[5.02620878],[1.30253403],[4.32212611]
[5.021273],[1.29758344],[4.30882399]
[5.00658694],[1.29328578],[4.28926968]
[4.99437271],[1.28712368],[4.27008897]
[4.98043803],[1.28122477],[4.25118251]
[4.96446239],[1.27583608],[4.24423287]
[4.95750608],[1.2713788],[4.23548008]
[4.94650267],[1.26513794],[4.21822615]
[4.9316544],[1.25580551],[4.19758124]
[4.92064553],[1.24062563],[4.16737552]
[4.91265205],[1.22380077],[4.13039121]
[4.89879189],[1.2083653],[4.08272605]
[4.8812907],[1.19156707],[4.03368284]
[4.86994223],[1.17409468],[3.97870569]
[4.8424042],[1.15861364],[3.91727237]
[4.81056849],[1.14309432],[3.86925425]
[4.64668362],[1.1281246],[3.78508192]
[3.86846753],[1.11235947],[3.12300032]
[0.],[0.],[0.]
[0.],[0.],[0.]
[1.5161126],[0.42462124],[0.4157492]
[2.79882205],[0.88968558],[1.43293396]
[3.05431165],[0.92449355],[1.86658041]
[3.24174324],[0.96652692],[2.13018584]
[3.45447658],[0.99149666],[2.40179226]
[3.68136777],[1.04444416],[2.58589803]
[3.93260896],[1.04329563],[2.76623974]
[4.11643237],[1.06221082],[2.88791617]
[4.28893945],[1.05112937],[3.02295497]
[4.44592364],[1.04678669],[3.08939393]
[4.48737471],[1.04630343],[3.17368707]
[4.59896414],[1.04536017],[3.24870293]
[4.59757323],[1.0494314],[3.33150825]
[4.71313584],[1.0474872],[3.43526135]
[4.7079867],[1.05535103],[3.51981663]
[4.82159362],[1.06779091],[3.6012534]
[4.82213952],[1.09353145],[3.69792134]
[4.9222938],[1.11648759],[3.77644381]
[4.92856714],[1.14598892],[3.87405346]
[4.99227048],[1.16599286],[3.94471667]
[4.98541024],[1.18669909],[4.02416778]
[5.03786247],[1.19868106],[4.04329472]
[5.0066998],[1.2118334],[4.10792736]
[5.04399544],[1.22793812],[4.12772452]
[5.01462077],[1.2477477],[4.21258372]
[5.05442532],[1.26400803],[4.22161505]
[5.0222984],[1.28155207],[4.2996485]
[5.06267124],[1.29567869],[4.30963731]
[5.04956625],[1.30988027],[4.37872279]
[5.08580813],[1.32183673],[4.40557325]
[5.08152133],[1.33396388],[4.45226974]
[5.1003558],[1.33737996],[4.49849384]
[5.09891184],[1.34044252],[4.50266987]
[5.11084735],[1.34092643],[4.52699922]
[5.1117828],[1.34157509],[4.51546715]
[5.10643208],[1.34030377],[4.50892265]
[5.10273163],[1.33708651],[4.49787141]
[5.08627469],[1.33284644],[4.47783546]
[5.07059754],[1.32700349],[4.4591914]
[5.05602249],[1.32193206],[4.4473242]
[5.03929956],[1.31729943],[4.44273719]
[5.03000568],[1.31253339],[4.43135449]
[5.017108],[1.30630871],[4.41194053]
[5.00152749],[1.29802079],[4.38686769]
[4.98861085],[1.28409039],[4.35207677]
[4.9785394],[1.26714133],[4.31339492]
[4.96562697],[1.25140768],[4.26678942]
[4.94817523],[1.2356801],[4.21758703]
[4.93534862],[1.22152952],[4.1629458]
[4.91047392],[1.20697521],[4.10255357]
[4.86194505],[1.19257488],[4.04042562]
[4.68809805],[1.17862851],[3.94959551]
[3.90842599],[1.16381655],[3.26986776]
[0.],[0.],[0.]
[0.],[0.],[0.]
[1.71334041],[0.40551385],[0.47004377]
[2.90074303],[0.9000369],[1.55445401]
[3.09720492],[0.92889833],[1.97562405]
[3.3375888],[0.97464265],[2.25298584]
[3.56999661],[1.02775872],[2.5214099]
[3.77905215],[1.04972444],[2.6754352]
[4.03967182],[1.07292067],[2.87041594]
[4.21540778],[1.07658359],[2.97646831]
[4.3730334],[1.07224349],[3.10879337]
[4.52649795],[1.06912532],[3.19915221]
[4.54199323],[1.06813587],[3.2730681]
[4.66494535],[1.06947177],[3.38110567]
[4.65619865],[1.06922929],[3.48013038]
[4.76847188],[1.06804466],[3.57149783]
[4.76923971],[1.07522398],[3.66899853]
[4.87777575],[1.10019288],[3.74067827]
[4.88086022],[1.12435185],[3.8385826]
[4.9770401],[1.14878958],[3.93181967]
[5.00258643],[1.17761898],[4.03793575]
[5.0698388],[1.1962059],[4.10178576]
[5.07078728],[1.21555188],[4.18768305]
[5.12250827],[1.22756678],[4.20264093]
[5.09538718],[1.24191472],[4.26980598]
[5.12710206],[1.25922636],[4.29330565]
[5.10395293],[1.27864205],[4.37751127]
[5.13656278],[1.29430925],[4.38543397]
[5.11366957],[1.31261104],[4.45821183]
[5.14414084],[1.32694505],[4.46584502]
[5.14308879],[1.34121346],[4.53648311]
[5.16911509],[1.35216023],[4.56325303]
[5.17336451],[1.36450873],[4.61037954]
[5.18319399],[1.36756921],[4.65680488]
[5.19172496],[1.37144141],[4.66171808]
[5.19777556],[1.37270367],[4.68967186]
[5.20635689],[1.37344446],[4.67585814]
[5.19809733],[1.37098952],[4.66722637]
[5.1957419],[1.36820075],[4.65699595]
[5.17791779],[1.36358872],[4.63594828]
[5.15846801],[1.35785646],[4.61735358]
[5.1405712],[1.35317339],[4.60736433]
[5.12306726],[1.34887882],[4.60334749]
[5.11143581],[1.34428196],[4.59447766]
[5.0968028],[1.33733947],[4.57448978]
[5.07877199],[1.32930877],[4.54941146]
[5.06483806],[1.31604962],[4.51388005]
[5.05242116],[1.29959773],[4.4759289]
[5.03823311],[1.28420965],[4.42667494]
[5.01904422],[1.26817507],[4.3675511]
[5.00581261],[1.25280785],[4.30526439]
[4.98201235],[1.23799008],[4.24511897]
[4.93451713],[1.22390045],[4.17985727]
[4.73911194],[1.21019768],[4.07802573]
[3.94983145],[1.19564998],[3.37510682]
[0.],[0.],[0.]
[0.],[0.],[0.]
[1.8952445],[0.33862127],[0.46149009]
[2.94798906],[0.80987688],[1.46264294]
[3.13888752],[0.86818805],[1.89294485]
[3.43100109],[0.88949955],[2.15288156]
[3.67099924],[0.95210541],[2.42218814]
[3.89029246],[0.98194397],[2.56366243]
[4.11741642],[0.99652339],[2.76358576]
[4.30671824],[0.99427548],[2.87476434]
[4.45608692],[1.00715184],[3.01701849]
[4.59296909],[0.99964415],[3.13549214]
[4.60352969],[1.00914176],[3.24983908]
[4.72479021],[1.00554607],[3.34785411]
[4.71345701],[1.02209502],[3.45928011]
[4.82533003],[1.04422529],[3.54916096]
[4.82698925],[1.07652491],[3.65045754]
[4.93367691],[1.10056532],[3.74361638]
[4.94372406],[1.12500496],[3.86007656]
[5.05463746],[1.15095362],[3.95688562]
[5.09287026],[1.17910834],[4.08172932]
[5.155194],[1.1966717],[4.133924]
[5.16854726],[1.21440375],[4.2241786]
[5.21246011],[1.22698098],[4.23562298]
[5.19715816],[1.24399039],[4.31260125]
[5.21793498],[1.26118996],[4.33569198]
[5.20590686],[1.28087222],[4.41893413]
[5.22832439],[1.2971005],[4.4322201]
[5.21773381],[1.31644313],[4.510727]
[5.23593471],[1.33158311],[4.52145211]
[5.2488424],[1.34720572],[4.59853703]
[5.26274979],[1.35857947],[4.63019086]
[5.27884871],[1.37233338],[4.69501055]
[5.28272365],[1.37752433],[4.75178901]
[5.29892585],[1.3818775],[4.76410194]
[5.30690774],[1.38195681],[4.8092604]
[5.32129189],[1.38171959],[4.78571491]
[5.3095646],[1.37781592],[4.77100353]
[5.29969214],[1.37314052],[4.73970322]
[5.28090382],[1.36681595],[4.70519513]
[5.25751542],[1.36047365],[4.68004415]
[5.23760966],[1.35480365],[4.6590202]
[5.21795247],[1.34910263],[4.65011216]
[5.20268486],[1.34303546],[4.63687035]
[5.18735962],[1.33623334],[4.61833302]
[5.1668298],[1.32822871],[4.59431739]
[5.15039041],[1.31697429],[4.55886798]
[5.13611926],[1.30046885],[4.52102803]
[5.12016726],[1.28418492],[4.46943339]
[5.09897923],[1.26761174],[4.41037924]
[5.08334143],[1.25265176],[4.34425042]
[5.0622888],[1.23644355],[4.26848969]
[5.0123205],[1.22077612],[4.19855188]
[4.8070514],[1.20709045],[4.09007449]
[3.99954778],[1.19333947],[3.40223289]
[0.],[0.],[0.]
[0.],[0.],[0.]
[2.10042839],[0.38333428],[0.61821714]
[3.00595755],[0.83555816],[1.60227767]
[3.18472125],[0.89461451],[2.03418494]
[3.50392877],[0.92019745],[2.28497372]
[3.77869307],[0.98246044],[2.54711365]
[3.96784912],[1.00428824],[2.68363901]
[4.18381495],[1.01646721],[2.88711033]
[4.38606388],[1.01731462],[3.02426468]
[4.52252604],[1.02842229],[3.16194723]
[4.66472442],[1.02177812],[3.31676613]
[4.66626442],[1.03291242],[3.43937334]
[4.78744127],[1.03012685],[3.53089432]
[4.78393033],[1.05791925],[3.64381611]
[4.88941595],[1.08417356],[3.73606612]
[4.89899309],[1.11541469],[3.85488205]
[4.99949346],[1.1391702],[3.95816336]
[5.03424385],[1.16856586],[4.08258478]
[5.14293909],[1.19483465],[4.16858475]
[5.20472642],[1.22373205],[4.29269191]
[5.25317732],[1.24126247],[4.33853299]
[5.28482426],[1.25718956],[4.42640188]
[5.31894268],[1.26908637],[4.43831849]
[5.32206078],[1.2864315],[4.51772841]
[5.33214136],[1.30269658],[4.55416386]
[5.33282554],[1.32191756],[4.62003203]
[5.35159599],[1.33784597],[4.67126139]
[5.35321935],[1.35804989],[4.73429881]
[5.36559538],[1.37478167],[4.80192942]
[5.3921653],[1.39355553],[4.87669151]
[5.39319627],[1.40811516],[4.9724488]
[5.41787093],[1.4252962],[5.06994112]
[5.40443789],[1.43226734],[5.14354635]
[5.45001665],[1.43390373],[5.17040719]
[5.41803103],[1.42868216],[5.19768849]
[5.48665664],[1.4222131],[5.17786491]
[5.48849879],[1.41364444],[5.14351423]
[5.47179001],[1.40546331],[5.08210598]
[5.41729178],[1.39834782],[5.00779056]
[5.39397947],[1.39195217],[4.96057238]
[5.37264376],[1.38579527],[4.91908445]
[5.34770913],[1.3788886],[4.87601267]
[5.32933309],[1.37273066],[4.84859295]
[5.31294634],[1.36594154],[4.82173404]
[5.29025098],[1.35886421],[4.78467304]
[5.27157494],[1.34899717],[4.74919885]
[5.25193547],[1.33184238],[4.71182316]
[5.2334846],[1.31550518],[4.66115004]
[5.20953008],[1.29922855],[4.60266139]
[5.19029115],[1.28439091],[4.53802698]
[5.1665891],[1.26792303],[4.46306114]
[5.13568357],[1.25236092],[4.39065921]
[4.91021438],[1.23768759],[4.26830889]
[4.09151929],[1.22367924],[3.54640888]
[0.],[0.],[0.]
[0.],[0.],[0.]
[2.2190764],[0.39948949],[0.67678535]
[3.04290364],[0.8456515],[1.69455422]
[3.24008765],[0.90158075],[2.11446338]
[3.57845002],[0.93998059],[2.36673997]
[3.85612466],[0.99940092],[2.63584969]
[4.04138694],[1.02067073],[2.79778209]
[4.25668249],[1.03305336],[3.00424581]
[4.45916736],[1.03545891],[3.16468128]
[4.59327762],[1.04407242],[3.34170154]
[4.73091852],[1.04304488],[3.51673352]
[4.73063439],[1.05169219],[3.64387487]
[4.84527331],[1.08115483],[3.7330573]
[4.8494318],[1.11063369],[3.85536606]
[4.94830774],[1.13479596],[3.9687957]
[4.96459697],[1.16378343],[4.07938133]
[5.07931228],[1.19041802],[4.1770789]
[5.13040554],[1.22314283],[4.31671408]
[5.23670875],[1.24970084],[4.40232805]
[5.32175245],[1.28246714],[4.53852554]
[5.37096674],[1.30539464],[4.61374713]
[5.42026873],[1.32259951],[4.72387961]
[5.43535749],[1.33931882],[4.79763023]
[5.46143028],[1.36135454],[4.8788603]
[5.45457153],[1.3816733],[4.96441919]
[5.48300774],[1.40375899],[5.068682]
[5.49588573],[1.42031859],[5.15327371]
[5.54393687],[1.43777456],[5.26393783]
[5.57331233],[1.45160526],[5.33816444]
[5.6362801],[1.46877001],[5.45733442]
[5.67895892],[1.48222522],[5.55609549]
[5.73724433],[1.50010206],[5.67030318]
[5.76227157],[1.50302717],[5.74815927]
[5.80661374],[1.50283027],[5.77995192]
[5.84825002],[1.49553316],[5.8023124]
[5.87572812],[1.48470455],[5.77802992]
[5.92300872],[1.4736487],[5.73451659]
[5.89271965],[1.4623472],[5.64791118]
[5.86821749],[1.44988112],[5.529337]
[5.78360403],[1.43675623],[5.41188061]
[5.6742029],[1.42517212],[5.31645297]
[5.56028622],[1.41678402],[5.22910615]
[5.47644654],[1.41159646],[5.16973422]
[5.43898165],[1.40472979],[5.12860322]
[5.40648718],[1.39839089],[5.07731307]
[5.38335312],[1.39005203],[5.01336992]
[5.36162774],[1.37398187],[4.95359747]
[5.33938395],[1.35723229],[4.88828065]
[5.31259688],[1.34086627],[4.81952238]
[5.28896078],[1.32644153],[4.75591572]
[5.26602769],[1.30966711],[4.6813539]
[5.23516194],[1.29450593],[4.6051353]
[5.00420549],[1.27924041],[4.47814261]
[4.1732549],[1.26330586],[3.7221503]
[0.],[0.],[0.]
[0.],[0.],[0.]
[2.27337654],[0.46747026],[0.74809115]
[3.07237389],[0.8548131],[1.77617353]
[3.30165144],[0.91513328],[2.20078263]
[3.6369166],[0.98196572],[2.46623479]
[3.92672093],[1.03767732],[2.74273933]
[4.11428351],[1.05656883],[2.91464764]
[4.3246815],[1.06774884],[3.14414051]
[4.53307075],[1.07168033],[3.30883692]
[4.66807354],[1.07276935],[3.52061035]
[4.79538567],[1.07702237],[3.68786477]
[4.79924212],[1.08998272],[3.81520998]
[4.90702877],[1.11788667],[3.92175579]
[4.91555295],[1.14620894],[4.04856829]
[5.0191461],[1.16955464],[4.15329436]
[5.05434326],[1.20395865],[4.2755542]
[5.17409973],[1.23801276],[4.39695724]
[5.24916851],[1.28502624],[4.58343802]
[5.36924093],[1.32812282],[4.73378732]
[5.47268473],[1.36540303],[4.89837524]
[5.52109062],[1.38742785],[5.07299841]
[5.65758425],[1.40298651],[5.25374549]
[5.7756703],[1.42044414],[5.35146647]
[5.81576178],[1.44234425],[5.47674418]
[5.88214783],[1.46183276],[5.56766727]
[5.8765476],[1.47806644],[5.67496572]
[5.95586361],[1.4927928],[5.77140509]
[5.95668409],[1.50900117],[5.88274427]
[6.03823333],[1.52249415],[5.99164112]
[6.05022735],[1.53819656],[6.11284127]
[6.13646889],[1.54832249],[6.24367563]
[6.15681723],[1.56738046],[6.38699206]
[6.22025679],[1.57333056],[6.49765769]
[6.20504356],[1.57168378],[6.55677636]
[6.29012039],[1.56418663],[6.6083392]
[6.28409091],[1.55275721],[6.58784962]
[6.35450662],[1.54039188],[6.54124264]
[6.32408907],[1.522755],[6.40388464]
[6.30273916],[1.5083055],[6.25661883]
[6.25649206],[1.4952651],[6.07812011]
[6.15454827],[1.48253951],[5.91617564]
[6.04667803],[1.46915464],[5.77991147]
[5.9439842],[1.45625855],[5.65147055]
[5.8405466],[1.44227269],[5.52790823]
[5.72606998],[1.43079178],[5.41854857]
[5.61660237],[1.42057228],[5.315636]
[5.54420877],[1.40753102],[5.23918639]
[5.50346679],[1.39246319],[5.16205531]
[5.44725254],[1.3751747],[5.06125757]
[5.40602966],[1.36037978],[4.94191747]
[5.37952503],[1.34004832],[4.85804078]
[5.35295312],[1.32393795],[4.78052029]
[5.11603108],[1.30893731],[4.64894387]
[4.27180722],[1.29290702],[3.87582923]
[0.],[0.],[0.]
[0.],[0.],[0.]
[2.28881938],[0.43261072],[0.70789471]
[3.08978118],[0.8083765],[1.69473776]
[3.33135512],[0.8699439],[2.10746369]
[3.668038],[0.90499898],[2.38749093]
[3.96254357],[0.96992571],[2.66984361]
[4.15154018],[0.99691544],[2.8628053]
[4.35945343],[1.01347695],[3.09820015]
[4.57459033],[1.02061146],[3.29592301]
[4.7130647],[1.05368783],[3.5379584]
[4.84006643],[1.07310874],[3.71076452]
[4.84504376],[1.10029418],[3.85991017]
[4.95031347],[1.12809649],[3.97307692]
[4.9736517],[1.16416873],[4.11735407]
[5.08731222],[1.20186187],[4.25199928]
[5.13549743],[1.25483619],[4.44360516]
[5.25864781],[1.2992562],[4.60560718]
[5.35584332],[1.34690411],[4.82591907]
[5.47449702],[1.38597841],[5.07020065]
[5.67853711],[1.41956604],[5.32422891]
[5.85102875],[1.43967699],[5.51533465]
[5.97156135],[1.45458152],[5.71081884]
[6.135022],[1.47097748],[5.86210053]
[6.15544544],[1.49203514],[5.99668564]
[6.26379393],[1.50957711],[6.1368203]
[6.23116155],[1.527912],[6.27070333]
[6.33167043],[1.54290259],[6.42324982]
[6.30878021],[1.55903868],[6.53191642]
[6.40926055],[1.57262293],[6.70221667]
[6.41266396],[1.58865191],[6.83330789]
[6.49583697],[1.59898448],[7.0315721]
[6.52212002],[1.61564063],[7.19070701]
[6.56845381],[1.62173154],[7.31865877]
[6.59513424],[1.61898989],[7.39360426]
[6.63304361],[1.61263496],[7.44224231]
[6.67610409],[1.60200971],[7.44132128]
[6.70170267],[1.58780664],[7.42291718]
[6.71819572],[1.56803919],[7.30062398]
[6.67634446],[1.54797336],[7.07374143]
[6.65147533],[1.5298283],[6.87905117]
[6.58259007],[1.51727707],[6.66976487]
[6.47334763],[1.50321685],[6.44884173]
[6.36840122],[1.49000716],[6.26622558]
[6.26726985],[1.47688038],[6.07011861]
[6.16072187],[1.46189458],[5.89617014]
[6.05793951],[1.44577372],[5.7391697]
[5.95247281],[1.42666346],[5.58473849]
[5.84642738],[1.40422915],[5.4292281]
[5.72844385],[1.3829787],[5.28588958]
[5.62773146],[1.36633047],[5.13302253]
[5.56977129],[1.35085026],[4.99105334]
[5.5147128],[1.33357797],[4.86646267]
[5.24284467],[1.31676835],[4.72828695]
[4.37623821],[1.30105584],[3.96030571]
[0.],[0.],[0.]
[0.],[0.],[0.]
[2.29879778],[0.48623941],[0.81632234]
[3.09392225],[0.84881009],[1.79143]
[3.33592161],[0.90724289],[2.20614475]
[3.67313097],[0.96372934],[2.48232071]
[3.97294114],[1.01822818],[2.75457738]
[4.1653623],[1.03415438],[2.96294579]
[4.3730763],[1.04568471],[3.19483616]
[4.59661506],[1.0488891],[3.40748175]
[4.73827786],[1.08176441],[3.65565911]
[4.86832493],[1.10292372],[3.85194792]
[4.88150392],[1.12773113],[4.01359222]
[4.98698154],[1.16929801],[4.14851363]
[5.0269132],[1.21749923],[4.33023239]
[5.13950401],[1.26365646],[4.49293914]
[5.20009214],[1.32060754],[4.70500286]
[5.34874764],[1.36447014],[4.92539914]
[5.48453539],[1.41041843],[5.20920119]
[5.6555259],[1.44805784],[5.48755329]
[5.87470819],[1.47903401],[5.74826531]
[6.09590896],[1.49757557],[5.95904643]
[6.19231931],[1.51154414],[6.2048347]
[6.36951313],[1.5270455],[6.43843016]
[6.40047802],[1.54689132],[6.58143754]
[6.49922972],[1.56446925],[6.77117792]
[6.485092],[1.58219575],[6.91620212]
[6.56662003],[1.59814448],[7.11169658]
[6.57193491],[1.61651411],[7.2757941]
[6.64583211],[1.62854556],[7.44560911]
[6.68567588],[1.64173943],[7.62386404]
[6.72988631],[1.65136088],[7.81773301]
[6.78684674],[1.66716772],[8.00637189]
[6.83483307],[1.67370989],[8.18326124]
[6.89046219],[1.67252523],[8.2721933]
[6.90652375],[1.66616951],[8.38589919]
[6.95937021],[1.6559609],[8.3695353]
[6.94883233],[1.64052819],[8.37168294]
[6.98144394],[1.62092338],[8.26974484]
[6.93540226],[1.60315839],[8.06133999]
[6.92048679],[1.58504993],[7.76235418]
[6.89226003],[1.56651681],[7.46594235]
[6.77653526],[1.55009593],[7.20006129]
[6.67503407],[1.53738795],[6.98522333]
[6.57251531],[1.52430519],[6.77006983]
[6.46294716],[1.50925312],[6.53074063]
[6.36138032],[1.49453174],[6.3243367]
[6.2585749],[1.47602434],[6.11029047]
[6.15368173],[1.45469793],[5.92453623]
[6.0339667],[1.4309788],[5.73506844]
[5.91694788],[1.40893386],[5.53996438]
[5.79705293],[1.38445299],[5.34947919]
[5.68709618],[1.36505976],[5.16756711]
[5.40770947],[1.34730001],[4.92364964]
[4.45882989],[1.32974916],[4.10636333]
[0.],[0.],[0.]
[0.],[0.],[0.]
[2.30827396],[0.54001443],[0.8613029]
[3.10686609],[0.87240468],[1.87344001]
[3.35202643],[0.94649864],[2.28548237]
[3.69088666],[1.00905586],[2.56585056]
[3.99191145],[1.0628264],[2.8415491]
[4.18525976],[1.07539639],[3.06420352]
[4.39301764],[1.0854965],[3.31797356]
[4.6210148],[1.08774156],[3.55042477]
[4.76702921],[1.12491494],[3.8179809]
[4.9051841],[1.1543097],[4.04583627]
[4.92325189],[1.19128315],[4.23222486]
[5.03481569],[1.23590749],[4.3874116]
[5.08272978],[1.29151993],[4.60266323]
[5.19799989],[1.33724562],[4.77641933]
[5.29408421],[1.38878747],[5.0212159]
[5.46700671],[1.42663063],[5.32018952]
[5.647925],[1.46897985],[5.65593119]
[5.88057893],[1.50306471],[5.920166]
[6.0874505],[1.53100455],[6.1793232]
[6.33763749],[1.54712704],[6.47301417]
[6.41723449],[1.55976936],[6.75929741]
[6.59418799],[1.57314132],[7.01359576]
[6.66686954],[1.59125257],[7.22022246]
[6.73995294],[1.60750535],[7.40776765]
[6.75580979],[1.62540119],[7.585863]
[6.80686342],[1.63993581],[7.76242985]
[6.84020782],[1.65968818],[7.96056397]
[6.91076343],[1.66505694],[8.16567053]
[6.96745657],[1.68612457],[8.35570917]
[6.98950172],[1.68806345],[8.59305183]
[7.04422681],[1.70591732],[8.77694204]
[7.035596],[1.72015201],[8.97265017]
[7.11561689],[1.72396296],[9.07280043]
[7.10988702],[1.71715113],[9.20746308]
[7.1803889],[1.69695839],[9.21354814]
[7.18785172],[1.67953881],[9.18791412]
[7.20335263],[1.65710503],[9.08435772]
[7.16918668],[1.63989643],[8.88333587]
[7.14169197],[1.62251744],[8.60407373]
[7.13404325],[1.60615151],[8.28807534]
[7.04298851],[1.58653144],[7.94731152]
[6.94021885],[1.57023714],[7.64556345]
[6.83492811],[1.55790251],[7.40378094]
[6.72537612],[1.54560121],[7.16043405]
[6.62247863],[1.53339482],[6.93035371]
[6.51749231],[1.51774676],[6.69990354]
[6.41080101],[1.49940132],[6.47106091]
[6.29312326],[1.47887329],[6.23219147]
[6.182366],[1.45816397],[6.02576997]
[6.06887107],[1.43536218],[5.82473798]
[5.94240944],[1.4131109],[5.59999384]
[5.64282036],[1.39294583],[5.32875879]
[4.61965031],[1.37140484],[4.35218598]
[0.],[0.],[0.]
[0.],[0.],[0.]
[2.31453522],[0.60141191],[0.8977912]
[3.11621968],[0.88718806],[1.93268305]
[3.36612609],[0.99186585],[2.35199411]
[3.70599472],[1.05416319],[2.63500327]
[4.00704233],[1.10726761],[2.91417234]
[4.19906037],[1.11753038],[3.14622753]
[4.40889444],[1.12802295],[3.42716614]
[4.64127098],[1.1358625],[3.6763475]
[4.80001286],[1.17086995],[3.99238703]
[4.94273849],[1.20670284],[4.25173735]
[4.96743651],[1.25238926],[4.46692055]
[5.09065045],[1.2976044],[4.63936491]
[5.16518529],[1.35134841],[4.86229855]
[5.31439451],[1.3951427],[5.08005716]
[5.45774042],[1.445374],[5.38955451]
[5.58295796],[1.48377652],[5.73804593]
[5.85217683],[1.52348521],[6.06396365]
[6.10982947],[1.55478254],[6.32899845]
[6.3081153],[1.58009835],[6.66595943]
[6.54856994],[1.59391435],[6.9969355]
[6.66829251],[1.60646586],[7.28345233]
[6.82354719],[1.61868504],[7.60906739]
[6.93905942],[1.63768378],[7.86331384]
[6.99891875],[1.65679099],[8.11230868]
[7.03569248],[1.68104562],[8.30605769]
[7.05133706],[1.68381281],[8.5429711]
[7.1029736],[1.71134662],[8.7492031]
[7.12955417],[1.71425924],[8.95403272]
[7.20788245],[1.736192],[9.19774352]
[7.21794599],[1.75482439],[9.45966687]
[7.28083606],[1.77004505],[9.67315989]
[7.29730724],[1.79207325],[9.86079806]
[7.34932325],[1.81396099],[9.95728734]
[7.37231161],[1.81426785],[10.03834226]
[7.43334895],[1.79524692],[10.06052185]
[7.45304366],[1.76889889],[9.98821034]
[7.44889861],[1.72738775],[9.88181846]
[7.41696678],[1.67950845],[9.63767952]
[7.37622364],[1.66336237],[9.3841285]
[7.36789264],[1.64784611],[9.10067881]
[7.31636097],[1.63307964],[8.7811443]
[7.20967634],[1.61895231],[8.46631896]
[7.10376516],[1.60546496],[8.18281811]
[6.99252891],[1.5935969],[7.91174562]
[6.88971691],[1.58200511],[7.65321421]
[6.80099799],[1.56839112],[7.44394715]
[6.71359922],[1.55223154],[7.21949612]
[6.61443201],[1.53358049],[6.9799048]
[6.52017438],[1.5142102],[6.73817813]
[6.42543423],[1.49203996],[6.48549001]
[6.33119971],[1.46845298],[6.19916561]
[6.02720909],[1.44493077],[5.84880905]
[5.0779207],[1.42218264],[4.83135949]
[0.],[0.],[0.]
[0.],[0.],[0.]
[2.32160793],[0.53208685],[0.80987346]
[3.1273786],[0.84179073],[1.80916669]
[3.38202727],[0.90386648],[2.23832009]
[3.72264874],[0.96995117],[2.52942607]
[4.02291334],[1.03028872],[2.80837563]
[4.21253142],[1.04792936],[3.06206224]
[4.42993167],[1.07194469],[3.37602568]
[4.66485381],[1.09972522],[3.67191763]
[4.82595861],[1.18844286],[4.0382907]
[4.96973472],[1.2348796],[4.29952808]
[5.00662049],[1.28531539],[4.55104408]
[5.15728441],[1.32961008],[4.7534128]
[5.27519291],[1.38365409],[5.02336683]
[5.44560231],[1.42553774],[5.31878077]
[5.57799697],[1.47292453],[5.68068586]
[5.78409623],[1.50872105],[5.99851641]
[6.03852841],[1.54651249],[6.33277611]
[6.33060815],[1.57529409],[6.6747204]
[6.51477501],[1.5991035],[7.03041591]
[6.76284612],[1.61185366],[7.37848837]
[6.92513334],[1.62495706],[7.73800421]
[7.06299464],[1.63817258],[8.15561066]
[7.18850386],[1.66314807],[8.4713678]
[7.23968427],[1.6743471],[8.72395937]
[7.27231898],[1.70211554],[8.9737264]
[7.3160403],[1.71114227],[9.18800361]
[7.34414405],[1.73552984],[9.47827791]
[7.3986082],[1.75572414],[9.66548043]
[7.45730663],[1.7805644],[9.95134032]
[7.49517007],[1.80133957],[10.17864145]
[7.56166763],[1.82573996],[10.39822746]
[7.6086036],[1.86095331],[10.57035378]
[7.6564689],[1.88319637],[10.72705507]
[7.70050372],[1.8905968],[10.82421487]
[7.70868696],[1.8778043],[10.91505595]
[7.7499394],[1.85262787],[10.88710804]
[7.71170417],[1.82106932],[10.84913629]
[7.71490054],[1.78548378],[10.66485483]
[7.66757042],[1.74521945],[10.42471219]
[7.66359707],[1.69761928],[10.08747175]
[7.64817407],[1.65835581],[9.71451489]
[7.54540479],[1.64448858],[9.37324041]
[7.45604014],[1.63019359],[9.08866797]
[7.36469244],[1.61649256],[8.8136721]
[7.27692201],[1.60380311],[8.54103944]
[7.18755661],[1.58914308],[8.27247282]
[7.09806727],[1.57258782],[7.99166705]
[7.00334296],[1.55506805],[7.69747011]
[6.91560497],[1.53656916],[7.45969756]
[6.81911982],[1.51612597],[7.20601294]
[6.71441351],[1.4939277],[6.91764696]
[6.39848583],[1.47111892],[6.45228951]
[5.5055816],[1.44619479],[5.31550042]
[0.],[0.],[0.]
[0.],[0.],[0.]
[2.32124278],[0.57100524],[0.8678674]
[3.12470959],[0.8754557],[1.90276683]
[3.38018755],[0.958718],[2.31842193]
[3.72172057],[1.02244935],[2.60752403]
[4.0264094],[1.07926707],[2.90272579]
[4.22804864],[1.10307508],[3.19114334]
[4.43842723],[1.12281639],[3.52890343]
[4.67685542],[1.1451715],[3.84376631]
[4.83562837],[1.23900438],[4.23183095]
[4.99709295],[1.29062558],[4.52529113]
[5.07106487],[1.34392591],[4.80370125]
[5.22172238],[1.38710084],[5.03742513]
[5.35478861],[1.43828443],[5.3492925]
[5.51239236],[1.47773219],[5.71830604]
[5.66272917],[1.52160855],[6.05366408]
[5.92884526],[1.55520966],[6.36651223]
[6.1853091],[1.59040314],[6.73702359]
[6.45952113],[1.61717787],[7.14483426]
[6.66552986],[1.63994284],[7.50985947]
[6.9318069],[1.65367598],[7.908791]
[7.10747028],[1.67843339],[8.3880718]
[7.22121569],[1.68827508],[8.7628698]
[7.35256915],[1.71995053],[9.20960042]
[7.45702796],[1.73367307],[9.48715667]
[7.47627796],[1.75118357],[9.78550545]
[7.56281874],[1.77188681],[9.99100042]
[7.59577345],[1.8000694],[10.32928862]
[7.70211461],[1.83383077],[10.57830958]
[7.74662637],[1.87233806],[10.92312072]
[7.80438484],[1.90420433],[11.21106619]
[7.80843386],[1.93003883],[11.50906505]
[7.85528308],[1.96168603],[11.73360678]
[7.85102956],[1.98107959],[11.91524554]
[7.94160874],[1.99114489],[12.0360466]
[7.95525218],[1.98130616],[12.09701242]
[8.03844824],[1.95717563],[12.11372938]
[8.02156429],[1.92176927],[12.05602793]
[8.03507664],[1.89154881],[11.91397322]
[8.00904838],[1.85974188],[11.66942024]
[7.99403929],[1.82298666],[11.38313306]
[7.99363058],[1.77459501],[11.04369213]
[7.95394508],[1.72624772],[10.69949216]
[7.87869748],[1.68969861],[10.33613363]
[7.79519131],[1.67596506],[9.94655232]
[7.72080704],[1.65333215],[9.59074149]
[7.62807872],[1.63512547],[9.29231965]
[7.53412618],[1.61989855],[9.02042043]
[7.42717009],[1.60179595],[8.73982422]
[7.33171688],[1.58351316],[8.45117626]
[7.23437945],[1.56428965],[8.124977]
[7.12919936],[1.54322105],[7.77689387]
[6.78375982],[1.52244929],[7.33528321]
[5.92734058],[1.49896055],[6.10162782]
[0.],[0.],[0.]
[0.],[0.],[0.]
[2.32875247],[0.62915307],[0.92391755]
[3.13718886],[0.89066995],[1.95253738]
[3.39592172],[1.00232704],[2.38808551]
[3.73699904],[1.05908363],[2.67821233]
[4.04537421],[1.12365937],[3.00418595]
[4.24728757],[1.14806799],[3.3335192]
[4.46233688],[1.17868652],[3.72495425]
[4.71207025],[1.19889611],[4.06777608]
[4.88602998],[1.29370987],[4.48034283]
[5.07181831],[1.34769011],[4.77953016]
[5.16685254],[1.40102151],[5.08506176]
[5.32778869],[1.442079],[5.37068716]
[5.48995787],[1.49205594],[5.76426328]
[5.59762801],[1.52982224],[6.0997019]
[5.82019934],[1.57207298],[6.44650285]
[6.10354027],[1.60425502],[6.80000635]
[6.34764368],[1.63851835],[7.26489502]
[6.61574511],[1.66453552],[7.6485064]
[6.83656486],[1.69612656],[8.08703488]
[7.09605003],[1.70628347],[8.56241469]
[7.27399969],[1.73947121],[9.09893691]
[7.41899562],[1.74970761],[9.56187297]
[7.52960639],[1.77601476],[10.06648654]
[7.69059462],[1.80214625],[10.41739971]
[7.70695424],[1.83232006],[10.83317081]
[7.7990806],[1.87279508],[11.15435551]
[7.80344333],[1.92037099],[11.53928852]
[7.89524988],[1.95421867],[11.87981983]
[7.92569451],[1.98863352],[12.21325378]
[8.03619982],[2.01748209],[12.49059962]
[8.0757635],[2.04027919],[12.72121821]
[8.15640405],[2.06349382],[12.95787342]
[8.21786535],[2.07957747],[13.11007581]
[8.34212253],[2.07959219],[13.29255856]
[8.41271804],[2.06972492],[13.36086611]
[8.45848823],[2.04852004],[13.49604428]
[8.48747367],[2.01834439],[13.48273212]
[8.46197209],[1.98475254],[13.41179353]
[8.46429183],[1.95211432],[13.16677746]
[8.42507772],[1.92082015],[12.87033024]
[8.41812067],[1.88259387],[12.50402717]
[8.394375],[1.84336486],[12.06436497]
[8.28212994],[1.79945],[11.65707741]
[8.19486233],[1.74973637],[11.27679176]
[8.11088575],[1.72330126],[10.91886688]
[8.02182759],[1.70139577],[10.55038749]
[7.92616216],[1.67934456],[10.17877845]
[7.82967996],[1.66111623],[9.78045695]
[7.72483679],[1.63864487],[9.45200999]
[7.62353528],[1.61654517],[9.13862757]
[7.51853143],[1.59687737],[8.79880895]
[7.15232975],[1.57499465],[8.34730948]
[6.30055769],[1.55133963],[7.00219461]
[0.],[0.],[0.]
[0.],[0.],[0.]
[2.33676139],[0.68379336],[0.97143127]
[3.14948403],[0.90463296],[2.00809144]
[3.41424083],[1.05125793],[2.46105406]
[3.76102225],[1.12210559],[2.78830265]
[4.0717305],[1.18401824],[3.13197163]
[4.27420428],[1.21090565],[3.49111531]
[4.50671494],[1.23819593],[3.89966397]
[4.78323633],[1.25421818],[4.28072116]
[4.96667559],[1.34053203],[4.70438148]
[5.15959058],[1.39544489],[5.01330598]
[5.27017726],[1.44924348],[5.35114119]
[5.45727479],[1.49005515],[5.7302686]
[5.60550598],[1.53818705],[6.11527239]
[5.71495903],[1.57554808],[6.42108074]
[5.97998032],[1.61935969],[6.80642647]
[6.30709857],[1.65475823],[7.23961388]
[6.48964122],[1.71319704],[7.77905448]
[6.77441339],[1.73751452],[8.1988088]
[7.03828474],[1.76900028],[8.74702654]
[7.25189278],[1.78572154],[9.33060968]
[7.45556721],[1.80920244],[9.95854775]
[7.65305925],[1.83999297],[10.57402755]
[7.79756689],[1.87090386],[11.1786985]
[7.93469734],[1.93581204],[11.75042718]
[7.92219918],[1.98228619],[12.15095072]
[8.06072367],[2.01577809],[12.47622664]
[8.0672814],[2.05634207],[12.81352217]
[8.18424514],[2.08370622],[13.11864739]
[8.25928994],[2.11512392],[13.46479468]
[8.36225623],[2.13908113],[13.82567724]
[8.44841552],[2.15884316],[14.10013165]
[8.51104581],[2.17593508],[14.41502931]
[8.58521561],[2.18742692],[14.59018507]
[8.61584945],[2.17864816],[14.75514957]
[8.68832533],[2.15834477],[14.83067346]
[8.70124668],[2.13973883],[14.88017054]
[8.76066328],[2.11559077],[14.88481725]
[8.73157711],[2.08836227],[14.80991659]
[8.76424449],[2.05954921],[14.65430153]
[8.73967633],[2.026225],[14.34853866]
[8.73689409],[1.99227196],[14.02711885]
[8.74458158],[1.95840997],[13.6769974]
[8.71703095],[1.92332508],[13.28102182]
[8.61408466],[1.88679565],[12.82985611]
[8.52506586],[1.84360642],[12.34001756]
[8.42745567],[1.79940525],[11.88774839]
[8.32295823],[1.75337207],[11.48457688]
[8.21591703],[1.73339828],[11.09886454]
[8.11754783],[1.70723244],[10.71974481]
[8.01572061],[1.68417805],[10.30409446]
[7.90540526],[1.65999122],[9.82453809]
[7.51695538],[1.63453693],[9.2459195]
[6.66765048],[1.60277061],[7.90558769]
[0.],[0.],[0.]
[0.],[0.],[0.]
[2.34905449],[0.58406454],[0.87016816]
[3.17267722],[0.86365355],[1.89843928]
[3.4409],[0.97427618],[2.37988209]
[3.80285227],[1.05571207],[2.7298294]
[4.11162929],[1.12493515],[3.11545966]
[4.34130492],[1.15629133],[3.49834856]
[4.58134242],[1.18614297],[3.92050577]
[4.85787633],[1.25582112],[4.33701826]
[5.05735783],[1.35363833],[4.76624906]
[5.25970812],[1.41192815],[5.11600885]
[5.38001743],[1.47143369],[5.52605426]
[5.57232605],[1.51369942],[5.94985421]
[5.71021559],[1.56141937],[6.34927627]
[5.91348824],[1.60000706],[6.68997477]
[6.18143237],[1.64390075],[7.15926558]
[6.4952538],[1.6907881],[7.71891306]
[6.71482585],[1.74084127],[8.25099039]
[7.02777227],[1.76503782],[8.77033092]
[7.25764639],[1.80917148],[9.45038745]
[7.5169063],[1.86286047],[10.10697353]
[7.7511389],[1.89572265],[10.90826762]
[7.94873232],[1.94459292],[11.53644846]
[8.02291218],[1.99035267],[12.23481976]
[8.22098449],[2.04246998],[12.76208352]
[8.25002918],[2.07945732],[13.13303813]
[8.36393881],[2.10819445],[13.52562546]
[8.40604054],[2.14101301],[13.86509211]
[8.53439998],[2.16385598],[14.35170888]
[8.64107274],[2.18989937],[14.75862272]
[8.65881161],[2.20990799],[15.07578577]
[8.74209148],[2.22754957],[15.36600481]
[8.75802636],[2.24114692],[15.60468059]
[8.85957849],[2.24995705],[15.78675396]
[8.91095049],[2.24102173],[15.92728782]
[8.983493],[2.22069915],[16.07844555]
[9.02910377],[2.19863926],[16.15899461]
[9.07680479],[2.17440311],[16.28664901]
[9.06056036],[2.14801331],[16.22722303]
[9.07555745],[2.12260499],[16.10497249]
[9.06528555],[2.09651059],[15.79371114]
[9.05168173],[2.06545678],[15.41892374]
[9.05467617],[2.03586258],[15.02592728]
[9.05005378],[2.00460074],[14.55808772]
[8.9766148],[1.96995056],[14.1194873]
[8.86329001],[1.93399928],[13.68858214]
[8.76685331],[1.89890065],[13.24649719]
[8.6802712],[1.85769542],[12.78348258]
[8.58470124],[1.80852818],[12.25370096]
[8.48816255],[1.74487178],[11.75583329]
[8.3927689],[1.71082516],[11.35213369]
[8.29496735],[1.68922412],[10.89198887]
[7.88433753],[1.6659487],[10.2791525]
[7.03575204],[1.63491307],[8.83398059]
[0.],[0.],[0.]
[0.],[0.],[0.]
[2.35353886],[0.6468972],[0.96705047]
[3.17159742],[0.91358642],[2.03724456]
[3.45652306],[1.0511315],[2.50460916]
[3.8426492],[1.1226166],[2.88791222]
[4.14812896],[1.18724558],[3.30269237]
[4.39541141],[1.2152676],[3.70885242]
[4.65145509],[1.24197593],[4.17957545]
[4.91932266],[1.31563121],[4.61548206]
[5.13393349],[1.4112875],[5.07397771]
[5.34634934],[1.47176095],[5.47411506]
[5.50915906],[1.5298675],[5.98241638]
[5.64471979],[1.56902915],[6.38185651]
[5.86979601],[1.61752675],[6.7918689]
[6.13543137],[1.66732964],[7.2016939]
[6.39028682],[1.72930125],[7.79502473]
[6.68319998],[1.77213288],[8.30589925]
[6.93225557],[1.81278379],[8.85401913]
[7.18744944],[1.83642756],[9.51397188]
[7.45427656],[1.89940013],[10.23200231]
[7.76361572],[1.95836699],[11.03299948]
[7.94372775],[2.01255688],[11.8144161]
[8.16287758],[2.05490974],[12.53601235]
[8.29602868],[2.10041108],[13.22062348]
[8.50682379],[2.14387807],[13.83979249]
[8.57639983],[2.17690256],[14.3455375]
[8.64042111],[2.20419164],[14.83513838]
[8.7048251],[2.23451815],[15.25008148]
[8.75121379],[2.25482335],[15.6345631]
[8.87410704],[2.27664416],[16.08935863]
[8.91471965],[2.29361751],[16.37793163]
[9.00124403],[2.30970239],[16.70693297]
[9.05591531],[2.32001221],[16.9688987]
[9.16699843],[2.32762881],[17.30151886]
[9.25487473],[2.3200108],[17.50871607]
[9.30326401],[2.30341639],[17.694158]
[9.3586331],[2.28026533],[17.77775406]
[9.35795716],[2.25653916],[17.84008906]
[9.38044529],[2.22996895],[17.78149397]
[9.35636676],[2.20032739],[17.63347882]
[9.38348264],[2.17553082],[17.38937552]
[9.36190351],[2.14655117],[17.02029028]
[9.35831387],[2.11830735],[16.6293389]
[9.35989968],[2.09125558],[16.20637977]
[9.35231824],[2.0617514],[15.74812289]
[9.25347877],[2.03149932],[15.23874516]
[9.10031402],[1.99756516],[14.6682068]
[9.00679527],[1.96179993],[14.19280368]
[8.90873414],[1.91813117],[13.71411922]
[8.8139176],[1.86676923],[13.24102162]
[8.72144431],[1.80675949],[12.7472284]
[8.6252714],[1.7555587],[12.22314582]
[8.20168359],[1.72660324],[11.43852383]
[7.36197734],[1.69177331],[9.89004062]
[0.],[0.],[0.]
[0.],[0.],[0.]
[2.37893922],[0.7385452],[1.09418539]
[3.20911691],[0.96850503],[2.18931574]
[3.55253621],[1.13608658],[2.68540934]
[3.94929902],[1.20608295],[3.14006279]
[4.25108048],[1.26309139],[3.62796817]
[4.52255914],[1.28810926],[4.05638654]
[4.78546445],[1.31624944],[4.5873991]
[5.0576922],[1.40036131],[5.04266382]
[5.2823905],[1.49074575],[5.50861904]
[5.52718215],[1.54993787],[6.04626502]
[5.66681503],[1.60129535],[6.53553452]
[5.81885825],[1.65428407],[6.9226561]
[6.1117537],[1.7210378],[7.42780315]
[6.43296415],[1.7702792],[7.93171467]
[6.6115044],[1.82079794],[8.47099312]
[6.93906237],[1.86512869],[9.01411031]
[7.21126089],[1.88450905],[9.70083861]
[7.43952326],[1.93478521],[10.37267549]
[7.70544088],[2.02124678],[11.21003728]
[8.00778718],[2.07051612],[12.05301877]
[8.20254792],[2.11760132],[12.87825951]
[8.46278513],[2.154333],[13.61802381]
[8.63214922],[2.1931014],[14.28577786]
[8.76707784],[2.22683406],[15.07977274]
[8.86106033],[2.25646536],[15.58994501]
[8.94212493],[2.28099013],[16.03287093]
[9.00485526],[2.30742482],[16.51076246]
[9.08992147],[2.32730478],[16.9208858]
[9.18277517],[2.34833779],[17.50241251]
[9.28561987],[2.36451473],[17.91690768]
[9.35752177],[2.38117944],[18.36355667]
[9.42009718],[2.39607849],[18.65555456]
[9.43962533],[2.39810626],[18.91674459]
[9.54251498],[2.39222715],[19.11274332]
[9.58219581],[2.37853996],[19.22606123]
[9.69729806],[2.36646267],[19.35416355]
[9.7278921],[2.34885993],[19.41031622]
[9.77837299],[2.32460587],[19.49129255]
[9.73639447],[2.29593101],[19.3124287]
[9.7416381],[2.2652052],[19.12772538]
[9.75441523],[2.23048798],[18.72005448]
[9.72691508],[2.19720298],[18.25651816]
[9.73216001],[2.16928464],[17.7895154]
[9.73820644],[2.14212448],[17.31201435]
[9.64669762],[2.11632472],[16.80930668]
[9.47714488],[2.08835565],[16.29897934]
[9.33177652],[2.05407553],[15.78114277]
[9.23717166],[2.01378622],[15.22398078]
[9.12880908],[1.96721629],[14.6643474]
[9.03630873],[1.91513215],[14.15499907]
[8.9402788],[1.85636165],[13.63238236]
[8.50137077],[1.79283889],[12.86464506]
[7.66129264],[1.75278598],[11.21253599]
[0.],[0.],[0.]
[0.],[0.],[0.]
[2.41189966],[0.8834934],[1.29709531]
[3.25253257],[1.09476639],[2.39153497]
[3.67557974],[1.23903564],[2.90840173]
[4.06227397],[1.29886235],[3.43488547]
[4.36679168],[1.3443142],[3.95131947]
[4.67775593],[1.36485015],[4.42722885]
[4.9104129],[1.40439698],[4.98871081]
[5.20763743],[1.49601908],[5.4613594]
[5.44687165],[1.57197124],[6.00922498]
[5.67262647],[1.64988648],[6.56078716]
[5.81693031],[1.72078239],[7.05602198]
[6.08511381],[1.77957263],[7.52774666]
[6.4134516],[1.83935165],[8.14894362]
[6.65516623],[1.8724773],[8.59667403]
[6.87718749],[1.91933899],[9.1481005]
[7.20970414],[1.95238611],[9.87626025]
[7.44055557],[1.99351905],[10.64362021]
[7.71021118],[2.07850525],[11.41347731]
[7.9687304],[2.14518232],[12.32765964]
[8.25433293],[2.18636633],[13.12549921]
[8.48585415],[2.22416903],[14.00203298]
[8.72936577],[2.25253786],[14.72488986]
[8.89774311],[2.28304431],[15.51482535]
[9.08278664],[2.31493363],[16.2964923]
[9.1659022],[2.34629369],[16.87943181]
[9.30082289],[2.36580512],[17.49878499]
[9.35150228],[2.39392842],[18.09613073]
[9.45575391],[2.41197643],[18.60527828]
[9.57582945],[2.43161073],[19.20858745]
[9.60030385],[2.4510301],[19.60356447]
[9.65137125],[2.46555263],[19.97449916]
[9.73035507],[2.47754407],[20.26755125]
[9.79778445],[2.50031406],[20.52338615]
[9.91795043],[2.50014059],[20.83763192]
[10.03951205],[2.47930475],[21.05621838]
[10.11578784],[2.46317172],[21.26386505]
[10.17545738],[2.44175785],[21.34344387]
[10.13892704],[2.41575236],[21.3371153]
[10.15298458],[2.3887686],[21.18207684]
[10.1186713],[2.36077402],[20.94654492]
[10.1578212],[2.32870763],[20.62669071]
[10.12175101],[2.29862308],[20.21830992]
[10.12217888],[2.26824048],[19.75513088]
[10.12784114],[2.23651998],[19.21422549]
[10.11620554],[2.20322428],[18.59089637]
[9.9322187],[2.17968644],[17.98763687]
[9.74556999],[2.1475023],[17.42224024]
[9.58322214],[2.11058455],[16.86280048]
[9.45923661],[2.07254838],[16.32398159]
[9.35103779],[2.02565015],[15.75971413]
[9.25613395],[1.97378913],[15.14800145]
[8.8015022],[1.91514197],[14.22405811]
[7.96143336],[1.85588795],[12.50572835]
[0.],[0.],[0.]
[0.],[0.],[0.]
[2.45197911],[0.79579533],[1.28987633]
[3.29984733],[1.00323258],[2.34673322]
[3.86023888],[1.17479558],[2.93854438]
[4.16970401],[1.23814955],[3.50936767]
[4.49018271],[1.28996986],[4.07884935]
[4.84370676],[1.32047115],[4.60797628]
[5.02964214],[1.42611457],[5.18855256]
[5.35906412],[1.52562467],[5.67615267]
[5.62935825],[1.59635364],[6.32729976]
[5.79826432],[1.65698388],[6.82248609]
[6.04532131],[1.71008942],[7.37419617]
[6.38919135],[1.76777276],[7.9489404]
[6.61385653],[1.8260583],[8.57316605]
[6.90361411],[1.86735471],[9.06005088]
[7.20074485],[1.9074414],[9.76489358]
[7.43253707],[1.97476978],[10.55473667]
[7.69140508],[2.07528289],[11.41363529]
[8.01705424],[2.14823327],[12.32185047]
[8.18975667],[2.20406546],[13.13320636]
[8.53237904],[2.23911471],[14.06964352]
[8.78874342],[2.2717845],[14.90137619]
[8.99374263],[2.29893983],[15.75781336]
[9.176751],[2.33021255],[16.56909516]
[9.4450376],[2.36169042],[17.38400493]
[9.50754401],[2.38874086],[18.20357424]
[9.6227246],[2.4087739],[18.83778034]
[9.62797404],[2.43188738],[19.44275221]
[9.75930391],[2.44916043],[19.93245848]
[9.85351797],[2.48834991],[20.5426139]
[9.95194539],[2.50351461],[21.01904465]
[10.09382147],[2.53850798],[21.49802817]
[10.23591841],[2.55826884],[21.9673206]
[10.2989502],[2.61763458],[22.33303488]
[10.33606913],[2.63660085],[22.64441565]
[10.43455535],[2.64602912],[22.8264072]
[10.59073861],[2.61575513],[22.9425914]
[10.71089767],[2.585487],[23.04569308]
[10.67358895],[2.5602449],[23.00980103]
[10.67642722],[2.52166499],[22.96520163]
[10.6384164],[2.4802338],[22.67604396]
[10.66654333],[2.43789491],[22.3810839]
[10.63592464],[2.39567255],[21.89232141]
[10.61810098],[2.3591747],[21.41167033]
[10.62773083],[2.32271958],[20.8876751]
[10.63443395],[2.2846011],[20.26687008]
[10.53130298],[2.25285702],[19.61690937]
[10.24511112],[2.22185937],[18.98346844]
[10.00655912],[2.17475613],[18.28140218]
[9.84677378],[2.1408149],[17.67349529]
[9.71900888],[2.09876247],[17.10511874]
[9.59680804],[2.05189962],[16.49995111]
[9.11339436],[1.99751541],[15.56386373]
[8.26250292],[1.94036657],[13.77804679]
[0.],[0.],[0.]
[0.],[0.],[0.]
[2.45361812],[0.43952205],[0.86624007]
[3.29692932],[0.61709133],[1.5765841]
[3.95119202],[0.67756444],[2.01977802]
[4.23183474],[0.79885711],[2.5383765]
[4.58122386],[0.94845162],[3.08649013]
[4.92028293],[1.03827154],[3.58573256]
[5.14035934],[1.12661076],[4.10240533]
[5.47561022],[1.19773406],[4.63901854]
[5.69326124],[1.27004326],[5.23169553]
[5.91138528],[1.34191963],[5.66369689]
[6.23017614],[1.40001803],[6.2920939]
[6.54921994],[1.47052201],[6.84729233]
[6.79570981],[1.52266633],[7.4305855]
[7.12582784],[1.60298901],[8.03850454]
[7.35872988],[1.67581289],[8.8114552]
[7.6304164],[1.75830513],[9.62010792]
[7.91921111],[1.82731927],[10.58983807]
[8.17477759],[1.89362263],[11.33689878]
[8.4046876],[1.95382386],[12.23042824]
[8.73816579],[1.9901611],[13.10415387]
[8.96736896],[2.04380729],[13.94549187]
[9.21670464],[2.08277561],[14.87167172]
[9.43934141],[2.12538742],[15.77132444]
[9.64737585],[2.17302732],[16.67029246]
[9.73410772],[2.21890599],[17.52919404]
[9.87340542],[2.25967667],[18.17679079]
[9.92300787],[2.31127616],[18.81922446]
[10.20078338],[2.35924345],[19.47656605]
[10.30424089],[2.40456488],[20.11683218]
[10.41788458],[2.42717289],[20.68904591]
[10.51028825],[2.45762616],[21.20613312]
[10.54098914],[2.47961815],[21.57615002]
[10.62411159],[2.50766981],[21.94443095]
[10.80982766],[2.53216625],[22.22424643]
[10.91092282],[2.55851415],[22.45163959]
[10.99483704],[2.57104309],[22.61290019]
[11.13133724],[2.57666509],[22.84573071]
[11.21116316],[2.56291309],[22.89929935]
[11.23864966],[2.52330122],[22.85172097]
[11.26364527],[2.48552328],[22.71153885]
[11.22643216],[2.4503181],[22.3940132]
[11.2194617],[2.41738596],[21.98952796]
[11.1729716],[2.38408322],[21.54060694]
[11.16698858],[2.34763911],[20.99541492]
[11.17799387],[2.31354508],[20.36297347]
[11.18087091],[2.27355005],[19.55774043]
[10.99287315],[2.2265284],[18.76844889]
[10.64550238],[2.17692578],[18.03208811]
[10.32505358],[2.13218829],[17.37086132]
[10.11192164],[2.08849205],[16.73400384]
[9.97056546],[2.03760405],[16.021785]
[9.46979825],[1.96595956],[15.0961723]
[8.60479716],[1.88312621],[13.64714662]
