meltWidth,meltDepth,meltArea
[0.35648478],[0.07948823],[0.01374623]
[0.66163669],[0.16570309],[0.05407485]
[0.73821749],[0.18519289],[0.067534]
[0.83897082],[0.22583199],[0.0938247]
[0.92196446],[0.24897431],[0.1137869]
[0.94845252],[0.21729798],[0.1039697]
[0.8707219],[0.19102877],[0.08218632]
[0.72184212],[0.12492817],[0.04423539]
[0.54768209],[0.10244278],[0.02738642]
[0.10943446],[0.01541162],[0.00070611]
[0.],[0.],[0.]
[0.],[0.],[0.]
[0.],[0.],[0.]
[0.],[0.],[0.]
[0.],[0.],[0.]
[0.],[0.],[0.]
[0.],[0.],[0.]
[0.],[0.],[0.]
[0.],[0.],[0.]
[0.],[0.],[0.]
[0.],[0.],[0.]
[0.],[0.],[0.]
[0.],[0.],[0.]
[0.],[0.],[0.]
[0.],[0.],[0.]
[0.],[0.],[0.]
[0.],[0.],[0.]
[0.],[0.],[0.]
[0.],[0.],[0.]
[0.],[0.],[0.]
[0.],[0.],[0.]
[0.],[0.],[0.]
[0.],[0.],[0.]
[0.],[0.],[0.]
[0.],[0.],[0.]
[0.],[0.],[0.]
[0.],[0.],[0.]
[0.],[0.],[0.]
[0.],[0.],[0.]
[0.],[0.],[0.]
[0.],[0.],[0.]
[0.],[0.],[0.]
[0.],[0.],[0.]
[0.],[0.],[0.]
[0.],[0.],[0.]
[0.],[0.],[0.]
[0.],[0.],[0.]
[0.],[0.],[0.]
[0.],[0.],[0.]
[0.],[0.],[0.]
[0.],[0.],[0.]
[0.],[0.],[0.]
[0.],[0.],[0.]
[0.],[0.],[0.]
[0.00370315],[0.00756584],[8.94493223e-06]
[0.92211401],[0.41023596],[0.23002264]
[1.12095249],[0.29559011],[0.24168709]
[1.29027659],[0.54540107],[0.44871269]
[1.45391078],[0.44170405],[0.46161681]
[1.53075426],[0.66221303],[0.67599037]
[1.76426113],[0.62567072],[0.77120769]
[1.71805907],[0.8215272],[0.92481758]
[1.80283902],[0.73343168],[0.89737901]
[1.72302138],[0.97088907],[1.16940482]
[1.66044784],[0.91288507],[1.21494582]
[1.4079541],[0.96408196],[1.22260275]
[1.34781166],[0.90219842],[1.15013924]
[1.40532497],[0.94019937],[1.06825556]
[1.40721195],[0.87207464],[0.91203241]
[1.4448105],[0.90131892],[0.90459112]
[1.47566407],[0.72222628],[0.7915532]
[1.52437901],[0.85973957],[0.8547931]
[1.57530223],[0.71339684],[0.7816715]
[1.62660551],[0.84611299],[0.85779996]
[1.69411006],[0.72391453],[0.80420687]
[1.65796823],[0.79929549],[0.8229]
[1.90163696],[0.611326],[0.7874258]
[1.78553605],[0.68084232],[0.76489848]
[2.03286026],[0.53518471],[0.74304112]
[1.92867725],[0.60170988],[0.69962966]
[2.10634002],[0.46292524],[0.6807453]
[2.02997701],[0.54520097],[0.65787727]
[2.15037459],[0.41350296],[0.64622247]
[2.09731292],[0.48330297],[0.62954818]
[2.18087409],[0.3926233],[0.63028083]
[2.19223643],[0.40130361],[0.62790928]
[2.20023196],[0.38756165],[0.62032538]
[2.1945927],[0.37747658],[0.596564]
[2.17738743],[0.37263323],[0.58333573]
[2.17201547],[0.36158823],[0.57292981]
[2.16790345],[0.35897727],[0.56267948]
[2.16478784],[0.35555291],[0.55527189]
[2.16268338],[0.35325518],[0.54651465]
[2.16191402],[0.35149407],[0.5415466]
[2.1669366],[0.3496085],[0.54005086]
[2.16508462],[0.34744654],[0.53513104]
[2.16266642],[0.34533482],[0.52951321]
[2.15868715],[0.34498496],[0.52580471]
[2.15255675],[0.34429474],[0.52368935]
[2.14654856],[0.34391068],[0.51855856]
[2.14097716],[0.3429911],[0.51537164]
[2.14142354],[0.34174529],[0.51543324]
[2.13831661],[0.3400359],[0.51320661]
[2.13372247],[0.33866269],[0.50921085]
[2.1312331],[0.33820806],[0.50774825]
[2.12784951],[0.33785098],[0.50750338]
[2.12673667],[0.33843157],[0.50533887]
[2.1216657],[0.33854622],[0.50142148]
[0.],[0.],[0.]
[0.],[0.],[0.]
[0.8409778],[0.29434887],[0.18851774]
[1.59221603],[0.47005174],[0.48843495]
[1.77691205],[0.61438899],[0.70819696]
[1.9382844],[0.70629633],[0.87970513]
[2.04536149],[0.78926295],[1.06923534]
[2.18246949],[0.9529677],[1.30868945]
[2.26875783],[1.0450981],[1.49832082]
[2.3840843],[1.10523118],[1.65931503]
[2.4134748],[1.16411147],[1.83935419]
[2.40664051],[1.19909342],[1.87268945]
[2.42311018],[1.22142724],[2.04632263]
[2.39518232],[1.23077125],[1.9976157]
[2.42724597],[1.2323624],[2.11534157]
[2.40230303],[1.23109094],[2.06595652]
[2.36341893],[1.22673137],[2.04613908]
[2.22080254],[1.21580894],[2.11107492]
[1.95239129],[1.19560471],[1.94134109]
[2.08244622],[1.17980946],[1.943942]
[2.10391264],[1.16136605],[1.86712056]
[2.15858965],[1.14468293],[1.7410572]
[2.15355377],[1.11337523],[1.61977575]
[2.19354616],[1.01947223],[1.44895841]
[2.18429336],[0.93555496],[1.35954278]
[2.2032241],[0.88942853],[1.26147309]
[2.19352998],[0.85325951],[1.22025132]
[2.2212423],[0.82987274],[1.19600026]
[2.23487591],[0.80235662],[1.19410388]
[2.25016186],[0.78838731],[1.17505289]
[2.26297179],[0.77618683],[1.17149181]
[2.26413083],[0.76419582],[1.15511198]
[2.28188437],[0.76775563],[1.16156414]
[2.2850642],[0.7311237],[1.14783008]
[2.3195672],[0.71614086],[1.12451833]
[2.30566592],[0.69941546],[1.1004662]
[2.32840395],[0.68750967],[1.08785318]
[2.32669188],[0.67917911],[1.07414106]
[2.32122983],[0.67075874],[1.0623089]
[2.32297251],[0.66482715],[1.05258314]
[2.32250749],[0.65965763],[1.04586968]
[2.32269743],[0.64962298],[1.03761815]
[2.32362215],[0.63945383],[1.02816319]
[2.31816902],[0.63153058],[1.02032588]
[2.30584941],[0.62372418],[1.00999457]
[2.29126303],[0.61327646],[0.99873944]
[2.29094076],[0.60545964],[0.9907083]
[2.289503],[0.59904867],[0.98204603]
[2.29113119],[0.59463615],[0.97921312]
[2.29109997],[0.59297603],[0.97591546]
[2.28984767],[0.59023525],[0.97002794]
[2.2895941],[0.58750072],[0.96590389]
[2.28874797],[0.58343742],[0.96154751]
[2.28757224],[0.57895666],[0.95422153]
[2.28668867],[0.57644481],[0.94950378]
[0.],[0.],[0.]
[0.],[0.],[0.]
[0.80235764],[0.28829639],[0.1471406]
[1.56095039],[0.45180248],[0.4298656]
[1.6245833],[0.60693562],[0.65702124]
[1.87730055],[0.69647081],[0.82575213]
[1.88718009],[0.79022327],[0.97567019]
[2.18145363],[0.98649178],[1.29866422]
[2.34812207],[1.06508057],[1.50164016]
[2.48006269],[1.1251693],[1.70201393]
[2.53840412],[1.18471522],[1.8950286]
[2.54001547],[1.22123343],[1.93304899]
[2.57774108],[1.24790899],[2.13219038]
[2.59366589],[1.25991314],[2.06629292]
[2.61607878],[1.26361387],[2.2138393]
[2.63401288],[1.2599714],[2.25124162]
[2.64969068],[1.248137],[2.32957528]
[2.64448428],[1.23715764],[2.36644129]
[2.52215618],[1.2272612],[2.37547189]
[2.29787769],[1.22199648],[2.26270076]
[2.18694661],[1.21123118],[2.01256614]
[2.20580964],[1.1999567],[1.86394191]
[2.21524544],[1.18107593],[1.7768928]
[2.21786696],[1.08615374],[1.52455504]
[2.24218791],[0.99939197],[1.45893407]
[2.23909636],[0.95253143],[1.32469104]
[2.25094502],[0.91329841],[1.31494715]
[2.25751433],[0.88679975],[1.26052272]
[2.29281048],[0.85743096],[1.29420471]
[2.28465998],[0.83440887],[1.23746295]
[2.31774301],[0.81159992],[1.26407534]
[2.30565063],[0.79231659],[1.22361501]
[2.33677671],[0.79717165],[1.24567025]
[2.34086472],[0.76582878],[1.24021599]
[2.34744535],[0.75534165],[1.22044303]
[2.34394933],[0.74424567],[1.21410881]
[2.34170535],[0.7343216],[1.19569779]
[2.3412064],[0.72491311],[1.18031321]
[2.34211136],[0.7158146],[1.16971933]
[2.33939109],[0.70940174],[1.1553161]
[2.33664941],[0.70320224],[1.1438509]
[2.33396477],[0.69387723],[1.13158343]
[2.33449221],[0.68258424],[1.11878463]
[2.32935335],[0.67416233],[1.10408765]
[2.32707146],[0.66690445],[1.09302491]
[2.3256925],[0.65751827],[1.08245385]
[2.32286355],[0.64987865],[1.06746493]
[2.32055123],[0.64450915],[1.05707855]
[2.31899755],[0.63980082],[1.04971658]
[2.31829016],[0.63245742],[1.04011002]
[2.31651982],[0.62599538],[1.0299997]
[2.31540443],[0.6190269],[1.02100783]
[2.31349069],[0.60828525],[1.00963416]
[2.3123326],[0.59999194],[0.99824439]
[2.31134329],[0.59544541],[0.99092975]
[0.],[0.],[0.]
[0.],[0.],[0.]
[0.73677816],[0.26996],[0.09838901]
[1.42396786],[0.4132753],[0.36755938]
[1.59286069],[0.58210563],[0.62049989]
[1.74177785],[0.67244507],[0.74724069]
[1.90329329],[0.75692001],[0.96328164]
[2.15078754],[0.96888655],[1.2556014]
[2.3712948],[1.06591894],[1.51441283]
[2.5021031],[1.1346142],[1.67612939]
[2.552468],[1.20189792],[1.88312739]
[2.58760939],[1.23941543],[1.91476297]
[2.62345092],[1.25381038],[2.11713084]
[2.65422418],[1.27335484],[2.14891513]
[2.66966055],[1.26878166],[2.25901933]
[2.68865098],[1.26499715],[2.28183179]
[2.60659842],[1.26023601],[2.41401363]
[2.41883878],[1.25345368],[2.2428503]
[2.19113789],[1.24684377],[2.22621088]
[2.12621395],[1.24141935],[1.80850671]
[2.29156969],[1.22474001],[1.94038076]
[2.24001789],[1.1866524],[1.61384546]
[2.34996563],[1.08233161],[1.63330844]
[2.2823811],[1.02636826],[1.3858121]
[2.37140577],[0.96506265],[1.4471141]
[2.31450284],[0.93020459],[1.29657014]
[2.37648613],[0.90381178],[1.37197999]
[2.33007871],[0.88568302],[1.27340485]
[2.4020594],[0.85952854],[1.36559828]
[2.36204154],[0.84449857],[1.27655962]
[2.41486813],[0.83270887],[1.34761259]
[2.37846741],[0.82357511],[1.28002292]
[2.40959838],[0.83293229],[1.32845092]
[2.41002756],[0.81227279],[1.33214072]
[2.41327909],[0.80746898],[1.32034906]
[2.40990963],[0.79839716],[1.31812652]
[2.40537908],[0.79151179],[1.30686615]
[2.40196293],[0.78564772],[1.29590484]
[2.39972004],[0.77650756],[1.2871515]
[2.39413316],[0.77290917],[1.27366706]
[2.38983004],[0.77101813],[1.26391605]
[2.38270809],[0.7618139],[1.24753269]
[2.37627907],[0.74426306],[1.22444524]
[2.36537841],[0.72920641],[1.19877727]
[2.35634969],[0.71600362],[1.17493054]
[2.34882195],[0.69905962],[1.15250301]
[2.34070792],[0.6838648],[1.12710715]
[2.33537436],[0.67463248],[1.10983187]
[2.33161956],[0.66934482],[1.10116373]
[2.32784654],[0.66268022],[1.08672163]
[2.32146081],[0.65767809],[1.07299919]
[2.31905975],[0.65214798],[1.06481669]
[2.31647489],[0.64388558],[1.05481173]
[2.31371622],[0.63396869],[1.04049325]
[2.31114275],[0.62240469],[1.02559442]
[0.],[0.],[0.]
[0.],[0.],[0.]
[0.78316687],[0.27506311],[0.12596032]
[1.41663928],[0.42070879],[0.37048066]
[1.60144176],[0.5932296],[0.63475538]
[1.76260205],[0.68795582],[0.79120224]
[1.92875696],[0.89407788],[1.09740239]
[2.17782724],[1.04910094],[1.39839224]
[2.37668363],[1.13420791],[1.63243831]
[2.52705041],[1.20247602],[1.8024911]
[2.58695565],[1.26594402],[2.0184164]
[2.63259427],[1.29672876],[2.23076961]
[2.65348828],[1.30887765],[2.40060565]
[2.68408506],[1.3169558],[2.42252627]
[2.69645135],[1.31671802],[2.60709209]
[2.58543805],[1.31226166],[2.45538679]
[2.39145623],[1.30634952],[2.57086821]
[2.26881107],[1.29989727],[2.27459922]
[2.41121061],[1.292402],[2.24633906]
[2.34179025],[1.28093507],[1.99948397]
[2.46312621],[1.25291591],[2.04573442]
[2.40539548],[1.17652687],[1.79526723]
[2.50190688],[1.10770699],[1.81563079]
[2.42948059],[1.04875454],[1.60914354]
[2.51864257],[0.99516555],[1.66111181]
[2.44170847],[0.97072542],[1.51094971]
[2.51072282],[0.95223607],[1.5913391]
[2.44045143],[0.94049827],[1.4735508]
[2.51304586],[0.92205096],[1.57441412]
[2.45104741],[0.91192894],[1.46584075]
[2.50964655],[0.90351657],[1.5447498]
[2.46063514],[0.89428109],[1.46983958]
[2.48998722],[0.89149486],[1.49807027]
[2.4852955],[0.87919036],[1.49411149]
[2.48705544],[0.87290477],[1.47162053]
[2.48106512],[0.86371847],[1.45945494]
[2.47364338],[0.8555845],[1.43872364]
[2.46922187],[0.85072698],[1.42756897]
[2.46614622],[0.84494913],[1.42146587]
[2.45755167],[0.84087639],[1.40530605]
[2.44984444],[0.83767119],[1.39272099]
[2.44017324],[0.82946363],[1.37571055]
[2.43319962],[0.8151263],[1.35703175]
[2.41830988],[0.80251921],[1.33471161]
[2.4046296],[0.7910087],[1.311127]
[2.39811616],[0.77508999],[1.29011495]
[2.38936457],[0.76159454],[1.26306602]
[2.38360666],[0.75390426],[1.24600075]
[2.37836325],[0.74514494],[1.2319742]
[2.37271574],[0.73284071],[1.21029066]
[2.36177545],[0.72123442],[1.18611234]
[2.35357157],[0.71191652],[1.16823124]
[2.34680601],[0.69085733],[1.14336094]
[2.339111],[0.67448289],[1.11698232]
[2.33655868],[0.66259034],[1.10058915]
[0.],[0.],[0.]
[0.],[0.],[0.]
[0.81796464],[0.28682942],[0.16013708]
[1.44180929],[0.45229972],[0.40676841]
[1.61528539],[0.62792839],[0.68173399]
[1.76565794],[0.71979943],[0.83473372]
[1.9484039],[1.01103627],[1.26606045]
[2.19183107],[1.12694515],[1.5298155]
[2.39193713],[1.21686141],[1.74701763]
[2.54408403],[1.26684025],[2.0766913]
[2.62025255],[1.31127108],[2.32063218]
[2.65555017],[1.33712413],[2.45429611]
[2.66993615],[1.34631083],[2.66561137]
[2.69433093],[1.35048694],[2.62499886]
[2.54873074],[1.35162287],[2.74985807]
[2.34126062],[1.3459609],[2.5796749]
[2.46633487],[1.34099911],[2.50579142]
[2.4282788],[1.33681335],[2.26249827]
[2.52082843],[1.32190842],[2.30613086]
[2.47285153],[1.29816352],[2.08420389]
[2.55743009],[1.2208574],[2.07486889]
[2.51856509],[1.16316551],[1.90217116]
[2.59743661],[1.09805184],[1.88216019]
[2.54477251],[1.05515524],[1.74068013]
[2.60923486],[1.01407806],[1.77065037]
[2.55084708],[0.99461534],[1.65916965]
[2.59354506],[0.98018722],[1.72423248]
[2.53050872],[0.97126185],[1.6278843]
[2.58885871],[0.95400531],[1.69669595]
[2.53353847],[0.94451385],[1.60364104]
[2.58685263],[0.93305105],[1.65244216]
[2.5355694],[0.92597383],[1.5843097]
[2.57939916],[0.91545597],[1.59737423]
[2.55544534],[0.90901682],[1.59679369]
[2.56676572],[0.90169156],[1.57188434]
[2.54905795],[0.89499625],[1.55948865]
[2.54066415],[0.88990062],[1.54087471]
[2.53501836],[0.88455364],[1.52861069]
[2.53077101],[0.88009797],[1.52238078]
[2.5226127],[0.875536],[1.50642793]
[2.51351642],[0.87069514],[1.49392551]
[2.50299317],[0.86465679],[1.48157265]
[2.49498501],[0.86008526],[1.47023976]
[2.4801937],[0.85072564],[1.45002284]
[2.46931879],[0.83949236],[1.43362224]
[2.46193836],[0.82961843],[1.4237095]
[2.44958538],[0.82256637],[1.40006777]
[2.44042821],[0.8166066],[1.38395145]
[2.42887917],[0.80874955],[1.36585131]
[2.41975827],[0.79604485],[1.34007297]
[2.40581119],[0.78455649],[1.31012193]
[2.39627902],[0.76871287],[1.28361532]
[2.39001655],[0.74478649],[1.25622297]
[2.37862387],[0.72219108],[1.22023225]
[2.36987835],[0.700905],[1.19107543]
[0.],[0.],[0.]
[0.],[0.],[0.]
[0.82143369],[0.3030813],[0.17298165]
[1.485302],[0.49197251],[0.47582428]
[1.62527228],[0.65493227],[0.72040784]
[1.79384187],[0.76992132],[0.90994911]
[1.98417915],[1.10446468],[1.43873529]
[2.20665273],[1.1914164],[1.75026568]
[2.40757382],[1.25869066],[1.9735111]
[2.56483985],[1.29897576],[2.29381291]
[2.649553],[1.33708779],[2.56125398]
[2.67741814],[1.36091882],[2.62626183]
[2.70198633],[1.36597148],[2.83829448]
[2.55620005],[1.36946834],[2.74491103]
[2.50855203],[1.37318973],[2.80551258]
[2.47575389],[1.37062115],[2.49280308]
[2.58435783],[1.36777418],[2.49015248]
[2.59792733],[1.35701129],[2.35425648]
[2.7016992],[1.33163524],[2.34745327]
[2.73690493],[1.26472956],[2.17869004]
[2.81001674],[1.2032384],[2.15418882]
[2.86692559],[1.14845196],[2.04540098]
[2.89777977],[1.09957029],[2.01040175]
[2.93299035],[1.06432868],[1.91165591]
[2.92925051],[1.02711078],[1.90795874]
[2.940283],[1.00403895],[1.83816542]
[2.92355058],[0.98334358],[1.82873458]
[2.9204368],[0.96610505],[1.77854236]
[2.90801165],[0.95297136],[1.79044833]
[2.90945274],[0.94427339],[1.74795901]
[2.90482123],[0.93415858],[1.76088408]
[2.90155828],[0.92709458],[1.72665222]
[2.92634722],[0.9185153],[1.74088837]
[2.91639843],[0.91225473],[1.73669404]
[2.91269657],[0.90829217],[1.71672086]
[2.89494002],[0.9048267],[1.6970544]
[2.86403083],[0.90107428],[1.67906098]
[2.85701433],[0.89675169],[1.66834459]
[2.84370431],[0.89304164],[1.66163315]
[2.83686846],[0.88894884],[1.65137497]
[2.82497272],[0.88427714],[1.63872465]
[2.80742514],[0.87853056],[1.62558073]
[2.78757078],[0.87441971],[1.61050321]
[2.76349227],[0.87179159],[1.5888852]
[2.71809183],[0.8691214],[1.56813436]
[2.65621856],[0.86932358],[1.55420751]
[2.6038855],[0.86745875],[1.53456981]
[2.54874864],[0.86352231],[1.51312135]
[2.49242834],[0.85658887],[1.4887847]
[2.48151924],[0.84579242],[1.4648429]
[2.4645838],[0.83060068],[1.43040818]
[2.45109496],[0.81231094],[1.39745975]
[2.43961742],[0.79030473],[1.36586162]
[2.42306846],[0.76935518],[1.32736014]
[2.41097797],[0.74812906],[1.29547359]
[0.],[0.],[0.]
[0.],[0.],[0.]
[0.80817407],[0.30372734],[0.16925384]
[1.47355605],[0.50728318],[0.48827249]
[1.60118135],[0.68114729],[0.73265032]
[1.7650008],[0.88609887],[0.9820191]
[1.9579726],[1.14910802],[1.51909249]
[2.15882133],[1.2163738],[1.85827263]
[2.37277954],[1.26980652],[2.09189529]
[2.5035866],[1.30487677],[2.31215458]
[2.52064801],[1.33626842],[2.58674939]
[2.32271592],[1.35187982],[2.54504356]
[2.49953821],[1.35693815],[2.58467175]
[2.46519511],[1.36216221],[2.29676177]
[2.60618576],[1.35556203],[2.40427332]
[2.65141136],[1.33705054],[2.2477391]
[2.76984422],[1.27487983],[2.25963965]
[2.83140633],[1.21735235],[2.11735828]
[2.91528399],[1.14827306],[2.11410319]
[2.99354968],[1.10499286],[2.02561333]
[3.03683915],[1.06729129],[2.02789242]
[3.13434992],[1.04059361],[1.9948308]
[3.13910356],[1.01847983],[1.98122998]
[3.22489268],[0.99735485],[1.97177717]
[3.18408358],[0.97390997],[1.95531518]
[3.27997355],[0.9643266],[1.94078073]
[3.22558485],[0.9554697],[1.93062776]
[3.31558085],[0.94765534],[1.90586365]
[3.23340056],[0.9392813],[1.91222439]
[3.29805778],[0.93277206],[1.88478245]
[3.22024477],[0.92759387],[1.89577778]
[3.27591523],[0.92407318],[1.87962027]
[3.23791898],[0.91907063],[1.89707147]
[3.276973],[0.91617382],[1.90359627]
[3.21668237],[0.91249177],[1.88610128]
[3.24031418],[0.90894584],[1.87527399]
[3.18223039],[0.9055497],[1.8581262]
[3.16950224],[0.90196841],[1.85050723]
[3.15353484],[0.89884026],[1.8453174]
[3.14183999],[0.89744292],[1.83730857]
[3.13168175],[0.89610009],[1.82761809]
[3.11616482],[0.89284812],[1.81721049]
[3.0976],[0.8930283],[1.80686107]
[3.08240149],[0.89349439],[1.78913497]
[3.05203507],[0.89401381],[1.77038869]
[2.99837389],[0.89430181],[1.75149942]
[2.95072243],[0.89470489],[1.72863285]
[2.9010828],[0.89528973],[1.70384175]
[2.8479177],[0.8915368],[1.67692464]
[2.7901048],[0.883231],[1.64145633]
[2.73860325],[0.86939182],[1.59624528]
[2.68808755],[0.85264193],[1.55230319]
[2.63121333],[0.8329188],[1.50652606]
[2.57366896],[0.81430261],[1.45237024]
[2.52598904],[0.79551056],[1.41732541]
[0.],[0.],[0.]
[0.],[0.],[0.]
[0.83071797],[0.30166355],[0.1945056]
[1.4942976],[0.53481963],[0.53743979]
[1.60546648],[0.71880949],[0.77478936]
[1.78108144],[1.02309694],[1.37474538]
[1.97387806],[1.20258528],[1.69053118]
[2.15959422],[1.26462286],[2.03312919]
[2.37963239],[1.30317432],[2.30241343]
[2.4949795],[1.33255077],[2.48273688]
[2.4458738],[1.36319963],[2.7143876]
[2.46061519],[1.37550284],[2.60052832]
[2.59969851],[1.37917301],[2.54542117]
[2.65900828],[1.38251218],[2.43588937]
[2.7664293],[1.36243116],[2.49984285]
[2.82946792],[1.32122192],[2.34616748]
[2.91246651],[1.24134679],[2.32391705]
[2.99481325],[1.18035867],[2.20733761]
[3.04787905],[1.13372628],[2.19438168]
[3.15335098],[1.10374327],[2.13683777]
[3.19558491],[1.06941681],[2.16864075]
[3.30802633],[1.04713989],[2.17115167]
[3.29810968],[1.0268564],[2.1549654]
[3.38019101],[1.00642388],[2.13002582]
[3.3454795],[0.98784695],[2.12908754]
[3.4264212],[0.97900909],[2.10911779]
[3.39651793],[0.96996114],[2.09310488]
[3.47111507],[0.96212381],[2.0756945]
[3.40281093],[0.95657853],[2.06497905]
[3.45432616],[0.95318737],[2.05635611]
[3.38849538],[0.94819422],[2.04548911]
[3.43976755],[0.94508118],[2.0446897]
[3.41029541],[0.93881495],[2.05009163]
[3.44828343],[0.93656252],[2.06200835]
[3.40175594],[0.93279778],[2.04433824]
[3.42966127],[0.92931386],[2.04314794]
[3.38490058],[0.92582614],[2.02747776]
[3.37398958],[0.92361451],[2.02365308]
[3.36193468],[0.92252948],[2.02113438]
[3.34982408],[0.92143881],[2.01417644]
[3.34585253],[0.92140155],[2.01175676]
[3.33546692],[0.92034528],[2.00560102]
[3.32138837],[0.92098811],[1.99932151]
[3.31183908],[0.92179071],[1.98169735]
[3.29119605],[0.92225183],[1.96129571]
[3.24008847],[0.92279243],[1.93761305]
[3.19291181],[0.92285551],[1.91281507]
[3.14747532],[0.92272177],[1.88678927]
[3.09682986],[0.91858985],[1.85650707]
[3.04304965],[0.91309231],[1.82390049]
[2.99762716],[0.90827397],[1.7854914]
[2.95236427],[0.89676595],[1.74422002]
[2.89314663],[0.87755442],[1.68741168]
[2.83555751],[0.86026865],[1.62332468]
[2.7811837],[0.84275871],[1.57076351]
[0.],[0.],[0.]
[0.],[0.],[0.]
[0.85283723],[0.3018284],[0.22123766]
[1.50657684],[0.57014747],[0.57565572]
[1.61489571],[0.79182885],[0.84441354]
[1.80125242],[1.06786934],[1.46035626]
[1.98592531],[1.2309865],[1.790695]
[2.14186328],[1.28470947],[2.10192893]
[2.38742991],[1.32643553],[2.44932782]
[2.3830614],[1.36143458],[2.58232226]
[2.5225763],[1.38336567],[2.72025822]
[2.53158793],[1.38985955],[2.53251607]
[2.73803299],[1.39235195],[2.63602589]
[2.81927704],[1.38782439],[2.52824634]
[2.8980397],[1.3606971],[2.53916955]
[2.9734203],[1.29155904],[2.40474559]
[3.03716747],[1.22062247],[2.38791594]
[3.1359258],[1.17886805],[2.30244624]
[3.17531742],[1.14118096],[2.31458924]
[3.30212563],[1.11197496],[2.305987]
[3.31669025],[1.08314613],[2.3328219]
[3.43221824],[1.06156848],[2.31836774]
[3.41724969],[1.04111173],[2.31004802]
[3.50004737],[1.02082326],[2.29554531]
[3.47771748],[1.00332088],[2.3018007]
[3.54555832],[0.99525448],[2.2857298]
[3.52913899],[0.98644507],[2.27399401]
[3.59120594],[0.97942803],[2.27080376]
[3.53826693],[0.97490152],[2.24725512]
[3.57982709],[0.97130796],[2.24562607]
[3.52560007],[0.96694817],[2.22375932]
[3.56523623],[0.96353941],[2.22293087]
[3.54907673],[0.95647956],[2.23627056]
[3.57007801],[0.95440822],[2.23089462]
[3.54208664],[0.95041733],[2.23339202]
[3.55295108],[0.94674901],[2.20187936]
[3.52253498],[0.9453598],[2.18064699]
[3.50221334],[0.94377234],[2.17707025]
[3.4869288],[0.94283305],[2.17318029]
[3.47598408],[0.94303568],[2.1733248]
[3.46915223],[0.9443242],[2.17348281]
[3.45812583],[0.94312903],[2.17169523]
[3.44008543],[0.94338795],[2.16578173]
[3.43171118],[0.94353823],[2.1532074]
[3.41278546],[0.9436994],[2.13408114]
[3.36296177],[0.94403482],[2.10734921]
[3.31251805],[0.94420242],[2.07779288]
[3.27153729],[0.94328918],[2.05007985]
[3.21933764],[0.93973359],[2.01667487]
[3.16298356],[0.93516697],[1.98192449]
[3.11594674],[0.93164608],[1.94072699]
[3.06669479],[0.92802919],[1.9019035]
[3.00714199],[0.92107756],[1.85456543]
[2.94989572],[0.90511884],[1.78906745]
[2.89393913],[0.88764467],[1.72611385]
[0.],[0.],[0.]
[0.],[0.],[0.]
[0.8722715],[0.31142698],[0.24846707]
[1.52202577],[0.60378972],[0.61418733]
[1.62649495],[0.85108329],[0.90596022]
[1.81687322],[1.09557528],[1.53865104]
[1.99897768],[1.26130343],[1.90304258]
[2.11689777],[1.31362342],[2.18322439]
[2.37693906],[1.35125139],[2.5948352]
[2.44083968],[1.38085594],[2.6252627]
[2.59920229],[1.39949243],[2.64531394]
[2.64145689],[1.40281758],[2.57655664]
[2.87073483],[1.40156701],[2.71803149]
[2.97476405],[1.39434917],[2.62067124]
[3.03008753],[1.34635024],[2.62009543]
[3.12015493],[1.28937317],[2.50466011]
[3.16929836],[1.22862906],[2.51125973]
[3.28738986],[1.18713355],[2.45518987]
[3.307873],[1.14738145],[2.47350301]
[3.4281738],[1.119589],[2.43254647]
[3.43399399],[1.09186457],[2.41243179]
[3.5579351],[1.07024167],[2.41090603]
[3.55606299],[1.04726752],[2.40850519]
[3.61874198],[1.03033005],[2.40107883]
[3.6145147],[1.01243559],[2.42063408]
[3.65599952],[1.00319169],[2.40775861]
[3.64055732],[0.99475511],[2.4021607]
[3.67819977],[0.98965408],[2.39333961]
[3.63703253],[0.98541436],[2.38586853]
[3.66140717],[0.98199735],[2.38788857]
[3.61808689],[0.97740793],[2.37217693]
[3.64306987],[0.97394051],[2.36432676]
[3.63349042],[0.96834485],[2.37730721]
[3.63958208],[0.96650812],[2.3639748]
[3.61830834],[0.96263834],[2.36254125]
[3.6169333],[0.95974062],[2.33450753]
[3.59220106],[0.95905819],[2.31206516]
[3.56643969],[0.9575041],[2.30582923]
[3.55097393],[0.9565006],[2.30102493]
[3.54031044],[0.95754552],[2.30160338]
[3.53485421],[0.95863674],[2.30275669]
[3.52435244],[0.95795126],[2.30119875]
[3.5062166],[0.9587481],[2.29258448]
[3.49756059],[0.95940475],[2.2795734]
[3.48151859],[0.96000317],[2.25868031]
[3.43394312],[0.96090069],[2.22566243]
[3.38844346],[0.96161289],[2.19967474]
[3.34868404],[0.95987748],[2.1734786]
[3.30483161],[0.95613667],[2.14311664]
[3.25625874],[0.95153857],[2.10771473]
[3.2127753],[0.94799577],[2.06978803]
[3.16757667],[0.94406036],[2.03133863]
[3.11386594],[0.94044088],[1.98719222]
[3.0628637],[0.93547985],[1.93188576]
[3.01147413],[0.92652556],[1.8744567]
[0.],[0.],[0.]
[0.],[0.],[0.]
[0.83631068],[0.32243298],[0.22525925]
[1.48335063],[0.60019966],[0.56568899]
[1.58275891],[0.88660596],[0.88585047]
[1.71164375],[1.11856927],[1.58093423]
[1.9367372],[1.2608414],[1.9011923]
[2.18145519],[1.31206086],[2.11973564]
[2.46765726],[1.34761608],[2.35464512]
[2.52307687],[1.36964188],[2.34418648]
[2.64381272],[1.38215004],[2.51230036]
[2.78026215],[1.37231724],[2.46953742]
[2.98615854],[1.33096158],[2.53378648]
[3.12124524],[1.2869722],[2.43297234]
[3.15957131],[1.22594743],[2.46826663]
[3.27670833],[1.18858644],[2.43106516]
[3.30511539],[1.15395443],[2.47511691]
[3.41185792],[1.1248348],[2.43101211]
[3.41485424],[1.09726343],[2.40542927]
[3.54903077],[1.07697305],[2.41923115]
[3.56375805],[1.05105139],[2.43396672]
[3.65336361],[1.03734468],[2.45990425]
[3.65329382],[1.02479533],[2.48015623]
[3.69011225],[1.01459858],[2.49128601]
[3.68279274],[1.00298085],[2.52169274]
[3.71139187],[0.99875551],[2.51700199]
[3.70858457],[0.99432484],[2.51964543]
[3.73535826],[0.99048253],[2.51118163]
[3.7081613],[0.9863357],[2.50073458]
[3.720913],[0.98263639],[2.50450885]
[3.6903671],[0.97789823],[2.49469908]
[3.70545033],[0.9747501],[2.50005468]
[3.70515873],[0.96965894],[2.51823921]
[3.70228583],[0.9710778],[2.50636208]
[3.69039568],[0.97157166],[2.52266939]
[3.6801737],[0.97085827],[2.48809978]
[3.66366783],[0.97040847],[2.46611723]
[3.63422972],[0.97164274],[2.45967036]
[3.61989243],[0.97293175],[2.45243463]
[3.60908478],[0.97410407],[2.45201703]
[3.60356763],[0.97534586],[2.45287701]
[3.59344171],[0.97486071],[2.4518694]
[3.57515592],[0.97453996],[2.43811538]
[3.56512802],[0.97417582],[2.40558082]
[3.55199617],[0.97426449],[2.38279214]
[3.50743549],[0.97490407],[2.34692148]
[3.46123254],[0.97534568],[2.31467157]
[3.42011496],[0.97376794],[2.28062796]
[3.37570897],[0.97043574],[2.24431806]
[3.33117857],[0.96584644],[2.20899931]
[3.29969241],[0.96162858],[2.1748084]
[3.25725588],[0.95747599],[2.13703622]
[3.20739422],[0.95368949],[2.0960313]
[3.16092516],[0.95000461],[2.04738884]
[3.11603341],[0.94623559],[1.99321456]
[0.],[0.],[0.]
[0.],[0.],[0.]
[0.84341844],[0.35150948],[0.24295354]
[1.50224962],[0.60677145],[0.59128308]
[1.60106103],[0.98511514],[1.11538566]
[1.81555323],[1.2035866],[1.81456939]
[2.17100253],[1.30123255],[2.12794085]
[2.33071887],[1.35117448],[2.28062951]
[2.550515],[1.38360743],[2.4877156]
[2.59216682],[1.40350418],[2.52350897]
[2.77501938],[1.4089051],[2.6428189]
[2.9488687],[1.39055011],[2.62799003]
[3.12540449],[1.35170858],[2.67130221]
[3.29151468],[1.30715063],[2.58696718]
[3.31140538],[1.25051676],[2.63801618]
[3.41512097],[1.2106337],[2.59836708]
[3.41129589],[1.17056948],[2.58954191]
[3.52299575],[1.14071378],[2.55365406]
[3.52232403],[1.11206156],[2.53680486]
[3.63223427],[1.08951091],[2.55503109]
[3.64788134],[1.06370441],[2.5870272]
[3.71748239],[1.0511569],[2.61991416]
[3.72722446],[1.03926051],[2.65449055]
[3.75263914],[1.03925327],[2.6644405]
[3.75373845],[1.02017751],[2.68294377]
[3.77298416],[1.03338181],[2.67452674]
[3.77674331],[1.01181466],[2.66404916]
[3.79676062],[1.02376006],[2.66020151]
[3.77955915],[1.00487352],[2.64470957]
[3.78457554],[1.01644872],[2.65842389]
[3.76388076],[0.99702042],[2.64922047]
[3.77038631],[1.01117106],[2.64860101]
[3.78215748],[1.00013019],[2.70413128]
[3.77100923],[1.00843226],[2.66948976]
[3.77131644],[1.00085645],[2.71008747]
[3.75231468],[0.99915191],[2.66194678]
[3.74521084],[0.99878678],[2.64497107]
[3.71297148],[0.99886615],[2.64518724]
[3.69782307],[0.99999811],[2.63918445]
[3.68639925],[1.00099529],[2.64804198]
[3.67884673],[1.00201433],[2.65078944]
[3.66901988],[1.00489764],[2.65025919]
[3.64955412],[0.9970083],[2.63977763]
[3.64030216],[0.99555247],[2.60600128]
[3.62830455],[0.99540502],[2.54848992]
[3.58720801],[0.99504389],[2.47005305]
[3.54013466],[0.9940596],[2.42644514]
[3.49872322],[0.99104885],[2.39017775]
[3.45414609],[0.98695684],[2.35136647]
[3.411073],[0.98135537],[2.31090187]
[3.38116179],[0.97693599],[2.27535681]
[3.34323938],[0.97268587],[2.23841281]
[3.29434396],[0.96885475],[2.1970246]
[3.24938953],[0.96510705],[2.15039556]
[3.20894656],[0.9612653],[2.10054834]
[0.],[0.],[0.]
[0.],[0.],[0.]
[0.86099567],[0.37782649],[0.26966549]
[1.53315099],[0.62602094],[0.63519105]
[1.62825532],[1.06225683],[1.33866255]
[1.94664495],[1.25189296],[1.97132081]
[2.29233396],[1.33244478],[2.26618396]
[2.42968578],[1.38401615],[2.39679836]
[2.63583044],[1.41599257],[2.59024567]
[2.69041721],[1.43189284],[2.62847387]
[2.91280803],[1.43200772],[2.76412098]
[3.08539695],[1.41645546],[2.75542371]
[3.25308199],[1.37172321],[2.81860419]
[3.40024767],[1.31802266],[2.73722548]
[3.39261158],[1.260824],[2.77501292]
[3.49297128],[1.22306902],[2.71691069]
[3.49187958],[1.17939859],[2.69792018]
[3.59743539],[1.14985707],[2.67648683]
[3.60006844],[1.12215843],[2.69817139]
[3.69571922],[1.10152809],[2.73562751]
[3.71974355],[1.07715862],[2.78080928]
[3.78016949],[1.07231573],[2.80182884]
[3.7952457],[1.05653912],[2.81257736]
[3.8167737],[1.08951441],[2.82090948]
[3.8195515],[1.07206449],[2.85791277]
[3.83617303],[1.08519854],[2.87630791]
[3.84236571],[1.06091666],[2.8754178]
[3.86046665],[1.07564676],[2.88179738]
[3.84731255],[1.05392464],[2.85624986]
[3.84808722],[1.06864354],[2.8725451]
[3.83196038],[1.04834691],[2.85425955]
[3.83309324],[1.06316851],[2.86063638]
[3.85299106],[1.05226847],[2.91690447]
[3.83424526],[1.060524],[2.88662261]
[3.84348954],[1.05300124],[2.92733583]
[3.8161712],[1.05126742],[2.88112226]
[3.81661966],[1.05094509],[2.86525503]
[3.7800027],[1.05128477],[2.86465232]
[3.76449812],[1.05254792],[2.85872305]
[3.75318015],[1.05363279],[2.87138176]
[3.74548488],[1.05471132],[2.87635904]
[3.73533378],[1.05799836],[2.8771469]
[3.71455413],[1.05175424],[2.86896137]
[3.70369574],[1.04176478],[2.84203909]
[3.6934299],[1.0310263],[2.78577012]
[3.65481892],[1.01925614],[2.70197954]
[3.60811423],[1.01031024],[2.63757462]
[3.56640902],[1.00732905],[2.56716405]
[3.52406247],[1.00374398],[2.49713431]
[3.48100488],[0.99846089],[2.44413349]
[3.44990672],[0.99332226],[2.39375844]
[3.41704851],[0.9883598],[2.34964154]
[3.37229699],[0.98344191],[2.29904285]
[3.32584391],[0.9791782],[2.25902063]
[3.28778281],[0.97508376],[2.2092247]
[0.],[0.],[0.]
[0.],[0.],[0.]
[0.82405007],[0.38673218],[0.23609526]
[1.4751042],[0.58734508],[0.53480706]
[1.54507422],[1.11347581],[1.45974971]
[1.99107503],[1.26047026],[1.88306608]
[2.36235255],[1.3330904],[2.17096241]
[2.50371671],[1.38083287],[2.30053259]
[2.67956084],[1.38904985],[2.45328987]
[2.78389175],[1.38591328],[2.41567228]
[2.9864811],[1.36451213],[2.52608775]
[3.17350022],[1.30427093],[2.51076482]
[3.33491428],[1.25385299],[2.64581421]
[3.4722553],[1.2206369],[2.62062939]
[3.46372881],[1.18062806],[2.67050731]
[3.57234982],[1.1535399],[2.67159233]
[3.57939949],[1.12710122],[2.6835025]
[3.6760459],[1.10643771],[2.70409224]
[3.68401442],[1.08235875],[2.76355202]
[3.76141215],[1.06979031],[2.79584001]
[3.79295491],[1.05674065],[2.83012404]
[3.84512937],[1.0906049],[2.87085019]
[3.86251056],[1.08138138],[2.91931075]
[3.87705623],[1.11480441],[2.97072283]
[3.88702684],[1.1001845],[3.00346942]
[3.89541358],[1.11472665],[3.03137212]
[3.90726418],[1.09293695],[3.02485192]
[3.92260722],[1.10637961],[3.04100758]
[3.91698889],[1.08666945],[3.01343487]
[3.91067949],[1.09995164],[3.03404153]
[3.9017153],[1.08329582],[3.02065384]
[3.89555646],[1.09827133],[3.03015902]
[3.92440595],[1.09072591],[3.0754009]
[3.89743575],[1.09714174],[3.06048223]
[3.9173638],[1.09106054],[3.08610378]
[3.88055968],[1.09073429],[3.06159096]
[3.89064733],[1.09172974],[3.05218683]
[3.84982342],[1.09271961],[3.0501739]
[3.83335996],[1.09443606],[3.04710409]
[3.82236827],[1.0954138],[3.05596259]
[3.81390044],[1.09636799],[3.05803243]
[3.80415101],[1.09867678],[3.05414835]
[3.7828172],[1.09330594],[3.04286024]
[3.77076665],[1.08410424],[3.02198456]
[3.76200276],[1.07469648],[2.98232489]
[3.72660236],[1.0641444],[2.91622427]
[3.67972986],[1.0535228],[2.85569394]
[3.63786331],[1.04166584],[2.78325989]
[3.59813856],[1.03057139],[2.70782601]
[3.55578336],[1.01586744],[2.62631893]
[3.52431905],[1.00581161],[2.55765726]
[3.49215706],[1.00079046],[2.48063263]
[3.45106652],[0.99573709],[2.40803879]
[3.41284187],[0.99097379],[2.36064384]
[3.37119499],[0.98623017],[2.3080342]
[0.],[0.],[0.]
[0.],[0.],[0.]
[0.84643073],[0.41105406],[0.26882617]
[1.51072398],[0.6046229],[0.57905538]
[1.57584604],[1.16285075],[1.57992292]
[2.04562613],[1.2978579],[1.9457644]
[2.46491785],[1.3637128],[2.28675767]
[2.56562766],[1.40992466],[2.40959783]
[2.74971848],[1.4141515],[2.54959287]
[2.90707196],[1.40890898],[2.55510584]
[3.09054754],[1.37672935],[2.64812084]
[3.28660056],[1.31648069],[2.63555412]
[3.42755175],[1.2605652],[2.76718655]
[3.57197527],[1.22505209],[2.74916367]
[3.56459055],[1.18715649],[2.78351518]
[3.66432943],[1.16294889],[2.79954403]
[3.6749909],[1.13792283],[2.8344315]
[3.76264041],[1.11829312],[2.86880814]
[3.7764409],[1.09707673],[2.91129097]
[3.83967907],[1.0915764],[2.93820402]
[3.87904103],[1.09163446],[3.00247422]
[3.91785307],[1.12736518],[3.06331486]
[3.93654085],[1.11861411],[3.10243566]
[3.94472533],[1.14809409],[3.14293893]
[3.96199781],[1.13509801],[3.1733367]
[3.96273609],[1.14919308],[3.20200944]
[3.97897165],[1.12910558],[3.19827366]
[3.9876154],[1.13975502],[3.20954911]
[3.98918281],[1.12282428],[3.18688868]
[3.9740988],[1.13420611],[3.20049684]
[3.97383166],[1.12020652],[3.18792272]
[3.96173957],[1.13280172],[3.19702054]
[4.00358243],[1.12558638],[3.21853816]
[3.96768377],[1.13154272],[3.22160165]
[3.99978305],[1.12577089],[3.23614496]
[3.95332142],[1.12618825],[3.22201994]
[3.9729676],[1.1272127],[3.21327288]
[3.92737205],[1.12823146],[3.20681279]
[3.91088506],[1.12941989],[3.20354622]
[3.89806897],[1.13042638],[3.20641574]
[3.88541888],[1.13140824],[3.20661592]
[3.87401181],[1.13364887],[3.20080564]
[3.85359075],[1.12851522],[3.18550029]
[3.84256926],[1.11971626],[3.16288798]
[3.83501544],[1.11074545],[3.1278522]
[3.80436866],[1.10089141],[3.07194989]
[3.75938777],[1.09116998],[3.02043847]
[3.71698902],[1.08071212],[2.96668722]
[3.67979841],[1.06994383],[2.91011993]
[3.63844152],[1.05616526],[2.84382134]
[3.60748755],[1.04301586],[2.77921494]
[3.57557538],[1.02419592],[2.70467909]
[3.53446116],[1.00816686],[2.59839541]
[3.49985027],[1.00342234],[2.50958223]
[3.46232085],[0.99849512],[2.41612714]
[0.],[0.],[0.]
[0.],[0.],[0.]
[0.86667057],[0.43146309],[0.29741733]
[1.54222209],[0.6234765],[0.62002611]
[1.59122843],[1.17887744],[1.59813103]
[2.12470524],[1.316436],[2.0021118]
[2.55794001],[1.38712342],[2.38419862]
[2.67209161],[1.42568739],[2.51363507]
[2.88347999],[1.42947894],[2.66729249]
[3.0420835],[1.42363014],[2.68520887]
[3.20010981],[1.3936342],[2.78702999]
[3.41458774],[1.32894635],[2.7980985]
[3.51768268],[1.27340066],[2.90104464]
[3.66596726],[1.24046851],[2.88455876]
[3.66009103],[1.19808955],[2.92099092]
[3.75279355],[1.17224725],[2.95617379]
[3.76661945],[1.14759263],[3.01659483]
[3.84459279],[1.12807832],[3.0532547]
[3.85769961],[1.11942238],[3.11001371]
[3.91569649],[1.14210613],[3.1654801]
[3.96014392],[1.14016289],[3.21904386]
[3.98229847],[1.17128823],[3.25822953]
[4.00419144],[1.16526406],[3.30286125]
[4.00799155],[1.18799087],[3.3385492]
[4.03170957],[1.17808028],[3.36944121]
[4.02525572],[1.19104841],[3.38701815]
[4.04697209],[1.17308221],[3.38072295]
[4.04904385],[1.18187474],[3.3865754]
[4.05739111],[1.16630416],[3.36888025]
[4.03548556],[1.1771457],[3.37624196]
[4.04350323],[1.16417457],[3.36754103]
[4.02211628],[1.17578714],[3.37145776]
[4.07169253],[1.16942193],[3.39114632]
[4.02846053],[1.17482891],[3.39747525]
[4.07009923],[1.1697693],[3.40866583]
[4.01690953],[1.1698087],[3.39809725]
[4.04432152],[1.17088479],[3.39170601]
[3.99510771],[1.17195648],[3.38249844]
[3.97857339],[1.17319626],[3.37917898]
[3.96581896],[1.17425633],[3.38026359]
[3.95239265],[1.17529165],[3.37935499]
[3.94114293],[1.17750677],[3.37322393]
[3.91857284],[1.17307],[3.35386774]
[3.90528681],[1.16497217],[3.33097399]
[3.89871879],[1.15729792],[3.29775582]
[3.87100495],[1.14826021],[3.24321414]
[3.82600766],[1.13928363],[3.19297442]
[3.7839863],[1.12981762],[3.14336698]
[3.74931061],[1.1196862],[3.09319871]
[3.70749038],[1.1068858],[3.0373494]
[3.67579899],[1.09403963],[2.98601521]
[3.64445758],[1.07939914],[2.93034625]
[3.60303963],[1.04952662],[2.85123828]
[3.56867799],[1.02066312],[2.7851922]
[3.53890802],[1.00971901],[2.64981653]
[0.],[0.],[0.]
[0.],[0.],[0.]
[0.88063115],[0.45700512],[0.32141946]
[1.56650498],[0.64153218],[0.6557987]
[1.59202782],[1.18767099],[1.60392626]
[2.25274047],[1.32743737],[2.09117546]
[2.66052342],[1.40037486],[2.48143001]
[2.79594155],[1.43802386],[2.633576]
[3.02540693],[1.44307507],[2.79281846]
[3.18627285],[1.43437478],[2.82895801]
[3.33509816],[1.40534236],[2.94454826]
[3.52716953],[1.33912365],[2.93697527]
[3.62397225],[1.28676142],[3.01472653]
[3.76536027],[1.25361885],[2.9935083]
[3.75744115],[1.21058261],[3.05975439]
[3.84257152],[1.18356173],[3.1225428]
[3.85458587],[1.15367776],[3.19052276]
[3.92386968],[1.14632406],[3.2398898]
[3.94049292],[1.15758969],[3.28560838]
[3.99189017],[1.17537087],[3.32974588]
[4.03938394],[1.1774394],[3.3862076]
[4.05076509],[1.20432168],[3.42268537]
[4.0732128],[1.19970579],[3.46334051]
[4.07127667],[1.22092612],[3.49276425]
[4.10407254],[1.21386352],[3.52985826]
[4.09258886],[1.23114929],[3.5452499]
[4.12066167],[1.21180386],[3.54089833]
[4.11775748],[1.21742327],[3.55141265]
[4.13095616],[1.20185997],[3.5226214]
[4.10160147],[1.21186618],[3.52807278]
[4.11864774],[1.19915675],[3.51681878]
[4.09155195],[1.2097388],[3.51972343]
[4.14725531],[1.20337036],[3.5255269]
[4.0953465],[1.20811204],[3.54010307]
[4.14394657],[1.20343216],[3.54197512]
[4.08340645],[1.2034115],[3.54048393]
[4.11746475],[1.2045063],[3.5352461]
[4.06407305],[1.20560484],[3.52229658]
[4.04775404],[1.20687357],[3.52013544]
[4.03418049],[1.20847634],[3.51898823]
[4.0202294],[1.20953973],[3.51623724]
[4.00793621],[1.21172685],[3.50661808]
[3.98452104],[1.2076024],[3.48475873]
[3.97014421],[1.19968885],[3.46083968]
[3.9626772],[1.19168777],[3.42599567]
[3.93760473],[1.18293329],[3.37624878]
[3.89285824],[1.17405183],[3.32393044]
[3.85133147],[1.16497433],[3.27410439]
[3.81816875],[1.15582596],[3.22997696]
[3.77619403],[1.14351122],[3.17661582]
[3.74398897],[1.13069998],[3.12649515]
[3.71272366],[1.11794643],[3.07525828]
[3.67069762],[1.08938925],[3.00358665]
[3.63555655],[1.06111589],[2.94185932]
[3.60383936],[1.03025982],[2.85353569]
[0.],[0.],[0.]
[0.],[0.],[0.]
[0.81404148],[0.42781574],[0.24009061]
[1.44269039],[0.59836613],[0.51066359]
[1.57906701],[1.16899121],[1.43581737]
[2.36298109],[1.30412255],[1.97255145]
[2.75944156],[1.37046533],[2.37835221]
[2.90150618],[1.37551699],[2.43914505]
[3.12631665],[1.35231373],[2.5727028]
[3.29565742],[1.30209999],[2.5759615]
[3.42152671],[1.27028842],[2.73849773]
[3.60903845],[1.23437332],[2.8119304]
[3.71029579],[1.20484362],[2.88960257]
[3.85144561],[1.18495865],[2.94199825]
[3.84350569],[1.15454335],[3.08712391]
[3.92164656],[1.13332398],[3.21088142]
[3.93334489],[1.13724938],[3.27625937]
[3.99721396],[1.15787935],[3.33475259]
[4.02213023],[1.17381073],[3.39020201]
[4.06096448],[1.19042281],[3.43505541]
[4.11571841],[1.19863568],[3.50350974]
[4.12414662],[1.22565838],[3.55003347]
[4.15618456],[1.22797764],[3.6097778]
[4.1498591],[1.25444815],[3.66965417]
[4.18838789],[1.25427781],[3.72756745]
[4.16752437],[1.27517604],[3.77411784]
[4.20952519],[1.25623065],[3.78861497]
[4.23365925],[1.26629846],[3.80886807]
[4.25714073],[1.24675272],[3.79298437]
[4.24291955],[1.2561047],[3.77568962]
[4.24060849],[1.23786939],[3.74975883]
[4.20305823],[1.24699153],[3.72631906]
[4.23566517],[1.23880598],[3.71911002]
[4.17548587],[1.24372723],[3.71541751]
[4.21754281],[1.23917628],[3.71897272]
[4.15901242],[1.2379833],[3.70662243]
[4.18979035],[1.23854222],[3.70411403]
[4.13901959],[1.23931496],[3.68546256]
[4.12273085],[1.24022462],[3.68132348]
[4.10664819],[1.24098069],[3.67528455]
[4.09149393],[1.24173406],[3.67076981]
[4.07846801],[1.24354448],[3.65981231]
[4.05409024],[1.24001126],[3.63437459]
[4.03984263],[1.23217728],[3.60986209]
[4.0318078],[1.22440179],[3.57366963]
[3.99941744],[1.21576143],[3.5106986]
[3.95065594],[1.20704668],[3.4516927]
[3.90735115],[1.19803095],[3.39973802]
[3.87385537],[1.18885707],[3.35026076]
[3.82889134],[1.17743897],[3.29391687]
[3.79354451],[1.16484259],[3.24361088]
[3.76006081],[1.15153231],[3.19186108]
[3.71541306],[1.12617996],[3.12561154]
[3.67903917],[1.09860384],[3.06381824]
[3.64686671],[1.06856923],[2.99016717]
[0.],[0.],[0.]
[0.],[0.],[0.]
[0.82410168],[0.44382013],[0.2578314]
[1.44257794],[0.62720838],[0.55265438]
[1.69386806],[1.18673001],[1.4855985]
[2.51035136],[1.31747387],[2.11328595]
[2.88659749],[1.37250816],[2.5130315]
[3.0392585],[1.38304224],[2.59185903]
[3.22686365],[1.35360967],[2.70132283]
[3.40076351],[1.31156998],[2.70090934]
[3.50069014],[1.27996883],[2.85338932]
[3.70055918],[1.24433533],[2.94326183]
[3.80688207],[1.21465338],[3.00866188]
[3.93522422],[1.19386551],[3.11691703]
[3.93061219],[1.16365676],[3.28148394]
[4.00375716],[1.14684502],[3.39544291]
[4.01931519],[1.17331401],[3.4558284]
[4.0731101],[1.19216199],[3.50010732]
[4.10861552],[1.20813682],[3.5561479]
[4.14365194],[1.22491424],[3.61010134]
[4.20666738],[1.24111977],[3.69774462]
[4.21369101],[1.27447335],[3.7814716]
[4.23974763],[1.28238608],[3.86433576]
[4.23773],[1.30731269],[3.95217]
[4.29610006],[1.30477128],[4.04200789]
[4.32099438],[1.32403036],[4.0839723]
[4.3699124],[1.30690575],[4.11631674]
[4.40880242],[1.3160792],[4.18232712]
[4.41832597],[1.29740149],[4.12257555]
[4.42404082],[1.30621305],[4.12309524]
[4.40180403],[1.28824765],[4.0673315]
[4.38097123],[1.29652025],[4.03445964]
[4.39240333],[1.28639825],[4.02002109]
[4.35012361],[1.29025374],[3.99494539]
[4.35377649],[1.28125119],[3.98474048]
[4.29989554],[1.2772054],[3.93932384]
[4.30008636],[1.27427733],[3.9246397]
[4.24493465],[1.27130515],[3.87327997]
[4.20309809],[1.26834556],[3.84336496]
[4.17362386],[1.26633666],[3.81874933]
[4.14463166],[1.26576456],[3.79977222]
[4.12262246],[1.26655435],[3.78361344]
[4.10155284],[1.26262181],[3.75849096]
[4.08932432],[1.2543268],[3.72962808]
[4.08301464],[1.24638771],[3.68860276]
[4.06172433],[1.23728787],[3.6287257]
[4.0184943],[1.22825942],[3.56220983]
[3.9653034],[1.21968925],[3.49407217]
[3.93060653],[1.21048291],[3.44040266]
[3.88578416],[1.19878171],[3.38101596]
[3.84931843],[1.18673345],[3.32499373]
[3.81523338],[1.17384215],[3.27280181]
[3.77006277],[1.14892411],[3.20580905]
[3.73229226],[1.1219198],[3.14143688]
[3.69758726],[1.09422301],[3.07244596]
[0.],[0.],[0.]
[0.],[0.],[0.]
[0.82708021],[0.44653184],[0.26251506]
[1.437776],[0.63455525],[0.56150289]
[1.71760746],[1.19301666],[1.50572547]
[2.60752722],[1.32862081],[2.21499793]
[2.97314545],[1.38702293],[2.61915742]
[3.1530865],[1.40055963],[2.75972276]
[3.31742012],[1.38122797],[2.86691086]
[3.49806558],[1.33907047],[2.84013909]
[3.57559616],[1.29982391],[2.9844175]
[3.77519894],[1.26305619],[3.07322542]
[3.87390585],[1.23229659],[3.19602412]
[3.99799605],[1.20981142],[3.35481204]
[3.99141571],[1.17904152],[3.47264935]
[4.06080101],[1.19072998],[3.57315596]
[4.08092468],[1.21566071],[3.62416207]
[4.13798852],[1.24035138],[3.69260664]
[4.17905209],[1.26106943],[3.77130021]
[4.21223366],[1.28811587],[3.86997946]
[4.2721917],[1.30035041],[3.99445537]
[4.30770943],[1.33175377],[4.11023145]
[4.36321405],[1.3315512],[4.2603436]
[4.41524577],[1.35746527],[4.36808825]
[4.46226962],[1.35420038],[4.52017654]
[4.5026922],[1.37392201],[4.57859857]
[4.52687436],[1.35581605],[4.65292659]
[4.61266056],[1.36614595],[4.6587944]
[4.61912605],[1.34657443],[4.68451434]
[4.65496429],[1.35625681],[4.6207597]
[4.61427406],[1.3374926],[4.60576196]
[4.60315121],[1.34645304],[4.53774951]
[4.60511064],[1.33534523],[4.5233411]
[4.55734603],[1.33979671],[4.48434002]
[4.55138895],[1.3302384],[4.45978128]
[4.47954648],[1.326064],[4.39003455]
[4.47283454],[1.32329268],[4.36150154]
[4.41699886],[1.32050257],[4.2857135]
[4.3619093],[1.31748683],[4.23387607]
[4.32875118],[1.3146472],[4.18593222]
[4.29669737],[1.31179292],[4.14019009]
[4.26782005],[1.30987523],[4.08931931]
[4.22813443],[1.30268583],[4.01684797]
[4.19642118],[1.28854739],[3.94816241]
[4.17330958],[1.27638126],[3.88211006]
[4.14111782],[1.26351378],[3.80065842]
[4.08906706],[1.25151549],[3.71910344]
[4.03387688],[1.24179777],[3.64075614]
[3.98393522],[1.2337344],[3.56773562]
[3.92817833],[1.22343818],[3.49539766]
[3.89143976],[1.21330563],[3.43238344]
[3.85683718],[1.20341672],[3.37818071]
[3.81128248],[1.18283855],[3.31492778]
[3.77305469],[1.15808074],[3.25196288]
[3.73787573],[1.13023651],[3.18052866]
[0.],[0.],[0.]
[0.],[0.],[0.]
[0.83606095],[0.45381945],[0.2750371]
[1.45890614],[0.64827733],[0.5894138]
[1.73427969],[1.1995783],[1.52753251]
[2.67939329],[1.33833315],[2.28734857]
[3.00098516],[1.39807959],[2.68643196]
[3.17636991],[1.4131565],[2.8527822]
[3.35512414],[1.3973037],[2.98864151]
[3.54957525],[1.36071249],[2.96736672]
[3.63573592],[1.31738567],[3.0797386]
[3.8286472],[1.27879967],[3.15296994]
[3.92013287],[1.24652413],[3.31400051]
[4.04048241],[1.22252639],[3.45325705]
[4.03202244],[1.19408501],[3.57382112]
[4.10586877],[1.22443357],[3.6925192]
[4.12677672],[1.2600449],[3.77346839]
[4.18199483],[1.29134697],[3.87642736]
[4.22218335],[1.30878859],[3.98952736]
[4.27604531],[1.33611737],[4.12339626]
[4.36371942],[1.34353327],[4.31937202]
[4.41586479],[1.37545184],[4.45968431]
[4.46379108],[1.37426347],[4.61093058]
[4.52727581],[1.40041111],[4.78729053]
[4.56707491],[1.3984013],[4.93458926]
[4.6322013],[1.4184909],[4.98501768]
[4.69557257],[1.40176628],[5.08212397]
[4.77382013],[1.41070128],[5.0924027]
[4.76370275],[1.39259295],[5.13784433]
[4.79495819],[1.40086854],[5.06320279]
[4.75918534],[1.38320487],[5.04939357]
[4.75737585],[1.39114856],[4.96127405]
[4.74534076],[1.38049179],[4.9595578]
[4.72519665],[1.38438856],[4.90636234]
[4.69895455],[1.37570166],[4.87080849]
[4.66687395],[1.37174186],[4.81237143]
[4.63907923],[1.36894743],[4.77205956]
[4.60509228],[1.36614121],[4.70394687]
[4.53938843],[1.36311917],[4.64817171]
[4.50052445],[1.36026629],[4.60010275]
[4.4604173],[1.35748324],[4.55503333]
[4.42198853],[1.35566235],[4.50344491]
[4.36630958],[1.34863546],[4.42808988]
[4.31969036],[1.33528212],[4.35603078]
[4.28031226],[1.3213492],[4.26670727]
[4.23882165],[1.30616526],[4.10716899]
[4.18443256],[1.29360107],[3.94729236]
[4.11893549],[1.28002949],[3.83865835]
[4.06638097],[1.267453],[3.7512356]
[3.99109973],[1.25071],[3.64024322]
[3.9201742],[1.23456319],[3.5353143]
[3.88249352],[1.2216464],[3.45276279]
[3.83705047],[1.19963183],[3.3786842]
[3.79885415],[1.17668823],[3.31617516]
[3.76359099],[1.15075069],[3.24837745]
[0.],[0.],[0.]
[0.],[0.],[0.]
[0.76695463],[0.3604437],[0.15710587]
[1.10606823],[0.54740524],[0.29959645]
[1.70458372],[1.14799521],[1.32482326]
[2.71651595],[1.27688436],[1.97740984]
[3.00935007],[1.32543853],[2.46483605]
[3.18767559],[1.29887228],[2.50181407]
[3.37332415],[1.24908041],[2.70850357]
[3.57561965],[1.24428025],[2.8075721]
[3.66429333],[1.22983009],[2.91374289]
[3.85664913],[1.20574043],[3.0324441]
[3.94448813],[1.18672818],[3.23190904]
[4.08090865],[1.1747917],[3.40876443]
[4.07180655],[1.19702527],[3.5610154]
[4.14174955],[1.23018731],[3.71356887]
[4.16532214],[1.26927646],[3.82987096]
[4.23301096],[1.30270782],[3.96583758]
[4.30925938],[1.32237277],[4.13551338]
[4.36408991],[1.35149177],[4.30714988]
[4.44640245],[1.35701646],[4.49908152]
[4.51111521],[1.38947141],[4.67198305]
[4.55148301],[1.38921056],[4.84436579]
[4.62677623],[1.41749597],[5.00417747]
[4.68004777],[1.42128918],[5.16655436]
[4.78540045],[1.44170746],[5.24793452]
[4.8158854],[1.42955252],[5.35791962]
[4.88183954],[1.43758916],[5.40923487]
[4.86245852],[1.42093813],[5.46426684]
[4.89286493],[1.42803638],[5.40320015]
[4.85755968],[1.41187694],[5.37851068]
[4.86315687],[1.42086141],[5.3035712]
[4.83678656],[1.41196088],[5.29285381]
[4.82842917],[1.41521634],[5.23094118]
[4.79316166],[1.40703993],[5.19834712]
[4.77865328],[1.40314476],[5.11696254]
[4.74147417],[1.40026218],[5.07489635]
[4.72634845],[1.39741196],[5.00036863]
[4.66803603],[1.39437311],[4.9365715]
[4.63647224],[1.39150004],[4.87667155]
[4.60389436],[1.38878197],[4.82303645]
[4.57027599],[1.38699685],[4.75952031]
[4.5257094],[1.3804917],[4.69017758]
[4.48508553],[1.3658446],[4.6170005]
[4.4498111],[1.35177955],[4.53133051]
[4.40041772],[1.33645653],[4.40080669]
[4.27084453],[1.32379559],[4.19642577]
[4.20154188],[1.31053842],[4.02744417]
[4.13732949],[1.29654929],[3.89910968]
[4.07369224],[1.27944816],[3.78925152]
[4.00935445],[1.26246754],[3.67427941]
[3.9346793],[1.24477061],[3.55599263]
[3.86592253],[1.21637441],[3.45369814]
[3.82256649],[1.19119962],[3.37282439]
[3.78708117],[1.16407468],[3.29654166]
[0.],[0.],[0.]
[0.],[0.],[0.]
[0.77548922],[0.37935484],[0.17545559]
[1.17899443],[0.56861427],[0.33176894]
[1.84816314],[1.17342892],[1.43019269]
[2.78843618],[1.29565558],[2.0954605]
[3.01983683],[1.33964487],[2.56915661]
[3.22186799],[1.32614151],[2.60124929]
[3.39306802],[1.2704332],[2.77878476]
[3.61034938],[1.26366398],[2.88668591]
[3.68544368],[1.2456428],[2.97788667]
[3.88449842],[1.22225028],[3.11662713]
[3.98454244],[1.20405835],[3.32563739]
[4.12666551],[1.19379349],[3.52840326]
[4.13066498],[1.22757386],[3.69826397]
[4.20391998],[1.26175053],[3.85822733]
[4.2603819],[1.29889013],[4.00694758]
[4.34045138],[1.33071363],[4.15295504]
[4.41234139],[1.34659871],[4.35987471]
[4.47717659],[1.37746754],[4.5403406]
[4.54781109],[1.38072564],[4.72511265]
[4.62833526],[1.41392461],[4.93100655]
[4.65847549],[1.42116509],[5.09723999]
[4.77835297],[1.44169303],[5.26382267]
[4.83061435],[1.45762216],[5.42513584]
[4.92095656],[1.46619714],[5.53080355]
[4.92263775],[1.46152952],[5.65556202]
[4.98098331],[1.46126468],[5.71798123]
[4.95029906],[1.44932919],[5.75232587]
[4.97826024],[1.45174255],[5.70793399]
[4.93565354],[1.43856229],[5.67423991]
[4.94815854],[1.4442145],[5.61384704]
[4.91418316],[1.43579108],[5.58972014]
[4.911335],[1.43866721],[5.54335837]
[4.86976429],[1.43092003],[5.49929687]
[4.86549713],[1.42713037],[5.42836629]
[4.82364874],[1.4242709],[5.38283146]
[4.81758185],[1.42146962],[5.30398564]
[4.75843259],[1.41848563],[5.22370559]
[4.73136219],[1.41566246],[5.15915974]
[4.70283654],[1.41280812],[5.09669979]
[4.67361549],[1.4107906],[5.01989537]
[4.63471722],[1.40471725],[4.92705709]
[4.60199088],[1.39052476],[4.84912389]
[4.57259144],[1.37491222],[4.76130005]
[4.53465426],[1.35904744],[4.62166651]
[4.45043046],[1.34517488],[4.45794651]
[4.30337861],[1.33216522],[4.24445031]
[4.22508315],[1.31776859],[4.07090934]
[4.15013476],[1.30090684],[3.92027757]
[4.08899331],[1.28325457],[3.80094832]
[4.03320802],[1.26495187],[3.68576574]
[3.94697881],[1.23496109],[3.55207444]
[3.88070992],[1.20553588],[3.45196547]
[3.82248648],[1.17330384],[3.35591563]
[0.],[0.],[0.]
[0.],[0.],[0.]
[0.78601449],[0.39104066],[0.19321461]
[1.23187775],[0.57935799],[0.36427941]
[1.88367786],[1.17851702],[1.46903101]
[2.84375749],[1.30722078],[2.19018453]
[3.03207379],[1.35342111],[2.63713605]
[3.24142148],[1.3545804],[2.69306315]
[3.42422134],[1.29315281],[2.88447917]
[3.65170232],[1.28417162],[3.02394384]
[3.73034069],[1.26456842],[3.15202917]
[3.94447796],[1.24129362],[3.32346568]
[4.05340036],[1.2245485],[3.51741465]
[4.20806984],[1.23313019],[3.72860127]
[4.22698763],[1.26787198],[3.89427801]
[4.31379593],[1.30113242],[4.07078851]
[4.38044283],[1.33347564],[4.2717806]
[4.44813287],[1.36647202],[4.45593351]
[4.51588058],[1.37491972],[4.65061636]
[4.5910192],[1.40693737],[4.84489022]
[4.64938095],[1.42054243],[5.04808192]
[4.74352157],[1.44179951],[5.23033946]
[4.80312487],[1.45996067],[5.41358426]
[4.92330105],[1.48093187],[5.57003228]
[4.94754181],[1.50189131],[5.77904948]
[5.02909731],[1.51031506],[5.91558435]
[5.02095817],[1.50587823],[6.01037108]
[5.0817239],[1.49876838],[6.07013754]
[5.03571624],[1.49414118],[6.07937507]
[5.06331684],[1.48886287],[6.05037466]
[5.01607764],[1.48342633],[6.00739137]
[5.04751584],[1.48125168],[5.96192223]
[4.99307452],[1.46419377],[5.92297428]
[4.99175775],[1.47042531],[5.88596952]
[4.94302019],[1.46544683],[5.83240265]
[4.94039934],[1.46118419],[5.77604413]
[4.89599122],[1.45613405],[5.72302386]
[4.8946352],[1.44997209],[5.66262051]
[4.84094619],[1.4456612],[5.58725005]
[4.81349613],[1.44267433],[5.53223166]
[4.78811559],[1.43991331],[5.47051181]
[4.76150734],[1.43794972],[5.39104307]
[4.72932092],[1.43097441],[5.28709549]
[4.69968186],[1.41736284],[5.18422763]
[4.67158942],[1.40214606],[5.07587452]
[4.63819771],[1.38554538],[4.93005525]
[4.5727396],[1.37111254],[4.72030892]
[4.46439833],[1.35796976],[4.54255792]
[4.31249312],[1.34340083],[4.33329433]
[4.22866453],[1.32704058],[4.13121636]
[4.16222048],[1.30930076],[3.98385319]
[4.10107808],[1.29122618],[3.84545299]
[4.03540065],[1.26088356],[3.71269401]
[3.9573974],[1.2315133],[3.58239439]
[3.89272148],[1.19990669],[3.47320155]
[0.],[0.],[0.]
[0.],[0.],[0.]
[0.79700039],[0.39892794],[0.20956183]
[1.26081743],[0.58878567],[0.40753837]
[1.92662208],[1.18148524],[1.50962801]
[2.89089683],[1.31500937],[2.28656634]
[3.03896661],[1.36474785],[2.68298808]
[3.25073573],[1.3710848],[2.75541899]
[3.45080491],[1.3145672],[2.96235026]
[3.69133074],[1.30153037],[3.1347021]
[3.77462418],[1.28216157],[3.30006537]
[3.99109759],[1.2533981],[3.53659554]
[4.12386372],[1.24179769],[3.7836948]
[4.30601798],[1.27749769],[3.99757509]
[4.3511396],[1.30123136],[4.16645088]
[4.44215452],[1.33058689],[4.3407074]
[4.5036596],[1.36048813],[4.52268923]
[4.57419747],[1.3964329],[4.70886328]
[4.62803024],[1.40961682],[4.90524415]
[4.7158348],[1.43455529],[5.13453289]
[4.76090754],[1.4579659],[5.32557306]
[4.91457544],[1.47797013],[5.52261908]
[4.94658374],[1.4954588],[5.69051117]
[5.04914187],[1.51772886],[5.89089743]
[5.05218037],[1.53952448],[6.10367842]
[5.12701706],[1.54496125],[6.23283568]
[5.10645727],[1.54094157],[6.30650284]
[5.24355514],[1.53415158],[6.37685893]
[5.11640876],[1.52941171],[6.3648326]
[5.36296459],[1.52416978],[6.42523974]
[5.12448707],[1.51839209],[6.31293812]
[5.38036012],[1.51657878],[6.34698412]
[5.23391999],[1.50019753],[6.24668382]
[5.28446748],[1.50672552],[6.23891121]
[5.06463988],[1.50195613],[6.12960766]
[5.14162447],[1.49783833],[6.09048492]
[4.97616308],[1.49459089],[6.01274348]
[4.99562631],[1.48876525],[5.96770991]
[4.9102551],[1.48457058],[5.88162647]
[4.88747245],[1.47987144],[5.82563322]
[4.8643017],[1.47427029],[5.76596123]
[4.84029579],[1.46547597],[5.68981979]
[4.81044474],[1.45827908],[5.59040284]
[4.78354252],[1.44420231],[5.48370773]
[4.75654082],[1.42918819],[5.37356789]
[4.72537879],[1.41255545],[5.21438922]
[4.67368189],[1.39734517],[4.99076395]
[4.59272854],[1.38222786],[4.76762649]
[4.48247651],[1.36760159],[4.58647801]
[4.3161842],[1.35129172],[4.34795426]
[4.24643691],[1.33300726],[4.15381594]
[4.18186029],[1.31343846],[4.0020845]
[4.10764151],[1.28317281],[3.84398002]
[4.04863417],[1.25367524],[3.71364644]
[3.97332836],[1.22193449],[3.58119598]
[0.],[0.],[0.]
[0.],[0.],[0.]
[0.56552367],[0.25893388],[0.07217669]
[0.59362646],[0.41586365],[0.12109482]
[1.90748446],[1.12026506],[1.19414842]
[2.90308022],[1.23479517],[1.88792403]
[3.04279586],[1.22682161],[2.36573191]
[3.26051698],[1.2131853],[2.51563846]
[3.47637794],[1.19211887],[2.76898504]
[3.70774018],[1.20952313],[3.01750248]
[3.80152089],[1.21410089],[3.24632213]
[4.05037696],[1.20389705],[3.57026898]
[4.20164989],[1.2144804],[3.85979462]
[4.39017329],[1.27116369],[4.09663422]
[4.4510009],[1.30526039],[4.31655846]
[4.52872275],[1.33594653],[4.53478422]
[4.59607908],[1.37107758],[4.74850559]
[4.67595751],[1.40750784],[4.93776086]
[4.72561155],[1.42515845],[5.14337718]
[4.82766324],[1.44897899],[5.35283343]
[4.91406248],[1.4757955],[5.55994414]
[5.04893657],[1.49540227],[5.74888424]
[5.05645512],[1.51738449],[5.94850909]
[5.14764704],[1.54281606],[6.19798218]
[5.13854943],[1.56925122],[6.38440509]
[5.20594251],[1.57624245],[6.51616066]
[5.16942243],[1.57204691],[6.57169392]
[5.50372722],[1.5637743],[6.75374607]
[5.38868579],[1.55905113],[6.6977096]
[5.57975864],[1.55598053],[6.82890706]
[5.46948291],[1.55138808],[6.69183359]
[5.5870337],[1.54952972],[6.75343888]
[5.52447616],[1.5343686],[6.64765549]
[5.51311288],[1.54273608],[6.64617802]
[5.4042718],[1.53823999],[6.50864981]
[5.40561766],[1.53432589],[6.48836237]
[5.27019688],[1.5297712],[6.35145431]
[5.29481723],[1.52428161],[6.33207466]
[5.12137195],[1.52028516],[6.19355683]
[5.04226435],[1.51561772],[6.12677349]
[4.97681561],[1.51034762],[6.06022101]
[4.94342539],[1.50253512],[5.98234288]
[4.9052562],[1.48356299],[5.88417505]
[4.87016834],[1.4686567],[5.7765414]
[4.83570949],[1.45408889],[5.66145287]
[4.79588757],[1.43804024],[5.51183953]
[4.75452214],[1.42275882],[5.29407901]
[4.69427825],[1.40645842],[5.0564038]
[4.61416271],[1.39063202],[4.81892125]
[4.4936027],[1.37442818],[4.61268924]
[4.34141654],[1.35610032],[4.38618599]
[4.27329505],[1.33602575],[4.18728383]
[4.1947807],[1.30629394],[4.0175626]
[4.12585237],[1.27720885],[3.86449025]
[4.06784455],[1.24612581],[3.71971398]
[0.],[0.],[0.]
[0.],[0.],[0.]
[0.65901856],[0.27717461],[0.09017964]
[0.66888562],[0.44609622],[0.14651047]
[2.04734973],[1.14711417],[1.35196369]
[2.95721138],[1.25081074],[1.97298554]
[3.06748195],[1.24132251],[2.45091262]
[3.29561802],[1.22754121],[2.61076402]
[3.53576672],[1.22042808],[2.90737595]
[3.77118291],[1.23332455],[3.14850478]
[3.86623558],[1.23638454],[3.4386886]
[4.12832208],[1.22549929],[3.75625667]
[4.29114174],[1.2634523],[4.05876846]
[4.49571887],[1.31761273],[4.31863067]
[4.56258349],[1.35028469],[4.56469621]
[4.62663474],[1.38027812],[4.7705579]
[4.69411963],[1.41426627],[5.01417252]
[4.78497758],[1.43804341],[5.25251121]
[4.82939756],[1.46230708],[5.4507794]
[4.98666914],[1.48480031],[5.67883843]
[5.04896556],[1.51049347],[5.8603912]
[5.17003239],[1.53076058],[6.06198815]
[5.16022681],[1.55717413],[6.3000506]
[5.23897489],[1.58151765],[6.53188249]
[5.21465492],[1.60717552],[6.68655252]
[5.4732814],[1.61372976],[6.87060666]
[5.43405614],[1.61028222],[6.91716236]
[5.68644153],[1.60203633],[7.17657511]
[5.63820072],[1.59500356],[7.13857538]
[5.72539473],[1.58955363],[7.27083158]
[5.66362642],[1.58492844],[7.13180554]
[5.72202347],[1.58254195],[7.18843833]
[5.70238313],[1.56842031],[7.08339691]
[5.66579459],[1.57510398],[7.06700659]
[5.60741395],[1.57079894],[6.92732534]
[5.57894904],[1.56698342],[6.90333689]
[5.50418634],[1.56262424],[6.75721968]
[5.48911988],[1.55745361],[6.73284133]
[5.39496222],[1.55354],[6.5848412]
[5.33247152],[1.54902767],[6.49859182]
[5.27711624],[1.5437778],[6.4082884]
[5.21534212],[1.53582952],[6.31145873]
[5.14188413],[1.51716719],[6.19702469]
[5.06972357],[1.49760239],[6.07926781]
[4.99178934],[1.47587045],[5.95405482]
[4.9238803],[1.46027083],[5.79951733]
[4.86450211],[1.44540259],[5.58565207]
[4.77841709],[1.42826855],[5.33463272]
[4.70828004],[1.4112574],[5.08404632]
[4.62096399],[1.39446372],[4.8201718]
[4.51377006],[1.37618453],[4.62821245]
[4.38853102],[1.3550807],[4.41478224]
[4.28681398],[1.32575188],[4.18795737]
[4.21794296],[1.29690496],[4.02746386]
[4.14945507],[1.26633123],[3.86223317]
[0.],[0.],[0.]
[0.],[0.],[0.]
[0.69455466],[0.27867621],[0.09557101]
[0.7354252],[0.45849164],[0.16560914]
[2.12979744],[1.15294689],[1.44180284]
[2.97345516],[1.28125973],[2.13765685]
[3.09556828],[1.29618545],[2.58753215]
[3.34865051],[1.27046416],[2.74891352]
[3.59521661],[1.25605825],[3.06027666]
[3.83834231],[1.26060819],[3.31137563]
[3.9403344],[1.26077702],[3.66784454]
[4.1944433],[1.25742523],[3.97895841]
[4.36363016],[1.32352596],[4.2984186]
[4.57283845],[1.37094367],[4.57466334]
[4.6517039],[1.40075472],[4.82520806]
[4.73003867],[1.43022546],[5.05812455]
[4.79487826],[1.46219191],[5.33381902]
[4.89135029],[1.48309881],[5.57324513]
[4.97580451],[1.50435912],[5.78140347]
[5.12378891],[1.52470752],[5.99042163]
[5.15864067],[1.55129537],[6.19901872]
[5.26512229],[1.57440752],[6.46603082]
[5.24819534],[1.60186449],[6.66907776]
[5.36020919],[1.62387504],[6.88936283]
[5.32736169],[1.6469189],[7.03302415]
[5.69795375],[1.65330249],[7.36461463]
[5.69747471],[1.6514858],[7.43093721]
[5.83526107],[1.64594228],[7.73817932]
[5.81752449],[1.63868903],[7.72186134]
[5.87720397],[1.6332812],[7.82806173]
[5.88905323],[1.62640923],[7.73406988]
[5.92141844],[1.62190647],[7.75576693]
[6.03684615],[1.60709651],[7.69601771]
[5.89633894],[1.61109003],[7.6117862]
[5.87988858],[1.60705897],[7.51080214]
[5.77985613],[1.60347678],[7.42899909]
[5.74777382],[1.59942768],[7.31560643]
[5.67022116],[1.59459898],[7.25101152]
[5.6127146],[1.590969],[7.11390786]
[5.52512698],[1.58680252],[7.00569578]
[5.47785193],[1.58184182],[6.8959582]
[5.4317619],[1.57408221],[6.77439945]
[5.37594566],[1.55588359],[6.6395225]
[5.32242096],[1.53970492],[6.51176847]
[5.26559076],[1.51908792],[6.37312244]
[5.2000298],[1.49827871],[6.20929607]
[5.06592971],[1.47422716],[5.98234347]
[4.92174743],[1.45328186],[5.70841559]
[4.79722435],[1.43627316],[5.42260325]
[4.7227577],[1.41750181],[5.15501016]
[4.64066419],[1.40016945],[4.89225683]
[4.53936681],[1.37958751],[4.69620377]
[4.40013755],[1.35344682],[4.48037521]
[4.30528574],[1.32678618],[4.27397054]
[4.23531667],[1.29871638],[4.10413712]
[0.],[0.],[0.]
[0.],[0.],[0.]
[0.7539979],[0.29138689],[0.11317073]
[0.89689245],[0.48853194],[0.21554975]
[2.20830686],[1.16136939],[1.57282431]
[2.99431682],[1.30268383],[2.29778795]
[3.14777097],[1.35513865],[2.73756574]
[3.40997306],[1.31948726],[2.88292598]
[3.65443424],[1.29254426],[3.19788802]
[3.90068342],[1.29066469],[3.4819436]
[4.01412718],[1.28726793],[3.85342184]
[4.25983653],[1.31115315],[4.17156432]
[4.45086257],[1.37215306],[4.50967804]
[4.63464795],[1.41667979],[4.77703858]
[4.73061576],[1.44414602],[5.03685687]
[4.81669482],[1.47243341],[5.29968752]
[4.87713241],[1.50419957],[5.59244952]
[5.02157705],[1.52333971],[5.84286193]
[5.10809127],[1.54522184],[6.06866936]
[5.23647588],[1.56512403],[6.29326662]
[5.25629001],[1.59021683],[6.56198005]
[5.34821996],[1.61471028],[6.81284473]
[5.32511296],[1.64267648],[7.00132485]
[5.64140458],[1.66589504],[7.29424614]
[5.64871907],[1.68674723],[7.46528115]
[5.85533651],[1.69412818],[7.87862564]
[5.87280495],[1.69295697],[8.012523]
[5.96831444],[1.68615716],[8.30118268]
[6.08010426],[1.67832168],[8.406209]
[6.17374041],[1.67327002],[8.52278696]
[6.22932086],[1.66735268],[8.47525289]
[6.29103984],[1.66258457],[8.4893382]
[6.35622022],[1.64802647],[8.42576447]
[6.29835517],[1.65074899],[8.30659157]
[6.25452111],[1.64424303],[8.1979689]
[6.13851646],[1.63853966],[8.05191071]
[6.10744367],[1.63424087],[7.96441323]
[5.97869182],[1.62980753],[7.84652929]
[5.93895942],[1.6262386],[7.73439032]
[5.80433939],[1.62228862],[7.59453393]
[5.74485975],[1.61750289],[7.46909798]
[5.6786986],[1.60966439],[7.33100116]
[5.60477418],[1.59254595],[7.17301516]
[5.54266566],[1.5758444],[7.02561232]
[5.47942118],[1.55658518],[6.87469426]
[5.40119253],[1.53714472],[6.67759061]
[5.30033222],[1.51491483],[6.43722059]
[5.18161155],[1.48835524],[6.11793299]
[4.9441802],[1.46889655],[5.79964492]
[4.81000959],[1.45126132],[5.50601031]
[4.75108742],[1.43286736],[5.27201035]
[4.67876345],[1.41179487],[5.01607031]
[4.58656509],[1.38583144],[4.79951189]
[4.4791187],[1.35956417],[4.60789888]
[4.36901888],[1.33203544],[4.39445903]
[0.],[0.],[0.]
[0.],[0.],[0.]
[0.30223273],[0.15824731],[0.02336162]
[0.25393919],[0.2363362],[0.02860094]
[2.17248772],[1.10425278],[1.20921866]
[3.00409774],[1.1854253],[2.01764307]
[3.1828823],[1.21509585],[2.53852089]
[3.45715763],[1.21295187],[2.76258465]
[3.70571584],[1.21901054],[3.10714748]
[3.94393479],[1.2314176],[3.43660311]
[4.06705986],[1.24587179],[3.85411152]
[4.30818718],[1.30014968],[4.20633342]
[4.52015434],[1.36559093],[4.59266492]
[4.69090721],[1.41976586],[4.86450758]
[4.80052024],[1.45437988],[5.14063491]
[4.89643171],[1.48257382],[5.45841111]
[4.97920459],[1.51673914],[5.76635423]
[5.13992125],[1.5381221],[6.05066177]
[5.19900209],[1.56198747],[6.28877559]
[5.31214088],[1.58481476],[6.59646857]
[5.32632706],[1.61186232],[6.8354938]
[5.52688488],[1.63806551],[7.11082203]
[5.515255],[1.66671042],[7.2842115]
[5.8164604],[1.69327732],[7.70680767]
[5.84637285],[1.71432953],[7.92727234]
[5.96892948],[1.72251235],[8.33955521]
[6.03550627],[1.72324185],[8.54302636]
[6.24173097],[1.72576702],[8.88301518]
[6.38159533],[1.72308236],[9.10153901]
[6.45905853],[1.71453482],[9.259842]
[6.4709377],[1.70385583],[9.22993201]
[6.52019211],[1.6990809],[9.24405316]
[6.54608515],[1.68621794],[9.18250356]
[6.5650355],[1.68754415],[9.07252642]
[6.49448336],[1.68199671],[8.93195285]
[6.42448269],[1.67550589],[8.76994889]
[6.36763821],[1.66910195],[8.66543721]
[6.29491401],[1.66331903],[8.51952179]
[6.24010066],[1.65905704],[8.41195943]
[6.15647229],[1.65626737],[8.27224812]
[6.07846141],[1.65337102],[8.14285479]
[6.00568692],[1.64715619],[8.01044974]
[5.91365978],[1.6333043],[7.86625783]
[5.82601202],[1.61806254],[7.72549989]
[5.75299736],[1.60038826],[7.56986492]
[5.69332583],[1.58259341],[7.37949869]
[5.57968514],[1.56446326],[7.13358958]
[5.45429923],[1.53963322],[6.77631217]
[5.29910824],[1.5116647],[6.38102734]
[5.0672716],[1.48579184],[5.9946443]
[4.89015596],[1.46635052],[5.68119928]
[4.81493257],[1.44218423],[5.44883048]
[4.7448372],[1.41702941],[5.19282578]
[4.67270862],[1.39132637],[4.92960825]
[4.58331998],[1.36489917],[4.7429066]
[0.],[0.],[0.]
[0.],[0.],[0.]
[0.37990227],[0.17549931],[0.03266979]
[0.38472591],[0.31671359],[0.05890823]
[2.2916336],[1.13010376],[1.40160662]
[3.02076301],[1.25442031],[2.19206519]
[3.2357098],[1.26754951],[2.67708753]
[3.54590695],[1.2564874],[2.9225926]
[3.7887556],[1.25662476],[3.28610683]
[4.00376485],[1.2607142],[3.59793933]
[4.13484098],[1.27675341],[4.03778865]
[4.39786257],[1.35083568],[4.42242438]
[4.58687398],[1.41063204],[4.7940587]
[4.75762696],[1.45908376],[5.05139866]
[4.86652956],[1.49292057],[5.34065236]
[4.97672685],[1.52312858],[5.69786759]
[5.0888694],[1.55968092],[6.04245008]
[5.23030692],[1.57979969],[6.31975554]
[5.27221214],[1.60046612],[6.62656509]
[5.37220294],[1.62129554],[6.91666468]
[5.37438201],[1.6511153],[7.14204284]
[5.73212073],[1.67748867],[7.49481715]
[5.78456533],[1.70610144],[7.70623475]
[5.94985158],[1.72769213],[8.16122894]
[5.99148437],[1.74390682],[8.42077115]
[6.11021668],[1.75215889],[8.83059405]
[6.34937215],[1.75622725],[9.17587513]
[6.52300361],[1.80312193],[9.5543183]
[6.58387093],[1.80587675],[9.81587115]
[6.67335204],[1.80081565],[9.99294886]
[6.65201434],[1.78190846],[9.97503276]
[6.77678295],[1.76676558],[10.04020557]
[6.77882536],[1.74823672],[9.99075306]
[6.89098616],[1.73668271],[9.94979575]
[6.79708092],[1.72010258],[9.7989418]
[6.76693423],[1.71664108],[9.67554785]
[6.64427938],[1.71296111],[9.52844293]
[6.61271205],[1.70898912],[9.42727191]
[6.5056504],[1.70544583],[9.29739333]
[6.47782161],[1.70143262],[9.19261937]
[6.38989672],[1.69690362],[9.05437436]
[6.33432126],[1.68860761],[8.92774525]
[6.27390495],[1.67322254],[8.78554318]
[6.20826311],[1.66020895],[8.64475157]
[6.15487787],[1.64331706],[8.48005992]
[6.09448198],[1.62562104],[8.25511211]
[5.9820913],[1.60696077],[7.95843502]
[5.81110549],[1.5826791],[7.5483666]
[5.65460628],[1.55502584],[7.06609223]
[5.42681533],[1.52273201],[6.60400186]
[5.21684493],[1.49796402],[6.19976248]
[4.98978533],[1.4722977],[5.84131432]
[4.86032138],[1.44474898],[5.57572283]
[4.80625746],[1.41950845],[5.34486748]
[4.74541606],[1.39375955],[5.08025675]
[0.],[0.],[0.]
[0.],[0.],[0.]
[0.48170581],[0.20134502],[0.0476772]
[0.54258413],[0.37526752],[0.09920093]
[2.33372843],[1.13666146],[1.52221449]
[3.03685878],[1.28683512],[2.3163808]
[3.27990083],[1.31487382],[2.79914619]
[3.59957639],[1.30022306],[3.05077009]
[3.83682481],[1.29179504],[3.42977854]
[4.05361532],[1.28888276],[3.76940131]
[4.1903085],[1.34120672],[4.26312243]
[4.46597333],[1.40901622],[4.66741817]
[4.63566402],[1.46153198],[5.01198045]
[4.81231015],[1.50380725],[5.26612362]
[4.92539059],[1.53844696],[5.64911568]
[5.08723814],[1.56690841],[6.01054487]
[5.16783354],[1.6035102],[6.33452661]
[5.29252184],[1.62167632],[6.70092339]
[5.32535501],[1.64126199],[6.99085512]
[5.41410867],[1.66284254],[7.26782235]
[5.44629871],[1.69421994],[7.48797025]
[5.8476462],[1.7202311],[7.93973719]
[5.9185809],[1.74473843],[8.19049797]
[6.03109096],[1.75862275],[8.63259919]
[6.12393105],[1.77274236],[8.94965942]
[6.37772369],[1.78207769],[9.41723561]
[6.55483429],[1.83794544],[9.89365526]
[6.68482819],[1.88272632],[10.27659483]
[6.74737298],[1.89384277],[10.57630029]
[6.94662579],[1.89427451],[10.886966]
[6.96232018],[1.88354438],[10.92825949]
[7.18399274],[1.87290693],[11.12572025]
[7.23255582],[1.85866791],[11.1374735]
[7.28220923],[1.84710667],[11.15819501]
[7.25253987],[1.83360358],[11.06099601]
[7.22354416],[1.82176258],[10.96903258]
[7.15000037],[1.80819718],[10.82973981]
[7.13237253],[1.79574836],[10.74436173]
[7.03911913],[1.78193063],[10.57310105]
[7.03516564],[1.76936353],[10.46224683]
[6.924848],[1.75987437],[10.2773869]
[6.85715551],[1.74765444],[10.12962423]
[6.77374296],[1.73392545],[9.95273377]
[6.69678055],[1.72081643],[9.77224558]
[6.62113921],[1.68850184],[9.57185096]
[6.54109915],[1.66904394],[9.32058002]
[6.42695222],[1.65219634],[8.99669189]
[6.27915363],[1.62909072],[8.57895061]
[6.10436305],[1.60312196],[7.99781881]
[5.85373453],[1.57424902],[7.3750238]
[5.51818264],[1.54245703],[6.88326188]
[5.32634375],[1.50606525],[6.49438031]
[5.11273817],[1.47696049],[6.08826754]
[4.92089087],[1.4506335],[5.7623219]
[4.86984689],[1.42597989],[5.5429777]
[0.],[0.],[0.]
[0.],[0.],[0.]
[0.59578913],[0.22752057],[0.06679599]
[0.6787554],[0.40822743],[0.13554414]
[2.32619752],[1.13546372],[1.58760658]
[3.04425309],[1.29658079],[2.39075218]
[3.29282712],[1.34079588],[2.86512432]
[3.61690449],[1.32918814],[3.12016769]
[3.85508226],[1.3184703],[3.50496883]
[4.0761585],[1.31062366],[3.85171576]
[4.21693168],[1.37724655],[4.38335514]
[4.50145937],[1.44479785],[4.80360846]
[4.66109113],[1.49036052],[5.1310291]
[4.84255183],[1.53382455],[5.42305278]
[4.99259477],[1.57159946],[5.85544804]
[5.15675373],[1.60269607],[6.22500428]
[5.22194019],[1.64130443],[6.58029157]
[5.33657679],[1.65965002],[6.98093939]
[5.36480977],[1.68281712],[7.28071407]
[5.54835145],[1.70848155],[7.5984311]
[5.6355924],[1.74082975],[7.87749147]
[5.93004156],[1.76255261],[8.3993592]
[6.01070433],[1.78177928],[8.7472072]
[6.11149556],[1.80436921],[9.21355016]
[6.35622315],[1.83110983],[9.69841503]
[6.56707208],[1.89366032],[10.31801431]
[6.6969735],[1.94540343],[10.79006125]
[6.91826788],[1.98244447],[11.24217567]
[7.09063328],[1.99779697],[11.62449281]
[7.40449641],[1.99788032],[12.09712794]
[7.47861676],[1.99346555],[12.23733638]
[7.570154],[1.98106301],[12.38782243]
[7.68513865],[1.97063299],[12.44598609]
[7.71174117],[1.95770881],[12.45049504]
[7.82060612],[1.94801455],[12.46879542]
[7.67930868],[1.93656942],[12.34459109]
[7.683985],[1.9272602],[12.26766209]
[7.59143386],[1.91839813],[12.12013174]
[7.58184539],[1.90701785],[12.01711727]
[7.5009471],[1.89623261],[11.86612422]
[7.46808455],[1.88545862],[11.72843507]
[7.36491763],[1.8744445],[11.53115376]
[7.29255779],[1.86281185],[11.33143539]
[7.23671638],[1.85126482],[11.14407809]
[7.18307636],[1.82074988],[10.93396397]
[7.08326318],[1.77505034],[10.66179324]
[6.96922383],[1.7281783],[10.30631636]
[6.85851599],[1.67149762],[9.83261814]
[6.70704559],[1.64602615],[9.23018286]
[6.40825855],[1.61860572],[8.46233815]
[5.9853388],[1.58877438],[7.66144596]
[5.60552842],[1.55394412],[7.1545164]
[5.40300345],[1.52011529],[6.72807104]
[5.22980684],[1.48888029],[6.31606593]
[5.00948273],[1.4583366],[5.93985902]
[0.],[0.],[0.]
[0.],[0.],[0.]
[0.21974914],[0.07942932],[0.00846562]
[0.09257386],[0.08474315],[0.00341649]
[2.2002639],[0.97458054],[1.09983114]
[3.04053123],[1.13704226],[2.07813702]
[3.28176597],[1.21913908],[2.63948131]
[3.61796907],[1.22271427],[2.94078196]
[3.85180821],[1.23541563],[3.33716221]
[4.06877032],[1.23782066],[3.66159888]
[4.20664378],[1.3180963],[4.23079891]
[4.49971216],[1.39954613],[4.68399858]
[4.65800624],[1.4630301],[5.05608461]
[4.83433812],[1.51447662],[5.37476772]
[5.01195654],[1.55910018],[5.83361349]
[5.17026602],[1.59461223],[6.22336761]
[5.2319355],[1.63854562],[6.62266173]
[5.34326923],[1.660202],[7.05788379]
[5.37134493],[1.69009769],[7.39554329]
[5.59954902],[1.72178233],[7.79203179]
[5.70066032],[1.75493583],[8.12537936]
[5.96472597],[1.77480018],[8.70943247]
[6.05509277],[1.80526291],[9.12680801]
[6.22084401],[1.84166727],[9.67617014]
[6.49380039],[1.89836782],[10.30149495]
[6.66624763],[1.96536906],[10.94636122]
[6.85509908],[2.01362799],[11.42608909]
[7.20255606],[2.04596245],[12.01925521]
[7.41185181],[2.06333894],[12.48240747]
[7.587715],[2.06650382],[12.9316636]
[7.83471701],[2.06476687],[13.23204972]
[7.9947116],[2.05418111],[13.4452211]
[8.14435432],[2.04486497],[13.64624774]
[8.20788342],[2.03457122],[13.69275195]
[8.26263563],[2.02733822],[13.7778147]
[8.24526333],[2.01668344],[13.7130118]
[8.22435618],[2.00805299],[13.65059878]
[8.17689952],[1.99874596],[13.50910338]
[8.15408365],[1.98882299],[13.41506952]
[8.09593414],[1.97943975],[13.25089188]
[8.06449171],[1.96988719],[13.14624148]
[7.98135912],[1.96032379],[12.93654279]
[7.89909841],[1.94987937],[12.73030798]
[7.83633219],[1.93840302],[12.52114939]
[7.77005934],[1.91142703],[12.29363578]
[7.69441965],[1.87330729],[12.02515728]
[7.58397712],[1.83077134],[11.67752881]
[7.46079406],[1.77467841],[11.18738997]
[7.28455258],[1.71689507],[10.5317043]
[6.95859216],[1.66067593],[9.74971348]
[6.76774564],[1.63171954],[8.97360775]
[6.17480776],[1.5993308],[7.98851708]
[5.66994357],[1.56749025],[7.380787]
[5.47519545],[1.53529489],[6.93075255]
[5.32883103],[1.49989214],[6.53823693]
