meltWidth,meltDepth,meltArea
[0.],[0.],[0.]
[0.],[0.],[0.]
[0.],[0.],[0.]
[0.],[0.],[0.]
[0.],[0.],[0.]
[0.],[0.],[0.]
[0.],[0.],[0.]
[0.],[0.],[0.]
[0.],[0.],[0.]
[0.],[0.],[0.]
[0.],[0.],[0.]
[0.],[0.],[0.]
[0.],[0.],[0.]
[0.],[0.],[0.]
[0.],[0.],[0.]
[0.],[0.],[0.]
[0.],[0.],[0.]
[0.],[0.],[0.]
[0.],[0.],[0.]
[0.],[0.],[0.]
[0.],[0.],[0.]
[0.],[0.],[0.]
[0.],[0.],[0.]
[0.],[0.],[0.]
[0.],[0.],[0.]
[0.],[0.],[0.]
[0.],[0.],[0.]
[0.],[0.],[0.]
[0.],[0.],[0.]
[0.],[0.],[0.]
[0.],[0.],[0.]
[0.],[0.],[0.]
[0.],[0.],[0.]
[0.],[0.],[0.]
[0.],[0.],[0.]
[0.],[0.],[0.]
[0.],[0.],[0.]
[0.],[0.],[0.]
[0.],[0.],[0.]
[0.],[0.],[0.]
[0.],[0.],[0.]
[0.],[0.],[0.]
[0.],[0.],[0.]
[0.],[0.],[0.]
[0.],[0.],[0.]
[0.],[0.],[0.]
[0.],[0.],[0.]
[0.],[0.],[0.]
[0.],[0.],[0.]
[0.],[0.],[0.]
[0.],[0.],[0.]
[0.],[0.],[0.]
[0.],[0.],[0.]
[0.],[0.],[0.]
[0.],[0.],[0.]
[0.],[0.],[0.]
[0.1438784],[0.03548343],[0.00225841]
[1.20555804],[0.32054159],[0.26608176]
[1.40156264],[0.36151962],[0.31931554]
[1.53199841],[0.39619007],[0.39191742]
[1.81410598],[0.46614907],[0.55249423]
[1.8645623],[0.52256006],[0.62997889]
[1.93210047],[0.53710425],[0.67481771]
[2.0124245],[0.55620472],[0.74806077]
[2.07261286],[0.57139535],[0.78297455]
[2.12853336],[0.59011534],[0.85349017]
[2.15520268],[0.60320405],[0.8825949]
[2.19385823],[0.61341103],[0.92278685]
[2.22834705],[0.62609328],[0.95398601]
[2.27190159],[0.65418475],[0.98812317]
[2.29330815],[0.66806003],[1.01592416]
[2.37122772],[0.67812644],[1.05921707]
[2.39880808],[0.68448441],[1.04538744]
[2.49947084],[0.68313926],[1.09134778]
[2.51603336],[0.6811215],[1.07153608]
[2.55819533],[0.67920804],[1.09706877]
[2.54168798],[0.67737168],[1.06465522]
[2.57973133],[0.67251062],[1.08748145]
[2.56307071],[0.66731084],[1.05261501]
[2.58902863],[0.66273882],[1.07021758]
[2.56287291],[0.65962257],[1.03413724]
[2.58545035],[0.65483807],[1.05622063]
[2.56247854],[0.65238838],[1.02177917]
[2.59012488],[0.65002355],[1.04820339]
[2.55903456],[0.64647891],[1.0154046]
[2.61849104],[0.64608276],[1.04319675]
[2.58484687],[0.64369],[1.03705905]
[2.62223181],[0.64318174],[1.04488485]
[2.58904648],[0.64277076],[1.0360043]
[2.58364795],[0.64374625],[1.03769303]
[2.58525277],[0.64618226],[1.0450955]
[2.58196821],[0.64879351],[1.05444654]
[2.58516919],[0.64930911],[1.0542216]
[2.58514602],[0.6429966],[1.04834464]
[2.58439468],[0.63554758],[1.04418922]
[2.56388493],[0.62661639],[1.03179041]
[2.53833448],[0.61757797],[1.01341385]
[2.51386152],[0.60668558],[0.99657085]
[2.48053068],[0.59605747],[0.97680292]
[2.45717723],[0.58666419],[0.95343529]
[2.43043768],[0.57527602],[0.93080606]
[2.40308764],[0.56659816],[0.91450112]
[2.38447815],[0.56242542],[0.89914441]
[2.36205467],[0.55762924],[0.87607171]
[2.32459141],[0.55536846],[0.85151231]
[2.2834528],[0.55425902],[0.83159803]
[2.25490181],[0.54724591],[0.8110394]
[2.23067726],[0.5309649],[0.78394322]
[2.03326712],[0.07193364],[0.0948283]
[0.],[0.],[0.]
[0.],[0.],[0.]
[0.],[0.],[0.]
[1.33282993],[0.32752208],[0.30013003]
[1.86980631],[0.40396806],[0.51546646]
[1.95700669],[0.51290586],[0.67875167]
[2.06845407],[0.60238985],[0.8362591]
[2.19095956],[0.65100517],[0.99203148]
[2.25762273],[0.67042692],[1.05984857]
[2.34745518],[0.70317159],[1.14527878]
[2.34832408],[0.7226443],[1.17696102]
[2.39888965],[0.73840992],[1.2334073]
[2.39469763],[0.75145202],[1.24000846]
[2.44050674],[0.7685119],[1.29237538]
[2.44981802],[0.78141476],[1.31386271]
[2.5735885],[0.79513594],[1.38290481]
[2.65403605],[0.80679507],[1.43418126]
[2.7700287],[0.82009122],[1.51966487]
[2.82720505],[0.83069296],[1.5582198]
[2.89318065],[0.83746055],[1.62991373]
[2.92098974],[0.84419477],[1.65804662]
[2.95278126],[0.85077615],[1.70044912]
[2.94894837],[0.85489382],[1.70072383]
[2.964176],[0.85553367],[1.72568893]
[2.95623123],[0.85634784],[1.72045591]
[2.96487948],[0.85667677],[1.73212824]
[2.96426005],[0.85607008],[1.72402704]
[2.96174928],[0.85752494],[1.73371341]
[2.96013612],[0.85923072],[1.73067581]
[2.96351262],[0.85962015],[1.74036789]
[2.95281352],[0.86151195],[1.73691851]
[2.97164338],[0.85227074],[1.74853411]
[2.964437],[0.8615111],[1.76005923]
[2.969187],[0.86196351],[1.76305089]
[2.96170298],[0.8629357],[1.74986346]
[2.94670936],[0.86228748],[1.7463713]
[2.94499359],[0.86073801],[1.74768674]
[2.9413765],[0.86113894],[1.74986158]
[2.93639095],[0.85866171],[1.74343695]
[2.93119646],[0.85015975],[1.73096367]
[2.92296238],[0.84365131],[1.71208186]
[2.90490073],[0.83728536],[1.67991981]
[2.8806898],[0.83036861],[1.64792528]
[2.86213391],[0.8219653],[1.62013283]
[2.84136551],[0.81504625],[1.59395103]
[2.8282224],[0.8076286],[1.57289817]
[2.81462154],[0.79885524],[1.55086743]
[2.8041076],[0.79736497],[1.53730103]
[2.79845043],[0.7966612],[1.52531343]
[2.79533458],[0.79875204],[1.51452939]
[2.78951082],[0.79961211],[1.50325039]
[2.75264762],[0.80053854],[1.46686547]
[2.69054041],[0.79887574],[1.41724199]
[2.63572368],[0.7919314],[1.38136382]
[3.97716094],[0.80718988],[2.20497261]
[0.],[0.],[0.]
[0.],[0.],[0.]
[0.],[0.],[0.]
[1.49326622],[0.32905131],[0.32562353]
[1.94642417],[0.45673608],[0.60098797]
[2.10555164],[0.57210552],[0.8478759]
[2.22861694],[0.6831336],[1.05642442]
[2.30899247],[0.7495031],[1.19644915]
[2.35954235],[0.76629545],[1.27082337]
[2.4013631],[0.78482503],[1.32602139]
[2.39961895],[0.80024003],[1.34540929]
[2.43653561],[0.81204688],[1.39697538]
[2.44294955],[0.82231572],[1.40928915]
[2.50793792],[0.8357202],[1.47969187]
[2.56900615],[0.84665889],[1.49876734]
[2.74132406],[0.85856019],[1.60275031]
[2.82928992],[0.86388674],[1.64664506]
[2.93023017],[0.86978465],[1.73895717]
[2.96697436],[0.87505925],[1.77173398]
[3.03291059],[0.88151093],[1.85558045]
[3.04644355],[0.88730034],[1.87633612]
[3.07538284],[0.89347008],[1.91780943]
[3.06114978],[0.89647905],[1.90865372]
[3.08218781],[0.89716597],[1.94766839]
[3.06658583],[0.89803362],[1.93389225]
[3.0819201],[0.89872376],[1.95311877]
[3.06561923],[0.8988877],[1.93416712]
[3.07629377],[0.90126113],[1.95625668]
[3.060559],[0.90308956],[1.94282927]
[3.07283018],[0.9049324],[1.96025752]
[3.05671776],[0.90723624],[1.95026489]
[3.07480874],[0.90399044],[1.97049679]
[3.06377157],[0.91115692],[1.9749684]
[3.06808221],[0.9125543],[1.97816531]
[3.05541581],[0.91383281],[1.96231484]
[3.0432301],[0.91495734],[1.95880043]
[3.03910127],[0.91607181],[1.95978256]
[3.03295855],[0.91770949],[1.96048317]
[3.02673395],[0.91772166],[1.95487943]
[3.0191871],[0.91684591],[1.9465314]
[3.00990378],[0.91449421],[1.93041771]
[2.99432267],[0.9125927],[1.90486747]
[2.97331983],[0.90606402],[1.87416093]
[2.95237109],[0.89801347],[1.84432452]
[2.92695797],[0.89172335],[1.81313833]
[2.91003484],[0.88523745],[1.78821989]
[2.89127255],[0.87789288],[1.76194722]
[2.87233802],[0.87131195],[1.73742768]
[2.85642734],[0.86942896],[1.71234454]
[2.84519638],[0.8685062],[1.69385721]
[2.83209982],[0.86605112],[1.67494077]
[2.8035834],[0.86637702],[1.64716782]
[2.79454804],[0.86616578],[1.63927678]
[2.76850514],[0.85914561],[1.61461648]
[4.83067643],[0.91564258],[3.12770657]
[2.9933377],[0.36933636],[0.64222844]
[0.],[0.],[0.]
[0.],[0.],[0.]
[1.82858464],[0.36019569],[0.44470745]
[2.08803094],[0.52709594],[0.77126257]
[2.22401179],[0.66564046],[1.02206074]
[2.35666536],[0.75757605],[1.24351636]
[2.4073471],[0.81604298],[1.36285946]
[2.44378518],[0.8321649],[1.43520088]
[2.48378365],[0.84901042],[1.49176043]
[2.48412564],[0.86562712],[1.52042261]
[2.51943076],[0.87487899],[1.57509055]
[2.50998696],[0.87942809],[1.57956239]
[2.59550729],[0.88419606],[1.63984502]
[2.74371012],[0.88820598],[1.67661211]
[2.89370375],[0.89369516],[1.78683631]
[2.94937332],[0.89865789],[1.81272587]
[3.04103516],[0.90440292],[1.92602719]
[3.06192543],[0.909614],[1.92430212]
[3.12632927],[0.91496029],[2.03263064]
[3.1262801],[0.91938465],[2.01832431]
[3.15827201],[0.92456138],[2.08689332]
[3.13500624],[0.92641963],[2.04921297]
[3.16064058],[0.92703087],[2.11699905]
[3.13958387],[0.9273903],[2.07407392]
[3.16018597],[0.92779975],[2.12169128]
[3.13466719],[0.92837931],[2.07002139]
[3.15199666],[0.93039863],[2.12189511]
[3.12795391],[0.9318448],[2.07187167]
[3.14391062],[0.93350255],[2.11745669]
[3.12329491],[0.93494461],[2.07433]
[3.15032411],[0.93455893],[2.12700796]
[3.13722204],[0.93750287],[2.10477341]
[3.14752546],[0.93847224],[2.13272186]
[3.12853734],[0.93947805],[2.09910048]
[3.11257585],[0.94041314],[2.09308592]
[3.10779638],[0.9414006],[2.09288233]
[3.10085486],[0.94271572],[2.09229118]
[3.09500942],[0.94307426],[2.08880296]
[3.08935809],[0.94389298],[2.08469809]
[3.08337224],[0.94438982],[2.08023971]
[3.06928878],[0.94458654],[2.06556112]
[3.04739415],[0.94463788],[2.04369296]
[3.02765993],[0.94433714],[2.02232455]
[2.99692241],[0.94397062],[1.99145484]
[2.98514243],[0.94340755],[1.97658544]
[2.96809966],[0.93865892],[1.9544036]
[2.94984256],[0.93254119],[1.9311929]
[2.92934882],[0.92753105],[1.90471776]
[2.91535488],[0.92302758],[1.88911191]
[2.89953432],[0.92010275],[1.88011958]
[2.86803185],[0.91627155],[1.85668542]
[2.86532988],[0.91387365],[1.88690043]
[2.85514379],[0.91047227],[1.93385771]
[4.8056236],[0.98141662],[3.26843152]
[3.07119551],[0.82239406],[1.31369884]
[1.95553125],[0.31762529],[0.38866624]
[0.],[0.],[0.]
[1.99794603],[0.38727591],[0.55516653]
[2.21731397],[0.5916762],[0.93564256]
[2.34041157],[0.73275588],[1.18340392]
[2.43826628],[0.82141264],[1.39906384]
[2.48887599],[0.87280276],[1.5173703]
[2.52320182],[0.88321888],[1.59200492]
[2.56032624],[0.89758715],[1.6425963]
[2.55264226],[0.91051569],[1.67870609]
[2.57704658],[0.91499617],[1.71443255]
[2.57961906],[0.91824697],[1.70940748]
[2.78388053],[0.9211089],[1.8065067]
[2.9281002],[0.9238675],[1.83879497]
[3.02683409],[0.92754384],[1.95019961]
[3.0659425],[0.93046576],[1.95022796]
[3.13129313],[0.93432503],[2.06440267]
[3.15512592],[0.93908108],[2.05929837]
[3.1974456],[0.9441943],[2.16081573]
[3.20328039],[0.9486401],[2.13422672]
[3.21620988],[0.95324107],[2.20458647]
[3.20275527],[0.95481052],[2.16274056]
[3.21617874],[0.95569577],[2.23835894]
[3.20398637],[0.95612939],[2.19009692]
[3.21654341],[0.95662514],[2.24827264]
[3.19888263],[0.95729403],[2.19107897]
[3.20924657],[0.95922122],[2.24874065]
[3.1940718],[0.96051346],[2.19900427]
[3.20877876],[0.96213694],[2.26139687]
[3.19179608],[0.96321913],[2.20180563]
[3.21773806],[0.96335165],[2.29525278]
[3.21045912],[0.96540422],[2.24840251]
[3.21406937],[0.96615342],[2.29833461]
[3.20309266],[0.9669125],[2.25281529]
[3.18726554],[0.96765654],[2.2475504]
[3.18337945],[0.96868679],[2.25103151]
[3.17418138],[0.97005995],[2.24746315]
[3.17249634],[0.9705093],[2.25523314]
[3.16923022],[0.97075165],[2.25560949]
[3.16502472],[0.97096236],[2.2478698]
[3.15533566],[0.97121075],[2.22326791]
[3.13934943],[0.97144292],[2.19569646]
[3.12311912],[0.97171032],[2.17423735]
[3.09716248],[0.9719986],[2.14835335]
[3.08279061],[0.97200145],[2.13531304]
[3.06421724],[0.9712668],[2.11734176]
[3.04614252],[0.96909402],[2.10703759]
[3.02793119],[0.96727331],[2.10813897]
[3.01205834],[0.96415237],[2.10669001]
[2.99651208],[0.95988964],[2.11008411]
[2.96511865],[0.95378625],[2.11260248]
[2.95599346],[0.9486073],[2.14227945]
[2.93890297],[0.94332516],[2.17752133]
[5.08668736],[1.04662329],[3.44804629]
[3.09503707],[0.86893719],[1.38332465]
[1.97836929],[0.52686966],[0.56825616]
[1.02577758],[0.27195666],[0.14303382]
[2.0403778],[0.38169102],[0.54079784]
[2.30289144],[0.6420811],[1.04238122]
[2.42124886],[0.78237604],[1.32517409]
[2.51292407],[0.85825016],[1.54041609]
[2.55249517],[0.9062754],[1.64252728]
[2.57177084],[0.92010081],[1.71892998]
[2.70468927],[0.93013958],[1.78187146]
[2.77695511],[0.93842571],[1.79901514]
[2.89574126],[0.941071],[1.88961068]
[3.00835919],[0.94388694],[1.92226822]
[3.05587425],[0.94707667],[2.01027665]
[3.13319825],[0.95104024],[2.03009568]
[3.17104826],[0.95623475],[2.12690908]
[3.20712111],[0.9583578],[2.12605198]
[3.22925938],[0.96072836],[2.22551179]
[3.25403648],[0.96434212],[2.23178797]
[3.27039435],[0.97006735],[2.34124056]
[3.30556307],[0.97498243],[2.34357132]
[3.28122042],[0.98592189],[2.41782121]
[3.30703527],[1.00092268],[2.40229553]
[3.2800864],[1.00587129],[2.46916298]
[3.29442499],[1.00988293],[2.43000016]
[3.27924052],[1.00434509],[2.4697683]
[3.28313013],[1.01386804],[2.42971275]
[3.27401096],[1.0051729],[2.47102299]
[3.26949062],[1.01492345],[2.43297811]
[3.27154905],[1.00646001],[2.47751192]
[3.26871659],[1.01616194],[2.43697321]
[3.27450273],[1.01558042],[2.50153156]
[3.28202435],[1.0173818],[2.47350025]
[3.27378504],[1.01838454],[2.50837712]
[3.27719535],[1.01754988],[2.47720722]
[3.26283901],[1.01816288],[2.47134757]
[3.25857716],[1.01886864],[2.47024034]
[3.25168218],[1.02199878],[2.46985276]
[3.24623313],[1.02687162],[2.47552774]
[3.24249063],[1.02915674],[2.47741902]
[3.23755267],[1.0263283],[2.47090649]
[3.23155999],[1.02013354],[2.45021956]
[3.21596946],[1.0134264],[2.41931838]
[3.19930619],[1.00561784],[2.38755205]
[3.17520278],[0.9994572],[2.37724781]
[3.15770384],[0.99510667],[2.4031453]
[3.13690695],[0.9989094],[2.43253085]
[3.1125698],[1.00622881],[2.46334898]
[3.08325514],[1.02231014],[2.48505261]
[3.05692102],[1.03336963],[2.48659241]
[3.03038606],[1.04376933],[2.48933153]
[2.98611546],[1.03483897],[2.48304467]
[2.96888773],[1.01319365],[2.48518164]
[2.9435947],[1.00292778],[2.49556579]
[5.28264805],[1.08186648],[3.80254194]
[3.2564975],[0.88108587],[1.42832048]
[1.86488248],[0.54074779],[0.5404563]
[0.90888596],[0.31319779],[0.13840533]
[1.99915844],[0.38898515],[0.55405077]
[2.3579956],[0.68082629],[1.11212183]
[2.4592694],[0.8054462],[1.40611684]
[2.52883283],[0.87739651],[1.60561452]
[2.57126167],[0.92728491],[1.72157673]
[2.65283368],[0.93768863],[1.77636979]
[2.89914028],[0.94849027],[1.89091392]
[3.07119103],[0.95782782],[1.95170231]
[3.12832074],[0.96336132],[2.06838217]
[3.19686948],[0.96854123],[2.09937451]
[3.21489995],[0.9730272],[2.18327793]
[3.25550566],[0.97447415],[2.19002746]
[3.27084428],[0.97650501],[2.27651044]
[3.32660769],[0.97785541],[2.27313466]
[3.31781628],[0.97934261],[2.37209256]
[3.43263787],[0.98474868],[2.40715239]
[3.44428505],[1.01965274],[2.51676815]
[3.50161597],[1.03528592],[2.53152401]
[3.46360872],[1.05304529],[2.59653051]
[3.50281572],[1.07695984],[2.60120178]
[3.44843734],[1.06920044],[2.63715502]
[3.48413161],[1.08692574],[2.62455456]
[3.42867587],[1.06884044],[2.63826613]
[3.47123236],[1.0924249],[2.62895672]
[3.39861009],[1.07014635],[2.63994435]
[3.44324019],[1.09403858],[2.6300984]
[3.37636362],[1.07077818],[2.64106689]
[3.42220943],[1.09390241],[2.63093986]
[3.38727389],[1.08210047],[2.65337342]
[3.41373836],[1.09352903],[2.65661389]
[3.36190912],[1.08368332],[2.6546237]
[3.37828964],[1.08181342],[2.64419692]
[3.3240011],[1.08169111],[2.62729955]
[3.30543755],[1.08157165],[2.62773147]
[3.2943292],[1.08147165],[2.62686382]
[3.28965061],[1.08197684],[2.62750554]
[3.28678645],[1.08342369],[2.62880283]
[3.28182797],[1.07911584],[2.62403812]
[3.27473745],[1.07178657],[2.60538017]
[3.25798283],[1.06672719],[2.57330529]
[3.2411784],[1.06175192],[2.55908316]
[3.21991023],[1.05515293],[2.57684825]
[3.20072773],[1.07158265],[2.6298344]
[3.1808097],[1.08584794],[2.66368026]
[3.15732245],[1.09746063],[2.68787509]
[3.13091605],[1.11104427],[2.71022604]
[3.1043396],[1.12480278],[2.71908778]
[3.07447282],[1.12012037],[2.71280719]
[3.02780679],[1.10239589],[2.69287779]
[3.004437],[1.07361072],[2.681969]
[2.97015003],[1.03745245],[2.63089528]
[5.39260847],[1.12202699],[3.99690861]
[3.40345799],[0.86887535],[1.48918737]
[1.94209476],[0.51748042],[0.54856484]
[0.86977843],[0.30497262],[0.12578573]
[2.04468197],[0.42391603],[0.61466395]
[2.37543271],[0.70056941],[1.17450899]
[2.47311951],[0.82066345],[1.45131204]
[2.53523514],[0.88985876],[1.6415298]
[2.5843512],[0.94100265],[1.7683542]
[2.7475776],[0.95261001],[1.83169019]
[3.03963698],[0.96597664],[2.00246996]
[3.17399361],[0.97598452],[2.0689745]
[3.20177574],[0.98127032],[2.18258159]
[3.25451508],[0.98554776],[2.21340758]
[3.26307607],[0.98975853],[2.29088392]
[3.31296493],[0.99147793],[2.29698335]
[3.30648388],[0.9930141],[2.37495449]
[3.4049155],[0.99411209],[2.38894241]
[3.39547761],[0.99708768],[2.48699006]
[3.49595435],[1.01752512],[2.52476565]
[3.50256325],[1.06029151],[2.62970532]
[3.55223914],[1.0786874],[2.64724377]
[3.51320311],[1.09723463],[2.71448337]
[3.54760903],[1.11022305],[2.72810947]
[3.501633],[1.11225068],[2.78011664]
[3.53231453],[1.12054055],[2.76673753]
[3.48653376],[1.11081256],[2.78678389]
[3.52555559],[1.12418762],[2.76750877]
[3.46456748],[1.11057371],[2.78484945]
[3.50260634],[1.12629787],[2.76693819]
[3.44651388],[1.10987399],[2.78517094]
[3.48619114],[1.12612469],[2.76920651]
[3.46269041],[1.12008652],[2.80334529]
[3.48289026],[1.12560897],[2.80101681]
[3.44763042],[1.1210851],[2.8076641]
[3.46004945],[1.11908897],[2.79696707]
[3.42086977],[1.11876725],[2.78121038]
[3.39880008],[1.11855348],[2.78043778]
[3.37723521],[1.11825213],[2.77778541]
[3.36049135],[1.1187593],[2.77794117]
[3.34971755],[1.1188706],[2.77267416]
[3.33345688],[1.11370927],[2.76625761]
[3.3116604],[1.10547999],[2.73816988]
[3.29173893],[1.09928814],[2.75933791]
[3.27718194],[1.09026422],[2.78413125]
[3.25924935],[1.10016977],[2.81343565]
[3.24143042],[1.11031943],[2.83941201]
[3.22473474],[1.12061323],[2.85897879]
[3.20459722],[1.12910204],[2.87175127]
[3.18175515],[1.1423325],[2.88918202]
[3.15798942],[1.15501659],[2.91410023]
[3.13079168],[1.15170406],[2.92635478]
[3.09309903],[1.13724196],[2.92339774]
[3.07056372],[1.1216069],[2.92359059]
[3.04177016],[1.10115345],[2.90200444]
[5.47841605],[1.15397879],[4.11269182]
[3.4625003],[0.85920026],[1.56106749]
[2.06504161],[0.51406086],[0.60268287]
[0.79027913],[0.28827677],[0.10570204]
[2.1274525],[0.48969497],[0.72011073]
[2.36789992],[0.72209708],[1.22670666]
[2.49289552],[0.84046632],[1.51034523]
[2.54511557],[0.91343544],[1.68831288]
[2.60859929],[0.96088667],[1.81540336]
[2.90211414],[0.97145217],[1.9246205]
[3.11458838],[0.98392358],[2.08054531]
[3.23698529],[0.99253593],[2.14456053]
[3.24430219],[0.99672014],[2.24991166]
[3.29510401],[1.00064051],[2.27677231]
[3.28963624],[1.00476878],[2.34039161]
[3.36970964],[1.00836529],[2.37076501]
[3.35747188],[1.01220197],[2.45724577]
[3.45212594],[1.01411866],[2.48465459]
[3.44871198],[1.03516514],[2.59526679]
[3.5437235],[1.06049619],[2.64198523]
[3.55015936],[1.09139593],[2.73997825]
[3.59349657],[1.109673],[2.78021058]
[3.55839305],[1.13086162],[2.8581769]
[3.58823666],[1.13706184],[2.86686642]
[3.54704162],[1.14382157],[2.91431074]
[3.57246295],[1.14595682],[2.89608111]
[3.53149602],[1.14094157],[2.91687423]
[3.56737516],[1.14825347],[2.89246947]
[3.51157088],[1.13911005],[2.90867755]
[3.54553979],[1.15009904],[2.88762585]
[3.49314765],[1.13664074],[2.90228713]
[3.52898389],[1.14883098],[2.88564005]
[3.51059827],[1.14482765],[2.91202486]
[3.52513591],[1.14693734],[2.91154159]
[3.4971743],[1.14403307],[2.91581125]
[3.50420283],[1.14103859],[2.90405192]
[3.47418361],[1.13981445],[2.88536893]
[3.45398687],[1.1387885],[2.88136661]
[3.43397363],[1.13803558],[2.87653175]
[3.41863121],[1.1380105],[2.87301541]
[3.41005138],[1.13711017],[2.86328968]
[3.3965175],[1.13105416],[2.84882685]
[3.37575362],[1.12261685],[2.81501052]
[3.33562736],[1.11454108],[2.78575871]
[3.29846217],[1.10528248],[2.81733306]
[3.28059747],[1.11139483],[2.84936092]
[3.26067941],[1.12147696],[2.87825819]
[3.2420172],[1.13080268],[2.89801355]
[3.21970721],[1.1376006],[2.91089225]
[3.19473529],[1.14938446],[2.92584194]
[3.16761451],[1.16174795],[2.93899805]
[3.1367673],[1.15815665],[2.94738802]
[3.09577859],[1.14310105],[2.94289517]
[3.07108226],[1.12830037],[2.9432768]
[3.03944542],[1.11143404],[2.92505686]
[5.57393345],[1.1945199],[4.29045824]
[3.58273392],[0.87862007],[1.70373326]
[2.23104041],[0.56921717],[0.70481904]
[1.08049545],[0.30229422],[0.14611584]
[2.18798252],[0.543767],[0.78238984]
[2.38039],[0.74088214],[1.27267563]
[2.50874893],[0.85583514],[1.5549481]
[2.55363224],[0.93245258],[1.72673527]
[2.66039131],[0.97429611],[1.85773751]
[2.96203029],[0.98499552],[1.98158858]
[3.13690184],[0.99713218],[2.12509964]
[3.25507993],[1.00458777],[2.18911879]
[3.25824845],[1.00849056],[2.29156134]
[3.32594962],[1.01214299],[2.34572423]
[3.30413092],[1.01624792],[2.43923704]
[3.4007783],[1.02045802],[2.48016342]
[3.39312963],[1.02472925],[2.58603001]
[3.48377125],[1.04753515],[2.62665341]
[3.48548045],[1.07473066],[2.72798108]
[3.57558467],[1.09559353],[2.77700377]
[3.58435093],[1.12091064],[2.87812853]
[3.6219787],[1.13744094],[2.90632014]
[3.59001274],[1.15618891],[2.98182866]
[3.6168217],[1.16185907],[2.98875667]
[3.5807141],[1.1701096],[3.03688228]
[3.60234293],[1.17167174],[3.01789637]
[3.56702409],[1.16753518],[3.04376215]
[3.60067257],[1.1745159],[3.01679623]
[3.54997935],[1.16668967],[3.03859291]
[3.57938939],[1.17824842],[3.01501794]
[3.53155403],[1.16469003],[3.03009045]
[3.56310139],[1.17615805],[3.0106077]
[3.54976341],[1.17192089],[3.0331178]
[3.5588786],[1.17409861],[3.03885899]
[3.5358257],[1.17093889],[3.0402077]
[3.53792179],[1.16792245],[3.03192673]
[3.51248294],[1.16663237],[3.01348724]
[3.49001952],[1.1655882],[3.01118143]
[3.47395869],[1.16555993],[3.0094904]
[3.46397962],[1.16716349],[3.00877919]
[3.45868573],[1.16712116],[3.00276047]
[3.44656901],[1.16134473],[2.98928559]
[3.42661547],[1.15287546],[2.95689915]
[3.39141454],[1.14523921],[2.96172796]
[3.3416857],[1.15426305],[2.98419942]
[3.30079096],[1.16684617],[3.00802779]
[3.28140296],[1.17728242],[3.02478164]
[3.26270921],[1.18641702],[3.0356614]
[3.24062051],[1.19355239],[3.0420057]
[3.21605519],[1.20523097],[3.05172636]
[3.18958832],[1.21365964],[3.07272418]
[3.15697428],[1.21001809],[3.07873995]
[3.11071296],[1.19495442],[3.06626039]
[3.08162681],[1.18291524],[3.06612893]
[3.04864081],[1.16749522],[3.08215763]
[5.5840774],[1.23480648],[4.48591659]
[3.63352713],[0.89952111],[1.78303445]
[2.34840434],[0.61196691],[0.71081492]
[1.19989764],[0.3024347],[0.16576164]
[2.19784707],[0.57072551],[0.81570082]
[2.39264959],[0.75851683],[1.31499796]
[2.52039322],[0.86908292],[1.59079453]
[2.55776034],[0.94731111],[1.75420162]
[2.69190882],[0.98321116],[1.8869498]
[3.00257589],[0.99348994],[2.02456539]
[3.16845283],[1.00531412],[2.17067964]
[3.27731091],[1.01217837],[2.2230196]
[3.27507986],[1.0160414],[2.36292638]
[3.35697684],[1.01951772],[2.43612181]
[3.328946],[1.02395149],[2.52341811]
[3.43285568],[1.0279045],[2.56176378]
[3.42976395],[1.03844658],[2.65044479]
[3.51606983],[1.0619805],[2.69811249]
[3.52330425],[1.09023651],[2.80304589]
[3.60830677],[1.11090301],[2.8573968]
[3.62092241],[1.13677344],[2.96078472]
[3.65423546],[1.15316748],[2.99582816]
[3.6280294],[1.17157463],[3.07217376]
[3.65028767],[1.17728408],[3.08031156]
[3.61891959],[1.189675],[3.13112537]
[3.64682013],[1.1887558],[3.12147613]
[3.6049361],[1.18765835],[3.14301114]
[3.66178055],[1.19173767],[3.12992345]
[3.58927755],[1.18619265],[3.13585002]
[3.6166763],[1.19491223],[3.11217156]
[3.57062529],[1.18457614],[3.12612766]
[3.59783349],[1.1946105],[3.10687414]
[3.58951773],[1.19228743],[3.12472614]
[3.59291891],[1.19230217],[3.13246976]
[3.57502718],[1.19102083],[3.13215267]
[3.57218632],[1.18792919],[3.12559572]
[3.55134732],[1.18665263],[3.1067711]
[3.526475],[1.18604937],[3.10512615]
[3.51035283],[1.18629336],[3.10393259]
[3.50084545],[1.18785493],[3.10177098]
[3.49662961],[1.18730981],[3.09194077]
[3.48940009],[1.18013934],[3.07661153]
[3.47434451],[1.17017775],[3.04171704]
[3.44518603],[1.160615],[3.00705267]
[3.39810808],[1.15110116],[3.01431442]
[3.34004388],[1.16088484],[3.03385338]
[3.30157125],[1.17208559],[3.05267671]
[3.28370467],[1.18150455],[3.06242323]
[3.2623599],[1.18914622],[3.06685693]
[3.2386197],[1.20266961],[3.07737084]
[3.21372533],[1.21444299],[3.09423238]
[3.18197949],[1.20984857],[3.09822119]
[3.13755015],[1.19267282],[3.0845901]
[3.10483132],[1.17670205],[3.07426575]
[3.06919517],[1.16028449],[3.06963166]
[5.65919662],[1.27342197],[4.69375147]
[3.75029307],[0.91357612],[1.86192572]
[2.4681685],[0.6641266],[0.75038039]
[1.3300676],[0.29213162],[0.18363832]
[2.14759253],[0.57086939],[0.79525395]
[2.39581527],[0.77210674],[1.3396834]
[2.52589842],[0.87989266],[1.61363811]
[2.56066084],[0.95734732],[1.7724355]
[2.71920289],[0.99126356],[1.91314954]
[3.03653752],[1.00170248],[2.06480177]
[3.19794733],[1.01338628],[2.21218095]
[3.30407992],[1.02009354],[2.27273497]
[3.29882937],[1.02381883],[2.43894482]
[3.39111594],[1.02747375],[2.50879793]
[3.36858435],[1.03225724],[2.5923999]
[3.46789768],[1.03717237],[2.6356937]
[3.46956614],[1.05390773],[2.72974709]
[3.5516642],[1.07711943],[2.78076527]
[3.56500566],[1.10541944],[2.89326814]
[3.64694706],[1.12607267],[2.95295623]
[3.66737193],[1.15116161],[3.0574719]
[3.69419942],[1.16746141],[3.09309937]
[3.67252107],[1.18516603],[3.17015083]
[3.71131572],[1.1926472],[3.19111533]
[3.66291516],[1.20387409],[3.22869736]
[3.72469761],[1.20390226],[3.24481685]
[3.64921477],[1.20635635],[3.24463112]
[3.74264119],[1.20713348],[3.25854635]
[3.63540898],[1.20516117],[3.23844018]
[3.70802328],[1.21044642],[3.24188297]
[3.61581726],[1.2040202],[3.22807788]
[3.67526147],[1.21165843],[3.22729696]
[3.63497144],[1.21246335],[3.22325671]
[3.65856724],[1.21058524],[3.24660719]
[3.62043785],[1.21243862],[3.23320602]
[3.61598038],[1.20998823],[3.23259829]
[3.59692269],[1.20887107],[3.21305719]
[3.57026772],[1.20816902],[3.20844338]
[3.555459],[1.20899789],[3.20902706]
[3.54581416],[1.21057771],[3.20553724]
[3.54122569],[1.21069203],[3.19673212]
[3.53434517],[1.20226626],[3.17980598]
[3.51927273],[1.18998631],[3.14335977]
[3.49614028],[1.17964664],[3.09910655]
[3.45651405],[1.16991148],[3.08904581]
[3.40504962],[1.16286162],[3.09250157]
[3.35223123],[1.17429488],[3.10727791]
[3.30661168],[1.18733558],[3.12452256]
[3.28817547],[1.19574958],[3.1279552]
[3.26496773],[1.2097496],[3.13047743]
[3.24305042],[1.2188634],[3.13395346]
[3.21365524],[1.21585763],[3.13909238]
[3.17274733],[1.19797059],[3.12429903]
[3.14076167],[1.18008562],[3.11415879]
[3.10586111],[1.16265953],[3.10106146]
[5.72419405],[1.30357836],[4.85856924]
[3.62213721],[0.93075845],[1.8603617]
[2.36724546],[0.67280033],[0.72433433]
[1.2296507],[0.28476109],[0.16453894]
[2.14319532],[0.58834991],[0.82833652]
[2.40208341],[0.78995519],[1.37325178]
[2.53258305],[0.89818936],[1.64761706]
[2.56498734],[0.97171845],[1.80029584]
[2.77124868],[1.00209467],[1.95377286]
[3.08839633],[1.01235389],[2.11816903]
[3.241276],[1.02378402],[2.25874197]
[3.34676087],[1.02966828],[2.32708899]
[3.3265881],[1.03307816],[2.50650038]
[3.43638775],[1.03690179],[2.5855266]
[3.42019004],[1.04203605],[2.66394698]
[3.51393397],[1.04861032],[2.72034221]
[3.52213087],[1.07040362],[2.81606987]
[3.60329643],[1.09374802],[2.88354191]
[3.62434336],[1.12199747],[2.99770098]
[3.70006837],[1.14284135],[3.06681165]
[3.72529211],[1.17670562],[3.16072122]
[3.75547225],[1.20197075],[3.20742439]
[3.72465306],[1.22390338],[3.2638332]
[3.78438445],[1.23933479],[3.31039709]
[3.7204384],[1.24803679],[3.3262445]
[3.79899254],[1.24861313],[3.37022267]
[3.73008803],[1.24756646],[3.3575818]
[3.81660486],[1.24422041],[3.38659784]
[3.73234767],[1.24534761],[3.35833239]
[3.79472996],[1.24405896],[3.37410096]
[3.71504836],[1.24094578],[3.34973406]
[3.77014678],[1.2428585],[3.36427816]
[3.74793815],[1.22912143],[3.35218167]
[3.76392253],[1.23955593],[3.38306341]
[3.73957139],[1.23968207],[3.36026195]
[3.73483394],[1.24185455],[3.36950316]
[3.71915101],[1.24282966],[3.34590356]
[3.69069365],[1.24448985],[3.34104819]
[3.67390983],[1.2498776],[3.33741622]
[3.66544266],[1.25205669],[3.33573455]
[3.66314268],[1.23361593],[3.32734562]
[3.65758407],[1.22035456],[3.30876686]
[3.63985419],[1.20879473],[3.26906983]
[3.58987779],[1.19769793],[3.2076621]
[3.52046933],[1.18841511],[3.16016528]
[3.46841345],[1.1777989],[3.15540749]
[3.42112832],[1.17257341],[3.15759355]
[3.37834001],[1.18277247],[3.16677008]
[3.32869699],[1.19305998],[3.17160041]
[3.29585267],[1.20784947],[3.17353829]
[3.2724529],[1.21780312],[3.16128739]
[3.24141197],[1.21478336],[3.15028118]
[3.20070855],[1.19589319],[3.1325157]
[3.17214922],[1.17726154],[3.12300124]
[3.13922602],[1.15774139],[3.09640004]
[5.78825851],[1.32811435],[5.01441802]
[3.59532672],[0.94986629],[1.88477875]
[2.34157313],[0.67982282],[0.73959916]
[1.20146568],[0.27758778],[0.15648193]
[2.12851267],[0.58347441],[0.81494042]
[2.4089161],[0.80133242],[1.39379647]
[2.53874682],[0.90967992],[1.67120551]
[2.56926719],[0.98192154],[1.81978721]
[2.81242723],[1.00918251],[1.9871561]
[3.12181871],[1.01934903],[2.16043983]
[3.27362449],[1.03086542],[2.30306882]
[3.37864693],[1.03627738],[2.41712733]
[3.3622371],[1.04064615],[2.61301289]
[3.46763502],[1.0457406],[2.68814178]
[3.45656468],[1.05456871],[2.77677288]
[3.5483579],[1.071092],[2.84301789]
[3.56246935],[1.10080313],[2.95096616]
[3.6393757],[1.12759407],[3.02802897]
[3.66574941],[1.18159636],[3.14234041]
[3.75066997],[1.21363511],[3.2140639]
[3.77943633],[1.2426386],[3.30047294]
[3.83801921],[1.2626873],[3.3753812]
[3.79957068],[1.28214297],[3.41167021]
[3.8558344],[1.2884034],[3.46419068]
[3.80491014],[1.29377731],[3.46993352]
[3.86047928],[1.29570942],[3.51637251]
[3.81789114],[1.29559147],[3.5099648]
[3.87038637],[1.29435715],[3.53130867]
[3.81309094],[1.29575555],[3.51019874]
[3.85618998],[1.29551938],[3.52440143]
[3.79517689],[1.29441669],[3.50105288]
[3.84239358],[1.29523419],[3.51949167]
[3.83156524],[1.28397762],[3.51369851]
[3.84160279],[1.29396198],[3.54264505]
[3.81891437],[1.29350559],[3.51154314]
[3.82179879],[1.29501254],[3.53079467]
[3.7994698],[1.29744238],[3.49778751]
[3.77140554],[1.29916269],[3.49213414]
[3.75814553],[1.30246573],[3.48910496]
[3.75176174],[1.30422046],[3.49037895]
[3.74937687],[1.29071885],[3.48490455]
[3.74823466],[1.27802175],[3.47129794]
[3.73789083],[1.26453277],[3.43348893]
[3.70573374],[1.25402512],[3.38623936]
[3.63241346],[1.24385106],[3.34380437]
[3.5141809],[1.23434944],[3.31096675]
[3.46745402],[1.22373546],[3.31691228]
[3.42544919],[1.23066071],[3.32118222]
[3.38602883],[1.24064617],[3.32501775]
[3.33418015],[1.25248835],[3.32475372]
[3.30211833],[1.26036232],[3.31178169]
[3.27877648],[1.2574686],[3.30249807]
[3.24698831],[1.23974339],[3.27721085]
[3.21423168],[1.22506281],[3.26679467]
[3.1810739],[1.20612264],[3.27924348]
[5.77407076],[1.35818413],[5.16132413]
[3.52142251],[0.98800694],[1.91122935]
[2.2423451],[0.68607624],[0.72803544]
[1.10512175],[0.26445784],[0.13628173]
[2.08582546],[0.56524828],[0.76423153]
[2.40913271],[0.80771459],[1.40072829]
[2.54259792],[0.91686776],[1.68551736]
[2.57075945],[0.98853609],[1.83073225]
[2.84760195],[1.0144577],[2.01223194]
[3.14959384],[1.0246242],[2.19124405]
[3.30205869],[1.03632093],[2.34619876]
[3.411869],[1.04218962],[2.49202868]
[3.40087533],[1.04768442],[2.68285346]
[3.50334653],[1.05524295],[2.76627933]
[3.50063398],[1.07021213],[2.86584191]
[3.58666471],[1.08888222],[2.93793575]
[3.60683737],[1.12889622],[3.05145311]
[3.67931461],[1.18118107],[3.13070492]
[3.71178879],[1.23008665],[3.24243149]
[3.829341],[1.25769929],[3.34577641]
[3.86055],[1.2842044],[3.42702788]
[3.89750334],[1.29812384],[3.5016836]
[3.87455269],[1.31217182],[3.5383562]
[3.90535656],[1.32190521],[3.59659248]
[3.88761454],[1.3290632],[3.62792316]
[3.90349674],[1.32955031],[3.65645813]
[3.88764603],[1.3264452],[3.66215211]
[3.91114835],[1.32154596],[3.65745111]
[3.89636641],[1.32223043],[3.65041169]
[3.90719058],[1.32188302],[3.6366437]
[3.87512443],[1.32062267],[3.62882708]
[3.89546126],[1.32135457],[3.63109277]
[3.90083776],[1.31397793],[3.63828358]
[3.89778642],[1.31920865],[3.65596239]
[3.89391288],[1.31902358],[3.63539251]
[3.88671597],[1.32139638],[3.64982991]
[3.87714014],[1.32388335],[3.62174371]
[3.84905634],[1.32684373],[3.6147826]
[3.83120223],[1.3311834],[3.60988792]
[3.82583867],[1.33337901],[3.60964152]
[3.82789543],[1.32089212],[3.60557886]
[3.82811735],[1.30802557],[3.58832195]
[3.81955405],[1.29524124],[3.55148494]
[3.80030556],[1.28194145],[3.50127379]
[3.75222595],[1.2709683],[3.45957348]
[3.66996274],[1.26147167],[3.41189077]
[3.57425382],[1.25146855],[3.38506927]
[3.4896046],[1.24126042],[3.37518327]
[3.45657057],[1.24493153],[3.37869583]
[3.41479955],[1.25777052],[3.37768522]
[3.38268578],[1.26885731],[3.37316465]
[3.33537382],[1.26768417],[3.36837149]
[3.28833763],[1.24962656],[3.34955405]
[3.26096721],[1.23192702],[3.32567848]
[3.23226321],[1.21243756],[3.32981753]
[5.74577388],[1.38729389],[5.22437357]
[3.43412969],[1.0007323],[1.88265352]
[2.11009416],[0.67486729],[0.68380139]
[0.97923337],[0.23611239],[0.10663613]
[2.08645016],[0.57784999],[0.78537437]
[2.41184827],[0.82631402],[1.42602532]
[2.5492075],[0.93029577],[1.71187319]
[2.57142756],[0.99885062],[1.85270552]
[2.90170234],[1.02199372],[2.05656383]
[3.19120166],[1.03219062],[2.23681388]
[3.34245828],[1.04450641],[2.41618916]
[3.45677212],[1.05031909],[2.57912152]
[3.45620278],[1.05945511],[2.76730553]
[3.55281918],[1.07006776],[2.85642326]
[3.55887955],[1.09063174],[2.96363723]
[3.63772926],[1.12885678],[3.04441828]
[3.66542526],[1.18371835],[3.1572306]
[3.77591562],[1.24068102],[3.27811745]
[3.8201697],[1.29505645],[3.40771616]
[3.89691868],[1.31941606],[3.53024442]
[3.93312695],[1.33755386],[3.62482406]
[3.95521161],[1.3507307],[3.70407455]
[3.96230436],[1.36509769],[3.75729232]
[3.96838813],[1.37657035],[3.80944185]
[3.97777195],[1.38541927],[3.85118076]
[3.9730788],[1.38582961],[3.87373777]
[3.98472904],[1.38363723],[3.8884912]
[3.98397249],[1.37973194],[3.88492353]
[3.99862281],[1.37866137],[3.8770851]
[3.98975624],[1.37402002],[3.84837337]
[3.98788727],[1.36789213],[3.84083822]
[3.97558197],[1.36299164],[3.81355974]
[3.9908903],[1.35333327],[3.81396396]
[3.97182127],[1.35179498],[3.80929872]
[3.97379983],[1.34748188],[3.77973998]
[3.95020307],[1.34740627],[3.77333944]
[3.94498724],[1.34995868],[3.74031537]
[3.91275199],[1.35240968],[3.72487542]
[3.89987623],[1.35534309],[3.71703534]
[3.89694893],[1.35695303],[3.71634043]
[3.89509812],[1.34539721],[3.70780101]
[3.89498091],[1.33272758],[3.68839553]
[3.88854788],[1.32039385],[3.65313164]
[3.87728207],[1.30760367],[3.60686377]
[3.84598533],[1.29338958],[3.56095045]
[3.78972294],[1.28246304],[3.51427117]
[3.73116233],[1.2718938],[3.47203129]
[3.66226305],[1.26137926],[3.4510196]
[3.57697779],[1.25013213],[3.4321044]
[3.49679148],[1.25742268],[3.41822856]
[3.46478267],[1.2660905],[3.40742036]
[3.42819721],[1.26534656],[3.39036391]
[3.37440001],[1.24677737],[3.37245578]
[3.32085878],[1.22703881],[3.35082467]
[3.27422844],[1.2069158],[3.33396072]
[5.78082159],[1.40358292],[5.34532581]
[3.46619759],[1.0155907],[1.93005824]
[2.08305988],[0.67789097],[0.69144235]
[0.95355944],[0.22572286],[0.0990013]
[2.07765244],[0.57513885],[0.77882922]
[2.41547597],[0.83607114],[1.43873599]
[2.55587199],[0.94033825],[1.73175965]
[2.58041791],[1.00597591],[1.86713859]
[2.93644669],[1.02835532],[2.09329072]
[3.2346626],[1.03956806],[2.31123639]
[3.37582478],[1.05290099],[2.51916281]
[3.49101009],[1.06317187],[2.69287173]
[3.49598562],[1.07973726],[2.89054157]
[3.58849874],[1.09580061],[2.99059527]
[3.60175316],[1.17193284],[3.11906961]
[3.6996688],[1.22842042],[3.23259717]
[3.74216893],[1.28681361],[3.37847161]
[3.84740903],[1.3241326],[3.5249857]
[3.91363988],[1.35601363],[3.66261818]
[3.97162784],[1.37725967],[3.77895941]
[4.03011551],[1.3946653],[3.87871212]
[4.02717386],[1.40767082],[3.9446186]
[4.05223384],[1.42253407],[4.01188107]
[4.03895185],[1.43526476],[4.0749443]
[4.08414787],[1.4437645],[4.13425623]
[4.09339923],[1.44427604],[4.19354671]
[4.14555737],[1.44288256],[4.21523026]
[4.1819988],[1.44029005],[4.27794347]
[4.22059936],[1.43913397],[4.24297936]
[4.24012072],[1.4358436],[4.24682908]
[4.22767413],[1.42973342],[4.199937]
[4.19884435],[1.42513208],[4.16970019]
[4.24158873],[1.41631209],[4.17349132]
[4.15185203],[1.41440293],[4.12250761]
[4.20065277],[1.41113306],[4.11486081]
[4.0841073],[1.409776],[4.05888159]
[4.140193],[1.40798951],[4.04515715]
[4.05474873],[1.40570124],[3.99762405]
[4.03767581],[1.40439288],[3.97373899]
[4.02388221],[1.40206992],[3.95250389]
[4.01059234],[1.38859092],[3.92786847]
[4.00098931],[1.37402198],[3.8932287]
[3.97946457],[1.35921785],[3.84149667]
[3.95809306],[1.34504975],[3.77764113]
[3.91607352],[1.33210944],[3.72637504]
[3.86721647],[1.32134069],[3.67415208]
[3.82028681],[1.31006561],[3.6390812]
[3.77220917],[1.2987122],[3.61992749]
[3.71565917],[1.28744897],[3.59775883]
[3.62971002],[1.29757316],[3.56486027]
[3.53456884],[1.30433118],[3.53016433]
[3.49744599],[1.30363516],[3.53640821]
[3.45010268],[1.28563337],[3.52614904]
[3.40864704],[1.26731496],[3.54924105]
[3.36136662],[1.2481543],[3.55611304]
[5.74473032],[1.4267489],[5.50405475]
[3.40647501],[1.05577765],[1.98144258]
[1.9610912],[0.67650579],[0.68112581]
[0.79465132],[0.19492961],[0.06965284]
[2.06814191],[0.57313643],[0.77300569]
[2.42083951],[0.84528362],[1.44891816]
[2.56272867],[0.94804028],[1.74691111]
[2.61537499],[1.01141282],[1.88277519]
[3.00233256],[1.03337547],[2.14988785]
[3.26908055],[1.04488674],[2.37826849]
[3.40865739],[1.06290133],[2.59866698]
[3.52857988],[1.08022507],[2.78614681]
[3.54066781],[1.12587271],[3.00627205]
[3.63157515],[1.18810797],[3.15289489]
[3.65654406],[1.26358822],[3.31826341]
[3.81087304],[1.30780578],[3.48518068]
[3.8846209],[1.34504088],[3.63368313]
[3.95143635],[1.37465319],[3.75767528]
[4.02237581],[1.4067376],[3.89757801]
[4.04505117],[1.42661157],[3.99234647]
[4.16229296],[1.44313094],[4.13341708]
[4.25081817],[1.45624557],[4.29380017]
[4.27805597],[1.47119456],[4.38455992]
[4.30716329],[1.48420958],[4.50233127]
[4.32455867],[1.4927045],[4.56511916]
[4.34909849],[1.49342794],[4.62834039]
[4.36388422],[1.49155228],[4.65890311]
[4.39706946],[1.48895724],[4.69245314]
[4.41699588],[1.48634345],[4.67680061]
[4.44745613],[1.48437975],[4.66950332]
[4.43504062],[1.48149137],[4.62756425]
[4.43364673],[1.47814954],[4.60745135]
[4.44870852],[1.46595073],[4.5934567]
[4.41491039],[1.46849553],[4.56655333]
[4.42427135],[1.46481145],[4.53800671]
[4.38704627],[1.46265055],[4.49849332]
[4.39818553],[1.4604607],[4.47068439]
[4.36222875],[1.45771464],[4.41427031]
[4.32841441],[1.45604623],[4.37484279]
[4.30812134],[1.45372822],[4.3437395]
[4.28826878],[1.44070809],[4.31388882]
[4.27544288],[1.42691127],[4.28171983]
[4.24974818],[1.41296235],[4.23433339]
[4.2304001],[1.39882765],[4.14047505]
[4.16815455],[1.38187683],[4.0349248]
[4.03194503],[1.36360264],[3.90699305]
[3.95132716],[1.34587962],[3.8364283]
[3.90582808],[1.32528968],[3.78057587]
[3.84792482],[1.30846881],[3.72418545]
[3.76364765],[1.29702323],[3.66107963]
[3.68857599],[1.30263673],[3.61296925]
[3.60865915],[1.30185723],[3.58307248]
[3.52019968],[1.2826044],[3.55926818]
[3.47973511],[1.26389678],[3.57930586]
[3.44517441],[1.24485864],[3.59312358]
[5.76167996],[1.4604151],[5.70826763]
[3.38676589],[1.08090158],[2.0210292]
[1.90127505],[0.66766694],[0.66606362]
[0.69460279],[0.17004354],[0.05211689]
[2.02132258],[0.55785449],[0.72820098]
[2.41645829],[0.84803631],[1.4454371]
[2.56314373],[0.95189936],[1.75331936]
[2.62267726],[1.01511619],[1.89053835]
[3.04971439],[1.03964102],[2.20354645]
[3.27882462],[1.05380264],[2.42901573]
[3.42933782],[1.08771476],[2.70212846]
[3.55292658],[1.14852194],[2.96432344]
[3.57443788],[1.2261215],[3.20917252]
[3.72896307],[1.28075972],[3.39950971]
[3.7977676],[1.326671],[3.5620752]
[3.89503614],[1.35752452],[3.69865111]
[3.96881957],[1.39324844],[3.8461498]
[4.00909548],[1.42274817],[3.95706324]
[4.08413238],[1.45386095],[4.09661087]
[4.18369511],[1.47293284],[4.30399459]
[4.32472547],[1.48897237],[4.51394364]
[4.39751574],[1.50210845],[4.6773859]
[4.41009537],[1.51697873],[4.77911913]
[4.43991835],[1.53010245],[4.87561186]
[4.44633798],[1.53901321],[4.98275682]
[4.47288763],[1.54050028],[5.02916642]
[4.48077712],[1.53843553],[5.08553182]
[4.51259409],[1.5351623],[5.11046962]
[4.52487229],[1.53216446],[5.12811372]
[4.55758123],[1.52941216],[5.09572913]
[4.55030538],[1.52610184],[5.06578923]
[4.55875959],[1.52342118],[5.02835074]
[4.56320843],[1.51389919],[5.02207426]
[4.55439268],[1.51770706],[4.98286866]
[4.55058353],[1.51468953],[4.95999542]
[4.53826849],[1.51103803],[4.90487869]
[4.53380657],[1.50873155],[4.88182536]
[4.52316251],[1.50669426],[4.82051243]
[4.49310542],[1.50439329],[4.77772386]
[4.48096826],[1.50168911],[4.74677742]
[4.46706937],[1.48956902],[4.72220118]
[4.45678116],[1.47633158],[4.69433003]
[4.4409752],[1.46298644],[4.65094772]
[4.42859553],[1.44946308],[4.58240347]
[4.39501846],[1.43245453],[4.4825588]
[4.30622089],[1.41595637],[4.33620861]
[4.1965084],[1.39801406],[4.17382158]
[4.04891127],[1.37742182],[4.03402921]
[3.96973996],[1.35564222],[3.94936411]
[3.91599111],[1.34658727],[3.88060795]
[3.85703195],[1.33857466],[3.82345955]
[3.78451382],[1.32686338],[3.78858497]
[3.67207693],[1.29422393],[3.7369473]
[3.56748462],[1.27032461],[3.70064178]
[3.52953965],[1.2501058],[3.68020839]
[5.79185394],[1.47222725],[5.76948464]
[3.31995145],[1.08087818],[1.9831596]
[1.80445314],[0.65158924],[0.62623543]
[0.56216879],[0.13817895],[0.03324237]
[2.02919074],[0.57797506],[0.76064578]
[2.41707464],[0.85876457],[1.46185957]
[2.56426431],[0.95789294],[1.7651603]
[2.64295664],[1.02164484],[1.90929276]
[3.08640237],[1.0487644],[2.25153586]
[3.29402074],[1.06543452],[2.48909684]
[3.45489287],[1.12582971],[2.80578291]
[3.59836089],[1.20582612],[3.09400152]
[3.66863822],[1.27263906],[3.34881913]
[3.82733843],[1.32224478],[3.56072814]
[3.89794331],[1.3600552],[3.7212391]
[3.95711543],[1.39037543],[3.84046831]
[4.02855599],[1.42666593],[3.98762114]
[4.05359047],[1.45622762],[4.10629202]
[4.21371722],[1.48649185],[4.31873767]
[4.34348954],[1.50546981],[4.57638524]
[4.43063687],[1.52174144],[4.76810446]
[4.48917145],[1.53533747],[4.90163273]
[4.49420081],[1.55063518],[5.04379985]
[4.52321855],[1.5640216],[5.13833298]
[4.52901335],[1.57354353],[5.2575729]
[4.55340726],[1.57519793],[5.31605005]
[4.56027882],[1.57265636],[5.38739376]
[4.59411155],[1.56918418],[5.43184027]
[4.5994277],[1.56621666],[5.45886529]
[4.64460716],[1.5643741],[5.43728243]
[4.62317742],[1.56051954],[5.39307472]
[4.67145921],[1.55781787],[5.36219039]
[4.64398358],[1.54911654],[5.34628465]
[4.66176489],[1.55058097],[5.29386297]
[4.62930099],[1.54807002],[5.26827835]
[4.63910038],[1.54444246],[5.21521894]
[4.61574958],[1.54165165],[5.18491964]
[4.61688982],[1.53949767],[5.13206321]
[4.58574001],[1.5367605],[5.08787897]
[4.57591045],[1.53404884],[5.05498214]
[4.56434609],[1.52332516],[5.02526979]
[4.55449198],[1.51087316],[4.99575266]
[4.54111448],[1.49749463],[4.95041754]
[4.53119873],[1.48315547],[4.88563146]
[4.50935561],[1.46743603],[4.77115194]
[4.45105369],[1.45112408],[4.6402112]
[4.37382152],[1.43358387],[4.50850508]
[4.26665915],[1.41352025],[4.3518549]
[4.12505534],[1.39422426],[4.1626337]
[3.99527354],[1.38749396],[4.03680647]
[3.95254856],[1.37782859],[3.99696682]
[3.90320559],[1.36279641],[3.98582995]
[3.83146769],[1.33051727],[3.95437613]
[3.73910814],[1.30089529],[3.90029075]
[3.60219591],[1.27545911],[3.84303911]
[5.87086146],[1.48283476],[5.87298071]
[3.38595681],[1.08123642],[2.01699005]
[1.82653678],[0.64904099],[0.64104228]
[0.55269752],[0.14443295],[0.03466293]
[2.02446009],[0.57787629],[0.76020333]
[2.42113016],[0.86151976],[1.4683214]
[2.56873315],[0.9653147],[1.78003713]
[2.69022224],[1.02923625],[1.942607]
[3.12305001],[1.05997022],[2.31676216]
[3.3096512],[1.08007529],[2.57859542]
[3.50430135],[1.21237877],[2.99221545]
[3.71029412],[1.27550944],[3.29346143]
[3.78467631],[1.33228506],[3.53736459]
[3.89536491],[1.36723722],[3.72861141]
[3.96566462],[1.40317015],[3.89045746]
[4.00327498],[1.43262175],[3.99637362]
[4.0717302],[1.46628148],[4.14336946]
[4.17571545],[1.49376787],[4.37185934]
[4.33895822],[1.52080989],[4.62106284]
[4.44439298],[1.53860646],[4.83305613]
[4.50334603],[1.55411712],[5.01138238]
[4.55366427],[1.56783729],[5.15783619]
[4.55681157],[1.58328586],[5.3040468]
[4.58101823],[1.59720507],[5.40940781]
[4.58963248],[1.60646578],[5.55152354]
[4.61485304],[1.60697209],[5.62225759]
[4.61587562],[1.6053064],[5.69871202]
[4.67914402],[1.60162039],[5.76355182]
[4.65701723],[1.59848752],[5.7707609]
[4.75276739],[1.59527773],[5.77527618]
[4.71381469],[1.59124931],[5.72593195]
[4.79315206],[1.58845285],[5.70757768]
[4.75229016],[1.57966868],[5.68478703]
[4.7851473],[1.58208814],[5.65090451]
[4.73416574],[1.57911196],[5.60673896]
[4.76284193],[1.57543586],[5.55594962]
[4.71357483],[1.57216808],[5.51703958]
[4.74076465],[1.56968678],[5.46467688]
[4.68305644],[1.56682959],[5.40899877]
[4.66988696],[1.56382632],[5.36822198]
[4.65515412],[1.55303779],[5.33443534]
[4.64153812],[1.5410203],[5.30645779]
[4.62459316],[1.52819384],[5.25578971]
[4.61075718],[1.51424295],[5.19061935]
[4.58980542],[1.49961695],[5.06789689]
[4.54645935],[1.48554277],[4.93517981]
[4.48615976],[1.4726487],[4.80042217]
[4.40609407],[1.46144064],[4.68219779]
[4.30406739],[1.45608837],[4.58988858]
[4.15342248],[1.45011019],[4.49143718]
[4.01662973],[1.44171702],[4.42374432]
[3.98132534],[1.42862648],[4.39387826]
[3.9345668],[1.40177655],[4.36730357]
[3.87645978],[1.37709269],[4.3418554]
[3.79459545],[1.35021087],[4.29542473]
[5.91447574],[1.49579461],[6.01333997]
[3.29658548],[1.09814719],[2.0255947]
[1.74182876],[0.64208461],[0.61572029]
[0.44013842],[0.12057274],[0.02226749]
[2.0233501],[0.57850219],[0.7661007]
[2.43328656],[0.8675365],[1.48761511]
[2.57623604],[0.97339545],[1.79896196]
[2.8163035],[1.03680148],[2.00957127]
[3.16815796],[1.06806948],[2.37903594]
[3.34281454],[1.09337758],[2.65342265]
[3.56584224],[1.247084],[3.10799706]
[3.80188341],[1.31159153],[3.43211003]
[3.87441048],[1.36313755],[3.67430933]
[3.95195907],[1.39932252],[3.85953487]
[4.02129985],[1.43487402],[4.02704738]
[4.04414842],[1.46400993],[4.13701386]
[4.1706395],[1.49735707],[4.33944879]
[4.31938164],[1.52466291],[4.63780029]
[4.43531887],[1.55327066],[4.86862205]
[4.52191551],[1.57171296],[5.05037096]
[4.56591664],[1.58704556],[5.2562848]
[4.61135725],[1.60021228],[5.40956316]
[4.61563483],[1.61601655],[5.57725404]
[4.65209111],[1.63148852],[5.71499242]
[4.64279264],[1.64253963],[5.84079327]
[4.71796939],[1.64271705],[5.95054929]
[4.68551569],[1.63718474],[6.00394107]
[4.78492859],[1.63094043],[6.09186785]
[4.75082481],[1.6257014],[6.07208483]
[4.88249933],[1.62226835],[6.12282457]
[4.81250152],[1.61792726],[6.03857936]
[4.94483358],[1.61497827],[6.06237548]
[4.87625465],[1.60586175],[6.00138208]
[4.93146172],[1.60792897],[5.99383872]
[4.84324948],[1.60573081],[5.91794827]
[4.90081511],[1.60200517],[5.88764911]
[4.82113299],[1.59847768],[5.82342431]
[4.87082248],[1.59539314],[5.78686605]
[4.79839841],[1.59311778],[5.71781998]
[4.78555352],[1.5906144],[5.67609759]
[4.77125703],[1.5805524],[5.6379823]
[4.75728283],[1.56978038],[5.60588827]
[4.74188],[1.5586544],[5.56364383]
[4.72694874],[1.54640478],[5.51290933]
[4.71124103],[1.53337993],[5.39654233]
[4.66939317],[1.52109238],[5.24454666]
[4.58759254],[1.50905048],[5.11136352]
[4.53326342],[1.50087408],[4.9855989]
[4.46638352],[1.49812878],[4.91326171]
[4.374651],[1.4904966],[4.8227143]
[4.26630754],[1.48175253],[4.7386721]
[4.12789453],[1.46244511],[4.64653009]
[4.02485668],[1.43652168],[4.59417263]
[3.98625698],[1.41137746],[4.56468623]
[3.93171636],[1.38667767],[4.53468087]
[5.97016593],[1.52195795],[6.16725149]
[3.30256008],[1.11308333],[2.058329]
[1.70551827],[0.63500713],[0.61371231]
[0.37989192],[0.11304039],[0.01777675]
[1.97798954],[0.56313087],[0.73322921]
[2.44025288],[0.87486644],[1.50549781]
[2.58607102],[0.98034167],[1.81764111]
[2.91316476],[1.04386892],[2.0713268]
[3.20431224],[1.07728334],[2.43641108]
[3.38111496],[1.10589118],[2.74065266]
[3.6712805],[1.28063342],[3.2435334]
[3.87529401],[1.34769403],[3.56350051]
[3.94635071],[1.39565618],[3.80391252]
[3.99943876],[1.43182534],[3.98278551]
[4.06770514],[1.46663026],[4.16069962]
[4.12733408],[1.49440216],[4.34651253]
[4.30687746],[1.52852561],[4.62424251]
[4.43083881],[1.559479],[4.87922341]
[4.51403334],[1.58878851],[5.09568464]
[4.58661707],[1.60721716],[5.28614751]
[4.62314438],[1.62392905],[5.50949477]
[4.69337009],[1.63748194],[5.71563615]
[4.68174477],[1.65239122],[5.89164962]
[4.76471373],[1.66524537],[6.0460614]
[4.73662586],[1.67554551],[6.19051079]
[4.84250766],[1.67575275],[6.33023915]
[4.78693925],[1.67066935],[6.38859796]
[4.9370433],[1.66352232],[6.48680694]
[4.86062778],[1.65651665],[6.44202196]
[5.0236369],[1.65072569],[6.49123879]
[4.96605377],[1.64351828],[6.38336385]
[5.08190597],[1.63966514],[6.41928377]
[5.03974313],[1.63092763],[6.35261219]
[5.07272008],[1.63369235],[6.36281758]
[5.01052672],[1.63245286],[6.2754612]
[5.04572016],[1.63138419],[6.27219327]
[4.9807739],[1.62920461],[6.19989849]
[5.0197652],[1.62719063],[6.1988458]
[4.95262539],[1.62572805],[6.12277093]
[4.9437046],[1.62394274],[6.09052791]
[4.93476718],[1.61445866],[6.05914438]
[4.92652187],[1.60364571],[6.02789421]
[4.91811063],[1.59303701],[5.98351911]
[4.91000589],[1.58086654],[5.91494508]
[4.90200873],[1.56902493],[5.81305554]
[4.86275862],[1.55793028],[5.66696515]
[4.77731787],[1.54499482],[5.52553802]
[4.68225339],[1.54085801],[5.39133712]
[4.60182068],[1.53633328],[5.25234463]
[4.54036549],[1.52700196],[5.13126505]
[4.47043456],[1.51810552],[5.03433082]
[4.38574976],[1.49875359],[4.97757929]
[4.26385534],[1.47400956],[4.92150241]
[4.11281162],[1.45174583],[4.8710381]
[4.02866875],[1.42886648],[4.82613571]
[6.03474709],[1.53279916],[6.2375708]
[3.26278604],[1.1167325],[2.03109742]
[1.62844561],[0.61895149],[0.58636284]
[0.29048086],[0.0941268],[0.01074893]
[2.03247749],[0.58929911],[0.79843277]
[2.4570871],[0.89114494],[1.5487926]
[2.60262717],[0.99121402],[1.84956573]
[2.98849359],[1.05484099],[2.1378525]
[3.23835367],[1.09113922],[2.50626996]
[3.48420026],[1.14128216],[2.87758102]
[3.77247317],[1.31575186],[3.38998871]
[3.94246603],[1.3797927],[3.69640958]
[4.01150248],[1.4301758],[3.94029215]
[4.04582302],[1.46600222],[4.11628704]
[4.17299174],[1.50019011],[4.35279926]
[4.30620077],[1.5304598],[4.63803341]
[4.43152756],[1.56772512],[4.89994207]
[4.53056013],[1.59885233],[5.12074223]
[4.58891932],[1.62894681],[5.35932022]
[4.65108537],[1.64724056],[5.55813985]
[4.68298727],[1.66271787],[5.83159335]
[4.82190527],[1.67283414],[6.06061031]
[4.7936851],[1.68502251],[6.26650955]
[4.93391572],[1.69629631],[6.44242795]
[4.85990306],[1.70672832],[6.59721324]
[5.01778581],[1.70616929],[6.75562919]
[4.95693268],[1.70244513],[6.82209013]
[5.08877992],[1.71780965],[6.93435885]
[5.0477784],[1.69140419],[6.92783737]
[5.15346464],[1.69104074],[6.98313161]
[5.11986828],[1.68133825],[6.89569909]
[5.20208525],[1.67744469],[6.89476836]
[5.17520043],[1.66619696],[6.8110272]
[5.1964734],[1.6675485],[6.83064816]
[5.1597814],[1.6649061],[6.73469701]
[5.18525419],[1.66426565],[6.74789994]
[5.14739265],[1.66245918],[6.67215429]
[5.17272477],[1.66010895],[6.67073937]
[5.1369435],[1.65817107],[6.59321146]
[5.12462964],[1.65596559],[6.55279553]
[5.115995],[1.64622074],[6.51382994]
[5.10960154],[1.63525356],[6.47535939]
[5.10062901],[1.62399502],[6.42599933]
[5.09459415],[1.61223482],[6.35436203]
[5.08801669],[1.60066762],[6.26064689]
[5.06205023],[1.58910076],[6.09371133]
[5.00161418],[1.57451951],[5.91505855]
[4.90298184],[1.56931393],[5.78276392]
[4.78804222],[1.56684878],[5.64060652]
[4.68401786],[1.55945348],[5.47195348]
[4.61453436],[1.54898804],[5.31172673]
[4.5587396],[1.52876102],[5.26463588]
[4.48353365],[1.50639509],[5.22687433]
[4.38907573],[1.48540804],[5.18575638]
[4.23780722],[1.45765971],[5.08914073]
[6.18807416],[1.55873825],[6.38656092]
[3.43878839],[1.12547925],[2.12647742]
[1.67987219],[0.62413431],[0.62393313]
[0.33362975],[0.1251276],[0.0175135]
[2.04110857],[0.58952445],[0.80943483]
[2.47491486],[0.90128666],[1.58167825]
[2.70439706],[1.00322905],[1.90121695]
[3.05929651],[1.0639419],[2.20886859]
[3.26983097],[1.10756866],[2.60301229]
[3.57433415],[1.20180774],[3.07283883]
[3.8423517],[1.36901626],[3.57162918]
[3.9924869],[1.42581778],[3.85918846]
[4.05996507],[1.47600479],[4.10677206]
[4.12505631],[1.51165793],[4.36270259]
[4.30821983],[1.55024874],[4.69341258]
[4.42162952],[1.57871951],[4.94510508]
[4.51572407],[1.61448182],[5.18730862]
[4.59896083],[1.64405233],[5.40959347]
[4.64252021],[1.67060636],[5.68894042]
[4.73478802],[1.68476653],[5.91810236]
[4.77877824],[1.69732915],[6.24490845]
[4.99758277],[1.70786411],[6.51623436]
[4.94420838],[1.72136271],[6.7437995]
[5.08023998],[1.73343734],[6.96326712]
[5.04025823],[1.74478462],[7.14847148]
[5.14447017],[1.7577727],[7.38056693]
[5.11626616],[1.76883982],[7.46728728]
[5.20871616],[1.81039609],[7.5820637]
[5.19758751],[1.78092856],[7.62125605]
[5.26964281],[1.78960015],[7.62997342]
[5.27389713],[1.75534747],[7.62619562]
[5.34431401],[1.75727343],[7.56690621]
[5.36600877],[1.73149681],[7.53557694]
[5.35324089],[1.72807333],[7.48402374]
[5.32840871],[1.70653904],[7.37555468]
[5.31906514],[1.70373712],[7.34073594]
[5.2955501],[1.69991636],[7.2529413]
[5.29639049],[1.69659555],[7.22771495]
[5.27753775],[1.69419201],[7.1591732]
[5.25108471],[1.69258345],[7.09803041]
[5.23873043],[1.68302253],[7.05095655]
[5.23245432],[1.67251034],[7.00234692]
[5.2255001],[1.66153909],[6.93666626]
[5.22062894],[1.65088882],[6.85430091]
[5.21490989],[1.63951262],[6.75853847]
[5.19477251],[1.62846881],[6.60049743]
[5.15551259],[1.61263126],[6.41494136]
[5.08895729],[1.60815218],[6.25086672]
[5.00487554],[1.60349975],[6.09610911]
[4.88244405],[1.59540226],[5.97655396]
[4.7670826],[1.58887641],[5.87178944]
[4.67071594],[1.57530675],[5.76451469]
[4.61684573],[1.55624866],[5.65691986]
[4.555764],[1.53771091],[5.5470929]
[4.46455795],[1.51385636],[5.44043739]
[6.27072395],[1.59477398],[6.59765901]
[3.41569694],[1.14936613],[2.17874721]
[1.62312797],[0.63968905],[0.61949609]
[0.26965193],[0.11466647],[0.01258321]
[2.02210542],[0.59096621],[0.80142866]
[2.48702333],[0.90982269],[1.60704186]
[2.81395045],[1.01377235],[1.9600832]
[3.11267666],[1.07175948],[2.26724225]
[3.29532895],[1.13472784],[2.69618857]
[3.64572411],[1.24392035],[3.22457526]
[3.89957178],[1.39809915],[3.7117401]
[4.03569238],[1.46088002],[3.99805811]
[4.12254189],[1.51669643],[4.26929185]
[4.28133125],[1.55608208],[4.65104219]
[4.41853799],[1.5942453],[4.97973552]
[4.51654416],[1.62485186],[5.21338921]
[4.58773089],[1.66257873],[5.51645788]
[4.65705532],[1.68782738],[5.75239441]
[4.6930651],[1.71048094],[6.11982824]
[4.8418735],[1.72468205],[6.41077739]
[4.92029878],[1.73764913],[6.76881318]
[5.14781347],[1.74870173],[7.13291889]
[5.13191632],[1.76198854],[7.41483185]
[5.22292008],[1.80259162],[7.68370687]
[5.21410598],[1.82000279],[7.89280649]
[5.28381405],[1.85885986],[8.09417229]
[5.29285431],[1.87821302],[8.22505172]
[5.36197331],[1.90418601],[8.33566763]
[5.38815348],[1.88216176],[8.41890913]
[5.4451031],[1.88857078],[8.42732612]
[5.47907084],[1.85974393],[8.43217215]
[5.52096113],[1.86017517],[8.36059313]
[5.57466959],[1.8370959],[8.32483425]
[5.53919965],[1.83174438],[8.2367733]
[5.52937243],[1.80817141],[8.12227366]
[5.4987163],[1.80134358],[8.04400709]
[5.4834682],[1.77840118],[7.93675771]
[5.45964124],[1.76391237],[7.86103327]
[5.4451812],[1.74698535],[7.77145694]
[5.41181544],[1.73224265],[7.66810285]
[5.39766782],[1.72346524],[7.59460342]
[5.38960419],[1.71099821],[7.52492035]
[5.37905311],[1.69258333],[7.44627591]
[5.37586374],[1.68218015],[7.34727164]
[5.36926909],[1.67135126],[7.23359287]
[5.34986696],[1.66079565],[7.06189479]
[5.30196642],[1.64480032],[6.87477301]
[5.22403592],[1.63480105],[6.67359201]
[5.1673525],[1.63012787],[6.48174901]
[5.09007475],[1.62256998],[6.31460219]
[4.99231994],[1.61291317],[6.17532687]
[4.86545916],[1.60220989],[6.06352901]
[4.74680172],[1.58725846],[5.93946171]
[4.67276675],[1.57050071],[5.82441328]
[4.61200883],[1.54877884],[5.7075513]
[6.37836383],[1.67059614],[6.89414188]
[3.51503373],[1.16922042],[2.27266776]
[1.62736927],[0.66070215],[0.63691347]
[0.24960625],[0.12024471],[0.0122497]
[1.93526745],[0.57903847],[0.7435135]
[2.49163891],[0.9160395],[1.62349007]
[2.88459113],[1.02362783],[2.00754736]
[3.14613178],[1.07887224],[2.31029356]
[3.31337168],[1.17153356],[2.78419849]
[3.68979116],[1.28778802],[3.36106562]
[3.93364427],[1.44252378],[3.86251167]
[4.065182],[1.51143618],[4.15767071]
[4.24167646],[1.57031925],[4.52095989]
[4.3857263],[1.61004931],[4.96419706]
[4.50462929],[1.64951775],[5.33823105]
[4.59884308],[1.67519829],[5.60978518]
[4.6580648],[1.70536759],[6.00004093]
[4.75797926],[1.72853126],[6.30838906]
[4.8068858],[1.74971622],[6.67693431]
[5.05516163],[1.76265573],[7.00438331]
[5.13377918],[1.77508626],[7.39491881]
[5.29765579],[1.834566],[7.81299456]
[5.33101208],[1.85348279],[8.13530891]
[5.39060342],[1.89860139],[8.38603231]
[5.42259131],[1.91714512],[8.6432042]
[5.47080953],[1.95030422],[8.86290259]
[5.51143149],[1.97007218],[9.04102248]
[5.54589158],[1.98890363],[9.13512053]
[5.5977952],[1.97296804],[9.25960179]
[5.6576229],[1.97225246],[9.30247951]
[5.75532546],[1.94799667],[9.36750813]
[5.83249506],[1.94691539],[9.33531157]
[5.92931243],[1.92675815],[9.33261049]
[5.94311655],[1.92055513],[9.21746189]
[5.89041579],[1.89958612],[9.07898964]
[5.80555552],[1.89134343],[8.91331943]
[5.77552522],[1.87011753],[8.79223751]
[5.6830113],[1.85649908],[8.61254761]
[5.6750598],[1.84121161],[8.49698013]
[5.59077892],[1.82763254],[8.3378507]
[5.56810014],[1.81472716],[8.23133546]
[5.55606871],[1.80079379],[8.12468118]
[5.54148033],[1.77855352],[8.00153576]
[5.53981131],[1.72886722],[7.87310266]
[5.53329731],[1.69922049],[7.73748207]
[5.5183797],[1.68735821],[7.56414894]
[5.47515233],[1.67289168],[7.34947886]
[5.39921635],[1.66313693],[7.12924163]
[5.31803991],[1.65768122],[6.92234684]
[5.2419188],[1.64991524],[6.72363919]
[5.18151795],[1.63923581],[6.54010061]
[5.09912631],[1.62781917],[6.38091129]
[4.98767475],[1.61469501],[6.23694343]
[4.85392143],[1.59964458],[6.10762712]
[4.73699043],[1.58035742],[5.96972371]
[6.46138294],[1.71587291],[7.08320116]
[3.55898524],[1.1796231],[2.31680008]
[1.56900866],[0.66846231],[0.62677659]
[0.19868483],[0.10544421],[0.00818755]
[1.97542588],[0.61011403],[0.7833493]
[2.50765636],[0.9304695],[1.66406404]
[2.93579158],[1.03802809],[2.06150679]
[3.17875413],[1.0918929],[2.36948556]
[3.3670619],[1.2331966],[2.94559372]
[3.76173716],[1.35818872],[3.57493053]
[3.99653529],[1.50722743],[4.09505584]
[4.21573794],[1.57419102],[4.46014549]
[4.40144609],[1.63478439],[4.96123753]
[4.52306454],[1.66858284],[5.33285641]
[4.60704399],[1.69888299],[5.80494553]
[4.68864689],[1.721039],[6.1575508]
[4.728513],[1.74671603],[6.58391658]
[4.90860652],[1.76772006],[6.88009221]
[4.97906216],[1.78786863],[7.25891691]
[5.20084319],[1.82452397],[7.68253653]
[5.289348],[1.87692242],[8.09777555]
[5.42159917],[1.92583412],[8.50102053]
[5.52244939],[1.94749007],[8.88245203]
[5.55763891],[1.98569336],[9.18720884]
[5.61449985],[2.00687058],[9.47360905]
[5.69708534],[2.03474736],[9.74575739]
[5.81171894],[2.05521684],[9.98499655]
[5.89163083],[2.06872898],[10.15026736]
[5.95450619],[2.0576555],[10.2837272]
[6.08167414],[2.05280749],[10.45544144]
[6.11019374],[2.03383758],[10.47783582]
[6.25817333],[2.02541043],[10.53128474]
[6.30870229],[2.00773698],[10.49576444]
[6.44876172],[1.99842009],[10.48058717]
[6.39652977],[1.97991485],[10.2718139]
[6.38387321],[1.9717086],[10.16026357]
[6.2787727],[1.95289207],[9.95416798]
[6.24759248],[1.93965798],[9.81422253]
[6.16141215],[1.92450186],[9.62057771]
[6.10658863],[1.91088233],[9.43568729]
[6.0205232],[1.89903101],[9.2369615]
[5.97474415],[1.88633873],[9.06027264]
[5.9204972],[1.86812408],[8.86672165]
[5.88943641],[1.82394453],[8.66450515]
[5.85354952],[1.77550163],[8.43807729]
[5.82103015],[1.72629409],[8.2004823]
[5.73626244],[1.69617624],[7.86292871]
[5.58181341],[1.68998367],[7.59859011]
[5.50452717],[1.68296117],[7.34811127]
[5.41685767],[1.67444038],[7.12393783]
[5.33670954],[1.66287389],[6.93745065]
[5.26406585],[1.6510494],[6.75278055]
[5.18595389],[1.63570264],[6.53702731]
[5.09606088],[1.61698512],[6.34927905]
[4.96131778],[1.59389353],[6.18891786]
[6.60291326],[1.76956411],[7.32263159]
[3.70844046],[1.20042378],[2.42130321]
[1.5921575],[0.68764244],[0.65741836]
[0.30994973],[0.17111484],[0.02308086]
[1.95590039],[0.62186568],[0.77816433]
[2.53303804],[0.94365063],[1.69984036]
[3.01166115],[1.05136785],[2.13373121]
[3.23024713],[1.10382003],[2.442175]
[3.46742381],[1.30759672],[3.17886108]
[3.81543991],[1.43862228],[3.80598119]
[4.04026456],[1.57348086],[4.33675705]
[4.33380235],[1.63652063],[4.84096347]
[4.49730693],[1.68867384],[5.36217893]
[4.60559103],[1.71870576],[5.73521694]
[4.67222758],[1.74543715],[6.34719443]
[4.7833622],[1.76535795],[6.73179446]
[4.82846475],[1.78799924],[7.12840363]
[5.05478156],[1.81922613],[7.52737659]
[5.14204533],[1.85859835],[7.93844688]
[5.31187032],[1.91650008],[8.40200799]
[5.42159927],[1.96719537],[8.81083808]
[5.5627686],[2.01192169],[9.25971145]
[5.75622413],[2.03546374],[9.72384674]
[5.83918944],[2.06810943],[10.12010491]
[5.93713669],[2.08654185],[10.46964965]
[6.12725819],[2.11281539],[10.83594231]
[6.24248679],[2.1319294],[11.07482734]
[6.41969401],[2.14611203],[11.37616314]
[6.43968221],[2.14022081],[11.49157342]
[6.56520256],[2.13380766],[11.7773295]
[6.60989182],[2.11712115],[11.83883048]
[6.67419603],[2.10730487],[11.9822048]
[6.74828533],[2.09089228],[11.90559105]
[6.78249753],[2.08005231],[11.87377337]
[6.86280532],[2.06321361],[11.74407912]
[6.83585304],[2.05090395],[11.58672192]
[6.79717332],[2.0336099],[11.38559749]
[6.73900113],[2.01930266],[11.22006761]
[6.66589033],[2.00407833],[10.99188023]
[6.60989226],[1.99144039],[10.79427205]
[6.52968119],[1.97917307],[10.54013589]
[6.46100706],[1.96620068],[10.3075896]
[6.39321944],[1.95010512],[10.04927913]
[6.33400592],[1.90805927],[9.79465876]
[6.28265756],[1.86490511],[9.54337824]
[6.2248772],[1.82064796],[9.21683402]
[6.12702532],[1.77888987],[8.79374635]
[5.9498712],[1.73423348],[8.30240655]
[5.75096929],[1.71202797],[7.90182391]
[5.58572123],[1.70248688],[7.60376354]
[5.50956328],[1.69155048],[7.37261001]
[5.42114727],[1.68023791],[7.19509177]
[5.31359335],[1.66760308],[6.98900219]
[5.24807025],[1.64945197],[6.77504708]
[5.15591853],[1.63088742],[6.54917675]
[7.13314625],[1.81339352],[7.70637637]
[3.68845719],[1.22644425],[2.49443198]
[1.62991249],[0.70633972],[0.67530206]
[0.23027008],[0.12431402],[0.01148305]
[1.91978515],[0.62632514],[0.76578428]
[2.55100614],[0.94904894],[1.71921618]
[3.0612248],[1.05546609],[2.17754874]
[3.27777596],[1.11035808],[2.48953375]
[3.5331333],[1.33864425],[3.28670517]
[3.84414358],[1.4733776],[3.92089735]
[4.08509685],[1.60922051],[4.50104236]
[4.39346422],[1.67025882],[5.05913476]
[4.5441697],[1.71955152],[5.57899187]
[4.64452831],[1.74890527],[6.0334327]
[4.70269348],[1.77482017],[6.71423555]
[4.84430918],[1.79430185],[7.10071445]
[4.88636731],[1.84157847],[7.55960754]
[5.13009155],[1.90296498],[8.02962657]
[5.21530494],[1.95145375],[8.47846103]
[5.36334504],[2.00096093],[8.97021079]
[5.51127381],[2.05085403],[9.456702]
[5.68419538],[2.08681923],[9.92850323]
[5.90550021],[2.11420711],[10.49318081]
[6.03629411],[2.15012566],[10.9898147]
[6.19618723],[2.17713392],[11.39461234]
[6.46062211],[2.19612697],[11.86728906]
[6.61126585],[2.2209468],[12.2011585]
[6.72891286],[2.26711698],[12.61239428]
[6.78188015],[2.2837842],[12.83055606]
[6.84992968],[2.281976],[13.13041424]
[6.95965656],[2.25725671],[13.28116158]
[7.00919912],[2.22590728],[13.4384491]
[7.23209593],[2.20303332],[13.53930574]
[7.28822274],[2.17437401],[13.49402462]
[7.34552755],[2.1542919],[13.45860695]
[7.26754413],[2.13707419],[13.20931505]
[7.26002984],[2.12259214],[13.05308544]
[7.15831278],[2.10942032],[12.78137985]
[7.16375463],[2.09497589],[12.62493341]
[7.02951775],[2.08163894],[12.34736615]
[7.03496497],[2.06838827],[12.16826224]
[6.89459831],[2.05457488],[11.86029824]
[6.84631374],[2.03961516],[11.57008716]
[6.79850028],[2.00174183],[11.27338903]
[6.74480824],[1.96300349],[10.96496666]
[6.68247736],[1.92392146],[10.5724569]
[6.58022941],[1.88533591],[10.04582848]
[6.38623055],[1.84026009],[9.2667432]
[6.09335993],[1.79871049],[8.68815514]
[5.88391434],[1.75566471],[8.2369273]
[5.73864439],[1.71631211],[7.88491314]
[5.60975097],[1.7046665],[7.62751095]
[5.4898123],[1.69084194],[7.3876017]
[5.38647155],[1.67336872],[7.17187239]
[5.29492104],[1.65518656],[6.94914323]
[9.02209893],[1.89039886],[8.28335385]
[3.69667173],[1.2416045],[2.51751731]
[1.67698208],[0.70794036],[0.68581167]
[0.18260714],[0.08958616],[0.00584588]
[1.78183986],[0.61097955],[0.71177423]
[2.56091775],[0.95289125],[1.7301647]
[3.09708397],[1.05909865],[2.21199068]
[3.31617939],[1.11588604],[2.52738599]
[3.58517607],[1.3619763],[3.36681628]
[3.86906334],[1.4973787],[4.01464768]
[4.12752],[1.63148645],[4.64302938]
[4.44115243],[1.68932855],[5.23292993]
[4.58554554],[1.73761443],[5.74521416]
[4.67865257],[1.76706679],[6.26403674]
[4.73118997],[1.79328074],[6.94738235]
[4.92476198],[1.83553213],[7.3887521]
[4.9830553],[1.90191462],[7.88979817]
[5.19408412],[1.9580596],[8.41549281]
[5.28002819],[2.01221114],[8.92125079]
[5.41908999],[2.0621708],[9.43551151]
[5.59219699],[2.11162438],[9.95004015]
[5.84021719],[2.14761558],[10.4622917]
[6.01954755],[2.18546497],[11.11310476]
[6.2189663],[2.2199866],[11.70212853]
[6.36584815],[2.27303232],[12.15226155]
[6.64702137],[2.31761766],[12.72033756]
[6.77429724],[2.3673209],[13.12397309]
[6.88644181],[2.41398442],[13.58205564]
[6.99583269],[2.44341038],[13.88155023]
[7.04948952],[2.44450758],[14.18288986]
[7.24692127],[2.42266806],[14.46106682]
[7.3389776],[2.38241156],[14.66844104]
[7.47625563],[2.35364504],[14.85142515]
[7.531578],[2.32612649],[14.82476487]
[7.57807383],[2.30093561],[14.77280031]
[7.56666373],[2.2705589],[14.574434]
[7.54730658],[2.24734673],[14.41140899]
[7.51189818],[2.22105094],[14.18655699]
[7.48748702],[2.19383256],[14.00816893]
[7.42098017],[2.17024155],[13.73300814]
[7.3875332],[2.14724952],[13.53703332]
[7.31291564],[2.13010305],[13.2126049]
[7.23606395],[2.11649947],[12.89097836]
[7.15824614],[2.08467278],[12.57387913]
[7.07177534],[2.04743589],[12.23456703]
[6.96453285],[2.00945287],[11.82222191]
[6.87613562],[1.97373097],[11.28025142]
[6.71213516],[1.92840119],[10.42163472]
[6.32058019],[1.88585918],[9.44677373]
[6.09017575],[1.84350201],[8.85888756]
[5.91757312],[1.799895],[8.4132308]
[5.7855553],[1.75994782],[8.04490664]
[5.63727759],[1.71033766],[7.74902947]
[5.51351913],[1.69295658],[7.49450271]
[5.40766308],[1.67470942],[7.26678819]
[9.6392131],[1.91172604],[8.89366474]
[3.63494117],[1.23971447],[2.45696479]
[1.66454331],[0.70102028],[0.67157989]
[0.10206338],[0.04673053],[0.00111906]
[1.90943355],[0.64090306],[0.77692132]
[2.57624661],[0.96479316],[1.76324489]
[3.12477432],[1.06682496],[2.25026421]
[3.36869498],[1.14442501],[2.58373475]
[3.66027396],[1.39165184],[3.48981385]
[3.91034141],[1.52792854],[4.14660514]
[4.22013141],[1.65734503],[4.82404048]
[4.50694296],[1.70958685],[5.42780896]
[4.63419436],[1.7570877],[5.95969295]
[4.73481095],[1.7852803],[6.54386835]
[4.8018879],[1.82021373],[7.2050738]
[5.02992559],[1.88756307],[7.71201188]
[5.08529292],[1.95580075],[8.22415971]
[5.25839759],[2.00713283],[8.79355403]
[5.34185492],[2.06627535],[9.31526529]
[5.49266571],[2.11102068],[9.83290675]
[5.72495908],[2.15968657],[10.37723058]
[5.97721428],[2.20244449],[11.01601123]
[6.17554286],[2.29277738],[11.71832216]
[6.41167506],[2.35234881],[12.43705283]
[6.60507268],[2.4057835],[12.95250578]
[6.79364025],[2.44778915],[13.57286908]
[6.94139185],[2.4946268],[14.03142679]
[7.08407833],[2.53446135],[14.50402652]
[7.27141526],[2.56255583],[14.89350877]
[7.3613973],[2.5643663],[15.23051699]
[7.47758456],[2.55038016],[15.58645453]
[7.53676364],[2.51768504],[15.82903484]
[7.62323646],[2.48608944],[16.02486902]
[7.69407007],[2.46075997],[16.08997701]
[7.74513758],[2.42570777],[16.0046409]
[7.82928005],[2.39238211],[15.88201101]
[7.75711581],[2.36399735],[15.65431505]
[7.77212685],[2.33821259],[15.4846383]
[7.70080536],[2.30900096],[15.21931199]
[7.69606549],[2.28339785],[15.00841563]
[7.62029261],[2.2584515],[14.72398448]
[7.60655258],[2.23510613],[14.44669434]
[7.51965314],[2.20855281],[14.09358801]
[7.46142592],[2.18509933],[13.77166703]
[7.39755616],[2.13448366],[13.43788094]
[7.30811697],[2.07208687],[13.02455286]
[7.20672504],[2.03520513],[12.49441611]
[7.11002451],[1.99367801],[11.71768158]
[6.68672126],[1.94873938],[10.35469105]
[6.2591546],[1.89960632],[9.41737613]
[6.06500894],[1.85978027],[8.86259706]
[5.90541868],[1.81867322],[8.42516232]
[5.76970956],[1.75808584],[8.01897413]
[5.63930591],[1.69613402],[7.7220872]
[5.49745175],[1.67611981],[7.45544248]
[10.40744218],[1.93411316],[10.30260689]
[3.67873241],[1.24630312],[2.47113471]
[1.75155234],[0.70779859],[0.70935199]
[0.23662797],[0.10686459],[0.00962551]
[1.94459185],[0.65785634],[0.80152789]
[2.60358918],[0.97355147],[1.78845835]
[3.17405785],[1.07499123],[2.3084424]
[3.44974198],[1.19809646],[2.67298216]
[3.7218668],[1.43213942],[3.67428204]
[3.94496676],[1.56834205],[4.33537949]
[4.29538544],[1.68415181],[5.06177469]
[4.55751303],[1.73223777],[5.65066819]
[4.67475721],[1.77787916],[6.213282]
[4.80469388],[1.8089526],[6.85443285]
[4.86813401],[1.86628346],[7.47947123]
[5.1061212],[1.93711441],[8.05105713]
[5.16275271],[2.00423355],[8.59306426]
[5.3075902],[2.05504405],[9.18938884]
[5.41405345],[2.11515121],[9.70929691]
[5.56471905],[2.16277773],[10.23505947]
[5.87643913],[2.21345477],[10.89490382]
[6.14278867],[2.30095401],[11.62993998]
[6.34230224],[2.43660051],[12.42173935]
[6.61863528],[2.48389216],[13.25479438]
[6.79321214],[2.52821207],[13.83524908]
[6.95458143],[2.56536761],[14.38986138]
[7.15115678],[2.60762746],[14.90851025]
[7.37493934],[2.64322486],[15.44905788]
[7.50779208],[2.67030242],[15.88166813]
[7.56119822],[2.6724483],[16.21795992]
[7.63803175],[2.66192543],[16.5701685]
[7.6943519],[2.6324604],[16.86323078]
[7.77978944],[2.60297079],[17.09586941]
[7.98148028],[2.57852284],[17.31889611]
[8.07037024],[2.55120707],[17.27641947]
[8.1899189],[2.52576228],[17.25955874]
[8.15337787],[2.49576793],[17.04924738]
[8.14909959],[2.47035184],[16.9291519]
[8.06767538],[2.43447435],[16.60726488]
[8.05899825],[2.40110145],[16.44606339]
[7.95495253],[2.37502492],[16.07234899]
[7.95200642],[2.34932828],[15.84264024]
[7.84097399],[2.32081435],[15.40583741]
[7.76511455],[2.29434219],[15.05966649]
[7.67742236],[2.24638578],[14.6959562]
[7.60321492],[2.17663014],[14.25801957]
[7.52476296],[2.11152779],[13.7268274]
[7.43072913],[2.05386227],[13.01540193]
[7.14096404],[2.01032609],[11.69935382]
[6.49132438],[1.96128088],[10.19446729]
[6.19594742],[1.91343436],[9.42253578]
[6.01909446],[1.87445542],[8.89538262]
[5.85795011],[1.81694201],[8.43172663]
[5.74287455],[1.74539792],[8.05909367]
[5.60638006],[1.69709861],[7.74029415]
[10.96583188],[1.95458248],[11.75695887]
[3.61702449],[1.26665273],[2.50855492]
[1.75153925],[0.72048547],[0.7171209]
[0.11259843],[0.04580572],[0.00114864]
[1.98634951],[0.67903088],[0.83369141]
[2.69504857],[0.98110463],[1.8284378]
[3.2348774],[1.08144402],[2.36345857]
[3.53130471],[1.23226773],[2.77315203]
[3.77835135],[1.46084545],[3.81903498]
[4.00307908],[1.59855677],[4.50600583]
[4.36339741],[1.70558064],[5.25663755]
[4.60278279],[1.75237809],[5.85193981]
[4.71074691],[1.80114016],[6.49724398]
[4.87372197],[1.84456134],[7.15596563]
[4.95391669],[1.92642778],[7.78966181]
[5.17559325],[1.99430895],[8.42698539]
[5.23762992],[2.05605966],[9.01046639]
[5.36061752],[2.10748575],[9.58779318]
[5.49934377],[2.17757681],[10.12109429]
[5.66593691],[2.22082962],[10.66595747]
[5.99574969],[2.2829201],[11.43800425]
[6.31616711],[2.39791398],[12.23192663]
[6.55997721],[2.51281333],[13.06867054]
[6.76299495],[2.56600425],[13.94073573]
[6.97691761],[2.6146765],[14.60363638]
[7.1323488],[2.65202521],[15.1814246]
[7.41106211],[2.69218339],[15.81869675]
[7.5664336],[2.7256617],[16.37592486]
[7.66890502],[2.75426628],[16.84130867]
[7.7304872],[2.75918082],[17.23008502]
[7.77438437],[2.75381543],[17.53655744]
[7.97191499],[2.73150467],[17.95444427]
[8.09603585],[2.70727874],[18.2306478]
[8.24889621],[2.68576687],[18.51392964]
[8.31855533],[2.66294724],[18.52773972]
[8.38597953],[2.63718841],[18.4847167]
[8.39269371],[2.61160995],[18.35025674]
[8.36517588],[2.58789364],[18.18887612]
[8.32655403],[2.5610425],[17.924662]
[8.28996148],[2.53595691],[17.76347526]
[8.23578941],[2.50993348],[17.46425187]
[8.20395903],[2.48100936],[17.24737845]
[8.14531844],[2.44576849],[16.87348956]
[8.07701638],[2.4099649],[16.52238591]
[8.01078424],[2.3634233],[16.14369955]
[7.93939418],[2.29379691],[15.69720987]
[7.86236131],[2.22824834],[15.16948898]
[7.76609303],[2.15987555],[14.45130622]
[7.62592619],[2.0834759],[13.50856259]
[6.88912358],[2.0278396],[11.40757356]
[6.33360072],[1.98179549],[10.07884212]
[6.13767213],[1.93667879],[9.45304702]
[5.96670403],[1.88050124],[8.91077762]
[5.83154713],[1.8163577],[8.4646868]
[5.7128735],[1.74767061],[8.0779631]
[11.56892549],[2.00164117],[13.17650399]
[3.62679694],[1.28933167],[2.55992961]
[1.80528679],[0.72808424],[0.7433385]
[0.18175666],[0.07288814],[0.00418646]
[1.95304631],[0.68144532],[0.82053318]
[2.72183857],[0.98637389],[1.84083409]
[3.28080002],[1.08702628],[2.40660265]
[3.59714792],[1.25770766],[2.86341804]
[3.8207165],[1.48435254],[3.93415671]
[4.05175613],[1.62193821],[4.65460743]
[4.41565803],[1.72279044],[5.42097648]
[4.64171114],[1.76942802],[6.05358067]
[4.76361825],[1.82973944],[6.76413518]
[4.97067676],[1.87463848],[7.40936392]
[5.05639029],[1.97391398],[8.08061198]
[5.23532233],[2.04263939],[8.76344238]
[5.29957821],[2.10237451],[9.35930423]
[5.41746422],[2.16180767],[9.94057969]
[5.57930931],[2.22321544],[10.52129973]
[5.82788278],[2.26229394],[11.18988469]
[6.10373054],[2.38804519],[11.98780057]
[6.49603878],[2.49807965],[12.88157683]
[6.72224019],[2.60643043],[13.74945182]
[6.89663844],[2.65435713],[14.6191044]
[7.17228475],[2.69559706],[15.38707079]
[7.38870299],[2.72735357],[16.02705904]
[7.58704],[2.76191213],[16.69656612]
[7.70128399],[2.79128509],[17.23264918]
[7.80835717],[2.81630989],[17.69776363]
[8.00719539],[2.82577585],[18.17285056]
[8.04827482],[2.83115254],[18.48229494]
[8.2459442],[2.82054988],[19.02291387]
[8.34174795],[2.79848624],[19.32736763]
[8.42019556],[2.77914436],[19.63683608]
[8.47605202],[2.76395415],[19.74156653]
[8.51686604],[2.7464573],[19.73007434]
[8.5760925],[2.72971837],[19.65890666]
[8.5128398],[2.71259701],[19.47318756]
[8.51142742],[2.68938895],[19.28301015]
[8.44480888],[2.66746826],[19.06604917]
[8.42348753],[2.64465283],[18.8281596]
[8.36739101],[2.62147622],[18.57121203]
[8.33093151],[2.59313128],[18.24523658]
[8.26787471],[2.56479208],[17.8972172]
[8.21178492],[2.52944689],[17.52915723]
[8.15427374],[2.4828587],[17.09767451]
[8.08838899],[2.40580098],[16.61177013]
[8.01828209],[2.30717613],[15.92272742]
[7.90948779],[2.21800242],[14.99433949]
[7.44601478],[2.12084854],[13.43056273]
[6.70322087],[2.04853501],[11.26769698]
[6.27383201],[2.00412614],[10.097652]
[6.09088067],[1.9419834],[9.44659812]
[5.93356628],[1.87778322],[8.91560284]
[5.81412687],[1.80986096],[8.47200077]
