meltWidth,meltDepth,meltArea
[0.],[0.],[0.]
[0.],[0.],[0.]
[0.],[0.],[0.]
[0.],[0.],[0.]
[0.],[0.],[0.]
[0.],[0.],[0.]
[0.],[0.],[0.]
[0.],[0.],[0.]
[0.],[0.],[0.]
[0.],[0.],[0.]
[0.],[0.],[0.]
[0.],[0.],[0.]
[0.],[0.],[0.]
[0.],[0.],[0.]
[0.],[0.],[0.]
[0.],[0.],[0.]
[0.],[0.],[0.]
[0.],[0.],[0.]
[0.],[0.],[0.]
[0.],[0.],[0.]
[0.],[0.],[0.]
[0.],[0.],[0.]
[0.],[0.],[0.]
[0.],[0.],[0.]
[0.],[0.],[0.]
[0.],[0.],[0.]
[0.],[0.],[0.]
[0.],[0.],[0.]
[0.],[0.],[0.]
[0.],[0.],[0.]
[0.],[0.],[0.]
[0.],[0.],[0.]
[0.],[0.],[0.]
[0.],[0.],[0.]
[0.],[0.],[0.]
[0.],[0.],[0.]
[0.],[0.],[0.]
[0.],[0.],[0.]
[0.],[0.],[0.]
[0.],[0.],[0.]
[0.],[0.],[0.]
[0.],[0.],[0.]
[0.],[0.],[0.]
[0.],[0.],[0.]
[0.],[0.],[0.]
[0.],[0.],[0.]
[0.],[0.],[0.]
[0.],[0.],[0.]
[0.],[0.],[0.]
[0.],[0.],[0.]
[0.],[0.],[0.]
[0.],[0.],[0.]
[0.],[0.],[0.]
[0.],[0.],[0.]
[0.],[0.],[0.]
[0.],[0.],[0.]
[0.],[0.],[0.]
[0.],[0.],[0.]
[0.],[0.],[0.]
[0.77394444],[0.11132192],[0.04159981]
[0.76388214],[0.1930724],[0.0723606]
[1.15280966],[0.2481995],[0.22842864]
[1.22349563],[0.29581524],[0.24765847]
[1.29841554],[0.32564916],[0.32383117]
[1.33064042],[0.34026683],[0.32209883]
[1.34834753],[0.35285994],[0.36799891]
[1.43215744],[0.38084442],[0.39051314]
[1.43356328],[0.40966193],[0.44455745]
[1.76168296],[0.43369338],[0.51842976]
[1.65311007],[0.4642345],[0.53502331]
[1.93363615],[0.48513275],[0.65922574]
[1.91533738],[0.49915275],[0.67395074]
[2.0013611],[0.51592371],[0.72854375]
[2.02538059],[0.52786192],[0.77287081]
[2.04343392],[0.54211138],[0.77080557]
[2.07787672],[0.53442809],[0.80901806]
[2.076389],[0.52638302],[0.76246897]
[2.13381509],[0.52053833],[0.80148532]
[2.11840236],[0.5219693],[0.76504922]
[2.13918203],[0.51382542],[0.79145881]
[2.12203254],[0.51338204],[0.75439356]
[2.14387818],[0.50569447],[0.78490081]
[2.12740902],[0.50829621],[0.74658694]
[2.14972489],[0.50677491],[0.77941985]
[2.13150952],[0.50809913],[0.74716669]
[2.17440044],[0.52462108],[0.7801399]
[2.1590848],[0.50970924],[0.77458069]
[2.18002663],[0.50937859],[0.76983101]
[2.15890941],[0.50639857],[0.76322353]
[2.15733938],[0.50931128],[0.76031543]
[2.15916131],[0.51159293],[0.76243081]
[2.16134376],[0.51201174],[0.76361252]
[2.16232289],[0.51159211],[0.75598662]
[2.16171149],[0.50543777],[0.74626079]
[2.16474095],[0.49844154],[0.73807631]
[2.16497419],[0.48439157],[0.72144219]
[2.15348201],[0.46660249],[0.69650706]
[2.14436525],[0.45189927],[0.67893479]
[2.13588893],[0.43565024],[0.65390755]
[2.13361622],[0.42219162],[0.63209663]
[2.13407065],[0.41050454],[0.6185208]
[2.13664889],[0.40108415],[0.60746431]
[2.13829744],[0.40028646],[0.60308116]
[2.13954647],[0.40333262],[0.60608441]
[2.14020279],[0.40873297],[0.61161303]
[2.14424337],[0.41521726],[0.62109495]
[2.15284341],[0.42296393],[0.63333585]
[2.15655457],[0.42629176],[0.63238223]
[0.],[0.],[0.]
[0.],[0.],[0.]
[0.],[0.],[0.]
[0.],[0.],[0.]
[0.],[0.],[0.]
[0.21894845],[0.10995959],[0.01139092]
[0.87221845],[0.36637056],[0.15757055]
[0.92580548],[0.43604261],[0.19960816]
[1.33366516],[0.51259506],[0.44753822]
[1.3637333],[0.57865945],[0.43124647]
[1.490809],[0.61564057],[0.59884644]
[1.90755611],[0.66888462],[0.77981404]
[1.8307208],[0.72491866],[0.82464531]
[2.0973298],[0.76772874],[1.02751549]
[2.10972985],[0.81295708],[1.09223692]
[2.16750276],[0.82925713],[1.16004779]
[2.20973414],[0.83287336],[1.23054676]
[2.21400407],[0.83615078],[1.22381527]
[2.26582049],[0.83873661],[1.29845911]
[2.25180439],[0.84352808],[1.2570126]
[2.31479001],[0.85010175],[1.34262804]
[2.32314701],[0.85796199],[1.31613548]
[2.40453271],[0.84780304],[1.37100578]
[2.4247623],[0.83482567],[1.30653028]
[2.49343725],[0.82363779],[1.35464201]
[2.46028695],[0.81563959],[1.28805502]
[2.48766274],[0.80499195],[1.32066731]
[2.4460694],[0.79518217],[1.24937451]
[2.46623466],[0.78463714],[1.28729471]
[2.43289318],[0.77699925],[1.22056062]
[2.4643213],[0.7673575],[1.26015907]
[2.41091921],[0.76366162],[1.20037179]
[2.51872062],[0.75571938],[1.23795756]
[2.43070822],[0.75563291],[1.21367353]
[2.51896185],[0.75228011],[1.22892814]
[2.43411943],[0.74935568],[1.20205082]
[2.43114917],[0.74625589],[1.19196754]
[2.43181109],[0.74213166],[1.18625013]
[2.4217457],[0.74043873],[1.18421004]
[2.43094842],[0.73915051],[1.17817652]
[2.42144667],[0.73355848],[1.1648622]
[2.4131839],[0.72659089],[1.15268511]
[2.39075762],[0.72149927],[1.14314581]
[2.36963344],[0.7161464],[1.12792049]
[2.35327158],[0.70924701],[1.11502552]
[2.33657185],[0.70309496],[1.1058644]
[2.32431311],[0.69657972],[1.09379757]
[2.31583632],[0.68903838],[1.0881148]
[2.30785695],[0.68254245],[1.08253331]
[2.29798208],[0.67511804],[1.07130658]
[2.29029567],[0.66974693],[1.0615046]
[2.29233471],[0.66666282],[1.05784623]
[2.29537039],[0.66563573],[1.05728986]
[2.29746202],[0.66772889],[1.0558289]
[2.30075165],[0.66917723],[1.05722889]
[0.93954937],[0.11417717],[0.0735101]
[0.],[0.],[0.]
[0.],[0.],[0.]
[0.],[0.],[0.]
[0.],[0.],[0.]
[0.24472989],[0.11681085],[0.0135565]
[0.95000162],[0.36201215],[0.16947672]
[1.01010019],[0.45352547],[0.22657464]
[1.41975798],[0.5413411],[0.50498982]
[1.61266715],[0.65181918],[0.569505]
[1.67044089],[0.71356701],[0.74001648]
[2.07635193],[0.76326959],[0.95960603]
[2.08523473],[0.81185699],[1.03646318]
[2.181172],[0.838795],[1.15797491]
[2.26375717],[0.84414231],[1.28918639]
[2.26290402],[0.85098256],[1.27872002]
[2.34050743],[0.85553353],[1.39601282]
[2.33190456],[0.86276362],[1.36844117]
[2.38852773],[0.86968135],[1.46013191]
[2.37471066],[0.87476653],[1.41794595]
[2.44910052],[0.88375719],[1.5144586]
[2.45593308],[0.88958263],[1.47821756]
[2.62269471],[0.8832324],[1.55421658]
[2.68031997],[0.87647221],[1.51101032]
[2.70994145],[0.86555378],[1.55539935]
[2.68512834],[0.85824098],[1.48482926]
[2.69412418],[0.85007968],[1.51544334]
[2.65939136],[0.84271383],[1.44117352]
[2.6612016],[0.83540236],[1.4798282]
[2.63162554],[0.82880791],[1.40811761]
[2.64585736],[0.82363662],[1.45023898]
[2.59965386],[0.821123],[1.38511265]
[2.68801865],[0.81249465],[1.42651584]
[2.60578882],[0.81443443],[1.39247723]
[2.67164195],[0.81162281],[1.40967226]
[2.58538064],[0.80938339],[1.37453924]
[2.56887247],[0.80609468],[1.36101713]
[2.55851171],[0.80289818],[1.35308017]
[2.53337923],[0.80222805],[1.34670219]
[2.52480767],[0.80296555],[1.33864652]
[2.50385971],[0.80024825],[1.32638996]
[2.48517053],[0.79566268],[1.31255761]
[2.45149201],[0.79147549],[1.29850007]
[2.41967908],[0.78673392],[1.27960537]
[2.40227145],[0.78067941],[1.26391904]
[2.383906],[0.77583237],[1.25128544]
[2.36838015],[0.77068835],[1.23391182]
[2.35741718],[0.76476299],[1.22211865]
[2.34699244],[0.75968968],[1.2118028]
[2.34412749],[0.75315982],[1.20110182]
[2.33757123],[0.74549252],[1.18406019]
[2.33212579],[0.73936058],[1.16957825]
[2.32766705],[0.73517464],[1.15760172]
[2.32452964],[0.72995529],[1.14395362]
[2.3251566],[0.72567586],[1.13603334]
[1.42217311],[0.41423281],[0.31738018]
[0.],[0.],[0.]
[0.],[0.],[0.]
[0.],[0.],[0.]
[0.],[0.],[0.]
[0.23145594],[0.08470854],[0.00915472]
[0.96289875],[0.35464301],[0.16839352]
[1.19366798],[0.49198625],[0.29103028]
[1.506913],[0.60802111],[0.56292404]
[1.90005809],[0.69649848],[0.71093759]
[2.05402692],[0.75036066],[0.93315631]
[2.18223469],[0.7890706],[1.06166083]
[2.27514572],[0.81135279],[1.20232511]
[2.28588404],[0.82310245],[1.24428353]
[2.3837936],[0.83636837],[1.38684194]
[2.3559558],[0.84606182],[1.33410971]
[2.43831491],[0.85525407],[1.4697622]
[2.4054458],[0.86670556],[1.41913947]
[2.48476019],[0.87587433],[1.53803735]
[2.46885736],[0.88102354],[1.48009804]
[2.62580843],[0.88119405],[1.59364644]
[2.70794936],[0.88347444],[1.58054413]
[2.82851847],[0.88152975],[1.66784443]
[2.82331299],[0.87740997],[1.61619958]
[2.85955988],[0.869817],[1.66374504]
[2.83628535],[0.86411347],[1.61635761]
[2.84575925],[0.86111184],[1.64000624]
[2.81468609],[0.85807597],[1.58765018]
[2.82009994],[0.85463567],[1.61816521]
[2.7915404],[0.85208484],[1.56463204]
[2.80184886],[0.8493534],[1.59244108]
[2.76802566],[0.84735059],[1.54749572]
[2.81650668],[0.8437127],[1.57490417]
[2.76743886],[0.84202758],[1.55617498]
[2.79762722],[0.84074523],[1.55954476]
[2.74235768],[0.84278692],[1.53476086]
[2.72051459],[0.8446465],[1.52760228]
[2.70333391],[0.84664632],[1.5231494]
[2.67676676],[0.84865536],[1.51918151]
[2.66407791],[0.85047975],[1.51182446]
[2.64624551],[0.85110349],[1.5021782]
[2.62699997],[0.84809897],[1.48903672]
[2.58997626],[0.84536132],[1.46905992]
[2.50765606],[0.84198856],[1.43506562]
[2.46011641],[0.83699882],[1.41313882]
[2.44273775],[0.83281702],[1.40106253]
[2.42583634],[0.82826435],[1.38321447]
[2.41091019],[0.82297638],[1.3674378]
[2.40011528],[0.81812104],[1.35426198]
[2.39889208],[0.81191025],[1.34395438]
[2.39308305],[0.80527067],[1.3268192]
[2.38748934],[0.79641572],[1.30941551]
[2.38271674],[0.78972175],[1.29597502]
[2.37553911],[0.78446176],[1.27744261]
[2.37217922],[0.77540066],[1.25921247]
[1.30827402],[0.41900024],[0.29545244]
[0.],[0.],[0.]
[0.],[0.],[0.]
[0.],[0.],[0.]
[0.],[0.],[0.]
[0.70714825],[0.29439163],[0.10225133]
[1.26234584],[0.55277389],[0.34607835]
[1.7138958],[0.65611988],[0.56763075]
[1.96750384],[0.77188008],[0.85690098]
[2.13990289],[0.84573964],[1.0632213]
[2.27612734],[0.87207478],[1.26380963]
[2.29299258],[0.89133127],[1.30534588]
[2.38111015],[0.90929488],[1.45093822]
[2.35235091],[0.91596292],[1.40163279]
[2.43467698],[0.92289108],[1.54661998]
[2.40081293],[0.92506529],[1.47609285]
[2.47438943],[0.92555771],[1.58827267]
[2.44925067],[0.92249955],[1.54637673]
[2.52742073],[0.91778239],[1.62635867]
[2.60541355],[0.9136709],[1.58715307]
[2.77809768],[0.9124354],[1.72113386]
[2.83033018],[0.91310135],[1.69509244]
[2.91934677],[0.91249377],[1.78859082]
[2.90805798],[0.90702142],[1.71971921]
[2.9557277],[0.89851229],[1.79643034]
[2.93430078],[0.89465243],[1.73259579]
[2.96234574],[0.89099572],[1.78754754]
[2.92119453],[0.88757044],[1.70440687]
[2.94656392],[0.88334382],[1.77161389]
[2.90590066],[0.87989042],[1.68511344]
[2.93751391],[0.87607607],[1.75098022]
[2.89382246],[0.87348092],[1.67345442]
[2.94410398],[0.8701326],[1.72476119]
[2.9186757],[0.86722857],[1.71035618]
[2.93406297],[0.8674389],[1.71743946]
[2.90703566],[0.86887875],[1.69977006]
[2.8799954],[0.87042608],[1.68919046]
[2.86657785],[0.87227837],[1.6850135]
[2.84672694],[0.87370005],[1.68270841]
[2.8316904],[0.87522354],[1.67286631]
[2.81146725],[0.87602661],[1.66131474]
[2.78950312],[0.87771514],[1.64983981]
[2.75369643],[0.8792832],[1.63282351]
[2.67654911],[0.88094907],[1.59551316]
[2.58409508],[0.88294132],[1.56631883]
[2.49319154],[0.88450744],[1.54912195]
[2.47168374],[0.88342699],[1.52829263]
[2.45620038],[0.87961247],[1.5124113]
[2.45175892],[0.87465937],[1.49877768]
[2.4509846],[0.86876553],[1.48527253]
[2.44135294],[0.86094863],[1.45944914]
[2.43612704],[0.85196912],[1.4399878]
[2.43203728],[0.84388553],[1.42516109]
[2.42355566],[0.8334775],[1.39872523]
[2.4144346],[0.82474182],[1.3741988]
[1.29681815],[0.4234662],[0.28486707]
[0.],[0.],[0.]
[0.],[0.],[0.]
[0.],[0.],[0.]
[0.],[0.],[0.]
[1.20545893],[0.44009945],[0.26233316]
[1.75716281],[0.694007],[0.62407418]
[1.99217328],[0.80020554],[0.9012283]
[2.19220479],[0.86691917],[1.15491778]
[2.23368905],[0.91672858],[1.25452229]
[2.34122139],[0.9363719],[1.42225562]
[2.35014714],[0.94681027],[1.42675781]
[2.41393291],[0.95662632],[1.53711116]
[2.40036036],[0.95854704],[1.52782469]
[2.45843803],[0.95853275],[1.60373058]
[2.44444702],[0.9585216],[1.59673898]
[2.50375476],[0.95228148],[1.64924622]
[2.54923588],[0.94999828],[1.65540119]
[2.74174255],[0.94620471],[1.74606755]
[2.8219948],[0.94429262],[1.72887021]
[2.9423724],[0.94233157],[1.86392478]
[2.98406692],[0.93634086],[1.82669498]
[3.03838086],[0.93332354],[1.90035552]
[3.02105111],[0.92695195],[1.83518294]
[3.06167339],[0.92030349],[1.91481832]
[3.05243848],[0.91645704],[1.85544168]
[3.07904677],[0.91238072],[1.90752661]
[3.06240019],[0.90892626],[1.84237099]
[3.06686563],[0.90568326],[1.89352832]
[3.05048618],[0.9020638],[1.82391207]
[3.06140036],[0.89745016],[1.87675496]
[3.03831759],[0.89474],[1.81322231]
[3.06829253],[0.8899914],[1.86244869]
[3.06025691],[0.8906708],[1.85364789]
[3.0585296],[0.89053914],[1.85854328]
[3.04599681],[0.8916417],[1.84069005]
[3.01480028],[0.89261727],[1.82827186]
[3.00393737],[0.89378431],[1.82471132]
[2.9907152],[0.89487242],[1.82496869]
[2.97953144],[0.896003],[1.81665237]
[2.97003864],[0.89645546],[1.8111844]
[2.95726271],[0.89788651],[1.80622822]
[2.93683596],[0.89936895],[1.79581088]
[2.88518322],[0.90099983],[1.76113598]
[2.81839513],[0.9026121],[1.72675427]
[2.7315959],[0.90411629],[1.69221336]
[2.64248065],[0.90560175],[1.65456437]
[2.52545703],[0.90725301],[1.62526317]
[2.49383787],[0.9066195],[1.612423]
[2.48757015],[0.90462297],[1.59927082]
[2.47362449],[0.90166426],[1.57314563]
[2.46647054],[0.89437438],[1.5540442]
[2.46274946],[0.88321877],[1.53610345]
[2.45378241],[0.87167842],[1.50436705]
[2.44517452],[0.85943964],[1.47327228]
[1.26903219],[0.42618464],[0.27148022]
[0.],[0.],[0.]
[0.],[0.],[0.]
[0.],[0.],[0.]
[0.],[0.],[0.]
[1.54935026],[0.52534041],[0.41675467]
[1.97549178],[0.76127257],[0.82330055]
[2.11979438],[0.82775386],[1.04299874]
[2.28083703],[0.88077432],[1.28555138]
[2.30110505],[0.92280179],[1.34273898]
[2.39501368],[0.94065512],[1.49197196]
[2.39944962],[0.95504836],[1.52047951]
[2.46080006],[0.96935591],[1.60439263]
[2.50367634],[0.97603254],[1.62274851]
[2.60561242],[0.97557723],[1.70081042]
[2.69400265],[0.97251723],[1.70900272]
[2.82348962],[0.96859822],[1.80226918]
[2.92728013],[0.96585092],[1.8325226]
[3.01459294],[0.96151709],[1.93458844]
[3.07333156],[0.95927406],[1.9343236]
[3.13712068],[0.95697663],[2.04700337]
[3.16354127],[0.9496461],[2.00796807]
[3.19150569],[0.94675514],[2.0731371]
[3.20324793],[0.94184515],[2.03681672]
[3.2117977],[0.9385223],[2.09280295]
[3.22169455],[0.93505749],[2.05696489]
[3.2139376],[0.93128885],[2.08013311]
[3.21859059],[0.92771585],[2.03637813]
[3.20442653],[0.92449096],[2.06498677]
[3.20327402],[0.921184],[2.01922962]
[3.19889531],[0.91628725],[2.05391446]
[3.194693],[0.91362933],[2.00731214]
[3.20408298],[0.90970778],[2.0491931]
[3.21542584],[0.91075718],[2.04622823]
[3.19860381],[0.91110418],[2.05107869]
[3.20339787],[0.91214002],[2.03476476]
[3.17320791],[0.91300969],[2.02030213]
[3.1651163],[0.91384404],[2.01486733]
[3.15555409],[0.91487069],[2.01254866]
[3.14368928],[0.91573185],[2.00110236]
[3.13491302],[0.91586095],[1.99252181]
[3.12395376],[0.91691167],[1.98498401]
[3.10837759],[0.91806225],[1.97189071]
[3.07562491],[0.91915901],[1.93485792]
[3.02817369],[0.92037518],[1.90123844]
[2.96630731],[0.92157806],[1.86764406]
[2.89903544],[0.92288669],[1.82809826]
[2.82049555],[0.92383958],[1.7883813]
[2.71986593],[0.92209465],[1.74286529]
[2.610948],[0.9182419],[1.70221269]
[2.56072771],[0.9149825],[1.66876687]
[2.51433435],[0.91201877],[1.64381708]
[2.49826651],[0.90858216],[1.63108369]
[2.48619646],[0.89835259],[1.60042432]
[2.47662886],[0.88653091],[1.56867443]
[1.3295775],[0.42751486],[0.29505653]
[0.],[0.],[0.]
[0.],[0.],[0.]
[0.],[0.],[0.]
[0.],[0.],[0.]
[1.74831919],[0.53379718],[0.49942277]
[2.0779603],[0.74159591],[0.90337232]
[2.18854036],[0.79582111],[1.08095511]
[2.31961011],[0.85029812],[1.27483756]
[2.34352588],[0.89201559],[1.35426308]
[2.42407567],[0.90925496],[1.48059446]
[2.47282963],[0.92402543],[1.51967629]
[2.58572847],[0.93898728],[1.60403587]
[2.66139171],[0.94029074],[1.63280157]
[2.78694675],[0.9404086],[1.73282705]
[2.90656325],[0.94044826],[1.77543036]
[2.9872216],[0.94003887],[1.87184816]
[3.06913943],[0.94175219],[1.90479585]
[3.13652807],[0.94279345],[2.02061484]
[3.17978323],[0.94390476],[2.02366709]
[3.23122402],[0.94485628],[2.13577968]
[3.2628319],[0.94478273],[2.11094379]
[3.27616465],[0.94715662],[2.16973326]
[3.32056828],[0.94663036],[2.14399473]
[3.29313964],[0.94436105],[2.18731148]
[3.34302122],[0.94202236],[2.17086894]
[3.2973501],[0.93908296],[2.18390272]
[3.35003966],[0.93533741],[2.16325417]
[3.29421636],[0.93255362],[2.17874268]
[3.33305054],[0.93174277],[2.15421726]
[3.29187083],[0.93010319],[2.17635902]
[3.32258143],[0.93063206],[2.14993372]
[3.29335203],[0.92958326],[2.20278479]
[3.33505525],[0.93236535],[2.18406512]
[3.29329083],[0.93322622],[2.2166003]
[3.32081679],[0.93421206],[2.17766519]
[3.28752504],[0.93506812],[2.16976714]
[3.28275445],[0.9361031],[2.16665875]
[3.27653692],[0.93707694],[2.16377787]
[3.26731716],[0.93791756],[2.1607978]
[3.26171772],[0.93784456],[2.1565754]
[3.25279355],[0.93852992],[2.15241644]
[3.2440515],[0.93931468],[2.14783033]
[3.22651741],[0.94019174],[2.12036309]
[3.19688868],[0.94095273],[2.09613628]
[3.1574068],[0.94182042],[2.06342644]
[3.12580624],[0.94260095],[2.03889237]
[3.09061737],[0.94245431],[2.00934014]
[3.04946543],[0.94063495],[1.97760317]
[3.00288933],[0.93682279],[1.94320363]
[2.95627432],[0.93328838],[1.89888221]
[2.90850681],[0.92993593],[1.85771616]
[2.82359374],[0.92681632],[1.80395307]
[2.79287839],[0.92332094],[1.76447592]
[2.7316485],[0.91369941],[1.71037016]
[1.37205344],[0.42263253],[0.30196557]
[0.],[0.],[0.]
[0.],[0.],[0.]
[0.],[0.],[0.]
[0.43735213],[0.07307544],[0.01495195]
[1.92256381],[0.64649513],[0.68159325]
[2.17389915],[0.801367],[1.06788025]
[2.25563521],[0.84704937],[1.19903641]
[2.37500818],[0.89463034],[1.37548]
[2.39419117],[0.93167156],[1.45926368]
[2.47853415],[0.93919475],[1.57120227]
[2.63192802],[0.95179503],[1.63477827]
[2.74359668],[0.9632342],[1.7217645]
[2.86966153],[0.96294084],[1.77963138]
[2.9491776],[0.96331683],[1.88430265]
[3.05270679],[0.9632141],[1.92388182]
[3.11250979],[0.96297836],[2.02439525]
[3.18274793],[0.96425091],[2.05124776]
[3.22782116],[0.96504661],[2.16154512]
[3.27919783],[0.96538024],[2.16116086]
[3.29687808],[0.961481],[2.22296556]
[3.39905361],[0.96219754],[2.22321581]
[3.38699067],[0.96387606],[2.26353483]
[3.44961249],[0.96351446],[2.26953412]
[3.40391199],[0.96130189],[2.2957643]
[3.44915988],[0.95892097],[2.29124589]
[3.39829639],[0.95594004],[2.30014316]
[3.44836092],[0.95299236],[2.28749358]
[3.37900214],[0.95207322],[2.29039521]
[3.42710356],[0.95090683],[2.2803645]
[3.36476461],[0.94986738],[2.29197688]
[3.41212496],[0.95113652],[2.27714166]
[3.37950296],[0.95004734],[2.34256367]
[3.41330422],[0.95287628],[2.31517296]
[3.36697492],[0.95375258],[2.35404898]
[3.39257524],[0.95478],[2.31295154]
[3.34630629],[0.95565102],[2.30244281]
[3.33442611],[0.95649876],[2.30600382]
[3.31932412],[0.95751794],[2.30176625]
[3.30817642],[0.95862496],[2.30874728]
[3.30341159],[0.95884691],[2.30840186]
[3.29414241],[0.95936353],[2.30415344]
[3.28763182],[0.95990332],[2.28916706]
[3.27852237],[0.96077653],[2.24735359]
[3.25280975],[0.96138935],[2.20779835]
[3.2202213],[0.96200985],[2.17030541]
[3.1910427],[0.96260483],[2.14868088]
[3.16125381],[0.96152883],[2.12105815]
[3.12620875],[0.95961848],[2.09183651]
[3.09023565],[0.95577446],[2.06443762]
[3.05373607],[0.95233035],[2.02880646]
[3.01305803],[0.94917162],[1.99361012]
[2.94340173],[0.94623629],[1.94054146]
[2.91317203],[0.94360833],[1.90072967]
[2.86560192],[0.9393474],[1.84920338]
[1.55083452],[0.4458674],[0.37176027]
[0.],[0.],[0.]
[0.],[0.],[0.]
[0.],[0.],[0.]
[1.11974772],[0.19727859],[0.10797331]
[2.02944022],[0.69168649],[0.80298277]
[2.2084721],[0.8251123],[1.12262958]
[2.29646453],[0.86921145],[1.26942054]
[2.41059739],[0.9156541],[1.44189747]
[2.4236968],[0.94979323],[1.52760269]
[2.59711883],[0.96156432],[1.65690632]
[2.81743531],[0.97228218],[1.74879311]
[2.93569067],[0.97911489],[1.86157287]
[3.04187053],[0.97765615],[1.93375295]
[3.08870462],[0.97776553],[2.04479502]
[3.16893936],[0.97693347],[2.08044916]
[3.21227661],[0.9761151],[2.17515587]
[3.26658934],[0.97717376],[2.19257799]
[3.2877672],[0.97768075],[2.26232367]
[3.37860293],[0.97743127],[2.25160651]
[3.39004763],[0.97221426],[2.3079009]
[3.47402435],[0.97321278],[2.33027308]
[3.45176031],[0.97476194],[2.38824785]
[3.50497941],[0.99081972],[2.42748561]
[3.46698151],[0.98163167],[2.47154426]
[3.50484358],[0.9953132],[2.47789445]
[3.46166153],[0.97623276],[2.48819754]
[3.50530931],[0.99078666],[2.48849443]
[3.44367342],[0.97475087],[2.4883535]
[3.48367216],[0.99150186],[2.49216886]
[3.42820122],[0.97600016],[2.50320437]
[3.46859166],[0.99410729],[2.49581275]
[3.4439701],[0.98794281],[2.53398473]
[3.46924001],[0.99823628],[2.52873325]
[3.43141929],[0.9938385],[2.54387194]
[3.44887947],[0.9931284],[2.52898715]
[3.41004749],[0.99337978],[2.51550088]
[3.39440567],[0.9934858],[2.51515899]
[3.37935591],[0.99370448],[2.51010803]
[3.36860215],[0.99381741],[2.51146754]
[3.36312823],[0.99451189],[2.51016471]
[3.35306003],[0.99117667],[2.50286783]
[3.33709124],[0.97787156],[2.47559108]
[3.32956484],[0.97777411],[2.43133683]
[3.29419545],[0.97825565],[2.38910697]
[3.27073934],[0.97844834],[2.33910577]
[3.24664871],[0.97880142],[2.30175042]
[3.22258745],[0.97665693],[2.25756806]
[3.19491689],[0.97456688],[2.21972154]
[3.16648563],[0.97070651],[2.18925507]
[3.13885518],[0.96698313],[2.15461004]
[3.10934898],[0.96368397],[2.12511012]
[3.05682166],[0.96063843],[2.07514759]
[3.02307012],[0.95808876],[2.03907974]
[2.98188933],[0.95513942],[1.99062144]
[1.90238281],[0.48167678],[0.49388761]
[0.],[0.],[0.]
[0.],[0.],[0.]
[0.],[0.],[0.]
[1.52500784],[0.30030089],[0.24805289]
[2.08516555],[0.73194476],[0.88875295]
[2.25129919],[0.83676784],[1.17971196]
[2.34207298],[0.88303631],[1.33974493]
[2.44685534],[0.92966177],[1.50793034]
[2.56679951],[0.96221574],[1.6113124]
[2.82130362],[0.9744456],[1.77891273]
[3.00268639],[0.98310748],[1.88335734]
[3.07794734],[0.98737131],[1.99312109]
[3.16189347],[0.98581544],[2.06796117]
[3.17911308],[0.98503089],[2.15713471]
[3.23866674],[0.98500293],[2.18926678]
[3.26599768],[0.98376782],[2.27251398]
[3.33390151],[0.98494318],[2.27018095]
[3.33299798],[0.98519831],[2.33002018]
[3.43766589],[0.98185294],[2.32847565]
[3.45353845],[0.97788755],[2.41438229]
[3.52754351],[1.00768125],[2.47641987]
[3.51224932],[1.01419575],[2.56292469]
[3.5585178],[1.04075083],[2.60631039]
[3.52821846],[1.03273583],[2.63328296]
[3.55923896],[1.04416263],[2.64072718]
[3.52358162],[1.02574352],[2.64002247]
[3.56085879],[1.03885956],[2.63748981]
[3.50769755],[1.02308946],[2.63577892]
[3.53977079],[1.03704949],[2.63070385]
[3.49166945],[1.02171547],[2.6327646]
[3.52469928],[1.03764088],[2.62925634]
[3.50810899],[1.03070691],[2.65375439]
[3.52487069],[1.03912371],[2.65277357]
[3.49558271],[1.03333405],[2.65792552]
[3.50484249],[1.03244624],[2.64595149]
[3.47353876],[1.03291598],[2.62905841]
[3.45369549],[1.0334322],[2.62895828]
[3.43867884],[1.03346885],[2.62539615]
[3.42804071],[1.0334174],[2.62483357]
[3.42271886],[1.03336863],[2.62383222]
[3.41319681],[1.02981903],[2.61862325]
[3.39725314],[1.01644895],[2.59835009]
[3.38979628],[1.00484043],[2.56190888]
[3.35099946],[0.99322616],[2.51286626]
[3.30123197],[0.99092218],[2.45371118]
[3.28282734],[0.99048173],[2.414642]
[3.2649906],[0.9881366],[2.37129435]
[3.24266479],[0.98568573],[2.33035569]
[3.21910566],[0.98115138],[2.28695026]
[3.19707835],[0.97724291],[2.25295224]
[3.17397809],[0.97363813],[2.22397561]
[3.13519897],[0.97036788],[2.1773912]
[3.10936779],[0.96721582],[2.1458107]
[3.07480405],[0.96401347],[2.10011837]
[2.13488991],[0.56378894],[0.64081538]
[0.],[0.],[0.]
[0.],[0.],[0.]
[0.],[0.],[0.]
[1.65209872],[0.35700002],[0.31845394]
[2.14990962],[0.70288706],[0.91407998]
[2.30417388],[0.8060361],[1.18549436]
[2.39150929],[0.85413211],[1.34995899]
[2.60090147],[0.9031696],[1.53644277]
[2.77958857],[0.93681556],[1.66885116]
[2.9508934],[0.95004651],[1.83501145]
[3.1004547],[0.95896654],[1.94203779]
[3.1514178],[0.96668073],[2.0536819]
[3.21706248],[0.96680113],[2.13044998]
[3.23203837],[0.96789565],[2.21587539]
[3.28690399],[0.96887313],[2.24049929]
[3.30193733],[0.96944306],[2.30511236]
[3.39541651],[0.97164555],[2.30964526]
[3.39788598],[0.97480575],[2.40716839]
[3.49792285],[0.98084195],[2.44702509]
[3.51729144],[1.00868559],[2.55120867]
[3.58162769],[1.03515108],[2.60700368]
[3.57440386],[1.04630198],[2.67115521]
[3.61274375],[1.07014577],[2.71023013]
[3.59192641],[1.06557961],[2.7419915]
[3.6157235],[1.07990579],[2.75506402]
[3.58862915],[1.06471932],[2.75972553]
[3.61938851],[1.07773043],[2.76059549]
[3.57593745],[1.0635117],[2.76192965]
[3.59924939],[1.07840831],[2.76307558]
[3.55939766],[1.0639346],[2.76662569]
[3.58420563],[1.07909431],[2.76469683]
[3.57656258],[1.07219751],[2.78773192]
[3.58387791],[1.07997048],[2.79042349]
[3.56338942],[1.07512438],[2.79585047]
[3.56367751],[1.07423061],[2.78546032]
[3.54065692],[1.07467193],[2.76906988]
[3.51717352],[1.07511228],[2.76757941]
[3.50242066],[1.07543385],[2.76342378]
[3.49103981],[1.07531126],[2.76302487]
[3.48523834],[1.07519102],[2.76181992]
[3.47674916],[1.07242256],[2.75661704]
[3.46084881],[1.05959478],[2.73491028]
[3.45467806],[1.04825992],[2.69265803]
[3.42060657],[1.03657731],[2.64127395]
[3.37021648],[1.02396449],[2.59067801]
[3.32482401],[1.01221019],[2.54290574]
[3.29440703],[1.00077157],[2.49546884]
[3.27738385],[0.99817063],[2.44487189]
[3.25686705],[0.99406811],[2.39535154]
[3.23753644],[0.98946191],[2.35240258]
[3.21604625],[0.98503291],[2.31117856]
[3.18383184],[0.98061692],[2.25570397]
[3.15725554],[0.97651819],[2.22464464]
[3.12404065],[0.97263715],[2.17500001]
[2.37294828],[0.66104546],[0.7982297]
[0.09655713],[0.02101087],[0.00034184]
[0.],[0.],[0.]
[0.],[0.],[0.]
[1.83310072],[0.45515042],[0.44103809]
[2.2390265],[0.72127919],[1.02003179]
[2.37312342],[0.82147686],[1.27895895]
[2.4432891],[0.86850141],[1.43616254]
[2.70440602],[0.91644587],[1.6342859]
[2.88484707],[0.94887158],[1.77826507]
[3.03273898],[0.96349158],[1.94267292]
[3.17938735],[0.97358836],[2.0550373]
[3.21141403],[0.98139516],[2.16676638]
[3.26996793],[0.98108223],[2.23041035]
[3.2813915],[0.98307512],[2.31150453]
[3.36656621],[0.98522769],[2.34265543]
[3.37278868],[0.9876728],[2.41440355]
[3.47106066],[0.99082641],[2.44715452]
[3.4755163],[1.00242275],[2.55128945]
[3.56532217],[1.01864126],[2.59885505]
[3.5929249],[1.04995486],[2.68761272]
[3.64868862],[1.07360833],[2.74208047]
[3.64650248],[1.08505939],[2.80418132]
[3.67775911],[1.10692756],[2.84060555]
[3.66392396],[1.10254502],[2.86746156]
[3.67951438],[1.11681864],[2.88052048]
[3.66017867],[1.10154244],[2.88504205]
[3.68234454],[1.11410196],[2.88723592]
[3.64724787],[1.10037523],[2.88703199]
[3.66146895],[1.11398136],[2.88848496]
[3.62789609],[1.10014903],[2.88979557]
[3.6433285],[1.1145142],[2.8888166]
[3.64244935],[1.10776714],[2.90907246]
[3.63910563],[1.11476879],[2.91176539]
[3.62639127],[1.10940403],[2.91389508]
[3.61715152],[1.1082624],[2.90434862]
[3.60011964],[1.10839691],[2.88737824]
[3.57101767],[1.10853465],[2.88378856]
[3.55422732],[1.10878519],[2.87863547]
[3.54151273],[1.10874441],[2.877051]
[3.53418634],[1.10820893],[2.87359375]
[3.52506162],[1.10483026],[2.86557734]
[3.50779552],[1.09178899],[2.84209428]
[3.50025624],[1.08026681],[2.80188434]
[3.4678841],[1.06933728],[2.7507055]
[3.41642183],[1.05670661],[2.68639872]
[3.37094914],[1.0447879],[2.63155563]
[3.33153778],[1.03185621],[2.57977455]
[3.29655756],[1.01951005],[2.52836988]
[3.27813818],[1.00633981],[2.47023242]
[3.25982826],[1.00170582],[2.41152719]
[3.23636363],[0.99719966],[2.35984605]
[3.20025994],[0.9927562],[2.28869447]
[3.16730629],[0.98864423],[2.23593716]
[3.12848417],[0.98459695],[2.18283998]
[2.50646959],[0.71218405],[0.92548511]
[0.20240597],[0.04503536],[0.00291392]
[0.],[0.],[0.]
[0.],[0.],[0.]
[1.87418531],[0.46629747],[0.47794652]
[2.29036065],[0.73482938],[1.08812561]
[2.41917826],[0.83199217],[1.34471397]
[2.55317608],[0.87900804],[1.51124291]
[2.79901994],[0.93012416],[1.729661]
[2.96176314],[0.95975263],[1.8764251]
[3.08780931],[0.97284133],[2.04123824]
[3.22701775],[0.98308303],[2.15636837]
[3.24710018],[0.9923414],[2.25849567]
[3.31655238],[0.99518754],[2.31225707]
[3.30853633],[0.99769277],[2.4138049]
[3.41291973],[1.00002195],[2.45626723]
[3.42050139],[1.00254799],[2.56230635]
[3.51222696],[1.01321638],[2.61311453]
[3.52047787],[1.05905037],[2.71450546]
[3.60185695],[1.07191333],[2.75779465]
[3.63160669],[1.09713275],[2.83600018]
[3.68275299],[1.12020078],[2.88429381]
[3.67931227],[1.1254921],[2.93543211]
[3.706632],[1.14647936],[2.96993923]
[3.69534644],[1.13970233],[2.99290316]
[3.70642593],[1.15676745],[3.00829854]
[3.68908606],[1.1380274],[3.01021648]
[3.70908279],[1.1537521],[3.01528172]
[3.67731385],[1.1375687],[3.0132509]
[3.68932624],[1.15331919],[3.01685025]
[3.65854378],[1.13720712],[3.01373208]
[3.67195009],[1.15221327],[3.01579706]
[3.67522545],[1.14538253],[3.02276913]
[3.66751302],[1.15148367],[3.03243229]
[3.65932393],[1.14597443],[3.02971119]
[3.64590454],[1.14434987],[3.02174385]
[3.63240736],[1.14394813],[3.00318383]
[3.60138473],[1.14355143],[2.99612739]
[3.58464344],[1.14323434],[2.99030223]
[3.57202749],[1.14284897],[2.9859195]
[3.56454617],[1.14246546],[2.97998758]
[3.55555738],[1.14075626],[2.96972565]
[3.53831052],[1.12882713],[2.94834946]
[3.5307023],[1.11786739],[2.911627]
[3.50061723],[1.10675903],[2.86253653]
[3.44914216],[1.09462301],[2.80315791]
[3.40449637],[1.08289862],[2.74723098]
[3.36524226],[1.0705119],[2.68891786]
[3.32929934],[1.05899239],[2.63247535]
[3.29538869],[1.04425243],[2.58112417]
[3.27989558],[1.03143137],[2.53008446]
[3.26056447],[1.0195762],[2.47679383]
[3.22453281],[1.00390987],[2.37891409]
[3.1896346],[1.00002737],[2.31431184]
[3.14941768],[0.99589784],[2.22907235]
[2.41911847],[0.73816823],[0.94931282]
[0.10352799],[0.02518577],[0.00048221]
[0.],[0.],[0.]
[0.],[0.],[0.]
[1.84761926],[0.43755494],[0.44629695]
[2.29372915],[0.71739994],[1.08040264]
[2.41982099],[0.81478562],[1.3326603]
[2.54215607],[0.86282517],[1.49863544]
[2.79891169],[0.91686464],[1.71861169]
[2.97454002],[0.94819791],[1.8720754]
[3.10416681],[0.96235147],[2.0406699]
[3.25488521],[0.97549822],[2.16346811]
[3.26860554],[0.98649159],[2.26127137]
[3.35115264],[0.99060399],[2.32270847]
[3.34498674],[0.99444729],[2.45664037]
[3.44750569],[0.99704897],[2.51448983]
[3.45791454],[1.0086306],[2.62240205]
[3.54542083],[1.02732396],[2.67877355]
[3.55825278],[1.07241793],[2.77110461]
[3.63353088],[1.08487157],[2.81750972]
[3.66659508],[1.11409958],[2.89436052]
[3.71320003],[1.13716848],[2.94881294]
[3.71198132],[1.14388561],[3.00167661]
[3.73680661],[1.16749087],[3.039984]
[3.72896172],[1.15506642],[3.05945074]
[3.73696271],[1.1781569],[3.08520544]
[3.72541318],[1.1573043],[3.08767252]
[3.7431106],[1.17743447],[3.09923874]
[3.71780358],[1.1566707],[3.09147575]
[3.72575175],[1.17676891],[3.10003645]
[3.69988404],[1.1560227],[3.09235217]
[3.70867429],[1.17612234],[3.10150052]
[3.71827455],[1.16548565],[3.10001979]
[3.70488081],[1.17515817],[3.11892634]
[3.70313848],[1.16598581],[3.10942129]
[3.68313222],[1.1638435],[3.10423715]
[3.67514393],[1.1633003],[3.08569745]
[3.64141929],[1.16276333],[3.07749109]
[3.624784],[1.16256999],[3.07448541]
[3.61245209],[1.16204415],[3.06948025]
[3.60528795],[1.16152311],[3.06365147]
[3.59703867],[1.16006324],[3.05070959]
[3.57990888],[1.14768506],[3.0253449]
[3.57200474],[1.13718145],[2.98838667]
[3.54656518],[1.12655593],[2.94161948]
[3.49691474],[1.11471075],[2.88543903]
[3.45227749],[1.10268652],[2.83074705]
[3.41313353],[1.09016506],[2.77497258]
[3.37894813],[1.08016637],[2.71961145]
[3.33772971],[1.06761007],[2.65971141]
[3.30795469],[1.05774084],[2.61195235]
[3.28609729],[1.04796334],[2.56293204]
[3.25583746],[1.02120098],[2.4840973]
[3.22412684],[1.00923171],[2.39048349]
[3.18444509],[1.00475223],[2.29607569]
[2.29323231],[0.73218355],[0.91951218]
[0.],[0.],[0.]
[0.],[0.],[0.]
[0.],[0.],[0.]
[1.87069846],[0.45124468],[0.47807303]
[2.30166342],[0.73180976],[1.12975654]
[2.41896576],[0.83084561],[1.37833711]
[2.5103251],[0.87780576],[1.54392504]
[2.816788],[0.93111391],[1.76931562]
[3.01430917],[0.96069317],[1.92929437]
[3.14719342],[0.97567347],[2.10728323]
[3.29474454],[0.98894829],[2.21584111]
[3.30099149],[0.99903755],[2.31555708]
[3.40165181],[1.00320132],[2.40035829]
[3.39790756],[1.00837481],[2.54608549]
[3.49403428],[1.01269406],[2.61291569]
[3.50848901],[1.03427359],[2.71558559]
[3.59080122],[1.0524264],[2.77014557]
[3.60910646],[1.09479742],[2.8563658]
[3.6785072],[1.10613018],[2.90213681]
[3.71508252],[1.13676997],[2.98246781]
[3.75280313],[1.15721456],[3.03640562]
[3.75754563],[1.15840315],[3.08401768]
[3.78037302],[1.18107201],[3.1217165]
[3.77977351],[1.17002815],[3.14347952]
[3.78261075],[1.19318305],[3.16969348]
[3.77620021],[1.17297326],[3.17167427]
[3.78964193],[1.19246259],[3.18497479]
[3.77037414],[1.17227429],[3.17571402]
[3.77766074],[1.1917071],[3.18799497]
[3.75240072],[1.17153249],[3.17453457]
[3.75820645],[1.19097461],[3.18637316]
[3.7708278],[1.18070144],[3.17800783]
[3.75291873],[1.19006025],[3.20163246]
[3.75469519],[1.18111855],[3.18702899]
[3.72790374],[1.1792973],[3.18763883]
[3.72702338],[1.17871691],[3.17077863]
[3.69110508],[1.1781424],[3.16209827]
[3.67486115],[1.17758046],[3.1568987]
[3.66388545],[1.17701792],[3.15307007]
[3.65695764],[1.17651415],[3.14797728]
[3.64980969],[1.1751694],[3.1341888]
[3.63525905],[1.16292108],[3.11000613]
[3.62930544],[1.15245322],[3.07267967]
[3.60776606],[1.14184555],[3.02470524]
[3.55904469],[1.13033929],[2.96952824]
[3.51431725],[1.11893711],[2.91588468]
[3.47700036],[1.10713317],[2.86394004]
[3.44321088],[1.09780584],[2.81100892]
[3.40141376],[1.08526731],[2.75235728]
[3.36972858],[1.07455809],[2.69494117]
[3.3343917],[1.0646543],[2.63736172]
[3.29350264],[1.03741264],[2.55971395]
[3.25894957],[1.01882648],[2.47521433]
[3.22474358],[1.01435363],[2.35951373]
[2.26756509],[0.73363677],[0.95156556]
[0.],[0.],[0.]
[0.],[0.],[0.]
[0.],[0.],[0.]
[1.8643536],[0.44849913],[0.47955294]
[2.31171642],[0.74269305],[1.15862013]
[2.42820221],[0.84312837],[1.41282106]
[2.59827416],[0.88851522],[1.60248022]
[2.87823394],[0.94402804],[1.84476722]
[3.06404429],[0.97316846],[2.00829613]
[3.18516758],[0.98787463],[2.1884127]
[3.32341176],[1.00136833],[2.28149495]
[3.3263076],[1.01035637],[2.39608147]
[3.43416519],[1.01435566],[2.51995538]
[3.43351358],[1.01947132],[2.67647819]
[3.52588768],[1.03236123],[2.74253262]
[3.54417411],[1.07695471],[2.83835141]
[3.62244597],[1.09457194],[2.89053894]
[3.64214712],[1.13016934],[2.96588563]
[3.70887256],[1.14234416],[3.0212942]
[3.74872907],[1.16048399],[3.09423646]
[3.78308557],[1.18345191],[3.15177976]
[3.79131624],[1.1795767],[3.19222513]
[3.81940858],[1.20102757],[3.23583141]
[3.81335538],[1.19143691],[3.2555773]
[3.83265425],[1.2144634],[3.29720808]
[3.81551407],[1.19504749],[3.28399153]
[3.85264374],[1.21362082],[3.32214643]
[3.82778573],[1.19425376],[3.29893559]
[3.84403019],[1.21277877],[3.32527249]
[3.81190475],[1.19347459],[3.29725036]
[3.82797508],[1.21196089],[3.32443424]
[3.83789366],[1.20242105],[3.31072561]
[3.8234172],[1.21138857],[3.34174264]
[3.82396216],[1.20298621],[3.32086838]
[3.80310792],[1.20098689],[3.32640531]
[3.79833486],[1.20047425],[3.30296998]
[3.76254902],[1.19996709],[3.29308775]
[3.74518107],[1.19947732],[3.28584632]
[3.73571455],[1.19898104],[3.28282532]
[3.73094146],[1.19849882],[3.27951599]
[3.72585093],[1.19753214],[3.26640665]
[3.70921837],[1.18566196],[3.239499]
[3.70509748],[1.17550745],[3.20485892]
[3.64975207],[1.16557536],[3.13845159]
[3.59961451],[1.15421131],[3.0793104]
[3.55492139],[1.14292748],[3.02449311]
[3.51912412],[1.13232556],[2.97564738]
[3.48606797],[1.12411383],[2.92816311]
[3.44284063],[1.11329279],[2.87321886]
[3.41070382],[1.10317354],[2.81935784]
[3.37523061],[1.09330271],[2.76731402]
[3.33023032],[1.06916639],[2.69886245]
[3.29154074],[1.03912365],[2.62849228]
[3.26161884],[1.02431862],[2.53096832]
[2.2055049],[0.76370469],[0.95016164]
[0.],[0.],[0.]
[0.],[0.],[0.]
[0.],[0.],[0.]
[1.85609517],[0.44574865],[0.48089987]
[2.32666013],[0.75105257],[1.18498405]
[2.44942493],[0.85111206],[1.44239912]
[2.67925433],[0.89642588],[1.65669455]
[2.93511821],[0.95554646],[1.90880954]
[3.1086111],[0.98197477],[2.07127961]
[3.21784038],[0.99673483],[2.24478482]
[3.35293333],[1.01028122],[2.32990918]
[3.36414902],[1.01860061],[2.47285534]
[3.46719506],[1.02239954],[2.60893417]
[3.4696534],[1.03762879],[2.75710486]
[3.55771707],[1.05699414],[2.81780173]
[3.57836087],[1.10096507],[2.91315152]
[3.6517715],[1.11829759],[2.96395904]
[3.67452279],[1.14346931],[3.03558274]
[3.74159204],[1.15817531],[3.09695705]
[3.78740527],[1.17713148],[3.17339109]
[3.8190977],[1.19703632],[3.2324697]
[3.83155562],[1.1972105],[3.27942966]
[3.87492705],[1.21951348],[3.35442397]
[3.87192498],[1.21579198],[3.38263737]
[3.88359715],[1.23922301],[3.434127]
[3.88160576],[1.2184949],[3.42561295]
[3.89833608],[1.23224116],[3.44762018]
[3.89632101],[1.2112034],[3.42344978]
[3.89906331],[1.22848932],[3.43464385]
[3.87750673],[1.21034087],[3.40697723]
[3.8787093],[1.22774796],[3.42560569]
[3.89595597],[1.21842924],[3.41301233]
[3.87481522],[1.22700522],[3.43692772]
[3.8841373],[1.21896567],[3.42054986]
[3.85821614],[1.21693803],[3.42398098]
[3.8626116],[1.2163708],[3.40470632]
[3.82967339],[1.21580961],[3.39412696]
[3.81597756],[1.21526419],[3.38811534]
[3.80921641],[1.21505291],[3.38872924]
[3.80686239],[1.21451817],[3.38749992]
[3.80423858],[1.21366158],[3.37313424]
[3.79134944],[1.20181],[3.34671702]
[3.78728466],[1.19164214],[3.31199064]
[3.7521562],[1.18134978],[3.24880056]
[3.66601394],[1.16988064],[3.16717886]
[3.59525126],[1.15929204],[3.09950122]
[3.56074048],[1.14932489],[3.04737038]
[3.52763596],[1.1411437],[3.00102451]
[3.48437294],[1.13097452],[2.94782135]
[3.45198585],[1.12084092],[2.89588649]
[3.41619547],[1.11071534],[2.84340731]
[3.37120039],[1.08485201],[2.7743599]
[3.33150994],[1.0546724],[2.70738295]
[3.29300023],[1.03147247],[2.61380842]
[2.17382319],[0.76891905],[0.95275022]
[0.],[0.],[0.]
[0.],[0.],[0.]
[0.],[0.],[0.]
[1.82203042],[0.42325599],[0.44868835]
[2.33658497],[0.7422142],[1.17933369]
[2.47145524],[0.8440083],[1.44148457]
[2.73898858],[0.8883239],[1.67657156]
[2.97912426],[0.95130385],[1.93367858]
[3.14087794],[0.976381],[2.09273596]
[3.24624118],[0.99168385],[2.26408082]
[3.38528053],[1.00587261],[2.35209729]
[3.40377354],[1.0142228],[2.52382127]
[3.50254972],[1.01783148],[2.67722377]
[3.5084873],[1.05163623],[2.81195428]
[3.59171175],[1.07134432],[2.87528064]
[3.61553933],[1.1073123],[2.96171943]
[3.68634814],[1.12826372],[3.02828475]
[3.71700234],[1.15120465],[3.10557672]
[3.78778974],[1.17275541],[3.19144398]
[3.83742098],[1.20464713],[3.29456589]
[3.88789562],[1.23352631],[3.41351357]
[3.91854641],[1.23854907],[3.50443954]
[3.95295224],[1.26142213],[3.58560735]
[3.98337972],[1.26085338],[3.63526179]
[3.9753649],[1.2825695],[3.67532314]
[4.00033024],[1.26553373],[3.68673637]
[3.99480242],[1.27704538],[3.69450632]
[4.0169601],[1.25709282],[3.68083348]
[3.99964107],[1.26853758],[3.6682095]
[4.00266113],[1.2486908],[3.63998232]
[3.97398538],[1.26009994],[3.62611771]
[3.99133481],[1.24858947],[3.60234507]
[3.95393853],[1.25275227],[3.60375052]
[3.96389118],[1.24185025],[3.57474107]
[3.92457015],[1.23661854],[3.56006734]
[3.92733399],[1.23413326],[3.53381822]
[3.88830461],[1.23320552],[3.51538156]
[3.87551283],[1.23264535],[3.5091674]
[3.8713948],[1.23208616],[3.50840437]
[3.86937556],[1.23153334],[3.50752712]
[3.8682662],[1.23112261],[3.49337698]
[3.85854393],[1.21946272],[3.46570444]
[3.85449591],[1.20941164],[3.42883051]
[3.83351961],[1.1992476],[3.36882438]
[3.77362463],[1.18823095],[3.29134006]
[3.70245634],[1.1778019],[3.21531798]
[3.62355656],[1.16834796],[3.14062889]
[3.5774774],[1.16045534],[3.08602506]
[3.53419206],[1.15039944],[3.03148039]
[3.50154763],[1.1411008],[2.98170645]
[3.46567849],[1.13148619],[2.93108466]
[3.42080108],[1.10501881],[2.8638671]
[3.38310491],[1.07547466],[2.79985889]
[3.34536884],[1.04374447],[2.71547459]
[2.12936411],[0.75953926],[0.91476143]
[0.],[0.],[0.]
[0.],[0.],[0.]
[0.],[0.],[0.]
[1.8552714],[0.45270547],[0.49510016]
[2.35721034],[0.7564242],[1.22873971]
[2.48853233],[0.85876305],[1.49030716]
[2.77313515],[0.90396842],[1.73275478]
[3.01066044],[0.96966023],[1.99793157]
[3.17061794],[0.99136495],[2.14634781]
[3.27267564],[1.00586405],[2.31762282]
[3.42289213],[1.01930112],[2.41127444]
[3.44394608],[1.02631927],[2.61580538]
[3.53942638],[1.03030199],[2.77191109]
[3.55029856],[1.07498787],[2.89602153]
[3.62866045],[1.09842778],[2.9616694]
[3.6615028],[1.1272902],[3.06147312]
[3.73175647],[1.1593874],[3.15357715]
[3.77029104],[1.19173386],[3.26675531]
[3.87001939],[1.22188429],[3.41483549]
[3.94297727],[1.25328529],[3.55056976]
[3.97403909],[1.2823237],[3.6651897]
[4.02784399],[1.2864641],[3.7602249]
[4.044185],[1.30814819],[3.84542238]
[4.08450137],[1.30878539],[3.89691746]
[4.07337437],[1.32803118],[3.95369945]
[4.10058448],[1.31392775],[3.96650756]
[4.10289415],[1.32291538],[4.02502402]
[4.11997455],[1.30629269],[3.97030633]
[4.13124515],[1.31330844],[3.98754264]
[4.12696221],[1.29689654],[3.93080942]
[4.0781947],[1.30352355],[3.9052344]
[4.12637445],[1.29202579],[3.88694851]
[4.03828673],[1.29463961],[3.86388628]
[4.06550105],[1.28432171],[3.82701837]
[4.01673421],[1.27883559],[3.80695598]
[4.0310932],[1.27467883],[3.76983495]
[3.99741545],[1.27066698],[3.74015075]
[3.98379882],[1.2663741],[3.72023294]
[3.97217884],[1.26239357],[3.70080614]
[3.96154969],[1.25842969],[3.68156866]
[3.95290913],[1.25438084],[3.65139731]
[3.93643096],[1.23963822],[3.6076857]
[3.92377173],[1.22657469],[3.55704266]
[3.90269701],[1.21529407],[3.49010861]
[3.85309339],[1.20418543],[3.41218231]
[3.80213547],[1.19429012],[3.33909829]
[3.74844081],[1.18549659],[3.26884066]
[3.68397961],[1.17782591],[3.19661754]
[3.59034752],[1.16792118],[3.11176063]
[3.55674641],[1.15857276],[3.05747828]
[3.52179558],[1.1483906],[3.00713482]
[3.47738016],[1.12278792],[2.94204394]
[3.44038821],[1.09355885],[2.8807877]
[3.40277017],[1.06469043],[2.80623318]
[2.13369841],[0.75120182],[0.91435763]
[0.],[0.],[0.]
[0.],[0.],[0.]
[0.],[0.],[0.]
[1.85008709],[0.46165963],[0.50631368]
[2.36490464],[0.76516576],[1.24954336]
[2.50316518],[0.86668556],[1.5176454]
[2.8096566],[0.91402311],[1.77642868]
[3.03321517],[0.98073492],[2.05128644]
[3.17967512],[1.00104204],[2.18713779]
[3.27927775],[1.01532805],[2.36205761]
[3.43076798],[1.02891166],[2.48361095]
[3.45615316],[1.03742929],[2.70090315]
[3.55035932],[1.06532192],[2.85811656]
[3.56296316],[1.10307092],[2.98354692]
[3.64362118],[1.14023387],[3.07859069]
[3.67695063],[1.17579133],[3.20602923]
[3.74936587],[1.20685801],[3.31848186]
[3.81944577],[1.23965222],[3.45872164]
[3.9242989],[1.26879273],[3.61548565]
[4.00861935],[1.29534708],[3.75979585]
[4.01962341],[1.3250878],[3.85775143]
[4.08111537],[1.33471833],[3.97249301]
[4.1133835],[1.35240568],[4.13994844]
[4.14559293],[1.37209222],[4.19036071]
[4.15022935],[1.38267319],[4.27203929]
[4.19288109],[1.38179279],[4.304736]
[4.2341823],[1.37569033],[4.3620078]
[4.25867782],[1.37363788],[4.34857084]
[4.28671824],[1.36929399],[4.35427025]
[4.27941117],[1.36183911],[4.30326164]
[4.25788454],[1.35774396],[4.28532538]
[4.27893319],[1.33850201],[4.25484275]
[4.20076217],[1.34537459],[4.22024436]
[4.22765733],[1.3404129],[4.1894618]
[4.12746249],[1.3367255],[4.13093967]
[4.16215837],[1.33185839],[4.09797528]
[4.06339186],[1.32750577],[4.0195207]
[4.03626869],[1.32591189],[3.97775324]
[4.02029748],[1.3230171],[3.94317151]
[4.00875257],[1.31783394],[3.91818266]
[3.99983882],[1.29960256],[3.88200929]
[3.98481357],[1.28096501],[3.83173223]
[3.9726226],[1.26701371],[3.77279746]
[3.95650531],[1.25441359],[3.67854617]
[3.91398717],[1.24017079],[3.59731076]
[3.86022711],[1.22679653],[3.50985704]
[3.79515226],[1.21299903],[3.4194086]
[3.73121182],[1.20256213],[3.33453882]
[3.64773392],[1.19137435],[3.23908066]
[3.57110473],[1.18099883],[3.15618127]
[3.53610895],[1.1728862],[3.10379521]
[3.49163716],[1.1503284],[3.04265489]
[3.45466864],[1.12278079],[2.9823416]
[3.41894493],[1.0930483],[2.9080812]
[2.08504833],[0.75936561],[0.88666023]
[0.],[0.],[0.]
[0.],[0.],[0.]
[0.],[0.],[0.]
[1.84369588],[0.46924423],[0.5146738]
[2.37821078],[0.77183376],[1.26635737]
[2.53371469],[0.8701963],[1.53626793]
[2.84217603],[0.91880829],[1.80569582]
[3.05365755],[0.98523876],[2.08298258]
[3.18795168],[1.00639066],[2.20897884]
[3.28629813],[1.02075216],[2.38904886]
[3.43877479],[1.03453067],[2.51438248]
[3.46861192],[1.04747724],[2.735694]
[3.56332251],[1.08680618],[2.90101537]
[3.57858429],[1.13259671],[3.06307343]
[3.65832375],[1.17134643],[3.17579864]
[3.70191108],[1.20649956],[3.31710681]
[3.82860355],[1.2370003],[3.46510531]
[3.91528689],[1.26818182],[3.60857256]
[3.97840133],[1.29637718],[3.74830126]
[4.06007452],[1.3270337],[3.89422742]
[4.07928407],[1.35183849],[4.01276308]
[4.14245368],[1.36969369],[4.16278155]
[4.23234353],[1.38888197],[4.34689395]
[4.27465118],[1.4082773],[4.42705467]
[4.30277337],[1.41970809],[4.49495345]
[4.32226663],[1.41675682],[4.53515]
[4.36295356],[1.41070144],[4.57372263]
[4.37347912],[1.40856968],[4.58166394]
[4.40218318],[1.40485445],[4.574547]
[4.39440848],[1.3983718],[4.53430028]
[4.38793893],[1.39442242],[4.50954167]
[4.39357297],[1.37490989],[4.48023369]
[4.3476626],[1.38207739],[4.45215029]
[4.35349306],[1.37676564],[4.42429049]
[4.29122458],[1.37271863],[4.37122434]
[4.30090019],[1.36784519],[4.34446582]
[4.23875528],[1.36258937],[4.2746394]
[4.19077582],[1.36089994],[4.22670714]
[4.16457737],[1.35796672],[4.18761433]
[4.14155101],[1.35292076],[4.15042421]
[4.12309618],[1.33584806],[4.10273633]
[4.08402354],[1.3190729],[4.03003001]
[4.05699125],[1.29982593],[3.95733438]
[4.04286696],[1.28046382],[3.8356436]
[3.96681127],[1.2662002],[3.71800018]
[3.9232295],[1.25200006],[3.63348469]
[3.86972862],[1.23719463],[3.54121579]
[3.80439512],[1.22426562],[3.44738078]
[3.70890674],[1.20780207],[3.332126]
[3.62458792],[1.19330105],[3.23035055]
[3.55058223],[1.18212807],[3.13895697]
[3.50610206],[1.15670064],[3.06991162]
[3.46912509],[1.12875864],[3.00804919]
[3.43509404],[1.09863834],[2.93178566]
[2.06997425],[0.76620458],[0.88563364]
[0.],[0.],[0.]
[0.],[0.],[0.]
[0.],[0.],[0.]
[1.80136752],[0.45052586],[0.48133917]
[2.38573889],[0.75998198],[1.24981646]
[2.57117905],[0.85867133],[1.5265705]
[2.86137043],[0.90886669],[1.79596355]
[3.06861684],[0.97474639],[2.07597725]
[3.19210886],[0.99796024],[2.19933485]
[3.29160483],[1.013471],[2.38803607]
[3.44945503],[1.02970624],[2.52462829]
[3.48704338],[1.05738072],[2.77142614]
[3.58053505],[1.10578965],[2.96443652]
[3.600422],[1.14968709],[3.13774334]
[3.69507525],[1.18862429],[3.2687371]
[3.77659928],[1.22562574],[3.42659226]
[3.90454235],[1.25813648],[3.59174141]
[3.9868485],[1.29073304],[3.74304583]
[4.02282155],[1.31952718],[3.86371458]
[4.12032574],[1.36176166],[4.03169141]
[4.15145639],[1.38485112],[4.21710042]
[4.2670075],[1.40574709],[4.39825513]
[4.36755097],[1.42166487],[4.55620115]
[4.39225349],[1.44100026],[4.64609246]
[4.42269751],[1.45030605],[4.7120911]
[4.42773709],[1.44848874],[4.76893058]
[4.46505684],[1.44401451],[4.8076688]
[4.46683835],[1.44148998],[4.83132786]
[4.49491792],[1.43842691],[4.81890355]
[4.48794854],[1.43341651],[4.79155224]
[4.49210527],[1.43054022],[4.75418574]
[4.48980599],[1.41070572],[4.73159908]
[4.46515511],[1.41876069],[4.69231978]
[4.4576677],[1.41372522],[4.66876365]
[4.42076088],[1.40982252],[4.6061731]
[4.415703],[1.4048316],[4.58452788]
[4.37906686],[1.39845567],[4.51117894]
[4.33489581],[1.39600391],[4.46518531]
[4.30970862],[1.39287434],[4.42786294]
[4.28444792],[1.38813803],[4.39022577]
[4.26925335],[1.37303318],[4.34801279]
[4.24080919],[1.35833707],[4.28402341]
[4.21695648],[1.34107028],[4.21417777]
[4.20011579],[1.32068044],[4.08471878]
[4.10447183],[1.30090669],[3.90536271]
[3.99552334],[1.27779269],[3.77466366]
[3.93837336],[1.2633014],[3.68165243]
[3.88875358],[1.24824216],[3.58759686]
[3.81566266],[1.23127821],[3.47446087]
[3.73301225],[1.21460336],[3.35901089]
[3.62692624],[1.19832044],[3.2383565]
[3.52990363],[1.16800644],[3.12778125]
[3.49317499],[1.13913108],[3.05344845]
[3.46033827],[1.10855256],[2.97366959]
[2.0258111],[0.75367836],[0.85007739]
[0.],[0.],[0.]
[0.],[0.],[0.]
[0.],[0.],[0.]
[1.83258274],[0.4762145],[0.52116593]
[2.39980186],[0.77133206],[1.2882773]
[2.58915321],[0.86893609],[1.56351854]
[2.87440167],[0.92184951],[1.82444275]
[3.08665899],[0.98547501],[2.11176606]
[3.2072697],[1.00889034],[2.22825885]
[3.30353992],[1.02633834],[2.43190977]
[3.48026912],[1.0443752],[2.61343215]
[3.5180864],[1.08674916],[2.87837584]
[3.61972487],[1.1368931],[3.07525142]
[3.67664087],[1.18051392],[3.26969268]
[3.80029184],[1.22083201],[3.42623905]
[3.89556535],[1.25485251],[3.59249892]
[3.97290725],[1.28649375],[3.73510963]
[4.04928118],[1.3165005],[3.89174111]
[4.09403709],[1.35816701],[4.02544152]
[4.20412436],[1.39733878],[4.22566765]
[4.31620601],[1.4188347],[4.45340277]
[4.39855803],[1.43934817],[4.62425193]
[4.47675833],[1.45515451],[4.75609065]
[4.487995],[1.47459894],[4.88085512]
[4.51879955],[1.47940685],[4.93960946]
[4.51629169],[1.47756012],[4.99878966]
[4.54967202],[1.47324938],[5.0316898]
[4.54652157],[1.47039868],[5.0564347]
[4.57283729],[1.46728765],[5.04757833]
[4.56681141],[1.46259176],[5.02090927]
[4.58162256],[1.4606479],[4.98692671]
[4.57478133],[1.44415187],[4.96896375]
[4.56300347],[1.45109666],[4.93306619]
[4.5484938],[1.44681065],[4.90690386]
[4.52929829],[1.44293606],[4.84989336]
[4.51555216],[1.4386504],[4.82469178]
[4.49506512],[1.43320115],[4.75788412]
[4.45512077],[1.42998015],[4.70730197]
[4.43500169],[1.42639415],[4.66594377]
[4.41395959],[1.42266266],[4.62606816]
[4.39521525],[1.40892246],[4.57890244]
[4.36700299],[1.39447128],[4.50964572]
[4.34607097],[1.37734457],[4.43520539]
[4.33135627],[1.3585356],[4.32024304]
[4.27242875],[1.3385325],[4.15361009]
[4.16486865],[1.31439365],[3.9687262]
[4.03345188],[1.2860636],[3.81444483]
[3.96020974],[1.27013184],[3.7128976]
[3.90299578],[1.25320201],[3.60480051]
[3.84152404],[1.2360961],[3.49438443]
[3.76691544],[1.21814205],[3.37838962]
[3.65639807],[1.18728961],[3.24028841]
[3.53641629],[1.15411447],[3.12040738]
[3.49271943],[1.1170498],[3.01996291]
[2.06964864],[0.75192305],[0.88033686]
[0.],[0.],[0.]
[0.],[0.],[0.]
[0.],[0.],[0.]
[1.81709752],[0.4806353],[0.52416856]
[2.41329702],[0.77979699],[1.3098418]
[2.63156402],[0.87646309],[1.59898027]
[2.89841043],[0.93267256],[1.86309066]
[3.10573833],[0.99605544],[2.16393673]
[3.22051829],[1.02234624],[2.2846634]
[3.31094193],[1.04148185],[2.52503168]
[3.50081313],[1.06514103],[2.74592585]
[3.56881146],[1.1286853],[3.03179391]
[3.68020137],[1.1771678],[3.22904873]
[3.74750704],[1.22127203],[3.43413148]
[3.88165663],[1.26088047],[3.60792745]
[3.96999401],[1.29066768],[3.76998038]
[4.02163509],[1.32170419],[3.89518495]
[4.1050918],[1.37107451],[4.05980773]
[4.1644727],[1.40773975],[4.2827022]
[4.33904603],[1.44280151],[4.5232994]
[4.43758262],[1.46260443],[4.70423065]
[4.490016],[1.48208337],[4.86630192]
[4.55475257],[1.49707036],[5.01628155]
[4.56005184],[1.51053445],[5.14842262]
[4.58852231],[1.51417386],[5.20178361]
[4.58230011],[1.51237801],[5.27455498]
[4.61175312],[1.5065921],[5.304133]
[4.60624427],[1.50207315],[5.33627757]
[4.6320936],[1.49847543],[5.33596232]
[4.62380484],[1.49442455],[5.31046458]
[4.67145064],[1.49216432],[5.28462059]
[4.63498984],[1.48102212],[5.25921707]
[4.64384924],[1.48305561],[5.21592067]
[4.60960531],[1.47889558],[5.18449635]
[4.60000901],[1.4748342],[5.11775155]
[4.58190039],[1.47066891],[5.09353138]
[4.57105469],[1.46612139],[5.02157799]
[4.53445829],[1.46204497],[4.97047103]
[4.51710074],[1.4598831],[4.93385031]
[4.49952038],[1.45677291],[4.89122956]
[4.4823619],[1.44396673],[4.84422919]
[4.45657997],[1.43000196],[4.77408615]
[4.43661975],[1.41336526],[4.69831276]
[4.42320733],[1.39553865],[4.59486941]
[4.37904866],[1.37814988],[4.41142623]
[4.29889661],[1.36110773],[4.24680501]
[4.1881718],[1.34048424],[4.05588148]
[4.048277],[1.31738111],[3.88409213]
[3.96075423],[1.28580442],[3.76180332]
[3.91005638],[1.26492607],[3.65888955]
[3.85122314],[1.24609474],[3.54812461]
[3.76710358],[1.21583916],[3.41845094]
[3.66947148],[1.18680379],[3.28925516]
[3.54827476],[1.15341588],[3.1480823]
[2.02765751],[0.77167209],[0.87257023]
[0.],[0.],[0.]
[0.],[0.],[0.]
[0.],[0.],[0.]
[1.80029211],[0.48535481],[0.52742453]
[2.4281906],[0.78643126],[1.32936324]
[2.67113108],[0.8824641],[1.63031202]
[2.92552106],[0.94247473],[1.90162149]
[3.12681575],[1.00658512],[2.21390963]
[3.2359082],[1.03422614],[2.34278399]
[3.32673626],[1.05567599],[2.60936521]
[3.54965341],[1.08451904],[2.86257818]
[3.63561423],[1.15735732],[3.14625054]
[3.76564927],[1.20828527],[3.36502724]
[3.85839037],[1.25301119],[3.59139849]
[3.94787433],[1.29154235],[3.74678785]
[4.03009387],[1.31956191],[3.91046495]
[4.06579332],[1.36067006],[4.04306983]
[4.16766861],[1.40579164],[4.24706343]
[4.31705977],[1.44417308],[4.52139901]
[4.44373745],[1.47681844],[4.75239069]
[4.53083593],[1.49516564],[4.90584645]
[4.56412925],[1.51399323],[5.1167593]
[4.61991373],[1.52750214],[5.24455974]
[4.62072185],[1.54231479],[5.42399174]
[4.6469029],[1.54670709],[5.4604932]
[4.63846186],[1.54475535],[5.55761487]
[4.6881107],[1.5393557],[5.57038912]
[4.6570276],[1.53260404],[5.602539]
[4.73961309],[1.52692538],[5.60110215]
[4.69689781],[1.52149759],[5.56120241]
[4.78751404],[1.51831966],[5.55205336]
[4.73970492],[1.50735529],[5.51321227]
[4.76350259],[1.51062833],[5.48329922]
[4.70253586],[1.50640509],[5.43376787]
[4.7166038],[1.50234843],[5.38409055]
[4.66162274],[1.49880093],[5.34378203]
[4.67174539],[1.49434831],[5.2878472]
[4.60899959],[1.4909611],[5.21900639]
[4.58784767],[1.48840979],[5.17303198]
[4.5699092],[1.48550987],[5.12602933]
[4.5561612],[1.47316314],[5.07490904]
[4.53839635],[1.45921004],[5.00065374]
[4.52078108],[1.44372206],[4.92441481]
[4.5056157],[1.42608626],[4.82503603]
[4.46557734],[1.40875445],[4.6436958]
[4.40350001],[1.39125912],[4.45775989]
[4.32250075],[1.37069523],[4.29328771]
[4.21427981],[1.3508415],[4.10197918]
[4.05029521],[1.32027057],[3.89905397]
[3.96591734],[1.28919811],[3.7796464]
[3.91875058],[1.26993209],[3.67780329]
[3.85500248],[1.24127501],[3.56032727]
[3.78393623],[1.21371274],[3.4432936]
[3.70167199],[1.1847626],[3.30697932]
[2.02022389],[0.77965723],[0.88314294]
[0.],[0.],[0.]
[0.],[0.],[0.]
[0.],[0.],[0.]
[1.74052806],[0.46232299],[0.49067783]
[2.43755976],[0.77924063],[1.32134416]
[2.70416452],[0.87932943],[1.64249055]
[2.94569494],[0.94209989],[1.91702361]
[3.14793225],[1.00279978],[2.22886292]
[3.26378881],[1.03389034],[2.37518777]
[3.36478787],[1.05647762],[2.65610033]
[3.60011901],[1.10054026],[2.95593808]
[3.70738114],[1.17411737],[3.23639572]
[3.85642848],[1.22635755],[3.4853001]
[3.94516505],[1.27036447],[3.71361707]
[4.0014411],[1.30808323],[3.85288696]
[4.0787443],[1.34869044],[4.03169298]
[4.1397203],[1.39276782],[4.24574338]
[4.30396632],[1.4388354],[4.50782992]
[4.44100468],[1.4755409],[4.73605583]
[4.52821448],[1.50868892],[4.97156537]
[4.60559973],[1.52805365],[5.13120274]
[4.62647803],[1.54489712],[5.36132522]
[4.68145288],[1.5578769],[5.50333882]
[4.67321638],[1.57274994],[5.69602534]
[4.75090438],[1.57877928],[5.75451523]
[4.70867544],[1.57738307],[5.85677043]
[4.79890038],[1.57206669],[5.8918588]
[4.75273853],[1.56508363],[5.93787062]
[4.89570444],[1.55933271],[5.92869292]
[4.79333022],[1.55265059],[5.89047001]
[4.97852114],[1.54751903],[5.87008259]
[4.89465823],[1.53603687],[5.80154347]
[4.9512832],[1.53819676],[5.78534286]
[4.81308206],[1.53296534],[5.70334016]
[4.859389],[1.52847536],[5.66915326]
[4.77338701],[1.52478646],[5.60409016]
[4.79805321],[1.52121638],[5.56527771]
[4.72779623],[1.51839514],[5.48577062]
[4.70661943],[1.51542146],[5.43983741]
[4.68947752],[1.51251191],[5.39470747]
[4.67298905],[1.50114354],[5.34509613]
[4.65137042],[1.48806662],[5.27252133]
[4.62975452],[1.47423783],[5.19446502]
[4.61015246],[1.45833172],[5.09792195]
[4.56778962],[1.44336115],[4.90412401]
[4.49841526],[1.42719002],[4.73345988]
[4.43820125],[1.40848916],[4.55537316]
[4.36727554],[1.39052884],[4.40596309]
[4.26075713],[1.36445515],[4.21867553]
[4.12677953],[1.33688277],[4.01009785]
[4.01153336],[1.3027491],[3.86018624]
[3.9598619],[1.27501394],[3.75072853]
[3.91514085],[1.24802068],[3.64374286]
[3.86196378],[1.21981079],[3.5207376]
[1.97751618],[0.76902147],[0.85789187]
[0.],[0.],[0.]
[0.],[0.],[0.]
[0.],[0.],[0.]
[1.7660251],[0.48357615],[0.52889156]
[2.44719933],[0.79719631],[1.36873412]
[2.72438229],[0.89905032],[1.70249641]
[2.97194288],[0.96189229],[1.96991337]
[3.1872392],[1.01890451],[2.2951084]
[3.3013886],[1.05220835],[2.46544253]
[3.43546681],[1.08079718],[2.76231236]
[3.68125142],[1.14234321],[3.09598715]
[3.82747519],[1.21608832],[3.39847349]
[3.93582023],[1.26152356],[3.6403058]
[4.02016593],[1.31209372],[3.87489296]
[4.05131569],[1.34303653],[4.00269297]
[4.14929858],[1.39016639],[4.21684456]
[4.29566473],[1.43303687],[4.50164949]
[4.43471745],[1.47722441],[4.78068906]
[4.5460686],[1.51100374],[4.95646489]
[4.60226974],[1.54194831],[5.22901335]
[4.66983918],[1.56121566],[5.37901121]
[4.6822662],[1.57603875],[5.64704999]
[4.80036683],[1.58900133],[5.81623815]
[4.77036013],[1.60385278],[6.00857634]
[4.9205761],[1.6109124],[6.11507591]
[4.80904927],[1.60956894],[6.20576135]
[5.00701061],[1.60419773],[6.28829378]
[4.88392046],[1.59739561],[6.31531939]
[5.08209497],[1.59150097],[6.34378131]
[4.98338057],[1.58557939],[6.28742678]
[5.13961215],[1.58000736],[6.26835618]
[5.11123099],[1.57127468],[6.19236222]
[5.14342739],[1.56885759],[6.13944809]
[5.05423998],[1.5624295],[6.02152122]
[5.08295441],[1.55571681],[5.98398947]
[4.97235387],[1.5510189],[5.8812665]
[5.01449585],[1.54838169],[5.86568548]
[4.87617651],[1.5468304],[5.76759578]
[4.84241152],[1.54588959],[5.73198878]
[4.82745321],[1.54520808],[5.70184123]
[4.80998659],[1.53597837],[5.66412128]
[4.79411848],[1.52413194],[5.60702006]
[4.7809034],[1.51259526],[5.54237972]
[4.76894097],[1.49787612],[5.45742593]
[4.74106173],[1.48309944],[5.29608099]
[4.66866259],[1.46639967],[5.09687541]
[4.57895822],[1.44718365],[4.89723173]
[4.52046083],[1.42810557],[4.71935209]
[4.46000543],[1.40316143],[4.54462136]
[4.37988629],[1.37780959],[4.38802714]
[4.27975718],[1.3454674],[4.20033088]
[4.13277212],[1.3122235],[3.96511596]
[4.01546511],[1.2796976],[3.81653926]
[3.97936804],[1.25205684],[3.70345664]
[2.02221737],[0.76922335],[0.89939183]
[0.],[0.],[0.]
[0.],[0.],[0.]
[0.],[0.],[0.]
[1.73130524],[0.48140269],[0.5274012]
[2.46172219],[0.81239312],[1.40406721]
[2.76398121],[0.9170169],[1.76044591]
[3.00318347],[0.9812577],[2.02823494]
[3.21783453],[1.03652157],[2.37070043]
[3.33182588],[1.07051806],[2.57561184]
[3.48054778],[1.11374365],[2.91486556]
[3.75730121],[1.20080278],[3.28425463]
[3.90985422],[1.27120901],[3.58894627]
[3.98692508],[1.31326423],[3.80799204]
[4.0699055],[1.36554243],[4.05697835]
[4.10661668],[1.40338691],[4.26714849]
[4.26957936],[1.44769614],[4.55716204]
[4.42870571],[1.48647509],[4.79412213]
[4.52463387],[1.52496742],[5.07240445]
[4.6189659],[1.55482647],[5.25506497]
[4.65985661],[1.5803732],[5.53887169]
[4.75170105],[1.59442497],[5.73605014]
[4.75906833],[1.6090165],[5.99450522]
[4.9929687],[1.62177661],[6.21129123]
[4.90179606],[1.63646591],[6.39349201]
[5.09022804],[1.64483858],[6.55873689]
[4.99705403],[1.64444299],[6.62018549]
[5.15285614],[1.64035971],[6.7651386]
[5.08534315],[1.63376557],[6.76488843]
[5.20961766],[1.62847139],[6.84886933]
[5.16796862],[1.62233582],[6.77974341]
[5.28455517],[1.61782679],[6.81948235]
[5.31920478],[1.61018087],[6.74919759]
[5.32570567],[1.60909197],[6.6991109]
[5.27487443],[1.60402197],[6.55442212]
[5.25675222],[1.59849791],[6.5027484]
[5.19932759],[1.5941458],[6.3957209]
[5.20805824],[1.59138781],[6.3772032]
[5.14975372],[1.5883557],[6.2764843]
[5.11607876],[1.58626389],[6.22979048]
[5.09438015],[1.58343697],[6.18029207]
[5.07603419],[1.57386681],[6.13558087]
[5.05565069],[1.56295999],[6.08002254]
[5.03488368],[1.55267434],[6.01448863]
[5.01520891],[1.54074733],[5.9305961]
[4.9668339],[1.52619031],[5.78585697]
[4.86996253],[1.50956859],[5.56186315]
[4.75056694],[1.49051973],[5.3373266]
[4.66523569],[1.47116469],[5.12572557]
[4.58178187],[1.44790889],[4.90067801]
[4.53093839],[1.42380253],[4.72564264]
[4.46342599],[1.39712171],[4.56942954]
[4.36862972],[1.3715013],[4.39506682]
[4.25812181],[1.34389188],[4.19867975]
[4.11271029],[1.30969048],[3.95921457]
[2.00550199],[0.80130477],[0.90279571]
[0.],[0.],[0.]
[0.],[0.],[0.]
[0.],[0.],[0.]
[1.69364677],[0.4800493],[0.52590458]
[2.47504888],[0.8266043],[1.43389944]
[2.7972291],[0.93178205],[1.80586533]
[3.03381186],[0.99630618],[2.07512941]
[3.24395201],[1.05151622],[2.42700189]
[3.36946348],[1.09026676],[2.66974358]
[3.52431611],[1.15630008],[3.04358659]
[3.81687376],[1.24061358],[3.42063333]
[3.96697129],[1.31249334],[3.7340062]
[4.02444517],[1.3582013],[3.94407589]
[4.10364066],[1.41150182],[4.22280772]
[4.17450756],[1.4490592],[4.49380453]
[4.37148967],[1.4909271],[4.8264281]
[4.50865618],[1.52485684],[5.03614563]
[4.58551364],[1.56355908],[5.34519933]
[4.67106471],[1.59425878],[5.53471705]
[4.70432345],[1.61626788],[5.86677929]
[4.87447311],[1.62859716],[6.08642635]
[4.84854909],[1.64209261],[6.34664397]
[5.15048176],[1.65474735],[6.64233449]
[5.12394695],[1.67137733],[6.86230169]
[5.23792923],[1.68253816],[7.09360056]
[5.20268459],[1.68374857],[7.18732155]
[5.31080165],[1.68041333],[7.39419045]
[5.30700779],[1.67586885],[7.45450015]
[5.39580006],[1.6713787],[7.5599226]
[5.42225124],[1.6659095],[7.55719471]
[5.49613665],[1.66171504],[7.5798732]
[5.58734597],[1.65335747],[7.58150467]
[5.58267331],[1.65305255],[7.50182628]
[5.58675232],[1.64870127],[7.4067549]
[5.53116856],[1.64430566],[7.30292162]
[5.53252861],[1.64093257],[7.20994175]
[5.48995158],[1.63770606],[7.12883892]
[5.47955723],[1.6342387],[7.0146458]
[5.42687447],[1.6310832],[6.92813289]
[5.3969681],[1.62655486],[6.85006901]
[5.36728591],[1.61319081],[6.7697581]
[5.33466274],[1.60120377],[6.67988186]
[5.30608982],[1.59049938],[6.59584725]
[5.27815486],[1.58025916],[6.48962335]
[5.22473218],[1.56564356],[6.3213944]
[5.13733148],[1.54885569],[6.05794379]
[5.00134086],[1.52987838],[5.80245046]
[4.83418635],[1.50833494],[5.54593451]
[4.74753968],[1.48592219],[5.31479758]
[4.66416261],[1.46164891],[5.08292979]
[4.59293233],[1.43570532],[4.87826009]
[4.52873118],[1.40988344],[4.69419409]
[4.45601321],[1.3831523],[4.52868375]
[4.36547184],[1.35255501],[4.34537841]
[2.04512141],[0.8327651],[0.94336156]
[0.],[0.],[0.]
[0.],[0.],[0.]
[0.],[0.],[0.]
[1.60827699],[0.4522463],[0.48713701]
[2.4790452],[0.82005941],[1.42137942]
[2.82041492],[0.92704191],[1.80376321]
[3.06354803],[0.99040285],[2.08444346]
[3.26379298],[1.04540048],[2.42728605]
[3.40263699],[1.08729493],[2.69613395]
[3.56267321],[1.17053528],[3.09837123]
[3.86296027],[1.25886741],[3.49576461]
[4.01302588],[1.33622302],[3.82292453]
[4.05619681],[1.38261499],[4.03518834]
[4.1498901],[1.4436173],[4.40318789]
[4.30447933],[1.47961287],[4.7013845]
[4.45307914],[1.52256656],[5.05426303]
[4.57190934],[1.55967227],[5.2855781]
[4.63338676],[1.59844733],[5.618094]
[4.7102716],[1.62810778],[5.85963449]
[4.75533634],[1.65350729],[6.19575521]
[5.01752252],[1.66835221],[6.48878896]
[5.02668064],[1.68331772],[6.8025468]
[5.25164091],[1.6945448],[7.21111511]
[5.29114734],[1.70746204],[7.51093119]
[5.39469576],[1.72006333],[7.81454844]
[5.43802743],[1.75411644],[8.0147116]
[5.5102663],[1.79459339],[8.1896729]
[5.57909486],[1.80714709],[8.33894865]
[5.66895543],[1.79374378],[8.42487185]
[5.78063553],[1.76946517],[8.52666993]
[5.86033798],[1.74854903],[8.53531998]
[5.95977555],[1.72148015],[8.58074987]
[6.04205861],[1.70376184],[8.5210527]
[6.04376489],[1.68984952],[8.43232882]
[5.99060538],[1.68722058],[8.29187032]
[5.9470047],[1.68394474],[8.19677731]
[5.90360424],[1.68064147],[8.06730636]
[5.87457272],[1.67712479],[7.95814216]
[5.82126412],[1.67382479],[7.81635824]
[5.75784348],[1.66907024],[7.6901093]
[5.70652155],[1.65533489],[7.57685742]
[5.64388865],[1.64088948],[7.44502452]
[5.5928657],[1.62909499],[7.31348354]
[5.55890506],[1.61803719],[7.17028415]
[5.50143581],[1.60143565],[6.97140122]
[5.409464],[1.58536714],[6.69928511]
[5.29818672],[1.56699113],[6.35098795]
[5.11720454],[1.54587637],[6.04751324]
[4.9769054],[1.52289613],[5.7692956]
[4.86168936],[1.4984856],[5.51933729]
[4.76034489],[1.47237928],[5.28995272]
[4.65647774],[1.44779574],[5.0327936]
[4.60103976],[1.42223562],[4.83516196]
[4.54155445],[1.39354709],[4.66160959]
[2.07589494],[0.8523963],[0.96357634]
[0.],[0.],[0.]
[0.],[0.],[0.]
[0.],[0.],[0.]
[1.61638221],[0.473256],[0.51687437]
[2.49059915],[0.83795535],[1.47065852]
[2.85288255],[0.94771444],[1.8613137]
[3.10435927],[1.00930536],[2.14965492]
[3.28928708],[1.06178071],[2.48767624]
[3.45701049],[1.10398424],[2.77956667]
[3.66067007],[1.20488165],[3.22055852]
[3.91804593],[1.29751444],[3.61839639]
[4.05910136],[1.3760059],[3.9550822]
[4.09329131],[1.42581246],[4.1829692]
[4.27250577],[1.48980797],[4.65458179]
[4.42096898],[1.526539],[4.95594565]
[4.53190002],[1.57005865],[5.33316772]
[4.63793724],[1.60821068],[5.60710937]
[4.68697165],[1.64733737],[5.9883876]
[4.81501149],[1.67425524],[6.28674535]
[4.8563466],[1.69548376],[6.64154351]
[5.17828286],[1.70715875],[7.07826641]
[5.23944205],[1.72061908],[7.45786611]
[5.40747542],[1.77117481],[7.89396755]
[5.54423505],[1.80240486],[8.30238583]
[5.6020266],[1.83666858],[8.63123216]
[5.74129747],[1.86682641],[8.93709663]
[5.82205666],[1.89823882],[9.12261722]
[5.90483252],[1.91138132],[9.30565783]
[6.00048781],[1.90222039],[9.44899958]
[6.05306182],[1.88586551],[9.5496778]
[6.20298255],[1.86711456],[9.63042339]
[6.26546621],[1.8469927],[9.6471848]
[6.41997443],[1.82639365],[9.68755613]
[6.4738075],[1.80284894],[9.57007794]
[6.48016337],[1.77795638],[9.4742178]
[6.3763741],[1.7543106],[9.31086261]
[6.38918478],[1.73090605],[9.22172597]
[6.2966551],[1.7182191],[9.05455605]
[6.31148957],[1.71545757],[8.95899676]
[6.23426775],[1.71078379],[8.79441541]
[6.19224559],[1.6963742],[8.65886568]
[6.14071792],[1.68203867],[8.49173337]
[6.08713875],[1.66923261],[8.30736102]
[6.03875341],[1.65553476],[8.10307171]
[5.9361316],[1.63906833],[7.81826055]
[5.75934954],[1.61919327],[7.45439089]
[5.58826833],[1.59874567],[6.98616081]
[5.41606159],[1.57718327],[6.60958008]
[5.21252925],[1.55488751],[6.24159619]
[5.09402964],[1.53215542],[5.97414671]
[5.00240338],[1.50731937],[5.72108659]
[4.87134619],[1.48187029],[5.45732841]
[4.76211071],[1.45672929],[5.21419556]
[4.66907231],[1.42922785],[4.96559222]
[2.19238174],[0.88555362],[1.05949555]
[0.],[0.],[0.]
[0.],[0.],[0.]
[0.],[0.],[0.]
[1.60233796],[0.47281998],[0.52138192]
[2.53502107],[0.85379542],[1.51108278]
[2.89753971],[0.966754],[1.92734501]
[3.13736055],[1.0263474],[2.22218569]
[3.31088841],[1.07669833],[2.58585676]
[3.49988357],[1.13569202],[2.95645677]
[3.74809067],[1.27089117],[3.44284842]
[3.96143683],[1.36102682],[3.8252165]
[4.10392325],[1.43860909],[4.19283121]
[4.21361821],[1.49427259],[4.50887947]
[4.41006121],[1.55799944],[5.03734675]
[4.53600082],[1.59160344],[5.33198302]
[4.62027489],[1.62978017],[5.73060053]
[4.71113984],[1.66394052],[6.06928666]
[4.75481466],[1.69504642],[6.44968335]
[5.02244089],[1.71601777],[6.82566055]
[5.10256067],[1.73342024],[7.23523389]
[5.31517232],[1.76471904],[7.76197739]
[5.45098322],[1.82509931],[8.1696922]
[5.59604769],[1.87813158],[8.60877536]
[5.86419191],[1.90660568],[9.14109744]
[5.95735143],[1.93772875],[9.54932355]
[6.08291198],[1.96481663],[9.86935212]
[6.23231069],[1.99271946],[10.14899794]
[6.27712571],[2.00567944],[10.31143108]
[6.47015784],[2.00096722],[10.62020039]
[6.53550867],[1.98729982],[10.72781395]
[6.64786963],[1.97148837],[10.93490697]
[6.71514986],[1.95412061],[10.93043392]
[6.78297406],[1.93600855],[10.95864443]
[6.85409963],[1.91748601],[10.88856981]
[6.79961316],[1.89492293],[10.75420559]
[6.77759611],[1.87234413],[10.62486392]
[6.74257338],[1.84939188],[10.48317105]
[6.70209284],[1.82915268],[10.33158103]
[6.6849348],[1.81448349],[10.207861]
[6.6320462],[1.80241391],[10.04417122]
[6.60307652],[1.78884693],[9.89371292]
[6.57257117],[1.77434736],[9.7257002]
[6.54442705],[1.74423833],[9.53380117]
[6.51775474],[1.69436698],[9.31335788]
[6.45693066],[1.67706741],[9.00083105]
[6.29311612],[1.65644419],[8.56070328]
[6.1156624],[1.63535719],[8.03986665]
[5.8435406],[1.61319808],[7.32006327]
[5.47207133],[1.59120339],[6.86741807]
[5.28288598],[1.56939821],[6.50900279]
[5.17168347],[1.54687015],[6.21542866]
[5.07971557],[1.52300995],[5.94039004]
[4.97933453],[1.50038502],[5.67292952]
[4.85565629],[1.47546733],[5.44221933]
[2.24731419],[0.97093878],[1.15333523]
[0.],[0.],[0.]
[0.],[0.],[0.]
[0.],[0.],[0.]
[1.61132255],[0.48176887],[0.54342637]
[2.49873938],[0.8709786],[1.53592069]
[2.96121185],[0.99089858],[2.01596841]
[3.17940768],[1.04827607],[2.30983053]
[3.34319718],[1.09659411],[2.70426153]
[3.63708628],[1.20144592],[3.19720283]
[3.85855024],[1.3325792],[3.67980159]
[4.01809527],[1.41721714],[4.03391204]
[4.19970926],[1.49225175],[4.45865237]
[4.39313841],[1.5447332],[4.8639918]
[4.5285456],[1.61007125],[5.36461153]
[4.63567615],[1.64174727],[5.70347742]
[4.69661023],[1.67783651],[6.13710115]
[4.81268614],[1.70445128],[6.50909656]
[4.87014948],[1.73072352],[6.91940657]
[5.18624252],[1.75380823],[7.4213846]
[5.27275285],[1.79709985],[7.88553635]
[5.46879395],[1.87343421],[8.41644462]
[5.71994886],[1.93292287],[8.92388756]
[5.94673485],[1.97987581],[9.44553522]
[6.08946039],[2.00847179],[10.04179336]
[6.29165189],[2.03580037],[10.58750998]
[6.44949579],[2.064424],[10.94767353]
[6.62961211],[2.08011934],[11.3640773]
[6.69401714],[2.09078206],[11.54779455]
[6.76906115],[2.09206404],[11.85458705]
[6.87295993],[2.0808451],[12.03353929]
[6.94962304],[2.06979895],[12.22534882]
[7.1404963],[2.05542467],[12.33054718]
[7.21016522],[2.04116124],[12.3170938]
[7.35134561],[2.02617085],[12.39018911]
[7.3087187],[2.00953481],[12.26362461]
[7.30911219],[1.99226058],[12.16405949]
[7.22471565],[1.97740873],[11.96026045]
[7.23360794],[1.96062684],[11.84447134]
[7.13633556],[1.94452905],[11.64480314]
[7.13959295],[1.92790261],[11.53327967]
[7.02415807],[1.91102535],[11.31903291]
[6.94131492],[1.89593542],[11.12446424]
[6.90451249],[1.86960729],[10.90805402]
[6.87919817],[1.83594934],[10.67757598]
[6.83136809],[1.78182665],[10.35022433]
[6.71417413],[1.7289468],[9.89485362]
[6.56179239],[1.6720961],[9.32378843]
[6.40660816],[1.64952012],[8.57020384]
[5.99380493],[1.62593308],[7.65157365]
[5.50249124],[1.60300024],[7.10176229]
[5.33870331],[1.58049722],[6.75547088]
[5.2245851],[1.55781098],[6.4310841]
[5.15359917],[1.5367452],[6.13042765]
[5.07846151],[1.5133254],[5.8725545]
[2.48985448],[1.04644976],[1.29446677]
[0.],[0.],[0.]
[0.],[0.],[0.]
[0.],[0.],[0.]
[1.63025786],[0.45284521],[0.53106328]
[2.47769032],[0.86467361],[1.51557981]
[3.02317711],[0.99303125],[2.06409159]
[3.21883872],[1.04757211],[2.3536]
[3.37477855],[1.09820674],[2.7693656]
[3.74095575],[1.24459109],[3.36490029]
[3.93617277],[1.37288275],[3.85718479]
[4.06139701],[1.45279871],[4.19854235]
[4.35290019],[1.53164438],[4.74814599]
[4.52383239],[1.58416134],[5.15783609]
[4.62115091],[1.64642664],[5.65643388]
[4.71221683],[1.67437247],[6.0536476]
[4.7572756],[1.70280224],[6.51311475]
[4.99304708],[1.73113286],[6.97802315]
[5.09359378],[1.75838305],[7.4480106]
[5.30324565],[1.81460039],[7.98154825]
[5.43699665],[1.88345828],[8.48143249]
[5.66089939],[1.95687637],[9.0145016]
[5.98902159],[2.01437116],[9.6208926]
[6.19146922],[2.04853641],[10.19280585]
[6.34873649],[2.07938375],[10.81212869]
[6.63965106],[2.10765696],[11.53472787]
[6.77902535],[2.13530867],[11.97289208]
[6.92119567],[2.14964332],[12.38012698]
[7.05240476],[2.15815244],[12.67499284]
[7.12914397],[2.1633554],[12.98119706]
[7.31526681],[2.1554864],[13.29043608]
[7.40335502],[2.14849502],[13.56973511]
[7.52234636],[2.13794948],[13.84882184]
[7.57388594],[2.126554],[13.8939548]
[7.62826043],[2.11444361],[13.89898952]
[7.67222631],[2.1013633],[13.82722386]
[7.62453819],[2.08835088],[13.69439045]
[7.61147838],[2.07518454],[13.53591975]
[7.57866955],[2.06079452],[13.38223416]
[7.54455124],[2.04702444],[13.19759786]
[7.50994785],[2.03279588],[13.05161832]
[7.46106623],[2.01841961],[12.8248589]
[7.40980156],[2.00057979],[12.60383204]
[7.3643104],[1.97570888],[12.37467455]
[7.31840062],[1.95269898],[12.12049653]
[7.25963016],[1.90406068],[11.8113583]
[7.19556255],[1.84882126],[11.41001438]
[7.1331142],[1.77787992],[10.82766933]
[6.98651029],[1.72113],[10.04241216]
[6.65395568],[1.65953831],[9.08075455]
[6.08364485],[1.63651805],[8.04123899]
[5.5317224],[1.61249354],[7.35448954]
[5.37173255],[1.5909582],[6.97021296]
[5.27243302],[1.57037806],[6.64924941]
[5.22418671],[1.54806227],[6.3602834]
