meltWidth,meltDepth,meltArea
[0.30155031],[0.04996203],[0.00718878]
[1.21410331],[0.25981702],[0.2415982]
[1.38487318],[0.366178],[0.31593464]
[1.40310796],[0.39029785],[0.36818499]
[1.50567474],[0.41321551],[0.3863351]
[1.50331776],[0.43270369],[0.43677118]
[1.62823911],[0.43939954],[0.45604519]
[1.57472666],[0.43604615],[0.4791501]
[1.71260855],[0.42649427],[0.48924154]
[1.63812686],[0.41618956],[0.48666748]
[1.74050841],[0.4027902],[0.4851292]
[1.67917148],[0.40185549],[0.48148415]
[1.76840159],[0.37744766],[0.47272353]
[1.70654561],[0.38181304],[0.45719648]
[1.8376079],[0.3582902],[0.4624684]
[1.79390026],[0.36852431],[0.4632411]
[1.90696342],[0.35843899],[0.47842248]
[1.89341645],[0.36952921],[0.49256333]
[1.96967037],[0.35964728],[0.50120074]
[1.93215316],[0.36962206],[0.50523571]
[2.02096986],[0.36090999],[0.52003667]
[1.99688592],[0.37106214],[0.53454018]
[2.07072387],[0.36113425],[0.54700146]
[2.02973054],[0.37147135],[0.54947711]
[2.09485573],[0.36108402],[0.55381532]
[2.04354361],[0.37123461],[0.55456474]
[2.10247475],[0.36100809],[0.55200043]
[2.04692377],[0.3692159],[0.55015833]
[2.09906988],[0.35990003],[0.5490432]
[2.07191491],[0.3676754],[0.55073103]
[2.08589154],[0.36217471],[0.55800689]
[2.08061041],[0.36218088],[0.55010032]
[2.07339413],[0.36187719],[0.5495195]
[2.07503342],[0.36081025],[0.54824188]
[2.07736207],[0.3620826],[0.54993229]
[2.07920878],[0.36248791],[0.55189555]
[2.08139871],[0.36196996],[0.55117678]
[2.08315973],[0.36321574],[0.55272841]
[2.08661918],[0.3630159],[0.55408123]
[2.08658684],[0.36099435],[0.55295617]
[2.08514727],[0.35843086],[0.55185628]
[2.08418833],[0.36037544],[0.55521925]
[2.08207043],[0.3614069],[0.55828004]
[2.07951321],[0.3617354],[0.5585817]
[2.07682612],[0.363197],[0.56075363]
[2.08029702],[0.36417444],[0.56470534]
[2.08344212],[0.37093811],[0.57027121]
[2.09128174],[0.37905526],[0.57623249]
[2.10320494],[0.38670942],[0.58664216]
[2.11188068],[0.39438777],[0.59656154]
[2.12653236],[0.40189481],[0.6050446]
[2.13559319],[0.39998478],[0.60967976]
[1.86683922],[0.3967247],[0.55388223]
[0.],[0.],[0.]
[0.],[0.],[0.]
[0.88756868],[0.16383024],[0.07153372]
[1.36369121],[0.4007986],[0.38313984]
[1.54710723],[0.46242229],[0.50950724]
[1.68266403],[0.51730601],[0.59953409]
[1.87150861],[0.52730355],[0.68939658]
[1.9604205],[0.57404123],[0.78449297]
[2.06789011],[0.59227266],[0.86753781]
[2.1111195],[0.61462924],[0.92034534]
[2.16170399],[0.61038203],[0.94621532]
[2.15955084],[0.61264246],[0.94930319]
[2.18539242],[0.60612778],[0.96071567]
[2.18819913],[0.61741641],[0.97756438]
[2.21894237],[0.60222836],[0.98898368]
[2.2335912],[0.62268864],[1.0262359]
[2.26740543],[0.61152267],[1.05472502]
[2.28966644],[0.63902569],[1.10001252]
[2.31552158],[0.62973601],[1.11384819]
[2.33040313],[0.65646637],[1.14609415]
[2.35173032],[0.64296239],[1.1514662]
[2.35392948],[0.66237098],[1.17171311]
[2.37056436],[0.64933049],[1.17106951]
[2.36229248],[0.6708629],[1.1883307]
[2.37748393],[0.65722203],[1.18696833]
[2.36980622],[0.67660296],[1.20086258]
[2.38658889],[0.66343898],[1.19968339]
[2.37623716],[0.68292532],[1.2138272]
[2.39314735],[0.66690698],[1.20791035]
[2.3821726],[0.68697994],[1.21919683]
[2.39719012],[0.67036847],[1.212715]
[2.40094899],[0.68502002],[1.22273467]
[2.39662057],[0.67805299],[1.22197883]
[2.40345826],[0.67856888],[1.21980838]
[2.39354789],[0.6790478],[1.21780922]
[2.39453661],[0.67810782],[1.2166279]
[2.3946297],[0.6800352],[1.21827932]
[2.39232798],[0.6805142],[1.2190243]
[2.39447224],[0.67957341],[1.2181649]
[2.39382782],[0.68148106],[1.21860862]
[2.39241751],[0.68090213],[1.21589855]
[2.38819989],[0.67636648],[1.20757859]
[2.38350181],[0.67002087],[1.19432721]
[2.37773842],[0.66540345],[1.18348557]
[2.37035398],[0.65997325],[1.17344296]
[2.36560785],[0.65304211],[1.16060367]
[2.35921459],[0.64855317],[1.15081713]
[2.35362135],[0.6431344],[1.14184743]
[2.34553163],[0.63746104],[1.12956856]
[2.34694053],[0.63151277],[1.12201436]
[2.34857996],[0.63003719],[1.11807357]
[2.34933518],[0.62970555],[1.11664741]
[2.35549375],[0.62663545],[1.11275816]
[2.35969762],[0.62575921],[1.10935971]
[2.1285827],[0.62313639],[1.04567032]
[0.],[0.],[0.]
[0.],[0.],[0.]
[1.04080253],[0.19916164],[0.10762259]
[1.41993119],[0.44297189],[0.43592264]
[1.66205537],[0.48951938],[0.55367956]
[1.85568754],[0.54257605],[0.68276528]
[2.03663823],[0.55691504],[0.79781214]
[2.10502712],[0.6195556],[0.90091084]
[2.2042692],[0.63130531],[0.97047059]
[2.24893459],[0.64942479],[1.01505469]
[2.29824413],[0.65291165],[1.05960031]
[2.3055098],[0.66541681],[1.09603927]
[2.35510626],[0.66014569],[1.13169911]
[2.35495377],[0.68562896],[1.17579819]
[2.40374876],[0.68027667],[1.20739835]
[2.38733446],[0.7104367],[1.23753607]
[2.42320379],[0.70091777],[1.25312904]
[2.41817223],[0.73954349],[1.29319941]
[2.46993764],[0.73387091],[1.32651917]
[2.45619445],[0.76543709],[1.35453045]
[2.49557013],[0.75509231],[1.36624334]
[2.48582451],[0.77420677],[1.38161491]
[2.52345549],[0.76498544],[1.39300941]
[2.49441656],[0.78236218],[1.40116462]
[2.53135941],[0.77574132],[1.41445681]
[2.50546048],[0.79062992],[1.41948659]
[2.54815167],[0.7846279],[1.43481617]
[2.51527844],[0.79603247],[1.4351907]
[2.56085159],[0.79013678],[1.44975149]
[2.52246751],[0.80079785],[1.4458627]
[2.5566532],[0.79679252],[1.45627324]
[2.54026455],[0.79964979],[1.44999799]
[2.53072527],[0.80356197],[1.45413734]
[2.53870005],[0.80332751],[1.45270044]
[2.52725664],[0.80309084],[1.4487402]
[2.52822033],[0.80313139],[1.44807544]
[2.52749568],[0.80243617],[1.44719785]
[2.52366156],[0.80219835],[1.44644973]
[2.52617164],[0.80220292],[1.44627866]
[2.52401653],[0.80146117],[1.44234055]
[2.52158348],[0.79779548],[1.43574672]
[2.51514507],[0.79195059],[1.42202714]
[2.51254144],[0.78475934],[1.40569707]
[2.50851559],[0.77531557],[1.38952319]
[2.50103173],[0.76655365],[1.37396686]
[2.49695215],[0.75787918],[1.35582895]
[2.48897268],[0.74808535],[1.33634642]
[2.48344804],[0.73883192],[1.32152088]
[2.47926418],[0.72960173],[1.30996269]
[2.48126963],[0.72297813],[1.30244017]
[2.48257642],[0.71482344],[1.29397408]
[2.48343523],[0.70775164],[1.28721677]
[2.48686832],[0.70280338],[1.27692129]
[2.48641514],[0.69972972],[1.26941714]
[2.23078925],[0.69911957],[1.19653647]
[0.],[0.],[0.]
[0.],[0.],[0.]
[0.93621108],[0.21624114],[0.09989743]
[1.44895362],[0.43927229],[0.43863303]
[1.74264353],[0.4948808],[0.57427523]
[1.98324712],[0.56468563],[0.76109358]
[2.14666509],[0.60953219],[0.91019269]
[2.23015139],[0.66669505],[1.02317935]
[2.33471332],[0.67138269],[1.10911305]
[2.37534995],[0.69737463],[1.17386215]
[2.42030479],[0.69981923],[1.22578166]
[2.41656625],[0.7323547],[1.2777028]
[2.46083022],[0.72967143],[1.31373009]
[2.45524209],[0.76214945],[1.35651531]
[2.50744958],[0.76248085],[1.39767206]
[2.50248939],[0.79030921],[1.43268014]
[2.53401672],[0.79650477],[1.46179511]
[2.52990486],[0.81713243],[1.48419799]
[2.57282722],[0.82626693],[1.51679725]
[2.58043272],[0.83920822],[1.52733991]
[2.5967763],[0.84214963],[1.54926967]
[2.74834919],[0.84635023],[1.57353091]
[2.73132351],[0.8506796],[1.5841171]
[2.79879919],[0.85345798],[1.59928826]
[2.76496655],[0.85977902],[1.60793508]
[2.81529807],[0.85990396],[1.61294019]
[2.78225602],[0.86469661],[1.62202721]
[2.82837473],[0.86461129],[1.62986805]
[2.7877549],[0.86811939],[1.63524883]
[2.83284956],[0.86813458],[1.63908119]
[2.78567491],[0.87104392],[1.64262692]
[2.83983122],[0.8664607],[1.64246055]
[2.80526416],[0.86868782],[1.6487346]
[2.83547049],[0.86869871],[1.64487819]
[2.80086206],[0.86871041],[1.63315117]
[2.7787351],[0.86882973],[1.62981472]
[2.77358162],[0.86912606],[1.62943694]
[2.76337259],[0.86934135],[1.62954492]
[2.76219525],[0.86946843],[1.62869869]
[2.75715287],[0.86950106],[1.62531323]
[2.75077683],[0.8677179],[1.621492]
[2.74680954],[0.86258558],[1.60874352]
[2.73606444],[0.85604979],[1.59048831]
[2.72868948],[0.84807779],[1.57250928]
[2.71325837],[0.84074843],[1.55692242]
[2.70159419],[0.83333918],[1.54170531]
[2.68597966],[0.82413641],[1.52436823]
[2.6693593],[0.81568417],[1.50757813]
[2.65849909],[0.80811863],[1.49293558]
[2.65769507],[0.80202402],[1.48300788]
[2.65887741],[0.79428628],[1.47222861]
[2.65397022],[0.7876329],[1.45956704]
[2.65107788],[0.78156256],[1.44361633]
[2.65363532],[0.77334378],[1.43034522]
[2.37366924],[0.76874309],[1.33597101]
[0.],[0.],[0.]
[0.],[0.],[0.]
[0.87649962],[0.24495027],[0.10613448]
[1.59537169],[0.47001383],[0.49157186]
[1.99563109],[0.5571991],[0.75429484]
[2.1402727],[0.62161524],[0.92142709]
[2.27712595],[0.66032501],[1.06660534]
[2.3479146],[0.73274983],[1.20060296]
[2.43889831],[0.74183553],[1.29730322]
[2.46084096],[0.77751929],[1.36813385]
[2.50678416],[0.79018754],[1.43222905]
[2.50569627],[0.81201508],[1.47223855]
[2.54675871],[0.82139849],[1.50943595]
[2.5370964],[0.83782259],[1.53094856]
[2.57975835],[0.84766295],[1.57042168]
[2.58438102],[0.86257227],[1.59242098]
[2.60752242],[0.87537933],[1.63534642]
[2.73853173],[0.88109223],[1.66452757]
[2.79137434],[0.88730446],[1.69168198]
[2.91634643],[0.88900757],[1.72583474]
[2.98145924],[0.89508183],[1.750164]
[3.05859536],[0.89455583],[1.76198969]
[3.09759694],[0.90139961],[1.7806966]
[3.09160227],[0.90026983],[1.78716961]
[3.10201465],[0.90631989],[1.80284731]
[3.09738041],[0.90430902],[1.80580439]
[3.11160104],[0.9097677],[1.82111116]
[3.10246793],[0.90846751],[1.82585147]
[3.11421246],[0.91371787],[1.83857874]
[3.10954926],[0.9124916],[1.83983963]
[3.1176937],[0.91504298],[1.84816089]
[3.11888689],[0.91067053],[1.84561944]
[3.14469799],[0.91238572],[1.85562426]
[3.12032031],[0.91239855],[1.84666058]
[3.13224664],[0.9123613],[1.83906194]
[3.08694285],[0.91235997],[1.83154945]
[3.07626962],[0.91227361],[1.82888814]
[3.06235363],[0.91222091],[1.82687916]
[3.05021222],[0.91218422],[1.82265477]
[3.0425371],[0.91161316],[1.81733861]
[3.03114849],[0.909097],[1.81046304]
[3.01633527],[0.90422625],[1.79638438]
[3.00195678],[0.89968377],[1.77779543]
[2.99055699],[0.89575661],[1.76236308]
[2.97295899],[0.89263252],[1.74711349]
[2.95831828],[0.88925812],[1.72908985]
[2.93517932],[0.88488732],[1.71149843]
[2.91074081],[0.87924926],[1.69370205]
[2.88574931],[0.87251036],[1.67309927]
[2.87333794],[0.86787693],[1.65815702]
[2.85802108],[0.86173775],[1.64211232]
[2.83356186],[0.85618217],[1.62457278]
[2.81466191],[0.85050175],[1.60622214]
[2.80055319],[0.8432368],[1.59111613]
[2.50435557],[0.83713863],[1.47506557]
[0.],[0.],[0.]
[0.],[0.],[0.]
[0.83323997],[0.23072554],[0.09490033]
[1.88959405],[0.51669435],[0.62509472]
[2.12658767],[0.6270278],[0.899823]
[2.25388603],[0.69321569],[1.08120309]
[2.39150762],[0.75500337],[1.26371966]
[2.43411286],[0.80768742],[1.38009702]
[2.51798383],[0.82985641],[1.48028494]
[2.52136309],[0.84916197],[1.52611334]
[2.57201986],[0.86890216],[1.58510461]
[2.57778271],[0.87843411],[1.61275836]
[2.61030308],[0.89450249],[1.66324036]
[2.70392686],[0.89811191],[1.69234491]
[2.76010201],[0.90371447],[1.73319584]
[2.88664772],[0.90644264],[1.77447742]
[2.9865773],[0.91171868],[1.82152634]
[3.0707306],[0.90950658],[1.8461294]
[3.19937268],[0.91438217],[1.8879904]
[3.25470533],[0.91479897],[1.91534708]
[3.35458412],[0.92296126],[1.95826554]
[3.36838532],[0.92357167],[1.96995598]
[3.42518307],[0.93144627],[1.99917496]
[3.38677411],[0.93035067],[2.00661094]
[3.42468528],[0.93666266],[2.03101048]
[3.39221617],[0.93440162],[2.03342976]
[3.4359642],[0.94154292],[2.05597821]
[3.3959046],[0.93838207],[2.05756382]
[3.43430374],[0.94555028],[2.07747155]
[3.40248199],[0.94220914],[2.07769281]
[3.43822986],[0.94750545],[2.09268826]
[3.41601579],[0.94108174],[2.08962154]
[3.4598765],[0.94332558],[2.10904724]
[3.4238575],[0.94304331],[2.09174598]
[3.45198631],[0.94258121],[2.09218916]
[3.41085183],[0.94218582],[2.0760785]
[3.3992235],[0.94167477],[2.07144742]
[3.38672249],[0.94117816],[2.06709995]
[3.37389634],[0.94074041],[2.06014753]
[3.36773689],[0.93868687],[2.05320379]
[3.35337027],[0.93571942],[2.04356796]
[3.33556033],[0.93021056],[2.02850434]
[3.32093922],[0.92509043],[2.00627792]
[3.30487126],[0.92068214],[1.98462125]
[3.28418597],[0.91602934],[1.96116763]
[3.25744354],[0.91124104],[1.92931773]
[3.22093808],[0.90665971],[1.89900666]
[3.17638527],[0.9020753],[1.87000764]
[3.12978474],[0.89929187],[1.84314172]
[3.0927153],[0.8970451],[1.81965806]
[3.06210293],[0.89465509],[1.80231985]
[3.02865197],[0.89247621],[1.7855128]
[2.99824198],[0.89074374],[1.76802237]
[2.97569154],[0.88906574],[1.7514228]
[2.63897733],[0.88464633],[1.61319868]
[0.],[0.],[0.]
[0.],[0.],[0.]
[1.27920369],[0.31829511],[0.23858415]
[2.10221305],[0.55317402],[0.81470392]
[2.25835497],[0.70000203],[1.07874302]
[2.36003868],[0.7564986],[1.24012421]
[2.46940877],[0.81165346],[1.40050143]
[2.48579448],[0.85615164],[1.49244402]
[2.56701957],[0.88032799],[1.59143007]
[2.65497656],[0.89320047],[1.64467484]
[2.68986359],[0.90655308],[1.69934512]
[2.8069921],[0.90899626],[1.74794079]
[2.88821837],[0.91536613],[1.7949767]
[2.99765993],[0.91791996],[1.84757728]
[3.12096355],[0.92389115],[1.90599524]
[3.203998],[0.92443513],[1.94178999]
[3.35127811],[0.92978405],[1.99374798]
[3.38928414],[0.92892209],[2.02417146]
[3.4855177],[0.9355747],[2.07583096]
[3.52975306],[0.93403436],[2.10520467]
[3.59706663],[0.94334144],[2.15178295]
[3.63446736],[0.94132936],[2.16847309]
[3.6517424],[0.94972636],[2.20094298]
[3.6602176],[0.94571481],[2.21305961]
[3.65180642],[0.95386466],[2.24073219]
[3.66232909],[0.9497608],[2.2506047]
[3.6630328],[0.95806766],[2.26870197]
[3.66992311],[0.95371681],[2.28340897]
[3.66100255],[0.96221053],[2.28741275]
[3.67241014],[0.9577739],[2.30472493]
[3.66476742],[0.96472952],[2.29973436]
[3.68334841],[0.95785596],[2.31759368]
[3.69223014],[0.96068161],[2.33122733]
[3.69156499],[0.96028613],[2.32332591]
[3.6896491],[0.95989142],[2.31971231]
[3.67724905],[0.95965242],[2.30127803]
[3.6501488],[0.95912639],[2.29394323]
[3.63709535],[0.95887482],[2.28788793]
[3.62090283],[0.95848171],[2.27674247]
[3.61324726],[0.95614842],[2.2683026]
[3.60417806],[0.95311361],[2.25690328]
[3.58748168],[0.94743982],[2.2401712]
[3.57282861],[0.9418985],[2.21915084]
[3.55927723],[0.93781078],[2.19797887]
[3.5404727],[0.93386987],[2.17476376]
[3.51971324],[0.92997323],[2.14064193]
[3.4976785],[0.92575574],[2.10698474]
[3.46167332],[0.92231063],[2.07521436]
[3.42186719],[0.92056297],[2.0482392]
[3.38813453],[0.91925168],[2.01885883]
[3.35480341],[0.91701424],[1.98906644]
[3.3140062],[0.91445547],[1.96023027]
[3.267],[0.91201391],[1.92993376]
[3.23054158],[0.90932648],[1.90300662]
[2.85149343],[0.90691689],[1.74073894]
[0.],[0.],[0.]
[0.],[0.],[0.]
[1.48461572],[0.39615744],[0.37353608]
[2.17989578],[0.62780154],[0.93717246]
[2.34400582],[0.74631251],[1.19534856]
[2.41670869],[0.79435299],[1.34159799]
[2.5139025],[0.8441898],[1.48505332]
[2.52962639],[0.88217661],[1.56912644]
[2.60346658],[0.89547548],[1.66186361]
[2.81674499],[0.90599345],[1.73426078]
[2.94610193],[0.91803648],[1.80206572]
[3.06431109],[0.92281233],[1.8782619]
[3.19932572],[0.92905046],[1.94728077]
[3.28028879],[0.93277757],[1.99920538]
[3.42922092],[0.93921131],[2.06471834]
[3.50432413],[0.94076901],[2.11568828]
[3.57517036],[0.94613589],[2.1684471]
[3.6530168],[0.94312623],[2.20965863]
[3.70935433],[0.94986103],[2.26463381]
[3.79250077],[0.94900625],[2.33492768]
[3.80795676],[0.95853752],[2.34123394]
[3.8760387],[0.95647843],[2.40131459]
[3.85863718],[0.9650463],[2.39567825]
[3.90507441],[0.96060319],[2.45773661]
[3.86092067],[0.96906224],[2.43418904]
[3.90309401],[0.96441013],[2.5025534]
[3.86712559],[0.97333369],[2.46346627]
[3.90993882],[0.96850902],[2.55841029]
[3.86287456],[0.97778298],[2.51570197]
[3.90816459],[0.97253807],[2.60995524]
[3.86835592],[0.98064912],[2.5720497]
[3.91645074],[0.97347925],[2.66688077]
[3.89464533],[0.97669209],[2.68242627]
[3.92399023],[0.97633697],[2.69067203]
[3.89432655],[0.97626153],[2.68009274]
[3.90768363],[0.9762576],[2.66173278]
[3.86628926],[0.97594283],[2.65248545]
[3.85423049],[0.97572591],[2.64666192]
[3.83857297],[0.97528289],[2.63642328]
[3.83023409],[0.97363187],[2.62981135]
[3.82295752],[0.97085947],[2.61980749]
[3.80687663],[0.96520429],[2.60770131]
[3.78796326],[0.95950549],[2.56536205]
[3.77517407],[0.95483824],[2.51882119]
[3.75578541],[0.95068599],[2.47192303]
[3.73502436],[0.94656748],[2.42223922]
[3.71665506],[0.94230249],[2.3818797]
[3.68693762],[0.93946686],[2.33814233]
[3.65078915],[0.93741414],[2.31378994]
[3.61775886],[0.93564521],[2.27062177]
[3.58810385],[0.93340732],[2.23305676]
[3.55542936],[0.93151987],[2.19785168]
[3.51785205],[0.93001508],[2.157287]
[3.4901153],[0.92780808],[2.12095146]
[3.11288359],[0.92501039],[1.93341478]
[0.],[0.],[0.]
[0.],[0.],[0.]
[1.56779269],[0.44810499],[0.51846551]
[2.25003793],[0.67662514],[1.05167721]
[2.38714049],[0.78265781],[1.3003013]
[2.46000429],[0.82645131],[1.4357317]
[2.53193435],[0.86397547],[1.55206643]
[2.57541881],[0.89913085],[1.64377237]
[2.74363838],[0.9120377],[1.74064431]
[2.96958848],[0.92428081],[1.84066364]
[3.13092748],[0.93852126],[1.92145284]
[3.2535601],[0.94163239],[2.01711927]
[3.39992555],[0.94824295],[2.09517946]
[3.49792316],[0.94915936],[2.15578732]
[3.60585776],[0.95576308],[2.22645003]
[3.7106888],[0.95837599],[2.27882028]
[3.7754399],[0.96386743],[2.33826366]
[3.88396657],[0.96817942],[2.42221137]
[3.90257213],[0.97444222],[2.44357193]
[4.03818346],[0.97660972],[2.55436709]
[4.01520253],[0.9842633],[2.52987611]
[4.11551719],[0.98396095],[2.67681375]
[4.06657572],[0.99088879],[2.6317228]
[4.14941669],[0.98831842],[2.77642906]
[4.07405715],[0.99549439],[2.73053751]
[4.14962209],[0.99252208],[2.83729235]
[4.08321157],[0.9993614],[2.80044333]
[4.16066152],[0.99702581],[2.90215823]
[4.07871375],[1.00287031],[2.88525934]
[4.15706361],[1.00074668],[2.95694914]
[4.08511594],[1.00635564],[2.94038718]
[4.16495092],[1.00246359],[3.01566697]
[4.11636824],[1.00479431],[3.02317972]
[4.17063385],[1.00454759],[3.04457084]
[4.12188215],[1.00707561],[3.03332552]
[4.15907883],[1.00896211],[3.02866147]
[4.10847353],[1.01176297],[3.01860252]
[4.09796211],[1.01603392],[3.0187331]
[4.08106275],[1.01783314],[3.01276722]
[4.07153785],[1.02006995],[3.01107873]
[4.06807757],[1.02340881],[3.00689714]
[4.05360895],[1.01955872],[2.99476851]
[4.03120793],[1.00730505],[2.96128345]
[4.0195548],[0.99410306],[2.92484005]
[4.00092603],[0.98063116],[2.87443084]
[3.97778788],[0.97209042],[2.81743356]
[3.96132731],[0.96759791],[2.76787172]
[3.94572626],[0.96450892],[2.71616267]
[3.91088464],[0.96232038],[2.66582395]
[3.87336646],[0.96059622],[2.60539292]
[3.84503712],[0.95811318],[2.5560594]
[3.81068006],[0.95604986],[2.50986685]
[3.77272822],[0.95425032],[2.45552668]
[3.74381542],[0.9519277],[2.41663676]
[3.36848417],[0.94991814],[2.22524373]
[0.],[0.],[0.]
[0.],[0.],[0.]
[1.59307514],[0.49032961],[0.58831976]
[2.30035581],[0.70766027],[1.13193425]
[2.42392361],[0.79843012],[1.36446006]
[2.48937281],[0.84163595],[1.49611197]
[2.56269672],[0.87980224],[1.61576513]
[2.71614033],[0.91246415],[1.7232412]
[2.9078109],[0.92734555],[1.83334437]
[3.11900073],[0.94151044],[1.95123136]
[3.3074129],[0.95284287],[2.04906378]
[3.41438466],[0.9545566],[2.15072805]
[3.54608881],[0.96157822],[2.24073535]
[3.66312503],[0.96446906],[2.31710333]
[3.7324004],[0.97000306],[2.37793651]
[3.87397084],[0.97599691],[2.47007904]
[3.89922632],[0.98266796],[2.49636964]
[4.02554726],[0.98810426],[2.6344286]
[4.02548121],[0.99596593],[2.61690298]
[4.16916902],[0.99764475],[2.81994778]
[4.13854038],[1.00500691],[2.81967135]
[4.23119732],[1.00470862],[2.9743362]
[4.19296605],[1.00992198],[2.98934664]
[4.2660211],[1.01554285],[3.08472468]
[4.20084461],[1.02737109],[3.07555841]
[4.26688015],[1.0340539],[3.14463301]
[4.21216434],[1.04425851],[3.13259632]
[4.27960512],[1.05443004],[3.20426823]
[4.21433311],[1.06302328],[3.18167375]
[4.28151275],[1.07113827],[3.25381968]
[4.22702683],[1.08373131],[3.23034644]
[4.29568716],[1.09376718],[3.30097124]
[4.26806006],[1.09859707],[3.30300554]
[4.30648632],[1.09919177],[3.33511536]
[4.28145295],[1.10148416],[3.32152926]
[4.30419594],[1.10311855],[3.32474358]
[4.27631362],[1.10537697],[3.31182585]
[4.26091379],[1.10847734],[3.3118812]
[4.24794131],[1.10993893],[3.30660996]
[4.24149702],[1.11163105],[3.30569122]
[4.24024985],[1.11281953],[3.30248115]
[4.23071921],[1.10879313],[3.28996099]
[4.21095496],[1.09848263],[3.25707229]
[4.20204933],[1.08486747],[3.22507507]
[4.18761811],[1.07133104],[3.18319122]
[4.16626393],[1.05577229],[3.13445955]
[4.15141959],[1.04188799],[3.09366224]
[4.14384505],[1.02833483],[3.05330654]
[4.11369947],[1.01429265],[3.00323543]
[4.07436102],[0.99846109],[2.94582058]
[4.04571141],[0.98444768],[2.89415067]
[4.00994024],[0.977552],[2.83926547]
[3.97030302],[0.97545288],[2.7783399]
[3.93811172],[0.9727753],[2.72452404]
[3.55893378],[0.97056601],[2.51011428]
[0.],[0.],[0.]
[0.],[0.],[0.]
[1.62691376],[0.53283066],[0.65968572]
[2.34169466],[0.72047504],[1.18902877]
[2.45970938],[0.8117604],[1.41875747]
[2.51978787],[0.85271973],[1.54709382]
[2.59831112],[0.89264451],[1.67304492]
[2.85727518],[0.92616941],[1.80721317]
[3.07584913],[0.94050677],[1.92820792]
[3.27306826],[0.95100474],[2.05513964]
[3.46385021],[0.96126875],[2.17650641]
[3.58013919],[0.96571025],[2.28589811]
[3.69222678],[0.97194354],[2.38516656]
[3.81770695],[0.97749243],[2.4798643]
[3.8731217],[0.98331356],[2.51996693]
[4.01626769],[0.98798814],[2.66451767]
[4.02306895],[0.99539295],[2.65745064]
[4.15839548],[0.99943533],[2.8562922]
[4.14600815],[1.00842483],[2.87962478]
[4.28217481],[1.01061615],[3.04815248]
[4.26787332],[1.03017886],[3.10128629]
[4.33872247],[1.04896687],[3.20609476]
[4.30130026],[1.06837364],[3.22840014]
[4.35898586],[1.08142513],[3.30241649]
[4.30398608],[1.09348132],[3.30098479]
[4.35410037],[1.10086132],[3.35790865]
[4.30859758],[1.11119802],[3.35666826]
[4.36092799],[1.12083514],[3.4142034]
[4.30453195],[1.12980274],[3.40301317]
[4.35564579],[1.13789429],[3.45437539]
[4.30817841],[1.1523873],[3.45692374]
[4.36298588],[1.16208402],[3.50651391]
[4.34142483],[1.16670129],[3.51815811]
[4.36707451],[1.166967],[3.54980017]
[4.34761579],[1.16910964],[3.53811416]
[4.36101254],[1.17067908],[3.54625165]
[4.33986743],[1.17278509],[3.53088334]
[4.32050057],[1.17563992],[3.53089009]
[4.30809407],[1.17671506],[3.52725124]
[4.30136267],[1.17809006],[3.52309162]
[4.29805491],[1.17821438],[3.51667184]
[4.28811235],[1.1741411],[3.49835249]
[4.26765497],[1.16463277],[3.46089055]
[4.25805283],[1.15137779],[3.42561488]
[4.24322302],[1.1383266],[3.38377092]
[4.22127045],[1.12343797],[3.33430817]
[4.20581682],[1.10993141],[3.29316774]
[4.19698514],[1.09670332],[3.25415794]
[4.17005246],[1.08257327],[3.20684035]
[4.12948225],[1.06657042],[3.15005915]
[4.09937455],[1.05214335],[3.1012151]
[4.06181049],[1.0383638],[3.05035449]
[4.02056623],[1.02215045],[2.99329548]
[3.98640941],[1.00798994],[2.94300674]
[3.60217211],[0.99379402],[2.72109804]
[0.],[0.],[0.]
[0.],[0.],[0.]
[1.66410801],[0.58442644],[0.74124274]
[2.3746808],[0.73211276],[1.23584082]
[2.49807194],[0.82367909],[1.46931481]
[2.55249744],[0.86329869],[1.6022944]
[2.75619301],[0.90334731],[1.74867853]
[2.99858223],[0.93587144],[1.89529732]
[3.2491691],[0.94867187],[2.03031525]
[3.42920042],[0.96241298],[2.1700025]
[3.61224438],[0.97149471],[2.30998614]
[3.74352628],[0.9764762],[2.43931357]
[3.83092011],[0.98297132],[2.53351287]
[3.97907591],[0.987229],[2.68018137]
[4.01236572],[0.9936102],[2.69228398]
[4.14783459],[0.99811952],[2.88957991]
[4.13340287],[1.00711544],[2.92500014]
[4.25113543],[1.01147434],[3.06916093]
[4.24172645],[1.03446497],[3.13174895]
[4.35416982],[1.06396031],[3.26080784]
[4.33789263],[1.09211888],[3.30978011]
[4.39419589],[1.10947784],[3.40044365]
[4.36366504],[1.12626528],[3.42977143]
[4.41086107],[1.13868704],[3.4895822]
[4.36426319],[1.15067628],[3.50157464]
[4.40325868],[1.15900562],[3.54502735]
[4.365132],[1.16961695],[3.55432525]
[4.40724386],[1.17917929],[3.59908765]
[4.35870575],[1.18773633],[3.59841546]
[4.39993842],[1.19571168],[3.6405676]
[4.35810949],[1.21148547],[3.65862026]
[4.4032637],[1.22065325],[3.70385673]
[4.38579839],[1.22402912],[3.71509511]
[4.40466429],[1.22383032],[3.74856853]
[4.38872868],[1.22490187],[3.73253082]
[4.39624624],[1.22559304],[3.74008892]
[4.37780059],[1.22663541],[3.71855382]
[4.35396868],[1.22866238],[3.71490757]
[4.33990969],[1.22893091],[3.70745716]
[4.33223492],[1.22937127],[3.69984117]
[4.3287678],[1.22669921],[3.69019837]
[4.31961846],[1.22151218],[3.6698647]
[4.29924834],[1.21226961],[3.62955919]
[4.29009202],[1.19845164],[3.58962968]
[4.27633705],[1.18466656],[3.54253204]
[4.25455487],[1.16925937],[3.48736299]
[4.24046526],[1.15523747],[3.44149158]
[4.23163122],[1.1415963],[3.39984174]
[4.20919331],[1.12743258],[3.3497011]
[4.1695207],[1.11164708],[3.28759164]
[4.13891829],[1.0970506],[3.23546412]
[4.10126694],[1.08185531],[3.18293796]
[4.05987248],[1.06449489],[3.12640739]
[4.02561795],[1.04835453],[3.07302165]
[3.63801703],[1.03246549],[2.84633059]
[0.],[0.],[0.]
[0.],[0.],[0.]
[1.69189863],[0.61213007],[0.80996138]
[2.40969462],[0.74785101],[1.29584637]
[2.52747788],[0.84245423],[1.53297119]
[2.652729],[0.87793183],[1.67432651]
[2.91434414],[0.92124301],[1.8418259]
[3.14950789],[0.95148608],[2.00476357]
[3.41055664],[0.96475006],[2.15028934]
[3.59302238],[0.97797107],[2.31477516]
[3.75581542],[0.98745159],[2.45237775]
[3.89477741],[0.99176404],[2.63158984]
[3.94862775],[0.99779256],[2.72196917]
[4.10237015],[1.00121407],[2.89973264]
[4.08100786],[1.00795905],[2.96756177]
[4.2044505],[1.01353893],[3.10368717]
[4.19456344],[1.0416216],[3.15833527]
[4.3061839],[1.06581555],[3.27944833]
[4.30144192],[1.09516054],[3.33507793]
[4.40683527],[1.12219198],[3.45709568]
[4.39185553],[1.14700162],[3.50981925]
[4.44189251],[1.16273846],[3.58715145]
[4.41362148],[1.17760706],[3.62230478]
[4.45793463],[1.1886456],[3.67427368]
[4.41440505],[1.20037985],[3.68259912]
[4.44906719],[1.20735522],[3.72391749]
[4.4124677],[1.21651505],[3.72446527]
[4.4503327],[1.22443388],[3.76508739]
[4.40448613],[1.23170461],[3.7594311]
[4.44127923],[1.23962169],[3.80119494]
[4.40274302],[1.25312666],[3.81490386]
[4.44617466],[1.26007787],[3.85875144]
[4.43539031],[1.26369163],[3.86876237]
[4.44766813],[1.26295177],[3.89969389]
[4.43758599],[1.26366599],[3.88549329]
[4.44128388],[1.26336467],[3.89156702]
[4.43067386],[1.26365715],[3.86680455]
[4.40412143],[1.26435412],[3.85839229]
[4.39160703],[1.26348965],[3.84943062]
[4.38439821],[1.26187289],[3.83832527]
[4.37991242],[1.2576198],[3.82486063]
[4.37097341],[1.25236775],[3.80289359]
[4.35186994],[1.24339222],[3.76113729]
[4.34289818],[1.23092367],[3.71963495]
[4.33009543],[1.21729638],[3.67330371]
[4.30983353],[1.2023081],[3.61933679]
[4.29486287],[1.18855235],[3.56956881]
[4.28363668],[1.17581926],[3.52196313]
[4.26610089],[1.162028],[3.47146807]
[4.2286551],[1.14672102],[3.40837751]
[4.19779702],[1.13252529],[3.35467186]
[4.1608107],[1.11780945],[3.29933227]
[4.11950843],[1.10057126],[3.23981453]
[4.08493356],[1.08476898],[3.18882966]
[3.69799538],[1.06934279],[2.96373145]
[0.],[0.],[0.]
[0.],[0.],[0.]
[1.6948917],[0.62237661],[0.81981177]
[2.43148793],[0.7574689],[1.32580824]
[2.55690195],[0.85268496],[1.5688797]
[2.74780906],[0.88768618],[1.72995295]
[3.03183965],[0.93450088],[1.91967929]
[3.24665281],[0.96143566],[2.09291759]
[3.507108],[0.97533135],[2.26527149]
[3.69297346],[0.98733979],[2.43362247]
[3.85108426],[0.9968225],[2.59311085]
[3.98475313],[0.99958891],[2.87391541]
[4.02545392],[1.00689413],[2.96879311]
[4.13905555],[1.02964663],[3.11713981]
[4.12187101],[1.05284488],[3.17572614]
[4.23956358],[1.07378603],[3.29893729]
[4.23741513],[1.10063918],[3.3526256]
[4.34064615],[1.11974808],[3.46346038]
[4.34489597],[1.14326934],[3.52717012]
[4.43923043],[1.1654995],[3.63014867]
[4.43039654],[1.18603856],[3.6805257]
[4.47197424],[1.20089784],[3.74349255]
[4.44916035],[1.21335426],[3.76735873]
[4.48646007],[1.2241965],[3.81600729]
[4.44861669],[1.23531764],[3.81877455]
[4.47720674],[1.24264369],[3.85754399]
[4.44641108],[1.25138777],[3.85998237]
[4.47839894],[1.25881054],[3.89786342]
[4.43857549],[1.26602826],[3.89586373]
[4.46961268],[1.2737328],[3.93571086]
[4.43647873],[1.28645348],[3.95417712]
[4.47433611],[1.29354773],[3.99914305]
[4.4669062],[1.29680197],[4.01259612]
[4.47489568],[1.29710703],[4.04557072]
[4.46946352],[1.29743254],[4.03193087]
[4.46903471],[1.29742996],[4.04211094]
[4.46288849],[1.29772044],[4.01741398]
[4.43479801],[1.29809582],[4.008755]
[4.4226222],[1.2962293],[3.99725492]
[4.41550841],[1.2938247],[3.9828592]
[4.41128083],[1.29003066],[3.96739859]
[4.40298721],[1.28489857],[3.94221657]
[4.3844888],[1.27643133],[3.90046892]
[4.37463354],[1.26620692],[3.85843384]
[4.36178238],[1.25391264],[3.81528506]
[4.34202151],[1.2403926],[3.7635194]
[4.32852963],[1.22800569],[3.71457998]
[4.31799638],[1.215266],[3.66560464]
[4.30224802],[1.20231257],[3.61247345]
[4.26716504],[1.18784898],[3.54521613]
[4.23667819],[1.17399348],[3.48570773]
[4.199768],[1.16029927],[3.4297807]
[4.1583147],[1.1445453],[3.36886208]
[4.12344222],[1.12943955],[3.3153072]
[3.73383799],[1.11476227],[3.08688802]
[0.],[0.],[0.]
[0.],[0.],[0.]
[1.70035809],[0.62970749],[0.8348292]
[2.4492067],[0.76685004],[1.35515698]
[2.58438291],[0.8587262],[1.60169481]
[2.83054719],[0.89494156],[1.78779562]
[3.14212615],[0.94255037],[1.99924317]
[3.34159876],[0.96693145],[2.16598018]
[3.60626213],[0.98159977],[2.35779304]
[3.78879766],[0.99265518],[2.55345179]
[3.93568363],[1.00227601],[2.76043562]
[4.05530475],[1.01603848],[3.03014469]
[4.07225172],[1.03813025],[3.11765787]
[4.17334795],[1.05757062],[3.23431748]
[4.16298631],[1.07930201],[3.28796924]
[4.27515121],[1.09963268],[3.39892929]
[4.27877243],[1.12614662],[3.45545856]
[4.37553623],[1.14451454],[3.55547542]
[4.38687554],[1.16705779],[3.62927374]
[4.47174866],[1.18814184],[3.72340275]
[4.46772899],[1.20813138],[3.77461561]
[4.50243092],[1.22270809],[3.83596854]
[4.48426317],[1.23467178],[3.85945096]
[4.51556746],[1.24591806],[3.90732418]
[4.48351476],[1.25782538],[3.91479617]
[4.50632585],[1.2656719],[3.95187973]
[4.47895169],[1.27409812],[3.95817888]
[4.50771254],[1.28151282],[3.99435323]
[4.47092087],[1.28933786],[3.9962011]
[4.49839088],[1.2984873],[4.03939121]
[4.46869266],[1.31091866],[4.06004797]
[4.50379201],[1.31795111],[4.10447002]
[4.50011811],[1.32167113],[4.11782917]
[4.50408757],[1.32197349],[4.15137561]
[4.50259799],[1.32224748],[4.14060558]
[4.49789241],[1.32221315],[4.15039903]
[4.49551067],[1.32187727],[4.12505132]
[4.46646918],[1.32170713],[4.11597569]
[4.45349264],[1.32027093],[4.10331433]
[4.44611396],[1.31673742],[4.08832572]
[4.44161844],[1.31306689],[4.07281012]
[4.43316196],[1.3081119],[4.04760594]
[4.41672926],[1.29995111],[4.00649464]
[4.40721652],[1.2907178],[3.96293173]
[4.3937416],[1.27826185],[3.91431775]
[4.37430128],[1.26463999],[3.86173248]
[4.36228012],[1.25248289],[3.81326132]
[4.35245617],[1.24034232],[3.7650019]
[4.33672131],[1.22792193],[3.71121555]
[4.30480375],[1.21357465],[3.64434189]
[4.27538366],[1.19985508],[3.58404538]
[4.23885778],[1.1865337],[3.52359225]
[4.19740494],[1.17105906],[3.45952874]
[4.16189328],[1.15776968],[3.40669474]
[3.76912035],[1.14360895],[3.17310351]
[0.],[0.],[0.]
[0.],[0.],[0.]
[1.70835436],[0.63875611],[0.87056654]
[2.46465369],[0.77985195],[1.40264945]
[2.60279244],[0.87030022],[1.64974234]
[2.91646631],[0.90806295],[1.86627303]
[3.24637267],[0.95712409],[2.09509398]
[3.45073194],[0.97652304],[2.26794973]
[3.69164189],[0.99255761],[2.46807171]
[3.88773483],[1.00130086],[2.69810735]
[4.01135152],[1.02468093],[2.90903329]
[4.11453717],[1.04564376],[3.14085976]
[4.11750944],[1.06833464],[3.23726252]
[4.22293031],[1.08831549],[3.34656476]
[4.21991219],[1.11093052],[3.4026355]
[4.32572586],[1.12976752],[3.51119665]
[4.33514157],[1.15464058],[3.5767727]
[4.42439724],[1.17259766],[3.6730459]
[4.44107814],[1.19412871],[3.74553423]
[4.51512247],[1.21472358],[3.84302165]
[4.51496123],[1.23414958],[3.89163485]
[4.54487967],[1.24781184],[3.95360964]
[4.531904],[1.25990664],[3.97714697]
[4.55806143],[1.27169305],[4.02520993]
[4.53073419],[1.2835294],[4.03148888]
[4.54751777],[1.29228231],[4.07020698]
[4.52463872],[1.30046497],[4.07584315]
[4.54916203],[1.30798899],[4.1125706]
[4.51687613],[1.31569658],[4.11363735]
[4.54084352],[1.3252054],[4.16042369]
[4.51473087],[1.33745311],[4.18007032]
[4.54737805],[1.34478383],[4.22856186]
[4.5511426],[1.35035948],[4.2910286]
[4.54848332],[1.34986092],[4.27977061]
[4.55529943],[1.34982733],[4.33242211]
[4.54415467],[1.34868022],[4.28595466]
[4.54975475],[1.34801549],[4.26125678]
[4.51797433],[1.34731434],[4.24975872]
[4.50404846],[1.3460366],[4.2348061]
[4.49566853],[1.34214415],[4.21882687]
[4.4889911],[1.33885975],[4.20056502]
[4.48065336],[1.33308281],[4.17276997]
[4.46325319],[1.32557767],[4.1334701]
[4.45442808],[1.31767194],[4.0929092]
[4.443078],[1.30556872],[4.04653208]
[4.42451923],[1.29230504],[3.99374726]
[4.41090864],[1.28055429],[3.943307]
[4.4008619],[1.26878043],[3.89381623]
[4.38613366],[1.25631573],[3.83734272]
[4.36059965],[1.2423203],[3.77394033]
[4.33297152],[1.23016332],[3.71534692]
[4.2966605],[1.21743286],[3.65342942]
[4.25537853],[1.20240447],[3.58713901]
[4.22044004],[1.18874236],[3.52663067]
[3.82854343],[1.17548031],[3.2891416]
[0.],[0.],[0.]
[0.],[0.],[0.]
[1.71896339],[0.64334128],[0.88320959]
[2.47711544],[0.78658329],[1.42595748]
[2.67816612],[0.87764739],[1.68910988]
[2.98323649],[0.91973433],[1.92268886]
[3.35654764],[0.9668858],[2.16892262]
[3.53021305],[0.98306378],[2.35175852]
[3.76529233],[0.99995248],[2.56805349]
[3.95152484],[1.00825161],[2.85362648]
[4.05542654],[1.06543501],[3.066006]
[4.15074083],[1.08294187],[3.26578903]
[4.16110385],[1.10919996],[3.37442273]
[4.2604076],[1.13050959],[3.48080675]
[4.26482328],[1.15173073],[3.54663084]
[4.36135892],[1.16971744],[3.64770954]
[4.37611695],[1.19327437],[3.72471682]
[4.45973558],[1.21006808],[3.8237721]
[4.4850262],[1.22993197],[3.89626731]
[4.55010044],[1.24966793],[3.99143933]
[4.55695042],[1.26808467],[4.03935659]
[4.57968847],[1.2800014],[4.09770867]
[4.57491852],[1.29267563],[4.12534723]
[4.59407424],[1.30428409],[4.16996011]
[4.57503886],[1.31602493],[4.17812892]
[4.5852642],[1.32443802],[4.21391682]
[4.57060465],[1.33231123],[4.22144133]
[4.58773603],[1.33956249],[4.25711234]
[4.56400793],[1.34719607],[4.25927067]
[4.58020162],[1.35632332],[4.32104166]
[4.5616911],[1.36688157],[4.3571947]
[4.58692945],[1.37226658],[4.41089681]
[4.59595108],[1.37849065],[4.49550799]
[4.58753402],[1.37576332],[4.49329493]
[4.60013291],[1.37521808],[4.53377068]
[4.581827],[1.3738489],[4.50787942]
[4.59397577],[1.37297045],[4.48765298]
[4.55882779],[1.37206372],[4.47512414]
[4.54538825],[1.36889622],[4.452512]
[4.53678983],[1.36634208],[4.44366502]
[4.5301543],[1.36400993],[4.41967027]
[4.52152351],[1.3591557],[4.37743065]
[4.50314813],[1.35319271],[4.3216282]
[4.49244042],[1.3465999],[4.26422936]
[4.47992286],[1.33591274],[4.20200254]
[4.45886246],[1.3235103],[4.14547002]
[4.44458365],[1.31199734],[4.09473386]
[4.43302847],[1.30098176],[4.04723722]
[4.41729908],[1.2890049],[3.98866766]
[4.39552481],[1.27570166],[3.92294198]
[4.37097995],[1.26360887],[3.86141625]
[4.33497282],[1.25173335],[3.79833507]
[4.29370647],[1.2380986],[3.73115505]
[4.25855418],[1.22526897],[3.66888561]
[3.86404581],[1.21264855],[3.42479926]
[0.],[0.],[0.]
[0.],[0.],[0.]
[1.72866005],[0.647713],[0.89475768]
[2.49031799],[0.79292915],[1.44968247]
[2.73453537],[0.8830277],[1.719987]
[3.05189417],[0.92862778],[1.97025604]
[3.43525137],[0.97450907],[2.22895117]
[3.59787898],[0.98726844],[2.43487646]
[3.82992146],[1.00454723],[2.66978456]
[4.00144536],[1.02578382],[2.94968165]
[4.09967836],[1.08732891],[3.1703044]
[4.18860203],[1.10631678],[3.34891448]
[4.20904621],[1.13419061],[3.46538328]
[4.29798909],[1.15532351],[3.57015891]
[4.31110385],[1.17629284],[3.64700082]
[4.39804102],[1.19399605],[3.74201097]
[4.42075333],[1.21695192],[3.82498068]
[4.49777888],[1.23398754],[3.92776947]
[4.53192055],[1.25445282],[4.00336405]
[4.58806699],[1.27422432],[4.09663427]
[4.60213765],[1.292256],[4.1476919]
[4.61967104],[1.30354454],[4.20401434]
[4.62360378],[1.31608328],[4.24164819]
[4.63475559],[1.32859591],[4.29231212]
[4.62329051],[1.34049696],[4.31296568]
[4.62485574],[1.34937921],[4.35421037]
[4.61692758],[1.3568832],[4.37333488]
[4.62658742],[1.3641828],[4.41281592]
[4.6097155],[1.37335825],[4.42442587]
[4.62079903],[1.38093233],[4.48972774]
[4.60630689],[1.39110514],[4.52538936]
[4.6404339],[1.39777399],[4.58861403]
[4.64656236],[1.40375101],[4.65869863]
[4.65244303],[1.40087245],[4.67669026]
[4.66549777],[1.40017792],[4.70749548]
[4.66548781],[1.39860938],[4.69988341]
[4.66996275],[1.39739246],[4.67787129]
[4.64319726],[1.39637317],[4.6646204]
[4.6247764],[1.39261914],[4.63925126]
[4.59759646],[1.38996753],[4.61563462]
[4.57872911],[1.38638623],[4.58208194]
[4.56585713],[1.38091908],[4.54027946]
[4.54918025],[1.37389739],[4.4883717]
[4.53680284],[1.36627761],[4.43537706]
[4.52351237],[1.35801295],[4.3786897]
[4.50252365],[1.34635724],[4.30380552]
[4.48706174],[1.33549073],[4.24222617]
[4.47441578],[1.32351437],[4.1647134]
[4.45790627],[1.31165098],[4.10408579]
[4.43508153],[1.2985588],[4.03725452]
[4.40805794],[1.28660503],[3.96832796]
[4.37210525],[1.27490613],[3.90157654]
[4.33157661],[1.26152719],[3.83363701]
[4.29676231],[1.24923766],[3.77002733]
[3.89955687],[1.23717579],[3.52278794]
[0.],[0.],[0.]
[0.],[0.],[0.]
[1.73808747],[0.651804],[0.90676204]
[2.50447447],[0.79952753],[1.47370811]
[2.79181197],[0.88873519],[1.75457857]
[3.09750108],[0.93716478],[2.01820619]
[3.4860062],[0.98094418],[2.28985426]
[3.65898432],[0.99122445],[2.54396278]
[3.88303367],[1.00955375],[2.79399525]
[4.05491782],[1.05067728],[3.05052599]
[4.14565278],[1.1087922],[3.27152583]
[4.23133503],[1.13113304],[3.43726975]
[4.26159126],[1.158381],[3.56193515]
[4.33960656],[1.17889795],[3.65925074]
[4.36512658],[1.19924637],[3.74683785]
[4.43757146],[1.21644957],[3.84511111]
[4.46797592],[1.24053723],[3.93196405]
[4.53818611],[1.25710956],[4.03235788]
[4.58246955],[1.27728634],[4.11200201]
[4.63146699],[1.29721448],[4.20046588]
[4.6517367],[1.31565156],[4.25268719]
[4.66441766],[1.32633373],[4.34470518]
[4.66668415],[1.33941529],[4.39293895]
[4.68796683],[1.35221781],[4.45633023]
[4.66576142],[1.36553717],[4.46668948]
[4.6875659],[1.37602585],[4.53342114]
[4.67085077],[1.38666164],[4.5481115]
[4.69914937],[1.39689646],[4.61645354]
[4.68311924],[1.40934748],[4.64141321]
[4.70775821],[1.42049969],[4.73463846]
[4.70252935],[1.43509702],[4.78947159]
[4.73371741],[1.44621064],[4.87419965]
[4.73146852],[1.44965193],[4.93390757]
[4.74731074],[1.44457541],[4.96568546]
[4.75558493],[1.44005073],[4.98065124]
[4.77108805],[1.43436259],[4.99201959]
[4.7841062],[1.42832335],[4.94001012]
[4.77411644],[1.42326358],[4.90589098]
[4.74943028],[1.41487259],[4.86002255]
[4.71520428],[1.41109144],[4.81297257]
[4.69198332],[1.40658151],[4.76792241]
[4.66824528],[1.40125901],[4.7193008]
[4.63649374],[1.3946397],[4.65876646]
[4.60621423],[1.38634984],[4.59718637]
[4.58447931],[1.3762796],[4.53870336]
[4.56263089],[1.36336025],[4.46959925]
[4.54266488],[1.35213427],[4.41022122]
[4.52465694],[1.34105575],[4.31827044]
[4.50353874],[1.33043167],[4.2235393]
[4.48050303],[1.31792656],[4.14942986]
[4.45478954],[1.30617757],[4.08122721]
[4.41645193],[1.29474628],[4.00949696]
[4.36944174],[1.28172166],[3.93263485]
[4.33358908],[1.26975259],[3.86729621]
[3.93506441],[1.25799638],[3.61734871]
[0.],[0.],[0.]
[0.],[0.],[0.]
[1.73489519],[0.65727086],[0.92705757]
[2.51305504],[0.81082937],[1.50835913]
[2.82368801],[0.90169867],[1.80106219]
[3.14921715],[0.95133245],[2.08711375]
[3.53345928],[0.99159968],[2.38187899]
[3.71984087],[1.00049327],[2.68022697]
[3.93304059],[1.02239411],[2.93479929]
[4.11534687],[1.08134023],[3.17144836]
[4.19266962],[1.13817699],[3.38595455]
[4.28471822],[1.16234835],[3.54671587]
[4.31870892],[1.18859148],[3.68312203]
[4.39229242],[1.20804326],[3.78278152]
[4.41969933],[1.22743545],[3.8721235]
[4.48943276],[1.24536331],[3.97086096]
[4.53150792],[1.26836433],[4.06091712]
[4.5959443],[1.28675506],[4.16093168]
[4.65055582],[1.30813123],[4.25060273]
[4.70144516],[1.33277628],[4.35745999]
[4.71930681],[1.35827744],[4.46106463]
[4.74785939],[1.3719898],[4.60882988]
[4.75782366],[1.38933267],[4.67468763]
[4.7624972],[1.40574318],[4.74706697]
[4.76428709],[1.42219279],[4.79262703]
[4.76943918],[1.43475452],[4.86130778]
[4.79252057],[1.44642002],[4.91547993]
[4.79402645],[1.45818506],[4.98156769]
[4.81945499],[1.47234327],[5.04726952]
[4.81522101],[1.48373523],[5.14687305]
[4.84341164],[1.49646841],[5.20744283]
[4.845921],[1.50566925],[5.32647656]
[4.85842571],[1.51154062],[5.37972691]
[4.86110773],[1.5039636],[5.48915437]
[4.87587885],[1.49724204],[5.48346467]
[4.87560476],[1.49082255],[5.52869998]
[4.89123788],[1.48440886],[5.46652029]
[4.88818336],[1.47859746],[5.41868835]
[4.87781646],[1.4688901],[5.35491917]
[4.85512459],[1.4604094],[5.28658674]
[4.82924038],[1.44844851],[5.18038643]
[4.79777223],[1.4357829],[5.03943267]
[4.76120005],[1.42400844],[4.91732655]
[4.72924791],[1.41313599],[4.82385147]
[4.70379148],[1.40370509],[4.75597361]
[4.67306352],[1.38870912],[4.68094063]
[4.64231734],[1.3760212],[4.61344221]
[4.61156619],[1.36382039],[4.53044541]
[4.57054248],[1.35170179],[4.42092736]
[4.54146099],[1.33897238],[4.30177072]
[4.52004222],[1.32822175],[4.23029317]
[4.48723317],[1.31823313],[4.15349426]
[4.4385399],[1.30687855],[4.07459224]
[4.39677908],[1.29537183],[4.00037882]
[3.99775014],[1.28392112],[3.7446416]
[0.],[0.],[0.]
[0.],[0.],[0.]
[1.75637338],[0.65732884],[0.94692252]
[2.53398669],[0.81661681],[1.53611424]
[2.88247709],[0.91299341],[1.850531]
[3.20171888],[0.96075913],[2.15430211]
[3.58522993],[0.99826631],[2.51676648]
[3.77808078],[1.01085415],[2.84370573]
[3.98891567],[1.0640786],[3.09619892]
[4.17357492],[1.12264483],[3.32290672]
[4.24999182],[1.17574765],[3.53066011]
[4.33189603],[1.20032545],[3.68727312]
[4.37511681],[1.2247799],[3.84150047]
[4.43478595],[1.24316994],[3.9397713]
[4.47753686],[1.26384857],[4.03526657]
[4.53615283],[1.28272036],[4.13455097]
[4.59068507],[1.31209958],[4.24440197]
[4.64816189],[1.33862823],[4.37335896]
[4.72369151],[1.37032755],[4.52091743]
[4.77021931],[1.39815229],[4.72200656]
[4.8108507],[1.4219767],[4.87118945]
[4.82989103],[1.43602129],[4.9957394]
[4.88965824],[1.45290267],[5.1019056]
[4.8682713],[1.46797556],[5.20394433]
[4.9088767],[1.48441567],[5.24897109]
[4.88434103],[1.49701149],[5.371118]
[4.92957593],[1.50889236],[5.40040917]
[4.8998398],[1.51961477],[5.53867005]
[4.9704204],[1.53083446],[5.58881677]
[4.96949094],[1.54030763],[5.73502061]
[5.03495829],[1.55271142],[5.83446303]
[5.07229421],[1.56180549],[5.97135931]
[5.20268207],[1.56735575],[6.07446784]
[5.22962881],[1.56154976],[6.13918302]
[5.32561563],[1.55532947],[6.1720437]
[5.35759314],[1.5463371],[6.16790066]
[5.40899757],[1.53704402],[6.16681497]
[5.44539536],[1.52807102],[6.10126513]
[5.41995172],[1.51962543],[6.02130784]
[5.3173706],[1.51054589],[5.90746625]
[5.14171825],[1.49921896],[5.7602883]
[4.97813086],[1.48764664],[5.61329507]
[4.88742128],[1.4731889],[5.47198497]
[4.86364028],[1.45789642],[5.33242067]
[4.83276317],[1.44162682],[5.18130696]
[4.79649487],[1.42039838],[5.00754319]
[4.75811857],[1.40341092],[4.87912503]
[4.72613639],[1.389106],[4.77511862]
[4.69140887],[1.37542295],[4.67873424]
[4.65172491],[1.36123974],[4.56842393]
[4.60308764],[1.34994919],[4.45074077]
[4.53762178],[1.33989812],[4.33134941]
[4.49168323],[1.3280752],[4.24480361]
[4.44990908],[1.31801311],[4.16532474]
[4.04478565],[1.31031556],[3.90541134]
[0.],[0.],[0.]
[0.],[0.],[0.]
[1.7753751],[0.66053372],[0.96781447]
[2.5503675],[0.8293351],[1.56033309]
[2.92814071],[0.91892679],[1.88487758]
[3.23357846],[0.96711901],[2.20224823]
[3.62628956],[1.00407957],[2.65295933]
[3.81869405],[1.03937374],[2.94586267]
[4.03053144],[1.09369104],[3.20174566]
[4.20922041],[1.14906301],[3.41894548]
[4.29500251],[1.19900815],[3.6332587]
[4.36670977],[1.22425678],[3.79323378]
[4.42189638],[1.24841404],[3.95244373]
[4.47539941],[1.27311238],[4.05933767]
[4.5338949],[1.30584065],[4.1910352]
[4.58079526],[1.33377377],[4.31942562]
[4.64486899],[1.36806932],[4.47476179]
[4.72725537],[1.39713142],[4.70408102]
[4.82742708],[1.43044028],[4.92191935]
[4.85304925],[1.45619456],[5.08482]
[4.93017883],[1.47866248],[5.23634489]
[4.91999758],[1.49208143],[5.45321669]
[5.07648451],[1.50967098],[5.6066086]
[5.10325703],[1.52816636],[5.73326472]
[5.16395443],[1.54488255],[5.81471683]
[5.22216918],[1.55472606],[5.94765014]
[5.30818037],[1.56447613],[6.08350871]
[5.3704812],[1.57425167],[6.20847742]
[5.42851201],[1.58457173],[6.35969039]
[5.47015085],[1.59362666],[6.48919678]
[5.50488017],[1.60546567],[6.66108042]
[5.56196658],[1.61420806],[6.7963417]
[5.57724125],[1.62175571],[6.92647011]
[5.61307988],[1.62013022],[7.01334284]
[5.61046578],[1.6111635],[7.07583834]
[5.64874232],[1.60191005],[7.08118988]
[5.64382824],[1.59305157],[7.05455386]
[5.74992683],[1.5828242],[6.98039215]
[5.76764504],[1.57166568],[6.86714018]
[5.64214684],[1.55812714],[6.72536995]
[5.59048479],[1.54610571],[6.55781625]
[5.52108726],[1.53397652],[6.33861183]
[5.42739994],[1.52066046],[6.11867629]
[5.2985082],[1.50857217],[5.90495902]
[5.10217787],[1.49430911],[5.70863735]
[4.97220122],[1.47310298],[5.53820363]
[4.88339892],[1.45192418],[5.38656656]
[4.85563923],[1.43011525],[5.22872459]
[4.81542239],[1.40844357],[5.04183982]
[4.76857406],[1.38740116],[4.81342523]
[4.72003296],[1.37040766],[4.67699975]
[4.65197867],[1.35882723],[4.53773899]
[4.53890172],[1.34710484],[4.37979508]
[4.49882186],[1.33831981],[4.29901762]
[4.0900975],[1.33011948],[4.03137005]
[0.],[0.],[0.]
[0.],[0.],[0.]
[1.79280533],[0.66255309],[0.98107721]
[2.56625073],[0.83380144],[1.57634938]
[2.96663402],[0.92038722],[1.90395148]
[3.25134887],[0.96843608],[2.22011167]
[3.65138711],[1.00722472],[2.70707813]
[3.83860544],[1.04890688],[2.97978796]
[4.05541074],[1.10645784],[3.25258843]
[4.22457263],[1.1593389],[3.45683777]
[4.32360017],[1.21171931],[3.69082216]
[4.38806524],[1.2428606],[3.85829469]
[4.45995994],[1.27900455],[4.05461547]
[4.50216424],[1.31058453],[4.17683842]
[4.57136819],[1.34503771],[4.34619637]
[4.60573715],[1.37583142],[4.50257403]
[4.71043865],[1.4139351],[4.74528528]
[4.79808739],[1.44346122],[4.98837403]
[4.91392681],[1.47630983],[5.2055471]
[4.91501251],[1.50258121],[5.37889307]
[5.0502465],[1.52568417],[5.59749892]
[5.14044043],[1.54275984],[5.85562897]
[5.34265538],[1.55977093],[6.09217703]
[5.41574738],[1.57441962],[6.2599056]
[5.47625519],[1.58906159],[6.44543886]
[5.51145816],[1.5982499],[6.57323587]
[5.55878361],[1.60777933],[6.76994528]
[5.57692852],[1.62072186],[6.87835316]
[5.61900693],[1.63563264],[7.1027467]
[5.63036753],[1.66655793],[7.24162078]
[5.65708771],[1.68454669],[7.44803125]
[5.68871768],[1.71554169],[7.6112927]
[5.68599465],[1.73317153],[7.72389417]
[5.8130948],[1.73813819],[7.836243]
[5.81972081],[1.71995587],[7.85867194]
[5.97419365],[1.69967956],[7.94769453]
[6.00038269],[1.67840816],[7.8874497]
[6.08304913],[1.65459488],[7.89976189]
[6.11603587],[1.63378135],[7.73939373]
[6.04824587],[1.61068559],[7.55335654]
[5.88589165],[1.58381654],[7.30224486]
[5.65573149],[1.56948388],[7.0195782]
[5.60266158],[1.55629806],[6.79364185]
[5.53607726],[1.54458146],[6.56140435]
[5.44274096],[1.53082882],[6.3137396]
[5.30594456],[1.51378426],[6.0512838]
[5.11105434],[1.49446843],[5.80453505]
[4.98283867],[1.47262891],[5.62009618]
[4.87701399],[1.45080807],[5.46006084]
[4.83977992],[1.42735958],[5.24065351]
[4.79732393],[1.40732514],[4.97260504]
[4.73054732],[1.38763845],[4.78320644]
[4.60639471],[1.36992923],[4.59453323]
[4.51911987],[1.35900196],[4.43391898]
[4.10536428],[1.34865061],[4.13815723]
[0.],[0.],[0.]
[0.],[0.],[0.]
[1.79046349],[0.67061995],[0.99947887]
[2.56627469],[0.85030792],[1.59403415]
[2.95715836],[0.92777726],[1.91767893]
[3.25917465],[0.9741643],[2.2503958]
[3.65573963],[1.01503614],[2.75405558]
[3.8571787],[1.06065942],[3.01642285]
[4.07100781],[1.11934775],[3.29480794]
[4.24607171],[1.1714398],[3.5114399]
[4.35072813],[1.23349086],[3.76489395]
[4.41983414],[1.27103992],[3.94911889]
[4.49834635],[1.30999825],[4.16990665]
[4.53363893],[1.34264793],[4.31920411]
[4.61669871],[1.38116438],[4.51439336]
[4.69349021],[1.41209072],[4.7468194]
[4.82216352],[1.44896211],[5.00435695]
[4.85898265],[1.47874976],[5.22184111]
[4.97630829],[1.51223699],[5.46557326]
[5.01968673],[1.5385424],[5.70614676]
[5.20974956],[1.56253443],[5.97270843]
[5.41254408],[1.57584815],[6.24200287]
[5.56114551],[1.5914361],[6.5715023]
[5.5993774],[1.60629617],[6.78408568]
[5.64192164],[1.62126696],[6.99939594]
[5.64879046],[1.63525887],[7.12340119]
[5.69091943],[1.65042427],[7.35014987]
[5.69553584],[1.69241341],[7.48128444]
[5.72614981],[1.71694068],[7.70666394]
[5.84186874],[1.75173287],[7.86961701]
[5.81173306],[1.7694],[8.0411596]
[6.0175661],[1.79466285],[8.31393528]
[6.05425602],[1.81073602],[8.42440561]
[6.13290565],[1.81841804],[8.61573579]
[6.16189987],[1.80876951],[8.64951918]
[6.20952028],[1.78917242],[8.73706969]
[6.24524524],[1.77162333],[8.68931142]
[6.26475213],[1.74966543],[8.66241657]
[6.29582013],[1.72624675],[8.53389047]
[6.26972614],[1.7035174],[8.35482904]
[6.20872094],[1.6619769],[8.09948786]
[6.09499796],[1.60741857],[7.75279874]
[5.92872784],[1.58241574],[7.38140356]
[5.68587762],[1.57118874],[7.08030533]
[5.6095042],[1.55902504],[6.8470789]
[5.53964415],[1.54442564],[6.61378218]
[5.45499095],[1.52874907],[6.36177898]
[5.3369124],[1.51191113],[6.09994442]
[5.13523458],[1.49276875],[5.83661962]
[4.92380984],[1.47125184],[5.60987055]
[4.85907384],[1.45097039],[5.41010123]
[4.81936133],[1.43069463],[5.17925411]
[4.74266264],[1.41178186],[4.91756767]
[4.64964269],[1.39627704],[4.75963961]
[4.18224468],[1.38274469],[4.39707988]
[0.],[0.],[0.]
[0.],[0.],[0.]
[1.80259489],[0.66922712],[0.99901673]
[2.57955174],[0.85385521],[1.60547789]
[2.9939612],[0.93139354],[1.94377372]
[3.27992324],[0.97872456],[2.30281558]
[3.67606459],[1.02125902],[2.82804924]
[3.87412206],[1.08560894],[3.09356494]
[4.09519495],[1.14833606],[3.38816405]
[4.26431207],[1.20602774],[3.62775928]
[4.38959909],[1.26779453],[3.91126909]
[4.44611499],[1.30776056],[4.10405293]
[4.54226324],[1.35035458],[4.36650535]
[4.57591895],[1.38473579],[4.54346388]
[4.70679178],[1.42147673],[4.79957702]
[4.77992345],[1.45166283],[5.05096986]
[4.91819307],[1.48812648],[5.34141575]
[4.91207724],[1.51760473],[5.53213047]
[5.08631741],[1.54982718],[5.84252126]
[5.21263232],[1.57599555],[6.10175163]
[5.51489452],[1.59174562],[6.46307297]
[5.61085989],[1.60423434],[6.7138074]
[5.72110617],[1.61962474],[7.14493677]
[5.75030657],[1.63425175],[7.32877529]
[5.7747445],[1.64907637],[7.56008775]
[5.89262854],[1.70099807],[7.7432555]
[5.89190506],[1.72456337],[7.94802131]
[6.03870152],[1.76357136],[8.20678991]
[6.0933255],[1.78698264],[8.41088235]
[6.15539107],[1.81928655],[8.65861463]
[6.21517203],[1.83517661],[8.83301098]
[6.25804251],[1.85518595],[9.08602049]
[6.29776801],[1.87014411],[9.20996255]
[6.32023378],[1.87863651],[9.35814679]
[6.35020898],[1.87731945],[9.39666802]
[6.36032428],[1.85991344],[9.44441995]
[6.39938188],[1.84272747],[9.40165432]
[6.40182695],[1.82212924],[9.33903232]
[6.558177],[1.80197631],[9.27342755]
[6.46578074],[1.78249911],[9.08410759]
[6.39016881],[1.74489465],[8.85613028]
[6.31216075],[1.70545287],[8.56649209]
[6.22631161],[1.65667078],[8.25534632]
[6.11593328],[1.61287617],[7.95048246]
[5.96750858],[1.5907224],[7.62515112]
[5.755077],[1.57717717],[7.30309851]
[5.64027071],[1.56243457],[7.05532148]
[5.58892933],[1.54724887],[6.8212044]
[5.52112289],[1.53041338],[6.57471817]
[5.42053571],[1.51200785],[6.2953345]
[5.27123555],[1.49262201],[5.9525195]
[5.02057798],[1.47436383],[5.63945563]
[4.85433088],[1.45593008],[5.41427707]
[4.78253326],[1.43832515],[5.17687838]
[4.33764019],[1.42128176],[4.75196164]
[0.],[0.],[0.]
[0.],[0.],[0.]
[1.81577964],[0.66659766],[0.99612715]
[2.59222063],[0.85403944],[1.61401308]
[3.01393858],[0.93294135],[1.95458711]
[3.29575331],[0.97951799],[2.32634657]
[3.70020889],[1.02884174],[2.86141847]
[3.89003378],[1.10508352],[3.1407901]
[4.12708327],[1.17276354],[3.47643459]
[4.28160336],[1.23110168],[3.72294156]
[4.42454555],[1.29441858],[4.03103454]
[4.47683295],[1.3410451],[4.2398596]
[4.62810025],[1.38483355],[4.55732562]
[4.65951198],[1.41943528],[4.77556362]
[4.83590036],[1.45748404],[5.10127872]
[4.8442436],[1.48798681],[5.31730228]
[4.99668046],[1.52428013],[5.61764466]
[4.96791884],[1.55434161],[5.88996861]
[5.27025205],[1.58646363],[6.23299308]
[5.50374156],[1.60613694],[6.52439654]
[5.700948],[1.6206387],[6.9127386]
[5.75022974],[1.63329758],[7.21330439]
[5.90003085],[1.64879088],[7.6584983]
[6.08462448],[1.69085876],[7.98315531]
[6.16548928],[1.73448755],[8.26486986]
[6.20062264],[1.79087985],[8.55209569]
[6.2901001],[1.81043376],[8.79327594]
[6.27338182],[1.84492543],[9.01097682]
[6.37286274],[1.86749684],[9.26106241]
[6.33661982],[1.89054381],[9.42284204]
[6.42840961],[1.90719015],[9.64284492]
[6.41297012],[1.92486567],[9.83510556]
[6.45063972],[1.94139032],[9.97416233]
[6.45994458],[1.95436291],[10.11140519]
[6.63123749],[1.96534563],[10.23350721]
[6.64757405],[1.95376564],[10.28876423]
[6.77650246],[1.94249165],[10.42842545]
[6.80156702],[1.92896431],[10.41092934]
[6.87095109],[1.91314254],[10.42745361]
[6.86267712],[1.89300563],[10.29053611]
[6.83176026],[1.86039461],[10.07263103]
[6.72275445],[1.82494505],[9.71740343]
[6.52435165],[1.78271946],[9.28960959]
[6.38676145],[1.74203605],[8.94977957]
[6.32620406],[1.70132514],[8.66446281]
[6.25058464],[1.65077924],[8.34452104]
[6.1552805],[1.60929404],[8.04479555]
[6.02628011],[1.58190469],[7.7178401]
[5.84029411],[1.56580206],[7.34181866]
[5.6764729],[1.54811118],[6.99681444]
[5.61183605],[1.53327388],[6.7097757]
[5.53342886],[1.51800432],[6.27778044]
[5.33884373],[1.50139533],[5.86323348]
[4.8785103],[1.48554047],[5.60319172]
[4.44579405],[1.46789897],[5.1872827]
[0.],[0.],[0.]
[0.],[0.],[0.]
[1.83921361],[0.66194188],[0.99326881]
[2.60622782],[0.85374539],[1.62070756]
[3.03149094],[0.93435489],[1.96272705]
[3.31232938],[0.98296328],[2.34847842]
[3.72422942],[1.04918548],[2.91380768]
[3.90747376],[1.12742511],[3.21229456]
[4.16165413],[1.19651008],[3.583414]
[4.30022655],[1.25841241],[3.83257125]
[4.48255133],[1.32571919],[4.17147055]
[4.5326991],[1.37449346],[4.41515638]
[4.70250567],[1.41966293],[4.77415302]
[4.73964099],[1.45349083],[5.04462396]
[4.93242761],[1.49027259],[5.38923484]
[4.89760996],[1.52052989],[5.58219252]
[5.06710277],[1.55708425],[5.95013668]
[5.08724139],[1.58695276],[6.22227912]
[5.5216263],[1.61313671],[6.65701082]
[5.64415284],[1.63227395],[6.90790147]
[5.8231028],[1.64845762],[7.37030384]
[6.00236955],[1.66791875],[7.75232183]
[6.28013661],[1.70451039],[8.22949055]
[6.29712696],[1.76599547],[8.68241781]
[6.42526444],[1.80650851],[9.02065302]
[6.3697615],[1.8604486],[9.24493946]
[6.50450822],[1.88431263],[9.56495862]
[6.41238766],[1.91425373],[9.73782358]
[6.54535488],[1.93992643],[10.06863036]
[6.47408175],[1.96278437],[10.20398864]
[6.69138279],[1.98106436],[10.54361715]
[6.73499838],[1.99766006],[10.76136709]
[6.86581304],[2.01349497],[11.06025441]
[6.91556037],[2.02467727],[11.23313123]
[6.97887548],[2.04123087],[11.40339565]
[7.02243294],[2.03220754],[11.49363329]
[7.05784469],[2.02301846],[11.57573116]
[7.09351821],[2.01144024],[11.57031794]
[7.11153881],[1.99740468],[11.52262849]
[7.12647635],[1.97558523],[11.40858955]
[7.10290791],[1.94799943],[11.20281486]
[7.06720533],[1.91626066],[10.91069052]
[6.99621799],[1.87877535],[10.55061037]
[6.90836574],[1.84293639],[10.18510136]
[6.78440354],[1.8048874],[9.77943503]
[6.59692563],[1.76160811],[9.32357942]
[6.41675412],[1.71583374],[8.95606623]
[6.36148989],[1.6589405],[8.63570868]
[6.28866758],[1.59981865],[8.33121346]
[6.19447981],[1.57967507],[7.97702371]
[6.06556283],[1.56543109],[7.58427677]
[5.86832886],[1.5507322],[7.13158967]
[5.71276531],[1.53482694],[6.54345165]
[5.54619958],[1.51960785],[6.07197527]
[4.65769995],[1.50394892],[5.55605519]
[0.],[0.],[0.]
[0.],[0.],[0.]
[1.81518934],[0.66334569],[0.98948757]
[2.59682055],[0.86988108],[1.63203621]
[3.03807541],[0.94407747],[1.98829094]
[3.31920846],[0.99315153],[2.39666656]
[3.72439683],[1.07190359],[2.97562232]
[3.91566776],[1.15147546],[3.2832191]
[4.20107653],[1.22317898],[3.69005338]
[4.33552048],[1.28757197],[3.94495761]
[4.55007193],[1.35691371],[4.30262871]
[4.5832834],[1.40754601],[4.56458952]
[4.78046747],[1.45400796],[5.01232663]
[4.80298898],[1.48757721],[5.28295312]
[5.0048478],[1.52504481],[5.64515348]
[4.93503948],[1.55498347],[5.91469674]
[5.13823755],[1.59184393],[6.28772407]
[5.26134072],[1.61648323],[6.58386789]
[5.65750144],[1.65042658],[7.04324744]
[5.72366379],[1.66274606],[7.32355586]
[5.95196173],[1.71086847],[7.88263948]
[6.19336488],[1.76729014],[8.37941225]
[6.43290009],[1.80288819],[8.97884184]
[6.39497569],[1.85903773],[9.40767384]
[6.53112679],[1.89968648],[9.82083477]
[6.44478465],[1.94074669],[10.05287076]
[6.67923855],[1.96462234],[10.48284028]
[6.69447415],[1.99081721],[10.72615163]
[6.9313454],[2.0155404],[11.19737969]
[6.92737036],[2.03562021],[11.37422671]
[7.15919007],[2.05243104],[11.76699211]
[7.19823035],[2.06642238],[11.97672245]
[7.2377009],[2.08105213],[12.19822626]
[7.26245901],[2.09525545],[12.35838357]
[7.25683646],[2.10966827],[12.47181274]
[7.33514707],[2.10410091],[12.62629389]
[7.36964162],[2.09596855],[12.69214745]
[7.52300558],[2.08599228],[12.85226869]
[7.55896241],[2.07203784],[12.82244225]
[7.61106925],[2.05121164],[12.78908203]
[7.62175713],[2.02807125],[12.61302753]
[7.53825526],[2.00002593],[12.27563776]
[7.39971186],[1.96772975],[11.81332197]
[7.19068499],[1.93615142],[11.3569414]
[7.10174927],[1.90325566],[10.98037927]
[7.03316239],[1.86682896],[10.59355493]
[6.94843473],[1.82578975],[10.20073021]
[6.83865316],[1.77554113],[9.81340908]
[6.68343589],[1.71351443],[9.37935713]
[6.44262173],[1.64916127],[8.90333362]
[6.37285665],[1.6010854],[8.51179747]
[6.30230378],[1.58699896],[8.11397516]
[6.20856244],[1.57186713],[7.57925641]
[6.07680169],[1.55732848],[6.96581866]
[5.24668083],[1.54231791],[6.19229815]
[0.],[0.],[0.]
[0.],[0.],[0.]
[1.84055406],[0.66264576],[0.99127153]
[2.61684382],[0.87609343],[1.65075628]
[3.06618636],[0.95418527],[2.02513513]
[3.33831002],[1.0019412],[2.51614306]
[3.75719736],[1.10638743],[3.08897133]
[3.95617514],[1.18618431],[3.41457618]
[4.27131649],[1.25703671],[3.84470584]
[4.39076363],[1.32245411],[4.09904472]
[4.62643822],[1.39150681],[4.48045618]
[4.66562827],[1.44177804],[4.82851057]
[4.89435223],[1.48789503],[5.30582572]
[4.86789449],[1.5222212],[5.54081158]
[5.07822551],[1.55994185],[5.92171965]
[4.98119192],[1.59186174],[6.25207098]
[5.26056738],[1.62841579],[6.70249822]
[5.45980012],[1.65010811],[7.03104959]
[5.78468045],[1.69331546],[7.56039416]
[5.86614352],[1.75717533],[7.98642619]
[6.28229113],[1.82373205],[8.66627163]
[6.36426731],[1.86999353],[9.2483344]
[6.60180963],[1.8990289],[9.91907739]
[6.63358493],[1.94308199],[10.2568325]
[6.93726431],[1.9789359],[10.94547071]
[7.02119246],[2.01286119],[11.21734848]
[7.242263],[2.03535134],[11.70648761]
[7.19909413],[2.05881986],[11.87894026]
[7.39039816],[2.08214211],[12.34837293]
[7.3408326],[2.09899227],[12.47513457]
[7.50296012],[2.11450729],[12.87101231]
[7.70659404],[2.12646328],[13.14095265]
[7.76153797],[2.14346575],[13.3860531]
[7.885588],[2.15563649],[13.70137166]
[7.9153234],[2.16611581],[13.85285208]
[7.97212027],[2.16244775],[14.06058127]
[7.99918664],[2.15553759],[14.13942349]
[7.99576425],[2.1478375],[14.19681221]
[8.01712244],[2.13523596],[14.16505939]
[7.98559784],[2.11528466],[14.06030422]
[8.05910608],[2.09309649],[13.90899463]
[7.95918777],[2.0684315],[13.63282901]
[7.83029731],[2.0401877],[13.23356603]
[7.73709231],[2.01262902],[12.81334796]
[7.60296409],[1.98351485],[12.36654953]
[7.45135197],[1.95116187],[11.87119553]
[7.24164982],[1.91481367],[11.35799511]
[7.1343426],[1.87243195],[10.93966694]
[7.06694355],[1.81634984],[10.56509863]
[6.98677168],[1.74998364],[10.16076192]
[6.88455645],[1.69013826],[9.70651538]
[6.73581284],[1.63914588],[9.20560261]
[6.49284595],[1.60550648],[8.57089266]
[6.39407258],[1.59176287],[7.99172633]
[5.82215852],[1.57754001],[7.12608352]
[0.],[0.],[0.]
[0.],[0.],[0.]
[1.87270297],[0.66279862],[1.00313482]
[2.63664419],[0.88714464],[1.67420893]
[3.10121539],[0.96384463],[2.05894249]
[3.37709393],[1.00932122],[2.58585707]
[3.81530596],[1.125468],[3.17306813]
[4.01978683],[1.20787398],[3.50897202]
[4.33924798],[1.2832328],[3.96607998]
[4.44683205],[1.35306482],[4.24036161]
[4.70620658],[1.42447615],[4.67074061]
[4.75877721],[1.47719047],[5.11149966]
[5.00032932],[1.52615515],[5.60496295]
[4.93532175],[1.56209585],[5.89475014]
[5.1589662],[1.60082615],[6.3740316]
[5.10494294],[1.62896942],[6.69181136]
[5.54145576],[1.67481715],[7.23826409]
[5.65199739],[1.72828589],[7.5985917]
[5.92434092],[1.79914168],[8.30429997]
[6.20506551],[1.87538765],[8.82099829]
[6.54615487],[1.93016172],[9.5423555]
[6.5067795],[1.96554932],[10.12506749]
[6.94387648],[1.99202624],[10.82891173]
[7.00723341],[2.02613907],[11.34556699]
[7.26648248],[2.0576202],[12.02028956]
[7.32586748],[2.08559902],[12.26117283]
[7.48296314],[2.10640272],[12.73702801]
[7.59972518],[2.12712784],[12.9502584]
[7.72810309],[2.14882781],[13.45203856]
[7.90825264],[2.16230853],[13.80860803]
[8.05334408],[2.17708517],[14.25715212]
[8.17146854],[2.18816609],[14.62372987]
[8.22635376],[2.2071197],[14.88886586]
[8.24076261],[2.22385089],[15.10652375]
[8.25521762],[2.23090122],[15.24129141]
[8.26049584],[2.22360647],[15.37135244]
[8.45867605],[2.21475849],[15.52669298]
[8.47932928],[2.20565677],[15.54413761]
[8.59860573],[2.19244774],[15.70259743]
[8.62799247],[2.17622196],[15.62323203]
[8.67268799],[2.15726629],[15.58203289]
[8.625881],[2.13540504],[15.27883509]
[8.488308],[2.10994518],[14.85662713]
[8.23600897],[2.08606425],[14.24567315]
[7.93549868],[2.06263166],[13.72413985]
[7.81673791],[2.0363182],[13.27990759]
[7.7400912],[2.00454633],[12.84453985]
[7.64622393],[1.96961356],[12.40274352]
[7.5141263],[1.92267666],[11.92324004]
[7.31652593],[1.86901772],[11.38509145]
[7.16660143],[1.81970836],[10.90607862]
[7.0990669],[1.7643285],[10.41776933]
[7.01683137],[1.71455896],[9.84738176]
[6.90699049],[1.66722987],[9.189328]
[6.24955518],[1.62040065],[8.16393118]
[0.],[0.],[0.]
[0.],[0.],[0.]
[1.90530874],[0.66316601],[1.01505385]
[2.66342266],[0.8988987],[1.70554376]
[3.17030067],[0.97435605],[2.11064583]
[3.42935792],[1.02067173],[2.68321558]
[3.88899913],[1.15716628],[3.31133063]
[4.11729242],[1.24393004],[3.682528]
[4.4219696],[1.32387152],[4.15924099]
[4.52753676],[1.39357363],[4.45512745]
[4.83696269],[1.46292923],[5.0235761]
[4.87579618],[1.51456583],[5.43430046]
[5.12763487],[1.5617548],[5.92744737]
[5.01331013],[1.5971678],[6.29552889]
[5.30140603],[1.63560944],[6.82815501]
[5.39237128],[1.65855311],[7.13692383]
[5.76852775],[1.71407491],[7.74506062]
[5.79112182],[1.81240849],[8.23248897]
[6.26873671],[1.879115],[8.99229767]
[6.40471013],[1.94773524],[9.55548252]
[6.7266366],[1.99817658],[10.37661637]
[6.88549432],[2.03241555],[10.88765929]
[7.25147723],[2.05894983],[11.78387939]
[7.23205283],[2.08971135],[12.26357638]
[7.47319882],[2.12266087],[12.95377771]
[7.76633552],[2.14695817],[13.37706422]
[7.94801019],[2.17044007],[13.93284167]
[8.05079727],[2.19032586],[14.2940252]
[8.18451295],[2.21204355],[14.88104317]
[8.21664267],[2.23672223],[15.17515562]
[8.34364454],[2.2557065],[15.68854357]
[8.38398859],[2.27627632],[15.95765206]
[8.54767713],[2.30697655],[16.28592587]
[8.6134122],[2.32372277],[16.49128323]
[8.7448374],[2.3326705],[16.8049753]
[8.79526256],[2.3211622],[16.95654476]
[8.85531228],[2.30882797],[17.16477814]
[8.88404667],[2.2967398],[17.18913182]
[8.91453085],[2.28332479],[17.24378808]
[8.94914776],[2.26353838],[17.17097306]
[8.95098815],[2.24052049],[17.0683909]
[9.07983845],[2.2029907],[16.89546279]
[8.95081188],[2.16881118],[16.50199545]
[8.80953783],[2.14693714],[15.98839164]
[8.63616469],[2.12401426],[15.40780874]
[8.47516401],[2.09931751],[14.79809444]
[8.27351241],[2.07223423],[14.21356323]
[8.0081121],[2.04188554],[13.69438035]
[7.82719202],[2.00075402],[13.21605413]
[7.7463653],[1.95708405],[12.7479555]
[7.64658623],[1.91399297],[12.26148838]
[7.50881198],[1.86577068],[11.72004953]
[7.31913528],[1.81259275],[11.00311303]
[7.18803397],[1.75597636],[10.25563409]
[6.66222894],[1.71074772],[9.29787155]
[0.05460614],[0.76785564],[0.00412051]
[0.],[0.],[0.]
[1.90837131],[0.67667919],[1.04668376]
[2.67415881],[0.92493679],[1.75030507]
[3.30470338],[0.99111491],[2.21947581]
[3.47061977],[1.04434265],[2.78915206]
[3.96397689],[1.19802289],[3.46929256]
[4.20357376],[1.28729275],[3.87117575]
[4.51331251],[1.36824205],[4.37658651]
[4.6321926],[1.43535171],[4.74751691]
[4.98873019],[1.50317008],[5.3730042]
[4.95999499],[1.55159261],[5.7266566]
[5.21283019],[1.60075856],[6.31042679]
[5.12116564],[1.6313423],[6.68906132]
[5.5606098],[1.67579007],[7.30123123]
[5.61152873],[1.72281172],[7.60816656]
[5.90547275],[1.79922303],[8.3571398]
[6.0761365],[1.89137182],[8.88274123]
[6.53000584],[1.9540451],[9.67937714]
[6.51778571],[2.01258978],[10.29166955]
[7.0448887],[2.06003325],[11.12807707]
[7.13496039],[2.09169974],[11.66181987]
[7.40310769],[2.11656205],[12.62550236]
[7.46423241],[2.14752921],[13.10366975]
[7.77797263],[2.1854843],[13.96999256]
[8.09298081],[2.20865109],[14.53403727]
[8.27359947],[2.23211837],[15.20491732]
[8.29445443],[2.2602842],[15.47224295]
[8.41423995],[2.29572764],[16.11924201]
[8.48663891],[2.32545008],[16.37923009]
[8.72285419],[2.35223311],[17.06839839]
[8.85663127],[2.37411378],[17.42423642]
[8.95381301],[2.40539805],[17.90539983]
[9.00035365],[2.42223167],[18.13039942]
[9.02798236],[2.43262096],[18.38610345]
[9.06254964],[2.41757133],[18.53618002]
[9.06793787],[2.40856567],[18.66325422]
[9.15904572],[2.40103767],[18.73611381]
[9.24655877],[2.39302184],[18.75711357]
[9.45304384],[2.3757308],[18.89908157]
[9.52381189],[2.35594092],[18.8062611]
[9.57665392],[2.33406056],[18.72757634]
[9.57410232],[2.28621568],[18.36545414]
[9.47354174],[2.23852312],[17.82522581]
[9.13669115],[2.20009448],[17.04454096]
[8.83100914],[2.16206881],[16.37160264]
[8.72186384],[2.13670677],[15.84279125]
[8.6017696],[2.10758881],[15.31262878]
[8.45329285],[2.0731293],[14.73751826]
[8.28290533],[2.03521011],[14.12517161]
[8.0610715],[1.99777542],[13.56923186]
[7.81733579],[1.95609589],[12.99962445]
[7.73948829],[1.90970964],[12.35826905]
[7.63383746],[1.86017784],[11.67279971]
[7.02382277],[1.80953082],[10.47948825]
[0.28185002],[0.84092239],[0.14907256]
[0.],[0.],[0.]
[1.9492729],[0.68725141],[1.08246398]
[2.70504485],[0.94595327],[1.82176162]
[3.43932173],[1.01144074],[2.34722826]
[3.5479898],[1.09799104],[2.97473673]
[4.10236559],[1.24871306],[3.70415871]
[4.29277393],[1.33980223],[4.11779971]
[4.63378955],[1.41581571],[4.69393153]
[4.76851302],[1.47929219],[5.16665585]
[5.12030051],[1.54220372],[5.75342931]
[5.04584587],[1.59001628],[6.12276055]
[5.33677895],[1.63639259],[6.84292472]
[5.35762394],[1.66365179],[7.1679759]
[5.79177309],[1.71250011],[7.87656966]
[5.76405818],[1.80890022],[8.28989673]
[6.06504124],[1.88108255],[9.05113903]
[6.34122761],[1.96052739],[9.60219133]
[6.71906889],[2.01942858],[10.54079094]
[6.80374562],[2.07099891],[11.04114719]
[7.30293216],[2.11769761],[11.99660311]
[7.30879913],[2.14579778],[12.58272564]
[7.61364169],[2.17578892],[13.58015298]
[7.84665197],[2.20781752],[14.24799291]
[8.19086103],[2.2510293],[15.26685106]
[8.33200261],[2.29140618],[15.74290572]
[8.60855848],[2.33228381],[16.54527977]
[8.77139953],[2.36550724],[16.85810506]
[8.91977195],[2.40096451],[17.71024149]
[8.99595058],[2.43552675],[18.02372212]
[9.08345922],[2.46811296],[18.76056143]
[9.16016237],[2.49360849],[19.08965401]
[9.18745703],[2.54948483],[19.47964904]
[9.21744215],[2.57913762],[19.72726615]
[9.26546522],[2.597863],[19.93010912]
[9.51589428],[2.56505953],[20.21869065]
[9.59454705],[2.5521771],[20.36418291]
[9.68670675],[2.54053439],[20.59472628]
[9.74629101],[2.52853566],[20.70783014]
[9.7889696],[2.50922079],[20.72500692]
[9.84141716],[2.49547289],[20.63954396]
[9.8955794],[2.47767744],[20.47073402]
[9.95134424],[2.43856037],[20.24435393]
[9.90586659],[2.40088631],[19.79053269]
[9.72974984],[2.36047406],[19.18100615]
[9.55490895],[2.30586832],[18.37093142]
[9.30939211],[2.25421624],[17.53801513]
[8.98335545],[2.20309795],[16.82715783]
[8.76867373],[2.15250471],[16.23356256]
[8.66708528],[2.0979617],[15.66242572]
[8.53201555],[2.06485648],[15.07920375]
[8.38394877],[2.0273615],[14.42510932]
[8.20971158],[1.98615645],[13.68550734]
[8.01290263],[1.9422435],[12.93713991]
[7.39534091],[1.89771386],[11.71822225]
[0.39774405],[0.92940782],[0.28137575]
[0.],[0.],[0.]
[1.99568938],[0.69606269],[1.1206252]
[2.73297075],[0.96319084],[1.90344067]
[3.56181548],[1.02636097],[2.46851748]
[3.6556298],[1.13715676],[3.13899687]
[4.23665621],[1.2909811],[3.95019719]
[4.39880697],[1.38297306],[4.37678119]
[4.75171398],[1.45661255],[5.13343463]
[4.89031036],[1.51805315],[5.49971227]
[5.22493373],[1.57779157],[6.12642704]
[5.15041084],[1.62795075],[6.51859714]
[5.55063479],[1.67727653],[7.30114695]
[5.60941277],[1.72610723],[7.68879581]
[5.95586193],[1.81565218],[8.56324925]
[5.94815883],[1.9029487],[8.96293733]
[6.46480969],[1.96950515],[9.79536541]
[6.52302164],[2.0345914],[10.42323726]
[6.9499255],[2.09011501],[11.37503774]
[7.12741149],[2.13630166],[11.88153817]
[7.47766933],[2.18056253],[12.97228231]
[7.65090356],[2.2173907],[13.59810919]
[8.04946224],[2.2664148],[14.66906353]
[8.16400105],[2.30176436],[15.42804077]
[8.40627159],[2.34419146],[16.4699743]
[8.71389889],[2.38395518],[17.08544444]
[9.01051391],[2.42494641],[18.09851968]
[9.11495728],[2.46908568],[18.44258046]
[9.18436555],[2.53939315],[19.26212707]
[9.23049336],[2.58517972],[19.5372407]
[9.27527567],[2.62776363],[20.24094392]
[9.52343822],[2.66251204],[20.70530163]
[9.62954574],[2.70235223],[21.1773583]
[9.75913065],[2.72709514],[21.64837201]
[9.82113905],[2.74662667],[21.90814378]
[9.87684174],[2.71808],[22.19596226]
[9.92972269],[2.69716659],[22.35867399]
[9.93944972],[2.67677363],[22.44288565]
[10.10269386],[2.65180179],[22.58133158]
[10.34129863],[2.63384121],[22.72417324]
[10.51095508],[2.61672092],[22.85777298]
[10.61665547],[2.59507029],[22.71222291]
[10.62068259],[2.56153895],[22.55568112]
[10.66350953],[2.52760117],[22.14808233]
[10.59357139],[2.49116897],[21.51835712]
[10.26302637],[2.45089155],[20.49807934]
[9.76371309],[2.41284458],[19.62395364]
[9.61806746],[2.37395153],[18.87739096]
[9.44119081],[2.32933896],[18.11114852]
[9.21803227],[2.26959155],[17.36914281]
[8.87658204],[2.2057937],[16.65375317]
[8.64848396],[2.1066857],[15.94966818]
[8.54034245],[2.06162967],[15.24488294]
[8.41435276],[2.02520423],[14.46968134]
[7.86702713],[1.98870236],[13.07802068]
[0.4864188],[0.99481264],[0.38332276]
[0.],[0.],[0.]
[2.03054947],[0.7034032],[1.15647718]
[2.77256034],[0.97939616],[1.98811226]
[3.6481573],[1.04068214],[2.62576745]
[3.78050891],[1.18248937],[3.31172766]
[4.3400043],[1.33444],[4.23556944]
[4.49772532],[1.42388323],[4.65597639]
[4.90093561],[1.49405576],[5.49527441]
[4.98729355],[1.55179269],[5.79979783]
[5.31837147],[1.61939751],[6.48559562]
[5.33527909],[1.65831014],[6.9179166]
[5.79018824],[1.71016329],[7.74885744]
[5.77401742],[1.81484452],[8.28797126]
[6.08212709],[1.90149506],[9.20024251]
[6.30410674],[1.97812917],[9.64186899]
[6.70547823],[2.04076885],[10.59186571]
[6.65637201],[2.10099348],[11.17716157]
[7.2868196],[2.1556976],[12.21956141]
[7.31980194],[2.20100357],[12.83862579]
[7.62534223],[2.25854169],[13.92913181]
[7.92211071],[2.32199789],[14.66963819]
[8.27005164],[2.3703954],[15.92057406]
[8.36782585],[2.40757513],[16.60794194]
[8.71820411],[2.45107437],[17.87207073]
[9.04807938],[2.51899316],[18.63700255]
[9.22606297],[2.58809175],[19.6358676]
[9.39476069],[2.64099548],[19.99764221]
[9.46514261],[2.69836769],[20.78212968]
[9.73146381],[2.73370849],[21.28012313]
[9.80862614],[2.76852201],[21.99924425]
[9.92607593],[2.80004029],[22.65028655]
[9.99739337],[2.83031946],[23.17286185]
[10.02392264],[2.85042167],[23.5785221]
[10.1320119],[2.84721102],[23.89019918]
[10.23225454],[2.8539612],[24.0942255]
[10.49486379],[2.84584707],[24.62872058]
[10.63766969],[2.82959682],[24.82720168]
[10.71543963],[2.8040263],[25.02917286]
[10.89886774],[2.78311684],[25.09923406]
[11.10242028],[2.76296375],[25.13488944]
[11.29114918],[2.73428821],[25.18482057]
[11.38422236],[2.69965547],[24.99986921]
[11.35544091],[2.66076732],[24.80485017]
[11.35640148],[2.61931687],[24.0457249]
[11.2962277],[2.58275204],[23.16059166]
[10.93144966],[2.54919649],[22.17027954]
[10.4186222],[2.51486791],[21.06817064]
[9.95860222],[2.47952632],[20.04097845]
[9.67184578],[2.43825399],[19.30982865]
[9.50823516],[2.39529955],[18.54791685]
[9.30454453],[2.29168446],[17.69748284]
[9.06183653],[2.16426912],[16.77399211]
[8.73740711],[2.08346194],[15.84693512]
[8.14466435],[2.05126647],[14.42205551]
[0.64577307],[1.06655823],[0.5306771]
[0.],[0.],[0.]
[2.02722975],[0.53586081],[0.89790012]
[2.76562349],[0.68735781],[1.51857551]
[3.71516358],[0.76498814],[2.13796545]
[3.92046118],[1.03259675],[2.80545731]
[4.41365019],[1.1617275],[3.66368729]
[4.59373737],[1.25782932],[4.18419858]
[5.03657919],[1.30819245],[4.92675286]
[5.05417422],[1.37207561],[5.20191109]
[5.43230726],[1.43124885],[5.91790347]
[5.58312545],[1.5162502],[6.41017707]
[5.93836363],[1.63928196],[7.23063895]
[5.87823732],[1.74138535],[7.86719572]
[6.3564648],[1.82079087],[8.72725535]
[6.49322835],[1.87227665],[9.34700485]
[6.83390498],[1.93012914],[10.24499318]
[7.04218116],[1.97478184],[10.83431359]
[7.4640091],[2.04022443],[11.89054104]
[7.50306407],[2.10872051],[12.53114452]
[8.01880988],[2.18813438],[13.62874962]
[8.14104313],[2.26098231],[14.53466047]
[8.48938187],[2.34919044],[15.75371923]
[8.57697641],[2.38908475],[16.53979979]
[9.03398701],[2.45570962],[17.911424]
[9.23701896],[2.49569109],[18.63307057]
[9.4848184],[2.54795278],[19.60705676]
[9.82960642],[2.59778275],[20.34201035]
[9.9660231],[2.65524081],[21.15305564]
[10.02194026],[2.70248699],[21.66063258]
[10.10945698],[2.75236407],[22.39907205]
[10.2114368],[2.79476934],[22.94348174]
[10.42808275],[2.84311695],[23.62990741]
[10.5954825],[2.86897675],[24.22868451]
[10.72866655],[2.89498322],[24.84748932]
[10.86777341],[2.9188692],[25.22456747]
[10.99311845],[2.92853767],[25.47531668]
[11.21915868],[2.91351117],[25.76701531]
[11.41414206],[2.88865137],[26.02314911]
[11.4935914],[2.85445881],[26.15163136]
[11.67988092],[2.82961449],[26.19882361]
[11.84814927],[2.79746144],[26.14616293]
[12.03270453],[2.76103535],[26.14176829]
[12.08297588],[2.71319675],[25.83661988]
[12.03975945],[2.66844099],[25.44915333]
[12.04659294],[2.6242947],[24.45985129]
[11.94171474],[2.58580492],[23.41735585]
[11.6056256],[2.54917647],[22.36395682]
[11.08492272],[2.51892658],[21.26245912]
[10.55057619],[2.48719556],[20.26555605]
[10.15122743],[2.45372983],[19.18079491]
[9.76944466],[2.38421895],[18.28894916]
[9.50308033],[2.285662],[17.41197185]
[9.35919228],[2.16118027],[16.46027942]
[8.76361202],[2.03829105],[14.89282636]
