meltWidth,meltDepth,meltArea
[0.],[0.],[0.]
[0.],[0.],[0.]
[0.],[0.],[0.]
[0.],[0.],[0.]
[0.],[0.],[0.]
[0.],[0.],[0.]
[0.],[0.],[0.]
[0.],[0.],[0.]
[0.],[0.],[0.]
[0.],[0.],[0.]
[0.],[0.],[0.]
[0.],[0.],[0.]
[0.],[0.],[0.]
[0.],[0.],[0.]
[0.],[0.],[0.]
[0.],[0.],[0.]
[0.],[0.],[0.]
[0.],[0.],[0.]
[0.],[0.],[0.]
[0.],[0.],[0.]
[0.],[0.],[0.]
[0.],[0.],[0.]
[0.],[0.],[0.]
[0.],[0.],[0.]
[0.],[0.],[0.]
[0.],[0.],[0.]
[0.],[0.],[0.]
[0.],[0.],[0.]
[0.],[0.],[0.]
[0.],[0.],[0.]
[0.],[0.],[0.]
[0.],[0.],[0.]
[0.],[0.],[0.]
[0.],[0.],[0.]
[0.],[0.],[0.]
[0.],[0.],[0.]
[0.],[0.],[0.]
[0.],[0.],[0.]
[0.],[0.],[0.]
[0.],[0.],[0.]
[0.],[0.],[0.]
[0.],[0.],[0.]
[0.],[0.],[0.]
[0.],[0.],[0.]
[0.],[0.],[0.]
[0.],[0.],[0.]
[0.],[0.],[0.]
[0.],[0.],[0.]
[0.],[0.],[0.]
[0.],[0.],[0.]
[0.],[0.],[0.]
[0.],[0.],[0.]
[0.],[0.],[0.]
[0.],[0.],[0.]
[0.],[0.],[0.]
[0.],[0.],[0.]
[0.],[0.],[0.]
[0.],[0.],[0.]
[0.],[0.],[0.]
[1.53904626],[0.11381764],[0.0822732]
[1.8311744],[0.24832787],[0.21870274]
[2.29348023],[0.2780553],[0.30343276]
[2.10140059],[0.29654422],[0.31182831]
[2.07562458],[0.30018184],[0.32127932]
[1.95752164],[0.29460562],[0.3180711]
[1.68553073],[0.28472231],[0.28525927]
[1.62657957],[0.27552183],[0.26476462]
[1.4356709],[0.26156446],[0.24009957]
[1.41596745],[0.25138293],[0.22323053]
[1.32436898],[0.23781141],[0.20568795]
[1.31141232],[0.22991434],[0.18512976]
[1.21455983],[0.20582694],[0.14367384]
[1.19541811],[0.18508918],[0.11362852]
[0.89291765],[0.14237618],[0.0621079]
[0.52378035],[0.08787515],[0.02211785]
[0.09681401],[0.01664318],[0.00063717]
[0.],[0.],[0.]
[0.],[0.],[0.]
[0.],[0.],[0.]
[0.],[0.],[0.]
[0.],[0.],[0.]
[0.],[0.],[0.]
[0.],[0.],[0.]
[0.],[0.],[0.]
[0.],[0.],[0.]
[0.],[0.],[0.]
[0.],[0.],[0.]
[0.],[0.],[0.]
[0.],[0.],[0.]
[0.],[0.],[0.]
[0.],[0.],[0.]
[0.],[0.],[0.]
[0.],[0.],[0.]
[0.],[0.],[0.]
[0.],[0.],[0.]
[0.],[0.],[0.]
[0.],[0.],[0.]
[0.],[0.],[0.]
[0.],[0.],[0.]
[0.],[0.],[0.]
[0.],[0.],[0.]
[0.],[0.],[0.]
[0.],[0.],[0.]
[0.],[0.],[0.]
[0.],[0.],[0.]
[0.],[0.],[0.]
[0.],[0.],[0.]
[0.],[0.],[0.]
[3.91956231],[0.03921581],[0.09514328]
[0.79799109],[0.02095556],[0.00707129]
[0.],[0.],[0.]
[0.2452185],[0.12031753],[0.01435725]
[1.79413147],[0.13071258],[0.14370966]
[2.0837378],[0.33460894],[0.48663172]
[2.35384642],[0.54800661],[0.85507288]
[2.50512339],[0.67119953],[1.14650013]
[2.71829542],[0.92383095],[1.61296628]
[2.81186868],[1.0692006],[1.90582877]
[2.67126953],[1.10040756],[2.18951993]
[2.59910321],[1.14207049],[2.32967475]
[2.49605203],[1.12314741],[2.31232966]
[2.40770853],[1.15418589],[2.2941275]
[2.32265033],[1.1268521],[2.25604835]
[2.27585153],[1.14482596],[2.31507349]
[2.20051711],[1.11370395],[2.2814765]
[2.491639],[1.11546528],[2.33678272]
[2.49348428],[1.07713117],[2.1824846]
[2.64069217],[1.0767029],[2.08929459]
[2.67300908],[1.047936],[1.96384157]
[2.77069856],[1.01164887],[1.81263511]
[2.83803757],[0.91557535],[1.67489531]
[2.92864617],[0.89766048],[1.5685712]
[2.98639008],[0.82548549],[1.42721988]
[2.99018432],[0.8056127],[1.25428194]
[2.97697939],[0.74457692],[1.09612513]
[2.96500759],[0.74396343],[1.05425719]
[2.95920287],[0.69312203],[0.99873801]
[2.95158486],[0.69917685],[0.99924842]
[2.92923002],[0.65519838],[0.92797354]
[2.93392672],[0.66424753],[0.94534437]
[2.89129652],[0.6418092],[0.85161291]
[2.91201291],[0.63763908],[0.90022607]
[2.95429999],[0.61404032],[0.8859307]
[2.90511027],[0.59530861],[0.86528916]
[2.94256033],[0.57929256],[0.84779362]
[2.88879351],[0.56622125],[0.82156486]
[2.88770552],[0.55603678],[0.81654672]
[2.87958707],[0.54693996],[0.80394302]
[2.86888872],[0.53148645],[0.78241656]
[2.86638967],[0.52052935],[0.77109034]
[2.84862885],[0.50718471],[0.75804359]
[2.81299809],[0.49501992],[0.74112213]
[2.77641507],[0.48400796],[0.720335]
[2.74197603],[0.47306581],[0.70878862]
[2.70645393],[0.46421055],[0.69476368]
[2.671165],[0.45523087],[0.67567692]
[2.63803709],[0.4472212],[0.66071979]
[2.59935752],[0.44098263],[0.64934833]
[2.56018966],[0.4379798],[0.63380571]
[2.51351116],[0.44756377],[0.62173505]
[2.46769729],[0.45497018],[0.62119499]
[2.37364719],[0.45117078],[0.59801978]
[2.2405145],[0.44365802],[0.56500277]
[5.04307037],[0.86563717],[2.88385711]
[3.67741187],[0.25607552],[0.5080192]
[1.13232091],[0.03125419],[0.0252637]
[0.28079663],[0.17588927],[0.02425411]
[2.13685148],[0.29326938],[0.3929271]
[2.31496424],[0.44613905],[0.7420269]
[2.53450422],[0.63434688],[1.09074704]
[2.71575098],[0.74656459],[1.4581539]
[2.8991399],[1.00626712],[2.04434743]
[2.9622426],[1.14007925],[2.44848253]
[2.85016479],[1.1597517],[2.60907464]
[2.7718497],[1.22577074],[2.67889943]
[2.64812553],[1.20757853],[2.66963212]
[2.50570275],[1.24559755],[2.74065671]
[2.46339542],[1.22444903],[2.73546152]
[2.68807992],[1.25032236],[2.87937411]
[2.80400778],[1.22061511],[2.79011785]
[2.93818739],[1.22942625],[2.80294888]
[2.9717148],[1.18952685],[2.65347458]
[3.03628325],[1.18916166],[2.57703346]
[3.07745443],[1.12409699],[2.43207234]
[3.13772248],[1.08112816],[2.23470673]
[3.23518507],[1.0102084],[2.13267702]
[3.29433244],[0.97504427],[2.038064]
[3.35841109],[0.92186288],[1.92862069]
[3.35473037],[0.89672803],[1.82149338]
[3.34180908],[0.86138947],[1.71554261]
[3.32129488],[0.84701733],[1.65156888]
[3.31288111],[0.81922992],[1.58556239]
[3.28849132],[0.80823775],[1.55149631]
[3.27468053],[0.7900958],[1.4993526]
[3.25672354],[0.78031612],[1.48588674]
[3.24402361],[0.77151714],[1.4133993]
[3.22718649],[0.76200745],[1.43960558]
[3.26812333],[0.75344012],[1.44240718]
[3.19087902],[0.73830846],[1.40279642]
[3.23047343],[0.72657983],[1.39872077]
[3.16186064],[0.71377381],[1.35957532]
[3.14921923],[0.70505263],[1.35014982]
[3.13088225],[0.696565],[1.33088474]
[3.11015095],[0.68284882],[1.30197272]
[3.09946438],[0.66997475],[1.27869957]
[3.07685264],[0.65644854],[1.25148259]
[3.02786007],[0.64624434],[1.21664109]
[2.97891163],[0.63606226],[1.17708379]
[2.93081919],[0.62517483],[1.14635671]
[2.88270378],[0.61570655],[1.11542044]
[2.83240541],[0.60632248],[1.07766751]
[2.79363014],[0.59778488],[1.04761173]
[2.75422052],[0.59145639],[1.02444402]
[2.72187726],[0.59065742],[1.0077296]
[2.68499772],[0.5886103],[0.98341001]
[2.64556621],[0.57916619],[0.94490797]
[2.59179001],[0.56790902],[0.89902681]
[2.47791332],[0.556555],[0.83451678]
[5.75805664],[1.17710411],[4.79280499]
[4.36560979],[0.88594664],[2.24759973]
[3.39724884],[0.28687533],[0.6005171]
[1.73734516],[0.214753],[0.07762399]
[2.30699306],[0.38272459],[0.50569815]
[2.45485199],[0.51026178],[0.8781444]
[2.68975184],[0.66785037],[1.25300948]
[2.87112996],[0.84349693],[1.71260206]
[2.95026239],[1.08802584],[2.37153052]
[2.93220114],[1.17846636],[2.66217563]
[2.75963693],[1.20989813],[2.76138253]
[2.62998665],[1.27285281],[2.90084881]
[2.57974777],[1.26164092],[2.93870181]
[2.798762],[1.29422828],[3.10524946]
[2.94039455],[1.27477637],[3.04959293]
[3.03844007],[1.28784706],[3.08637377]
[3.11324899],[1.25165218],[2.96954947]
[3.20095077],[1.25934438],[2.95684162]
[3.26464696],[1.21843054],[2.82196761]
[3.2873851],[1.22640044],[2.59032101]
[3.37200487],[1.11691974],[2.46832641]
[3.42301356],[1.08207507],[2.35401538]
[3.51185373],[1.04451361],[2.26276441]
[3.58181855],[0.98245817],[2.18628167]
[3.61460421],[0.94234122],[2.09052606]
[3.63469874],[0.91886168],[2.02091619]
[3.59323061],[0.89331094],[1.93469602]
[3.58853482],[0.87602961],[1.8713162]
[3.55396283],[0.85705044],[1.82129957]
[3.54700198],[0.84329377],[1.784259]
[3.50860016],[0.82926453],[1.73693484]
[3.50559403],[0.8194563],[1.71806995]
[3.47065043],[0.81111847],[1.66445896]
[3.46525625],[0.80129585],[1.66330413]
[3.46626892],[0.78503751],[1.66331088]
[3.42392374],[0.76761703],[1.61308471]
[3.42566613],[0.75822259],[1.60712795]
[3.38036622],[0.74925685],[1.56954284]
[3.35253239],[0.74218289],[1.55049275]
[3.33094606],[0.73581147],[1.53030807]
[3.30745927],[0.7241893],[1.49968687]
[3.29168578],[0.71428429],[1.47256745]
[3.261656],[0.70333328],[1.43614229]
[3.20108079],[0.69393347],[1.3940425]
[3.14603291],[0.684787],[1.35262722]
[3.09197802],[0.67498232],[1.31701996]
[3.03818154],[0.66602356],[1.27756477]
[2.98399656],[0.65441286],[1.23102741]
[2.93767638],[0.64208433],[1.18344385]
[2.88914262],[0.62807262],[1.13124782]
[2.84716616],[0.61877239],[1.09220606]
[2.8007815],[0.61427082],[1.05416543]
[2.75570901],[0.60432648],[1.02164201]
[2.71634452],[0.5958863],[0.98720536]
[2.66121999],[0.58262755],[0.94068351]
[7.04199387],[1.25852038],[6.40430308]
[4.9236534],[1.0617755],[3.65353925]
[3.92838295],[0.81143558],[2.01598498]
[3.02403299],[0.26017742],[0.55744693]
[2.41008515],[0.39762737],[0.49413835]
[2.58294054],[0.57845276],[0.9328609]
[2.63959932],[0.67553517],[1.28923659]
[2.82448977],[0.93164564],[1.82353324]
[2.77237788],[1.11524017],[2.4560981]
[2.49579431],[1.21447415],[2.57559081]
[2.47055607],[1.24792235],[2.79815618]
[2.74523165],[1.30647544],[3.04380824]
[2.97037582],[1.28861206],[3.07458051]
[3.1153483],[1.31391884],[3.15929606]
[3.24514911],[1.27929117],[3.09126889]
[3.30080827],[1.28882538],[3.05040556]
[3.41834177],[1.2432212],[2.97490258]
[3.46085207],[1.25023891],[2.78296135]
[3.55387845],[1.1832943],[2.67737938]
[3.5852654],[1.14913633],[2.57788932]
[3.65481128],[1.10981686],[2.47125018]
[3.71628012],[1.03419871],[2.3890285]
[3.77495976],[0.97126552],[2.32105144]
[3.83457991],[0.94452594],[2.24355989]
[3.84732814],[0.92840896],[2.19106174]
[3.88280608],[0.9064826],[2.15163109]
[3.81981998],[0.89509533],[2.10333264]
[3.83110229],[0.87973643],[2.05401367]
[3.76776161],[0.86596901],[2.00434042]
[3.77548051],[0.85914006],[1.97837202]
[3.71190327],[0.83441549],[1.92091815]
[3.71769884],[0.83742183],[1.91284285]
[3.6609787],[0.8210621],[1.85848281]
[3.66204291],[0.81784661],[1.85733267]
[3.63371974],[0.79665102],[1.84915241]
[3.5990972],[0.78532471],[1.80165188]
[3.57353433],[0.77708062],[1.78848153]
[3.53515109],[0.77098727],[1.74701019]
[3.49037474],[0.76673816],[1.72354524]
[3.4598956],[0.76249775],[1.69729532]
[3.42710319],[0.74869905],[1.65689255]
[3.40285591],[0.73425439],[1.61769049]
[3.3728867],[0.7178658],[1.55561038]
[3.31795558],[0.7033658],[1.48817662]
[3.26159813],[0.68926308],[1.4286217]
[3.20516913],[0.67445037],[1.37500935]
[3.15269492],[0.66051793],[1.31266164]
[3.10129483],[0.64642029],[1.25241023]
[3.05766967],[0.63756655],[1.20876551]
[3.0102664],[0.62694327],[1.16645331]
[2.96923193],[0.61656495],[1.13268222]
[2.92426026],[0.60672257],[1.09472824]
[2.87754691],[0.60324444],[1.06914321]
[2.83416919],[0.60246163],[1.04373303]
[2.79127963],[0.59734461],[1.01195433]
[7.20101843],[1.42385326],[6.88802337]
[3.91808859],[1.10119016],[4.09635998]
[4.29634214],[0.98519581],[2.92386256]
[3.29042604],[0.64514122],[1.37739849]
[2.61977257],[0.4115051],[0.7673589]
[2.57456438],[0.61840927],[0.95271048]
[2.59014458],[0.74290919],[1.30346762]
[2.77719942],[0.98455337],[1.84234007]
[2.70940812],[1.17069879],[2.60481407]
[2.47195254],[1.27399032],[2.90520466]
[2.81521162],[1.31481929],[3.11134144]
[3.03930016],[1.36655819],[3.30177922]
[3.23929885],[1.34908755],[3.34729626]
[3.34654381],[1.37066427],[3.42445303]
[3.51507908],[1.33840279],[3.40078966]
[3.54094894],[1.34226268],[3.27994079]
[3.63738271],[1.29994838],[3.21627728]
[3.695488],[1.29564026],[3.03056627]
[3.75294971],[1.21189868],[2.92088863]
[3.79317708],[1.18169502],[2.8167584]
[3.83969843],[1.13555572],[2.70983034]
[3.89165273],[1.07834687],[2.62338405]
[3.88770538],[1.03239889],[2.50944903]
[3.96917407],[1.01560403],[2.45759929]
[3.95158961],[0.9837433],[2.38179972]
[3.9929249],[0.95757194],[2.34640378]
[3.91279667],[0.94541332],[2.29436029]
[3.94912851],[0.92654336],[2.27148844]
[3.87760888],[0.90371215],[2.21221617]
[3.89582383],[0.90119708],[2.2017555]
[3.82175134],[0.87170506],[2.13107357]
[3.82508612],[0.87473198],[2.12221027]
[3.76355894],[0.85545761],[2.07641332]
[3.76691194],[0.8512223],[2.06059802]
[3.72825348],[0.83170528],[2.05763505]
[3.70346229],[0.82098125],[2.001374]
[3.66824566],[0.80358562],[1.97442835]
[3.6330972],[0.77746758],[1.90619098]
[3.58210922],[0.76053643],[1.86286542]
[3.55077596],[0.7470326],[1.81541162]
[3.51885808],[0.73668276],[1.75819286]
[3.4937096],[0.72636702],[1.70287909]
[3.46701707],[0.71369741],[1.63106841]
[3.41631225],[0.70051798],[1.54149017]
[3.36035209],[0.68912049],[1.45928712]
[3.29204127],[0.67685254],[1.38214922]
[3.22819893],[0.66538465],[1.32664659]
[3.16925872],[0.65692206],[1.27721353]
[3.1152426],[0.65126696],[1.23860031]
[3.05777506],[0.64268967],[1.20155375]
[3.008307],[0.63232225],[1.16489803]
[2.95848741],[0.62186237],[1.12496355]
[2.90550961],[0.61838427],[1.10132666]
[2.85718126],[0.61644814],[1.08054977]
[2.81200388],[0.61578983],[1.05603786]
[7.54273418],[1.54403402],[7.33972721]
[3.79170573],[1.25254249],[4.45362382]
[3.00546858],[0.96486277],[2.92361459]
[3.51378871],[0.85679249],[2.0336303]
[2.63479615],[0.42601697],[1.13656524]
[2.54439648],[0.64942947],[0.98273173]
[2.58456701],[0.78727812],[1.34215522]
[2.74411714],[0.97915421],[1.84493125]
[2.5205413],[1.19367823],[2.65499726]
[2.64305802],[1.29957319],[3.04734054]
[3.0627513],[1.34588587],[3.28641866]
[3.23717372],[1.38701788],[3.45954442]
[3.44854822],[1.37766963],[3.51758727]
[3.50837804],[1.39308229],[3.58552838]
[3.65444975],[1.36702349],[3.58632737]
[3.6920917],[1.36481553],[3.42547909]
[3.77028689],[1.33018224],[3.38657816]
[3.83863772],[1.31666012],[3.19668683]
[3.88105214],[1.24805122],[3.10642638]
[3.92817326],[1.20961961],[2.99772189]
[3.94309923],[1.17633432],[2.88210924]
[3.98960336],[1.11343078],[2.75764281]
[3.97056331],[1.07765008],[2.64711594]
[4.06652086],[1.05353855],[2.5978907]
[4.01783315],[1.0204977],[2.51635253]
[4.08258048],[1.00082735],[2.49512803]
[3.98771131],[0.97745638],[2.42666423]
[4.04059137],[0.95647898],[2.41192083]
[3.94522251],[0.93193555],[2.34755077]
[3.9866449],[0.92088666],[2.35126545]
[3.90439175],[0.89621709],[2.29560005]
[3.92132131],[0.89463833],[2.29301214]
[3.86509609],[0.87676364],[2.25426617]
[3.86822786],[0.8724384],[2.23676514]
[3.81470782],[0.85495991],[2.21492076]
[3.79929966],[0.82500541],[2.1480342]
[3.75380791],[0.79016083],[2.09809642]
[3.73483506],[0.76545302],[2.03460566]
[3.67840713],[0.74935085],[1.96091761]
[3.64620676],[0.7365948],[1.90042484]
[3.61139931],[0.72716827],[1.80776589]
[3.58412716],[0.71818148],[1.72346695]
[3.56172463],[0.70949917],[1.64660248]
[3.51251261],[0.70191086],[1.5614569]
[3.45629896],[0.69369385],[1.48307839]
[3.38881082],[0.68551683],[1.41662206]
[3.31205468],[0.67705751],[1.36216918]
[3.24071172],[0.66934168],[1.31026382]
[3.16930305],[0.66419745],[1.25924474]
[3.06891891],[0.65346964],[1.19789873]
[2.97002129],[0.63780701],[1.14582635]
[2.85027119],[0.62220798],[1.09230268]
[2.65188626],[0.61250421],[1.03798494]
[2.49954441],[0.60546329],[1.00734629]
[2.47054404],[0.59935108],[0.98144353]
[7.81470177],[1.57779424],[7.92992277]
[6.39271888],[1.34799391],[4.92863883]
[3.32958769],[1.088487],[3.1854289]
[2.55779896],[0.80698616],[1.91700734]
[2.63347207],[0.45454087],[1.24125256]
[2.53340685],[0.67080533],[1.20508601]
[2.58561564],[0.81263225],[1.40486778]
[2.57904496],[1.039845],[2.00942649]
[2.48355087],[1.23148669],[2.85156434]
[2.98365282],[1.33431236],[3.24519476]
[3.29231339],[1.36994549],[3.44545578]
[3.42007392],[1.39920292],[3.59829895]
[3.62878081],[1.39103708],[3.67101179]
[3.67021395],[1.39717622],[3.71839149]
[3.80287219],[1.3791473],[3.72833285]
[3.83959987],[1.36680969],[3.51176468]
[3.89379695],[1.33522429],[3.43121866]
[3.96352628],[1.31153812],[3.27565733]
[3.98096174],[1.2454089],[3.16392323]
[4.0173578],[1.21009843],[3.0378537]
[4.02343397],[1.13367567],[2.91733299]
[4.08575675],[1.10906219],[2.8197247]
[4.05713525],[1.07719508],[2.72156275]
[4.08267916],[1.0543211],[2.66807787]
[4.0466953],[1.01925565],[2.59964065]
[4.10273097],[1.00120511],[2.57957834]
[4.04232164],[0.97391433],[2.51774417]
[4.0996712],[0.955435],[2.50789708]
[3.99395264],[0.93554055],[2.44685396]
[4.03957595],[0.92127586],[2.45053508]
[3.95396397],[0.90325695],[2.40037129]
[3.97730445],[0.89605559],[2.40379623]
[3.92544078],[0.88063575],[2.37105536]
[3.92250071],[0.87524217],[2.34617048]
[3.86573285],[0.8612381],[2.32229792]
[3.85171973],[0.85545246],[2.27331399]
[3.80159679],[0.84572061],[2.24629458]
[3.78283657],[0.812664],[2.17998574]
[3.72198737],[0.78130172],[2.12173382]
[3.69057501],[0.76414543],[2.06006775]
[3.66195553],[0.75365794],[2.0020423]
[3.63919552],[0.74341014],[1.94184254]
[3.61917565],[0.73403838],[1.84795102]
[3.57543842],[0.72601633],[1.75136402]
[3.5251412],[0.72049667],[1.66190995]
[3.46169829],[0.71613063],[1.58104987]
[3.39037012],[0.71296935],[1.52096572]
[3.30634558],[0.71029542],[1.47215222]
[3.25109466],[0.70508634],[1.4329084]
[3.18211391],[0.69462174],[1.38346882]
[3.13381217],[0.6815994],[1.34757986]
[3.07516868],[0.66917932],[1.29198204]
[2.98744173],[0.66009148],[1.21855909]
[2.90075315],[0.65591753],[1.16947755]
[2.83478649],[0.65298639],[1.13888072]
[8.10428005],[1.60107374],[8.54945319]
[6.66667285],[1.38740781],[5.29532521]
[4.9779473],[1.11862106],[3.61898868]
[2.9220271],[0.77219033],[2.03122385]
[2.47539606],[0.48170012],[0.84042259]
[2.48580855],[0.67110848],[1.29684062]
[2.51937799],[0.81341225],[1.39229259]
[2.47169952],[1.08032604],[2.30195923]
[2.94292529],[1.25290419],[3.00472222]
[3.20272973],[1.32854305],[3.28827108]
[3.47737185],[1.36721971],[3.47818773]
[3.57289819],[1.38480757],[3.61117543]
[3.76748003],[1.37856912],[3.70393799]
[3.81177405],[1.37419303],[3.63793253]
[3.92137012],[1.34349585],[3.60333123]
[3.94987881],[1.32139831],[3.31770353]
[3.98323593],[1.24449405],[3.2160322]
[4.0406123],[1.2165965],[3.11010764]
[4.03695754],[1.14345211],[2.97809841]
[4.08000507],[1.11416935],[2.87114582]
[4.08079268],[1.07921703],[2.78555098]
[4.14945758],[1.05857874],[2.72630278]
[4.09530837],[1.02061498],[2.66003921]
[4.10469992],[0.99989296],[2.62109457]
[4.07536386],[0.97275065],[2.57483753]
[4.12160681],[0.95621409],[2.55964922]
[4.06355993],[0.94202593],[2.52152764]
[4.12732312],[0.92406644],[2.51947848]
[4.04018079],[0.91571673],[2.4786598]
[4.09107348],[0.90529598],[2.48538437]
[3.99279203],[0.89465827],[2.43703714]
[4.0158492],[0.88993985],[2.44085288]
[3.96287264],[0.88117164],[2.41810896]
[3.96720489],[0.87780811],[2.40542689]
[3.90700062],[0.86783716],[2.39020972]
[3.8984926],[0.86100153],[2.35463777]
[3.84351369],[0.85757956],[2.33093873]
[3.83338187],[0.85534564],[2.29157275]
[3.77235204],[0.82409164],[2.23699314]
[3.74154326],[0.79492834],[2.19358901]
[3.71170168],[0.77286973],[2.14227646]
[3.68470633],[0.7662682],[2.094136]
[3.66502235],[0.75907555],[2.03766353]
[3.62498421],[0.75307145],[1.94633022]
[3.58032601],[0.74734175],[1.84864323]
[3.52181206],[0.74323012],[1.74855652]
[3.4568881],[0.73966155],[1.6672919]
[3.38358314],[0.73766102],[1.60568161]
[3.30627617],[0.73707057],[1.55787492]
[3.23973168],[0.73039628],[1.50246555]
[3.18725941],[0.71732771],[1.45995906]
[3.14952774],[0.70430113],[1.41843906]
[3.10092633],[0.69161652],[1.35866029]
[3.05507796],[0.6871401],[1.31017129]
[3.0114364],[0.68270807],[1.27284399]
[8.45293018],[1.63981236],[9.25704898]
[7.01123095],[1.42562463],[5.8583413]
[5.87668714],[1.15262052],[4.11968052]
[3.72102723],[0.85454822],[2.68778759]
[2.5790731],[0.51758261],[1.15056676]
[2.53200231],[0.7174429],[1.49606363]
[2.53062776],[0.84746093],[1.51463857]
[2.46785489],[1.14455967],[2.56814763]
[3.21562805],[1.28028418],[3.17409917]
[3.37698343],[1.35243578],[3.44693656]
[3.65549835],[1.38739393],[3.63657428]
[3.68133844],[1.39792149],[3.7484589]
[3.87986208],[1.3877287],[3.8259457]
[3.89471047],[1.38219498],[3.71600879]
[4.01329892],[1.34877717],[3.69849074]
[4.01280936],[1.32465214],[3.39537929]
[4.05880761],[1.25735624],[3.29916536]
[4.09589415],[1.21541251],[3.17845343]
[4.091382],[1.14950485],[3.04712119]
[4.12692505],[1.12274562],[2.93581042]
[4.12789587],[1.08703836],[2.86499132]
[4.19196306],[1.06618834],[2.81175306]
[4.13743189],[1.03100674],[2.75008117]
[4.14369098],[1.01237688],[2.71224708]
[4.11777205],[0.98738109],[2.67356963]
[4.1590516],[0.9714218],[2.65634505]
[4.10246118],[0.95688388],[2.6206013]
[4.1647321],[0.94446484],[2.62283067]
[4.06319439],[0.93368315],[2.57491068]
[4.0989508],[0.92389555],[2.58061592]
[4.00416347],[0.91314986],[2.53105712]
[4.02579215],[0.91058592],[2.54026938]
[3.97201345],[0.90475918],[2.51569333]
[3.9758351],[0.90334231],[2.50430254]
[3.91672606],[0.89426339],[2.4884994]
[3.90978214],[0.8874021],[2.4564746]
[3.85441049],[0.88228183],[2.43838317]
[3.84173431],[0.87760288],[2.40218644]
[3.77875359],[0.87263578],[2.36390262]
[3.75081279],[0.85284368],[2.326496]
[3.7224219],[0.82925406],[2.28271369]
[3.70741007],[0.81378075],[2.24816469]
[3.68995566],[0.79224641],[2.18635091]
[3.65375671],[0.78721965],[2.11999951]
[3.60962569],[0.78246895],[2.0534797]
[3.55103194],[0.77763932],[1.94129433]
[3.48570828],[0.77338197],[1.84413571]
[3.41060893],[0.77141601],[1.75920086]
[3.32434515],[0.7707775],[1.68836947]
[3.256915],[0.76648524],[1.62551157]
[3.20228573],[0.75951631],[1.57692876]
[3.16226528],[0.74631662],[1.52622524]
[3.11240836],[0.7320874],[1.45721631]
[3.07473085],[0.72376692],[1.41075059]
[3.05482259],[0.71783758],[1.38091872]
[8.70460549],[1.69710294],[9.97967157]
[7.21243158],[1.4570665],[6.41986819]
[6.19536196],[1.20010892],[4.58212358]
[4.10400625],[0.88646183],[3.11007673]
[2.74781397],[0.55163556],[1.52737447]
[2.57281264],[0.75401513],[1.6209164]
[2.53661348],[0.87145128],[1.58292986]
[2.48508581],[1.15446662],[2.69686191]
[3.40311209],[1.29708866],[3.33629477]
[3.51584557],[1.36298229],[3.55718512]
[3.77939271],[1.39850477],[3.79582037]
[3.772176],[1.40396469],[3.83808336]
[3.98892004],[1.39049546],[3.92591953]
[3.97751274],[1.38515193],[3.78501374]
[4.11792397],[1.34857902],[3.76264062]
[4.08264212],[1.31184327],[3.45484749]
[4.14770333],[1.2590039],[3.36013338]
[4.1475643],[1.19869909],[3.20334719]
[4.15619839],[1.15270421],[3.08322863]
[4.19195891],[1.12377776],[2.9856065]
[4.18910713],[1.08689713],[2.92494123]
[4.21323289],[1.06913166],[2.8668947]
[4.16068092],[1.03777544],[2.81410444]
[4.16375906],[1.02163609],[2.77889495]
[4.13974073],[0.99747583],[2.74680376]
[4.17520368],[0.98202458],[2.7319954]
[4.12354953],[0.96741684],[2.69857352]
[4.18203312],[0.95910465],[2.70318073]
[4.10849194],[0.94776429],[2.66064079]
[4.15193261],[0.93740476],[2.6660879]
[4.04186056],[0.92857729],[2.61411344]
[4.06934089],[0.92533116],[2.62588051]
[4.00724894],[0.92204671],[2.60206154]
[4.01881096],[0.91984315],[2.60017827]
[3.95405179],[0.91222455],[2.58090606]
[3.95100972],[0.9067251],[2.550499]
[3.89234437],[0.90311867],[2.5324394]
[3.88133434],[0.89944771],[2.5020126]
[3.81692355],[0.89578502],[2.47472109]
[3.78786485],[0.89317534],[2.44497068]
[3.76288492],[0.8837045],[2.41552039]
[3.74447032],[0.85728754],[2.37698884]
[3.72918564],[0.8416006],[2.33208908]
[3.69588647],[0.82869006],[2.27019352]
[3.65477405],[0.81152626],[2.19546127]
[3.60085282],[0.80554374],[2.11700141]
[3.54071422],[0.80310552],[2.02861841]
[3.4719272],[0.80080191],[1.9123001]
[3.39377098],[0.79866931],[1.81471436]
[3.2964543],[0.79404568],[1.72620858]
[3.23349199],[0.79099583],[1.66849549]
[3.18139013],[0.77781377],[1.60142496]
[3.12910583],[0.76291053],[1.52548593]
[3.09214243],[0.74878544],[1.46809722]
[3.06934554],[0.73990942],[1.43080891]
[8.80788315],[1.78433967],[10.59904617]
[7.28625607],[1.53536965],[6.73459447]
[6.35839424],[1.25068804],[4.77623488]
[4.13995586],[0.90430688],[3.21164529]
[2.75991505],[0.5623146],[1.71471467]
[2.55966194],[0.76692111],[1.54843032]
[2.5176482],[0.88477652],[1.58830825]
[2.79542616],[1.15172002],[2.74911516]
[3.50077724],[1.30339835],[3.43989284]
[3.61445102],[1.36737038],[3.65673954]
[3.8721672],[1.39752196],[3.87118719]
[3.86296185],[1.40040463],[3.86846723]
[4.06727035],[1.38788916],[3.99189209]
[4.05830875],[1.38165139],[3.75856146]
[4.19212247],[1.33604159],[3.72496161]
[4.1523332],[1.29270623],[3.46161411]
[4.20496549],[1.23113216],[3.33470833]
[4.1983733],[1.18838764],[3.18287422]
[4.2051335],[1.13819635],[3.08106427]
[4.23856363],[1.11273455],[2.99768821]
[4.23670965],[1.07252999],[2.94509642]
[4.22453017],[1.05796105],[2.88455612]
[4.17329273],[1.02896269],[2.83894047]
[4.17856036],[1.01524632],[2.81235841]
[4.1473394],[0.99391096],[2.78363394]
[4.18715557],[0.98490931],[2.77586659]
[4.13042763],[0.96904073],[2.7395869]
[4.1918022],[0.96206611],[2.74492716]
[4.12976845],[0.9499576],[2.70478992]
[4.19086995],[0.94124052],[2.71403223]
[4.07049713],[0.93839677],[2.66347786]
[4.10366203],[0.93294103],[2.67432144]
[4.03467475],[0.93228786],[2.65257841]
[4.05034361],[0.92756198],[2.65348806]
[3.98159143],[0.92245261],[2.64012889]
[3.98174699],[0.91783334],[2.61369574]
[3.91922815],[0.91473908],[2.59493633]
[3.91345009],[0.91155762],[2.56571818]
[3.84663481],[0.90947399],[2.53935938]
[3.820435],[0.9098455],[2.52430866]
[3.796318],[0.90916483],[2.50573944]
[3.77360058],[0.90975414],[2.48105329]
[3.75984506],[0.90175118],[2.44637123]
[3.73152487],[0.87614114],[2.38897266]
[3.69528749],[0.85608804],[2.33108267]
[3.64665507],[0.84558131],[2.26085296]
[3.59189359],[0.82851376],[2.18052836]
[3.52700104],[0.82604491],[2.10956687]
[3.45594662],[0.82407619],[2.01607521]
[3.35171433],[0.81892481],[1.89003851]
[3.27242475],[0.81561343],[1.79341855]
[3.21212133],[0.80775162],[1.70178283]
[3.1541709],[0.79234925],[1.61242528]
[3.11438218],[0.77606393],[1.54517765]
[3.08879261],[0.76275283],[1.49463219]
[8.80772982],[1.84910541],[10.91279452]
[7.25608162],[1.57114392],[6.86348531]
[6.32782753],[1.2911312],[4.83213723]
[3.97066129],[0.92759682],[3.12687022]
[2.77237196],[0.52548702],[1.4664189]
[2.45587443],[0.7280855],[1.26626803]
[2.34882323],[0.85253691],[1.45686902]
[2.9594804],[1.12035933],[2.66761695]
[3.55014516],[1.27653934],[3.33776206]
[3.65448656],[1.34335797],[3.51346206]
[3.91885271],[1.36085229],[3.70852386]
[3.91723738],[1.36162663],[3.67052716]
[4.11299455],[1.33806399],[3.76164767]
[4.11088208],[1.31424827],[3.42213484]
[4.23807135],[1.2495584],[3.3578745]
[4.1943711],[1.19479705],[3.18506218]
[4.24057088],[1.13209363],[3.09272241]
[4.23881934],[1.10372291],[2.99960705]
[4.2428303],[1.0590656],[2.93399081]
[4.27389587],[1.04123716],[2.87987149]
[4.24567852],[1.01542133],[2.84781724]
[4.22401109],[1.00541405],[2.80332628]
[4.177218],[0.98934984],[2.7823403]
[4.18067228],[0.9821322],[2.76894003]
[4.14861943],[0.96502153],[2.74469567]
[4.18694216],[0.95920523],[2.74014872]
[4.13303223],[0.94699732],[2.70983986]
[4.19125012],[0.94144299],[2.71700111]
[4.13182111],[0.93902424],[2.68876323]
[4.19005471],[0.93245775],[2.7033536]
[4.10188048],[0.93238273],[2.66868424]
[4.13754675],[0.92675666],[2.68159924]
[4.05779759],[0.92594946],[2.65973141]
[4.08002862],[0.92236783],[2.66813343]
[4.00805394],[0.92158177],[2.66664708]
[4.01530043],[0.91839158],[2.65068089]
[3.94858102],[0.91869103],[2.6351781]
[3.94549964],[0.91962006],[2.6116467]
[3.87701524],[0.92064099],[2.59030311]
[3.84969487],[0.92164909],[2.58103822]
[3.82698643],[0.92177578],[2.56968337]
[3.806275],[0.92277539],[2.55678129]
[3.78942454],[0.92296924],[2.53064985]
[3.76408875],[0.92353554],[2.4878536]
[3.72958698],[0.91659477],[2.43654874]
[3.68572911],[0.89425624],[2.37039113]
[3.63620639],[0.87463656],[2.31032489]
[3.58009386],[0.85986591],[2.24763771]
[3.51573245],[0.84567885],[2.1675241]
[3.42424023],[0.840972],[2.07769403]
[3.31304164],[0.83717564],[1.98599171]
[3.25365514],[0.83359091],[1.86606015]
[3.18896018],[0.81753419],[1.73860717]
[3.14634832],[0.80132289],[1.6423393]
[3.11285378],[0.7852783],[1.57170595]
[8.82745438],[1.89011503],[11.13739727]
[7.25028977],[1.58987033],[6.91418412]
[6.30470076],[1.342562],[4.76371714]
[4.16281606],[1.01422138],[2.90488838]
[2.31381269],[0.53360159],[0.75678379]
[2.46205399],[0.73636471],[1.147747]
[2.33317911],[0.87747361],[1.48738754]
[3.09387748],[1.14889109],[2.79921603]
[3.6355801],[1.30500349],[3.43294732]
[3.69627198],[1.3508378],[3.56148567]
[3.96928033],[1.36386856],[3.75415002]
[3.96262703],[1.3621522],[3.69678136]
[4.15044199],[1.34503675],[3.78467385]
[4.15194443],[1.30953498],[3.42877153]
[4.26795226],[1.23865327],[3.36960991]
[4.22764001],[1.19116004],[3.19768178]
[4.2699383],[1.12254175],[3.11577343]
[4.26353087],[1.09696634],[3.02235485]
[4.2682369],[1.05746589],[2.96434777]
[4.29273292],[1.0443177],[2.91393946]
[4.26741314],[1.02020139],[2.88589017]
[4.24191298],[1.01472459],[2.85882917]
[4.19910969],[0.99618877],[2.83177273]
[4.20010254],[0.99088953],[2.8204497]
[4.17657222],[0.97216966],[2.79277288]
[4.20722134],[0.96730592],[2.79075902]
[4.15384862],[0.95625212],[2.75641488]
[4.20313124],[0.95305634],[2.76315393]
[4.14882281],[0.94930967],[2.73582814]
[4.19801174],[0.94544041],[2.75064079]
[4.09276796],[0.94325152],[2.70656908]
[4.13355447],[0.94043221],[2.7268839]
[4.05164505],[0.93835277],[2.69603831]
[4.07967371],[0.93612661],[2.71275109]
[4.00976554],[0.93510702],[2.7134972]
[4.01811997],[0.93381772],[2.69679558]
[3.94865996],[0.93496481],[2.68251204]
[3.94721342],[0.93608922],[2.65966851]
[3.88103704],[0.93733182],[2.64112829]
[3.85772571],[0.93835966],[2.63439589]
[3.8349207],[0.93853983],[2.62015114]
[3.81264974],[0.93977603],[2.60744522]
[3.80361773],[0.94009605],[2.58907495]
[3.78195135],[0.94061698],[2.55949176]
[3.75175839],[0.94106817],[2.51864575]
[3.71153066],[0.94167107],[2.46446761]
[3.66520755],[0.93788734],[2.41245967]
[3.61220167],[0.92081131],[2.35053484]
[3.55242292],[0.90283601],[2.2874558]
[3.46640162],[0.88228114],[2.21102078]
[3.36559457],[0.86846733],[2.12104859]
[3.28165631],[0.85820255],[2.03025154]
[3.21601442],[0.84581233],[1.92622781]
[3.16853469],[0.82997314],[1.8085566]
[3.13454731],[0.81407837],[1.70525562]
[8.81028923],[1.91802241],[11.32071103]
[7.20500836],[1.60127865],[7.01138995]
[6.2646168],[1.38121986],[4.79673558]
[5.026203],[1.11937913],[2.79866576]
[2.23277779],[0.54067982],[0.75841678]
[2.43024219],[0.73089958],[1.12923725]
[2.29682302],[0.88410811],[1.47677616]
[3.09342268],[1.156241],[2.75462289]
[3.68809718],[1.31468899],[3.44088244]
[3.73300863],[1.35747864],[3.53682261]
[4.01622506],[1.36449264],[3.74360519]
[4.00965436],[1.35912094],[3.67382382]
[4.19052074],[1.33990001],[3.73014156]
[4.19820154],[1.29982998],[3.37051919]
[4.30797622],[1.20509347],[3.33146]
[4.26577348],[1.16349868],[3.17071686]
[4.30418792],[1.10232026],[3.11398689]
[4.30655543],[1.08099848],[3.02646485]
[4.30828283],[1.0495291],[2.98102221]
[4.29781927],[1.04195851],[2.92788372]
[4.27909972],[1.02200595],[2.90952827]
[4.24689756],[1.01834531],[2.88653813]
[4.20960968],[0.99720358],[2.86584689]
[4.21372435],[0.99373641],[2.8538091]
[4.20031887],[0.97495224],[2.83101054]
[4.22744385],[0.97117041],[2.82849277]
[4.17850214],[0.9630993],[2.80022592]
[4.22562053],[0.96151369],[2.80893565]
[4.16553315],[0.95658851],[2.7802059]
[4.2212325],[0.95474967],[2.79979385]
[4.13916724],[0.95213518],[2.76188575]
[4.2042867],[0.95072267],[2.79457599]
[4.09764636],[0.94881272],[2.75362715]
[4.13341845],[0.94695348],[2.77481937]
[4.05115689],[0.94792846],[2.77356797]
[4.0675633],[0.95065983],[2.77070537]
[3.99171289],[0.95178723],[2.75492745]
[3.99647045],[0.9529003],[2.73428444]
[3.92455694],[0.95434833],[2.71447013]
[3.90137227],[0.95552669],[2.70866449]
[3.87858062],[0.95555427],[2.6992051]
[3.85811507],[0.95637201],[2.68679445]
[3.83592527],[0.95639907],[2.66485305]
[3.81285501],[0.95684005],[2.63756658]
[3.78697946],[0.95738241],[2.60457739]
[3.75432061],[0.95815101],[2.56744026]
[3.7170537],[0.95888028],[2.52833135]
[3.67308856],[0.95951682],[2.47363266]
[3.62203205],[0.95961949],[2.41887464]
[3.55157431],[0.93995951],[2.34703814]
[3.46777345],[0.92243691],[2.27193987]
[3.37236691],[0.90185481],[2.18001518]
[3.2744094],[0.87952523],[2.07112776]
[3.22221566],[0.8594101],[1.9799546]
[3.18469453],[0.84375685],[1.89720341]
[8.80338854],[1.94254409],[11.51906037]
[7.19316312],[1.62984464],[7.07537819]
[6.22353222],[1.41980036],[4.67913126]
[4.7116865],[1.14122862],[2.32893717]
[2.08490059],[0.51948369],[1.02569139]
[2.20966843],[0.68982953],[0.99693485]
[2.06294242],[0.85722258],[1.34368745]
[3.1057869],[1.14384861],[2.59546384]
[3.73950635],[1.29043137],[3.27521961]
[3.77651237],[1.32903881],[3.32835015]
[4.06658468],[1.3202269],[3.52979703]
[4.06239385],[1.30724568],[3.27618586]
[4.23573538],[1.23579127],[3.27837417]
[4.25039142],[1.17254752],[3.13010452]
[4.33984096],[1.09372838],[3.12909366]
[4.30698487],[1.07292889],[3.01448225]
[4.34138213],[1.03570371],[3.00586375]
[4.35581731],[1.02717429],[2.94506634]
[4.35017643],[1.01050934],[2.91625285]
[4.29996173],[1.01059115],[2.87216062]
[4.28570742],[0.99210169],[2.85897735]
[4.25027099],[0.99064413],[2.84459064]
[4.23203834],[0.97275072],[2.8383601]
[4.23253379],[0.97166021],[2.83034344]
[4.22026707],[0.96343205],[2.81975014]
[4.24334737],[0.96243568],[2.82102348]
[4.19726372],[0.95709502],[2.80313265]
[4.24261859],[0.95502205],[2.81395609]
[4.18112877],[0.95208495],[2.79342751]
[4.23754717],[0.95158695],[2.81603916]
[4.15137026],[0.95161958],[2.78503562]
[4.23051327],[0.94903017],[2.82181079]
[4.16128111],[0.95176518],[2.79611353]
[4.20828881],[0.95339841],[2.82522364]
[4.09690419],[0.95899541],[2.8187403]
[4.11713432],[0.96283633],[2.81706811]
[4.03260818],[0.96532124],[2.81031068]
[4.04457352],[0.96649594],[2.80183523]
[3.97148701],[0.96780208],[2.78237734]
[3.94829971],[0.96894886],[2.77642832]
[3.92582829],[0.9688707],[2.76748031]
[3.90527889],[0.96961609],[2.75897008]
[3.88349234],[0.96951698],[2.73256226]
[3.85335481],[0.96984617],[2.70110327]
[3.81898856],[0.97029234],[2.66661948]
[3.79008811],[0.97096127],[2.63156521]
[3.75641128],[0.97155867],[2.59724979]
[3.71739089],[0.97239167],[2.55580586]
[3.67593681],[0.97270552],[2.51574649]
[3.61907579],[0.97051942],[2.45463758]
[3.55311078],[0.96827308],[2.38959297]
[3.47492432],[0.95584634],[2.29994877]
[3.36480276],[0.93506837],[2.194154]
[3.27747948],[0.90591372],[2.10938703]
[3.23351653],[0.87403009],[2.02314767]
[8.80437148],[1.96512349],[11.53968468]
[7.22716924],[1.6533688],[6.98466405]
[6.08636507],[1.43301753],[4.19176405]
[2.67483921],[1.1412792],[2.01891229]
[2.08562234],[0.58386887],[0.94834842]
[2.21194902],[0.72128903],[1.03606945]
[2.05902835],[0.91316572],[1.41252259]
[3.17994157],[1.2000946],[2.71161668]
[3.78417257],[1.31578282],[3.33353241]
[3.81525883],[1.33688524],[3.33783519]
[4.11391982],[1.32476452],[3.54059647]
[4.10131916],[1.31359344],[3.28039179]
[4.2899249],[1.23712536],[3.32941453]
[4.2901542],[1.16399047],[3.16485159]
[4.37741285],[1.10864562],[3.18162261]
[4.33561103],[1.08127672],[3.05658199]
[4.36619103],[1.05081128],[3.0586228]
[4.37921307],[1.03993285],[2.99536254]
[4.37556189],[1.02180502],[2.96397978]
[4.32467197],[1.02364673],[2.92596537]
[4.32829882],[1.00480818],[2.92989049]
[4.29635874],[1.00375494],[2.91240827]
[4.27754555],[0.98884178],[2.90971145]
[4.28487806],[0.98820797],[2.90215819]
[4.26564472],[0.97921442],[2.8963321]
[4.29823301],[0.97936962],[2.89751529]
[4.23977138],[0.972918],[2.88154325]
[4.2742879],[0.97340882],[2.88435389]
[4.20325201],[0.96885618],[2.86660422]
[4.26942605],[0.96866463],[2.886895]
[4.1712611],[0.96830406],[2.85757286]
[4.26307669],[0.96576945],[2.89641685]
[4.19238602],[0.9700997],[2.87386247]
[4.23618026],[0.97141344],[2.90073198]
[4.11188203],[0.97651952],[2.88923835]
[4.1488998],[0.97941853],[2.88848833]
[4.04723248],[0.98143485],[2.87697696]
[4.06618047],[0.98252753],[2.87002277]
[3.99136003],[0.98413029],[2.84888113]
[3.96712489],[0.9855284],[2.84302074]
[3.944384],[0.98470145],[2.83383129]
[3.9238923],[0.98427731],[2.82494031]
[3.90215035],[0.98426148],[2.79867821]
[3.87437022],[0.98450352],[2.76224223]
[3.83963741],[0.98507205],[2.72405968]
[3.81169056],[0.98562568],[2.68627305]
[3.78024171],[0.98615189],[2.65399574]
[3.74326462],[0.98711196],[2.61453283]
[3.70410076],[0.98727604],[2.57540505]
[3.65240788],[0.98513342],[2.52701265]
[3.59592981],[0.98303539],[2.4771581]
[3.52889993],[0.97944123],[2.39806975]
[3.43040774],[0.97529068],[2.29642767]
[3.31700939],[0.96128557],[2.20320757]
[3.26058829],[0.92792992],[2.12080444]
[8.77647144],[1.97530351],[11.63435156]
[7.17006371],[1.6702088],[6.95373705]
[5.01095671],[1.44263054],[4.00533938]
[2.52838907],[1.16045439],[1.96950332]
[2.09060428],[0.59574679],[0.68424188]
[2.22170824],[0.73054103],[1.04218752]
[2.05528672],[0.9517819],[1.45172613]
[3.16892862],[1.2205721],[2.73099574]
[3.8160404],[1.3247209],[3.3749534]
[3.86086954],[1.34091734],[3.37554845]
[4.1589713],[1.33141127],[3.57146941]
[4.15171818],[1.32223779],[3.33617389]
[4.33498996],[1.23992427],[3.38418245]
[4.33218393],[1.16797568],[3.20938433]
[4.41455643],[1.11784233],[3.23359781]
[4.38015492],[1.09398722],[3.10358004]
[4.40718681],[1.05694487],[3.10860057]
[4.40867476],[1.05234613],[3.04726617]
[4.40274911],[1.03415473],[3.03823941]
[4.35665604],[1.03828111],[2.9972336]
[4.35954817],[1.02072494],[3.00235534]
[4.32010629],[1.0181389],[2.98164133]
[4.30561873],[1.00271503],[2.99092253]
[4.31673121],[1.00230359],[2.97970471]
[4.29286577],[0.9934042],[2.97719544]
[4.32096214],[0.99366874],[2.96783676]
[4.25677529],[0.98605156],[2.95484627]
[4.29251284],[0.98753294],[2.95456405]
[4.21869569],[0.98272013],[2.94012738]
[4.28625729],[0.98165711],[2.9596967]
[4.18572961],[0.98326337],[2.93117268]
[4.27869819],[0.97857809],[2.96795378]
[4.2311139],[0.98457594],[2.95445143]
[4.29412043],[0.983658],[2.99071233]
[4.19202436],[0.99054891],[2.97892732]
[4.22138464],[0.99407146],[2.98184667]
[4.09096124],[0.99705621],[2.95465262]
[4.13558097],[0.999401],[2.9625092]
[4.03743024],[1.00177784],[2.93702755]
[4.01136742],[1.00365098],[2.93119559]
[3.98880068],[1.00285161],[2.92166815]
[3.96830098],[1.00220729],[2.91294389]
[3.9475801],[1.00168055],[2.891521]
[3.92104462],[1.00157385],[2.85637071]
[3.87849658],[1.00189464],[2.81159978]
[3.84379622],[1.00232867],[2.76665086]
[3.81477589],[1.0027366],[2.73149245]
[3.78130098],[1.00318419],[2.69281837]
[3.7461852],[1.00268791],[2.65638705]
[3.700917],[1.00046078],[2.61048915]
[3.65139134],[0.99689392],[2.56265216]
[3.59761025],[0.99339214],[2.49697903]
[3.52299811],[0.98919374],[2.41081023]
[3.44178731],[0.98640938],[2.3301587]
[3.34418878],[0.97730306],[2.23123436]
[8.64560337],[1.99820364],[11.80985688]
[7.03725884],[1.71235267],[6.93929889]
[4.550105],[1.48649457],[3.92596691]
[2.41824148],[1.17982767],[1.8865912]
[2.07595107],[0.78494497],[0.65134642]
[2.20725162],[0.71821317],[1.01030687]
[2.04367538],[0.957334],[1.441176]
[3.12085553],[1.22583133],[2.68399932]
[3.83235077],[1.31952215],[3.35734219]
[3.8892235],[1.33742584],[3.36767227]
[4.17879594],[1.32753441],[3.5145194]
[4.17579366],[1.3002258],[3.316793]
[4.3587786],[1.21737881],[3.38632508]
[4.36097759],[1.15365796],[3.22463802]
[4.44744105],[1.11476999],[3.26621908]
[4.41915164],[1.09482747],[3.14526217]
[4.4566303],[1.0580863],[3.17190722]
[4.45905446],[1.06146395],[3.10647817]
[4.4526138],[1.04627015],[3.12025014]
[4.41101959],[1.05439286],[3.08253687]
[4.40967159],[1.03655924],[3.0963973]
[4.37238283],[1.03550674],[3.08631706]
[4.35870303],[1.01927807],[3.12313896]
[4.37714243],[1.01836135],[3.11690688]
[4.33949771],[1.00740722],[3.101652]
[4.37522018],[1.00674297],[3.08705015]
[4.28965344],[0.99815729],[3.05357656]
[4.33614662],[0.99841214],[3.05108083]
[4.25169158],[0.99439683],[3.01915973]
[4.31850812],[0.9913207],[3.03467893]
[4.22303529],[0.99405985],[2.99989591]
[4.30465727],[0.98844323],[3.02958529]
[4.26022776],[0.99639517],[3.01730911]
[4.31749516],[0.99540278],[3.05128227]
[4.24208319],[1.00227771],[3.04796391]
[4.26528581],[1.00577804],[3.05115241]
[4.14941702],[1.00868427],[3.02361335]
[4.18830875],[1.01083428],[3.03637199]
[4.06897125],[1.01321909],[3.00133888]
[4.04366709],[1.01529749],[2.9954348]
[4.02195035],[1.0150243],[2.98714187]
[4.00219373],[1.01435636],[2.97915061]
[3.98148208],[1.01406013],[2.95961084]
[3.95732993],[1.0142755],[2.92727195]
[3.91674668],[1.0146376],[2.88489848]
[3.86558644],[1.01505429],[2.83731079]
[3.83868831],[1.01539988],[2.7991425]
[3.80780217],[1.0157848],[2.75552872]
[3.77586045],[1.01489246],[2.71654079]
[3.73527868],[1.01138459],[2.67248593]
[3.69207477],[1.00776584],[2.62690905]
[3.64669099],[1.00420477],[2.56612084]
[3.58169043],[1.00140429],[2.48615184]
[3.51210505],[0.99888656],[2.41124981]
[3.43627503],[0.99168391],[2.32762861]
[8.50315534],[2.0130371],[11.80024937]
[6.77800554],[1.72220473],[6.79579944]
[4.33171348],[1.49265692],[3.78045984]
[2.30040383],[1.17023877],[1.73805792]
[1.87527225],[0.73237092],[0.4354814]
[1.97839933],[0.6501192],[0.82004358]
[1.80056882],[0.9297867],[1.25705498]
[3.09221425],[1.19164872],[2.48951055]
[3.85011534],[1.27679776],[3.11910076]
[3.91588561],[1.29243349],[3.0130153]
[4.18621217],[1.22776063],[3.20563328]
[4.20002845],[1.17255318],[3.10924123]
[4.38199873],[1.12494629],[3.2304203]
[4.3930674],[1.08946736],[3.12182355]
[4.48376785],[1.06700406],[3.19520081]
[4.47666962],[1.05696204],[3.11436287]
[4.52003757],[1.03185861],[3.17121631]
[4.51015477],[1.04199088],[3.1017076]
[4.4985868],[1.02972859],[3.13791975]
[4.46289815],[1.03911765],[3.10047798]
[4.45932629],[1.0275151],[3.1400083]
[4.43357088],[1.02982986],[3.14791319]
[4.41494541],[1.01685135],[3.19234377]
[4.43744645],[1.01737197],[3.18935851]
[4.39299969],[1.00610059],[3.17316382]
[4.42983291],[1.00606342],[3.16488901]
[4.34400369],[0.99820524],[3.12815746]
[4.38200333],[0.99719927],[3.12671724]
[4.30397429],[0.99582919],[3.09469201]
[4.35896048],[0.99228471],[3.1110365]
[4.27093744],[1.00050476],[3.07297157]
[4.33910488],[0.99652415],[3.10156069]
[4.29291668],[1.00295442],[3.08154085]
[4.34194962],[1.00105387],[3.10572018]
[4.28811871],[1.00737932],[3.10901137]
[4.30346607],[1.01085044],[3.10429603]
[4.19936549],[1.01347572],[3.07487589]
[4.23156494],[1.01556901],[3.08333053]
[4.11412173],[1.01787919],[3.03942175]
[4.07304658],[1.01993225],[3.03294279]
[4.05156923],[1.0198792],[3.02501537]
[4.03166919],[1.01965791],[3.0171709]
[4.01106072],[1.01946114],[2.99794289]
[3.98752129],[1.01955712],[2.96650758]
[3.94693674],[1.01988977],[2.92455017]
[3.89203118],[1.02033823],[2.87726796]
[3.85583894],[1.02070755],[2.83706398]
[3.8263979],[1.02107393],[2.79401211]
[3.79658945],[1.0189913],[2.75159026]
[3.75898889],[1.01546899],[2.70573365]
[3.71937438],[1.01188195],[2.66117636]
[3.67782156],[1.0081333],[2.60292869]
[3.61963603],[1.00545481],[2.52722659]
[3.55633044],[1.00292075],[2.45278668]
[3.48508908],[0.99792874],[2.37512413]
[8.1613179],[2.02169405],[11.61366878]
[6.27634295],[1.73304765],[6.45127074]
[3.74584688],[1.50145243],[3.45656824]
[2.05419151],[1.15935405],[1.57712948]
[1.89579365],[0.44817782],[0.43145307]
[2.00665909],[0.66978641],[0.83626014]
[1.81203013],[0.96530594],[1.34364898]
[3.1397615],[1.22268884],[2.58890401]
[3.87254943],[1.29044107],[3.16182174]
[3.95304173],[1.29751546],[3.08306373]
[4.22047825],[1.23571024],[3.27551283]
[4.22893233],[1.1846804],[3.17636643]
[4.41529311],[1.1424277],[3.31308929]
[4.42473522],[1.11076841],[3.2014542]
[4.53144774],[1.09413562],[3.31311729]
[4.51333686],[1.08159104],[3.21619471]
[4.5582898],[1.05645293],[3.29845073]
[4.58291082],[1.06585899],[3.23884922]
[4.56274725],[1.05123666],[3.27561416]
[4.54976343],[1.06051529],[3.2281106]
[4.53107255],[1.0465276],[3.29390986]
[4.52413791],[1.05035038],[3.29749118]
[4.4867631],[1.03587612],[3.32815811]
[4.52898147],[1.03748447],[3.33493901]
[4.50822867],[1.02466503],[3.31905267]
[4.49462948],[1.02621119],[3.29706057]
[4.42454555],[1.01607136],[3.25514464]
[4.44177705],[1.0163528],[3.25520987]
[4.3810847],[1.01246516],[3.21705804]
[4.41623626],[1.00879069],[3.23400726]
[4.34255255],[1.01481017],[3.19008429]
[4.38847922],[1.01195128],[3.2180439]
[4.34657094],[1.01747431],[3.19785209]
[4.38612435],[1.01517619],[3.21717724]
[4.30517614],[1.02055041],[3.19686703]
[4.31832304],[1.02196539],[3.188928]
[4.21930285],[1.02328979],[3.1507245]
[4.24731185],[1.02457157],[3.15431649]
[4.12489454],[1.02600709],[3.09743068]
[4.07547826],[1.02782376],[3.07975023]
[4.05518938],[1.02764816],[3.06806891]
[4.03683099],[1.02773509],[3.05847602]
[4.01685668],[1.02790758],[3.03702591]
[3.99246055],[1.0278649],[3.00167502]
[3.95149846],[1.02785957],[2.95852555]
[3.89577664],[1.02765846],[2.91033779]
[3.86483122],[1.02743803],[2.87135201]
[3.83693262],[1.02717663],[2.82866345]
[3.80819687],[1.02414151],[2.7861623]
[3.77197288],[1.02031293],[2.73530163]
[3.733659],[1.01645927],[2.68789511]
[3.68994491],[1.01337202],[2.62883616]
[3.63339063],[1.01094447],[2.55676599]
[3.57015715],[1.00823973],[2.48116737]
[3.51831922],[1.00309972],[2.41288186]
[8.10220362],[2.02879346],[11.66802914]
[6.14844154],[1.74190606],[6.40620607]
[3.54437497],[1.5012572],[3.40548605]
[1.91462886],[1.17183063],[1.53273011]
[1.93165346],[0.46060127],[0.45764201]
[2.03941624],[0.67721007],[0.85732689]
[1.82463185],[0.95921877],[1.37306012]
[3.11438772],[1.22699472],[2.57362885]
[3.89245218],[1.29339565],[3.16548393]
[3.97921498],[1.29721034],[3.11043419]
[4.22924185],[1.23677508],[3.29806321]
[4.26544464],[1.19024428],[3.23531694]
[4.45721264],[1.15584871],[3.38662957]
[4.47424294],[1.12655506],[3.28588235]
[4.57572168],[1.11434363],[3.41725859]
[4.58022777],[1.09781939],[3.33203634]
[4.61602948],[1.07563953],[3.41758872]
[4.63329274],[1.08493757],[3.35863747]
[4.61162159],[1.06681225],[3.3975861]
[4.61658901],[1.07742982],[3.36499919]
[4.58067147],[1.06465425],[3.44781865]
[4.58827228],[1.07159683],[3.45255411]
[4.56137242],[1.05584525],[3.49751524]
[4.59465135],[1.05555825],[3.49862044]
[4.58567693],[1.04302837],[3.47624454]
[4.55526451],[1.04496409],[3.4581953]
[4.49382521],[1.03467604],[3.40294272]
[4.49514166],[1.03511921],[3.4067447]
[4.44317632],[1.029459],[3.35796003]
[4.46283777],[1.02711808],[3.37966324]
[4.39704464],[1.02997889],[3.32367687]
[4.43338356],[1.02931403],[3.3599561]
[4.39345336],[1.03255362],[3.32694906]
[4.42691414],[1.03245781],[3.35465947]
[4.36701706],[1.03490628],[3.32954702]
[4.3723581],[1.03584581],[3.3290191]
[4.28466064],[1.03681394],[3.27847349]
[4.30421797],[1.03773332],[3.2815005]
[4.19661282],[1.0387629],[3.22060707]
[4.14941985],[1.03966587],[3.19669179]
[4.10564821],[1.03745736],[3.17016556]
[4.06886616],[1.03717442],[3.14699582]
[4.04888361],[1.03683994],[3.11680373]
[4.02512543],[1.03687999],[3.07689113]
[3.98292962],[1.03675356],[3.02483071]
[3.9265335],[1.03666805],[2.97136514]
[3.88074754],[1.03657972],[2.92894019]
[3.85450173],[1.0362229],[2.8878282]
[3.82612771],[1.03308849],[2.84665761]
[3.79284416],[1.02915935],[2.79733843]
[3.75682597],[1.02583804],[2.74660854]
[3.71888819],[1.02485896],[2.67965066]
[3.66877684],[1.02292929],[2.61361347]
[3.61149049],[1.02000474],[2.53947032]
[3.57229635],[1.01599929],[2.47756954]
[7.98149341],[2.04846497],[11.76602336]
[6.04312802],[1.77435699],[6.42174966]
[3.38860282],[1.5346203],[3.36534818]
[1.79616209],[1.18218963],[1.45301433]
[1.92214319],[0.4512718],[0.43487379]
[2.03007318],[0.6629071],[0.83390547]
[1.79416568],[0.94067993],[1.34408528]
[3.06468651],[1.22274503],[2.51087951]
[3.9107586],[1.28675779],[3.11274356]
[4.00157415],[1.27712352],[3.09876084]
[4.25136729],[1.2235625],[3.30300121]
[4.3138775],[1.18846076],[3.2830022]
[4.49542743],[1.16154494],[3.44375451]
[4.52808613],[1.13707812],[3.37698448]
[4.61649112],[1.12574867],[3.51017383]
[4.65566171],[1.106372],[3.44633333]
[4.67656229],[1.08712261],[3.519678]
[4.69511615],[1.0969428],[3.46536666]
[4.66659104],[1.07794782],[3.51761161]
[4.68802199],[1.09238278],[3.50716797]
[4.65859939],[1.08306547],[3.60059128]
[4.66500125],[1.09046959],[3.60498657]
[4.65178122],[1.07492083],[3.66827047]
[4.66067028],[1.07537526],[3.65486441]
[4.67000707],[1.06812362],[3.63292147]
[4.61871854],[1.0624613],[3.61471967]
[4.57144105],[1.05233353],[3.55284656]
[4.55536997],[1.05221902],[3.55493566]
[4.51398718],[1.04610981],[3.49851484]
[4.51742093],[1.044406],[3.51980368]
[4.46257052],[1.04682396],[3.45842186]
[4.48225874],[1.0464332],[3.49427673]
[4.44710106],[1.04924189],[3.45625525]
[4.47353722],[1.04936899],[3.48768202]
[4.4289317],[1.05125064],[3.46164664]
[4.4274201],[1.05221935],[3.46287862]
[4.35074383],[1.05316889],[3.40891323]
[4.36311051],[1.05409135],[3.41187991]
[4.2703432],[1.05501538],[3.34974452]
[4.22497224],[1.05572369],[3.32568675]
[4.18512604],[1.05081653],[3.29551093]
[4.14272686],[1.04615376],[3.25813752]
[4.09238316],[1.04536783],[3.20913517]
[4.06297144],[1.04444396],[3.16457]
[4.02471964],[1.04357818],[3.11130906]
[3.96190713],[1.0429292],[3.04790916]
[3.90449067],[1.04177103],[2.99448894]
[3.87527591],[1.04036535],[2.94704083]
[3.84707115],[1.03652939],[2.90061508]
[3.81618006],[1.03248519],[2.84815119]
[3.78289697],[1.02956463],[2.79574504]
[3.74857512],[1.02833385],[2.7234188]
[3.7055997],[1.02643203],[2.65999137]
[3.65857413],[1.02507864],[2.59629159]
[3.62578087],[1.02272148],[2.53614741]
[7.9425468],[2.06553845],[11.78185786]
[5.93138412],[1.78462187],[6.34442864]
[3.30290758],[1.53302308],[3.25651888]
[1.6518139],[1.16152558],[1.32238471]
[1.73544533],[0.37179401],[0.28039549]
[1.81493173],[0.54229838],[0.61280562]
[1.53622187],[0.90190767],[1.13659836]
[3.05018726],[1.15216106],[2.05427982]
[3.94011252],[1.1770575],[2.82517721]
[4.03994697],[1.17581568],[2.93070046]
[4.2752932],[1.15396729],[3.16939462]
[4.36126558],[1.14190372],[3.21384849]
[4.53122822],[1.12486445],[3.41158134]
[4.58274847],[1.10924296],[3.3884108]
[4.66487797],[1.0962016],[3.51999007]
[4.73637683],[1.08982608],[3.48956304]
[4.74222366],[1.07002811],[3.55088739]
[4.75669082],[1.08025697],[3.51845804]
[4.72652062],[1.06788703],[3.59482398]
[4.75346361],[1.08859767],[3.60947691]
[4.72438933],[1.08765294],[3.72482506]
[4.73375928],[1.09576468],[3.7297826]
[4.72602782],[1.10459168],[3.80605779]
[4.74803687],[1.11889523],[3.80157333]
[4.75057087],[1.11884116],[3.769575]
[4.70732006],[1.1173808],[3.77446619]
[4.64373769],[1.10456778],[3.68762408]
[4.62876211],[1.10298769],[3.70383362]
[4.57837198],[1.08704403],[3.63281448]
[4.57466218],[1.09272987],[3.66006243]
[4.52150587],[1.07285913],[3.58715196]
[4.53132078],[1.07912703],[3.62391387]
[4.49785534],[1.06492463],[3.58329217]
[4.51673333],[1.06766812],[3.61498285]
[4.48014691],[1.06615891],[3.58848993]
[4.48095447],[1.06708811],[3.594596]
[4.41333738],[1.06796617],[3.5407096]
[4.41889491],[1.06865563],[3.5425981]
[4.33847198],[1.0694277],[3.48069469]
[4.29453861],[1.07009381],[3.45673194]
[4.25925002],[1.06494043],[3.42662702]
[4.22175347],[1.05902091],[3.38310014]
[4.1683634],[1.05393176],[3.32123947]
[4.11950876],[1.05294123],[3.26111178]
[4.06046318],[1.05211266],[3.19779302]
[4.0058656],[1.0509015],[3.13497801]
[3.94677701],[1.04926685],[3.07322332]
[3.90720329],[1.04692511],[3.01731193]
[3.88015416],[1.04182446],[2.96934263]
[3.84877916],[1.03691255],[2.9144377]
[3.81420229],[1.03350787],[2.85935319]
[3.78058417],[1.03112797],[2.77935301]
[3.73827666],[1.02867219],[2.70439141]
[3.69499392],[1.02732378],[2.64058975]
[3.66832521],[1.02597799],[2.58228453]
[7.28988231],[2.07773029],[11.36510238]
[5.57017556],[1.79660903],[6.12404986]
[3.03076981],[1.53354308],[3.07424433]
[1.12117134],[1.13378046],[0.91080654]
[1.7722738],[0.39307984],[0.31899012]
[1.83837867],[0.54383048],[0.63661026]
[1.54309015],[0.94916109],[1.24732683]
[3.15546303],[1.16523904],[2.2286729]
[3.97576258],[1.19747035],[2.93103912]
[4.10897787],[1.19725529],[3.04855171]
[4.32738727],[1.18094558],[3.29674612]
[4.41162463],[1.16673041],[3.3565679]
[4.55942868],[1.15145847],[3.5409122]
[4.63166788],[1.1372037],[3.53542568]
[4.69403289],[1.11888214],[3.64188692]
[4.78171472],[1.10962076],[3.6225345]
[4.78397132],[1.08933625],[3.69594647]
[4.82729949],[1.10368713],[3.69524291]
[4.80616068],[1.09493759],[3.78254291]
[4.82913355],[1.11448561],[3.80295876]
[4.81401438],[1.12189144],[3.94620395]
[4.82144665],[1.13400553],[3.96660581]
[4.842859],[1.16042894],[4.05459365]
[4.82893025],[1.178033],[4.04162221]
[4.85759673],[1.17384521],[4.01966451]
[4.78679405],[1.17759123],[4.02002276]
[4.75832212],[1.16022645],[3.93546457]
[4.71198221],[1.16175538],[3.93886413]
[4.67847331],[1.14197173],[3.85696239]
[4.65578253],[1.14569907],[3.87586155]
[4.60627051],[1.12712197],[3.78909923]
[4.60405969],[1.13062094],[3.81981723]
[4.56861115],[1.11748693],[3.7698195]
[4.58195644],[1.11714272],[3.79149976]
[4.52650059],[1.10386363],[3.74144088]
[4.52433427],[1.10209705],[3.74538546]
[4.44930988],[1.0899639],[3.67791921]
[4.45867289],[1.08835565],[3.68606809]
[4.37502519],[1.08920819],[3.61567768]
[4.32503702],[1.09162759],[3.58837589]
[4.28902965],[1.08769405],[3.5520494]
[4.25061852],[1.0747217],[3.50037473]
[4.20440954],[1.06823746],[3.43335073]
[4.15384819],[1.06272852],[3.36151376]
[4.07485314],[1.06003299],[3.28752546]
[4.02520728],[1.05887038],[3.22152547]
[3.97334633],[1.05769777],[3.16053496]
[3.94392998],[1.05505668],[3.10422702]
[3.91312314],[1.0497795],[3.04748938]
[3.88315251],[1.04491135],[2.99289204]
[3.85095481],[1.04142126],[2.93879465]
[3.82050893],[1.03787517],[2.85698572]
[3.78037326],[1.03454768],[2.76650711]
[3.73471732],[1.03148099],[2.6964991]
[3.70295823],[1.02881493],[2.63520035]
[7.22249955],[2.08781669],[11.47905254]
[5.45410059],[1.80620874],[6.13078978]
[2.91969425],[1.52451099],[3.04465729]
[1.1312101],[1.13515933],[0.79241072]
[1.81728227],[0.4231938],[0.36547216]
[1.87112709],[0.56345768],[0.67335097]
[1.55851565],[0.98665654],[1.35865163]
[3.1903387],[1.18312828],[2.31058842]
[4.00959212],[1.21622158],[3.01231599]
[4.14085366],[1.21758503],[3.13606935]
[4.35323021],[1.20081361],[3.39155491]
[4.45791327],[1.1811692],[3.4730782]
[4.59145499],[1.17011005],[3.64253864]
[4.68229461],[1.15418736],[3.65494468]
[4.75225868],[1.13607271],[3.76474698]
[4.85730814],[1.12579174],[3.76411759]
[4.86372512],[1.10888079],[3.86606016]
[4.88863917],[1.13007932],[3.87552801]
[4.86627477],[1.12044256],[3.98179232]
[4.89327488],[1.16503715],[4.04811433]
[4.88113201],[1.20093185],[4.20470281]
[4.92275146],[1.21172726],[4.26834679]
[4.96472824],[1.22320301],[4.36527878]
[4.91270643],[1.24270776],[4.32524928]
[4.9646689],[1.23540925],[4.32978493]
[4.86033278],[1.23768249],[4.29715797]
[4.86075018],[1.22334445],[4.22554911]
[4.78229652],[1.22125171],[4.20883367]
[4.77426596],[1.20463145],[4.13759504]
[4.72280383],[1.20510855],[4.13911284]
[4.69698557],[1.18933071],[4.06254175]
[4.66843381],[1.18977393],[4.07704242]
[4.64207969],[1.17801682],[4.0295778]
[4.64401049],[1.17588769],[4.03933251]
[4.60808407],[1.16395832],[4.00178891]
[4.59535025],[1.16073187],[3.98767298]
[4.53800906],[1.15734738],[3.92738995]
[4.53641966],[1.15734048],[3.92102013]
[4.46606131],[1.1574442],[3.84303894]
[4.42117735],[1.15748698],[3.8081188]
[4.38635728],[1.14973536],[3.76286173]
[4.34890878],[1.12826124],[3.70045905]
[4.30282606],[1.10006685],[3.61965485]
[4.25156306],[1.08298334],[3.53527321]
[4.15991737],[1.07801705],[3.43723249]
[4.0635036],[1.07286383],[3.35060592]
[4.0125659],[1.06836563],[3.28368105]
[3.98363468],[1.06545492],[3.22421261]
[3.95793925],[1.06053448],[3.16944321]
[3.92440407],[1.05735232],[3.10652369]
[3.89443163],[1.0545047],[3.0544496]
[3.86577085],[1.05099287],[2.96265119]
[3.8286455],[1.04688724],[2.85774244]
[3.78797025],[1.04294076],[2.78644712]
[3.76009378],[1.03963966],[2.7248692]
[7.06489923],[2.10978674],[11.6360684]
[5.34559187],[1.83686683],[6.14772044]
[2.78318423],[1.5593279],[2.99530225]
[1.07302914],[1.12795517],[0.5930843]
[1.81725709],[0.43184736],[0.34966654]
[1.86817289],[0.57893697],[0.6677091]
[1.50874777],[1.01836678],[1.41894266]
[3.20397077],[1.18664609],[2.35498305]
[4.04228465],[1.21048142],[3.05753337]
[4.18653194],[1.22162673],[3.19611448]
[4.38713503],[1.20702525],[3.44652704]
[4.50268486],[1.19336895],[3.57116823]
[4.62879602],[1.1840942],[3.73199914]
[4.73566043],[1.16345821],[3.75578815]
[4.80375102],[1.14565089],[3.86384142]
[4.92432685],[1.13827276],[3.90153544]
[4.93273347],[1.12792829],[4.01820193]
[4.95678738],[1.14907984],[4.04581709]
[4.94139375],[1.16223987],[4.18287668]
[4.96300641],[1.2234773],[4.27864869]
[4.95995041],[1.25647915],[4.43460231]
[5.01828691],[1.26700233],[4.53726651]
[5.07312737],[1.2782434],[4.64467283]
[4.98538677],[1.29610926],[4.59278804]
[5.05602018],[1.29101681],[4.64856831]
[4.92553936],[1.29371288],[4.5804359]
[4.95328972],[1.28066501],[4.52471677]
[4.84684131],[1.27726995],[4.47953144]
[4.86230445],[1.2623743],[4.41520883]
[4.78544325],[1.26058328],[4.38884627]
[4.78097726],[1.24710391],[4.32108419]
[4.72849771],[1.24456985],[4.30921307]
[4.71162424],[1.23383238],[4.27127737]
[4.7028757],[1.23067736],[4.26137701]
[4.67457526],[1.21974948],[4.23179754]
[4.65730662],[1.2150029],[4.21033667]
[4.61784275],[1.20868256],[4.15657847]
[4.60822911],[1.20678795],[4.143538]
[4.55866263],[1.20487711],[4.07167385]
[4.51983278],[1.2043527],[4.03608711]
[4.49303045],[1.19692101],[3.98928869]
[4.46633329],[1.17959815],[3.92768375]
[4.43401484],[1.14994893],[3.8448471]
[4.39840045],[1.12458272],[3.74551983]
[4.31679932],[1.09842003],[3.62811214]
[4.12191031],[1.08705256],[3.47563765]
[4.05274428],[1.08221505],[3.40326757]
[4.01972039],[1.07311772],[3.33461717]
[3.99876892],[1.06868471],[3.28005214]
[3.9721348],[1.06627693],[3.21558087]
[3.9418225],[1.06314215],[3.15584157]
[3.9124885],[1.0597975],[3.05781005]
[3.87971232],[1.05607942],[2.94984155]
[3.84367473],[1.05264912],[2.87799091]
[3.81645361],[1.04933493],[2.82183276]
[6.96397649],[2.1329629],[11.70500481]
[5.23101794],[1.85204135],[6.05297085]
[2.67569819],[1.55848233],[2.87827634]
[0.97952272],[1.07009145],[0.48467361]
[1.64331313],[0.35586255],[0.16490775]
[1.34822678],[0.16494622],[0.15232241]
[1.60805739],[0.90047122],[0.92586827]
[3.23488934],[1.09663846],[2.20520325]
[4.08639686],[1.15588195],[2.97221036]
[4.23218546],[1.18275245],[3.14406491]
[4.42516465],[1.17569331],[3.41044371]
[4.55556588],[1.16969963],[3.57470524]
[4.67348515],[1.16290415],[3.73993053]
[4.79749244],[1.14167936],[3.77879473]
[4.86119266],[1.12154996],[3.91427783]
[4.99666838],[1.133644],[3.988855]
[5.00585805],[1.12342553],[4.11964121]
[5.02231038],[1.16009786],[4.19205022]
[5.01139735],[1.20709416],[4.36540471]
[5.05304034],[1.26370727],[4.49196877]
[5.08065462],[1.29449714],[4.66730014]
[5.11070198],[1.30409338],[4.77374398]
[5.1692159],[1.32054401],[4.91796254]
[5.05958264],[1.33935796],[4.83133323]
[5.1401184],[1.33692043],[4.92504614]
[4.98660046],[1.33933834],[4.84296351]
[5.03432353],[1.32921686],[4.79727199]
[4.90433319],[1.32549493],[4.74646814]
[4.93758888],[1.31085855],[4.67924605]
[4.83996029],[1.30812934],[4.64720851]
[4.85278868],[1.29548214],[4.58184868]
[4.78356774],[1.29249571],[4.55922769]
[4.77397937],[1.28270133],[4.52029013]
[4.75584088],[1.2772733],[4.49710174]
[4.73151238],[1.26726975],[4.4702097]
[4.71301652],[1.26132043],[4.43620565]
[4.68140973],[1.25426641],[4.39231587]
[4.66715541],[1.25205118],[4.36101103]
[4.63167242],[1.2497894],[4.29051647]
[4.59513631],[1.24732288],[4.24779157]
[4.57418097],[1.24317502],[4.19983472]
[4.55398654],[1.22635355],[4.14056305]
[4.52980069],[1.19718708],[4.06013452]
[4.50346733],[1.17132851],[3.96215086]
[4.44610446],[1.14425428],[3.83019598]
[4.30466013],[1.11487211],[3.6659097]
[4.08718283],[1.095657],[3.52143253]
[4.04999232],[1.08362408],[3.44754043]
[4.03243375],[1.07719324],[3.3926349]
[4.01225117],[1.07601496],[3.32613929]
[3.98990703],[1.07322454],[3.26625188]
[3.96537416],[1.07014254],[3.17260057]
[3.93332836],[1.06665475],[3.05799996]
[3.90564232],[1.06338889],[2.9826092]
[3.88251142],[1.06011681],[2.92802036]
[7.02797107],[2.12894703],[11.23849843]
[3.96931633],[1.84262602],[5.49575547]
[2.21344335],[1.41777161],[2.05118249]
[0.87557454],[0.52274011],[0.21450509]
[1.69147118],[0.39030698],[0.21572574]
[1.66252737],[0.24319676],[0.28425595]
[1.74079104],[1.03023633],[1.14087453]
[3.30364683],[1.14364397],[2.41576151]
[4.11301957],[1.19375929],[3.10335596]
[4.27662285],[1.21396731],[3.28515944]
[4.4689309],[1.20312984],[3.54116095]
[4.59315056],[1.19861105],[3.70699579]
[4.71294831],[1.18842001],[3.87334814]
[4.82663877],[1.1635247],[3.91445433]
[4.8707362],[1.14373847],[4.062988]
[5.03145946],[1.16264166],[4.16342512]
[5.04003455],[1.1670264],[4.33189469]
[5.08644932],[1.22798878],[4.45979971]
[5.08692288],[1.27591502],[4.63398807]
[5.1487947],[1.32407758],[4.79962938]
[5.19002662],[1.34812609],[4.9802431]
[5.17706031],[1.35809388],[5.0782029]
[5.25479555],[1.36823628],[5.23953569]
[5.11138713],[1.38609294],[5.14084973]
[5.19719353],[1.38376034],[5.2451856]
[5.03479434],[1.38607085],[5.14947302]
[5.10484107],[1.3770883],[5.11779298]
[4.95955445],[1.37330925],[5.05215623]
[5.00154628],[1.36044345],[4.99232187]
[4.89095489],[1.35692647],[4.94518366]
[4.91324371],[1.34541444],[4.87882443]
[4.82784624],[1.34114569],[4.84480286]
[4.82318121],[1.3312028],[4.8008869]
[4.80253572],[1.32511467],[4.77239839]
[4.77955032],[1.31519156],[4.73230282]
[4.75300876],[1.30873152],[4.6892335]
[4.731432],[1.30282569],[4.63645366]
[4.71206001],[1.30012953],[4.60426542]
[4.6858447],[1.29710551],[4.53704952]
[4.65321156],[1.29680316],[4.49937851]
[4.63459506],[1.29641031],[4.45882739]
[4.61801646],[1.2844657],[4.40883052]
[4.59788079],[1.25985352],[4.3384156]
[4.5799927],[1.23317393],[4.2372272]
[4.54264769],[1.2067263],[4.10089748]
[4.44845624],[1.18032043],[3.93675587]
[4.30281236],[1.15688261],[3.76795456]
[4.14862461],[1.13453405],[3.62449514]
[4.07190743],[1.11327935],[3.53770832]
[4.05693748],[1.09210322],[3.46485161]
[4.03977696],[1.08381229],[3.3883039]
[4.02068566],[1.08066731],[3.29760509]
[3.99571185],[1.07771231],[3.18690169]
[3.96309329],[1.07451269],[3.08803958]
[3.94012429],[1.07132682],[3.02888799]
[7.13000416],[2.13592715],[11.26955082]
[3.94438558],[1.84155834],[5.41465434]
[2.3088015],[1.39973948],[2.00546271]
[0.90048834],[0.54478099],[0.22930401]
[1.77001443],[0.44255761],[0.29981709]
[1.75489941],[0.49795248],[0.5864474]
[1.83713827],[1.13509513],[1.31719966]
[3.33051077],[1.18312195],[2.54751758]
[4.15846115],[1.22719922],[3.22550551]
[4.32554123],[1.24148372],[3.41457013]
[4.51054646],[1.23211123],[3.67608463]
[4.64297799],[1.22667274],[3.85406922]
[4.75313767],[1.21075073],[4.00166226]
[4.88324128],[1.18954587],[4.07476877]
[4.94013218],[1.17112173],[4.24482989]
[5.09387206],[1.21255853],[4.4244086]
[5.10612542],[1.24944381],[4.62348066]
[5.16292737],[1.31134779],[4.78734269]
[5.18767545],[1.35263737],[4.97862008]
[5.2268104],[1.39451101],[5.14753686]
[5.27587688],[1.41172963],[5.34865639]
[5.2513507],[1.42139713],[5.45104857]
[5.32577409],[1.42082776],[5.60739409]
[5.19751138],[1.4350446],[5.4998054]
[5.30072669],[1.43214753],[5.63920522]
[5.13209615],[1.43594333],[5.56255698]
[5.22622245],[1.42599118],[5.5269583]
[5.05806444],[1.42273484],[5.46550134]
[5.11045611],[1.4090312],[5.37271946]
[4.97369851],[1.40655379],[5.33113254]
[5.00222542],[1.39614423],[5.23602051]
[4.89440574],[1.39143571],[5.19997839]
[4.90371782],[1.38383255],[5.14152409]
[4.85492215],[1.37886099],[5.11440325]
[4.84686861],[1.37349938],[5.08793223]
[4.79963558],[1.36937714],[5.053147]
[4.79104261],[1.36783595],[5.02023522]
[4.76336489],[1.36633965],[4.9957355]
[4.74913167],[1.36437975],[4.94232446]
[4.71903748],[1.36434994],[4.90595071]
[4.70649761],[1.36363153],[4.86557122]
[4.69671266],[1.35451703],[4.81545887]
[4.6855731],[1.33073002],[4.74839972]
[4.6736773],[1.30783205],[4.65320339]
[4.64863428],[1.28623105],[4.51052565]
[4.58964478],[1.26361841],[4.34920706]
[4.50221421],[1.24492297],[4.169209]
[4.39599473],[1.22432098],[3.99734711]
[4.29401646],[1.1932257],[3.84225722]
[4.14681399],[1.17266873],[3.68036547]
[4.08056842],[1.12294788],[3.56506257]
[4.06589214],[1.09721507],[3.45925746]
[4.04793737],[1.09385156],[3.34657768]
[4.02324843],[1.09069984],[3.24265558]
[3.99786782],[1.08753904],[3.15326844]
[7.19871034],[2.15132885],[11.38181228]
[3.96343214],[1.85935679],[5.3957]
[2.31048221],[1.38463809],[1.87954941]
[0.84486],[0.52823394],[0.20982007]
[1.80288555],[0.47215508],[0.30743198]
[1.79175329],[0.76928737],[0.72534716]
[1.8712051],[1.16189566],[1.43791908]
[3.32746124],[1.20475732],[2.60956783]
[4.19037359],[1.24499838],[3.30418601]
[4.36061132],[1.25811564],[3.50461251]
[4.54386848],[1.25120081],[3.77195064]
[4.68149055],[1.24421017],[3.96114655]
[4.78825415],[1.22983268],[4.11699128]
[4.93582464],[1.21332352],[4.22481865]
[5.00103886],[1.21880794],[4.44844529]
[5.14864277],[1.27729921],[4.66639837]
[5.16536755],[1.31751759],[4.88303713]
[5.23996885],[1.372917],[5.09571719]
[5.27195772],[1.41111384],[5.30855238]
[5.29281138],[1.45176146],[5.47593296]
[5.34624509],[1.46791013],[5.68498827]
[5.30427985],[1.4770904],[5.79475064]
[5.41832496],[1.47789975],[5.95858285]
[5.33805163],[1.48391659],[5.9229373]
[5.45906415],[1.48317012],[6.07131671]
[5.31269944],[1.48630319],[5.96208153]
[5.41135217],[1.48022943],[5.98136579]
[5.26478135],[1.47656926],[5.92638863]
[5.29298609],[1.46697713],[5.85285228]
[5.15287039],[1.46412481],[5.79360383]
[5.16388956],[1.45739173],[5.71688226]
[5.04269911],[1.45229797],[5.67790241]
[5.08036515],[1.44695563],[5.64040024]
[4.98607911],[1.44148022],[5.60728998]
[5.0121918],[1.44046757],[5.58004223]
[4.90323554],[1.43536926],[5.53073297]
[4.94306132],[1.43281589],[5.49401835]
[4.86731575],[1.43033328],[5.45951133]
[4.88547663],[1.4272097],[5.39770063]
[4.83043145],[1.4264139],[5.34171916]
[4.81533977],[1.42484027],[5.28916102]
[4.8048428],[1.41716136],[5.23428962]
[4.7917967],[1.39536555],[5.16526491]
[4.78269123],[1.37443782],[5.08085686]
[4.76597411],[1.35664405],[4.95164406]
[4.70456213],[1.33613607],[4.76227096]
[4.63816636],[1.32010841],[4.59518808]
[4.56724321],[1.3010939],[4.43345414]
[4.50287006],[1.26473884],[4.26718396]
[4.41616061],[1.24074735],[4.06337754]
[4.31442495],[1.18978536],[3.86199009]
[4.18307363],[1.11848701],[3.66740049]
[4.09220343],[1.10535103],[3.51140103]
[4.0739141],[1.10223372],[3.39640559]
[4.05259568],[1.09910757],[3.28434193]
[7.23857628],[2.17788733],[11.4019748]
[3.93940788],[1.88132785],[5.26628275]
[2.25875641],[1.37442868],[1.75269396]
[0.76573737],[0.50084249],[0.18328826]
[0.69392363],[0.36164302],[0.12370276]
[1.0644908],[0.19649389],[0.33898216]
[1.93249871],[1.04742477],[1.27631655]
[3.34392424],[1.15783808],[2.50611291]
[4.22399896],[1.21276411],[3.24835603]
[4.39568403],[1.23151101],[3.47785917]
[4.57714959],[1.23002605],[3.75790526]
[4.71491814],[1.22551202],[3.96347529]
[4.82143462],[1.21531537],[4.14701103]
[4.98261095],[1.22221862],[4.28473659]
[5.04734269],[1.26054704],[4.60265372]
[5.20575503],[1.31739768],[4.85449512]
[5.23876906],[1.36110652],[5.11800174]
[5.30178251],[1.41456194],[5.36588761]
[5.33893641],[1.45448931],[5.59539239]
[5.34974964],[1.49922384],[5.77555271]
[5.40579398],[1.52316423],[5.99778378]
[5.36910791],[1.52936424],[6.13646738]
[5.56473059],[1.5323461],[6.3672348]
[5.50732968],[1.53283982],[6.37281437]
[5.61020007],[1.53658309],[6.55778754]
[5.47523371],[1.54219749],[6.46393999]
[5.56692283],[1.54872027],[6.57018423]
[5.43672736],[1.53157515],[6.5000575]
[5.47567913],[1.52313726],[6.44630127]
[5.35110181],[1.51893447],[6.37721355]
[5.36882537],[1.51286178],[6.30537892]
[5.27210078],[1.50644706],[6.24559028]
[5.2831375],[1.50478745],[6.19538932]
[5.22201166],[1.49890547],[6.1456586]
[5.21786344],[1.49894111],[6.11454924]
[5.15025991],[1.49353093],[6.04348724]
[5.15396195],[1.49042964],[6.00859328]
[5.09680902],[1.48730762],[5.94693426]
[5.10556036],[1.48364595],[5.9092662]
[5.04188376],[1.48210047],[5.82433297]
[5.01129606],[1.4799176],[5.76419012]
[4.9936967],[1.47338227],[5.70337875]
[4.9714797],[1.45259216],[5.63558656]
[4.95793701],[1.43579464],[5.5619767]
[4.94166502],[1.41863123],[5.43166213]
[4.85958964],[1.39878079],[5.20534812]
[4.77873057],[1.38181543],[5.01559949]
[4.68530062],[1.36364826],[4.81715879]
[4.63906958],[1.33190068],[4.65222964]
[4.58131002],[1.30266405],[4.48735169]
[4.51569728],[1.24637209],[4.29210519]
[4.43322805],[1.20022399],[4.06383351]
[4.30964475],[1.15256616],[3.79398321]
[4.18002402],[1.12137565],[3.59929193]
[4.12515224],[1.10994474],[3.44492005]
[7.29338025],[2.17005301],[10.62859874]
[3.94715722],[1.82879862],[4.64919791]
[2.21761636],[1.12460618],[1.37789179]
[0.72097389],[0.40850718],[0.14168967]
[0.68801026],[0.36697534],[0.12446961]
[1.07520493],[0.30761737],[0.41327181]
[1.96452733],[1.09999347],[1.35619108]
[3.36312471],[1.18517012],[2.59401911]
[4.20591685],[1.23994275],[3.31612427]
[4.368235],[1.25389871],[3.53295597]
[4.55323472],[1.25176717],[3.81749903]
[4.67725597],[1.24983114],[4.02597821]
[4.79665487],[1.24059199],[4.23910304]
[4.95314869],[1.27644374],[4.41858366]
[5.01793356],[1.32243399],[4.78529962]
[5.21032781],[1.38102999],[5.08932902]
[5.24695787],[1.42961733],[5.39899235]
[5.32631368],[1.48703373],[5.70244337]
[5.36991087],[1.53335902],[5.96957393]
[5.36998081],[1.57903106],[6.17686758]
[5.44495565],[1.60317154],[6.41538228]
[5.42267027],[1.60489121],[6.6146802]
[5.67731038],[1.61703863],[6.94781527]
[5.60789168],[1.62232058],[6.9799044]
[5.71282384],[1.64229419],[7.2068186]
[5.58484156],[1.65207706],[7.1282576]
[5.66884842],[1.68295471],[7.24850555]
[5.55367329],[1.69354491],[7.20040012]
[5.59790161],[1.67512079],[7.14419806]
[5.48985938],[1.66046027],[7.06660073]
[5.50803642],[1.64187248],[6.97383143]
[5.41781512],[1.62505724],[6.89300125]
[5.41729071],[1.60053235],[6.80286645]
[5.38281205],[1.59262753],[6.75701734]
[5.3651395],[1.56662404],[6.70783102]
[5.32622032],[1.56046121],[6.63243235]
[5.31237246],[1.54572697],[6.57720533]
[5.28305951],[1.54260701],[6.5077974]
[5.27249857],[1.53935191],[6.46305951]
[5.23794925],[1.53777905],[6.37327089]
[5.20398367],[1.53656513],[6.30210932]
[5.18618889],[1.53215336],[6.23270662]
[5.16760117],[1.51487259],[6.15769755]
[5.15589536],[1.49820545],[6.07606263]
[5.14324741],[1.48086173],[5.94575211]
[5.09331703],[1.46209257],[5.74961517]
[5.01000584],[1.44785923],[5.52889794]
[4.89656449],[1.43217023],[5.301825]
[4.79327991],[1.39992874],[5.07623254]
[4.70562425],[1.35617578],[4.86725515]
[4.66309716],[1.31489226],[4.68220355]
[4.60932047],[1.27765419],[4.48535954]
[4.53216605],[1.23403046],[4.17681858]
[4.44370179],[1.19359425],[3.96188029]
[4.32934772],[1.15063566],[3.74199175]
[7.43138079],[2.19154364],[10.77346846]
[4.01082803],[1.83801873],[4.6309045]
[2.23985582],[1.11018701],[1.38901208]
[0.7464602],[0.41920731],[0.15075039]
[0.66105523],[0.35148135],[0.11441289]
[0.99405572],[0.31440735],[0.37962791]
[1.97292072],[1.09776394],[1.35605359]
[3.35466672],[1.18825187],[2.59094979]
[4.2077392],[1.24521307],[3.34243236]
[4.37099912],[1.2622279],[3.56569837]
[4.55784164],[1.26524768],[3.86091485]
[4.68662426],[1.27123544],[4.09134627]
[4.80379748],[1.2694118],[4.32379415]
[4.96472602],[1.33486016],[4.62870785]
[5.03572527],[1.38431688],[4.98935332]
[5.24776871],[1.45136807],[5.36173542]
[5.29104129],[1.49924124],[5.70549157]
[5.3568901],[1.55616972],[6.01434847]
[5.4034534],[1.59886509],[6.29897131]
[5.39251992],[1.63920232],[6.50834943]
[5.50427386],[1.65499486],[6.80290342]
[5.54388062],[1.65860283],[7.04680611]
[5.75097961],[1.70028938],[7.41747978]
[5.67209049],[1.71513365],[7.49214056]
[5.76896448],[1.74100213],[7.74095545]
[5.63910401],[1.7609014],[7.69697156]
[5.71720816],[1.78111282],[7.78993638]
[5.61406494],[1.78757969],[7.75069083]
[5.65076781],[1.77035645],[7.67606049]
[5.5642204],[1.75727393],[7.62111406]
[5.56418515],[1.74274973],[7.50912701]
[5.49352888],[1.73115783],[7.45871834]
[5.47723937],[1.71508446],[7.34307124]
[5.46150642],[1.70856866],[7.33724999]
[5.43063646],[1.68893219],[7.27726705]
[5.40687214],[1.68527821],[7.20675811]
[5.38273281],[1.65834224],[7.14352799]
[5.36768946],[1.65939191],[7.08057311]
[5.35010415],[1.64637115],[7.02856943]
[5.32738551],[1.63280172],[6.93656651]
[5.2958956],[1.61891235],[6.83771554]
[5.28174259],[1.60320315],[6.76151241]
[5.26760928],[1.58959389],[6.68862686]
[5.25811758],[1.57275632],[6.6158884]
[5.24641191],[1.54252399],[6.48183393]
[5.20822808],[1.52667532],[6.28863422]
[5.15081975],[1.51539972],[6.05759489]
[5.074898],[1.50233957],[5.84407669]
[4.97503071],[1.47345862],[5.65073164]
[4.84262883],[1.43448007],[5.42656817]
[4.75908764],[1.39942736],[5.19023218]
[4.70393537],[1.36565132],[4.93458752]
[4.64865964],[1.32668565],[4.65798461]
[4.58928681],[1.29152059],[4.39845353]
[4.50208621],[1.25400516],[4.15835168]
[7.51443905],[2.21724075],[10.96819204]
[4.01289136],[1.86546952],[4.6535736]
[2.18494389],[1.14044879],[1.36901155]
[0.69282023],[0.40845098],[0.13593168]
[0.52850635],[0.30693803],[0.07963895]
[0.81855658],[0.3019809],[0.23337593]
[1.9735121],[1.07835186],[1.33702366]
[3.34457249],[1.18589911],[2.56832607]
[4.18397501],[1.24390393],[3.34899618]
[4.37666228],[1.25743853],[3.57542115]
[4.56522061],[1.26607074],[3.87540935]
[4.6982991],[1.27403168],[4.12259624]
[4.81704793],[1.30155708],[4.40798987]
[4.98736239],[1.36959512],[4.76413189]
[5.07993425],[1.42810317],[5.15488013]
[5.28632699],[1.50264297],[5.56030916]
[5.33327324],[1.55425267],[5.94564108]
[5.38545462],[1.61068353],[6.26282066]
[5.43395501],[1.64576114],[6.54739524]
[5.41611323],[1.68191181],[6.79301483]
[5.58564742],[1.69645769],[7.17651815]
[5.63688952],[1.72241578],[7.45240955]
[5.80980281],[1.80058521],[7.88698138]
[5.72877317],[1.83116548],[8.02368611]
[5.82141215],[1.85049858],[8.28979406]
[5.69838758],[1.86381596],[8.24180734]
[5.76188526],[1.87729021],[8.33134946]
[5.6986017],[1.88111258],[8.337663]
[5.71839857],[1.86344794],[8.25662807]
[5.656944],[1.84806301],[8.19862393]
[5.62957783],[1.83102007],[8.05282128]
[5.58463573],[1.81708551],[7.98910306]
[5.55174654],[1.8036436],[7.84930875]
[5.5542746],[1.79583305],[7.85171841]
[5.50643204],[1.77963212],[7.78188527]
[5.50219337],[1.77518715],[7.71662773]
[5.45585546],[1.7547684],[7.63805045]
[5.46702051],[1.75356594],[7.58439692]
[5.42447594],[1.74380005],[7.5136244]
[5.42684088],[1.73338312],[7.44081334]
[5.37727505],[1.72210707],[7.32448445]
[5.36262511],[1.70844408],[7.23791156]
[5.34712729],[1.69665928],[7.15307654]
[5.33756458],[1.68260411],[7.07151575]
[5.32665011],[1.61997014],[6.93718396]
[5.29539943],[1.56847692],[6.73833988]
[5.25011319],[1.55665637],[6.45649317]
[5.19571704],[1.54379674],[6.2281611]
[5.11624097],[1.51581898],[6.01979481]
[5.007883],[1.48246615],[5.79880464]
[4.89229748],[1.45238139],[5.57962611]
[4.78471104],[1.42157073],[5.33736942]
[4.7139526],[1.38274484],[5.03171419]
[4.66744247],[1.3466374],[4.7078557]
[4.59426135],[1.31007017],[4.44016979]
