meltWidth,meltDepth,meltArea
[2.10926243],[0.51770067],[0.7639749]
[2.25011432],[0.61928173],[0.96699247]
[2.34658853],[0.65688625],[1.05876497]
[2.45105626],[0.68770353],[1.1542889]
[2.69025611],[0.72478965],[1.29441488]
[2.90143542],[0.7442383],[1.42203207]
[3.05330415],[0.75183166],[1.5692681]
[3.14217211],[0.76115349],[1.62036589]
[3.16412623],[0.75822696],[1.69135072]
[3.17924735],[0.75065672],[1.68912728]
[3.18078248],[0.74092251],[1.7281097]
[3.18410064],[0.73666943],[1.70807227]
[3.18925204],[0.73091044],[1.74810279]
[3.18922811],[0.73100019],[1.7302166]
[3.19222866],[0.72096878],[1.76082887]
[3.19526716],[0.73169786],[1.74880615]
[3.19441435],[0.72289724],[1.77473628]
[3.41103541],[0.72900697],[1.82429803]
[3.32786681],[0.7234246],[1.81679613]
[3.52766843],[0.72320096],[1.9111096]
[3.50640909],[0.72575748],[1.92819159]
[3.59009691],[0.72619732],[1.9828467]
[3.56485517],[0.74132285],[2.00029402]
[3.60750805],[0.73446236],[2.02402885]
[3.61062832],[0.75894739],[2.06779087]
[3.62253695],[0.76590958],[2.08241744]
[3.66792972],[0.7848393],[2.13409922]
[3.65693055],[0.80338696],[2.16221678]
[3.69454821],[0.81387574],[2.19196558]
[3.6786856],[0.83172092],[2.21306248]
[3.68731239],[0.84739522],[2.23043387]
[3.68421297],[0.86247571],[2.25654607]
[3.68280719],[0.87795116],[2.27651224]
[3.69021203],[0.88945179],[2.29536209]
[3.70077623],[0.90097074],[2.3075591]
[3.71382798],[0.91320152],[2.31869869]
[3.70712647],[0.92606732],[2.32239295]
[3.68761694],[0.93883275],[2.32108054]
[3.6723116],[0.95182869],[2.32158043]
[3.65847637],[0.96595272],[2.32344601]
[3.64904327],[0.97689644],[2.32403484]
[3.64495743],[0.98213307],[2.32996671]
[3.64188486],[0.98756176],[2.33780897]
[3.63722148],[0.98425302],[2.33400398]
[3.63250907],[0.9817511],[2.33035992]
[3.62874521],[0.97925245],[2.33447973]
[3.62136289],[0.97912371],[2.34634397]
[3.61835792],[0.97917846],[2.37256574]
[3.62165376],[0.98365934],[2.43766792]
[3.38473186],[0.99453862],[2.44441149]
[2.63036991],[1.00864328],[1.89957592]
[1.87996875],[1.00694273],[1.16086026]
[1.13677709],[0.72417199],[0.51984305]
[0.],[0.],[0.]
[2.1078107],[0.47309611],[0.59658757]
[2.69842695],[0.58460212],[1.1160069]
[2.9236593],[0.65007812],[1.37539914]
[3.05382629],[0.70293541],[1.57343766]
[3.14741174],[0.74057823],[1.66800503]
[3.21496759],[0.7646314],[1.79305481]
[3.26964864],[0.78218975],[1.85562655]
[3.37261933],[0.79779943],[1.95719507]
[3.46189956],[0.7923325],[1.97251782]
[3.43419318],[0.78653239],[2.01649371]
[3.46673425],[0.78349504],[2.00860431]
[3.4181779],[0.78075417],[2.03702496]
[3.64308623],[0.77847321],[2.11345004]
[3.50191564],[0.77499782],[2.07413102]
[3.73935884],[0.77277297],[2.19012027]
[3.69430233],[0.77784961],[2.16796192]
[3.79438046],[0.78012461],[2.25580003]
[3.77606717],[0.7825272],[2.24508443]
[3.83871456],[0.78766468],[2.32223662]
[3.84703692],[0.79287577],[2.33164505]
[3.88122028],[0.79646175],[2.39171083]
[3.89179351],[0.8004392],[2.41434173]
[3.90673239],[0.80410545],[2.45316364]
[3.92585292],[0.80789875],[2.48038341]
[3.94728064],[0.81209128],[2.49970304]
[4.0030035],[0.81841],[2.55123303]
[4.02131953],[0.82359549],[2.56189063]
[4.15823094],[0.82980917],[2.64021281]
[4.2020493],[0.83527368],[2.67539768]
[4.32885337],[0.83958329],[2.75010855]
[4.34369405],[0.8428918],[2.77555377]
[4.39899041],[0.84474319],[2.82548086]
[4.37844886],[0.84653074],[2.81052143]
[4.35968199],[0.84560811],[2.80966397]
[4.35318376],[0.84349082],[2.8036379]
[4.34800283],[0.84099296],[2.8003742]
[4.34773488],[0.83858902],[2.79807721]
[4.33870564],[0.83608993],[2.78752279]
[4.33174471],[0.834129],[2.77776278]
[4.32785067],[0.83204501],[2.77247843]
[4.31664234],[0.83108977],[2.76209826]
[4.30199065],[0.83180842],[2.75049262]
[4.29056896],[0.83159555],[2.74361709]
[4.28528145],[0.831206],[2.74175584]
[4.26755506],[0.83078013],[2.73430386]
[4.25265891],[0.83060633],[2.725751]
[4.24703359],[0.83375944],[2.72506586]
[4.23297152],[0.83759168],[2.72287042]
[4.21391119],[0.85026375],[2.72837837]
[4.20178256],[0.8681411],[2.74571057]
[3.96369291],[0.88571885],[2.69239002]
[3.19781242],[0.93028816],[2.17090281]
[2.43544503],[0.97758658],[1.53998785]
[1.68250083],[0.85831971],[0.87244702]
[0.],[0.],[0.]
[2.38249201],[0.52554809],[0.71959807]
[2.93581849],[0.63277311],[1.33377664]
[3.12743333],[0.68558396],[1.52935751]
[3.23402453],[0.72996401],[1.71804579]
[3.29362854],[0.7475598],[1.78603883]
[3.34971422],[0.76480839],[1.91309329]
[3.48688507],[0.78015813],[1.97948344]
[3.55342537],[0.78842593],[2.06189958]
[3.60462509],[0.79246045],[2.07562475]
[3.58138478],[0.79576293],[2.1240301]
[3.60671958],[0.80121799],[2.12475104]
[3.59201083],[0.80899688],[2.1659897]
[3.72237285],[0.81474939],[2.20662563]
[3.60766737],[0.81835844],[2.20822447]
[3.82951588],[0.8240106],[2.30443288]
[3.75367714],[0.82872717],[2.29296095]
[3.93546675],[0.83479568],[2.445565]
[3.95734329],[0.8433398],[2.49134913]
[4.03308933],[0.8507414],[2.62821458]
[4.06745352],[0.85852695],[2.67752602]
[4.08312679],[0.86486965],[2.741443]
[4.11777631],[0.87069387],[2.79684789]
[4.17107843],[0.8752484],[2.84535984]
[4.35295961],[0.88011405],[2.93717679]
[4.43432836],[0.88612354],[2.98968001]
[4.51299727],[0.89345429],[3.07994838]
[4.56889652],[0.89971788],[3.12215249]
[4.69296221],[0.90705181],[3.22712612]
[4.66776488],[0.91352296],[3.2565052]
[4.74123756],[0.920258],[3.30187758]
[4.68741543],[0.92316017],[3.28617702]
[4.69885775],[0.92523113],[3.30866337]
[4.69845862],[0.92727138],[3.29418567]
[4.67724044],[0.92618422],[3.28601083]
[4.67608767],[0.92366776],[3.27486796]
[4.67215096],[0.92065641],[3.26601165]
[4.67050664],[0.91786606],[3.25770397]
[4.66317225],[0.91487602],[3.24048429]
[4.65842949],[0.91200263],[3.22744103]
[4.65167455],[0.90825809],[3.21823609]
[4.63240908],[0.90488203],[3.20236085]
[4.6206011],[0.90196538],[3.18794403]
[4.60897097],[0.89872155],[3.17763259]
[4.59958224],[0.89600837],[3.17044395]
[4.58411724],[0.89349036],[3.15641148]
[4.56990288],[0.8901733],[3.14144144]
[4.55884909],[0.88477857],[3.12888578]
[4.5382841],[0.88079832],[3.10980424]
[4.52060972],[0.87881052],[3.08602614]
[4.50572068],[0.87713317],[3.06847468]
[4.20328821],[0.87593326],[2.94886445]
[3.43756063],[0.87566889],[2.32932131]
[2.67112425],[0.87857744],[1.66071708]
[1.90894346],[0.81760468],[1.01563012]
[0.21129846],[0.04880211],[0.00479014]
[2.70792757],[0.5629003],[0.94382108]
[3.03121822],[0.68380034],[1.48669402]
[3.19189908],[0.73106308],[1.6638084]
[3.28565034],[0.75669732],[1.85541919]
[3.38057945],[0.78604038],[1.93426929]
[3.50881571],[0.78750986],[2.07035719]
[3.62906162],[0.81174082],[2.1465228]
[3.67079913],[0.82031345],[2.22577074]
[3.71301162],[0.83069393],[2.24234083]
[3.73133811],[0.84856239],[2.30177954]
[3.78366208],[0.85480636],[2.32806537]
[3.83729731],[0.85929146],[2.39625772]
[3.95139902],[0.86455605],[2.50592145]
[3.936487],[0.87366475],[2.50381263]
[4.05706453],[0.8816351],[2.71024382]
[4.09206107],[0.89125177],[2.72494927]
[4.10888706],[0.90392721],[2.87423377]
[4.14937656],[0.91834662],[2.93066919]
[4.18922758],[0.931734],[3.01683466]
[4.30677932],[0.94447782],[3.10014279]
[4.46493107],[0.95268568],[3.19675563]
[4.63785704],[0.95969392],[3.34970457]
[4.75157287],[0.96549276],[3.465766]
[4.77345009],[0.97271598],[3.53093208]
[4.81720472],[0.98061493],[3.58568088]
[4.81072874],[0.98887941],[3.61154898]
[4.82865957],[0.99554798],[3.64315342]
[4.9115088],[1.00373804],[3.70012453]
[4.86673809],[1.00947814],[3.70647784]
[4.92664794],[1.01400374],[3.7401672]
[4.86698123],[1.01246436],[3.72274795]
[4.85514169],[1.01231734],[3.73710191]
[4.86547354],[1.01185946],[3.72682464]
[4.83971482],[1.01102243],[3.71754984]
[4.83989251],[1.00927939],[3.70784861]
[4.83635329],[1.00572202],[3.69829643]
[4.8337382],[1.00258463],[3.68883936]
[4.82911739],[0.99933431],[3.67041727]
[4.82397087],[0.99596349],[3.6578358]
[4.8236362],[0.99204978],[3.64953599]
[4.8136369],[0.98891996],[3.6351574]
[4.81228458],[0.98681849],[3.62311868]
[4.81141109],[0.98392905],[3.61498113]
[4.81198945],[0.98144279],[3.60951726]
[4.81188144],[0.97888462],[3.59563635]
[4.8093174],[0.97528825],[3.58092677]
[4.80386531],[0.96767884],[3.56390226]
[4.78908428],[0.95750807],[3.53593563]
[4.77808678],[0.94726504],[3.5022628]
[4.76847167],[0.93533198],[3.47234984]
[4.44212855],[0.93132935],[3.31799752]
[3.68798172],[0.92712637],[2.64043146]
[2.93284936],[0.92349283],[1.93288555]
[2.17710608],[0.85926938],[1.24825265]
[0.94128914],[0.22150988],[0.13865592]
[2.75357487],[0.54285114],[0.98546391]
[3.0376796],[0.65949784],[1.49211698]
[3.17460656],[0.73267837],[1.69760556]
[3.26534689],[0.77040903],[1.90623043]
[3.35883534],[0.80205114],[1.99362423]
[3.50566303],[0.81075486],[2.14587704]
[3.68192058],[0.84544521],[2.24152181]
[3.78436387],[0.86364714],[2.35828722]
[3.85083415],[0.87814079],[2.41247249]
[3.91341826],[0.88805827],[2.50850406]
[4.02482476],[0.90020536],[2.67327723]
[4.05837892],[0.90886971],[2.68647308]
[4.09517694],[0.92165006],[2.87708786]
[4.14670369],[0.94353793],[2.92266107]
[4.16050378],[0.96053248],[3.08323409]
[4.24462007],[0.9793962],[3.16336042]
[4.32779694],[0.99024102],[3.26568503]
[4.43051694],[0.99926876],[3.36679429]
[4.62535597],[1.00625489],[3.50409568]
[4.77123586],[1.01345034],[3.69897898]
[4.84869656],[1.01835262],[3.79036192]
[4.86543208],[1.02347771],[3.83578965]
[4.89951015],[1.0280365],[3.86306815]
[4.90216055],[1.03349455],[3.88486589]
[4.91889426],[1.03907561],[3.90206055]
[4.90703578],[1.04331593],[3.9181186]
[4.9122862],[1.04665292],[3.93292479]
[4.98651609],[1.0506708],[3.98500727]
[4.93663287],[1.05321727],[3.98284674]
[4.98482548],[1.05540009],[4.01169374]
[4.93766577],[1.05505407],[3.99855658]
[4.92003304],[1.05472664],[4.01128663]
[4.93549608],[1.05436535],[4.00104497]
[4.90949678],[1.05372326],[3.99139187]
[4.91091307],[1.05211386],[3.98481599]
[4.90882983],[1.04924913],[3.97720635]
[4.90719953],[1.04637223],[3.96912377]
[4.90564927],[1.04318078],[3.95225134]
[4.90233983],[1.03996922],[3.93986097]
[4.90274655],[1.03644359],[3.93266091]
[4.89680093],[1.03397903],[3.91996289]
[4.89998195],[1.0319486],[3.90651451]
[4.90211639],[1.02952694],[3.89465405]
[4.90331105],[1.02750518],[3.88434828]
[4.906195],[1.02595974],[3.86557178]
[4.91378058],[1.02431497],[3.84703255]
[4.92018895],[1.02105721],[3.82917234]
[4.9303007],[1.01658763],[3.80946926]
[4.93993775],[1.01125071],[3.78110254]
[4.95147641],[1.0054453],[3.7572297]
[4.61745478],[0.99755367],[3.57190209]
[3.88347046],[0.98694715],[2.82674135]
[3.14774905],[0.96386331],[2.08087578]
[2.41010569],[0.89586846],[1.37529206]
[1.4726021],[0.35134909],[0.35785172]
[2.84761173],[0.56734158],[1.16509071]
[3.09224281],[0.6813625],[1.58429884]
[3.19320824],[0.73897361],[1.76847834]
[3.27790344],[0.78158932],[1.96917325]
[3.36660657],[0.83397721],[2.08748905]
[3.56869711],[0.84847156],[2.25964337]
[3.93100483],[0.88002993],[2.49872805]
[3.95832818],[0.8932923],[2.54539921]
[4.08164182],[0.90386537],[2.79561609]
[4.09098965],[0.91641563],[2.81522952]
[4.12854763],[0.93715685],[2.99122593]
[4.16507195],[0.95864929],[3.04159712]
[4.18504997],[0.97121898],[3.18859611]
[4.24843853],[0.98586013],[3.24907859]
[4.33774574],[0.99836939],[3.36635572]
[4.43373548],[1.00833842],[3.45387141]
[4.64309041],[1.01547002],[3.6224197]
[4.77154049],[1.02366885],[3.78506396]
[4.86037796],[1.03079525],[3.91265214]
[4.89266873],[1.03645542],[3.95606707]
[4.93378698],[1.04116394],[3.99409908]
[4.94119913],[1.04485573],[4.01408872]
[4.9637706],[1.04962222],[4.04537439]
[4.9509603],[1.05443811],[4.04653662]
[4.97252631],[1.06010546],[4.07572205]
[4.95557877],[1.0668304],[4.0776248]
[4.96805518],[1.07074317],[4.10617997]
[5.05737707],[1.07745962],[4.16422611]
[4.98984859],[1.09439256],[4.15531685]
[5.05891581],[1.10265918],[4.21595721]
[4.99697955],[1.11381788],[4.19954902]
[4.96946],[1.11849377],[4.22472267]
[4.99302561],[1.12298051],[4.22086402]
[4.95809201],[1.12695684],[4.21769107]
[4.95936795],[1.12512608],[4.2157547]
[4.95535559],[1.11662485],[4.20570257]
[4.95237661],[1.10796047],[4.19323973]
[4.94884597],[1.09851885],[4.16948357]
[4.9448764],[1.0907966],[4.15130109]
[4.9373399],[1.08424226],[4.13560588]
[4.92239258],[1.07828447],[4.11359089]
[4.91381772],[1.07003432],[4.08870886]
[4.90863952],[1.0630473],[4.06892854]
[4.91218778],[1.05683278],[4.0552915]
[4.91698194],[1.05545954],[4.03186947]
[4.93183982],[1.05407181],[4.01345089]
[4.94883228],[1.05154294],[4.00249727]
[4.96521637],[1.04825771],[3.98563937]
[4.97527585],[1.04477979],[3.95509935]
[4.98511643],[1.04098644],[3.92815734]
[4.63168876],[1.03423891],[3.72413551]
[3.8989709],[1.02594468],[2.94433771]
[3.16135397],[1.00299761],[2.16023115]
[2.42550698],[0.92898176],[1.42531474]
[1.99757775],[0.42589928],[0.59580099]
[2.96001185],[0.58281832],[1.32677638]
[3.15465287],[0.66951927],[1.64735029]
[3.33963789],[0.74853806],[1.89579732]
[3.39303775],[0.79775226],[2.08779878]
[3.83629337],[0.84039572],[2.40320013]
[3.9438879],[0.85914298],[2.54718412]
[4.12995633],[0.89530872],[2.82126417]
[4.17355837],[0.92490916],[2.9016347]
[4.19913327],[0.94106676],[3.07706171]
[4.20862024],[0.95824958],[3.12503079]
[4.23299884],[0.97309641],[3.25334786]
[4.28507051],[0.98940833],[3.31583936]
[4.36226553],[1.00104172],[3.41650689]
[4.45065134],[1.0115633],[3.49368512]
[4.68499913],[1.02044133],[3.67059278]
[4.81330717],[1.02860288],[3.84848267]
[4.88845811],[1.03545945],[3.95141309]
[4.91350086],[1.04281606],[3.99891205]
[4.97461446],[1.04792273],[4.06642011]
[5.00227472],[1.05153707],[4.10965976]
[5.12130587],[1.06861523],[4.18518267]
[5.08943145],[1.08101693],[4.19898895]
[5.19273571],[1.09531717],[4.26386839]
[5.13722085],[1.11538621],[4.26102149]
[5.22289624],[1.13495885],[4.33840632]
[5.14924472],[1.14579653],[4.32877248]
[5.21281182],[1.16135843],[4.41567718]
[5.28116063],[1.1705204],[4.47546531]
[5.23565571],[1.18412897],[4.53110875]
[5.28686455],[1.19451124],[4.56374534]
[5.23722421],[1.20276016],[4.61820133]
[5.21836903],[1.20829873],[4.62029842]
[5.23757448],[1.21298921],[4.64544776]
[5.2024884],[1.215978],[4.63532595]
[5.18938742],[1.21441515],[4.63221035]
[5.18284274],[1.21662064],[4.63260009]
[5.17465263],[1.21776862],[4.62163598]
[5.16468775],[1.21809931],[4.59387067]
[5.15792281],[1.21773826],[4.57937496]
[5.14305254],[1.21493737],[4.55839417]
[5.12018296],[1.20893823],[4.52976343]
[5.10128584],[1.20262587],[4.49314635]
[5.08138212],[1.19634695],[4.46993135]
[5.0628821],[1.18962176],[4.44711306]
[5.04140892],[1.18201936],[4.40752822]
[5.02445898],[1.17494673],[4.3780237]
[5.00640161],[1.16777457],[4.34443639]
[5.00740764],[1.15958186],[4.31137709]
[5.02470448],[1.14305819],[4.26974974]
[5.04045798],[1.12644849],[4.23089964]
[4.66797709],[1.11211474],[4.00482784]
[3.93819139],[1.09620341],[3.20399326]
[3.20308847],[1.07888633],[2.38972384]
[2.46291974],[1.0571862],[1.57950051]
[2.27285185],[0.49352547],[0.84227049]
[3.16755706],[0.63223181],[1.55668492]
[3.30981245],[0.72754412],[1.83964715]
[3.72767523],[0.79442492],[2.23276922]
[3.82284481],[0.84490499],[2.43678811]
[4.03629398],[0.88279319],[2.75790909]
[4.1279233],[0.92051105],[2.91456158]
[4.20508494],[0.94832465],[3.11944423]
[4.24732203],[0.96610249],[3.21873973]
[4.28579794],[0.98018971],[3.32895921]
[4.31366402],[0.99420932],[3.39676164]
[4.39261262],[1.00508485],[3.47569305]
[4.5035726],[1.01754835],[3.56769561]
[4.77033901],[1.02587402],[3.78839434]
[4.85484121],[1.03598374],[3.92199406]
[4.92289472],[1.04163137],[3.99988296]
[4.93722057],[1.04704539],[4.05549478]
[5.02713588],[1.05154195],[4.13787787]
[5.06595179],[1.05798895],[4.20103592]
[5.24307869],[1.09491897],[4.35363897]
[5.26808246],[1.1222545],[4.4047077]
[5.37284605],[1.1415499],[4.58233394]
[5.37272661],[1.15616201],[4.56407112]
[5.443436],[1.16984823],[4.73743127]
[5.41510028],[1.19221236],[4.68706468]
[5.47546991],[1.20883171],[4.86165312]
[5.43475958],[1.22656043],[4.82342006]
[5.46525007],[1.23900004],[4.98699649]
[5.55020677],[1.26354462],[5.01788273]
[5.48761063],[1.28295057],[5.12784859]
[5.56561886],[1.30269038],[5.15240231]
[5.48819477],[1.3198374],[5.2221587]
[5.50693917],[1.33167536],[5.23018704]
[5.48967977],[1.34322974],[5.26751996]
[5.48474883],[1.35153031],[5.25585708]
[5.45699261],[1.35780412],[5.25095043]
[5.45113064],[1.36002828],[5.24651734]
[5.4446058],[1.35900874],[5.2357471]
[5.43236665],[1.35769791],[5.21436472]
[5.42794672],[1.35493659],[5.19698225]
[5.4113602],[1.35265465],[5.17046619]
[5.38852182],[1.34775949],[5.14051421]
[5.37435706],[1.34264879],[5.10682661]
[5.35620389],[1.33822218],[5.08286385]
[5.33789823],[1.33363137],[5.05530725]
[5.31392439],[1.32814854],[5.01990394]
[5.29817244],[1.32303677],[4.99387755]
[5.27889009],[1.31776991],[4.96140568]
[5.25309765],[1.30932185],[4.91479666]
[5.23400449],[1.29563076],[4.85714343]
[5.21426699],[1.2828648],[4.80372991]
[4.80600819],[1.2699584],[4.53966285]
[4.05076738],[1.25442547],[3.70114396]
[3.31759809],[1.23809123],[2.84741634]
[2.57215523],[1.22162645],[1.92516908]
[2.32126913],[0.50880993],[0.99481914]
[3.30590632],[0.69200669],[1.7355857]
[3.4250499],[0.77666397],[2.01000914]
[3.86455449],[0.8560062],[2.45188039]
[3.94830363],[0.9064384],[2.66670086]
[4.11682389],[0.93258719],[2.97619784]
[4.17744898],[0.96585272],[3.11582742]
[4.23642264],[0.98796018],[3.29578017]
[4.2635931],[1.00077041],[3.37470252]
[4.31903158],[1.01132597],[3.47518644]
[4.40279773],[1.02267906],[3.55078229]
[4.67301035],[1.03256668],[3.71857162]
[4.83684509],[1.04180849],[3.92078934]
[4.92476412],[1.04683872],[4.01320887]
[4.96383765],[1.05255928],[4.09214296]
[5.09664869],[1.05771802],[4.21433619]
[5.13720147],[1.0856819],[4.30978177]
[5.30226305],[1.11704945],[4.49613478]
[5.37417916],[1.15322377],[4.58480864]
[5.49038233],[1.18590636],[4.80737058]
[5.56191113],[1.21088939],[4.85458942]
[5.6211493],[1.22844917],[5.0520848]
[5.63517609],[1.24471628],[5.0478831]
[5.67642999],[1.25602239],[5.20570078]
[5.67823314],[1.27712458],[5.19564443]
[5.71244952],[1.29011379],[5.35853766]
[5.70693891],[1.31061768],[5.36266658]
[5.70458056],[1.32768436],[5.51331467]
[5.82467608],[1.34959088],[5.58181743]
[5.72654616],[1.36616301],[5.67418051]
[5.8425297],[1.38488605],[5.73838133]
[5.72645858],[1.40048204],[5.79706776]
[5.78264642],[1.41346702],[5.8336019]
[5.73305431],[1.42404614],[5.87317116]
[5.76324394],[1.43104567],[5.878622]
[5.72269799],[1.43780706],[5.874554]
[5.71811872],[1.43968486],[5.87698009]
[5.70970079],[1.43965161],[5.86898049]
[5.69421759],[1.43910709],[5.85168187]
[5.69039737],[1.4376817],[5.83642691]
[5.67549266],[1.43723487],[5.80955649]
[5.65058026],[1.43473608],[5.78081735]
[5.64168631],[1.43239079],[5.75566473]
[5.62558592],[1.43057134],[5.73609334]
[5.60983387],[1.4276778],[5.71406017]
[5.58484072],[1.42310855],[5.68498454]
[5.5720702],[1.41870689],[5.6617119]
[5.55363048],[1.41441009],[5.63310322]
[5.52857826],[1.41130016],[5.59584781]
[5.5137475],[1.40558819],[5.55232643]
[5.49531198],[1.39886033],[5.51677905]
[5.06534216],[1.3900858],[5.25092669]
[4.29873883],[1.37949918],[4.37345827]
[3.54219538],[1.36883835],[3.41752738]
[2.76644799],[1.35780386],[2.3771236]
[2.38869314],[0.58941199],[1.20808654]
[3.4719276],[0.74324903],[1.94118075]
[3.54050489],[0.84374399],[2.21778802]
[3.98414891],[0.89946467],[2.67623811]
[4.05489087],[0.93777481],[2.85489366]
[4.19791829],[0.96476468],[3.14953715]
[4.24240686],[0.99205269],[3.26924052]
[4.28424569],[1.00976363],[3.44027641]
[4.38332053],[1.02167717],[3.52712439]
[4.50507932],[1.03330965],[3.64170089]
[4.59036404],[1.04094143],[3.72799069]
[4.85028614],[1.04589804],[3.91787373]
[4.90362613],[1.05280531],[4.01149472]
[5.04583111],[1.05791429],[4.13758207]
[5.09504212],[1.09249492],[4.2723581]
[5.28434924],[1.11330024],[4.48451727]
[5.34794019],[1.16289072],[4.60388827]
[5.49486774],[1.19647292],[4.87239545]
[5.60977232],[1.22795223],[4.96048374]
[5.73878548],[1.258349],[5.18355446]
[5.78393635],[1.28289916],[5.25063631]
[5.82835106],[1.29898208],[5.42312869]
[5.86658412],[1.31705573],[5.45891967]
[5.90116125],[1.32784168],[5.60281307]
[5.91066242],[1.34534774],[5.62565162]
[5.95498159],[1.35355192],[5.77881371]
[5.94937689],[1.37166962],[5.8073795]
[5.95893176],[1.38924895],[5.95193756]
[6.08819796],[1.41153023],[6.08855879]
[5.98883997],[1.42818633],[6.15716605]
[6.11080084],[1.44725908],[6.25571299]
[5.99561493],[1.46235853],[6.28795662]
[6.02846688],[1.47344636],[6.36672288]
[6.00829804],[1.48191449],[6.37914234]
[6.01489978],[1.48870192],[6.40868418]
[6.00093626],[1.49574878],[6.39594359]
[5.98449367],[1.49683735],[6.40015413]
[5.97782571],[1.49605838],[6.40340667]
[5.96198161],[1.49635681],[6.39252988]
[5.95268854],[1.49554226],[6.38372496]
[5.93780876],[1.494703],[6.35710269]
[5.91032902],[1.49166214],[6.31970357]
[5.90290712],[1.4888454],[6.28431388]
[5.887026],[1.48681606],[6.25755107]
[5.8700064],[1.48457868],[6.23246529]
[5.84469829],[1.48109313],[6.20091312]
[5.83449666],[1.47672641],[6.18023665]
[5.82211076],[1.47222217],[6.15183645]
[5.80018265],[1.46764079],[6.11778493]
[5.79223631],[1.46032722],[6.08027345]
[5.77613613],[1.45260697],[6.04808793]
[5.31425692],[1.44496626],[5.76883681]
[4.54729924],[1.43616702],[4.86899935]
[3.79466511],[1.42799909],[3.87861132]
[3.02907574],[1.41977916],[2.80629102]
[2.46275423],[0.67037896],[1.42339227]
[3.51813696],[0.80355558],[2.12932245]
[3.71321678],[0.88835778],[2.43052291]
[4.07899427],[0.92944533],[2.84008641]
[4.15065034],[0.96804614],[3.00714498]
[4.27070497],[0.99231228],[3.29330602]
[4.31535076],[1.0166259],[3.40860013]
[4.4308439],[1.03105409],[3.57393836]
[4.56655745],[1.03917006],[3.66907007]
[4.72585512],[1.04634013],[3.80428399]
[4.78863427],[1.05297778],[3.90250853]
[5.00001166],[1.05937079],[4.03794299]
[5.04004736],[1.0937376],[4.18091221]
[5.22725667],[1.11131608],[4.42470411]
[5.29734798],[1.17099729],[4.58210557]
[5.46679246],[1.1982564],[4.87868195]
[5.55069048],[1.23779829],[4.98564484]
[5.67500617],[1.2689986],[5.23364176]
[5.8325709],[1.2995782],[5.36467958]
[5.90608775],[1.33059775],[5.58200105]
[5.95275525],[1.35118502],[5.66342126]
[6.01577838],[1.37120872],[5.83720348]
[6.03869091],[1.38242889],[5.89174171]
[6.0922028],[1.39801354],[6.03463819]
[6.08042041],[1.41116105],[6.11152705]
[6.14574392],[1.42627871],[6.2677972]
[6.12476559],[1.4386677],[6.346558]
[6.15322965],[1.45350968],[6.47669571]
[6.28214743],[1.46934162],[6.64915188]
[6.18470205],[1.48240937],[6.67149303]
[6.31088254],[1.4988642],[6.83535576]
[6.19904866],[1.50946775],[6.81153462]
[6.21351122],[1.51986677],[6.88770272]
[6.21494742],[1.52722885],[6.90650312]
[6.20076761],[1.5344168],[6.9390327]
[6.20413755],[1.54194674],[6.93094963]
[6.17851159],[1.54342709],[6.93365552]
[6.17499644],[1.54317533],[6.93712708]
[6.16222665],[1.54415948],[6.92521779]
[6.15473769],[1.54406564],[6.92063131]
[6.14430713],[1.54433602],[6.90356895]
[6.11840801],[1.54242284],[6.87010151]
[6.11852605],[1.54005735],[6.84668576]
[6.10461632],[1.5381342],[6.81886262]
[6.08772704],[1.5362264],[6.78717409]
[6.06613317],[1.53413731],[6.74616377]
[6.05753505],[1.53022324],[6.71706256]
[6.04975284],[1.5255078],[6.6818156]
[6.02927859],[1.52056451],[6.628536]
[6.02512018],[1.51267582],[6.57303506]
[6.01712394],[1.50286007],[6.52965327]
[5.52168017],[1.49396944],[6.21392007]
[4.75811519],[1.48456989],[5.26358108]
[4.00603168],[1.47628516],[4.22301087]
[3.25032432],[1.46760317],[3.10713984]
[2.50257565],[0.73636335],[1.62399739]
[3.52537053],[0.84824683],[2.35520269]
[3.90857558],[0.92387384],[2.67027679]
[4.17587697],[0.96170115],[3.05351719]
[4.2356191],[1.00312359],[3.21670293]
[4.31917267],[1.02028883],[3.45149262]
[4.41069175],[1.03783422],[3.56285281]
[4.63358324],[1.04871918],[3.72679714]
[4.75563651],[1.05779946],[3.83177756]
[4.93727016],[1.06483999],[3.99859301]
[4.97272057],[1.09277629],[4.16107641]
[5.19601278],[1.11285948],[4.40797269]
[5.23467091],[1.18222136],[4.58488209]
[5.40386919],[1.19995957],[4.89156464]
[5.49741513],[1.24701189],[5.02076376]
[5.65150274],[1.27741891],[5.30550788]
[5.75963048],[1.31020278],[5.41900662]
[5.88124966],[1.34150173],[5.66628364]
[5.99273095],[1.36880829],[5.80761787]
[6.0992156],[1.40032439],[6.01325899]
[6.13107777],[1.41500774],[6.11415211]
[6.21148496],[1.4400668],[6.29087257]
[6.21464052],[1.44643676],[6.44117597]
[6.28903597],[1.46896374],[6.61529676]
[6.25128744],[1.47768014],[6.69869351]
[6.34171959],[1.49336355],[6.85817768]
[6.2996614],[1.50119842],[6.91742333]
[6.34887937],[1.51777746],[7.04629738]
[6.47950284],[1.52492543],[7.27354904]
[6.38632359],[1.53815112],[7.22095541]
[6.50100953],[1.54513153],[7.43055342]
[6.40521053],[1.55331864],[7.34495622]
[6.39384987],[1.56058214],[7.41361503]
[6.41711069],[1.56574423],[7.43339737]
[6.37567834],[1.57087591],[7.45828147]
[6.4049373],[1.5775985],[7.45818653]
[6.36697071],[1.57980742],[7.45767751]
[6.35661213],[1.58112161],[7.46166864]
[6.34137477],[1.58205638],[7.45004353]
[6.33122214],[1.58195093],[7.4456742]
[6.32389293],[1.58132503],[7.4332849]
[6.29317843],[1.57945377],[7.39764108]
[6.29317914],[1.57710356],[7.37602921]
[6.27832447],[1.57527283],[7.34883294]
[6.2637805],[1.57345593],[7.3250645]
[6.2435247],[1.57157412],[7.28923792]
[6.23543403],[1.56978702],[7.26901776]
[6.22875281],[1.56679213],[7.23568874]
[6.2075308],[1.5628629],[7.18073252]
[6.20220521],[1.55696555],[7.12348056]
[6.19445967],[1.54989893],[7.06504979]
[5.68597951],[1.54199937],[6.6788274]
[4.92240782],[1.53403239],[5.67989454]
[4.16950674],[1.5270675],[4.60287897]
[3.41644787],[1.52010231],[3.44412043]
[2.5176008],[0.77682542],[1.7473228]
[3.56485993],[0.88595812],[2.53102696]
[4.03728969],[0.9559691],[2.85913177]
[4.26007362],[0.99612728],[3.2335424]
[4.31342467],[1.02623145],[3.37689545]
[4.37743288],[1.0422941],[3.57048433]
[4.57476318],[1.05872677],[3.70629456]
[4.81489253],[1.06791521],[3.89449167]
[4.93556164],[1.1122803],[4.1080606]
[5.13839659],[1.13226828],[4.42116238]
[5.16723324],[1.20524344],[4.63859429]
[5.38085691],[1.22285725],[4.97746166]
[5.44550727],[1.27413872],[5.12584153]
[5.58994942],[1.29826615],[5.40839687]
[5.70459902],[1.33035525],[5.55769044]
[5.8363219],[1.35958838],[5.79765948]
[5.9599243],[1.38455427],[5.94306285]
[6.07855412],[1.41878008],[6.18499829]
[6.16131991],[1.43600357],[6.40094664]
[6.3047659],[1.47063548],[6.63050441]
[6.31260956],[1.47832652],[6.7949078]
[6.41820305],[1.50489421],[6.98038747]
[6.40784609],[1.50441683],[7.10175894]
[6.50429631],[1.52909937],[7.27181496]
[6.44157941],[1.53322374],[7.32158889]
[6.56279982],[1.55140971],[7.4777968]
[6.5002635],[1.55574897],[7.51257692]
[6.56787303],[1.57397744],[7.63929198]
[6.66909549],[1.57728007],[7.87709427]
[6.60467947],[1.59234708],[7.80268661]
[6.68893357],[1.59513225],[8.02337645]
[6.62135805],[1.60387316],[7.92220553]
[6.58679658],[1.60885545],[7.98375955]
[6.63115351],[1.61399157],[8.01466006]
[6.56616166],[1.61851916],[8.03164181]
[6.6171064],[1.62189982],[8.04875796]
[6.57009567],[1.62397976],[8.04293292]
[6.56113007],[1.62362689],[8.04804272]
[6.53811485],[1.62263881],[8.0346906]
[6.52443413],[1.62171065],[8.03181351]
[6.51817695],[1.62082244],[8.02445321]
[6.48222641],[1.61945964],[7.99072919]
[6.48428049],[1.61752153],[7.97148557]
[6.47147077],[1.61609439],[7.94745521]
[6.4508163],[1.61457719],[7.92218958]
[6.42417642],[1.61265079],[7.88668215]
[6.41444853],[1.61082712],[7.87007437]
[6.40753178],[1.60848852],[7.84768187]
[6.38496752],[1.60561653],[7.80368865]
[6.3788738],[1.60090012],[7.75866682]
[6.3741216],[1.59445021],[7.71067719]
[5.8395822],[1.58719952],[7.23605678]
[5.07566619],[1.58018707],[6.15737304]
[4.32066446],[1.57386527],[5.02528855]
[3.56894051],[1.56752144],[3.83015501]
[2.54442812],[0.83386958],[1.8717015]
[3.64658913],[0.91945797],[2.68098065]
[4.20833766],[0.97647615],[3.0254779]
[4.36000336],[1.01317452],[3.35260763]
[4.4194124],[1.04026567],[3.48496559]
[4.57748222],[1.05535023],[3.68508721]
[4.78117347],[1.07186479],[3.8529872]
[5.05349138],[1.12790192],[4.16370679]
[5.1590134],[1.20148216],[4.45941761]
[5.3635583],[1.22288439],[4.85177664]
[5.40250397],[1.28570791],[5.08279828]
[5.59854728],[1.30315529],[5.432792]
[5.68522435],[1.33991139],[5.58031597]
[5.80169907],[1.37166012],[5.84970956]
[5.93995847],[1.39155404],[5.98860764]
[6.06714424],[1.42506073],[6.24752597]
[6.17238277],[1.44388665],[6.48376808]
[6.30233021],[1.48388395],[6.74994188]
[6.38472012],[1.49639265],[6.97902212]
[6.54541974],[1.52945076],[7.2053663]
[6.53342179],[1.53399617],[7.37590607]
[6.6586111],[1.55828296],[7.59428249]
[6.63445187],[1.55965011],[7.72431176]
[6.75430514],[1.58237016],[7.88819733]
[6.67267939],[1.5873358],[7.88659876]
[6.84961627],[1.6027873],[8.07421189]
[6.73813941],[1.60917609],[8.1076071]
[6.89835945],[1.62264654],[8.21335541]
[6.87831762],[1.62994933],[8.41499834]
[6.95642607],[1.64104337],[8.4160081]
[6.91256166],[1.64716563],[8.57711896]
[7.00592466],[1.65441154],[8.56483199]
[6.90827422],[1.65961888],[8.62824054]
[7.04189681],[1.66603509],[8.69219952]
[6.94089953],[1.67240601],[8.68308102]
[7.03331933],[1.68316647],[8.74310653]
[6.97324027],[1.69073014],[8.73696238]
[6.96081386],[1.68869187],[8.74433369]
[6.94546835],[1.68587962],[8.72436742]
[6.93131809],[1.68207643],[8.69014686]
[6.91389921],[1.67587036],[8.66851511]
[6.86303145],[1.66952884],[8.61738143]
[6.85651947],[1.66221853],[8.58204529]
[6.80423897],[1.65586542],[8.53430433]
[6.70723831],[1.65124106],[8.48706003]
[6.62059722],[1.64937266],[8.43668251]
[6.58688608],[1.64755352],[8.40260826]
[6.56792632],[1.64528504],[8.36967004]
[6.52624813],[1.64148966],[8.31603742]
[6.51957872],[1.6376582],[8.27423815]
[6.50731948],[1.63268608],[8.2274657]
[5.92310592],[1.62670517],[7.68036979]
[5.15366123],[1.62083621],[6.55516732]
[4.39357221],[1.61529047],[5.37429731]
[3.63880395],[1.61017332],[4.14716544]
[2.57395215],[0.86875883],[1.98298265]
[3.70173632],[0.93855559],[2.80054441]
[4.33136615],[0.99925629],[3.19385954]
[4.43949973],[1.03065892],[3.46574604]
[4.54548774],[1.05504513],[3.59444155]
[4.82587126],[1.06905166],[3.86801303]
[5.01937482],[1.14762216],[4.17999987]
[5.27148165],[1.2132771],[4.59427736]
[5.37304206],[1.27973475],[4.89630437]
[5.56744692],[1.30494645],[5.29194545]
[5.62506276],[1.35034444],[5.53916284]
[5.80998343],[1.37703638],[5.88996129]
[5.92907438],[1.40122047],[6.04686761]
[6.02429483],[1.4358439],[6.29821225]
[6.16418297],[1.44947167],[6.556581]
[6.31592884],[1.48669411],[6.8423896]
[6.37742814],[1.50372191],[7.0680708]
[6.55962252],[1.53896547],[7.33935727]
[6.60301357],[1.54671504],[7.56873315]
[6.7871785],[1.5750321],[7.80905878]
[6.74671454],[1.58242804],[7.94600167]
[6.94643134],[1.60238618],[8.14829438]
[6.84431013],[1.60760606],[8.24354987]
[7.11970842],[1.62665208],[8.42658781]
[7.01433228],[1.6339838],[8.43850892]
[7.25727295],[1.64614562],[8.64460072]
[7.25459987],[1.65523713],[8.68056145]
[7.34651836],[1.66868789],[8.83551089]
[7.4551468],[1.68565706],[9.0103067]
[7.41544576],[1.69919093],[9.05328836]
[7.55111567],[1.7149702],[9.22515097]
[7.49620397],[1.72837091],[9.24336634]
[7.56584705],[1.73485771],[9.31292643]
[7.52218363],[1.74133775],[9.3735672]
[7.55868865],[1.74905127],[9.38655616]
[7.5222289],[1.76161693],[9.44231555]
[7.56519479],[1.7742211],[9.44932205]
[7.51744244],[1.77068055],[9.46201111]
[7.49995588],[1.7667791],[9.45090206]
[7.48352852],[1.76222955],[9.43053159]
[7.46123101],[1.7547858],[9.39341114]
[7.40146118],[1.74821851],[9.32567795]
[7.39200351],[1.74085591],[9.29076045]
[7.35523496],[1.73412881],[9.24240939]
[7.28666048],[1.72647664],[9.18091079]
[7.16807268],[1.71824531],[9.09929322]
[7.0626666],[1.7106812],[9.03526512]
[6.95750908],[1.70326968],[8.97224124]
[6.83089768],[1.69586539],[8.88914971]
[6.72705572],[1.68775103],[8.81655377]
[6.62104658],[1.6733847],[8.74008402]
[5.99172169],[1.65687062],[8.11155579]
[5.22048065],[1.64963127],[6.93059791]
[4.45710302],[1.64157391],[5.70112582]
[3.6996396],[1.63346492],[4.44356439]
[2.60916437],[0.89442391],[2.06553794]
[3.7687669],[0.95425924],[2.92859072]
[4.41328909],[1.01596855],[3.37653979]
[4.52404807],[1.04653886],[3.66792858]
[4.78773],[1.0736045],[3.93423904]
[5.04644614],[1.14298592],[4.33464086]
[5.18826094],[1.24944726],[4.74460138]
[5.4497775],[1.30813885],[5.18352568]
[5.582073],[1.35938029],[5.49961436]
[5.77144928],[1.39411035],[5.94941363]
[5.86056873],[1.42081314],[6.17578475]
[6.01988774],[1.45514521],[6.5777407]
[6.14666302],[1.46834146],[6.83615243]
[6.25776467],[1.50697313],[7.0700335]
[6.37100138],[1.5169818],[7.34048092]
[6.53388501],[1.54771512],[7.57909945]
[6.58462171],[1.55861347],[7.75869589]
[6.77985485],[1.58534997],[7.99539307]
[6.77375238],[1.59832213],[8.14988678]
[7.04706288],[1.61526698],[8.38240074]
[6.96741222],[1.62909994],[8.477982]
[7.23303368],[1.64032294],[8.7271834]
[7.24117979],[1.65176575],[8.82847556]
[7.43243702],[1.67300463],[9.07255419]
[7.50715968],[1.6962751],[9.12780693]
[7.64478271],[1.71104088],[9.34369084]
[7.74063389],[1.72719707],[9.40320134]
[7.80184122],[1.74080972],[9.56031726]
[7.92836831],[1.75745307],[9.73196453]
[7.89817736],[1.77232805],[9.80047522]
[8.00048652],[1.79294687],[9.96791118]
[7.97727989],[1.80727341],[10.05467569]
[8.00178211],[1.81604319],[10.13527203]
[8.00352363],[1.82473084],[10.23600328]
[7.9789186],[1.83836633],[10.24914761]
[7.98837419],[1.85356944],[10.31399824]
[7.97559606],[1.86585136],[10.32633271]
[7.96806908],[1.86405131],[10.3427835]
[7.92041237],[1.86149632],[10.33661387]
[7.90112884],[1.85859795],[10.3199425]
[7.87100481],[1.85165354],[10.27914791]
[7.80789332],[1.843918],[10.17535415]
[7.79183542],[1.83498874],[10.11695286]
[7.75233588],[1.82688728],[10.05571101]
[7.70704502],[1.81891364],[9.9848991]
[7.60276496],[1.80935558],[9.88013845]
[7.49166597],[1.79992726],[9.79530538]
[7.37859623],[1.79045335],[9.70639558]
[7.24192821],[1.78093257],[9.59800208]
[7.13682833],[1.76980176],[9.49019871]
[7.02026538],[1.75394968],[9.3819224]
[6.31812681],[1.73641362],[8.66525841]
[5.45268468],[1.71706137],[7.40071949]
[4.59941283],[1.6984199],[6.1008099]
[3.74989035],[1.68014202],[4.76606612]
[2.66374814],[0.91792412],[2.1486602]
[3.8294739],[0.9685702],[3.10664838]
[4.51911945],[1.03453803],[3.56005027]
[4.74151015],[1.05951745],[3.94027786]
[4.98022653],[1.16821651],[4.34681669]
[5.22284749],[1.23137713],[4.84702345]
[5.34139171],[1.3228149],[5.22586339]
[5.63236287],[1.37812108],[5.689046]
[5.80032068],[1.41878082],[6.02698827]
[5.97070307],[1.4614593],[6.47196089]
[6.07964133],[1.48104321],[6.7742919]
[6.21914239],[1.51552651],[7.14746954]
[6.32057137],[1.52472103],[7.38946492]
[6.4469969],[1.55617795],[7.62844618]
[6.51691027],[1.55933094],[7.83011902]
[6.68764711],[1.584709],[8.0588026]
[6.71291125],[1.59498456],[8.21804602]
[6.89116005],[1.61817875],[8.45109618]
[6.85900724],[1.63137519],[8.58789515]
[7.22728366],[1.6476234],[8.87111638]
[7.29734367],[1.65969118],[8.98060706]
[7.47316536],[1.67663862],[9.26155922]
[7.59583882],[1.7151686],[9.41852391]
[7.731843],[1.74407342],[9.70023365]
[7.83716964],[1.77079823],[9.80146208]
[8.00662795],[1.79075414],[10.07332493]
[8.07089875],[1.81196532],[10.14623862]
[8.19152738],[1.82921968],[10.36387972]
[8.26203858],[1.85100602],[10.50941835]
[8.29538587],[1.86720019],[10.65143301]
[8.34102572],[1.8855286],[10.78513273]
[8.37756209],[1.89527382],[10.92362887]
[8.36945928],[1.9042922],[10.98780798]
[8.41248877],[1.91546695],[11.08469325]
[8.34616209],[1.92614633],[11.08322117]
[8.40148525],[1.93798949],[11.13285659]
[8.3465816],[1.94519166],[11.13291302]
[8.38446395],[1.94455831],[11.13864124]
[8.31718394],[1.94071329],[11.12304862]
[8.30313603],[1.93677387],[11.11036128]
[8.27901784],[1.92919481],[11.07383637]
[8.22604629],[1.92143206],[10.99915271]
[8.21211101],[1.91311],[10.93493923]
[8.17372053],[1.90520612],[10.84833843]
[8.13625046],[1.89740976],[10.74582345]
[8.05650928],[1.88893475],[10.59243626]
[7.93116567],[1.87999101],[10.47798394]
[7.80750486],[1.87126279],[10.38320392]
[7.66254874],[1.86186936],[10.26379585]
[7.56004855],[1.85127889],[10.15793281]
[7.44319726],[1.83712],[10.0424209]
[6.68699085],[1.81633645],[9.24305818]
[5.82156472],[1.79331717],[7.92376751]
[4.96830625],[1.77135196],[6.55988099]
[4.11677087],[1.74951226],[5.14316075]
[2.70586783],[0.93064917],[2.20227941]
[3.86227211],[0.98530238],[3.20115808]
[4.62204445],[1.04795823],[3.70963843]
[4.90139244],[1.1247985],[4.25508585]
[5.10133863],[1.24580967],[4.74399587]
[5.35348165],[1.29919345],[5.19218461]
[5.49633969],[1.38274258],[5.57598911]
[5.7750629],[1.43255081],[6.07592977]
[5.96347738],[1.46885454],[6.43370895]
[6.10760317],[1.5099425],[6.87632719]
[6.20885884],[1.52070816],[7.18986171]
[6.35970308],[1.54954339],[7.54265117]
[6.44814198],[1.55377558],[7.78541728]
[6.57873114],[1.58218793],[7.99971041]
[6.62800641],[1.58354819],[8.18652275]
[6.80390331],[1.60887707],[8.43298107]
[6.79262118],[1.61700096],[8.56947292]
[7.03492237],[1.64036671],[8.83647616]
[7.12956589],[1.65124617],[8.97900215]
[7.44382345],[1.66860762],[9.28287659]
[7.65238027],[1.689692],[9.45031265]
[7.78934268],[1.72985462],[9.76187786]
[7.91414924],[1.77023282],[9.9546964]
[8.08014361],[1.80525948],[10.27637469]
[8.1504341],[1.83390082],[10.39734522]
[8.36072484],[1.85077473],[10.69402683]
[8.39998626],[1.86892142],[10.77437292]
[8.54817892],[1.8834668],[11.01579118]
[8.59100625],[1.9066742],[11.15790183]
[8.64058149],[1.92508774],[11.34839192]
[8.67625478],[1.94608788],[11.47055505]
[8.70667753],[1.95346833],[11.64333816]
[8.72434009],[1.96465769],[11.72144468]
[8.73956257],[1.97315493],[11.81502794]
[8.71551707],[1.98155936],[11.80939947]
[8.73356267],[1.99061939],[11.84880497]
[8.72344738],[1.99312434],[11.83469962]
[8.72533561],[1.98293698],[11.82226996]
[8.70453599],[1.97421311],[11.77819523]
[8.6725878],[1.96992195],[11.74561918]
[8.65058079],[1.96251262],[11.69078383]
[8.61056987],[1.95456045],[11.60751272]
[8.59673384],[1.94605342],[11.53973189]
[8.56860589],[1.93818915],[11.46815396]
[8.53059201],[1.93110014],[11.37760477]
[8.48086875],[1.92268956],[11.24965793]
[8.37373167],[1.91475289],[11.12405694]
[8.2517262],[1.90622165],[11.00003328]
[8.09742084],[1.89703959],[10.83307879]
[7.99860666],[1.88689325],[10.70819574]
[7.87781517],[1.87556562],[10.57596972]
[7.05597128],[1.85654838],[9.69004908]
[6.19138335],[1.83561917],[8.35464102]
[5.33760368],[1.81511932],[6.96936902]
[4.48400024],[1.79349631],[5.51043123]
[2.72178004],[0.94148513],[2.24780039]
[3.87827841],[0.99806621],[3.28851557]
[4.63476257],[1.06440307],[3.93946255]
[5.00021806],[1.1950739],[4.58176062]
[5.19697215],[1.29945211],[5.01590052]
[5.46859574],[1.3445228],[5.49113518]
[5.63103803],[1.41756755],[5.91471631]
[5.89485338],[1.46503366],[6.41737611]
[6.1121651],[1.50239965],[6.77817616]
[6.24008546],[1.53694464],[7.21525067]
[6.3285438],[1.54644658],[7.52697136]
[6.49344492],[1.5719036],[7.90329631]
[6.55245799],[1.57316864],[8.11388303]
[6.7060479],[1.60195962],[8.35609011]
[6.73268019],[1.60273763],[8.52080386]
[6.8864335],[1.6298947],[8.77387264]
[6.86584652],[1.6343089],[8.89061664]
[7.20924577],[1.66150281],[9.19417318]
[7.44405754],[1.67246943],[9.3538652]
[7.74546246],[1.69474166],[9.69935075]
[7.94519855],[1.72842089],[9.86594876]
[8.12546435],[1.77308076],[10.22358592]
[8.20732974],[1.83611914],[10.50213945]
[8.41354346],[1.87534669],[10.93577741]
[8.44662727],[1.90205004],[11.15660406]
[8.65671408],[1.92365916],[11.53494011]
[8.71642861],[1.94655884],[11.68412668]
[8.83764535],[1.96450881],[11.95414533]
[8.9322151],[1.98838554],[12.15860109]
[8.93951556],[2.00614528],[12.32285782]
[9.04555712],[2.0230845],[12.5084607]
[9.050566],[2.03259569],[12.68877463]
[9.15918527],[2.04282164],[12.7883408]
[9.11205628],[2.05030224],[12.87378904]
[9.13392721],[2.05770818],[12.85022065]
[9.09109337],[2.06577394],[12.86729106]
[9.1285977],[2.06703687],[12.8120862]
[9.0745158],[2.05696164],[12.76761897]
[9.09510996],[2.036043],[12.68475044]
[9.03407536],[2.0183742],[12.60572874]
[9.00753634],[2.00247042],[12.51345945]
[8.95764715],[1.98634786],[12.38209576]
[8.93550652],[1.97773304],[12.28305322]
[8.90312654],[1.97002854],[12.17289329]
[8.86520075],[1.96251718],[12.01745712]
[8.81768358],[1.95445498],[11.82991682]
[8.75686928],[1.9469034],[11.67858451]
[8.64640089],[1.93912707],[11.55631589]
[8.49840519],[1.93101529],[11.39021129]
[8.40234772],[1.92135659],[11.26443786]
[8.28161431],[1.91127567],[11.12853811]
[7.44818807],[1.89354552],[10.16664142]
[6.58536483],[1.87343277],[8.77957024]
[5.73156629],[1.85239682],[7.36147084]
[4.87782786],[1.83054517],[5.881229]
[2.74307405],[0.9490976],[2.28279144]
[3.88827788],[1.01114967],[3.36376545]
[4.64375217],[1.12700024],[4.28022827]
[5.10114995],[1.24714288],[4.82990927]
[5.28249702],[1.34548337],[5.30386097]
[5.56695098],[1.38998395],[5.85182492]
[5.74235495],[1.45135809],[6.27809588]
[5.99603034],[1.50327785],[6.77218726]
[6.22380763],[1.53293462],[7.17946066]
[6.36778995],[1.56538617],[7.58884061]
[6.44333196],[1.56953464],[7.92828118]
[6.60540322],[1.59512655],[8.28867795]
[6.65191308],[1.59668481],[8.48327515]
[6.80444141],[1.6250549],[8.71759973]
[6.79816253],[1.62524053],[8.85071833]
[6.99513521],[1.65290305],[9.13042548]
[7.06909633],[1.659296],[9.25717173]
[7.42014941],[1.6886256],[9.60339332]
[7.7296833],[1.70428207],[9.84426889]
[8.04243421],[1.73647486],[10.26088125]
[8.24603285],[1.80934351],[10.55816194]
[8.47140903],[1.88270432],[11.06331114]
[8.52191004],[1.93961106],[11.43400791]
[8.72076433],[1.9688095],[11.95568624]
[8.77759387],[1.99285223],[12.24857452]
[8.97801156],[2.0134791],[12.74868127]
[9.15242117],[2.03476752],[12.98881999]
[9.32693751],[2.05169588],[13.35110456]
[9.49411457],[2.07341136],[13.56820372]
[9.53793558],[2.09020254],[13.76235751]
[9.63348084],[2.10419633],[13.94770204]
[9.68535243],[2.11592181],[14.08753225]
[9.72255422],[2.12501788],[14.20431479]
[9.77239637],[2.13128188],[14.26956816]
[9.72938546],[2.1375223],[14.27174416]
[9.7519795],[2.14423045],[14.2517069]
[9.71879069],[2.14573321],[14.19078954]
[9.72960653],[2.13836733],[14.10611192]
[9.68856683],[2.11932102],[14.00354753]
[9.69223668],[2.0999253],[13.88544452]
[9.6346893],[2.07728814],[13.77256178]
[9.58899163],[2.05759637],[13.61742618]
[9.56520369],[2.03904497],[13.47540905]
[9.53212941],[2.02198643],[13.33195596]
[9.49896198],[2.00591857],[13.16247273]
[9.45148002],[1.99227777],[12.92572452]
[9.41744032],[1.98514676],[12.7071896]
[9.29359886],[1.9780028],[12.45697803]
[9.03979799],[1.97083591],[12.17675015]
[8.8352067],[1.96254506],[11.95511938]
[8.67586939],[1.95226303],[11.78782066]
[7.82873768],[1.93453123],[10.74794471]
[6.96883582],[1.91182814],[9.33735033]
[6.11725217],[1.89182855],[7.88876416]
[5.26401428],[1.87075874],[6.37877174]
[2.7910722],[0.95987209],[2.33167936]
[3.91332086],[1.02770269],[3.45576592]
[4.66560763],[1.17082876],[4.46722657]
[5.22110079],[1.28611984],[5.06328033]
[5.38268727],[1.37610655],[5.55736795]
[5.66962636],[1.42535933],[6.13834505]
[5.85982659],[1.47902565],[6.54934508]
[6.10534391],[1.53270626],[7.04913459]
[6.33075438],[1.55575445],[7.47077469]
[6.4998913],[1.58621357],[7.89885434]
[6.55326639],[1.59186274],[8.22038763]
[6.72707134],[1.61660693],[8.58392649]
[6.74943112],[1.61812558],[8.75439627]
[6.88569952],[1.64601148],[9.00844132]
[6.87871938],[1.64896567],[9.15828372]
[7.15557756],[1.68221398],[9.49084519]
[7.391877],[1.6973658],[9.72461294]
[7.71254143],[1.73665107],[10.17489079]
[8.02228411],[1.78324761],[10.52861875]
[8.36830329],[1.85821442],[11.08278848]
[8.56273903],[1.93556759],[11.51342586]
[8.78148297],[1.9965488],[12.10643071]
[8.9008102],[2.03700157],[12.56120806]
[9.10708517],[2.06246746],[13.18740225]
[9.29217993],[2.08361085],[13.59718132]
[9.5068859],[2.10297496],[14.11528506]
[9.66916607],[2.12234272],[14.41156328]
[9.91545676],[2.13813394],[14.7864992]
[10.06457069],[2.15725076],[15.05093575]
[10.17283982],[2.17388075],[15.25977287]
[10.21801779],[2.18767358],[15.44207993]
[10.30593306],[2.19861423],[15.62234241]
[10.36937287],[2.20455099],[15.76224512]
[10.40817846],[2.2099299],[15.83937151]
[10.39766562],[2.21524042],[15.84539616]
[10.39253052],[2.22091373],[15.81489824]
[10.38437299],[2.22235472],[15.74837922]
[10.36875025],[2.21628821],[15.65180063]
[10.34940433],[2.19867844],[15.52443925]
[10.3245859],[2.18102477],[15.39999406]
[10.29497161],[2.16103931],[15.24434903]
[10.2316832],[2.13924171],[15.06762569]
[10.20948336],[2.11671203],[14.88027173]
[10.18048616],[2.10033873],[14.68724223]
[10.15193078],[2.08418397],[14.50513667]
[10.10937854],[2.06676384],[14.29411948]
[10.0745695],[2.05094828],[14.05192246]
[10.04516021],[2.0358735],[13.78433153]
[9.86576588],[2.02154243],[13.4440854]
[9.65193944],[2.0114061],[13.13340425]
[9.35436681],[2.00346931],[12.80259856]
[8.39442278],[1.98925719],[11.57767973]
[7.41969183],[1.96754015],[10.0311222]
[6.48135969],[1.94650463],[8.47747416]
[5.62529038],[1.9269665],[6.92065511]
[2.84589747],[0.97100054],[2.38662781]
[3.93607913],[1.04394539],[3.5501301]
[4.68550694],[1.21099497],[4.63838409]
[5.3328926],[1.32343066],[5.29058295]
[5.49208332],[1.40390647],[5.81015769]
[5.77509296],[1.45556496],[6.38607303]
[5.97788301],[1.50188591],[6.79808914]
[6.21797237],[1.55377001],[7.29642316]
[6.43643978],[1.57655137],[7.74262742]
[6.60939431],[1.60494002],[8.15281237]
[6.64890696],[1.61002257],[8.46529774]
[6.80849259],[1.63454393],[8.81838963]
[6.81085622],[1.63872606],[9.02054765]
[6.96261798],[1.67966149],[9.34279529]
[7.04933339],[1.69074071],[9.58364527]
[7.39838124],[1.73141323],[10.01102591]
[7.69984247],[1.75362579],[10.36275039]
[8.02011672],[1.82015351],[10.94409772]
[8.31068895],[1.90498477],[11.41669215]
[8.69256216],[1.97036128],[12.05405023]
[8.96209159],[2.03776108],[12.57818595]
[9.22228741],[2.08511089],[13.26719523]
[9.43107371],[2.12256521],[13.80077249]
[9.65057899],[2.1449847],[14.43396293]
[9.78807511],[2.16567925],[14.90112116]
[10.0614661],[2.18441637],[15.45064139]
[10.17677917],[2.20128603],[15.85023507]
[10.42035557],[2.21539611],[16.27154888]
[10.6330334],[2.23141137],[16.58977968]
[10.75085253],[2.24612784],[16.83021165]
[10.85040064],[2.25799096],[17.00304884]
[10.87077242],[2.26768732],[17.17346488]
[10.95032847],[2.27275284],[17.32676049]
[10.97320243],[2.2777578],[17.42823526]
[10.98702212],[2.28269195],[17.46572141]
[10.96447163],[2.28786033],[17.42180443]
[10.97843577],[2.29116686],[17.35893678]
[10.94524945],[2.28470343],[17.25112393]
[10.94753673],[2.2689198],[17.12508192]
[10.90708565],[2.2518523],[16.99673921]
[10.90540659],[2.23358862],[16.85547759]
[10.8474685],[2.21376263],[16.67360426]
[10.82051959],[2.19302561],[16.49376824]
[10.7913294],[2.17428876],[16.29568781]
[10.76211817],[2.15926073],[16.07958654]
[10.73288307],[2.14473632],[15.83170349]
[10.69892419],[2.13124172],[15.58992844]
[10.66635314],[2.11804011],[15.29626103]
[10.61222031],[2.10481113],[14.9923896]
[10.42153812],[2.09021896],[14.67974118]
[10.08591453],[2.07547059],[14.29583748]
[9.15480694],[2.05693735],[12.99010077]
[8.23189342],[2.02960046],[11.38076198]
[7.30593083],[2.00301974],[9.72379811]
[6.37960642],[1.97445191],[8.00871979]
[2.87139272],[0.98707113],[2.43569351]
[3.9465654],[1.05536639],[3.6473918]
[4.69844425],[1.25040603],[4.80030959]
[5.45177292],[1.35967783],[5.52969459]
[5.61508172],[1.42942989],[6.07406027]
[5.88860986],[1.48057887],[6.6443086]
[6.10121262],[1.526905],[7.0562243]
[6.34874664],[1.57408057],[7.57606053]
[6.52336125],[1.59831615],[8.00454115]
[6.7261175],[1.62336001],[8.42897985]
[6.73945372],[1.63914763],[8.77116504]
[6.89423237],[1.67535356],[9.21099102]
[6.90591637],[1.6890297],[9.484606]
[7.13412688],[1.72777576],[9.87399068]
[7.39668662],[1.74977557],[10.23125282]
[7.72067966],[1.81003208],[10.82761195]
[8.06427862],[1.8839105],[11.29096131]
[8.45917043],[1.94654207],[11.90869583]
[8.75047013],[2.01622369],[12.45450632]
[9.11557773],[2.07306358],[13.18341844]
[9.45752958],[2.12682612],[13.77884311]
[9.77140851],[2.17071537],[14.50422805]
[9.90794912],[2.20241958],[15.07815755]
[10.17900321],[2.22093909],[15.71462364]
[10.30319447],[2.23911254],[16.25101293]
[10.5429316],[2.25516087],[16.86663887]
[10.7273046],[2.27097621],[17.2981208]
[10.90213689],[2.28390586],[17.82635294]
[11.09193741],[2.2984416],[18.19314969]
[11.23569136],[2.31089917],[18.50780181]
[11.29319253],[2.32308408],[18.71374027]
[11.38082295],[2.33052551],[18.91455711]
[11.42667667],[2.33454828],[19.09768378]
[11.53690829],[2.33894649],[19.24147795]
[11.49292771],[2.34465065],[19.31212409]
[11.52294938],[2.35097744],[19.29418344]
[11.48077568],[2.35842918],[19.22954087]
[11.50369001],[2.35455143],[19.14101227]
[11.44158399],[2.33935061],[19.01680827]
[11.4533573],[2.324978],[18.88904515]
[11.38988943],[2.30948254],[18.75440251]
[11.37184235],[2.29209658],[18.57652836]
[11.30809077],[2.27332211],[18.40340695]
[11.2702159],[2.25635587],[18.22240633]
[11.23203918],[2.23948689],[18.01578359]
[11.19220958],[2.22165126],[17.76600766]
[11.17212575],[2.21006265],[17.50323054]
[11.14770211],[2.19764034],[17.24257614]
[11.096627],[2.18497334],[16.93891336]
[11.05573713],[2.17061813],[16.62520439]
[10.79930226],[2.15667157],[16.18038572]
[9.92410736],[2.1394429],[14.79046321]
[9.04253194],[2.11339688],[13.10166329]
[8.14681687],[2.08840926],[11.37339274]
[7.24088361],[2.06185286],[9.56179851]
[2.90767263],[1.00024367],[2.47785781]
[3.95359099],[1.07127033],[3.76586946]
[4.705638],[1.28534919],[5.00301691]
[5.46032365],[1.39402403],[5.80044615]
[5.7038917],[1.45783499],[6.3668991]
[5.9568326],[1.50846998],[6.89984008]
[6.19310806],[1.55499859],[7.36423023]
[6.41446725],[1.60375255],[7.91114825]
[6.58444179],[1.63679156],[8.37849687]
[6.78556345],[1.67236069],[8.87058681]
[6.78792182],[1.69025299],[9.28360853]
[6.95398127],[1.7245298],[9.781744]
[7.04534478],[1.73904945],[10.14127495]
[7.43289151],[1.79547771],[10.670345]
[7.79839581],[1.87782904],[11.17638903]
[8.14244014],[1.93708539],[11.76209266]
[8.44038968],[2.00151437],[12.27504698]
[8.84652967],[2.05656208],[12.97580602]
[9.18431179],[2.11545913],[13.60785076]
[9.536265],[2.16120749],[14.41221407]
[9.84982413],[2.20622532],[15.06049341]
[10.23860323],[2.24405344],[15.7844874]
[10.42790559],[2.27347654],[16.40743993]
[10.65240566],[2.29041159],[17.07876197]
[10.84201874],[2.3079821],[17.65247827]
[11.01849187],[2.32308682],[18.37548798]
[11.14660075],[2.33843083],[18.95197367]
[11.35627185],[2.36117554],[19.51496499]
[11.48170307],[2.37081044],[19.99305632]
[11.69296925],[2.40074442],[20.42589724]
[11.78914703],[2.41375895],[20.7112237]
[11.90520481],[2.4435389],[21.01865149]
[11.9898433],[2.44513725],[21.24826338]
[12.05346612],[2.44906465],[21.48114074]
[12.10478364],[2.45291204],[21.60764472]
[12.0683559],[2.45609572],[21.672615]
[12.08227136],[2.46102148],[21.63916937]
[12.05254096],[2.46574493],[21.60142801]
[12.04702152],[2.44515947],[21.49590636]
[11.99948035],[2.42405117],[21.40359369]
[12.000116],[2.40261071],[21.27064896]
[11.96313534],[2.37886474],[21.12983667]
[11.96511687],[2.35215697],[20.93289182]
[11.91729191],[2.33275884],[20.7317849]
[11.89655851],[2.31662664],[20.49802317]
[11.86116558],[2.29993634],[20.19723147]
[11.8397403],[2.28389883],[19.91194844]
[11.81636732],[2.26892342],[19.60240914]
[11.77077827],[2.25745011],[19.26103388]
[11.75496017],[2.24493106],[18.93087081]
[11.49902028],[2.23321571],[18.40004817]
[10.57183936],[2.2182247],[16.86642543]
[9.64631661],[2.19520806],[15.08783445]
[8.76380576],[2.17171531],[13.26838151]
[7.89277656],[2.14758574],[11.37128127]
[2.98470632],[1.01265986],[2.54074467]
[3.96772433],[1.10130664],[3.85674066]
[4.7196768],[1.30536045],[5.12092518]
[5.47412919],[1.41783991],[5.97141355]
[5.74234407],[1.48169076],[6.55028053]
[5.99360902],[1.54546173],[7.1511153]
[6.24869366],[1.59784762],[7.70879193]
[6.45144092],[1.64851308],[8.3047227]
[6.62784627],[1.68776648],[8.81804577]
[6.82783718],[1.71969093],[9.37143693]
[6.85153753],[1.73725495],[9.8676256]
[7.07198197],[1.79791052],[10.46349624]
[7.2877546],[1.87436427],[10.95065653]
[7.65344084],[1.93433323],[11.55867482]
[8.02197313],[2.00417255],[12.07737096]
[8.40032036],[2.05516462],[12.72550377]
[8.68927395],[2.1099178],[13.29412169]
[9.07303814],[2.15616394],[14.1205881]
[9.42564401],[2.20166368],[14.82531226]
[9.7969932],[2.23999525],[15.59214149]
[10.09792195],[2.28106949],[16.32507949]
[10.4964684],[2.31592928],[17.09114166]
[10.79239763],[2.34438135],[17.73927324]
[10.97283589],[2.37885337],[18.53580373]
[11.12119515],[2.39973011],[19.25310243]
[11.34916909],[2.43782815],[20.07611002]
[11.44482133],[2.45962654],[20.78566404]
[11.690754],[2.49203817],[21.55520793]
[11.85128178],[2.51364708],[22.15941131]
[12.06222907],[2.54948159],[22.75918246]
[12.24004816],[2.57488978],[23.20677909]
[12.32461403],[2.61044308],[23.61828046]
[12.44827035],[2.61543999],[23.97249782]
[12.50017252],[2.62362077],[24.24505093]
[12.58023703],[2.6305818],[24.52425144]
[12.58080636],[2.63620392],[24.62617906]
[12.61031942],[2.64462996],[24.71588115]
[12.61464657],[2.64701242],[24.64336327]
[12.63349543],[2.61186972],[24.59092938]
[12.61210573],[2.56615563],[24.42778069]
[12.61690543],[2.52181046],[24.29106334]
[12.58493147],[2.48516985],[24.07674968]
[12.58540592],[2.4605115],[23.89827548]
[12.56263749],[2.43713199],[23.63904068]
[12.5297994],[2.41009196],[23.38912128]
[12.50520444],[2.38044713],[23.08839155]
[12.48865079],[2.35595043],[22.77002305]
[12.47471599],[2.34078986],[22.41157785]
[12.44005289],[2.32545856],[22.01406128]
[12.42379733],[2.3118684],[21.611029]
[12.17265992],[2.30118445],[20.9729806]
[11.3397926],[2.28783799],[19.34250957]
[10.38664724],[2.26919948],[17.45165506]
[9.44150632],[2.24970676],[15.46178921]
[8.49609127],[2.22907109],[13.41244327]
[3.04155878],[1.01727698],[2.66088633]
[3.97048455],[1.11885186],[3.8992674]
[4.72250551],[1.31371415],[5.16993962]
[5.4791552],[1.43687986],[6.07139815]
[5.76105101],[1.50593817],[6.70175762]
[6.02496052],[1.57530199],[7.36132043]
[6.27053365],[1.62756741],[7.94900388]
[6.4842542],[1.67950034],[8.55790802]
[6.67569524],[1.71979517],[9.11629121]
[6.90265374],[1.7511474],[9.75103898]
[6.93334331],[1.83396104],[10.33972261]
[7.22637391],[1.90619868],[11.01116085]
[7.49378726],[1.97658376],[11.55845251]
[7.84509604],[2.03108011],[12.23273484]
[8.20317504],[2.0940816],[12.77668374]
[8.59919454],[2.14031368],[13.47554645]
[8.89487608],[2.19080575],[14.16168285]
[9.25813655],[2.23276479],[15.01095882]
[9.61268592],[2.2777281],[15.76998034]
[10.00704902],[2.3179626],[16.58703583]
[10.3107009],[2.36616618],[17.38246793]
[10.69355499],[2.40989469],[18.27392961]
[10.9767821],[2.46331532],[19.08131199]
[11.1924252],[2.52760793],[20.04441596]
[11.30732468],[2.56903075],[20.91970663]
[11.55728495],[2.6180266],[21.96029926]
[11.65603772],[2.65827399],[22.89812553]
[11.91184098],[2.6981867],[23.8303745]
[12.11319845],[2.7192984],[24.73029703]
[12.31117891],[2.75208848],[25.46505938]
[12.53321873],[2.77180848],[26.10332212]
[12.70238815],[2.79430217],[26.64307101]
[12.80516874],[2.79951326],[27.03930592]
[12.93887967],[2.8048447],[27.36060618]
[12.99636903],[2.80889976],[27.64773469]
[13.06927397],[2.81245992],[27.83048502]
[13.04579519],[2.81756406],[27.87454644]
[13.1184083],[2.815793],[27.85126009]
[13.07252985],[2.79510428],[27.73404525]
[13.11260653],[2.76203566],[27.62023475]
[13.05330248],[2.72779971],[27.45361861]
[13.09586904],[2.69146004],[27.25313582]
[13.03030847],[2.64784374],[26.97646073]
[13.06726286],[2.60455828],[26.69742817]
[13.00443899],[2.55962362],[26.35962141]
[12.98207546],[2.50518697],[25.9874237]
[12.96630242],[2.46658077],[25.64032007]
[12.95123111],[2.43949206],[25.25834049]
[12.92763506],[2.41170868],[24.81928203]
[12.91107949],[2.3828662],[24.36007126]
[12.61503315],[2.36293271],[23.61018217]
[11.84680961],[2.34900876],[21.82792324]
[10.95250057],[2.3323838],[19.774926]
[10.00592908],[2.31478299],[17.63356877]
[9.05797257],[2.29623393],[15.48822831]
[3.05230704],[1.02232014],[2.70086937]
[3.97598304],[1.1383945],[3.96065639]
[4.73395969],[1.3283837],[5.25793265]
[5.49541049],[1.45345698],[6.22068269]
[5.80241376],[1.52640518],[6.88228572]
[6.07706548],[1.59861784],[7.56478082]
[6.3137762],[1.65195151],[8.1713467]
[6.55882995],[1.70098454],[8.78860408]
[6.74590655],[1.74272802],[9.40621856]
[6.98898201],[1.82979029],[10.10222831]
[7.01019689],[1.91515938],[10.74360689]
[7.3936295],[1.98662529],[11.48823993]
[7.69775469],[2.05459302],[12.12771071]
[8.05312124],[2.10736788],[12.83536951]
[8.39087279],[2.16863915],[13.46804774]
[8.78728586],[2.21191991],[14.28213747]
[9.11061914],[2.25917169],[15.0134425]
[9.46717716],[2.3006108],[15.85616326]
[9.80127934],[2.34325635],[16.65302431]
[10.20246904],[2.39483464],[17.59057662]
[10.53315503],[2.45116176],[18.46325063]
[10.90467827],[2.53141217],[19.5379649]
[11.16571889],[2.61552599],[20.51553099]
[11.44105399],[2.68956622],[21.58515318]
[11.54189397],[2.72913979],[22.689239]
[11.82688706],[2.77210641],[23.87040918]
[11.99561358],[2.80692465],[24.9240896]
[12.21874941],[2.83621125],[25.99389747]
[12.44875263],[2.85585855],[26.9655284]
[12.65894473],[2.88395826],[27.84190477]
[12.84146735],[2.89786951],[28.53337307]
[13.09844103],[2.91086473],[29.09658328]
[13.15708991],[2.91772092],[29.47257828]
[13.3012025],[2.92066087],[29.81735112]
[13.36992883],[2.92338107],[30.07390665]
[13.42185803],[2.92561034],[30.31402915]
[13.43540346],[2.92891523],[30.36867953]
[13.46676607],[2.92656049],[30.33449953]
[13.48249846],[2.91169442],[30.19662311]
[13.49008686],[2.88523492],[30.0976664]
[13.49208359],[2.85839845],[29.91286333]
[13.49034772],[2.83075167],[29.75126657]
[13.48648244],[2.79645771],[29.48852935]
[13.48306281],[2.75922796],[29.25749587]
[13.47968123],[2.7185851],[28.91950429]
[13.43935902],[2.66931982],[28.51772577]
[13.42347967],[2.62133879],[28.13651698]
[13.40544304],[2.57331381],[27.72785132]
[13.37855803],[2.52163284],[27.27270152]
[13.36181797],[2.47265796],[26.75240432]
[13.06233848],[2.44461153],[25.94920028]
[12.30578054],[2.4171282],[24.07402969]
[11.50389621],[2.38433053],[21.88310547]
[10.58984229],[2.3612237],[19.62406844]
[9.643055],[2.34386077],[17.34856353]
[3.06805329],[1.02528414],[2.74030351]
[3.97827329],[1.16624522],[4.03298135]
[4.73943403],[1.34992115],[5.39761317]
[5.50064602],[1.47358386],[6.3895305]
[5.82547638],[1.54909714],[7.08515911]
[6.11251465],[1.62001507],[7.79376569]
[6.36057628],[1.6818679],[8.39887419]
[6.61421035],[1.72978109],[9.05598972]
[6.79763313],[1.77880513],[9.70720834]
[7.07005255],[1.90190402],[10.48962281]
[7.11085527],[1.98960501],[11.20863097]
[7.54165681],[2.06063032],[12.0641384]
[7.87756187],[2.12549879],[12.78919806]
[8.25485185],[2.17579974],[13.50529413]
[8.58779456],[2.23330506],[14.27821293]
[8.99226345],[2.27402351],[15.13442253]
[9.35640111],[2.31948051],[15.90137843]
[9.73538441],[2.36294314],[16.78808727]
[10.04769048],[2.41885189],[17.70787993]
[10.46235332],[2.49103163],[18.73322621]
[10.82873166],[2.57215735],[19.71827699]
[11.14927907],[2.66402871],[20.93459469]
[11.39313307],[2.7422188],[22.0252788]
[11.71045604],[2.80367398],[23.24414625]
[11.86536018],[2.83821528],[24.40284465]
[12.11807805],[2.87240584],[25.66027402]
[12.33415052],[2.90129226],[26.7711053]
[12.54039394],[2.92512337],[27.80815848]
[12.74305307],[2.94181872],[28.8833432]
[12.99346105],[2.96573362],[29.71834665]
[13.13902759],[2.97307015],[30.46672107]
[13.39307015],[2.98236021],[31.1477885]
[13.53887506],[2.99057094],[31.63610262]
[13.63094876],[2.9915097],[31.99882626]
[13.75976093],[2.99239402],[32.33349983]
[13.76186724],[2.99309106],[32.57238385]
[13.82727611],[2.99513832],[32.7282712]
[13.810103],[2.99371429],[32.68111211]
[13.86468633],[2.9833454],[32.59574542]
[13.82838557],[2.96174417],[32.42983483]
[13.87492296],[2.9396079],[32.27945271]
[13.82836859],[2.9159661],[32.02738203]
[13.87042161],[2.88961862],[31.78992603]
[13.82065714],[2.85972256],[31.50651988]
[13.8581364],[2.82808521],[31.22728606]
[13.80508908],[2.78935744],[30.84159206]
[13.80227297],[2.74637999],[30.46950501]
[13.79780733],[2.70106929],[30.06641759]
[13.78078257],[2.65510139],[29.61779174]
[13.78050533],[2.60554843],[29.10313709]
[13.48073386],[2.55355104],[28.25441613]
[12.73243224],[2.49924403],[26.32838649]
[11.9817383],[2.45788487],[24.0746131]
[11.16390556],[2.41841977],[21.73325395]
[10.2173657],[2.38611434],[19.32341121]
[3.11384668],[1.03157328],[2.83793024]
[3.98707993],[1.19389009],[4.14951983]
[4.74852263],[1.37750238],[5.54999951]
[5.50999641],[1.50482095],[6.60581447]
[5.88617157],[1.58291506],[7.38593107]
[6.17576585],[1.66016214],[8.10964738]
[6.43258122],[1.71898977],[8.71497153]
[6.6921657],[1.76568019],[9.45155802]
[6.89257796],[1.87637834],[10.22831532]
[7.23364605],[1.98687098],[11.03589594]
[7.39952523],[2.07099739],[11.82449797]
[7.78214085],[2.13727968],[12.78129074]
[8.14879208],[2.19745242],[13.52159668]
[8.55884006],[2.24129978],[14.36783831]
[8.89509387],[2.2934387],[15.18222559]
[9.26886859],[2.33182501],[15.99171634]
[9.63649276],[2.37957553],[16.81667022]
[10.0588613],[2.45155559],[17.86781441]
[10.36645664],[2.52928693],[18.84430603]
[10.74390505],[2.62106018],[19.98766629]
[11.06392201],[2.69804201],[21.17898789]
[11.40382108],[2.78135476],[22.42527155]
[11.65489899],[2.84801705],[23.67416464]
[11.99056314],[2.89757043],[24.93311947]
[12.2243189],[2.92710264],[26.19646721]
[12.43923009],[2.95357832],[27.45374315]
[12.64552224],[2.97604435],[28.57990904]
[12.89950693],[2.99623517],[29.73583641]
[13.05067296],[3.02137151],[30.80469693]
[13.31589624],[3.04969152],[31.7513194]
[13.48274122],[3.06189026],[32.62098504]
[13.70414551],[3.07288504],[33.35246771]
[13.91299909],[3.07886242],[33.96845611]
[13.99311271],[3.07892761],[34.36138263]
[14.11001581],[3.07899296],[34.74869198]
[14.1479109],[3.07903599],[34.9844596]
[14.17975967],[3.07935536],[35.14484693]
[14.20218453],[3.07383406],[35.07956477]
[14.20667769],[3.05388816],[34.97009949]
[14.21370621],[3.02755466],[34.78136764]
[14.21724007],[3.00129182],[34.63655557]
[14.22007369],[2.98066404],[34.39134991]
[14.2137665],[2.95800722],[34.16887103]
[14.21464806],[2.93324403],[33.87573822]
[14.20586511],[2.90712773],[33.59536913]
[14.19764294],[2.87566027],[33.22592233]
[14.16772684],[2.84149941],[32.85346004]
[14.1640578],[2.805945],[32.44605465]
[14.15644379],[2.76639847],[32.01517776]
[14.15201237],[2.72120656],[31.52087501]
[13.83308252],[2.67477874],[30.65996749]
[13.08460898],[2.62738849],[28.66831145]
[12.33350395],[2.57176768],[26.32994939]
[11.57467802],[2.52799643],[23.85920964]
[10.70398563],[2.49856404],[21.37641608]
[3.16540297],[1.04283671],[2.94497071]
[4.00051281],[1.23750355],[4.33816694]
[4.7614727],[1.4158894],[5.75361937]
[5.52196338],[1.53964395],[6.8754388]
[5.99878804],[1.6276638],[7.73435368]
[6.26457499],[1.69737649],[8.43487056]
[6.54823981],[1.75269497],[9.09731422]
[6.79854974],[1.80887597],[9.87398435]
[6.99372899],[1.95427892],[10.73432168]
[7.42419952],[2.05640472],[11.61209106]
[7.71029618],[2.13737072],[12.42858469]
[8.08621156],[2.1990817],[13.40439806]
[8.41990975],[2.25255336],[14.26258557]
[8.83303109],[2.29536626],[15.1665662]
[9.20271595],[2.3464928],[15.99857683]
[9.57648982],[2.39953293],[16.88978937]
[9.91858526],[2.47567138],[17.85790681]
[10.34455036],[2.57673026],[19.01733785]
[10.69116652],[2.66110976],[20.15187915]
[11.01565674],[2.7495366],[21.43980031]
[11.29168829],[2.81739152],[22.71124109]
[11.65434275],[2.88566947],[24.07085487]
[11.94370369],[2.93982694],[25.39466779]
[12.28066124],[2.97713868],[26.72740773]
[12.54164251],[2.99856369],[27.98669161]
[12.80120812],[3.02947004],[29.24022415]
[12.95210616],[3.05969546],[30.47907145]
[13.23071913],[3.08579632],[31.58378229]
[13.38876825],[3.1140962],[32.72856609]
[13.62063542],[3.1382918],[33.75567283]
[13.83175167],[3.15148795],[34.74319949]
[14.03817442],[3.16202079],[35.55729198]
[14.23226757],[3.1642484],[36.28881939]
[14.39284758],[3.16350833],[36.82264963]
[14.46199286],[3.16280681],[37.24295913]
[14.54471848],[3.16219696],[37.59028416]
[14.53893043],[3.16159098],[37.75586004]
[14.60000566],[3.15722658],[37.80302392]
[14.54867323],[3.14000686],[37.61110217]
[14.60157295],[3.12250095],[37.43918541]
[14.55932214],[3.09512798],[37.17731837]
[14.61127607],[3.0610631],[36.95825594]
[14.5578353],[3.02631196],[36.65004091]
[14.60970219],[2.99864473],[36.38650812]
[14.55253685],[2.97668894],[36.04207808]
[14.59143027],[2.95046412],[35.70190158]
[14.53648864],[2.92287532],[35.2972033]
[14.52993912],[2.89437663],[34.88641984]
[14.52155576],[2.86391856],[34.44580108]
[14.51257499],[2.82929581],[33.95985011]
[14.21924785],[2.79224213],[33.08275376]
[13.47700067],[2.75231621],[31.05712408]
[12.72750543],[2.7033401],[28.69594941]
[11.93677699],[2.65293638],[26.22950565]
[11.15240737],[2.60599696],[23.62339642]
[3.18656727],[1.05847166],[3.04305562]
[4.01987006],[1.28970213],[4.54205308]
[4.77949504],[1.45762871],[5.97386049]
[5.53926816],[1.57717261],[7.19929309]
[6.12134306],[1.67201077],[8.10220462]
[6.39308755],[1.73435194],[8.79127803]
[6.6725705],[1.7870184],[9.53459723]
[6.9310828],[1.89362495],[10.37736713]
[7.11237757],[2.02634519],[11.2741262]
[7.62945721],[2.12020874],[12.19889238]
[7.98969401],[2.19600071],[13.09370774]
[8.41166475],[2.25292141],[14.09474044]
[8.72268842],[2.30356335],[15.06222679]
[9.11718231],[2.34413329],[15.945624]
[9.50104667],[2.40370802],[16.85821141]
[9.89621247],[2.48558312],[17.87524822]
[10.21719479],[2.57503445],[18.93031219]
[10.62886816],[2.66853966],[20.13773399]
[10.96916912],[2.75334308],[21.43380409]
[11.27691914],[2.83186442],[22.7384113]
[11.52587291],[2.90471829],[24.13455715]
[11.91175305],[2.96616684],[25.558767]
[12.23234426],[3.01182294],[26.95400977]
[12.57232822],[3.05961663],[28.31801337]
[12.82765277],[3.09110701],[29.60360614]
[13.13665785],[3.1215459],[30.98800951]
[13.26459004],[3.15320607],[32.19358674]
[13.53052254],[3.17908894],[33.4282598]
[13.73944529],[3.21020508],[34.71790254]
[13.93446998],[3.22992646],[35.81166058]
[14.13929683],[3.24570166],[36.9186955]
[14.38236108],[3.25412549],[37.90444927]
[14.55657664],[3.25969932],[38.75902364]
[14.74580833],[3.26959598],[39.45164484]
[14.83436154],[3.26313484],[39.871954]
[14.89528123],[3.25652659],[40.24692051]
[14.92890098],[3.25043408],[40.41982393]
[14.9656958],[3.24514293],[40.50329403]
[14.94191356],[3.2388131],[40.33610085]
[14.95985037],[3.22957215],[40.16375469]
[14.94753745],[3.19815748],[39.87466855]
[14.96385883],[3.16442873],[39.64519525]
[14.94619424],[3.1304142],[39.30258752]
[14.95315162],[3.09736592],[39.01906553]
[14.93629556],[3.06621454],[38.63102859]
[14.93188005],[3.03281488],[38.28521894]
[14.91971768],[3.0006577],[37.86123674]
[14.89101215],[2.96891731],[37.4423396]
[14.88449508],[2.93884154],[36.959747]
[14.87728606],[2.91040065],[36.4325189]
[14.57211835],[2.8798794],[35.49023968]
[13.83254658],[2.84645696],[33.3993742]
[13.08489171],[2.80622697],[30.97292491]
[12.32990235],[2.76034958],[28.44891678]
[11.54376527],[2.70680022],[25.80118673]
[3.20861931],[1.08970457],[3.16544437]
[4.02884688],[1.33774121],[4.7329386]
[4.78804569],[1.49904155],[6.18491687]
[5.54534303],[1.61168573],[7.49048124]
[6.22799909],[1.70849239],[8.45554692]
[6.50902976],[1.76706764],[9.18678493]
[6.77180645],[1.83402113],[9.97483501]
[7.02381715],[1.96528331],[10.87298377]
[7.34187911],[2.0874123],[11.83278192]
[7.80025041],[2.17285409],[12.77995575]
[8.21734414],[2.2465394],[13.72251412]
[8.68028013],[2.30201928],[14.8344176]
[9.01860999],[2.35002734],[15.7869526]
[9.38051756],[2.40104226],[16.77019249]
[9.76027831],[2.47841095],[17.8093942]
[10.17790436],[2.580542],[18.902619]
[10.51145149],[2.66473401],[20.03329023]
[10.88803975],[2.7568483],[21.36622528]
[11.17991174],[2.84047362],[22.72051013]
[11.51374744],[2.91169809],[24.10563173]
[11.77440242],[2.9843875],[25.52680514]
[12.14271415],[3.04101473],[26.94985398]
[12.47834713],[3.08676852],[28.42373184]
[12.83344863],[3.14281095],[29.81143061]
[13.10956704],[3.17531841],[31.26566041]
[13.42515787],[3.20421544],[32.59716308]
[13.60438876],[3.23775887],[33.9018107]
[13.81987335],[3.26357375],[35.23431344]
[14.04743418],[3.31162403],[36.66606059]
[14.26975645],[3.34385901],[37.90919046]
[14.43132754],[3.38029266],[39.16302989]
[14.70056876],[3.40789032],[40.35079536]
[14.88353436],[3.42401466],[41.2818026]
[15.07476444],[3.42533976],[42.14145536]
[15.2192737],[3.42200949],[42.71789637]
[15.24046639],[3.41657791],[43.12731276]
[15.33990569],[3.41202215],[43.36306705]
[15.34753515],[3.40774233],[43.4553768]
[15.37627127],[3.39727691],[43.38719112]
[15.32733146],[3.37138446],[43.11122728]
[15.35517403],[3.34183084],[42.79772068]
[15.31219377],[3.29048592],[42.44346611]
[15.34584468],[3.27123236],[42.11528929]
[15.29623669],[3.24002775],[41.73152945]
[15.33503534],[3.19590546],[41.38532652]
[15.28098729],[3.13676529],[40.9246145]
[15.31987484],[3.10160291],[40.50512811]
[15.26584578],[3.07150051],[40.00606154]
[15.26149134],[3.03941026],[39.53048821]
[15.25870571],[3.00563121],[38.97238669]
[14.95118139],[2.97143842],[38.01846362]
[14.21465325],[2.93554813],[35.8824108]
[13.46698751],[2.89493989],[33.42358282]
[12.72503359],[2.85705997],[30.84736134]
[11.98184118],[2.8090332],[28.18397452]
[3.23411387],[1.14773657],[3.31621709]
[4.0401376],[1.38990665],[4.94573401]
[4.79669331],[1.54806876],[6.41263519]
[5.55240884],[1.6529215],[7.78391084]
[6.3094032],[1.74456274],[8.81811128]
[6.63610955],[1.80027488],[9.62961515]
[6.89985877],[1.92454356],[10.54090514]
[7.16893955],[2.04180279],[11.46252908]
[7.59225671],[2.14797028],[12.46003316]
[8.04347538],[2.22706521],[13.4524667]
[8.46300726],[2.29891781],[14.4610898]
[8.93506478],[2.35132156],[15.60646959]
[9.33756183],[2.40268513],[16.59509293]
[9.70065689],[2.48211275],[17.73008524]
[10.03749061],[2.57664515],[18.89237787]
[10.45523461],[2.67017717],[20.03328357]
[10.82261771],[2.75726208],[21.30780461]
[11.13796849],[2.84004624],[22.70138973]
[11.40479712],[2.91744707],[24.13862205]
[11.76781511],[2.99144243],[25.52690791]
[12.06263901],[3.0473996],[26.97009624]
[12.40278318],[3.11309776],[28.48039761]
[12.73415607],[3.17097222],[30.00074562]
[13.1226225],[3.21719787],[31.46891601]
[13.399405],[3.25389461],[32.92256056]
[13.73745549],[3.28431658],[34.326412]
[13.95207173],[3.35523734],[35.83767339]
[14.16548163],[3.4061475],[37.23467673]
[14.35012155],[3.46715365],[38.89240396]
[14.62233913],[3.49140071],[40.26114781]
[14.75446623],[3.52832727],[41.60387448]
[15.00787421],[3.5603552],[42.82363485]
[15.24029407],[3.57649366],[43.95686632]
[15.40391739],[3.58414655],[44.88140363]
[15.59152269],[3.58009634],[45.62026533]
[15.63118818],[3.57472115],[46.08455726]
[15.71694152],[3.57002974],[46.4154564]
[15.73281366],[3.56577938],[46.52608982]
[15.75653451],[3.54311315],[46.47367303]
[15.73072532],[3.49199472],[46.19694136]
[15.73563098],[3.46759849],[45.86641447]
[15.71201002],[3.42430003],[45.45102515]
[15.72568154],[3.39938953],[45.06759356]
[15.69225013],[3.37571224],[44.61159067]
[15.70684259],[3.34199571],[44.23802073]
[15.68093119],[3.29288945],[43.75862353]
[15.69896194],[3.24160766],[43.35479735]
[15.67661058],[3.18891026],[42.81301764]
[15.66259143],[3.13532476],[42.28877748]
[15.66370394],[3.10406299],[41.72968278]
[15.3318885],[3.07316412],[40.67771123]
[14.59667791],[3.04050208],[38.44111546]
[13.8553679],[3.00425855],[35.88959908]
[13.11697787],[2.9690324],[33.26631786]
[12.38209568],[2.92031204],[30.51641927]
[3.25545696],[1.22543996],[3.50829866]
[4.0479657],[1.44071157],[5.14514218]
[4.80284388],[1.5936081],[6.63366131]
[5.56028681],[1.69729993],[8.05294156]
[6.3172503],[1.77714422],[9.24829088]
[6.76206245],[1.86112941],[10.09549648]
[7.01163166],[1.99759204],[11.06594057]
[7.39336743],[2.10090807],[12.05787817]
[7.84161497],[2.20884649],[13.08314588]
[8.29819605],[2.28041275],[14.10551674]
[8.714834],[2.34869009],[15.24854615]
[9.18889238],[2.40309102],[16.35563499]
[9.59916862],[2.48591689],[17.48987854]
[10.02054027],[2.58672285],[18.76530774]
[10.3462598],[2.68016036],[20.06919071]
[10.72596663],[2.76565797],[21.31306452]
[11.05106394],[2.84993473],[22.71497365]
[11.38351577],[2.92872549],[24.10767234]
[11.64134757],[2.99587396],[25.63151573]
[12.02394869],[3.05647551],[26.96281376]
[12.35675365],[3.11966461],[28.55973804]
[12.69928604],[3.19686381],[30.01281698]
[12.99069606],[3.24820621],[31.68476564]
[13.37870681],[3.28212349],[33.06012683]
[13.68851277],[3.34952722],[34.59217054]
[14.03601659],[3.40496985],[36.15204272]
[14.26074501],[3.47077334],[37.76975092]
[14.51805221],[3.51470645],[39.23611392]
[14.65383916],[3.57364047],[40.96595159]
[14.92547233],[3.61014574],[42.42221009]
[15.10597186],[3.67054943],[43.85637399]
[15.31821721],[3.69403177],[45.19202888]
[15.55796985],[3.71530148],[46.37757432]
[15.77066948],[3.71930936],[47.54324296]
[15.93415572],[3.71822934],[48.43870164]
[16.03538056],[3.71694757],[49.08919003]
[16.06713561],[3.71303958],[49.51731624]
[16.13578392],[3.70944021],[49.76747462]
[16.13200035],[3.68510987],[49.86249697]
[16.15422845],[3.63759837],[49.68049045]
[16.12903693],[3.58965498],[49.32590141]
[16.14087153],[3.54325825],[48.82247581]
[16.12262897],[3.52683211],[48.32264994]
[16.13780257],[3.50356256],[47.77722741]
[16.10805666],[3.46728063],[47.28704144]
[16.13349364],[3.42111575],[46.77265548]
[16.10780739],[3.3777513],[46.29944091]
[16.13127537],[3.33354004],[45.77472742]
[16.10317869],[3.2868269],[45.19248074]
[16.11000693],[3.23324344],[44.61407359]
[15.75593587],[3.1880201],[43.48745494]
[15.02793432],[3.14542131],[41.20100972]
[14.30126889],[3.10760184],[38.63384156]
[13.57352221],[3.07670835],[35.96292162]
[12.84553447],[3.03549808],[33.06359444]
[3.26236987],[1.04461737],[2.8057044]
[4.05843758],[1.2417144],[4.29536542]
[4.81400033],[1.35030515],[5.72787095]
[5.57092209],[1.42250394],[7.06346363]
[6.32485066],[1.57348701],[8.31862036]
[6.92362687],[1.70222731],[9.19278378]
[7.14381841],[1.81550337],[10.1965139]
[7.63915032],[1.90847312],[11.12856868]
[8.09192278],[1.99898885],[12.1945369]
[8.57308104],[2.08044796],[13.22768512]
[8.99440008],[2.16126862],[14.34824334]
[9.46100725],[2.27993351],[15.42957807]
[9.87388182],[2.38220554],[16.73938833]
[10.30944611],[2.46577466],[17.96589459]
[10.67167782],[2.5504968],[19.38066759]
[10.99620945],[2.62399069],[20.65441695]
[11.28148199],[2.68798491],[22.08903441]
[11.64098343],[2.74309079],[23.42319061]
[11.92903809],[2.79278234],[24.93277182]
[12.27999318],[2.85815827],[26.31400395]
[12.61518825],[2.92678476],[27.94667099]
[12.99561576],[2.99397215],[29.39541212]
[13.26172507],[3.07864482],[31.00566609]
[13.63223044],[3.17040494],[32.39109502]
[13.96462564],[3.23872313],[34.10271406]
[14.31382914],[3.28417787],[35.64165302]
[14.55938463],[3.35223502],[37.42012718]
[14.83494904],[3.40400678],[38.95671716]
[15.00299395],[3.47337851],[40.74917065]
[15.22482254],[3.518222],[42.20515924]
[15.44522132],[3.56909025],[43.82013441]
[15.65492634],[3.59705152],[45.12231118]
[15.87270092],[3.61141251],[46.49143892]
[16.0961859],[3.6180187],[47.68911418]
[16.31030557],[3.61547637],[48.87234743]
[16.48186905],[3.6127615],[49.80241751]
[16.57138702],[3.61030411],[50.36083697]
[16.67665575],[3.60801864],[50.67592584]
[16.70907362],[3.59363141],[50.81339749]
[16.72695017],[3.5891556],[50.89493279]
[16.74937641],[3.58535816],[50.56976865]
[16.74238573],[3.58158561],[50.17054915]
[16.76100417],[3.57755756],[49.59964551]
[16.7497397],[3.55970005],[49.12368287]
[16.76567392],[3.53523882],[48.57574828]
[16.75250499],[3.48983245],[48.02820701]
[16.78506461],[3.43503755],[47.47036452]
[16.76035273],[3.37710586],[46.91636856]
[16.79777304],[3.33407268],[46.34014599]
[16.77341544],[3.29152279],[45.66751693]
[16.39492126],[3.2548332],[44.49002235]
[15.66693698],[3.22060392],[42.42312387]
[14.93731899],[3.18373742],[40.08568046]
[14.21252207],[3.14600315],[37.58790482]
[13.48453743],[3.10654406],[34.93922878]
[2.48434296],[0.33356818],[0.6052478]
[3.64554783],[0.51225261],[1.47011087]
[4.70926664],[0.61237512],[2.29814405]
[5.57168764],[0.68342343],[3.0367298]
[6.35844059],[0.88376576],[3.8428752]
[6.52200325],[0.99349211],[4.49430479]
[6.92763644],[1.1010152],[5.34551653]
[7.07424247],[1.18920595],[6.0596477]
[7.43688277],[1.27529646],[6.81515975]
[7.82418984],[1.35663359],[7.60144212]
[8.24949573],[1.45643541],[8.38619008]
[8.70502323],[1.59758512],[9.26480559]
[9.22407451],[1.69947492],[10.34422713]
[9.59500165],[1.7835069],[11.32753631]
[10.14798997],[1.8592931],[12.58215032]
[10.49348927],[1.92295907],[13.58729924]
[10.97527567],[1.97534637],[14.80592565]
[11.22424429],[2.02254985],[15.88040319]
[11.73536908],[2.0921062],[17.31284046]
[11.97542248],[2.15652901],[18.41845131]
[12.45997337],[2.22546158],[19.80639343]
[12.65251835],[2.29156026],[20.98414816]
[13.0949691],[2.43288283],[22.42278923]
[13.31202615],[2.51091386],[23.6926929]
[13.70661774],[2.58253393],[25.21936037]
[13.92419957],[2.63460719],[26.65573342]
[14.36809853],[2.70003216],[28.30342461]
[14.6170436],[2.74653778],[29.70119462]
[14.9815507],[2.81564058],[31.28585214]
[15.25461682],[2.8636546],[32.65305602]
[15.65437498],[2.91497733],[34.09630943]
[15.8397216],[2.95829027],[35.4455918]
[16.07445011],[2.96867456],[36.69152702]
[16.30716999],[2.97205043],[38.00382276]
[16.53218004],[2.97145135],[39.1278346]
[16.87557372],[2.97101164],[40.29086858]
[17.1953632],[2.97039606],[41.09004104]
[17.36369503],[2.97829517],[41.66642822]
[17.44792665],[2.9902887],[42.03430239]
[17.4632989],[3.0032213],[42.20647138]
[17.47683348],[3.00173674],[42.15763698]
[17.49557878],[2.99939571],[41.84686961]
[17.50336867],[2.99197114],[41.38486326]
[17.53333682],[2.98494436],[40.75337003]
[17.52460548],[2.9780084],[40.14653707]
[17.5714821],[2.94181929],[39.48462574]
[17.5615934],[2.86918427],[38.8223763]
[17.61420164],[2.79243651],[38.11468641]
[17.59456891],[2.71574632],[37.44026581]
[17.66876756],[2.65300777],[36.72366004]
[17.26564657],[2.59922089],[35.67809565]
[16.55349505],[2.57002952],[34.06059569]
[15.84333641],[2.54000693],[32.2635654]
[15.13207193],[2.50922287],[30.24809565]
[14.42209208],[2.47520413],[28.00875287]
