meltWidth,meltDepth,meltArea
[0.83350985],[0.10433105],[0.04819653]
[1.11739964],[0.0776008],[0.05656699]
[1.23007645],[0.10982123],[0.10110525]
[1.54837621],[0.1512365],[0.16626135]
[1.49042802],[0.18428146],[0.17090914]
[1.42647866],[0.20519633],[0.1677937]
[1.32174287],[0.18449234],[0.14107612]
[1.27947082],[0.16899322],[0.12917238]
[1.22925745],[0.16447054],[0.11933595]
[1.19224149],[0.14878763],[0.10449264]
[1.16803876],[0.16432965],[0.10644005]
[1.09255899],[0.13500629],[0.08110972]
[1.10237435],[0.17628504],[0.10034185]
[1.0146429],[0.12445779],[0.06477667]
[0.97762968],[0.14724351],[0.07069031]
[0.84072867],[0.10506393],[0.0430328]
[0.80173504],[0.11758806],[0.04606064]
[0.58169015],[0.06631201],[0.01848948]
[0.61550292],[0.08920916],[0.02661594]
[0.37538469],[0.04352505],[0.00765188]
[0.40717863],[0.05646177],[0.0109361]
[0.02011253],[0.00208146],[2.04846856e-06]
[0.19180723],[0.02648844],[0.00227395]
[0.],[0.],[0.]
[0.],[0.],[0.]
[0.],[0.],[0.]
[0.],[0.],[0.]
[0.],[0.],[0.]
[0.],[0.],[0.]
[0.],[0.],[0.]
[0.],[0.],[0.]
[0.],[0.],[0.]
[0.],[0.],[0.]
[0.],[0.],[0.]
[0.],[0.],[0.]
[0.],[0.],[0.]
[0.],[0.],[0.]
[0.],[0.],[0.]
[0.],[0.],[0.]
[0.],[0.],[0.]
[0.],[0.],[0.]
[0.],[0.],[0.]
[0.],[0.],[0.]
[0.],[0.],[0.]
[0.],[0.],[0.]
[0.],[0.],[0.]
[0.],[0.],[0.]
[0.],[0.],[0.]
[0.],[0.],[0.]
[0.],[0.],[0.]
[0.],[0.],[0.]
[0.],[0.],[0.]
[0.],[0.],[0.]
[0.],[0.],[0.]
[0.],[0.],[0.]
[0.25520014],[0.07474719],[0.00920117]
[1.73062802],[0.17129564],[0.22429174]
[1.89424756],[0.4985119],[0.69062229]
[2.0307642],[1.00240997],[1.58904744]
[2.0810402],[1.07461134],[1.82150153]
[2.13039752],[1.09381892],[1.97949186]
[2.08872848],[1.14136628],[2.09066379]
[2.08966117],[1.16529853],[2.11187486]
[2.0516901],[1.180292],[2.17423487]
[2.0529857],[1.19049529],[2.17409211]
[2.10390026],[1.20858],[2.22889813]
[2.09490553],[1.22890795],[2.23731474]
[2.17129223],[1.24909363],[2.31216179]
[2.16622133],[1.25907035],[2.29129654]
[2.25709682],[1.26043433],[2.34837895]
[2.24216412],[1.2566895],[2.30424513]
[2.33798954],[1.25271984],[2.34094161]
[2.31286365],[1.25043877],[2.28956654]
[2.39423058],[1.24733721],[2.31061264]
[2.3917428],[1.24392604],[2.27233087]
[2.48470596],[1.24019774],[2.2875102]
[2.47552344],[1.2373912],[2.25101381]
[2.55966743],[1.23222546],[2.26399841]
[2.55326885],[1.22587458],[2.23315797]
[2.60276288],[1.21846507],[2.22103758]
[2.58406932],[1.21207116],[2.16987627]
[2.60453644],[1.20392655],[2.16550227]
[2.5996867],[1.19744184],[2.11274828]
[2.61626362],[1.18864945],[2.09972302]
[2.58535532],[1.16986809],[2.03841298]
[2.64244258],[1.1896931],[2.06776809]
[2.62216704],[1.12508167],[2.00840014]
[2.65407089],[1.10556051],[1.97462566]
[2.6386176],[1.0874086],[1.91929785]
[2.62459817],[1.07365736],[1.87244443]
[2.63020692],[1.05619735],[1.83428603]
[2.63012182],[1.04116877],[1.80310615]
[2.63951458],[1.02614887],[1.75721846]
[2.6479417],[1.01588476],[1.72637604]
[2.64799193],[1.01042901],[1.69880293]
[2.64085651],[1.00271624],[1.67261875]
[2.64537637],[0.99549108],[1.57348304]
[2.64993566],[0.98396505],[1.47122901]
[2.64748015],[0.96523555],[1.42760759]
[2.64839914],[0.95310832],[1.39316759]
[2.62734643],[0.93444943],[1.36096237]
[2.60945369],[0.9146099],[1.3336015]
[2.59468296],[0.90542152],[1.32163051]
[2.57651697],[0.89220866],[1.29281063]
[2.5668689],[0.86866175],[1.26769188]
[2.548382],[0.84986613],[1.22808381]
[2.5334549],[0.82397172],[1.17098989]
[2.49038353],[0.78134501],[1.07901207]
[2.3214524],[0.66736647],[0.8660695]
[0.],[0.],[0.]
[0.38230242],[0.14336807],[0.02686804]
[1.89232672],[0.30086302],[0.41748803]
[2.05041025],[0.72675315],[1.01939354]
[2.1858611],[1.12854013],[1.94501001]
[2.24768877],[1.19554587],[2.21708089]
[2.31562432],[1.24970767],[2.40030683]
[2.28335805],[1.32499557],[2.54785289]
[2.30070952],[1.35155457],[2.61213294]
[2.27791808],[1.36609603],[2.71541877]
[2.29553025],[1.3729475],[2.73163785]
[2.34520182],[1.37608476],[2.8021873]
[2.34075187],[1.37928778],[2.81172976]
[2.4431885],[1.38158358],[2.87365734]
[2.46129268],[1.37971907],[2.87706542]
[2.61017684],[1.37064962],[2.95965038]
[2.63959878],[1.36337947],[2.96690417]
[2.73726214],[1.35268711],[3.00545728]
[2.72601429],[1.34700315],[2.97820025]
[2.79433454],[1.34267874],[3.00502685]
[2.7881359],[1.34075706],[2.99271311]
[2.83841417],[1.33564745],[2.99576817]
[2.82049815],[1.33066413],[2.95434227]
[2.83715575],[1.32555362],[2.93986487]
[2.84949229],[1.32220811],[2.90514922]
[2.85778467],[1.31679099],[2.88945842]
[2.89764412],[1.31016631],[2.86554416]
[2.87319728],[1.30249532],[2.84100455]
[2.90907835],[1.29508507],[2.81231175]
[2.88432744],[1.28074749],[2.77304251]
[2.9119085],[1.27068242],[2.72855312]
[2.91880108],[1.26821702],[2.72584356]
[2.93565971],[1.24934683],[2.67600854]
[2.92664718],[1.24013383],[2.63257805]
[2.92327333],[1.23063192],[2.54972848]
[2.88782906],[1.22110198],[2.4880928]
[2.88213881],[1.19910809],[2.4345373]
[2.87001127],[1.17929781],[2.39362014]
[2.86723505],[1.16073392],[2.37579708]
[2.86802468],[1.15613828],[2.35708604]
[2.85482195],[1.15168082],[2.32888069]
[2.83507567],[1.15519041],[2.30616337]
[2.81889656],[1.15675021],[2.23183982]
[2.81776082],[1.14274887],[2.1515251]
[2.82432016],[1.12694597],[2.09562773]
[2.83218093],[1.09475632],[2.00174119]
[2.82337567],[1.05498527],[1.9071008]
[2.80859067],[1.03838975],[1.82926801]
[2.78170477],[1.02293041],[1.79904923]
[2.75331988],[1.00159906],[1.72997952]
[2.73022149],[0.97693088],[1.68266421]
[2.70543347],[0.96609321],[1.65508406]
[2.7026217],[0.94250825],[1.60297988]
[2.70280688],[0.91641983],[1.56388159]
[4.1610042],[1.25280609],[3.84651321]
[1.27944299],[0.22734497],[0.14201919]
[0.46589971],[0.1673567],[0.03827709]
[1.96738258],[0.40559223],[0.57896322]
[2.11403749],[0.909823],[1.25765391]
[2.2239674],[1.18942465],[2.13763962]
[2.27965893],[1.25843604],[2.41095568]
[2.33281573],[1.32947651],[2.60926996]
[2.31081244],[1.39622191],[2.78752157]
[2.32332988],[1.41939841],[2.87424082]
[2.46765212],[1.43044013],[2.99784542]
[2.47140423],[1.43707346],[3.02671874]
[2.62315661],[1.4422209],[3.12767045]
[2.67857196],[1.43873071],[3.1628724]
[2.8062034],[1.43086695],[3.25484495]
[2.84198808],[1.42565276],[3.29590233]
[2.9380281],[1.41443597],[3.35554031]
[2.95405285],[1.40725609],[3.37640546]
[3.01828551],[1.40007047],[3.38830836]
[3.04386789],[1.39461406],[3.36528683]
[3.03618532],[1.39083516],[3.33215697]
[3.09356291],[1.38893422],[3.32354014]
[3.0769336],[1.38470383],[3.28699574]
[3.1636908],[1.38118709],[3.2838904]
[3.12664577],[1.37713394],[3.24874243]
[3.17316428],[1.37349558],[3.23075822]
[3.12562727],[1.36771468],[3.19284831]
[3.1632539],[1.36155761],[3.17225366]
[3.11488764],[1.35423292],[3.13168316]
[3.15297554],[1.34831185],[3.10389673]
[3.11094349],[1.33489358],[3.05961844]
[3.13466408],[1.32483604],[3.01764674]
[3.1171318],[1.3224622],[3.00342373]
[3.14746058],[1.30137435],[2.9568505]
[3.11323043],[1.29099316],[2.91986964]
[3.13392125],[1.27991863],[2.85400217]
[3.09143864],[1.26945533],[2.79691373]
[3.08721978],[1.25597143],[2.75010717]
[3.07451157],[1.23743368],[2.72737402]
[3.06716262],[1.21826251],[2.72630997]
[3.06549595],[1.2147316],[2.72813126]
[3.05097591],[1.21302839],[2.72052738]
[3.0234893],[1.21353026],[2.69936275]
[3.01526524],[1.21162624],[2.66442632]
[3.00895794],[1.20242687],[2.62267248]
[3.00377679],[1.18671527],[2.54625512]
[3.02904963],[1.16483687],[2.48986609]
[3.04780561],[1.1419344],[2.42647321]
[3.05372584],[1.11622882],[2.3678997]
[3.06086865],[1.10572553],[2.32944822]
[3.07185765],[1.08485145],[2.24322867]
[3.0498493],[1.06143916],[2.17720159]
[2.99140348],[1.03907117],[2.12702432]
[2.94477443],[1.01559823],[2.03724577]
[2.90656457],[0.98599272],[1.96883555]
[4.82939682],[1.49000716],[4.71733385]
[2.38829042],[0.8915463],[1.3195528]
[0.68659511],[0.19244626],[0.08281298]
[1.69822281],[0.44304163],[0.49529067]
[1.99735374],[0.96456219],[1.47792749]
[2.05332246],[1.20240328],[2.08415911]
[2.12896399],[1.30351165],[2.34630448]
[2.28402076],[1.36457745],[2.54658563]
[2.43215309],[1.41258949],[2.69685879]
[2.48722438],[1.43370676],[2.77877817]
[2.69879552],[1.44164943],[2.91769268]
[2.81195647],[1.44608871],[2.99344003]
[2.91950043],[1.44388447],[3.0759618]
[2.95725807],[1.43949057],[3.10767957]
[3.03144254],[1.43188793],[3.17035069]
[3.05562588],[1.42482974],[3.19055472]
[3.11322923],[1.41238436],[3.22926394]
[3.15515055],[1.40639244],[3.23515502]
[3.15871405],[1.39994925],[3.20760641]
[3.26164603],[1.39332343],[3.20220878]
[3.21975508],[1.38852629],[3.1670155]
[3.34505565],[1.38543377],[3.17138913]
[3.28384298],[1.37956437],[3.12518639]
[3.33836023],[1.37457178],[3.10516554]
[3.25735257],[1.36895899],[3.06395235]
[3.29268078],[1.3641469],[3.04167391]
[3.23669456],[1.3559663],[3.00350707]
[3.29300354],[1.34818734],[2.97256833]
[3.22917204],[1.3397659],[2.94354366]
[3.28214497],[1.33206435],[2.89286667]
[3.22654143],[1.31734749],[2.85635668]
[3.26658497],[1.30488075],[2.79941044]
[3.2348621],[1.30339949],[2.78909161]
[3.27446693],[1.25689957],[2.72324656]
[3.2269966],[1.2370448],[2.68686116]
[3.25819698],[1.21652415],[2.62285391]
[3.20999441],[1.19818128],[2.55844822]
[3.20483739],[1.17744723],[2.51150039]
[3.19207012],[1.15616544],[2.46881106]
[3.18641215],[1.14561227],[2.44459493]
[3.18445043],[1.14127931],[2.43244748]
[3.17247922],[1.1360055],[2.41843624]
[3.14864462],[1.1302102],[2.4073859]
[3.14927676],[1.11981399],[2.38266008]
[3.1414175],[1.11578866],[2.37421468]
[3.14116144],[1.10460287],[2.36493438]
[3.14965771],[1.09042096],[2.31292965]
[3.16052866],[1.07108743],[2.23594577]
[3.19754187],[1.04990573],[2.19055205]
[3.23720473],[1.03102978],[2.1682179]
[3.27008684],[1.01739872],[2.14231856]
[3.27800935],[1.00925417],[2.11845375]
[3.27514066],[0.99508205],[2.09363235]
[3.21806303],[0.97662789],[2.04622273]
[3.1558005],[0.95693364],[1.99281407]
[4.99629967],[1.52128419],[5.17942862]
[3.05045812],[1.02000366],[1.83385203]
[1.35139991],[0.73978863],[0.49427829]
[1.57768838],[0.54881422],[0.57150102]
[1.84941326],[1.07471335],[1.61328121]
[2.0078128],[1.29130601],[2.19685548]
[2.30303317],[1.37985858],[2.49623258]
[2.46390825],[1.4235014],[2.7012988]
[2.59685266],[1.46265141],[2.8586665]
[2.73432985],[1.48172683],[2.99578158]
[2.95389672],[1.48901668],[3.19911112]
[3.05868097],[1.49219866],[3.28166053]
[3.11971924],[1.49045371],[3.3473368]
[3.14315998],[1.48884054],[3.37321238]
[3.18283468],[1.48250991],[3.41608536]
[3.20857712],[1.4766975],[3.43673094]
[3.23766591],[1.46623269],[3.44917787]
[3.31051418],[1.46072644],[3.44441052]
[3.29615457],[1.45334014],[3.41540473]
[3.47657112],[1.44645039],[3.44260742]
[3.37206092],[1.44041182],[3.38087123]
[3.46135105],[1.43536487],[3.36765984]
[3.34923376],[1.42902521],[3.31025173]
[3.40803699],[1.42303541],[3.28120241]
[3.31386951],[1.41592431],[3.24751044]
[3.35314246],[1.40978226],[3.21486565]
[3.30041243],[1.40111476],[3.18658858]
[3.36079717],[1.39208839],[3.14643571]
[3.295118],[1.38315174],[3.1209545]
[3.35283592],[1.37612032],[3.07625374]
[3.29434181],[1.36262159],[3.04431767]
[3.33626159],[1.35276125],[2.98778186]
[3.30179466],[1.35418596],[2.99165897]
[3.34294334],[1.3282343],[2.91437125]
[3.29412236],[1.31171919],[2.88625723]
[3.32871933],[1.29240223],[2.82520769]
[3.28009828],[1.27341841],[2.76479887]
[3.27549585],[1.25236638],[2.72069333]
[3.2639345],[1.23821625],[2.69024118]
[3.25735385],[1.23784988],[2.67230122]
[3.25428296],[1.23283654],[2.65192099]
[3.25004348],[1.22987848],[2.647507]
[3.24142017],[1.22736935],[2.6490683]
[3.23595935],[1.22440622],[2.62993292]
[3.22625477],[1.21925419],[2.61889283]
[3.22184255],[1.20947413],[2.61062737]
[3.23356032],[1.18554361],[2.57852037]
[3.26491334],[1.16428247],[2.55837232]
[3.28897975],[1.14503168],[2.52486956]
[3.3060037],[1.12484765],[2.47851342]
[3.37064415],[1.10624371],[2.4274114]
[3.41325856],[1.09345586],[2.40744526]
[3.4465042],[1.06866359],[2.40445976]
[3.47421053],[1.05525295],[2.39152714]
[3.455867],[1.03927968],[2.35322571]
[5.11420166],[1.52807551],[5.69632986]
[3.23339191],[1.077138],[2.27279331]
[1.82818045],[0.83392311],[0.79743798]
[1.47543237],[0.57233386],[0.55490838]
[1.7315713],[1.12964043],[1.70815023]
[2.03429969],[1.32887965],[2.18703043]
[2.4467423],[1.40466989],[2.60609614]
[2.60272087],[1.43996992],[2.84153165]
[2.77095115],[1.48037017],[3.03372591]
[2.94003121],[1.50415205],[3.19938629]
[3.12815633],[1.51375449],[3.42548989]
[3.2366852],[1.51492982],[3.51222059]
[3.28601391],[1.51195349],[3.58207621]
[3.30785421],[1.51091051],[3.60199519]
[3.33277287],[1.5059847],[3.63183672]
[3.3513692],[1.49996072],[3.61912982]
[3.36144647],[1.49782665],[3.60813163]
[3.5618621],[1.49675143],[3.647971]
[3.47433372],[1.49428279],[3.59492215]
[3.6046851],[1.48806226],[3.604792]
[3.43808487],[1.48218023],[3.53273301]
[3.53405703],[1.47850707],[3.51895583]
[3.41246317],[1.47313383],[3.47139545]
[3.46460301],[1.46828664],[3.44518894]
[3.42277069],[1.46011145],[3.42588942]
[3.42677456],[1.45420873],[3.3886652]
[3.4195517],[1.44589443],[3.37229488]
[3.42895954],[1.43797197],[3.32902703]
[3.41085764],[1.42947704],[3.31065095]
[3.42025596],[1.42208063],[3.26362599]
[3.39894751],[1.40844729],[3.23473988]
[3.4024979],[1.39780758],[3.17127332]
[3.37981272],[1.40224975],[3.20215067]
[3.40926956],[1.37695525],[3.1095992]
[3.35950679],[1.36707663],[3.10204194]
[3.3953591],[1.35604631],[3.02507622]
[3.3433898],[1.34639777],[2.96524025]
[3.33875374],[1.33554858],[2.92055225]
[3.32669391],[1.32074177],[2.89028033]
[3.32138863],[1.3231989],[2.87494078]
[3.31930578],[1.32377986],[2.86539658]
[3.32024054],[1.32045566],[2.86401496]
[3.30871826],[1.31700595],[2.85668003]
[3.29673685],[1.31234461],[2.82554375]
[3.27984993],[1.30941866],[2.80661967]
[3.26372305],[1.30057029],[2.78646312]
[3.26830049],[1.28723257],[2.76111249]
[3.28096725],[1.26352718],[2.73841969]
[3.28903258],[1.24042832],[2.71455856]
[3.29577793],[1.21334041],[2.69140422]
[3.31689534],[1.19317939],[2.65577062]
[3.33900346],[1.17157889],[2.61739948]
[3.37311899],[1.15194776],[2.59817721]
[3.40054851],[1.13808456],[2.5505842]
[3.42362351],[1.11886841],[2.52966298]
[5.22794385],[1.61453272],[6.26235705]
[3.37959969],[1.18484796],[2.72545684]
[1.98071161],[0.92096774],[1.1192936]
[1.38958322],[0.57811331],[0.59036977]
[1.6759554],[1.1370184],[1.67962966]
[2.09289987],[1.32832924],[2.19922328]
[2.51433529],[1.39846627],[2.65934348]
[2.6737794],[1.42791734],[2.89029601]
[2.84487179],[1.47572916],[3.08084991]
[3.03693619],[1.50005076],[3.25349187]
[3.2219842],[1.50712869],[3.47105481]
[3.34030082],[1.50726506],[3.55958026]
[3.37506396],[1.50499027],[3.62273369]
[3.4085875],[1.50454848],[3.65216506]
[3.42616217],[1.50175018],[3.67251042]
[3.50070079],[1.49769537],[3.679563]
[3.47242626],[1.49582335],[3.64987449]
[3.71679253],[1.49363472],[3.72177166]
[3.50530839],[1.49174155],[3.62300137]
[3.67096022],[1.49116736],[3.65246626]
[3.48374982],[1.49022832],[3.57476722]
[3.56986984],[1.48941394],[3.5673011]
[3.50082223],[1.48450341],[3.54643461]
[3.5703951],[1.48017168],[3.54163101]
[3.50995518],[1.47356104],[3.53533606]
[3.56542969],[1.46669917],[3.52092098]
[3.50798928],[1.45844648],[3.5026341]
[3.55429087],[1.45063634],[3.46893037]
[3.49166424],[1.44109454],[3.43920411]
[3.52462207],[1.4334514],[3.40641169]
[3.47727508],[1.42201403],[3.38257686]
[3.49275275],[1.41055797],[3.3258122]
[3.45558161],[1.41888383],[3.36336306]
[3.47191042],[1.3900002],[3.25736361]
[3.43800812],[1.37887485],[3.25197328]
[3.43295187],[1.36906152],[3.16508873]
[3.41314102],[1.36165364],[3.1209977]
[3.40222736],[1.35426241],[3.08976278]
[3.3883029],[1.34916181],[3.06966011]
[3.37619618],[1.34971956],[3.06268699]
[3.36685952],[1.34919183],[3.05620794]
[3.36076856],[1.34814615],[3.05653872]
[3.3527847],[1.34717801],[3.0522107]
[3.34094713],[1.34584274],[3.0278887]
[3.33037789],[1.34399173],[3.01159613]
[3.31664408],[1.33839957],[2.98313636]
[3.31338781],[1.32508737],[2.94539542]
[3.33041056],[1.3129771],[2.9251788]
[3.34072536],[1.30098485],[2.90394585]
[3.34553432],[1.2879748],[2.89075948]
[3.35138498],[1.27688758],[2.85963241]
[3.35217589],[1.26007588],[2.83374646]
[3.34987772],[1.23311485],[2.80104568]
[3.35999421],[1.21102488],[2.76622886]
[3.38582613],[1.19249538],[2.72588271]
[5.3704419],[1.68041516],[6.70982359]
[3.50031408],[1.32816697],[3.04689067]
[2.09429019],[1.04064579],[1.37281268]
[1.18680728],[0.59286075],[0.54109053]
[1.50512245],[1.12327648],[1.58212752]
[2.09911495],[1.3034507],[2.07099069]
[2.5618852],[1.36810449],[2.58948357]
[2.70309076],[1.40735087],[2.80848556]
[2.82908428],[1.45933193],[2.96269516]
[3.06216101],[1.46312599],[3.11762526]
[3.26828885],[1.47050661],[3.34130558]
[3.40373483],[1.46939903],[3.40892684]
[3.42075739],[1.46567568],[3.4525257]
[3.43885826],[1.46589214],[3.4493454]
[3.44129007],[1.4635108],[3.46907697]
[3.45159476],[1.45943598],[3.45735786]
[3.44731295],[1.45853295],[3.4522276]
[3.59716374],[1.45622367],[3.4794197]
[3.45479515],[1.45318266],[3.43674093]
[3.54032257],[1.45259007],[3.43677096]
[3.46649027],[1.44415786],[3.40498244]
[3.47803291],[1.4376387],[3.38371797]
[3.47833754],[1.42907328],[3.36665187]
[3.50426462],[1.4224241],[3.35311065]
[3.48295281],[1.41135403],[3.33850715]
[3.49595714],[1.39952299],[3.31262455]
[3.4764867],[1.38316289],[3.28385295]
[3.47692056],[1.36817735],[3.23034425]
[3.4611711],[1.33146528],[3.18755675]
[3.45515755],[1.30210599],[3.09708205]
[3.44673116],[1.26026403],[3.05459198]
[3.4352842],[1.2275652],[2.94695032]
[3.43085677],[1.2370407],[2.97562627]
[3.4303226],[1.17504387],[2.85243696]
[3.41930183],[1.15818365],[2.84309945]
[3.41519607],[1.14566279],[2.75782107]
[3.4003972],[1.13285516],[2.70685576]
[3.39415033],[1.11452694],[2.66623287]
[3.38536381],[1.1157255],[2.65369948]
[3.38227996],[1.12238562],[2.65713986]
[3.38467366],[1.12870696],[2.67127242]
[3.38547116],[1.13972434],[2.68756182]
[3.38530085],[1.1523502],[2.70967567]
[3.38149906],[1.15651609],[2.6925201]
[3.3759905],[1.16163997],[2.68757108]
[3.37069197],[1.17137457],[2.68133394]
[3.36678198],[1.15700761],[2.64902722]
[3.36532252],[1.13760318],[2.6117575]
[3.37779262],[1.12242067],[2.57777542]
[3.38771725],[1.10479938],[2.5488794]
[3.40197975],[1.09090068],[2.51533426]
[3.40960709],[1.07456243],[2.48756626]
[3.40737466],[1.06124613],[2.45930492]
[3.40839274],[1.04776718],[2.41890144]
[3.40759576],[1.03047514],[2.36892481]
[5.64674134],[1.72806557],[7.07750073]
[3.66365495],[1.39847942],[3.32295403]
[2.28779378],[1.12302648],[1.56175637]
[1.1353972],[0.73313287],[0.70828664]
[1.71844071],[1.15622387],[1.68665319]
[2.21772997],[1.3165597],[2.19038358]
[2.59898878],[1.3823592],[2.67354754]
[2.72430775],[1.42101188],[2.87876775]
[2.85778306],[1.48448421],[3.0355061]
[3.12107585],[1.48041644],[3.20374565]
[3.31581526],[1.48850852],[3.43446085]
[3.44463216],[1.48697649],[3.50160946]
[3.45465922],[1.48383506],[3.54183753]
[3.47789152],[1.48399802],[3.54935725]
[3.47413475],[1.47986863],[3.56940299]
[3.48955934],[1.47482779],[3.55337165]
[3.48322856],[1.47436513],[3.55708416]
[3.68540617],[1.47195565],[3.59905694]
[3.48883181],[1.46974526],[3.54007496]
[3.58137536],[1.46440087],[3.53487096]
[3.5023153],[1.45432562],[3.50200188]
[3.54704223],[1.44794949],[3.47921884]
[3.51391946],[1.44080288],[3.45369995]
[3.61440624],[1.43023962],[3.43688156]
[3.54524935],[1.41597228],[3.40948869]
[3.60636005],[1.40385344],[3.38465187]
[3.54016416],[1.38738073],[3.34301682]
[3.5883126],[1.36580955],[3.28801667]
[3.50198632],[1.32763217],[3.23974425]
[3.54882713],[1.29980333],[3.13859782]
[3.48109766],[1.26038218],[3.10542008]
[3.51911842],[1.22461605],[2.99328818]
[3.47466367],[1.232882],[3.01006524]
[3.51341101],[1.17894917],[2.91287391]
[3.4509083],[1.16613197],[2.88983779]
[3.45468438],[1.15391457],[2.81538947]
[3.43579932],[1.14139788],[2.76505538]
[3.42919766],[1.12671205],[2.73769181]
[3.42565759],[1.13391954],[2.73881697]
[3.42642554],[1.14220978],[2.75375288]
[3.42847695],[1.15374913],[2.77035929]
[3.42808457],[1.16523227],[2.78264366]
[3.42696567],[1.17734857],[2.80153391]
[3.42418328],[1.17774386],[2.77753275]
[3.42198548],[1.18263753],[2.77258015]
[3.41718787],[1.19215419],[2.76734815]
[3.41220481],[1.18200875],[2.73765683]
[3.40732018],[1.16410174],[2.70088492]
[3.41287456],[1.1489251],[2.66543601]
[3.42626809],[1.13522571],[2.64163238]
[3.44938448],[1.12124782],[2.60476268]
[3.46066034],[1.10476269],[2.5787386]
[3.4635992],[1.09202497],[2.55559875]
[3.47048547],[1.07904391],[2.52348056]
[3.48661912],[1.0624886],[2.48356116]
[5.78951323],[1.80161743],[7.50642795]
[3.8894218],[1.45099737],[3.69877469]
[2.55934522],[1.22048207],[1.82182233]
[1.30508952],[0.82070562],[0.85606201]
[1.73197769],[1.16553886],[1.70964846]
[2.2723519],[1.32796348],[2.26926665]
[2.61117492],[1.39303132],[2.72603435]
[2.73837629],[1.44485221],[2.93378779]
[2.92403707],[1.49811176],[3.10818417]
[3.17103619],[1.49997454],[3.28444687]
[3.35249003],[1.50828303],[3.515815]
[3.47480602],[1.5061057],[3.59096674]
[3.48371208],[1.50292133],[3.65155518]
[3.50340097],[1.50123454],[3.65713035]
[3.49731811],[1.4968359],[3.66925448]
[3.54897184],[1.49163231],[3.66408352]
[3.50780328],[1.49111905],[3.65457698]
[3.65867539],[1.48878711],[3.67611676]
[3.51459292],[1.48288532],[3.62930508]
[3.55702475],[1.47612649],[3.60410878]
[3.52789538],[1.46512574],[3.57766609]
[3.61344928],[1.4566692],[3.55197]
[3.58543258],[1.44429774],[3.51463413]
[3.67575872],[1.43294335],[3.49670131]
[3.61517728],[1.41849319],[3.46526124]
[3.66614578],[1.40639365],[3.44011709]
[3.60914522],[1.38973096],[3.39923371]
[3.66901192],[1.35819432],[3.33291548]
[3.57366026],[1.31033312],[3.26889738]
[3.66258204],[1.28357472],[3.1672477]
[3.55000952],[1.24633303],[3.13195088]
[3.67261932],[1.2210866],[3.05558146]
[3.62461531],[1.2342565],[3.06560115]
[3.69946202],[1.18151309],[3.00132638]
[3.64373645],[1.16865809],[2.95331189]
[3.64538397],[1.15706954],[2.90107145]
[3.5403497],[1.14517329],[2.82920061]
[3.48537454],[1.13616166],[2.80011509]
[3.45274643],[1.14394078],[2.80281591]
[3.45002325],[1.15507118],[2.80823329]
[3.45323858],[1.1592223],[2.81194558]
[3.45299217],[1.17036705],[2.82258455]
[3.45077619],[1.18187477],[2.84284419]
[3.44872171],[1.1899622],[2.82596557]
[3.44635318],[1.19452472],[2.8147219]
[3.44153235],[1.20395061],[2.80808567]
[3.43701204],[1.19695404],[2.78067831]
[3.43003172],[1.17852548],[2.74320454]
[3.42210709],[1.16414331],[2.70243995]
[3.42556011],[1.15070552],[2.67549047]
[3.44843338],[1.13611894],[2.63643085]
[3.45830634],[1.1189363],[2.60305246]
[3.46138077],[1.10570147],[2.57930996]
[3.47141753],[1.08572355],[2.53463232]
[3.47761746],[1.06932747],[2.49347205]
[5.79586693],[1.89831315],[7.80391491]
[3.92344554],[1.49448756],[3.8905115]
[2.71620488],[1.22922867],[2.02949588]
[1.45866091],[0.85821371],[1.01281004]
[1.77167906],[1.17491106],[1.76247812]
[2.32125614],[1.33972169],[2.33630017]
[2.63135595],[1.41639689],[2.77134841]
[2.76340548],[1.46665087],[2.98399488]
[2.98682084],[1.51131869],[3.17221541]
[3.21906164],[1.51417558],[3.3557574]
[3.38730745],[1.52192237],[3.58124021]
[3.50341154],[1.51953835],[3.67832206]
[3.51133782],[1.51291094],[3.73229348]
[3.52989548],[1.51083474],[3.74586382]
[3.5253771],[1.50619223],[3.74045438]
[3.66878181],[1.50338064],[3.77254305]
[3.54138856],[1.50274112],[3.72636855]
[3.6237556],[1.49806699],[3.71738586]
[3.54434012],[1.48626436],[3.68006581]
[3.62803004],[1.47590166],[3.656977]
[3.5886849],[1.46276577],[3.61213741]
[3.68282162],[1.45282934],[3.58969198]
[3.66146178],[1.44025254],[3.54976259]
[3.80355427],[1.42879731],[3.54857492]
[3.68625355],[1.41399806],[3.49931684]
[3.81356795],[1.39745126],[3.49160961]
[3.71770615],[1.36491855],[3.42505714]
[3.82423812],[1.3315433],[3.36140723]
[3.71907164],[1.29660055],[3.30891614]
[3.8095206],[1.27113718],[3.22089181]
[3.74154686],[1.23963201],[3.19202468]
[3.80837502],[1.22109202],[3.11833316]
[3.7988467],[1.23588889],[3.14216076]
[3.82907048],[1.18195488],[3.07810278]
[3.80772033],[1.169696],[3.03336425]
[3.79347237],[1.15800135],[2.98263186]
[3.73571053],[1.14596777],[2.91279772]
[3.69379014],[1.13632198],[2.87900503]
[3.64924452],[1.14676186],[2.87518602]
[3.61462636],[1.15939278],[2.87420627]
[3.58987287],[1.17077845],[2.8804798]
[3.53694361],[1.182288],[2.87490386]
[3.48363285],[1.19415363],[2.8771692]
[3.47681029],[1.2025272],[2.86075673]
[3.47309457],[1.20739808],[2.84658093]
[3.46717951],[1.21710955],[2.83846733]
[3.46248877],[1.21280417],[2.81152425]
[3.45560211],[1.19230711],[2.77287518]
[3.44745457],[1.17620253],[2.73165113]
[3.43929623],[1.16201177],[2.70063476]
[3.44598298],[1.13983156],[2.64006843]
[3.45460775],[1.12130663],[2.60164206]
[3.45674632],[1.10696248],[2.57100091]
[3.46616946],[1.09263582],[2.53894204]
[3.47326963],[1.07520918],[2.49755135]
[5.7789696],[1.95803782],[7.91452906]
[3.83129145],[1.51645954],[3.91872972]
[2.71378248],[1.25455374],[2.06429006]
[1.56511075],[0.88429311],[0.80699441]
[1.80515178],[1.13509687],[1.60696106]
[2.35852187],[1.30418056],[2.16806271]
[2.65500347],[1.37615086],[2.62732901]
[2.78528256],[1.43594128],[2.85474746]
[3.04032308],[1.46412599],[3.03987108]
[3.26062398],[1.46539159],[3.19046284]
[3.41724123],[1.4643912],[3.38865259]
[3.52942865],[1.45713207],[3.48905356]
[3.53706387],[1.44473179],[3.53783087]
[3.55859551],[1.43419703],[3.51420929]
[3.55335218],[1.42251755],[3.49905598]
[3.77294252],[1.41109574],[3.53672264]
[3.56485046],[1.38852862],[3.44392489]
[3.6303814],[1.36445479],[3.40951444]
[3.58819289],[1.33810675],[3.36222721]
[3.75057246],[1.30685852],[3.31900493]
[3.67230554],[1.27765154],[3.26725018]
[3.85426014],[1.25613527],[3.25073716]
[3.81790813],[1.22388066],[3.19081874]
[3.928396],[1.20349751],[3.16160354]
[3.87205602],[1.17906771],[3.13861541]
[3.92691094],[1.16028907],[3.1079944]
[3.88341609],[1.13761747],[3.07895859]
[3.92627418],[1.12123302],[3.01439159]
[3.87822379],[1.09861354],[2.99997061]
[3.91355248],[1.1091604],[2.93504346]
[3.88453961],[1.08754369],[2.93329174]
[3.91145907],[1.09589763],[2.87487504]
[3.92017097],[1.08067564],[2.89429231]
[3.9226001],[1.07282315],[2.85520427]
[3.92300171],[1.05788522],[2.8156179]
[3.90693877],[1.04902255],[2.77352795]
[3.87591229],[1.04023773],[2.71819056]
[3.84260425],[1.03126236],[2.69764483]
[3.81410179],[1.02668525],[2.68576306]
[3.79165644],[1.02370075],[2.67850087]
[3.77369077],[1.02479481],[2.67349067]
[3.73221449],[1.03234854],[2.65557261]
[3.65811132],[1.03935143],[2.6323017]
[3.59715746],[1.04357123],[2.59205002]
[3.52220204],[1.04474723],[2.5544257]
[3.49627671],[1.04722162],[2.52507633]
[3.48994259],[1.04654139],[2.50294079]
[3.48458429],[1.02896241],[2.46417311]
[3.47655349],[1.01762009],[2.43058444]
[3.46698503],[1.00666457],[2.40207535]
[3.45273932],[0.99564331],[2.36322462]
[3.46209574],[0.98373848],[2.33462567]
[3.46434112],[0.97272882],[2.29876998]
[3.47532542],[0.96204509],[2.27214876]
[3.48536096],[0.95001478],[2.23757592]
[5.72452316],[1.97243287],[7.83233544]
[3.7566003],[1.51296082],[3.85584952]
[2.5982774],[1.23851308],[1.99111609]
[1.5111951],[0.89122003],[0.68813691]
[1.88053793],[1.15343303],[1.61348688]
[2.41340239],[1.31271834],[2.2272956]
[2.68559408],[1.39884218],[2.65362836]
[2.81186609],[1.43346202],[2.86938341]
[3.09224499],[1.46853425],[3.06942648]
[3.30734494],[1.46741008],[3.23397271]
[3.46051564],[1.4637435],[3.46282509]
[3.56737248],[1.45524324],[3.5733332]
[3.57032156],[1.44266588],[3.59853712]
[3.63466292],[1.43175884],[3.57568252]
[3.60654152],[1.41936357],[3.55727153]
[3.82172064],[1.40820431],[3.59037402]
[3.66490503],[1.37573557],[3.49969117]
[3.81361968],[1.35305056],[3.48841392]
[3.77351143],[1.32840803],[3.42736479]
[3.93058269],[1.29117333],[3.39390482]
[3.9082329],[1.26541839],[3.35568388]
[3.99067738],[1.24519044],[3.33151759]
[3.98789867],[1.22133002],[3.29984211]
[4.03307489],[1.20187713],[3.25274232]
[4.01532552],[1.17991383],[3.24798034]
[4.02661974],[1.16322339],[3.21388]
[4.01910837],[1.14454324],[3.22287545]
[4.03542773],[1.14043029],[3.163518]
[4.03973062],[1.12560737],[3.19255919]
[4.04483478],[1.1383192],[3.13015162]
[4.06414367],[1.12605806],[3.17320737]
[4.05798235],[1.13326305],[3.10436258]
[4.08964809],[1.1167089],[3.13549462]
[4.07684955],[1.10002268],[3.09247177]
[4.09922193],[1.08434907],[3.05131872]
[4.08322587],[1.07240728],[3.00996217]
[4.08139371],[1.0607438],[2.94818088]
[4.04417733],[1.04996333],[2.91682901]
[4.0212231],[1.04245281],[2.88968689]
[3.99859479],[1.03735216],[2.86773924]
[3.97654514],[1.04536473],[2.84951488]
[3.93304617],[1.05299164],[2.81812796]
[3.87322905],[1.05995206],[2.78976689]
[3.83270036],[1.0642478],[2.7479429]
[3.78740539],[1.06221666],[2.69665665]
[3.72579829],[1.06507611],[2.65646298]
[3.66970225],[1.06730463],[2.6151556]
[3.5551407],[1.05458536],[2.56281154]
[3.53528829],[1.04386979],[2.52379495]
[3.52157181],[1.03362385],[2.49555375]
[3.50886703],[1.02364805],[2.45928769]
[3.51339327],[1.01254931],[2.43268708]
[3.51810929],[1.00313366],[2.4021752]
[3.529566],[0.99298224],[2.37488234]
[3.55911255],[0.98012609],[2.33341133]
[5.64731377],[1.98782242],[7.89353967]
[3.69960359],[1.52537847],[3.90824138]
[2.47875043],[1.2761466],[2.0148078]
[1.34124756],[0.94463817],[0.61365014]
[1.97258212],[1.16159081],[1.65476336]
[2.45905161],[1.31034127],[2.26771397]
[2.71558193],[1.41325666],[2.67182455]
[2.83830142],[1.44579134],[2.8865427]
[3.14540907],[1.47787708],[3.10321577]
[3.35963438],[1.4690401],[3.29857573]
[3.50281196],[1.4633333],[3.55014553]
[3.59892724],[1.45456182],[3.65720768]
[3.60496935],[1.441788],[3.66885697]
[3.74051212],[1.43046851],[3.66950802]
[3.67097389],[1.41743035],[3.62827709]
[3.81985424],[1.40068586],[3.6324283]
[3.76024727],[1.37112163],[3.55844721]
[3.94538142],[1.33502433],[3.57701413]
[3.93906064],[1.31093368],[3.54572542]
[4.04208344],[1.28767012],[3.53948623]
[4.0578672],[1.26495701],[3.53298722]
[4.10861321],[1.24903849],[3.5211763]
[4.13393599],[1.22989511],[3.52570097]
[4.16005573],[1.21439261],[3.48827466]
[4.17398491],[1.19573178],[3.52099229]
[4.17005614],[1.21018844],[3.48753254]
[4.18841701],[1.19592904],[3.5155984]
[4.18115723],[1.20962055],[3.44926454]
[4.20136921],[1.19384586],[3.48356859]
[4.18631565],[1.20523355],[3.41002015]
[4.21942392],[1.19395602],[3.46910908]
[4.19609996],[1.20096151],[3.39428698]
[4.26800421],[1.18966789],[3.4375748]
[4.227529],[1.1738648],[3.38673787]
[4.32111816],[1.15701351],[3.36076095]
[4.27045321],[1.14031218],[3.31599555]
[4.32562686],[1.12409958],[3.27163198]
[4.23750182],[1.11095634],[3.22719468]
[4.2038582],[1.09871891],[3.20078628]
[4.18227103],[1.08688758],[3.17005776]
[4.1575012],[1.07972657],[3.14078015]
[4.12904529],[1.06724594],[3.09084073]
[4.09097783],[1.06945376],[3.03787151]
[4.05437494],[1.07001125],[2.97228622]
[4.01272773],[1.07104288],[2.89811828]
[3.95373643],[1.07479329],[2.82293816]
[3.89134936],[1.07815621],[2.75653024]
[3.79860998],[1.06601799],[2.67979912]
[3.66611605],[1.05494632],[2.60462005]
[3.55908764],[1.04425071],[2.55428397]
[3.541914],[1.03388931],[2.5076813]
[3.52030079],[1.02261135],[2.4695616]
[3.52434721],[1.01270629],[2.43830161]
[3.53629119],[0.99978091],[2.40408617]
[3.56397697],[0.98757496],[2.36408465]
[5.61467869],[2.02921003],[8.13049614]
[3.69296598],[1.54313774],[4.0347573]
[2.36250815],[1.3150575],[2.01988977]
[0.70534617],[0.98363673],[0.47533378]
[2.03147636],[1.07553571],[1.47216298]
[2.49445954],[1.17031979],[2.05280127]
[2.74095629],[1.33741493],[2.40945164]
[2.90712761],[1.36802172],[2.63651099]
[3.19604936],[1.39539063],[2.84505728]
[3.41301452],[1.30731214],[3.0159372]
[3.53783649],[1.31600013],[3.24166609]
[3.64782798],[1.25618804],[3.32439347]
[3.63270863],[1.24292615],[3.31187555]
[3.82509667],[1.21775809],[3.30648073]
[3.73807966],[1.20752271],[3.29724012]
[3.92980437],[1.19776881],[3.34313415]
[3.98929863],[1.1816389],[3.40690502]
[4.1191132],[1.1850519],[3.45215358]
[4.16023608],[1.16953764],[3.47655493]
[4.19799112],[1.18537567],[3.46743591]
[4.22901163],[1.17361597],[3.5009922]
[4.241757],[1.1888397],[3.4852143]
[4.27511713],[1.17784762],[3.52498269]
[4.27760557],[1.19816311],[3.49382878]
[4.30194686],[1.19589052],[3.5466955]
[4.29263522],[1.2090499],[3.50821956]
[4.34000935],[1.20057637],[3.56526637]
[4.34515586],[1.21495356],[3.51913049]
[4.40549205],[1.2063074],[3.58079941]
[4.41123264],[1.22019519],[3.54094913]
[4.47985541],[1.21432858],[3.62574607]
[4.47921316],[1.22498904],[3.58612832]
[4.57409639],[1.22053699],[3.6520286]
[4.54429182],[1.20681631],[3.62478892]
[4.63829264],[1.19464433],[3.63363107]
[4.62642148],[1.18020196],[3.59180557]
[4.68016296],[1.16560428],[3.56307611]
[4.62709433],[1.15425005],[3.50106958]
[4.59060751],[1.14233319],[3.45736399]
[4.56322633],[1.13158396],[3.4137188]
[4.53748019],[1.12043942],[3.37465433]
[4.4908198],[1.09782776],[3.30852415]
[4.38793315],[1.07562118],[3.21765777]
[4.3141154],[1.05017656],[3.13387334]
[4.24906351],[1.02825246],[3.03572302]
[4.18639173],[1.00605872],[2.93463247]
[4.14946953],[0.98743278],[2.843993]
[4.10342674],[0.9731602],[2.74462957]
[4.02417085],[0.96221674],[2.63603044]
[3.8876275],[0.95294148],[2.52279064]
[3.72404785],[0.94303783],[2.42055532]
[3.56762226],[0.936188],[2.34963061]
[3.54153602],[0.92879208],[2.30236841]
[3.54972807],[0.92235436],[2.26766471]
[3.59005769],[0.91346997],[2.23025888]
[5.37200498],[2.04804563],[8.20078085]
[3.68968383],[1.55284221],[4.17431654]
[2.05198012],[1.33990039],[1.93204979]
[0.46425529],[0.98860807],[0.3754843]
[2.10954829],[1.08430082],[1.5513987]
[2.54104114],[1.17676778],[2.11056124]
[2.7743798],[1.35808936],[2.45956763]
[2.98186889],[1.38153986],[2.67868646]
[3.27435409],[1.40446247],[2.90482809]
[3.46925285],[1.32388136],[3.08794839]
[3.58673807],[1.32766524],[3.30927075]
[3.72481481],[1.26265165],[3.42073839]
[3.72457837],[1.27860711],[3.45896375]
[3.9768674],[1.24533582],[3.53245687]
[3.99549012],[1.25098604],[3.58025225]
[4.1387455],[1.23231379],[3.63484423]
[4.20275166],[1.22160844],[3.7044854]
[4.26521995],[1.23755978],[3.72134835]
[4.31248302],[1.2252605],[3.7624514]
[4.31752036],[1.24104101],[3.73752368]
[4.37305166],[1.23055796],[3.79182773]
[4.40601382],[1.24615775],[3.78158989]
[4.51065924],[1.23653369],[3.84880855]
[4.56734778],[1.25618584],[3.85126593]
[4.62358891],[1.25573093],[3.93835135]
[4.63142759],[1.27354022],[3.93846977]
[4.68061826],[1.26806628],[4.0341376]
[4.70857312],[1.28576924],[4.02422074]
[4.75540579],[1.27917883],[4.11497271]
[4.77530716],[1.29613668],[4.09114683]
[4.81711176],[1.28906412],[4.1866886]
[4.82988957],[1.30250905],[4.16495021]
[4.87292116],[1.29900632],[4.23768842]
[4.86912926],[1.28595456],[4.22720456]
[4.90675188],[1.27255784],[4.2266052]
[4.92491752],[1.25625795],[4.17306892]
[4.95548048],[1.24241699],[4.1350633]
[4.96283764],[1.23181763],[4.06828516]
[4.9076373],[1.22102649],[4.01128489]
[4.88052361],[1.21041952],[3.95290643]
[4.86130243],[1.19733925],[3.89769003]
[4.82623293],[1.17563544],[3.8231771]
[4.77332684],[1.15398123],[3.72792184]
[4.7186887],[1.12669378],[3.62204436]
[4.66236942],[1.0936582],[3.50708195]
[4.58542703],[1.05627186],[3.37028794]
[4.51151237],[1.03712676],[3.26171855]
[4.42297387],[1.02469677],[3.14314886]
[4.34481313],[1.01347189],[3.0210249]
[4.24020426],[1.00236877],[2.89610617]
[4.1584073],[0.99154798],[2.77846319]
[4.05187218],[0.97954226],[2.65910137]
[3.88916084],[0.96813141],[2.53049101]
[3.74354426],[0.9559744],[2.43124255]
[3.75430992],[0.94190652],[2.37871177]
[5.60812331],[2.07867418],[8.61179235]
[3.7074454],[1.59571248],[4.49188517]
[2.13828952],[1.36839283],[2.19919175]
[0.61806573],[1.02043213],[0.49664423]
[2.1801165],[1.1059366],[1.64109492]
[2.58106907],[1.19185674],[2.16639928]
[2.81330973],[1.37322104],[2.51101433]
[3.08803248],[1.39434587],[2.74527521]
[3.35618017],[1.41971584],[2.99883293]
[3.53831649],[1.35494587],[3.23019948]
[3.65090078],[1.36128401],[3.50084222]
[3.9089604],[1.29369779],[3.70522497]
[3.9896896],[1.31747787],[3.76754552]
[4.16029083],[1.28757304],[3.84482357]
[4.20287688],[1.29433293],[3.92327614]
[4.28124626],[1.30519346],[3.95758458]
[4.33877758],[1.29350573],[4.03796958]
[4.37813414],[1.31205481],[4.07539137]
[4.5377126],[1.3000151],[4.18164767]
[4.60020427],[1.31937453],[4.19683051]
[4.6938782],[1.31069889],[4.29726285]
[4.7560457],[1.3342302],[4.32515118]
[4.82600007],[1.32707325],[4.42873186]
[4.88337616],[1.35289742],[4.4459176]
[4.91982554],[1.34891199],[4.55351696]
[4.9477744],[1.3700183],[4.58194191]
[4.96815867],[1.3638075],[4.70235415]
[5.00105896],[1.38252554],[4.72569991]
[5.01700767],[1.37205123],[4.82969646]
[5.08740377],[1.39161753],[4.83141652]
[5.09060871],[1.37979846],[4.93559317]
[5.16951959],[1.39684309],[4.93767679]
[5.17885822],[1.38906626],[4.98723985]
[5.26193404],[1.38043663],[5.00113441]
[5.28807654],[1.3653101],[4.99366267]
[5.42297216],[1.35194612],[5.03001607]
[5.447385],[1.33694345],[4.95491387]
[5.50423732],[1.32304988],[4.90009562]
[5.43044556],[1.31089399],[4.77263932]
[5.35824735],[1.29950977],[4.6624667]
[5.27520936],[1.28414494],[4.56049008]
[5.18959723],[1.26205266],[4.45732604]
[5.09987639],[1.24007306],[4.31603437]
[5.02010798],[1.21524933],[4.16864179]
[4.95372828],[1.18457826],[4.02580251]
[4.90098742],[1.15081793],[3.87129886]
[4.85176523],[1.11313642],[3.72444217]
[4.80165051],[1.07150402],[3.5856958]
[4.73864464],[1.05159519],[3.44727428]
[4.59525069],[1.04066343],[3.28247157]
[4.43010929],[1.02990135],[3.13138357]
[4.31371351],[1.01780005],[2.99823168]
[4.21932119],[1.00539087],[2.86594145]
[4.11519447],[0.99312794],[2.73455626]
[4.00746174],[0.97818858],[2.60665696]
[5.74677167],[2.12197758],[9.0360069]
[3.85949876],[1.66099257],[4.8000524]
[2.22111251],[1.39254291],[2.4129519]
[0.8074408],[1.05721632],[0.62198543]
[2.25536001],[1.12409431],[1.73207367]
[2.63629604],[1.21099817],[2.25292777]
[2.87470635],[1.40663178],[2.60796342]
[3.23513557],[1.42588148],[2.90268347]
[3.45590743],[1.44607165],[3.17353144]
[3.62582921],[1.3946341],[3.45235713]
[3.77326262],[1.40425559],[3.75630832]
[4.11877342],[1.34084126],[4.02329041]
[4.21653026],[1.36502464],[4.11664243]
[4.31398739],[1.35431386],[4.19049837]
[4.36804199],[1.36037587],[4.31566575]
[4.42534635],[1.39088842],[4.40085144]
[4.5636549],[1.38462689],[4.54269243]
[4.73942272],[1.4087128],[4.66387351]
[4.84963477],[1.39730647],[4.80587874]
[4.92670117],[1.42004615],[4.85492556]
[4.97553812],[1.41280096],[4.97484171]
[5.03943359],[1.43338456],[5.02869427]
[5.07498881],[1.42638253],[5.15083275]
[5.19566111],[1.44663273],[5.20562822]
[5.20777235],[1.43917664],[5.33097256]
[5.32337261],[1.46100507],[5.38143072]
[5.29832075],[1.45097361],[5.50332701]
[5.50175988],[1.47116346],[5.60360284]
[5.49580283],[1.4582301],[5.73882557]
[5.64114153],[1.47465938],[5.83754251]
[5.6399348],[1.46368165],[5.94993113]
[5.74734596],[1.47775197],[6.03636466]
[5.8152155],[1.47205001],[6.11587657]
[5.86247516],[1.46277415],[6.17516189]
[5.96297467],[1.44902445],[6.19671284]
[5.996142],[1.43692211],[6.23382834]
[6.13922754],[1.42481075],[6.20838937]
[6.17403061],[1.41309554],[6.10666806]
[6.2576166],[1.40015281],[6.00323922]
[6.16066755],[1.38533123],[5.78510437]
[6.08762843],[1.36621697],[5.6125998]
[6.01964108],[1.33955617],[5.4173725]
[5.80413754],[1.31590623],[5.16390458]
[5.58566217],[1.29077841],[4.89645274]
[5.36877052],[1.26163864],[4.66095323]
[5.24070723],[1.22935959],[4.45306569]
[5.155526],[1.19517772],[4.24670863]
[5.07611473],[1.15500708],[4.06007543]
[5.01453919],[1.10847089],[3.89148771]
[4.92945564],[1.07437249],[3.70021337]
[4.81183573],[1.06446391],[3.52878173]
[4.68388599],[1.05147789],[3.36618273]
[4.49636162],[1.03884252],[3.1905869]
[4.35434633],[1.02698007],[3.0464322]
[4.27664467],[1.0116987],[2.91454339]
[5.86238134],[2.15381947],[9.40840961]
[4.01338444],[1.72782834],[5.12634627]
[2.36079205],[1.41837789],[2.61606943]
[0.98945554],[1.10591259],[0.74691464]
[2.30429897],[0.9120808],[1.45253846]
[2.6880786],[1.0719305],[2.01016863]
[2.96699787],[1.30602595],[2.46949141]
[3.35188995],[1.28955904],[2.78469549]
[3.53257093],[1.31801521],[3.10094023]
[3.71897415],[1.25713848],[3.42975108]
[4.00177535],[1.29489802],[3.83504647]
[4.2722327],[1.33192522],[4.10130331]
[4.38040297],[1.33832239],[4.2753393]
[4.45048636],[1.37290609],[4.40001872]
[4.55942807],[1.39053539],[4.5962927]
[4.73487182],[1.43009178],[4.77808101]
[4.8520775],[1.43495642],[4.99330247]
[4.98596784],[1.45737311],[5.14407089]
[5.06147834],[1.45302093],[5.32990918]
[5.16677142],[1.47263872],[5.39033015]
[5.20965483],[1.46754697],[5.54957819]
[5.39105901],[1.4863316],[5.6236287]
[5.4698944],[1.48020458],[5.8198332]
[5.68634341],[1.49943005],[6.00340912]
[5.73058081],[1.48971612],[6.20642048]
[5.85175529],[1.50794379],[6.34114736]
[5.90996084],[1.49898057],[6.54753451]
[6.00825271],[1.51260106],[6.66476544]
[6.08070169],[1.50341626],[6.89496589]
[6.18350323],[1.51440464],[6.95800339]
[6.29765898],[1.51025647],[7.19475285]
[6.38925748],[1.51940654],[7.23001169]
[6.47041161],[1.51166965],[7.37409098]
[6.50216486],[1.50360511],[7.40719723]
[6.58583129],[1.49202606],[7.47206356]
[6.68068106],[1.4808383],[7.49652889]
[6.73631712],[1.46663769],[7.48622761]
[6.86273266],[1.45501382],[7.45088873]
[6.9094875],[1.4431687],[7.31610326]
[7.04382853],[1.43151039],[7.1908727]
[6.93019943],[1.4161271],[6.96157094]
[6.84713536],[1.39215017],[6.749731]
[6.70603474],[1.36643926],[6.46959173]
[6.49794745],[1.33942527],[6.07463348]
[6.29600485],[1.3068663],[5.64362369]
[6.0452429],[1.27579035],[5.23544041]
[5.80636121],[1.24639575],[4.88023584]
[5.58050963],[1.20999348],[4.54845042]
[5.3962288],[1.16443467],[4.28558197]
[5.26505607],[1.11978695],[4.0624121]
[5.11294862],[1.07549261],[3.85604586]
[4.98272646],[1.03485619],[3.65949978]
[4.86859391],[1.01467776],[3.47632116]
[4.75308843],[1.00622948],[3.314934]
[4.60543333],[0.99277259],[3.14710241]
[5.92480775],[2.17116755],[9.5084998]
[4.16030596],[1.74977774],[5.29404782]
[2.46863264],[1.42217836],[2.59616766]
[1.06310205],[1.11127724],[0.70244618]
[2.37146519],[1.06916776],[1.70107672]
[2.75319342],[1.14090824],[2.21484152]
[3.11742504],[1.38216756],[2.66316125]
[3.44377822],[1.35723322],[3.01985045]
[3.59823059],[1.37916239],[3.37193671]
[3.89459131],[1.33563405],[3.78352842]
[4.15187088],[1.39071836],[4.22278473]
[4.37534443],[1.41629254],[4.52393914]
[4.48610457],[1.43904346],[4.75589434]
[4.64569849],[1.46539072],[4.95270937]
[4.79424109],[1.49878405],[5.22448385]
[4.93390227],[1.52199722],[5.3814521]
[5.00466886],[1.52453815],[5.64231784]
[5.11267277],[1.54685443],[5.75518038]
[5.20411061],[1.54204092],[6.02940125]
[5.41762654],[1.56230829],[6.20735817]
[5.4976176],[1.55706479],[6.48139514]
[5.70730193],[1.57672378],[6.6728016]
[5.80312126],[1.57105373],[6.91063908]
[5.97274917],[1.58954709],[7.08195152]
[6.11372628],[1.58231306],[7.38324121]
[6.23651461],[1.5995411],[7.53386683]
[6.34402124],[1.59331886],[7.84930245]
[6.43031721],[1.60611507],[7.9853786]
[6.500297],[1.59979937],[8.2946688]
[6.58079443],[1.60477587],[8.36863832]
[6.62422018],[1.60155291],[8.58330754]
[6.7730242],[1.60755402],[8.68331583]
[6.81470063],[1.60410942],[8.8073434]
[6.957516],[1.59047183],[8.91610328]
[7.02852731],[1.57751547],[8.93359721]
[7.17050835],[1.56692718],[9.00523085]
[7.21790858],[1.55393992],[8.94586669]
[7.30780623],[1.54108868],[8.91876162]
[7.36427422],[1.52626098],[8.78349179]
[7.43374315],[1.5138471],[8.62488234]
[7.51296725],[1.49968234],[8.43478012]
[7.40410472],[1.47712712],[8.17319674]
[7.28208345],[1.44945389],[7.86351586]
[7.11568234],[1.42260696],[7.49639957]
[6.88244947],[1.3897553],[7.00976764]
[6.65286727],[1.35292033],[6.50777037]
[6.41912369],[1.32162531],[6.02866948]
[6.18794749],[1.29113641],[5.46417511]
[5.94519486],[1.24867893],[5.00243766]
[5.74728036],[1.20557213],[4.64485416]
[5.42504492],[1.16163704],[4.33500084]
[5.18884758],[1.11790797],[4.0968555]
[5.05296311],[1.06839242],[3.88330731]
[4.97341625],[1.04970082],[3.6995354]
[4.88577944],[1.03231786],[3.52877107]
[6.20163585],[2.18796749],[9.84091091]
[4.28601426],[1.77040174],[5.56758256]
[2.65779108],[1.43818938],[2.8443355]
[1.18871911],[1.13596012],[0.80339085]
[2.4457965],[1.16439716],[1.93458194]
[2.82471002],[1.28125322],[2.46350174]
[3.26800674],[1.43708231],[2.90166144]
[3.5354008],[1.42465131],[3.30497289]
[3.70736459],[1.46722646],[3.72188599]
[4.06147119],[1.48518423],[4.21504071]
[4.29729958],[1.53327931],[4.65811834]
[4.49342805],[1.55881051],[5.03311331]
[4.7077716],[1.58046871],[5.40088683]
[4.88595641],[1.60570881],[5.59149002]
[4.97890674],[1.626769],[5.90422746]
[5.09604136],[1.64027599],[6.00850769]
[5.14912151],[1.6356987],[6.31364312]
[5.29554857],[1.63747399],[6.52055827]
[5.47602188],[1.6363557],[6.90674616]
[5.74120446],[1.64920926],[7.23015161]
[5.85681547],[1.63999057],[7.53222512]
[6.02484893],[1.65874795],[7.73441765]
[6.2182806],[1.65358034],[8.0454817]
[6.41577978],[1.67115044],[8.24926397]
[6.555491],[1.66342541],[8.60683527]
[6.67317355],[1.68150037],[8.81305507]
[6.7082842],[1.6698696],[9.10193406]
[6.86077965],[1.68175628],[9.33989302]
[6.87816552],[1.67607209],[9.62469123]
[7.0936671],[1.68476191],[9.85300187]
[7.11940263],[1.68254042],[10.02721616]
[7.307987],[1.68794197],[10.21901297]
[7.35287118],[1.68850874],[10.33657531]
[7.42325335],[1.68611507],[10.43702012]
[7.48984697],[1.67093919],[10.47070528]
[7.55376754],[1.6428961],[10.49580612]
[7.67520169],[1.62897734],[10.47438426]
[7.71738411],[1.61503239],[10.36688453]
[7.92255434],[1.60136731],[10.31968426]
[7.98294506],[1.58569572],[10.129922]
[8.0926837],[1.56960865],[9.93456158]
[8.05705506],[1.54817043],[9.63227007]
[7.93716303],[1.52239706],[9.28880293]
[7.6642127],[1.49548379],[8.85442492]
[7.44856509],[1.46333666],[8.34853008]
[7.25771798],[1.42891375],[7.7999228]
[7.05893823],[1.39517879],[7.25199688]
[6.7906402],[1.36134531],[6.67719083]
[6.52981542],[1.32547463],[6.05810091]
[6.29739846],[1.28284399],[5.37080542]
[6.0664263],[1.24049035],[4.93396899]
[5.5774989],[1.19696382],[4.53065888]
[5.24642187],[1.15012239],[4.25825653]
[5.11157456],[1.10563124],[4.04155173]
[5.007031],[1.06677993],[3.84533383]
[6.36906718],[2.21329778],[10.27279542]
[4.41544683],[1.81313303],[5.77212204]
[2.72227778],[1.45856144],[3.07909038]
[1.24856678],[1.15580645],[0.89390378]
[2.50644907],[1.22616173],[2.10408292]
[2.88865765],[1.34090285],[2.66000269]
[3.38091222],[1.48386324],[3.15390955]
[3.63687746],[1.48486419],[3.62746741]
[3.80593864],[1.53721101],[4.08651906]
[4.19102149],[1.61024142],[4.63195505]
[4.40826005],[1.65837073],[5.12341807]
[4.6829541],[1.68255459],[5.5843363]
[4.89784208],[1.70681028],[6.05274944]
[5.05937164],[1.73202604],[6.26015319]
[5.12515323],[1.75005328],[6.60239162]
[5.24201932],[1.75859708],[6.77522539]
[5.31411333],[1.75341771],[7.13188139]
[5.62662561],[1.75451413],[7.48706772]
[5.80774632],[1.75288646],[7.92701903]
[6.06638064],[1.75082366],[8.31263885]
[6.28639536],[1.75004927],[8.74975762]
[6.47378201],[1.75350051],[8.98283124]
[6.633212],[1.75545598],[9.34913482]
[6.81039847],[1.7636771],[9.5752133]
[6.91735925],[1.77817942],[9.92785679]
[7.19678572],[1.79783958],[10.25440349]
[7.23458039],[1.8268082],[10.55611428]
[7.38862605],[1.83574257],[10.8697182]
[7.43207693],[1.84528214],[11.16916873]
[7.52281368],[1.8541436],[11.40274363]
[7.58429121],[1.86203552],[11.65214222]
[7.69200092],[1.86847163],[11.82095096]
[7.84113697],[1.87189795],[12.0259611]
[7.90434523],[1.87270225],[12.08887611]
[8.06817772],[1.84944701],[12.23006935]
[8.12730903],[1.80997686],[12.22775584]
[8.2159393],[1.77654543],[12.24632196]
[8.2561342],[1.73144658],[12.13889506]
[8.30960135],[1.68561663],[12.00594685]
[8.3964735],[1.65660876],[11.81944728]
[8.44170552],[1.63718927],[11.56495979]
[8.6443673],[1.61363705],[11.29280495]
[8.467378],[1.58797619],[10.8627904]
[8.26292522],[1.56092896],[10.39919249]
[8.09113687],[1.52914054],[9.84122109]
[7.82945604],[1.49353719],[9.14625813]
[7.56826817],[1.46050633],[8.52187737]
[7.35883228],[1.42571348],[7.90235244]
[7.18284759],[1.38480873],[7.27641406]
[6.87618736],[1.34439197],[6.388763]
[6.6202485],[1.30102325],[5.69115729]
[6.35264573],[1.25846277],[5.14622535]
[5.73686557],[1.21277824],[4.69671195]
[5.31613968],[1.16939302],[4.39353907]
[5.13005001],[1.12410103],[4.16859663]
[6.51135848],[2.24034584],[10.76735826]
[4.68008839],[1.84493786],[6.04751954]
[2.8075787],[1.48625059],[3.24897454]
[1.35079274],[1.18162155],[1.03035872]
[2.5435113],[1.17572585],[1.91091642]
[3.03445823],[1.19432741],[2.45325759]
[3.46575289],[1.38614845],[3.04783984]
[3.73154022],[1.38445792],[3.57414393]
[3.9363493],[1.47026113],[4.12320392]
[4.27628798],[1.5891856],[4.66414564]
[4.52775877],[1.63855236],[5.23709166]
[4.84323105],[1.66312642],[5.75008691]
[5.02175299],[1.69239937],[6.30413679]
[5.16930398],[1.71523436],[6.6002112]
[5.22294413],[1.73499533],[6.95979132]
[5.39433041],[1.74799589],[7.23864526]
[5.50106621],[1.75043059],[7.63864593]
[5.84903184],[1.75471082],[8.11875877]
[6.06875156],[1.78133287],[8.64380991]
[6.40800788],[1.80355924],[9.12309421]
[6.61604042],[1.8234196],[9.67164789]
[6.81448241],[1.84304451],[10.02301263]
[6.94422288],[1.86406134],[10.3872784]
[7.27298325],[1.88664926],[10.76736325]
[7.41192841],[1.91258769],[11.12879307]
[7.56036585],[1.93628087],[11.4713972]
[7.64964049],[1.95903466],[11.81892845]
[7.7392443],[1.97070076],[12.11097558]
[7.88215004],[1.98020023],[12.4945504]
[8.01159198],[1.99087733],[12.76644059]
[8.14486041],[1.99940713],[13.13524731]
[8.24880158],[2.00879007],[13.32874181]
[8.33435411],[2.01481843],[13.59052423]
[8.37999727],[2.02042195],[13.67894188]
[8.41767835],[2.00618757],[13.7496341]
[8.51080382],[1.96521884],[13.79864723]
[8.55260662],[1.923382],[13.75921443]
[8.77748719],[1.87809284],[13.79345156]
[8.84267241],[1.83996938],[13.66598943]
[8.95763109],[1.80641052],[13.52821149]
[9.01403761],[1.76831165],[13.26747255]
[9.06853074],[1.72763299],[12.94474959]
[9.08691447],[1.68171061],[12.49989919]
[8.95490582],[1.61143625],[11.98798296]
[8.71874504],[1.54641757],[11.36212317]
[8.36880803],[1.50981695],[10.54975927]
[8.17797925],[1.47694775],[9.82423628]
[7.98717194],[1.44212036],[9.10614813]
[7.69968613],[1.40459561],[8.37039721]
[7.46103249],[1.36460829],[7.62959989]
[7.27128381],[1.32581868],[6.75126131]
[7.0419308],[1.2843062],[5.88543582]
[6.62850461],[1.2394558],[5.21213757]
[5.8988033],[1.19809719],[4.74492003]
[5.45224661],[1.1535357],[4.40882096]
[6.64992004],[2.25204909],[10.87570663]
[4.86598712],[1.85985204],[6.21483286]
[2.85714895],[1.49566521],[3.11638882]
[1.40888923],[1.18779],[0.95657031]
[2.62008561],[1.2515661],[2.15308157]
[3.21133192],[1.32426902],[2.73777813]
[3.55040646],[1.46371656],[3.31290947]
[3.82666259],[1.45254257],[3.87586737]
[4.07358419],[1.59069535],[4.51036689]
[4.35883839],[1.69046372],[5.06463739]
[4.66912241],[1.73946391],[5.698834]
[4.96700493],[1.77047892],[6.27060823]
[5.11588332],[1.79917732],[6.92972229]
[5.26635309],[1.82000357],[7.27169092]
[5.33043178],[1.84009599],[7.71465131]
[5.65502176],[1.84850972],[8.10408588]
[5.76950736],[1.85314409],[8.6040401]
[6.03602902],[1.90310791],[9.10625067]
[6.35994894],[1.93327374],[9.768839]
[6.650065],[1.95287867],[10.2946211]
[6.87232861],[1.97364407],[10.92291494]
[7.18633937],[1.99486539],[11.44706551]
[7.3373177],[2.01706493],[11.814893]
[7.5273724],[2.03673826],[12.19472009]
[7.67940118],[2.05918606],[12.5943504]
[7.86417118],[2.07978125],[12.92313404]
[8.1033542],[2.09850959],[13.39786516]
[8.2118885],[2.10905346],[13.72259513]
[8.31591888],[2.12284147],[14.15997132]
[8.38156193],[2.13105142],[14.45601877]
[8.4407074],[2.13870158],[14.81138505]
[8.56992338],[2.14644307],[15.12795316]
[8.6810266],[2.15027914],[15.4049442]
[8.89473655],[2.15512665],[15.67592297]
[8.9661329],[2.14741941],[15.76118292]
[9.0564676],[2.11779565],[15.86871895]
[9.11293231],[2.08738056],[15.84194463]
[9.15459618],[2.05249181],[15.78231298]
[9.20008988],[2.01557529],[15.64786692]
[9.21970417],[1.97853917],[15.46139805]
[9.44026265],[1.9394443],[15.30313146]
[9.52075538],[1.89533],[14.99329883]
[9.67097175],[1.84138583],[14.56335061]
[9.59262225],[1.78046134],[13.93078226]
[9.19269584],[1.71417175],[13.26467494]
[9.0506281],[1.65215469],[12.49712329]
[8.86616107],[1.56628716],[11.68577682]
[8.54134529],[1.51471627],[10.77680379]
[8.27211563],[1.47736039],[9.92238288]
[8.11916136],[1.43733257],[9.07493791]
[7.9052444],[1.39594992],[8.2407608]
[7.59543953],[1.35282377],[7.20223998]
[7.37743079],[1.3059645],[6.27038435]
[6.87891809],[1.2632324],[5.47741685]
[5.94271974],[1.21918666],[4.95799065]
[6.84979828],[2.27235497],[11.46337948]
[5.19614185],[1.88341699],[6.64196404]
[3.07370848],[1.52037496],[3.54582597]
[1.59276476],[1.21945272],[1.15138496]
[2.69286999],[1.32482425],[2.34074225]
[3.37103057],[1.39329537],[2.99955207]
[3.66370237],[1.51262489],[3.61493042]
[3.98992226],[1.52267044],[4.28129515]
[4.20071914],[1.71150542],[4.95970029]
[4.48529528],[1.79679563],[5.52060588]
[4.85388366],[1.84964993],[6.2304899]
[5.08844292],[1.88064789],[6.82068553]
[5.22261837],[1.90994559],[7.58585491]
[5.43325277],[1.92561048],[8.05396794]
[5.50764146],[1.92530337],[8.50096757]
[5.87249413],[1.94531529],[9.02710004]
[6.0311103],[2.00237729],[9.62997246]
[6.3173993],[2.05063333],[10.18431552]
[6.65409711],[2.08050525],[10.92256544]
[6.94670075],[2.10126501],[11.53147468]
[7.25862097],[2.12153786],[12.23310132]
[7.50297432],[2.13931572],[12.82297938]
[7.64433162],[2.15810808],[13.33543367]
[7.80584907],[2.17453082],[13.70137836]
[8.12217753],[2.19230374],[14.28019]
[8.29420844],[2.20864376],[14.63454961]
[8.4393745],[2.2223749],[15.07072294]
[8.49999792],[2.23160989],[15.41821402]
[8.57367377],[2.24435331],[15.85192911]
[8.82770786],[2.25227809],[16.37458277]
[8.89534215],[2.27882306],[16.76641138]
[9.09225237],[2.29698478],[17.16234528]
[9.17755479],[2.31190421],[17.47672191]
[9.23630442],[2.3212235],[17.67234508]
[9.28481053],[2.3181798],[17.84435991]
[9.31057171],[2.30448435],[17.87701368]
[9.50560632],[2.29230223],[18.0629443]
[9.61712886],[2.261546],[18.03839556]
[9.7837254],[2.21733012],[18.05335236]
[9.85296438],[2.17515577],[17.84528683]
[9.92037837],[2.12598636],[17.6627501]
[9.97919807],[2.07895298],[17.26810505]
[10.00484926],[2.03254867],[16.80892403]
[10.07235715],[1.98431994],[16.24284079]
[9.94096008],[1.91825469],[15.61010872]
[9.74972352],[1.84873535],[14.81981794]
[9.39924121],[1.76974668],[13.79970766]
[9.13267487],[1.67893942],[12.86483137]
[8.98492705],[1.55870948],[11.92939162]
[8.71764311],[1.52014841],[10.87201664]
[8.3542903],[1.47952815],[9.82662473]
[8.20790605],[1.43739524],[8.88475579]
[8.02771293],[1.39048896],[7.74183607]
[7.78947965],[1.34520787],[6.68944187]
[6.92200779],[1.30041661],[5.74959103]
[7.36881897],[2.3032427],[12.3709308]
[5.63362219],[1.92240993],[7.13401896]
[3.3992989],[1.56272236],[3.86185863]
[1.69566083],[1.25142687],[1.45587633]
[2.78119183],[1.39335454],[2.54559467]
[3.50988857],[1.44447778],[3.2354561]
[3.77736699],[1.56308506],[3.93380742]
[4.12468434],[1.61484107],[4.69207284]
[4.34015309],[1.80516376],[5.39636609]
[4.61225969],[1.89926053],[5.98631849]
[5.00120227],[1.95512536],[6.74533428]
[5.20928656],[1.97064785],[7.39186101]
[5.35674407],[1.99864613],[8.24474855]
[5.68130653],[2.01174174],[8.90320409]
[5.81831684],[2.03924376],[9.50672067]
[6.06665807],[2.0920792],[10.0663927]
[6.33162799],[2.14673658],[10.77761677]
[6.64176749],[2.19460965],[11.41774157]
[6.8981606],[2.22107926],[12.17795515]
[7.32348504],[2.23841009],[12.91278275]
[7.56762851],[2.25609159],[13.64410939]
[7.78615634],[2.27109235],[14.29187074]
[8.05555883],[2.28669987],[15.00914229]
[8.26692178],[2.30062061],[15.41513415]
[8.42553027],[2.31608138],[15.91868745]
[8.56513871],[2.33050922],[16.35842546]
[8.70821491],[2.34231156],[16.80920499]
[9.01863923],[2.35340874],[17.37550856]
[9.12195864],[2.38363107],[17.8612774]
[9.23127231],[2.40562938],[18.26193952]
[9.3160405],[2.44339963],[18.78419669]
[9.36864013],[2.46016764],[19.22145434]
[9.44110117],[2.47306588],[19.77143975]
[9.56894125],[2.48722597],[20.06062342]
[9.79544857],[2.4837262],[20.33640274]
[9.88619469],[2.50128043],[20.44739793]
[9.96537017],[2.49630612],[20.46279821]
[10.02922654],[2.46685839],[20.44148376]
[10.066209],[2.43500118],[20.32828771]
[10.13552586],[2.40166852],[20.27527768]
[10.19354677],[2.35422302],[20.04134584]
[10.4351538],[2.3067156],[19.97116094]
[10.54841134],[2.25898651],[19.52566445]
[10.63999677],[2.20664126],[19.04961781]
[10.60083434],[2.14850105],[18.3200359]
[10.24358534],[2.07472052],[17.34346479]
[9.99694567],[1.98882687],[16.30781449]
[9.85691828],[1.90787901],[15.34099382]
[9.62062793],[1.80093022],[14.25932186]
[9.19008885],[1.6432944],[13.04243313]
[9.06013689],[1.56156556],[11.879147]
[8.86654752],[1.52011321],[10.71827078]
[8.49049392],[1.47634874],[9.31981245]
[8.26977614],[1.42894242],[8.18752127]
[7.88420118],[1.38496529],[6.99561998]
[8.09297698],[2.33630266],[13.37317426]
[6.20008698],[1.95776177],[7.76612299]
[3.77256672],[1.59451625],[4.18640789]
[1.84866715],[1.28232234],[1.73807185]
[2.80518624],[1.35383728],[2.45735752]
[3.64558818],[1.32552967],[3.08900089]
[3.89101937],[1.48116895],[3.84737203]
[4.22516485],[1.5535189],[4.69496828]
[4.47132386],[1.73720913],[5.39713812]
[4.7804112],[1.84488235],[5.9947426]
[5.12262164],[1.88960609],[6.78711014]
[5.34840629],[1.91431807],[7.55998383]
[5.49322497],[1.95787175],[8.47837875]
[5.87674525],[2.01470981],[9.27039714]
[6.03940967],[2.08220723],[9.98615448]
[6.27623286],[2.13006107],[10.5367355]
[6.62676499],[2.18310273],[11.38463056]
[6.90880418],[2.22630493],[12.06502235]
[7.20331644],[2.2531365],[12.86617919]
[7.57547886],[2.27147945],[13.67904461]
[7.83535705],[2.28962612],[14.52765525]
[8.19228266],[2.30490939],[15.35845429]
[8.37949475],[2.32700595],[16.09390595]
[8.52363513],[2.34507887],[16.69497523]
[8.6303598],[2.37399371],[17.2037153]
[9.01901236],[2.39515638],[17.87634228]
[9.18784497],[2.4281095],[18.36661013]
[9.31348522],[2.45887076],[18.80146093]
[9.4173492],[2.51205211],[19.40779533]
[9.43318131],[2.557068],[19.96045442]
[9.66168642],[2.60771522],[20.64932995]
[9.85452858],[2.62678624],[21.1648881]
[9.99627089],[2.6433513],[21.61535021]
[10.0733153],[2.65953761],[21.92472472]
[10.11837503],[2.66119335],[22.13626049]
[10.17965307],[2.66887654],[22.4681652]
[10.21489089],[2.66530827],[22.56095017]
[10.3537741],[2.63720527],[22.73651342]
[10.49477212],[2.60937236],[22.73234981]
[10.66230404],[2.57785039],[22.69414182]
[10.75403697],[2.54626593],[22.48768791]
[10.80368268],[2.51279882],[22.21759719]
[10.90239091],[2.47535846],[21.89379901]
[10.97476789],[2.43395311],[21.46848314]
[11.03016348],[2.39310677],[20.92388856]
[10.90780354],[2.31883587],[20.04896156]
[10.68024254],[2.22080591],[19.02437009]
[10.35563015],[2.12363186],[17.82547524]
[10.08687641],[2.03533643],[16.47570835]
[9.89778895],[1.89579501],[15.26995033]
[9.67762179],[1.72888748],[14.08478194]
[9.2545246],[1.5875081],[12.61464924]
[9.10320246],[1.52059208],[11.16060832]
[8.94543355],[1.47843492],[9.77404725]
[8.54470919],[1.43797986],[8.45293909]
[8.13807281],[2.35293355],[14.03210217]
[6.71102828],[1.97793918],[8.36405719]
[4.34908565],[1.60745708],[4.43859373]
[1.88497213],[1.29342717],[1.61944787]
[2.84039757],[1.41919157],[2.69264825]
[3.78850138],[1.41683841],[3.37981195]
[4.0431717],[1.53908175],[4.18779907]
[4.348048],[1.64444536],[5.09035717]
[4.61753481],[1.82730068],[5.82796856]
[4.98136808],[1.92481606],[6.48156102]
[5.27342332],[1.96907532],[7.30901399]
[5.49732795],[1.99383668],[8.20799028]
[5.76566542],[2.07172086],[9.21898299]
[6.04684568],[2.12707527],[10.08504568]
[6.27298794],[2.18639724],[10.9135938]
[6.57364737],[2.23288948],[11.57290498]
[6.82902088],[2.28213399],[12.39698903]
[7.23286753],[2.31762227],[13.23468855]
[7.52410237],[2.34206061],[14.10310995]
[7.77898857],[2.36856935],[14.91098253]
[8.21753919],[2.40082299],[15.98552996]
[8.44259735],[2.42504469],[16.78367017]
[8.59623645],[2.45364359],[17.64495714]
[8.91389177],[2.4711144],[18.48438995]
[9.1066767],[2.51092093],[19.0588632]
[9.25966945],[2.55288062],[19.56567935]
[9.42979858],[2.59881548],[20.20517896]
[9.58171596],[2.64285772],[20.80617459]
[9.8676044],[2.69269676],[21.59460877]
[9.97484494],[2.72949529],[22.10925488]
[10.06672861],[2.76401591],[22.66213302]
[10.15721842],[2.78414808],[23.28633891]
[10.19142828],[2.80906633],[23.84462349]
[10.33170704],[2.83374742],[24.42479867]
[10.41360392],[2.84732547],[24.75885169]
[10.62213507],[2.86510893],[25.0728536]
[10.72453341],[2.85254785],[25.21092362]
[10.79998982],[2.83427934],[25.24436563]
[10.8826277],[2.80968599],[25.25545035]
[10.94255142],[2.77045398],[25.1441619]
[11.07732257],[2.73330731],[25.18798133]
[11.16517971],[2.69612203],[25.00257589]
[11.28796207],[2.65519261],[24.82238808]
[11.43734951],[2.61537207],[24.49898489]
[11.47802462],[2.57277825],[23.96791516]
[11.49265397],[2.5231198],[23.26809904]
[11.3021511],[2.45236665],[22.18017728]
[11.00141834],[2.37065323],[20.80977455]
[10.73057963],[2.27208535],[19.42522049]
[10.43868852],[2.14589902],[18.05172933]
[10.18214486],[1.99526431],[16.65181853]
[9.94195984],[1.80160409],[15.13568185]
[9.73920347],[1.65926935],[13.62658073]
[9.35194589],[1.57324043],[11.8073977]
[8.96546327],[1.52177088],[10.30911784]
[8.82979478],[2.37956857],[15.54048679]
[7.46318068],[2.01097426],[9.27582513]
[5.51497204],[1.63308269],[5.33862394]
[2.06536663],[1.31998658],[2.31548323]
[2.88618123],[1.47013391],[2.92168109]
[3.80473116],[1.47829388],[3.68793868]
[4.19039102],[1.63328657],[4.66474025]
[4.48040608],[1.76483643],[5.55825823]
[4.82212341],[1.92285401],[6.3390899]
[5.18735587],[2.01378826],[7.01184539]
[5.43806696],[2.05759499],[7.97690614]
[5.77554299],[2.0832331],[8.96540737]
[6.07928563],[2.1766671],[10.10124102]
[6.25758701],[2.22827908],[10.93280472]
[6.59553098],[2.28897977],[11.92402894]
[6.85262084],[2.3284023],[12.65209056]
[7.12497146],[2.36606568],[13.49648809]
[7.54639952],[2.39999789],[14.44551004]
[7.80352458],[2.44044899],[15.39284546]
[8.1834875],[2.47365701],[16.34513101]
[8.47625688],[2.5089949],[17.3559443]
[8.82050611],[2.544151],[18.3944231]
[9.06420802],[2.59863847],[19.39550546]
[9.26136593],[2.64161874],[20.14276929]
[9.40222886],[2.68747032],[20.90800609]
[9.45730049],[2.72656339],[21.5179726]
[9.87431175],[2.76732004],[22.33813602]
[10.04512713],[2.7991041],[22.87396187]
[10.20267824],[2.84543274],[23.57571488]
[10.29043942],[2.88343219],[24.25014218]
[10.38611523],[2.92474686],[24.94980044]
[10.57614189],[2.95615226],[25.76977963]
[10.7072908],[2.98825462],[26.37541129]
[10.83566962],[3.01806706],[26.8658649]
[10.92432149],[3.0409201],[27.29046924]
[10.9728017],[3.06385311],[27.66512667]
[11.11379755],[3.08622539],[28.04966016]
[11.19159079],[3.08928435],[28.21637326]
[11.30700669],[3.05274041],[28.31769445]
[11.42461058],[3.01455586],[28.25759299]
[11.53785218],[2.97101567],[28.17713614]
[11.6624792],[2.9281213],[28.27960594]
[11.80589744],[2.88094201],[28.19496137]
[11.99941641],[2.8336388],[27.98521902]
[12.14093997],[2.78619981],[27.68840015]
[12.12740239],[2.73494272],[27.02891071]
[12.14982432],[2.66610175],[26.26741359]
[11.95059273],[2.58456008],[24.82826703]
[11.43070636],[2.49433528],[22.9071393]
[11.10369108],[2.40406846],[21.07145425]
[10.80064377],[2.27361449],[19.50407757]
[10.52878933],[2.071116],[18.03647255]
[10.24668705],[1.86653912],[16.27696707]
[9.99249502],[1.74389438],[14.4489187]
[9.6075369],[1.64594639],[12.671969]
[9.49648824],[2.41472731],[17.56666663]
[8.1066407],[2.06466066],[10.46003198]
[6.22167726],[1.70676914],[6.16330339]
[2.7671905],[1.34760099],[3.19655218]
[2.93086424],[1.51517922],[3.16365239]
[3.81916377],[1.53208522],[3.98746861]
[4.34404101],[1.72195007],[5.13562038]
[4.61188039],[1.87918656],[6.03069059]
[5.03970959],[2.02668772],[6.88960956]
[5.39105927],[2.10625808],[7.58275921]
[5.68573327],[2.15624433],[8.72045072]
[6.05134728],[2.20093746],[9.86894356]
[6.37196289],[2.28805766],[11.04025872]
[6.56656621],[2.33979144],[11.89757249]
[6.84117922],[2.39654176],[12.95934989]
[7.17548164],[2.42224989],[13.86283699]
[7.49365637],[2.46593542],[14.81882098]
[7.78685682],[2.50601647],[15.77076575]
[8.17938864],[2.54847528],[16.89602678]
[8.48078477],[2.58324594],[17.80660242]
[8.68740314],[2.64994582],[18.83325625]
[9.18429075],[2.69614408],[20.0679164]
[9.38584209],[2.74207146],[21.00885439]
[9.4754551],[2.77769654],[21.91124315]
[9.77837002],[2.81342084],[22.82906889]
[10.01651602],[2.85658958],[23.50493697]
[10.17733181],[2.90830276],[24.2099709]
[10.33221053],[2.95310856],[25.01690574]
[10.54118443],[3.00652811],[25.8681666]
[10.79107075],[3.04896687],[26.6900925]
[10.90813801],[3.0955955],[27.48080938]
[11.01345908],[3.13571401],[28.1839631]
[11.13755163],[3.17400086],[28.98453044]
[11.22076633],[3.21294199],[29.66641662]
[11.33494778],[3.24002737],[30.27082025]
[11.45929142],[3.27046374],[30.75267931]
[11.56374934],[3.29633007],[31.0759707]
[11.6966719],[3.30306102],[31.45893629]
[11.75173765],[3.27580133],[31.81496732]
[11.93787868],[3.24569321],[32.06385242]
[12.0847339],[3.21522209],[32.14907705]
[12.24585428],[3.17631285],[32.18328245]
[12.47133329],[3.13112952],[32.20174022]
[12.60721138],[3.08392447],[32.04180474]
[12.76216514],[3.03451533],[31.74116043]
[12.82941876],[2.97971589],[31.40630534]
[12.88722206],[2.91619135],[30.87929343]
[12.98738384],[2.83949397],[30.11197775]
[12.67024781],[2.72993346],[28.45190748]
[12.18221714],[2.6249011],[25.960571]
[11.50804162],[2.52210051],[23.10367561]
[11.19730379],[2.36157517],[21.25399448]
[10.87816566],[2.14426886],[19.3180206]
[10.59516046],[1.95359191],[17.50916717]
[10.1360393],[1.86091071],[15.30805734]
[10.04548373],[2.46344301],[20.92765657]
[8.76859221],[2.12247411],[12.00915008]
[6.95274408],[1.76188517],[7.04656592]
[5.15603008],[1.37401652],[3.23225481]
[2.95045699],[1.44516713],[3.08449519]
[3.82641431],[1.42550106],[3.82639164]
[4.46371164],[1.67867191],[5.09481947]
[4.77596517],[1.81287602],[6.05210557]
[5.21971393],[1.96555068],[6.96746827]
[5.58784507],[2.03282466],[7.75729837]
[5.93040938],[2.10401903],[9.00546361]
[6.29398521],[2.21671604],[10.22070837]
[6.62189883],[2.29649635],[11.41975005]
[6.89064498],[2.3416954],[12.34133043]
[7.10030762],[2.39351415],[13.4906201]
[7.48928621],[2.42086623],[14.53172271]
[7.73491846],[2.46854096],[15.55664528]
[8.09798525],[2.52993218],[16.63354164]
[8.45463706],[2.60478798],[17.78353742]
[8.7259497],[2.69509673],[18.84449359]
[9.08892833],[2.75140952],[20.04102459]
[9.38015703],[2.78613727],[21.05533087]
[9.69880196],[2.83242314],[22.28736219]
[9.98197111],[2.8699461],[23.32065354]
[10.13706506],[2.92033794],[24.29649029]
[10.2763645],[2.96869381],[25.21275688]
[10.41945971],[3.02239006],[26.05381165]
[10.75823185],[3.07093733],[26.96221102]
[10.97677138],[3.12831611],[27.8909644]
[11.12805789],[3.17293471],[28.59037731]
[11.28770964],[3.22437758],[29.57180388]
[11.43431471],[3.27388597],[30.56539385]
[11.54204524],[3.32538348],[31.45461693]
[11.73425344],[3.37831679],[32.19926976]
[11.90286568],[3.40002802],[32.75629997]
[11.99962405],[3.42242357],[33.59670558]
[12.1692676],[3.4424971],[34.22652258]
[12.25670373],[3.4562064],[34.73801957]
[12.39154384],[3.42917415],[35.23044028]
[12.53713017],[3.40406377],[35.54055234]
[12.68442211],[3.37875293],[35.84990635]
[12.84191918],[3.34878284],[36.01116496]
[13.02217607],[3.31792414],[36.05466155]
[13.23097212],[3.28449357],[36.01234931]
[13.35951084],[3.24910717],[36.05724669]
[13.47288226],[3.20897688],[35.91138698]
[13.55315441],[3.16861617],[35.5462521]
[13.78737012],[3.09497487],[35.08138876]
[13.94995625],[2.98193735],[34.30054008]
[13.77643424],[2.87793788],[32.66300172]
[13.74594179],[2.77884117],[30.0406887]
[13.55876739],[2.64833554],[26.90198258]
[11.68051376],[2.48050828],[22.80320693]
[11.28930482],[2.25826757],[20.55906841]
[10.77945541],[2.03562324],[18.34248113]
[10.61910951],[2.6273513],[24.39008478]
[9.21840302],[2.15325097],[13.22367039]
[7.39677343],[1.79336518],[7.92717365]
[5.76782685],[1.39582313],[4.64386549]
[2.96372703],[1.4831511],[3.19686849]
[3.82730414],[1.52611311],[4.10200867]
[4.54386291],[1.7481194],[5.42682431]
[4.92418349],[1.89540593],[6.41822116]
[5.33908257],[2.03234542],[7.36055358]
[5.72809845],[2.10624115],[8.29121215]
[6.08644335],[2.21026093],[9.60627524]
[6.44493978],[2.30863335],[10.89389438]
[6.76387117],[2.38905889],[12.11454501]
[7.07022064],[2.42494336],[13.15746562]
[7.26142508],[2.47953687],[14.38300939]
[7.59427499],[2.505573],[15.50723597]
[7.91303026],[2.56368201],[16.68080952]
[8.30530301],[2.6202653],[17.87933812]
[8.57760164],[2.73230337],[19.0405884]
[8.94834153],[2.81946136],[20.30897154]
[9.26715143],[2.8893535],[21.49649305]
[9.44381272],[2.9334793],[22.59792681]
[9.9445814],[2.97973117],[24.10858183]
[10.13563341],[3.01678743],[25.07550947]
[10.27421194],[3.06526005],[26.26416593]
[10.55105291],[3.11506133],[27.38743714]
[10.75438555],[3.17278624],[28.3354815]
[10.92631151],[3.22296532],[29.0895506]
[11.1907618],[3.28773706],[30.21444145]
[11.36800176],[3.34699464],[31.22905299]
[11.5666224],[3.41705093],[32.34194589]
[11.7734168],[3.47766042],[33.28233916]
[12.02992021],[3.52187768],[34.22690292]
[12.24891844],[3.57295437],[35.32183766]
[12.51514906],[3.5972293],[36.21486621]
[12.71050155],[3.61161347],[37.08411289]
[12.8288651],[3.62814987],[37.90639761]
[13.00934313],[3.64082998],[38.64876925]
[13.1149632],[3.63336554],[39.35827377]
[13.21748147],[3.60759499],[39.79703662]
[13.36553118],[3.56780587],[40.14047951]
[13.45607534],[3.53205105],[40.44906917]
[13.64291969],[3.49648923],[40.748222]
[13.76137598],[3.46086585],[40.79565728]
[13.90503609],[3.42736876],[40.86870198]
[14.12193127],[3.39494347],[40.85754946]
[14.34733805],[3.36366236],[40.66583725]
[14.5850153],[3.31300537],[40.33624019]
[14.87479472],[3.24291143],[39.72950912]
[15.07873401],[3.15842107],[38.76882994]
[14.95586978],[3.05254108],[37.17984298]
[14.76318528],[2.94514308],[34.6935231]
[14.51220282],[2.79603923],[31.32847748]
[13.92304537],[2.5847435],[27.44574836]
[11.58995432],[2.38305552],[22.55601119]
[11.19879209],[3.0476514],[29.77202389]
[9.78539828],[2.56129526],[17.18038746]
[8.04072144],[1.82160293],[9.28473415]
[6.40120881],[1.42850186],[5.64589145]
[2.97956634],[1.51060933],[3.43178262]
[3.83523618],[1.57418436],[4.2941556]
[4.62880803],[1.82898819],[5.73193776]
[5.07796873],[1.99252375],[6.79630668]
[5.4697786],[2.11194648],[7.74642244]
[5.87623466],[2.19486186],[8.80030931]
[6.25716249],[2.30268262],[10.18539457]
[6.6189518],[2.39329291],[11.503019]
[6.9407792],[2.47058943],[12.75277307]
[7.27046421],[2.50285447],[13.88257799]
[7.47356277],[2.55227455],[15.15023161]
[7.74211492],[2.57559275],[16.27453645]
[8.13376292],[2.62811639],[17.56866817]
[8.44905334],[2.71047456],[18.79927133]
[8.70692197],[2.82285429],[20.04997101]
[9.13933428],[2.9203917],[21.40179779]
[9.39768357],[2.99627812],[22.6335708]
[9.71051198],[3.0409218],[23.96092146]
[10.09824969],[3.08787172],[25.35440014]
[10.25438755],[3.12561309],[26.47160477]
[10.52064235],[3.17196199],[27.78759246]
[10.77804945],[3.22301521],[28.9307867]
[10.97962175],[3.27916836],[29.93143696]
[11.10073339],[3.36170786],[30.83805564]
[11.37478076],[3.43335595],[32.25956862]
[11.60122708],[3.52051535],[33.26012692]
[11.8105443],[3.58557026],[34.47035639]
[12.03950407],[3.65720407],[35.59458281]
[12.33863432],[3.71860893],[36.99696715]
[12.5835941],[3.76975643],[38.0358875]
[12.83362685],[3.79899454],[39.05328535]
[13.08407352],[3.80568994],[40.02437509]
[13.22250806],[3.81534017],[40.97812029]
[13.37487092],[3.82969034],[41.85533333]
[13.54714214],[3.84836444],[42.67749947]
[13.65422926],[3.85550784],[43.44664569]
[13.90273856],[3.81607532],[43.91032143]
[14.1919219],[3.77019142],[44.43104492]
[14.42163061],[3.72808199],[44.97419947]
[14.58856496],[3.68448804],[45.32302633]
[14.65408571],[3.64142914],[45.48942136]
[14.76784303],[3.59388394],[45.60714112]
[14.92583256],[3.54843652],[45.39863138]
[15.16416641],[3.50514178],[45.06883308]
[15.40606305],[3.44361531],[44.59473635]
[15.66127206],[3.36644292],[43.84353782]
[15.75461545],[3.28718632],[42.62012702]
[15.66645151],[3.21444197],[40.82757071]
[15.60287197],[3.11038516],[38.20580942]
[15.29476538],[2.87968203],[34.76917834]
[14.59017033],[2.6739861],[30.611789]
[11.63791973],[3.32397722],[34.09614576]
[10.45126889],[3.05298755],[22.54369983]
[8.6566154],[1.87782371],[11.10007498]
[7.06195239],[1.46007003],[6.46890963]
[2.99501223],[1.52799358],[3.77278157]
[3.84352283],[1.62021757],[4.43685212]
[4.66150223],[1.87679807],[5.97665177]
[5.23378488],[2.03663853],[7.11555568]
[5.62540032],[2.15743953],[8.15446392]
[6.0247135],[2.26044034],[9.28659866]
[6.41581879],[2.38587158],[10.78535994]
[6.79472553],[2.48034043],[12.14359979]
[7.10305435],[2.54545833],[13.35655318]
[7.43213253],[2.5787466],[14.56810695]
[7.68878277],[2.63481245],[15.90692034]
[7.92310996],[2.66339734],[17.13782973]
[8.34270253],[2.72091536],[18.57619512]
[8.58051412],[2.81765278],[19.85066928]
[8.9165253],[2.92640299],[21.21540738]
[9.28011078],[3.01710579],[22.49193693]
[9.53054028],[3.092167],[23.85248824]
[9.94798163],[3.13855473],[25.26226124]
[10.2169362],[3.18345425],[26.52662949]
[10.48725505],[3.21489888],[27.89036684]
[10.75229561],[3.2533962],[29.22009849]
[10.94813432],[3.31547907],[30.27569635]
[11.15508502],[3.38718487],[31.56460658]
[11.40997116],[3.48794099],[32.67241237]
[11.56941682],[3.56327692],[33.99578039]
[11.83560086],[3.64456847],[35.03603202]
[12.05259773],[3.71217565],[36.35264221]
[12.3153531],[3.78404805],[37.86986263]
[12.63392449],[3.84765335],[39.21377552]
[12.91411084],[3.89922682],[40.29463411]
[13.15546544],[3.94483427],[41.45027708]
[13.40968678],[3.95540231],[42.56181225]
[13.62101532],[3.96239932],[43.49921151]
[13.72364215],[3.97280081],[44.33462282]
[13.90827283],[4.01887847],[45.41831225]
[14.11342793],[4.03556207],[46.21947258]
[14.46087784],[4.0032865],[46.97875622]
[14.72607536],[3.96171688],[47.67449835]
[14.95388464],[3.92151355],[48.22383333]
[15.07743921],[3.8740298],[48.67946652]
[15.19957878],[3.8316443],[48.89479612]
[15.26412336],[3.78258899],[48.98640216]
[15.3656034],[3.73552025],[48.84645197]
[15.63066343],[3.68602271],[48.55870493]
[15.90151651],[3.62725299],[48.12141497]
[16.14685216],[3.55422294],[47.5492911]
[16.23963048],[3.45436229],[46.61451763]
[16.22171913],[3.37977152],[44.99846057]
[16.07552316],[3.29711938],[42.8087931]
[16.05249994],[3.15837563],[39.71432393]
[15.47585552],[2.92149686],[35.55180991]
[12.63104487],[3.59325394],[38.93833496]
[11.10882618],[3.27158756],[27.22757626]
[9.33437218],[2.53488484],[15.95687617]
[7.7441193],[1.49021396],[7.10208015]
[3.0003201],[1.42409736],[3.91121108]
[3.84641038],[1.46699624],[4.13235055]
[4.66535062],[1.77891285],[5.76416971]
[5.36659659],[1.93912016],[6.96930261]
[5.75836886],[2.05798256],[8.09223225]
[6.14689147],[2.15758304],[9.22066831]
[6.53529829],[2.32948478],[10.78415423]
[6.93821053],[2.41887699],[12.15695194]
[7.26064707],[2.48629499],[13.4339323]
[7.59605269],[2.52417374],[14.72259362]
[7.88763473],[2.57953429],[16.1461492]
[8.11694961],[2.67281884],[17.49239021]
[8.46113723],[2.76522691],[18.97676106]
[8.72913888],[2.86415276],[20.37856637]
[9.11967752],[2.96838895],[21.82291015]
[9.36343021],[3.06057911],[23.02842802]
[9.75666422],[3.13427963],[24.57541472]
[10.07932856],[3.17557603],[25.86976066]
[10.30138396],[3.2170275],[27.17921709]
[10.70559165],[3.25987211],[28.67230428]
[10.95320786],[3.30192409],[29.98281154]
[11.19098766],[3.41214425],[31.33294198]
[11.40927199],[3.48447137],[32.80703413]
[11.60691701],[3.58074803],[33.86803175]
[11.77978306],[3.65709374],[35.17209287]
[12.05224221],[3.7332839],[36.4872875]
[12.34399767],[3.79927323],[38.09092866]
[12.63238873],[3.84887839],[39.42744379]
[12.91134108],[3.90861019],[40.81709548]
[13.2102441],[3.94969332],[42.07952168]
[13.46198804],[3.99905255],[43.22203302]
[13.71181895],[4.0403001],[44.29728987]
[13.95390974],[4.05439937],[45.34223657]
[14.10799831],[4.07202926],[46.42594886]
[14.2485013],[4.11951804],[47.42733085]
[14.52677628],[4.13556394],[48.36358648]
[14.87943832],[4.10421153],[49.3299711]
[15.20876248],[4.07090191],[50.08687056]
[15.45723991],[4.04082095],[50.7829785]
[15.55307009],[4.00538939],[51.30908573]
[15.67042277],[3.97360434],[51.60567248]
[15.76360102],[3.93537972],[51.72478273]
[15.80509975],[3.89188717],[51.6320286]
[16.0470047],[3.8410769],[51.39444353]
[16.33238586],[3.78571005],[51.0294592]
[16.56703536],[3.7179258],[50.45731186]
[16.65277887],[3.60491595],[49.66717508]
[16.68194067],[3.4957826],[48.46010252]
[16.60952307],[3.40206097],[46.50355967]
[16.63248724],[3.28217994],[44.02160355]
[16.25427019],[3.12716604],[40.3675764]
