meltWidth,meltDepth,meltArea
[0.9371918],[0.23692202],[0.10856033]
[1.18096691],[0.42299454],[0.25209649]
[1.53228134],[0.55947907],[0.45162059]
[1.49360955],[0.6290352],[0.55152738]
[1.69470837],[0.70205388],[0.67716088]
[1.62664651],[0.74348305],[0.72836547]
[1.8043338],[0.8027296],[1.1959421]
[1.72277011],[0.91937825],[1.26719392]
[1.81113607],[0.96822458],[1.4541033]
[1.81060653],[0.97938248],[1.49223022]
[1.91922685],[0.99099425],[1.5893386]
[1.7826343],[0.99354806],[1.53052371]
[1.66914513],[0.98225457],[1.47692777]
[1.67657827],[0.97255567],[1.36434339]
[1.68930471],[0.95838169],[1.27875099]
[1.73817133],[0.93849157],[1.20905065]
[1.73128384],[0.91800826],[1.02837955]
[1.97033873],[0.89985911],[1.03620272]
[1.9577079],[0.82688069],[0.89506275]
[2.14020688],[0.74511986],[0.9256011]
[2.1719669],[0.67086393],[0.85147828]
[2.29437901],[0.62260455],[0.87861182]
[2.34444972],[0.5808829],[0.84069919]
[2.44298249],[0.54895423],[0.84606376]
[2.46696774],[0.50727983],[0.80261769]
[2.47607088],[0.4846893],[0.77107625]
[2.5007383],[0.45543888],[0.74275472]
[2.48243634],[0.44025182],[0.71493131]
[2.61786691],[0.42446222],[0.71939514]
[2.49726347],[0.41239909],[0.69475261]
[2.50004887],[0.40208136],[0.67676765]
[2.46899113],[0.3930675],[0.66343842]
[2.4640133],[0.38998196],[0.65735288]
[2.47719842],[0.38764389],[0.65603334]
[2.46528571],[0.38594081],[0.65382428]
[2.46471354],[0.38418352],[0.65277801]
[2.47209432],[0.38058708],[0.65042744]
[2.46584489],[0.37760176],[0.64665398]
[2.4530658],[0.3761708],[0.645346]
[2.45189296],[0.37660722],[0.64735932]
[2.46336208],[0.37618095],[0.65141208]
[2.46695078],[0.3755454],[0.65446914]
[2.48423083],[0.37545888],[0.65858471]
[2.49703292],[0.37726314],[0.66374927]
[2.50771383],[0.37829764],[0.66907367]
[2.51653183],[0.37852276],[0.6714447]
[2.52388694],[0.37850231],[0.67159299]
[2.53261191],[0.37931806],[0.6724859]
[2.53565841],[0.38153118],[0.6763243]
[2.56583535],[0.38376855],[0.68187332]
[2.59983625],[0.38650035],[0.68965186]
[2.24634349],[0.39298771],[0.64889503]
[1.52264276],[0.40336829],[0.40466984]
[0.19293198],[0.24332583],[0.02302534]
[1.30737191],[0.62617985],[0.55594379]
[2.11519801],[0.73200114],[0.86879474]
[2.29534639],[0.80647817],[1.10372347]
[2.41278235],[0.88142366],[1.34449257]
[2.4487198],[0.93963643],[1.44245087]
[2.53668557],[1.02387316],[1.72996864]
[2.59077316],[1.12110573],[1.93188088]
[2.66904911],[1.20233436],[2.1710052]
[2.69663769],[1.23361203],[2.25490244]
[2.71237139],[1.26283736],[2.47066387]
[2.72400642],[1.2846882],[2.56394284]
[2.73770566],[1.30139163],[2.71961623]
[2.72194716],[1.3035092],[2.74537731]
[2.71729714],[1.29871785],[2.80707731]
[2.66310647],[1.29065038],[2.78010754]
[2.63447433],[1.28998199],[2.780634]
[2.44168249],[1.28604603],[2.68859039]
[2.45658096],[1.28175978],[2.65635963]
[2.45691066],[1.27811038],[2.47954844]
[2.47510101],[1.27129026],[2.45664278]
[2.46820216],[1.26368293],[2.26814248]
[2.49092701],[1.25353823],[2.23768133]
[2.4680924],[1.24524574],[2.10104226]
[2.50198266],[1.23186362],[2.04880446]
[2.48981099],[1.21228758],[1.954153]
[2.51974802],[1.14910879],[1.88255161]
[2.54449093],[1.08786126],[1.78464572]
[2.67622334],[1.01694732],[1.74581596]
[2.74617878],[0.9707526],[1.68557226]
[2.87052089],[0.92705207],[1.68379412]
[2.84164426],[0.89446177],[1.62965176]
[2.93723959],[0.86739053],[1.6488341]
[2.91275053],[0.84486932],[1.5969433]
[2.92700196],[0.82615749],[1.58466181]
[2.95022247],[0.80911014],[1.57730626]
[2.95666578],[0.79348238],[1.56993578]
[2.97887184],[0.77747614],[1.56893732]
[2.99670335],[0.76203924],[1.56458783]
[3.00748892],[0.75298511],[1.56695669]
[3.0191671],[0.74608135],[1.57827956]
[3.02973064],[0.73992472],[1.58470116]
[3.04350584],[0.73553764],[1.58988967]
[3.04345537],[0.73079709],[1.58757027]
[3.04417053],[0.72604973],[1.5833915]
[3.04382583],[0.72178651],[1.57304918]
[3.04106341],[0.7165629],[1.56535273]
[3.03793173],[0.71165613],[1.56237737]
[3.03474785],[0.70681175],[1.55342837]
[3.03240091],[0.70258206],[1.54403394]
[3.02502432],[0.70007853],[1.53845518]
[3.02246935],[0.69791443],[1.53472308]
[3.01892183],[0.69618531],[1.5262931]
[2.77103031],[0.69480961],[1.46298785]
[2.02240677],[0.69344763],[1.02631031]
[0.28245664],[0.33455135],[0.04678134]
[1.44707572],[0.68493076],[0.70627239]
[2.29289376],[0.78540391],[1.24956895]
[2.63230065],[0.86802853],[1.53535061]
[2.71055228],[0.9333358],[1.77313595]
[2.80896841],[0.97719839],[1.95261659]
[2.90845418],[1.0297292],[2.22177724]
[3.0342718],[1.11424967],[2.40537576]
[3.06227373],[1.18296907],[2.58021859]
[3.10419226],[1.22689007],[2.71164763]
[3.103152],[1.26655324],[2.82101061]
[3.16743221],[1.29787285],[2.90253676]
[3.16766418],[1.33244651],[3.10303543]
[3.21272282],[1.34590074],[3.14047574]
[3.20556405],[1.35060173],[3.25485106]
[3.21942718],[1.35293476],[3.25748297]
[3.23219197],[1.35152018],[3.31398095]
[3.11680308],[1.35289395],[3.2387215]
[3.25998478],[1.35208098],[3.33177723]
[3.03347085],[1.35009289],[3.22646067]
[2.95553362],[1.33926822],[3.21384054]
[2.73138317],[1.33050495],[3.08239665]
[2.83813103],[1.31860014],[3.08543094]
[2.95668477],[1.31039123],[3.02785654]
[2.99616051],[1.30068379],[2.94679319]
[3.02908796],[1.28238241],[2.80047496]
[3.05543953],[1.26005453],[2.71383336]
[3.09876634],[1.24016417],[2.57398426]
[3.12634435],[1.14463207],[2.39320419]
[3.14622966],[1.09707081],[2.2661456]
[3.22781994],[1.05104955],[2.19201131]
[3.21354548],[1.01520937],[2.12355725]
[3.22854793],[0.98223359],[2.08388035]
[3.24443702],[0.94984671],[2.01678401]
[3.24711726],[0.92302864],[1.98074329]
[3.26718042],[0.89745448],[1.95569012]
[3.26191123],[0.87972537],[1.93750177]
[3.26619665],[0.86483018],[1.92977007]
[3.2785654],[0.85049654],[1.92254489]
[3.27867447],[0.8426863],[1.91693054]
[3.26691033],[0.83482776],[1.91512385]
[3.26480795],[0.82418409],[1.90781838]
[3.2736605],[0.81244329],[1.90341761]
[3.26201767],[0.79871878],[1.89519441]
[3.28571643],[0.78640293],[1.89676125]
[3.373567],[0.77497839],[1.90340486]
[3.43103453],[0.76480747],[1.90911025]
[3.47037746],[0.75472807],[1.91099322]
[3.47502215],[0.7446545],[1.89753143]
[3.44681373],[0.73334705],[1.87150168]
[3.41853559],[0.72634698],[1.84979826]
[3.39189912],[0.72072882],[1.82702343]
[3.36559535],[0.71455148],[1.80526963]
[3.09246413],[0.70902968],[1.73005476]
[2.31671954],[0.70386734],[1.28299019]
[0.15045018],[0.19089881],[0.01408078]
[1.43611064],[0.66417386],[0.69078186]
[2.29211591],[0.77414953],[1.25445221]
[2.63847086],[0.85393013],[1.48863922]
[2.77090875],[0.93202795],[1.83760867]
[2.86818145],[0.97558737],[1.98943664]
[2.97255761],[1.02719594],[2.28468441]
[3.06004862],[1.10911971],[2.44979444]
[3.08911038],[1.19033479],[2.66703356]
[3.17205894],[1.25152173],[2.81060723]
[3.19435845],[1.31928938],[2.95985305]
[3.25333275],[1.34860931],[3.03846545]
[3.27222273],[1.35780961],[3.22600636]
[3.24084882],[1.36322002],[3.19465749]
[3.30363498],[1.36451257],[3.34294294]
[3.16107309],[1.36463136],[3.24947375]
[3.26567509],[1.3661871],[3.36584595]
[3.10296123],[1.36631089],[3.2906883]
[3.19530881],[1.36481979],[3.40587959]
[3.04270326],[1.36160384],[3.31387455]
[2.97445223],[1.35462839],[3.35312875]
[2.94887821],[1.34248069],[3.25403748]
[2.98013963],[1.32285508],[3.17962993]
[3.03781693],[1.30949483],[3.0888741]
[3.01993766],[1.29151006],[2.88001035]
[3.03367328],[1.27328196],[2.69189369]
[3.06519],[1.2365318],[2.54240635]
[3.11873115],[1.1768734],[2.33733855]
[3.15900089],[1.08720213],[2.21494095]
[3.20061097],[1.05408419],[2.11680189]
[3.26187994],[1.02212332],[2.09557372]
[3.28268757],[0.99601119],[2.07942453]
[3.29429555],[0.96733403],[2.05847127]
[3.31771216],[0.94372284],[2.01343205]
[3.31607237],[0.9234578],[1.99244292]
[3.33930831],[0.9037734],[1.98594232]
[3.34903484],[0.8887215],[1.98437536]
[3.35461867],[0.87507364],[1.98451747]
[3.37194533],[0.86133503],[1.98708275]
[3.37340415],[0.85509149],[1.98964622]
[3.36561554],[0.84696619],[1.98706689]
[3.37977177],[0.83602562],[1.97950498]
[3.39798984],[0.82722556],[1.97921219]
[3.39550042],[0.81854461],[1.97345347]
[3.39871206],[0.81098521],[1.96986347]
[3.41513478],[0.802034],[1.96660648]
[3.41408605],[0.78913401],[1.95569981]
[3.48025365],[0.77732666],[1.96241565]
[3.56334226],[0.7660078],[1.9716464]
[3.59916072],[0.75384759],[1.96717451]
[3.61038634],[0.74341659],[1.95648047]
[3.58833588],[0.73341842],[1.92849838]
[3.56505945],[0.72258239],[1.90016786]
[3.26963066],[0.71450676],[1.80567827]
[2.48943636],[0.70682027],[1.33527467]
[0.10812074],[0.14180375],[0.00745276]
[1.41216983],[0.64422842],[0.66365316]
[2.30897986],[0.75756935],[1.24837831]
[2.62899403],[0.84102114],[1.49080652]
[2.760705],[0.931369],[1.85706967]
[2.84849632],[0.98219052],[1.99913333]
[2.97125613],[1.03296633],[2.2907216]
[3.08519541],[1.16553331],[2.54634513]
[3.11729398],[1.25311192],[2.77646807]
[3.18540607],[1.30640713],[2.89867626]
[3.23048604],[1.34976509],[3.15252956]
[3.24483421],[1.37509714],[3.17552207]
[3.3016005],[1.38866422],[3.35902092]
[3.15447427],[1.39178192],[3.24581877]
[3.3300627],[1.40044972],[3.45115769]
[3.13293425],[1.39753243],[3.35674379]
[3.23886793],[1.39728475],[3.51017405]
[3.08366979],[1.39681128],[3.47227571]
[3.14205065],[1.39593191],[3.63486597]
[3.0963355],[1.39274472],[3.55100291]
[3.16352035],[1.38334165],[3.55359474]
[3.20571869],[1.37028207],[3.4482679]
[3.22690797],[1.35401355],[3.34721217]
[3.23685576],[1.35152825],[3.18670713]
[3.22363671],[1.32421266],[3.0405562]
[3.23721565],[1.33079919],[2.86748631]
[3.24609541],[1.27765896],[2.72279909]
[3.28596926],[1.22005254],[2.57342609]
[3.30630394],[1.11586047],[2.47525977]
[3.31930364],[1.08769411],[2.38417496]
[3.36180034],[1.06221583],[2.35727961]
[3.36985636],[1.04150629],[2.32572628]
[3.36345102],[1.01771961],[2.29160331]
[3.37689284],[0.99669288],[2.24712053]
[3.36103038],[0.97828246],[2.21577779]
[3.36811793],[0.95976342],[2.20481167]
[3.36759719],[0.94494858],[2.19576777]
[3.38398864],[0.9316786],[2.19241429]
[3.41230607],[0.91920397],[2.19488848]
[3.43310593],[0.91272334],[2.19942673]
[3.44370159],[0.90520877],[2.2028128]
[3.46308864],[0.89432829],[2.19696495]
[3.47906415],[0.88301746],[2.18699864]
[3.47518901],[0.86970717],[2.16963493]
[3.47530637],[0.85451664],[2.149591]
[3.4870518],[0.83989628],[2.13266811]
[3.48675545],[0.82786871],[2.10683898]
[3.47388458],[0.81617975],[2.07530214]
[3.47739578],[0.80452028],[2.04726488]
[3.48282052],[0.79154183],[2.0243289]
[3.4714557],[0.78059904],[1.99941562]
[3.45721485],[0.77055287],[1.97286101]
[3.44699191],[0.76108264],[1.95000321]
[3.15831223],[0.75336957],[1.8553872]
[2.40210132],[0.74575351],[1.36687913]
[0.07600743],[0.11739114],[0.0042979]
[1.41973311],[0.58085691],[0.62318513]
[2.31457213],[0.69640091],[1.16790604]
[2.52303358],[0.80114882],[1.38319116]
[2.68309155],[0.91578969],[1.78330775]
[2.79384376],[0.98104416],[1.94105724]
[2.95716738],[1.10877218],[2.36265954]
[3.09907162],[1.22203356],[2.62144623]
[3.15523747],[1.29902014],[2.96566315]
[3.17000154],[1.33928986],[3.06114195]
[3.24485387],[1.37593896],[3.30056045]
[3.19827825],[1.40158329],[3.28758985]
[3.31612909],[1.41936733],[3.48359903]
[3.12140511],[1.4286438],[3.40493994]
[3.28082147],[1.42599331],[3.66007485]
[3.09616618],[1.42499632],[3.60406719]
[3.16104242],[1.4241493],[3.79493736]
[3.21114487],[1.42298524],[3.7493636]
[3.26745981],[1.42081148],[3.83550186]
[3.30331332],[1.42465068],[3.74890769]
[3.33880249],[1.40365974],[3.71631422]
[3.35282974],[1.41740177],[3.58628165]
[3.36069695],[1.39604003],[3.45676424]
[3.36339051],[1.40549082],[3.27774306]
[3.36766645],[1.37516814],[3.1712785]
[3.37296292],[1.3695903],[3.00455805]
[3.39111715],[1.25860477],[2.87494542]
[3.39439242],[1.2244935],[2.74765101]
[3.413226],[1.11800812],[2.67863338]
[3.41041693],[1.11004969],[2.5936288]
[3.44062785],[1.07416437],[2.56596349]
[3.46974039],[1.05662668],[2.53200034]
[3.41757742],[1.03615453],[2.48916273]
[3.50808453],[1.01822074],[2.45272936]
[3.47728234],[1.00355763],[2.42032407]
[3.49459068],[0.98882923],[2.41226349]
[3.51513356],[0.97606739],[2.40494116]
[3.54074943],[0.96287767],[2.40048156]
[3.56998956],[0.95567479],[2.4042451]
[3.59081529],[0.95198866],[2.40819591]
[3.59763837],[0.94046072],[2.40182672]
[3.61883437],[0.92506142],[2.39075973]
[3.63945778],[0.91072714],[2.37287983]
[3.63612138],[0.8970151],[2.34504553]
[3.63175328],[0.88267395],[2.31640376]
[3.63897851],[0.86758742],[2.292651]
[3.62651369],[0.85428708],[2.26189097]
[3.60582084],[0.84076598],[2.22979714]
[3.60419041],[0.8278334],[2.19835598]
[3.60621965],[0.81651293],[2.1729802]
[3.58466842],[0.80754005],[2.14084865]
[3.55976048],[0.80014441],[2.1055111]
[3.54348957],[0.79225698],[2.0767238]
[3.25035628],[0.78449391],[1.96856683]
[2.49607265],[0.77754486],[1.45049758]
[0.05035426],[0.0926396],[0.00221334]
[1.37416429],[0.57269918],[0.56617908]
[2.26725673],[0.67383029],[1.0883049]
[2.41415342],[0.80923376],[1.30601616]
[2.63415319],[0.9117494],[1.71320093]
[2.76612695],[1.02277741],[1.94334899]
[2.95697295],[1.17076061],[2.42972744]
[3.06594915],[1.2725922],[2.73765196]
[3.17637698],[1.33856191],[3.07776629]
[3.13534824],[1.38417768],[3.17853234]
[3.27825033],[1.42414806],[3.48026621]
[3.18146731],[1.44368903],[3.52725028]
[3.34436371],[1.4435527],[3.7693942]
[3.13657784],[1.44578969],[3.73434995]
[3.2511689],[1.44677903],[3.94302627]
[3.26463261],[1.46854876],[3.89135675]
[3.33423262],[1.4545891],[4.03507268]
[3.37382678],[1.47105426],[3.98978215]
[3.42183379],[1.45703863],[4.00021271]
[3.45322553],[1.4690196],[3.90598779]
[3.47261857],[1.45078778],[3.80971637]
[3.55943428],[1.45848451],[3.68280316]
[3.53121664],[1.43901254],[3.51707143]
[3.59661643],[1.43012885],[3.36923447]
[3.56394257],[1.39657882],[3.23066729]
[3.63295971],[1.3569429],[3.06711512]
[3.5973992],[1.22991732],[2.97311439]
[3.67212107],[1.22938885],[2.90870568]
[3.64839054],[1.12664729],[2.84008651]
[3.70656561],[1.12880678],[2.79069153]
[3.71924081],[1.08778056],[2.75486144]
[3.74212123],[1.07275342],[2.73434179]
[3.73506427],[1.0547587],[2.69191981]
[3.73574611],[1.03860222],[2.66058858]
[3.72995795],[1.02284178],[2.63075084]
[3.71977548],[1.00448703],[2.61677652]
[3.71917106],[0.99335313],[2.60419164]
[3.72869199],[0.97800423],[2.58983784]
[3.75347739],[0.97063346],[2.58658874]
[3.76989336],[0.96612627],[2.5818685]
[3.77298704],[0.95784012],[2.56886523]
[3.78535989],[0.94672099],[2.54932024]
[3.79943952],[0.9339978],[2.52644877]
[3.79878817],[0.92151541],[2.49810608]
[3.79932424],[0.90896421],[2.47027741]
[3.80307414],[0.89547482],[2.44615512]
[3.78967559],[0.88325776],[2.41581047]
[3.75740038],[0.87277512],[2.38172174]
[3.73516761],[0.86306755],[2.34899799]
[3.71760285],[0.85273928],[2.32060379]
[3.6790785],[0.84305608],[2.28561665]
[3.64794976],[0.83369923],[2.24859563]
[3.64011872],[0.82371398],[2.22123638]
[3.32169032],[0.81378902],[2.09169796]
[2.56928711],[0.80595761],[1.53648348]
[0.],[0.],[0.]
[1.10139802],[0.57858786],[0.49982442]
[2.0789555],[0.68736244],[0.93871557]
[2.1096337],[0.81151932],[1.13637034]
[2.49104454],[0.90142463],[1.43502054]
[2.52688254],[1.06559584],[1.98087571]
[2.83745984],[1.20282761],[2.48646258]
[2.87709287],[1.30177507],[2.78234819]
[3.06670415],[1.36783419],[3.17978053]
[2.97962339],[1.40506887],[3.40110495]
[3.1459391],[1.43570942],[3.70570136]
[3.19855379],[1.45601758],[3.73946758]
[3.26754415],[1.46478228],[3.93092439]
[3.32404983],[1.49213661],[3.90587289]
[3.38872968],[1.48016342],[4.05765092]
[3.43400933],[1.49177985],[4.0097833]
[3.47165598],[1.47797948],[3.99304112]
[3.61656659],[1.48477303],[3.99635851]
[3.64639799],[1.46798575],[3.87388459]
[3.77133062],[1.47302248],[3.80467349]
[3.80742558],[1.45418461],[3.63428937]
[3.89035643],[1.4422626],[3.52599087]
[3.89694543],[1.40222868],[3.34923121]
[3.94185238],[1.34634224],[3.20723424]
[3.94886029],[1.2387622],[3.09603646]
[3.99573684],[1.24284555],[3.06087743]
[3.9959959],[1.13870705],[2.99694443]
[4.0204524],[1.15860295],[2.99383879]
[4.01347282],[1.10085728],[2.9400869]
[4.02757308],[1.09885098],[2.93672741]
[4.06903898],[1.06602881],[2.90837246]
[4.03718407],[1.05177013],[2.89660829]
[4.06314058],[1.03310545],[2.87629155]
[4.02342871],[1.01755617],[2.84518494]
[4.04937873],[1.00616184],[2.81564324]
[4.01607816],[0.99601026],[2.79764817]
[4.00744761],[0.99114617],[2.78332408]
[4.00457601],[0.98637348],[2.76991496]
[4.00865623],[0.981484],[2.7625082]
[4.01210805],[0.98007712],[2.752974]
[4.00141919],[0.97678384],[2.73465722]
[3.99892087],[0.9703436],[2.71302173]
[4.00481668],[0.95984758],[2.68808211]
[3.99072479],[0.94800028],[2.65353718]
[3.97454646],[0.93620858],[2.61950022]
[3.96856558],[0.92262362],[2.59235988]
[3.95102148],[0.91005034],[2.56139218]
[3.90512166],[0.89828179],[2.5247349]
[3.86943756],[0.89124355],[2.48676347]
[3.84336458],[0.88391077],[2.45615761]
[3.80114515],[0.8771752],[2.42171037]
[3.76930584],[0.87021327],[2.38816565]
[3.74617374],[0.86190733],[2.36000392]
[3.39403807],[0.85360069],[2.21525672]
[2.62880463],[0.8414854],[1.61943336]
[0.],[0.],[0.]
[1.08828594],[0.59713141],[0.52499619]
[1.99993677],[0.72211158],[0.95853235]
[2.01507601],[0.84182419],[1.13171163]
[2.36935551],[1.04041899],[1.7423653]
[2.47717235],[1.1547016],[2.18108235]
[2.81403762],[1.26990958],[2.72487698]
[2.87251466],[1.36212793],[3.02488212]
[3.10454315],[1.41660921],[3.53551016]
[3.15069048],[1.4460849],[3.66971004]
[3.28423585],[1.46811206],[3.9723551]
[3.35675539],[1.49930484],[3.99587584]
[3.41134602],[1.50380657],[4.16946683]
[3.46176444],[1.51692781],[4.14151476]
[3.5297699],[1.50744197],[4.24044204]
[3.71702662],[1.51411705],[4.22695515]
[3.77272125],[1.50176725],[4.18569437]
[3.91891273],[1.50568656],[4.16176374]
[3.98728771],[1.48845374],[3.97403025]
[4.07577305],[1.49115175],[3.89569368]
[4.14673088],[1.46281914],[3.76832035]
[4.18800238],[1.44564647],[3.64663615]
[4.21518473],[1.34632292],[3.47472559]
[4.22668708],[1.31871517],[3.39692683]
[4.25700485],[1.21443755],[3.30285275]
[4.27938899],[1.22656604],[3.29927892]
[4.2988222],[1.14364393],[3.24092321]
[4.29758807],[1.16037991],[3.24967963]
[4.30047177],[1.11343389],[3.1908287]
[4.29573814],[1.11448065],[3.18745662]
[4.35925273],[1.07643518],[3.16254165]
[4.30887316],[1.07388253],[3.13360763]
[4.35488741],[1.05357983],[3.12175038]
[4.31172761],[1.04357648],[3.08411486]
[4.34405366],[1.03480931],[3.07067252]
[4.31172482],[1.0290802],[3.04726331]
[4.29716896],[1.02459104],[3.03343775]
[4.29232714],[1.01986136],[3.02090989]
[4.29399937],[1.01607357],[3.01333504]
[4.29382979],[1.01407956],[3.00330953]
[4.27501008],[1.01142709],[2.98437877]
[4.26517926],[1.00757245],[2.96352717]
[4.26581651],[1.00051753],[2.94295513]
[4.24008338],[0.99092275],[2.90686679]
[4.21959293],[0.98137863],[2.86848217]
[4.20335592],[0.96935062],[2.82785399]
[4.18331619],[0.9579057],[2.78402914]
[4.12834094],[0.94716333],[2.73157798]
[4.07857206],[0.93641446],[2.68436017]
[4.03877117],[0.92606775],[2.64769675]
[3.98698448],[0.91822248],[2.60717441]
[3.95011556],[0.91177525],[2.57231002]
[3.91928795],[0.90378126],[2.5393075]
[3.56497385],[0.89369659],[2.38124914]
[2.79261245],[0.8818077],[1.74461911]
[0.],[0.],[0.]
[1.11670079],[0.62627344],[0.57222178]
[1.99172738],[0.76573947],[1.00537502]
[2.02483036],[0.87553262],[1.18947294]
[2.37541424],[1.103362],[1.99122365]
[2.49550842],[1.21113251],[2.37298288]
[2.89761187],[1.33331574],[2.95661743]
[2.90794868],[1.41366524],[3.23086991]
[3.17408845],[1.45880247],[3.74025442]
[3.2693511],[1.48342307],[3.87312413]
[3.38582515],[1.50473667],[4.16688914]
[3.45930284],[1.53053343],[4.16962501]
[3.50456128],[1.52581701],[4.34758989]
[3.65795316],[1.53842635],[4.34153579]
[3.74863299],[1.52759315],[4.39534591]
[3.89331019],[1.53478064],[4.35145419]
[3.98073647],[1.5213288],[4.25437924]
[4.1027959],[1.52307867],[4.18655659]
[4.18438675],[1.50672056],[4.03225009]
[4.25751322],[1.50188646],[3.97682905]
[4.33983035],[1.47063456],[3.83146739]
[4.37430391],[1.42734553],[3.69967463]
[4.39918571],[1.28852577],[3.5557443]
[4.42050549],[1.29282293],[3.51849256]
[4.43724089],[1.1902879],[3.43767243]
[4.48580995],[1.20492413],[3.44249132]
[4.48345577],[1.15284953],[3.39535982]
[4.51587148],[1.15262653],[3.40752427]
[4.49514528],[1.11440915],[3.35183792]
[4.52144468],[1.11013176],[3.35483698]
[4.57329143],[1.08447318],[3.35973088]
[4.55167898],[1.08019804],[3.32877608]
[4.57493617],[1.06340872],[3.33336321]
[4.56882714],[1.05493552],[3.30165987]
[4.57799516],[1.04922802],[3.30219465]
[4.57852276],[1.0431456],[3.2822229]
[4.55263543],[1.0385138],[3.27192621]
[4.55137976],[1.03392448],[3.26350147]
[4.5545193],[1.03102663],[3.25953029]
[4.55404268],[1.02960709],[3.25399312]
[4.53965839],[1.02724086],[3.24070831]
[4.52937696],[1.02429294],[3.22525201]
[4.52880844],[1.01734614],[3.2106719]
[4.50370717],[1.01034618],[3.18025652]
[4.48591217],[1.00444839],[3.14750972]
[4.47260934],[0.99748213],[3.11328044]
[4.4561412],[0.99121386],[3.0764353]
[4.41286387],[0.983556],[3.02509226]
[4.36515226],[0.97635795],[2.970019]
[4.32201943],[0.96824093],[2.91772202]
[4.26687969],[0.95978268],[2.8622762]
[4.22341131],[0.95160815],[2.8105564]
[4.17817377],[0.94299374],[2.75580666]
[3.78765149],[0.93429108],[2.56350893]
[3.00400876],[0.92252721],[1.88061619]
[0.],[0.],[0.]
[1.15333941],[0.66664061],[0.62744681]
[2.01500749],[0.79992434],[1.06199206]
[2.08632624],[0.90898752],[1.3085153]
[2.43534074],[1.16060199],[2.16585567]
[2.58110282],[1.28121253],[2.57845142]
[2.9592862],[1.38419535],[3.15524536]
[2.96945706],[1.45699279],[3.44874777]
[3.20633264],[1.49398892],[3.9146704]
[3.38649745],[1.5134626],[4.0848256]
[3.48465711],[1.52781429],[4.32265067]
[3.60936017],[1.54825755],[4.35530048]
[3.67630579],[1.54403081],[4.52244473]
[3.85656664],[1.55388081],[4.49896892]
[3.94984034],[1.54401593],[4.50589709]
[4.08083937],[1.54777163],[4.43621141]
[4.18704561],[1.53259757],[4.30201429]
[4.26874359],[1.5323377],[4.21153694]
[4.36429387],[1.51603626],[4.10788874]
[4.43282885],[1.49920827],[4.03200877]
[4.48703226],[1.39904347],[3.82805018]
[4.54276688],[1.37916602],[3.7609863]
[4.5475725],[1.24090128],[3.63840366]
[4.58755894],[1.25162662],[3.62178256]
[4.58284822],[1.18697664],[3.565834]
[4.65069251],[1.18491264],[3.57605012]
[4.63091436],[1.15942997],[3.54438786]
[4.68535594],[1.14317713],[3.54173177]
[4.64549177],[1.11847435],[3.50739802]
[4.69522727],[1.10758326],[3.5202997]
[4.74879724],[1.09375229],[3.54251348]
[4.7277601],[1.08490655],[3.51481129]
[4.7312004],[1.07256142],[3.52438598]
[4.74764317],[1.06487629],[3.49734171]
[4.73800038],[1.05776932],[3.50127878]
[4.75861667],[1.05052383],[3.48224406]
[4.72538795],[1.04530057],[3.47138624]
[4.72838264],[1.04112697],[3.46884684]
[4.73436957],[1.03853563],[3.46696703]
[4.73424338],[1.03680056],[3.46476875]
[4.71864379],[1.0339159],[3.45181953]
[4.71263361],[1.0310291],[3.44390433]
[4.7096024],[1.02623085],[3.42909113]
[4.69044475],[1.02227935],[3.3975452]
[4.6762432],[1.01793108],[3.36511043]
[4.66776809],[1.01324509],[3.33268758]
[4.65653578],[1.00947489],[3.29923607]
[4.62607398],[1.00574162],[3.25147709]
[4.59142259],[1.00247866],[3.20403513]
[4.55241172],[0.99643533],[3.15671912]
[4.50061178],[0.99082249],[3.10545515]
[4.45731535],[0.98516234],[3.0565927]
[4.4181475],[0.9781861],[3.00587523]
[3.98640187],[0.97206759],[2.78210832]
[3.20496536],[0.96286814],[2.05646471]
[0.],[0.],[0.]
[1.01294525],[0.67919783],[0.57094859]
[1.85304205],[0.78058803],[0.99428771]
[1.94089407],[0.99320448],[1.53993296]
[2.2611186],[1.21125123],[2.25172869]
[2.498182],[1.31174728],[2.64389871]
[2.71898556],[1.40119153],[3.1634704]
[2.96623875],[1.46355085],[3.46240619]
[3.33335662],[1.48742842],[3.91301897]
[3.50525456],[1.51371124],[4.08837749]
[3.59910964],[1.52050134],[4.30747088]
[3.80841435],[1.550522],[4.33636548]
[3.88594757],[1.5337595],[4.3164684]
[4.04105259],[1.53718213],[4.34061018]
[4.14746787],[1.52002598],[4.21994199]
[4.28455803],[1.52091804],[4.15867672]
[4.3721862],[1.50479359],[4.05923337]
[4.44842149],[1.48892689],[3.99883658]
[4.52761699],[1.35421123],[3.8043842]
[4.61488987],[1.3549299],[3.78508653]
[4.64191672],[1.23453455],[3.689966]
[4.72305039],[1.24377955],[3.6930033]
[4.71330882],[1.18594912],[3.6441024]
[4.77186559],[1.17695576],[3.65390922]
[4.75086218],[1.15605057],[3.63538001]
[4.83824263],[1.14049601],[3.65039374]
[4.79690493],[1.12675431],[3.64562113]
[4.87471715],[1.14083138],[3.68314365]
[4.81761646],[1.13708627],[3.68544041]
[4.88755838],[1.13848967],[3.73578804]
[4.93365273],[1.1195606],[3.77861933]
[4.92121766],[1.11861168],[3.76781596]
[4.90367968],[1.11038422],[3.78056575]
[4.93902703],[1.10529215],[3.76136381]
[4.90836769],[1.10043862],[3.76184655]
[4.94897855],[1.09541041],[3.74890439]
[4.90312015],[1.09157068],[3.73879126]
[4.90784119],[1.08839342],[3.74301743]
[4.91474095],[1.08624807],[3.74717094]
[4.91845176],[1.08447437],[3.75225287]
[4.90278903],[1.08227815],[3.74211586]
[4.89791492],[1.07553616],[3.73451857]
[4.89611132],[1.05766085],[3.7127597]
[4.8759517],[1.04044342],[3.66592019]
[4.86465784],[1.03338065],[3.6185806]
[4.85905643],[1.02993708],[3.56945366]
[4.84971217],[1.02655622],[3.53217454]
[4.82652681],[1.02319098],[3.48481537]
[4.79995316],[1.01984086],[3.43786041]
[4.75998174],[1.01625721],[3.38900301]
[4.70573286],[1.0131136],[3.3348863]
[4.66163161],[1.01005434],[3.28708952]
[4.6198259],[1.00546772],[3.23691161]
[4.14003934],[0.9984112],[2.98294699]
[3.35624059],[0.99028456],[2.22440288]
[0.],[0.],[0.]
[1.00321078],[0.71194633],[0.5972613]
[1.86782331],[0.81312284],[1.04242641]
[1.9330672],[1.13317591],[1.87116366]
[2.47539162],[1.2884211],[2.56102328]
[2.66142946],[1.37148878],[2.88402306]
[2.84810427],[1.44709808],[3.35556265]
[3.26690646],[1.48875717],[3.72410859]
[3.47346718],[1.50955336],[4.10354115]
[3.64955748],[1.54129779],[4.24998769]
[3.79675539],[1.53990434],[4.40745248]
[4.00223245],[1.56467826],[4.46485099]
[4.11020108],[1.54000607],[4.42319251]
[4.24386501],[1.54064345],[4.424064]
[4.39973652],[1.52403176],[4.31416097]
[4.47642822],[1.52671063],[4.28715745]
[4.55056981],[1.48227677],[4.17068463]
[4.65174981],[1.47677227],[4.11668103]
[4.70419519],[1.31668189],[3.97387035]
[4.80065017],[1.3249636],[3.96604312]
[4.79882956],[1.23842846],[3.88939051]
[4.89786738],[1.23796786],[3.89953292]
[4.86409764],[1.20114878],[3.86350002]
[4.94775867],[1.213679],[3.89494739]
[4.90128778],[1.20221627],[3.89045826]
[5.0142823],[1.21370814],[3.94315528]
[4.9538178],[1.20792998],[3.95113077]
[5.0683694],[1.21739132],[4.01480952]
[4.9903877],[1.21388073],[4.01934134]
[5.08435396],[1.21597908],[4.06975506]
[5.10815152],[1.2006321],[4.09842914]
[5.10942819],[1.1984886],[4.08738707]
[5.06587795],[1.19096625],[4.09453134]
[5.11335679],[1.1858832],[4.07832189]
[5.06549605],[1.1807586],[4.07396204]
[5.11840832],[1.17596606],[4.06443188]
[5.05934469],[1.17184922],[4.04770322]
[5.05496951],[1.16920332],[4.04820852]
[5.05648047],[1.16703825],[4.05019263]
[5.0485678],[1.16501565],[4.05109388]
[5.03126125],[1.16357652],[4.04073572]
[5.01951965],[1.15777535],[4.03007785]
[5.0135777],[1.14285888],[4.00729426]
[4.9931303],[1.12644685],[3.96421253]
[4.98060378],[1.11079776],[3.92074501]
[4.97296996],[1.09350328],[3.87299585]
[4.96097925],[1.07591604],[3.82600637]
[4.93968448],[1.05966994],[3.77107983]
[4.92530658],[1.04233322],[3.71740623]
[4.88497317],[1.03145482],[3.64986563]
[4.82866056],[1.02813817],[3.57754098]
[4.77913626],[1.02483731],[3.51176309]
[4.73583533],[1.02187336],[3.45882886]
[4.25194852],[1.01761945],[3.19117185]
[3.47008955],[1.01211867],[2.40300263]
[0.],[0.],[0.]
[1.03883647],[0.74197953],[0.64635608]
[1.93076124],[0.85710504],[1.11726317]
[2.07513351],[1.21875703],[2.07351416]
[2.65346883],[1.34999094],[2.80976223]
[2.77600761],[1.42190502],[3.09675495]
[3.04867974],[1.47826632],[3.57205335]
[3.42187901],[1.51263449],[3.91494765]
[3.59064423],[1.53513646],[4.26474846]
[3.84628411],[1.56520971],[4.4533693]
[4.0217161],[1.56286163],[4.57914524]
[4.21939952],[1.58403106],[4.64494933]
[4.33954547],[1.55925348],[4.61071563]
[4.4700548],[1.56559027],[4.61349389]
[4.57331568],[1.53226288],[4.53628139]
[4.67035721],[1.54451285],[4.5162831]
[4.7285157],[1.44824007],[4.35826258]
[4.8433802],[1.43877136],[4.2968294]
[4.86940049],[1.31278954],[4.18938581]
[4.99627102],[1.31220624],[4.18000867]
[4.97493599],[1.27488631],[4.15303353]
[5.0935619],[1.30967707],[4.21498978]
[5.03714492],[1.27568088],[4.21147935]
[5.14312587],[1.29546241],[4.25619484]
[5.05765102],[1.28616869],[4.2513216]
[5.17063952],[1.29448605],[4.30552587]
[5.08601794],[1.29228619],[4.30863229]
[5.19313306],[1.29910223],[4.37625531]
[5.10970068],[1.29554041],[4.36760845]
[5.19549697],[1.2969575],[4.45164742]
[5.23240569],[1.28388231],[4.46583365]
[5.21599804],[1.28013824],[4.48519538]
[5.17729697],[1.27296867],[4.45582903]
[5.21776812],[1.26790838],[4.48633929]
[5.17887491],[1.26312794],[4.45218239]
[5.22577119],[1.25841581],[4.44808967]
[5.17378105],[1.2541953],[4.42986708]
[5.17035997],[1.2520253],[4.4362715]
[5.17332056],[1.24923815],[4.440938]
[5.16486527],[1.24585179],[4.44408544]
[5.14546045],[1.24352326],[4.43295797]
[5.13558772],[1.23693788],[4.42240542]
[5.13002754],[1.22425778],[4.38782194]
[5.10623312],[1.20824042],[4.33291371]
[5.09138566],[1.1933906],[4.28226856]
[5.08510677],[1.17742103],[4.21535131]
[5.07205123],[1.16085742],[4.16507861]
[5.05193677],[1.14496862],[4.10722824]
[5.03947451],[1.1292476],[4.05069592]
[5.00884088],[1.11247179],[3.987623]
[4.95692954],[1.09580595],[3.91810624]
[4.90995282],[1.07560758],[3.85013754]
[4.86806932],[1.05345759],[3.77889821]
[4.33612929],[1.03139502],[3.46352679]
[3.55528108],[1.02579833],[2.64616248]
[0.],[0.],[0.]
[0.9195345],[0.75450284],[0.58082554]
[1.7508703],[0.93931531],[1.26124385]
[2.38666716],[1.24137048],[2.17202208]
[2.79014207],[1.36278343],[2.80491125]
[3.00058985],[1.42218739],[3.09436787]
[3.26821626],[1.46595029],[3.48825215]
[3.62493115],[1.50817462],[3.81903393]
[3.77919622],[1.51948926],[4.15087819]
[4.06039733],[1.5646189],[4.39714146]
[4.25891145],[1.55329049],[4.48066991]
[4.4361858],[1.5694624],[4.57287069]
[4.5635013],[1.53263805],[4.52869063]
[4.68784008],[1.54978956],[4.54144245]
[4.75141775],[1.46380324],[4.39911802]
[4.87760755],[1.44728101],[4.34453133]
[4.90077894],[1.31527618],[4.2076788]
[5.03352054],[1.31187486],[4.21086313]
[5.03381939],[1.2782513],[4.21032145]
[5.17917165],[1.30294208],[4.27978721]
[5.13074499],[1.28913614],[4.29833366]
[5.24513272],[1.31832113],[4.37950156]
[5.16478353],[1.30640333],[4.38491672]
[5.25263692],[1.31523192],[4.45295055]
[5.16599466],[1.31724248],[4.46349613]
[5.28713523],[1.3282335],[4.60409772]
[5.20326975],[1.32924288],[4.5473092]
[5.30604775],[1.33349635],[4.70798296]
[5.2280888],[1.332267],[4.64058484]
[5.30671559],[1.33363234],[4.76673674]
[5.34424664],[1.32633481],[4.85095147]
[5.3287709],[1.31972833],[4.79671685]
[5.29829928],[1.31368125],[4.77673015]
[5.32710854],[1.30858522],[4.79898588]
[5.29644569],[1.30366955],[4.76953875]
[5.33134447],[1.29883211],[4.77169748]
[5.28709605],[1.29494761],[4.74766096]
[5.27897684],[1.29401686],[4.75237389]
[5.28638739],[1.29281351],[4.75843612]
[5.2872044],[1.29129922],[4.76376387]
[5.26446041],[1.28775094],[4.74763049]
[5.25432073],[1.28191483],[4.73360126]
[5.24942908],[1.27116733],[4.69560089]
[5.22088471],[1.25578705],[4.63550669]
[5.20686686],[1.24138164],[4.57889928]
[5.20124569],[1.22725166],[4.50971186]
[5.18655863],[1.21293959],[4.44173349]
[5.16288916],[1.19870153],[4.36798557]
[5.15077135],[1.18354772],[4.29793071]
[5.12913949],[1.16726656],[4.22076923]
[5.07675745],[1.15097316],[4.14387608]
[5.03489694],[1.13491478],[4.07707028]
[4.99785143],[1.11777309],[4.00986435]
[4.41802379],[1.10043203],[3.66975105]
[3.63814091],[1.07506156],[2.83279115]
[0.],[0.],[0.]
[0.9478794],[0.77215538],[0.6274048]
[1.92058514],[1.10327906],[1.77894399]
[2.66159544],[1.3109817],[2.48814249]
[2.95817269],[1.41761704],[3.07337178]
[3.25756268],[1.45629375],[3.36666602]
[3.54603726],[1.49401624],[3.80180416]
[3.8251371],[1.53907713],[4.1028786]
[4.00224892],[1.5493768],[4.41995929]
[4.26002057],[1.58703931],[4.66293648]
[4.49307309],[1.57712026],[4.71974878]
[4.64418965],[1.59046365],[4.78845268]
[4.74866746],[1.54760484],[4.7732375]
[4.87327592],[1.55404648],[4.74532787]
[4.92243374],[1.43758099],[4.58361501]
[5.04466418],[1.43035175],[4.52805609]
[5.04063032],[1.35112039],[4.45166872]
[5.17733293],[1.37116489],[4.51959198]
[5.15199846],[1.35418748],[4.53921207]
[5.28035133],[1.37759397],[4.58558487]
[5.21551257],[1.35611813],[4.59218539]
[5.3273047],[1.37606002],[4.68001048]
[5.25517087],[1.3596647],[4.67405123]
[5.34568332],[1.36428094],[4.8195458]
[5.28097374],[1.36265109],[4.78205484]
[5.39436743],[1.37069404],[4.92972653]
[5.3227059],[1.36930476],[4.86228526]
[5.41320948],[1.37360063],[5.00027429]
[5.35103285],[1.37439154],[4.94922967]
[5.41506107],[1.37610368],[5.05745768]
[5.45863267],[1.36940647],[5.18471473]
[5.43784768],[1.36304164],[5.09078891]
[5.42049093],[1.35707513],[5.07420534]
[5.43353168],[1.35217301],[5.09645965]
[5.41655943],[1.34755028],[5.06715423]
[5.44074649],[1.34304988],[5.07534588]
[5.40885457],[1.34154866],[5.05080062]
[5.38207277],[1.34083629],[5.04785289]
[5.38101175],[1.34000684],[5.05077229]
[5.36991334],[1.33884291],[5.04835734]
[5.34440859],[1.33526783],[5.03181242]
[5.33066377],[1.33057607],[5.01456545]
[5.32684147],[1.32206593],[4.97855317]
[5.29918055],[1.30765555],[4.92045113]
[5.28716424],[1.2940319],[4.86424352]
[5.28319293],[1.28057199],[4.80030519]
[5.27055845],[1.26682702],[4.73585294]
[5.24656478],[1.25335533],[4.66133007]
[5.23471697],[1.23921924],[4.59183607]
[5.22188927],[1.22365671],[4.50972209]
[5.16597204],[1.20825763],[4.41886302]
[5.12352044],[1.19280726],[4.33417331]
[5.08781309],[1.17657831],[4.2463032]
[4.52522757],[1.16025377],[3.90638384]
[3.74762444],[1.14340601],[3.0583193]
[0.],[0.],[0.]
[1.00635388],[0.80898434],[0.69874697]
[2.24001873],[1.20792607],[2.10804425]
[2.79652796],[1.36758697],[2.72170009]
[3.20664064],[1.45614574],[3.36313924]
[3.60235011],[1.4924433],[3.76205182]
[3.73706659],[1.52688433],[4.16855529]
[4.01435786],[1.57090761],[4.47419467]
[4.20033502],[1.58335752],[4.76628849]
[4.42625762],[1.61461878],[4.95682038]
[4.64777875],[1.60362485],[4.98351241]
[4.8096327],[1.613323],[5.03832308]
[4.86796911],[1.56894583],[5.02205194]
[5.01233162],[1.57306434],[5.02706408]
[5.03000349],[1.5021791],[4.91548428]
[5.15082119],[1.51323417],[4.93091348]
[5.14081047],[1.44329457],[4.88452122]
[5.28830033],[1.45545282],[4.94400233]
[5.25702311],[1.4175082],[4.95177745]
[5.3956707],[1.4408782],[5.03067559]
[5.34512923],[1.40776834],[4.96811765]
[5.4477261],[1.42540632],[5.13454827]
[5.39510379],[1.40227243],[5.09923079]
[5.47660982],[1.40849615],[5.19916932]
[5.42402973],[1.40552944],[5.16590112]
[5.52223682],[1.4152154],[5.34142836]
[5.4626273],[1.41162085],[5.2528005]
[5.54220623],[1.41720373],[5.38091033]
[5.48617517],[1.41666313],[5.38938666]
[5.54384212],[1.42021597],[5.44105639]
[5.57572684],[1.41358525],[5.59453408]
[5.56329398],[1.40930426],[5.52274277]
[5.55171789],[1.40293398],[5.4916154]
[5.55479181],[1.39772839],[5.47321966]
[5.54877021],[1.39304804],[5.43782377]
[5.56197346],[1.38908251],[5.47561511]
[5.54155679],[1.38819182],[5.42515931]
[5.52495735],[1.38750855],[5.42811729]
[5.52894701],[1.38618309],[5.46594984]
[5.51714709],[1.38488552],[5.42742609]
[5.48495485],[1.38059112],[5.39845881]
[5.46806792],[1.37618757],[5.37398336]
[5.46534335],[1.36796052],[5.33583044]
[5.43140293],[1.355711],[5.2752987]
[5.41771939],[1.3432388],[5.2180545]
[5.41297428],[1.33156444],[5.15612892]
[5.39663285],[1.31947209],[5.08973936]
[5.36496844],[1.307986],[5.00885287]
[5.35282481],[1.2959015],[4.93629161]
[5.34476746],[1.28262579],[4.85692041]
[5.29313987],[1.26861296],[4.76194035]
[5.25137884],[1.2549719],[4.6764161]
[5.21691782],[1.24057957],[4.58939154]
[4.59992985],[1.22541657],[4.20402296]
[3.82213472],[1.20954114],[3.33610516]
[0.],[0.],[0.]
[1.05735858],[0.87465035],[0.7747249]
[2.42826027],[1.25209749],[2.3226974]
[3.09138979],[1.39670458],[2.96309324]
[3.51676926],[1.47983771],[3.74317225]
[3.746194],[1.51487801],[4.08494076]
[3.85912065],[1.54939231],[4.46144903]
[4.14354405],[1.59898966],[4.75611869]
[4.33815538],[1.60813214],[5.01875447]
[4.54631496],[1.63772223],[5.15904658]
[4.76684156],[1.62384053],[5.20578711]
[4.9333471],[1.62994169],[5.25618185]
[4.98114672],[1.59236451],[5.26867112]
[5.12904995],[1.60877507],[5.32737105]
[5.12601581],[1.56268956],[5.23146363]
[5.25659945],[1.57218198],[5.23231046]
[5.24046464],[1.49361597],[5.17171248]
[5.3899119],[1.5106961],[5.25703111]
[5.36254222],[1.45667661],[5.23477909]
[5.49579479],[1.47779795],[5.38894482]
[5.47030939],[1.44220428],[5.35521487]
[5.56797509],[1.46190584],[5.52505337]
[5.52661657],[1.4382081],[5.50519968]
[5.59777013],[1.44798055],[5.62790276]
[5.55687138],[1.44371596],[5.5882965]
[5.64040323],[1.4535337],[5.74097231]
[5.59550591],[1.44988543],[5.67710472]
[5.66426195],[1.45552031],[5.80992845]
[5.61671946],[1.45533201],[5.78812798]
[5.66611702],[1.45879741],[5.8774742]
[5.69120028],[1.45291396],[5.94206309]
[5.67826949],[1.44934743],[5.93032811]
[5.67644345],[1.44221053],[5.90954953]
[5.67045904],[1.43700899],[5.91586977]
[5.67455228],[1.4320099],[5.8820475]
[5.67814749],[1.42902108],[5.90902197]
[5.6706495],[1.42949248],[5.87412526]
[5.64861393],[1.42974697],[5.87971666]
[5.65274915],[1.42794745],[5.89906741]
[5.65222695],[1.42702553],[5.8979153]
[5.62858799],[1.42342295],[5.83850823]
[5.6155264],[1.41907588],[5.77967322]
[5.61410211],[1.41101987],[5.75234144]
[5.58291262],[1.40107485],[5.6116519]
[5.56686594],[1.38931385],[5.53899058]
[5.56589758],[1.37474695],[5.48304805]
[5.54679815],[1.36116983],[5.41238409]
[5.50560843],[1.34793997],[5.32760685]
[5.48907223],[1.33591383],[5.24678175]
[5.48272269],[1.3236366],[5.15935689]
[5.42772624],[1.31085727],[5.0541429]
[5.3823922],[1.29782276],[4.96314785]
[5.34864884],[1.28409121],[4.87527555]
[4.66804294],[1.27009768],[4.45041932]
[3.89045598],[1.25594455],[3.56708689]
[0.],[0.],[0.]
[0.95399158],[0.89710298],[0.80877929]
[2.58526091],[1.24964457],[2.31869026]
[3.44194341],[1.37397541],[3.11038951]
[3.66843055],[1.44292049],[3.71386781]
[3.83595749],[1.51130326],[4.03197322]
[3.99270444],[1.5386603],[4.36111633]
[4.26221673],[1.59298604],[4.69408508]
[4.46946411],[1.59793486],[4.90369148]
[4.67677455],[1.62237873],[5.01973538]
[4.87216874],[1.59031023],[5.08218615]
[5.05258385],[1.59586594],[5.14761296]
[5.09845785],[1.55998247],[5.13976448]
[5.23806561],[1.57153499],[5.20790568]
[5.23462372],[1.48029809],[5.17978829]
[5.37352175],[1.49861],[5.24638126]
[5.3540475],[1.44669933],[5.23750651]
[5.49687299],[1.46888624],[5.42343264]
[5.48179855],[1.43269844],[5.41279593]
[5.60490097],[1.45941539],[5.5876997]
[5.59503534],[1.44082473],[5.59547365]
[5.6780419],[1.45341996],[5.77906486]
[5.65185671],[1.44901946],[5.78532696]
[5.71292432],[1.45750705],[5.92186041]
[5.68313031],[1.45786697],[5.88967927]
[5.75293813],[1.46726565],[6.03279993]
[5.71895952],[1.46845012],[5.99469263]
[5.77766959],[1.47694159],[6.11992141]
[5.73999008],[1.47630042],[6.10239661]
[5.77732362],[1.48103447],[6.1912177]
[5.80201412],[1.47486414],[6.2391194]
[5.79016818],[1.47278209],[6.24552461]
[5.79651076],[1.46871943],[6.23886806]
[5.79103206],[1.46599426],[6.25829673]
[5.7972209],[1.46436856],[6.2363907]
[5.80886768],[1.46339082],[6.26808394]
[5.79515435],[1.46266938],[6.23813793]
[5.77956575],[1.46206149],[6.24435967]
[5.77902489],[1.46132398],[6.24974529]
[5.77199346],[1.45911375],[6.2436282]
[5.75741553],[1.45575804],[6.2168773]
[5.74785995],[1.45084042],[6.18328867]
[5.7412502],[1.44418613],[6.14691475]
[5.71292366],[1.43487248],[6.05072261]
[5.70208223],[1.42397058],[5.97018844]
[5.69658741],[1.41289473],[5.91881652]
[5.68127179],[1.40090634],[5.83654816]
[5.64980107],[1.38936075],[5.70722157]
[5.63526054],[1.37763339],[5.60363651]
[5.62846928],[1.36330425],[5.53109016]
[5.57894413],[1.35012274],[5.36357137]
[5.534339],[1.33650496],[5.26541125]
[5.50072003],[1.32126182],[5.16735938]
[4.73464683],[1.30779222],[4.68774652]
[3.9576145],[1.29469268],[3.78818502]
[0.],[0.],[0.]
[1.31463641],[1.02841797],[1.0856599]
[2.73207361],[1.28942586],[2.52599333]
[3.63833769],[1.41906031],[3.44285925]
[3.76438555],[1.47392612],[3.96789849]
[3.95048407],[1.53779724],[4.25380694]
[4.12115801],[1.56526135],[4.56715508]
[4.37132737],[1.61065541],[4.86094927]
[4.60044752],[1.60728602],[5.01298194]
[4.80628826],[1.63105929],[5.13599131]
[4.97508091],[1.59968302],[5.20081536]
[5.20614897],[1.62009965],[5.33336922]
[5.21938605],[1.58505182],[5.35694349]
[5.37117733],[1.5941221],[5.45432586]
[5.35593085],[1.51415368],[5.43486622]
[5.49440313],[1.53115064],[5.59349002]
[5.48963752],[1.48189026],[5.56448012]
[5.62062722],[1.50776845],[5.75016028]
[5.62070148],[1.46601917],[5.74806719]
[5.7282952],[1.496257],[5.93355434]
[5.72625971],[1.47505736],[5.93569299]
[5.79153556],[1.48573572],[6.11014171]
[5.77259536],[1.48453485],[6.11751695]
[5.82261571],[1.4913733],[6.24312732]
[5.80273137],[1.4936839],[6.22679829]
[5.86060211],[1.5026595],[6.35260256]
[5.84301572],[1.5049425],[6.32494062]
[5.89986779],[1.51177878],[6.44130522]
[5.87998975],[1.51220533],[6.43095148]
[5.90968612],[1.51803976],[6.51981596]
[5.9526659],[1.51309562],[6.56504679]
[5.93034764],[1.51127135],[6.57988185]
[5.93626268],[1.50846131],[6.58280915]
[5.94011506],[1.50738996],[6.61289121]
[5.94855612],[1.50589155],[6.60389402]
[5.96003093],[1.50508685],[6.62628513]
[5.94869965],[1.50399087],[6.59604547]
[5.92958169],[1.50281957],[6.59215895]
[5.92609946],[1.50186911],[6.59469991]
[5.91506327],[1.49855098],[6.58587266]
[5.88725843],[1.49535287],[6.54962101]
[5.861736],[1.48992607],[6.50731968]
[5.84742556],[1.48379091],[6.46611314]
[5.80928745],[1.47451689],[6.37245981]
[5.78932906],[1.46311009],[6.29318757]
[5.78326057],[1.45147665],[6.2351731]
[5.76778595],[1.43987629],[6.1500539]
[5.7356758],[1.4290259],[6.01711035]
[5.72348968],[1.41782035],[5.91505242]
[5.71856015],[1.40599669],[5.84743144]
[5.67652557],[1.39334764],[5.6642466]
[5.63453195],[1.38155882],[5.56882386]
[5.59940513],[1.36931464],[5.47299191]
[4.82846704],[1.35548232],[4.98520115]
[4.04823234],[1.34217982],[4.06599137]
[0.],[0.],[0.]
[1.43940177],[1.09575259],[1.23675075]
[2.91667162],[1.33981509],[2.74123936]
[3.73260954],[1.44835289],[3.72079487]
[3.82534201],[1.50460471],[4.17464913]
[4.06479698],[1.56235155],[4.47140493]
[4.24952109],[1.59201458],[4.80659118]
[4.48535416],[1.63669962],[5.08002038]
[4.72676822],[1.62861999],[5.21338935]
[4.93120937],[1.6457545],[5.34273285]
[5.10033343],[1.67283642],[5.49373792]
[5.32509018],[1.68365373],[5.64777587]
[5.32570675],[1.65800036],[5.69323271]
[5.47647677],[1.65430647],[5.86217789]
[5.46402811],[1.57733935],[5.81890793]
[5.59695553],[1.58588699],[5.97485498]
[5.60290462],[1.53538592],[5.95827908]
[5.71956899],[1.56044892],[6.14832058]
[5.73282167],[1.51721451],[6.15201223]
[5.83011649],[1.54322024],[6.32772945]
[5.84456497],[1.5156185],[6.33449095]
[5.89652774],[1.52563262],[6.4876856]
[5.8864652],[1.52141861],[6.49440916]
[5.93138243],[1.52648515],[6.61396486]
[5.93523512],[1.52970535],[6.600714]
[5.99660517],[1.53720366],[6.7224323]
[6.00013579],[1.5413217],[6.7128012]
[6.04216693],[1.54671627],[6.82822066]
[6.03779868],[1.55127833],[6.83057841]
[6.05623779],[1.55459922],[6.92856838]
[6.11616509],[1.55133618],[6.99350387]
[6.08806047],[1.54814989],[7.01626675]
[6.10376816],[1.54486191],[7.02873312]
[6.09237035],[1.54391294],[7.05224447]
[6.11250505],[1.54304057],[7.05067957]
[6.11498151],[1.54270042],[7.07226905]
[6.11729115],[1.54179179],[7.05117672]
[6.08959063],[1.54017835],[7.04096314]
[6.07939125],[1.53870814],[7.03634131]
[6.06575803],[1.53630891],[7.02720876]
[6.04346889],[1.53364008],[7.00427739]
[6.02386406],[1.52892385],[6.97287537]
[6.00527913],[1.52348246],[6.92059802]
[5.96630113],[1.51497805],[6.83347406]
[5.94318184],[1.50351122],[6.75368316]
[5.92982745],[1.49089333],[6.68040646]
[5.90583196],[1.47916708],[6.59464641]
[5.86691272],[1.46823172],[6.4853106]
[5.84339823],[1.45716533],[6.38982259]
[5.83447104],[1.44601324],[6.3029961]
[5.80001453],[1.43413142],[6.16137752]
[5.77013778],[1.42280282],[6.04346723]
[5.68212829],[1.41113311],[5.94425534]
[4.89773966],[1.39892234],[5.30105156]
[4.11397874],[1.38742913],[4.35457273]
[0.],[0.],[0.]
[1.55824153],[1.13464851],[1.34498565]
[3.01334312],[1.36982208],[2.95505362]
[3.79169453],[1.46880936],[3.91348756]
[3.89628954],[1.53114422],[4.38172965]
[4.17665883],[1.58268513],[4.69753871]
[4.36876968],[1.61578297],[5.03998395]
[4.6115477],[1.6515217],[5.26488265]
[4.83471086],[1.64178974],[5.38404739]
[5.05763073],[1.66778099],[5.53015166]
[5.22256334],[1.722512],[5.73302178]
[5.43122198],[1.72476781],[5.93244302]
[5.42722858],[1.71151602],[5.99625162]
[5.57582058],[1.69385267],[6.15773356]
[5.57296823],[1.62678631],[6.1297759]
[5.69615093],[1.62477796],[6.29925393]
[5.70934818],[1.5793984],[6.29144558]
[5.81568912],[1.5959727],[6.46321957]
[5.83990303],[1.55767875],[6.48055235]
[5.9243449],[1.57682927],[6.63857914]
[5.95215288],[1.5508002],[6.6495184]
[6.0079071],[1.56161774],[6.80034935]
[6.03254044],[1.55413258],[6.81979787]
[6.07425392],[1.56081181],[6.94906734]
[6.10027498],[1.56680427],[6.97608093]
[6.14774852],[1.57772407],[7.11837688]
[6.17075666],[1.58613263],[7.13505036]
[6.19931669],[1.59495178],[7.2602336]
[6.22931248],[1.60184678],[7.29344559]
[6.25087181],[1.60618251],[7.39473001]
[6.31545837],[1.60167549],[7.45885652]
[6.30123821],[1.59546908],[7.49429023]
[6.34285298],[1.58931088],[7.51613441]
[6.33259032],[1.58475523],[7.58995307]
[6.36682734],[1.58082281],[7.58252899]
[6.36669198],[1.57863703],[7.58430369]
[6.38268494],[1.57749091],[7.5319591]
[6.32828674],[1.5755797],[7.47762343]
[6.2789453],[1.5734319],[7.43975103]
[6.24091344],[1.57051032],[7.41915343]
[6.18680965],[1.56690353],[7.39287264]
[6.14925767],[1.56286117],[7.35221759]
[6.12648087],[1.55884316],[7.29995087]
[6.08982455],[1.55283131],[7.22558487]
[6.06082014],[1.54403933],[7.14717194]
[6.03983271],[1.53234869],[7.06954797]
[6.01179183],[1.51935526],[6.98324698]
[5.97089381],[1.50690531],[6.87366289]
[5.94511376],[1.49556973],[6.75535097]
[5.92832777],[1.48388471],[6.63897067]
[5.88567541],[1.4711837],[6.49761797]
[5.84253018],[1.46009703],[6.37768151]
[5.72063798],[1.44752468],[6.25074993]
[4.93692146],[1.43414508],[5.5302328]
[4.15455217],[1.42253117],[4.54690539]
[0.],[0.],[0.]
[1.68383721],[1.10592056],[1.32678992]
[3.03256688],[1.36010302],[2.92341418]
[3.84207629],[1.4572968],[3.78740929]
[4.01283735],[1.51790697],[4.2311627]
[4.26941531],[1.56692497],[4.53061729]
[4.4886496],[1.59692831],[4.86137924]
[4.72809679],[1.62959282],[5.10270847]
[4.9270514],[1.61890743],[5.24592198]
[5.17359018],[1.64903797],[5.41457832]
[5.31318207],[1.69200451],[5.61730299]
[5.51269791],[1.65733966],[5.88277891]
[5.52056967],[1.60741306],[5.96401461]
[5.65877166],[1.59873509],[6.17847116]
[5.66361834],[1.5716298],[6.21728629]
[5.77095561],[1.57223712],[6.38598613]
[5.79221909],[1.54846995],[6.41572026]
[5.88872965],[1.56115803],[6.59251069]
[5.92334584],[1.54108374],[6.6470847]
[6.0163554],[1.55341941],[6.81745248]
[6.07621631],[1.55234347],[6.86343403]
[6.11996179],[1.55992995],[7.03313663]
[6.16287987],[1.57167978],[7.13297048]
[6.19661309],[1.58603808],[7.29651004]
[6.26050643],[1.60265196],[7.36979008]
[6.34317557],[1.61635631],[7.53777926]
[6.39705638],[1.62400902],[7.60471712]
[6.48052975],[1.62970291],[7.83120657]
[6.49446235],[1.63360251],[7.86102311]
[6.56490705],[1.63943471],[8.0116171]
[6.60288769],[1.63735027],[8.0859508]
[6.64036654],[1.63580155],[8.15096066]
[6.66165916],[1.63157916],[8.18437584]
[6.70204067],[1.62679652],[8.22336417]
[6.71440502],[1.62238101],[8.2326248]
[6.77914373],[1.61831254],[8.22441766]
[6.7700414],[1.61304576],[8.18578063]
[6.78811679],[1.60756248],[8.11279208]
[6.68051899],[1.60171406],[8.04457121]
[6.61348213],[1.59605077],[7.98157312]
[6.51755842],[1.58969973],[7.8994071]
[6.39363768],[1.58554859],[7.79604499]
[6.29132599],[1.58126932],[7.66697182]
[6.22304808],[1.57534788],[7.54946684]
[6.16954331],[1.56704348],[7.45078387]
[6.14399122],[1.55633218],[7.34129551]
[6.1130501],[1.54540693],[7.25505606]
[6.07001513],[1.53498941],[7.14866939]
[6.03979854],[1.52508569],[7.04485582]
[6.0210007],[1.51218208],[6.92258334]
[5.97901244],[1.4995121],[6.7628736]
[5.94829912],[1.48766179],[6.64291577]
[5.77236876],[1.47502977],[6.48230593]
[4.97633665],[1.46156965],[5.70094506]
[4.1943895],[1.44878282],[4.68329709]
[0.],[0.],[0.]
[1.76553106],[1.15073663],[1.40036265]
[3.04005288],[1.3725022],[3.04251181]
[3.85246761],[1.46996833],[3.90580069]
[4.08215175],[1.52711485],[4.34774025]
[4.33429669],[1.57563638],[4.6614663]
[4.57956789],[1.60686833],[4.99611747]
[4.788099],[1.63232909],[5.20776602]
[4.99167878],[1.65709555],[5.38783144]
[5.23248919],[1.68288172],[5.64501264]
[5.37012238],[1.72584896],[5.87396653]
[5.5659497],[1.67617639],[6.10714574]
[5.58021518],[1.6440542],[6.20736571]
[5.71088375],[1.62630295],[6.42354637]
[5.72296432],[1.60505326],[6.48044616]
[5.82429569],[1.59951232],[6.62882309]
[5.85285805],[1.58083704],[6.670361]
[5.94354674],[1.58592389],[6.83895416]
[5.99888867],[1.57268694],[6.90944529]
[6.09779937],[1.58625625],[7.09739511]
[6.17071722],[1.59372892],[7.20655713]
[6.21187099],[1.60847059],[7.41688791]
[6.28641876],[1.62208484],[7.55447818]
[6.36565365],[1.64418156],[7.75455581]
[6.42534918],[1.65712974],[7.87608029]
[6.55747722],[1.66638198],[8.15225372]
[6.63555953],[1.67062256],[8.27175959]
[6.80674369],[1.67548598],[8.46479016]
[6.79336927],[1.68009317],[8.53509795]
[6.90616032],[1.68555123],[8.66091043]
[6.89907867],[1.68389545],[8.78042897]
[6.97515967],[1.68247546],[8.84466241]
[6.96309525],[1.67906281],[8.88587757]
[7.03306159],[1.67452081],[8.92534591]
[7.02097082],[1.67061541],[8.93368473]
[7.09805691],[1.66684341],[8.95890378]
[7.09131952],[1.66141326],[8.9064846]
[7.14580154],[1.65627989],[8.85335638]
[7.07825986],[1.65011605],[8.73762896]
[7.00330112],[1.64413732],[8.64478926]
[6.91325003],[1.63429382],[8.53991775]
[6.78822251],[1.62408235],[8.414048]
[6.6640442],[1.61431316],[8.24879846]
[6.5250091],[1.60397093],[8.06815044]
[6.39823509],[1.59460359],[7.90021633]
[6.28046969],[1.58509151],[7.74262569]
[6.21081846],[1.57426469],[7.59738023]
[6.13312481],[1.56399566],[7.45678216]
[6.09668754],[1.55353557],[7.32944036]
[6.07718462],[1.5425675],[7.18620126]
[6.03231997],[1.53105584],[7.03217885]
[6.00295963],[1.51864661],[6.88946801]
[5.85893488],[1.50726648],[6.72720583]
[5.04193901],[1.4947796],[5.92032915]
[4.25391812],[1.48226293],[4.85648988]
[0.],[0.],[0.]
[1.83837099],[1.16803744],[1.45191309]
[3.05072008],[1.39001878],[3.14242579]
[3.86053739],[1.48491053],[4.0285758]
[4.10949293],[1.54100199],[4.48114288]
[4.36462104],[1.58846029],[4.79314112]
[4.60961687],[1.61848275],[5.1035069]
[4.8102158],[1.63912788],[5.29806723]
[5.0162668],[1.69858055],[5.52900944]
[5.25075879],[1.72253157],[5.84376756]
[5.38877002],[1.76397828],[6.06300154]
[5.58686264],[1.71388307],[6.28425417]
[5.60705487],[1.68636906],[6.40477336]
[5.73393495],[1.65859196],[6.61049328]
[5.7488797],[1.63505994],[6.66730335]
[5.84572974],[1.62537843],[6.81538005]
[5.87775991],[1.60864858],[6.86929758]
[5.96790336],[1.61056774],[7.05485198]
[6.05404656],[1.60899953],[7.16254606]
[6.15232626],[1.62232823],[7.3853222]
[6.23743949],[1.63538971],[7.54501225]
[6.30841468],[1.65268591],[7.79787164]
[6.39563251],[1.670497],[7.97156664]
[6.50275562],[1.68777058],[8.25380905]
[6.60185648],[1.69839682],[8.40971323]
[6.78022545],[1.70661002],[8.65626027]
[6.83881116],[1.71068349],[8.81824649]
[7.0406784],[1.71608466],[9.03430999]
[7.00637855],[1.72063198],[9.14189104]
[7.12941412],[1.72673269],[9.30104156]
[7.11402915],[1.72525133],[9.4243055]
[7.19472838],[1.72454271],[9.5861684]
[7.21065549],[1.71734747],[9.702844]
[7.25773871],[1.71285831],[9.76715928]
[7.27885294],[1.70933222],[9.82243136]
[7.32501775],[1.70560238],[9.85379292]
[7.35304739],[1.70056129],[9.823631]
[7.38167055],[1.69545802],[9.74486528]
[7.37872607],[1.68871046],[9.62767709]
[7.28437494],[1.68184237],[9.5069623]
[7.18748716],[1.67236551],[9.35870954]
[7.05715802],[1.66278632],[9.1636741]
[6.91487061],[1.6535839],[8.84887765]
[6.77736718],[1.6433693],[8.64440209]
[6.65051889],[1.63053548],[8.45083315]
[6.52535107],[1.61512616],[8.26117118]
[6.39889652],[1.60010696],[8.07956948]
[6.26357722],[1.58661537],[7.89343147]
[6.19711111],[1.57617562],[7.72804258]
[6.14484751],[1.56563514],[7.5638342]
[6.10080878],[1.55447412],[7.35423563]
[6.07267035],[1.5437109],[7.20384233]
[5.90097054],[1.53219206],[7.02165671]
[5.07999129],[1.51960176],[6.13969811]
[4.27039392],[1.50821354],[5.02954776]
[0.],[0.],[0.]
[1.9102041],[1.18410592],[1.5052505]
[3.06053877],[1.40155795],[3.23354737]
[3.8685177],[1.49375292],[4.18205908]
[4.12650098],[1.54932177],[4.62395584]
[4.39343816],[1.5961145],[4.92895935]
[4.62146346],[1.62027536],[5.16582754]
[4.83235838],[1.64596489],[5.3574056]
[5.03301058],[1.7165139],[5.59525443]
[5.26823595],[1.74011427],[5.93718693]
[5.40676149],[1.78172335],[6.15834432]
[5.60798083],[1.73401208],[6.37697726]
[5.63386474],[1.700967],[6.50192883]
[5.75683101],[1.67582238],[6.70587833]
[5.77479155],[1.645952],[6.76589271]
[5.8674459],[1.63893707],[6.9400653]
[5.90788133],[1.63177465],[7.03420818]
[6.01746883],[1.64005593],[7.25091882]
[6.11323184],[1.64067735],[7.40042114]
[6.21098607],[1.65474728],[7.67102029]
[6.3352612],[1.66867131],[7.87432204]
[6.4297567],[1.69300412],[8.14856718]
[6.54782195],[1.70618042],[8.3725953]
[6.7093649],[1.72103104],[8.64518054]
[6.79522101],[1.72995506],[8.82121791]
[6.99654928],[1.73877344],[9.1031531]
[7.04221844],[1.74405278],[9.30419101]
[7.24422455],[1.74901231],[9.64396436]
[7.25540257],[1.75800196],[9.81845385]
[7.35372399],[1.77271925],[10.03614065]
[7.36139891],[1.81361725],[10.1829453]
[7.42317671],[1.82448917],[10.35057374]
[7.46733004],[1.80362155],[10.43572514]
[7.48748338],[1.79811821],[10.50700702]
[7.53944986],[1.78484961],[10.51416503]
[7.55333389],[1.77290912],[10.53162364]
[7.61480084],[1.76377503],[10.52382544]
[7.61368672],[1.75281951],[10.44147172]
[7.68310056],[1.74422507],[10.35406195]
[7.56508323],[1.73651459],[10.2258686]
[7.46748831],[1.71636301],[10.07398122]
[7.33099671],[1.69697571],[9.8802545]
[7.19182341],[1.68182901],[9.60424062]
[7.05103845],[1.67189823],[9.28282594]
[6.91830878],[1.65976463],[8.93373709]
[6.7847443],[1.64448327],[8.70510967]
[6.65419371],[1.62799216],[8.49623031]
[6.51619377],[1.6123925],[8.27610306]
[6.39001389],[1.59825506],[8.0765383]
[6.26597437],[1.58426962],[7.8755798]
[6.18564657],[1.57209121],[7.65456465]
[6.14085182],[1.56138769],[7.42238082]
[5.9457175],[1.55031894],[7.20298964]
[5.12037157],[1.53848786],[6.28297085]
[4.30315711],[1.52790626],[5.13362717]
[0.06527177],[0.0266972],[0.00061828]
[1.99060652],[1.13918391],[1.44169796]
[3.06975846],[1.37179089],[3.11047945]
[3.8756119],[1.46350187],[3.94994319]
[4.14466272],[1.51773082],[4.36773261]
[4.40881149],[1.563994],[4.67619316]
[4.63091412],[1.58520689],[4.92475961]
[4.84467414],[1.59994476],[5.08656099]
[5.04675488],[1.65617245],[5.32369365]
[5.28495294],[1.65307275],[5.6620065]
[5.42422998],[1.64896402],[5.90836316]
[5.62849121],[1.61180607],[6.16599717]
[5.65981897],[1.59796094],[6.33646558]
[5.77902085],[1.60100274],[6.58686519]
[5.80441538],[1.5933199],[6.73074599]
[5.89818626],[1.60253798],[6.94764401]
[5.9521132],[1.60901615],[7.09496542]
[6.06942259],[1.61960585],[7.37898543]
[6.1760647],[1.63731421],[7.60152557]
[6.28727958],[1.65607782],[7.8927591]
[6.47341497],[1.67912877],[8.12346596]
[6.64364942],[1.69892126],[8.46848616]
[6.74086249],[1.71735685],[8.69813725]
[6.92900157],[1.73584392],[8.96961547]
[7.00016235],[1.74391578],[9.2002938]
[7.20299336],[1.7513769],[9.53670428]
[7.27774538],[1.76626517],[9.87741016]
[7.44365807],[1.77474278],[10.22591073]
[7.50498179],[1.80700353],[10.42129236]
[7.57221656],[1.84081198],[10.66146899]
[7.61180347],[1.87763031],[10.83536084]
[7.64363668],[1.89272207],[10.99760605]
[7.71992144],[1.87597353],[11.10771897]
[7.71540455],[1.86986296],[11.19868015]
[7.79494316],[1.85708601],[11.2470049]
[7.78095612],[1.84519089],[11.29707541]
[7.85473363],[1.83293673],[11.29563164]
[7.85134011],[1.81802494],[11.21178803]
[7.9199864],[1.80893705],[11.11851309]
[7.85887265],[1.79821054],[10.93311953]
[7.7525849],[1.77086516],[10.72919266]
[7.61451192],[1.74442768],[10.50957317]
[7.47121373],[1.7218776],[10.21165414]
[7.32847611],[1.7029265],[9.91507141]
[7.19500931],[1.68299668],[9.63607838]
[7.05649621],[1.6663859],[9.30647292]
[6.92381503],[1.65027755],[8.91064905]
[6.78038181],[1.63476935],[8.66792457]
[6.64804671],[1.61924921],[8.42940531]
[6.51990743],[1.60327833],[8.20011214]
[6.38248793],[1.58782054],[7.96179579]
[6.25853631],[1.57377503],[7.72287689]
[5.99345199],[1.56155378],[7.3964247]
[5.16330932],[1.54992771],[6.41565928]
[4.34178556],[1.53841206],[5.23136101]
[0.13020166],[0.05371768],[0.00291796]
[2.04671925],[1.15982188],[1.49835281]
[3.07255569],[1.38092215],[3.20251904]
[3.8741373],[1.47066345],[4.04474135]
[4.1897844],[1.52417854],[4.47422]
[4.43980608],[1.57152598],[4.78030351]
[4.66287638],[1.58580319],[4.98490161]
[4.8755878],[1.61476366],[5.15775555]
[5.07711558],[1.65699361],[5.37188464]
[5.31826821],[1.64447078],[5.71932918]
[5.45833756],[1.64051527],[5.97074645]
[5.66580938],[1.61784155],[6.25440558]
[5.70588034],[1.6039469],[6.45394761]
[5.82281931],[1.61721734],[6.74346641]
[5.85684637],[1.61477004],[6.91790397]
[5.94803706],[1.62289563],[7.14700361]
[6.0164539],[1.63387362],[7.35373228]
[6.13640232],[1.64728465],[7.67976557]
[6.27066285],[1.6691333],[7.93071077]
[6.48336079],[1.69183445],[8.24159511]
[6.66852371],[1.71306763],[8.51460227]
[6.86176752],[1.73099862],[8.84563797]
[6.93592239],[1.74867046],[9.08103734]
[7.13193295],[1.76507295],[9.37730277]
[7.20768021],[1.78324051],[9.67551223]
[7.39305348],[1.79635369],[10.17194414]
[7.49219925],[1.8162748],[10.4894318]
[7.6348982],[1.84428563],[10.85274435]
[7.73623227],[1.88354536],[11.1031757]
[7.77906516],[1.91347541],[11.41387559]
[7.84163551],[1.94554803],[11.57778841]
[7.85957582],[1.96184534],[11.81897472]
[7.93483865],[1.9491655],[11.95795881]
[7.93610584],[1.94299812],[12.04965037]
[7.99833517],[1.93138296],[12.1118621]
[8.01285737],[1.91793743],[12.09123544]
[8.06152162],[1.90488466],[12.08376861]
[8.08940899],[1.89228848],[12.00641185]
[8.12878215],[1.87800132],[11.90799233]
[8.13932777],[1.85965393],[11.74670402]
[8.03143016],[1.83683139],[11.55166547]
[7.89596924],[1.81263535],[11.31998999]
[7.75213729],[1.78749509],[10.99400559]
[7.60730112],[1.761736],[10.61539767]
[7.46691352],[1.73419493],[10.29557424]
[7.3243058],[1.7112526],[9.98139269]
[7.18545796],[1.67856488],[9.68307309]
[7.03504297],[1.66347519],[9.3482587]
[6.8962654],[1.6481135],[8.95766537]
[6.76094182],[1.63206101],[8.61197029]
[6.61614375],[1.61552247],[8.33836653]
[6.48999743],[1.59927322],[8.0780254]
[6.19592385],[1.58382158],[7.74842073]
[5.22816007],[1.56760469],[6.67925653]
[4.39811068],[1.5526548],[5.4233898]
[0.22665462],[0.11020898],[0.01126484]
[2.11425696],[1.17951772],[1.5606503]
[3.08013256],[1.39774468],[3.30258632]
[3.88025223],[1.48819537],[4.19180372]
[4.19657586],[1.54444124],[4.63687672]
[4.44559093],[1.58307778],[4.88785235]
[4.66983166],[1.59663267],[5.06909758]
[4.88396047],[1.65720419],[5.27983884]
[5.08931563],[1.69834495],[5.58727769]
[5.33419126],[1.69488544],[5.93617902]
[5.47603573],[1.68134942],[6.18591678]
[5.68890546],[1.66314991],[6.48945079]
[5.74011041],[1.64581855],[6.71632456]
[5.85456174],[1.65746106],[7.02448323]
[5.89265267],[1.65394017],[7.23252768]
[5.98566281],[1.65951765],[7.48233941]
[6.08321409],[1.67591506],[7.73044522]
[6.21890569],[1.68734083],[8.05584459]
[6.43532007],[1.70822834],[8.32319408]
[6.68201971],[1.73096144],[8.68282241]
[6.87032051],[1.74665718],[8.95847761]
[7.08853752],[1.76499747],[9.27586081]
[7.15285371],[1.77731322],[9.51455823]
[7.33660317],[1.80540788],[9.94151061]
[7.44056126],[1.82854713],[10.37811591]
[7.59652462],[1.84700436],[10.80867207]
[7.72797771],[1.88449398],[11.17134489]
[7.84838252],[1.91560052],[11.64699588]
[7.95406802],[1.95027173],[11.98427036]
[8.0238579],[1.97686526],[12.26263984]
[8.05748913],[2.00469651],[12.45808889]
[8.10384666],[2.01554352],[12.61445958]
[8.14841173],[2.01099541],[12.76253259]
[8.18415134],[1.99761396],[12.83670476]
[8.22026977],[1.98680235],[12.90565]
[8.26556727],[1.97333829],[12.910992]
[8.28731744],[1.96085896],[12.8845584]
[8.34817494],[1.94885624],[12.83180772]
[8.37519627],[1.93509191],[12.72132851]
[8.42757771],[1.91286826],[12.58071753]
[8.31928517],[1.88639042],[12.3473367]
[8.18108207],[1.86312747],[12.08436636]
[8.03757465],[1.83963006],[11.76287867]
[7.8930886],[1.81749019],[11.42743844]
[7.75435782],[1.79329583],[11.09568955]
[7.6122528],[1.76611753],[10.71569285]
[7.47413872],[1.72416831],[10.36960091]
[7.32137853],[1.68879986],[10.03191049]
[7.18250006],[1.67206727],[9.70055549]
[7.04249771],[1.65652412],[9.35506211]
[6.89330644],[1.64041098],[8.98792556]
[6.75864445],[1.62464187],[8.57199542]
[6.43032111],[1.60868356],[8.18283861]
[5.46702624],[1.59033478],[7.05949196]
[4.47090502],[1.57270055],[5.71931567]
[0.23093631],[0.1489828],[0.01551519]
[2.17154618],[1.19594882],[1.61808258]
[3.08590104],[1.40593506],[3.37219447]
[3.88507541],[1.49700764],[4.37016406]
[4.19617572],[1.56405598],[4.77850805]
[4.44700557],[1.5881088],[5.00872166]
[4.67254632],[1.60215383],[5.14579614]
[4.88642294],[1.67764546],[5.37148915]
[5.09493421],[1.72066332],[5.73255332]
[5.34261312],[1.73492358],[6.09870265]
[5.49204251],[1.71917386],[6.37527633]
[5.70859223],[1.70379819],[6.69912258]
[5.76827856],[1.68488036],[6.95569397]
[5.8803961],[1.69608009],[7.29975237]
[5.92835846],[1.69608051],[7.54269971]
[6.0496662],[1.70233063],[7.84188161]
[6.18816532],[1.72137863],[8.10786669]
[6.35006959],[1.73217185],[8.42237431]
[6.61325423],[1.75351166],[8.73402928]
[6.88729997],[1.77140828],[9.09630633]
[7.08293535],[1.78622038],[9.3877036]
[7.28980115],[1.80319914],[9.72175802]
[7.3857556],[1.83216692],[10.06519695]
[7.54013917],[1.86548184],[10.62506579]
[7.67266256],[1.91054502],[11.09550294]
[7.80085117],[1.9423944],[11.58300609]
[7.94554196],[1.97374439],[12.04318726]
[8.07476518],[1.99975961],[12.52977802]
[8.16061584],[2.02876528],[12.858405]
[8.26757764],[2.04859345],[13.1478544]
[8.27793464],[2.0659454],[13.33662011]
[8.35277047],[2.07600005],[13.51414667]
[8.3660597],[2.07602767],[13.64204699]
[8.42999095],[2.0617152],[13.74128058]
[8.44511841],[2.0517183],[13.8329071]
[8.51710305],[2.03826302],[13.87366383]
[8.51428184],[2.0264184],[13.85541112]
[8.59121593],[2.01498304],[13.81090203]
[8.58163158],[2.00173764],[13.68027202]
[8.6599504],[1.97854867],[13.53396579]
[8.60113106],[1.95494388],[13.29522325]
[8.47104471],[1.92843865],[13.00984759]
[8.32178755],[1.90291156],[12.60688595]
[8.17785415],[1.8821889],[12.25123859]
[8.03970393],[1.86137354],[11.90500682]
[7.89571908],[1.83625492],[11.53625671]
[7.75786651],[1.80173672],[11.19231566]
[7.61439875],[1.7611118],[10.80538403]
[7.47247861],[1.72126355],[10.42377395]
[7.32951064],[1.68545282],[10.06192514]
[7.18056117],[1.66960325],[9.68667392]
[7.04255141],[1.65417621],[9.31930864]
[6.67797621],[1.63866216],[8.71121007]
[5.75899708],[1.62028571],[7.48877785]
[4.69742119],[1.60141504],[6.05619702]
[0.2303979],[0.1016113],[0.01053552]
[2.22405299],[1.14082218],[1.51477772]
[3.09111545],[1.37264889],[3.23622388]
[3.889393],[1.46552992],[4.09426755]
[4.19567881],[1.52235571],[4.5037416]
[4.44761802],[1.55140471],[4.74608088]
[4.67376199],[1.55839966],[4.90005672]
[4.88796847],[1.62149604],[5.12550566]
[5.10030144],[1.63017285],[5.55200938]
[5.35194997],[1.63440179],[5.97869206]
[5.50555978],[1.63817755],[6.31759649]
[5.72457095],[1.6452017],[6.70704668]
[5.78791287],[1.64921354],[7.03139865]
[5.90908462],[1.66948492],[7.40422287]
[5.99480704],[1.69044962],[7.71492771]
[6.12194156],[1.70206087],[8.03984671]
[6.2751662],[1.71849631],[8.3205576]
[6.4961876],[1.74051114],[8.70543217]
[6.75034288],[1.75767583],[9.0279185]
[7.05338957],[1.77811928],[9.39334579]
[7.24822361],[1.79409682],[9.70660255]
[7.46193633],[1.81957086],[10.12455944]
[7.59570627],[1.8615943],[10.63256227]
[7.72840659],[1.92018021],[11.19352236]
[7.88095391],[1.96822096],[11.72973639]
[8.01969197],[1.99671645],[12.33070942]
[8.1464213],[2.02499391],[12.80068085]
[8.30801813],[2.04891262],[13.27422729]
[8.37674084],[2.07307041],[13.65161168]
[8.51687531],[2.0902951],[13.99134738]
[8.49555597],[2.11029903],[14.19108905]
[8.5997713],[2.11838185],[14.40110587]
[8.5849815],[2.12043827],[14.52516757]
[8.662167],[2.10682065],[14.62988132]
[8.66740882],[2.09725634],[14.65573211]
[8.73470314],[2.08398638],[14.71519909]
[8.74166062],[2.07218076],[14.6722154]
[8.80506922],[2.06091606],[14.64042697]
[8.82770281],[2.04613351],[14.50631543]
[8.87575792],[2.02515145],[14.36476402]
[8.86780083],[2.00279251],[14.12235795]
[8.74019717],[1.97847663],[13.81914034]
[8.59711733],[1.9509216],[13.46045143]
[8.46306204],[1.92620615],[13.06561489]
[8.32350127],[1.9056793],[12.65754472]
[8.17836666],[1.88117388],[12.26873294]
[8.03946656],[1.84953288],[11.89682373]
[7.89611389],[1.81249995],[11.51453793]
[7.75992519],[1.77560894],[11.16106147]
[7.61280923],[1.73375372],[10.76015593]
[7.46456542],[1.69818385],[10.33577222]
[7.32438271],[1.67865373],[9.9606713]
[6.93991345],[1.66298724],[9.38304497]
[6.05803085],[1.64666257],[8.01842068]
[4.99854374],[1.62987801],[6.4720805]
[0.20406269],[0.09517681],[0.00850302]
[2.24540667],[1.15587967],[1.54684211]
[3.09141183],[1.37938353],[3.29533426]
[3.88763674],[1.46955478],[4.16771701]
[4.22431675],[1.52727388],[4.57483314]
[4.4722251],[1.5505375],[4.7988368]
[4.69883039],[1.55731969],[4.94856804]
[4.9144417],[1.63861693],[5.23106706]
[5.1283444],[1.64887179],[5.70544893]
[5.379054],[1.6559245],[6.1345347]
[5.53655923],[1.65818344],[6.49819758]
[5.75414774],[1.67220969],[6.92610478]
[5.8453537],[1.68272458],[7.28244513]
[5.97449856],[1.70415269],[7.68486663]
[6.07753778],[1.72527145],[8.02672362]
[6.1964122],[1.73921044],[8.35505091]
[6.3722513],[1.75161007],[8.64470976]
[6.63367282],[1.77344901],[9.06286117]
[6.87275456],[1.79074668],[9.38997403]
[7.1714812],[1.80997948],[9.76191691]
[7.38379254],[1.82936353],[10.13190668]
[7.59616546],[1.86653949],[10.69936325]
[7.74664533],[1.93578003],[11.23409343]
[7.86757411],[1.99721218],[11.83722673]
[8.01900583],[2.03839448],[12.48020776]
[8.17590061],[2.05950642],[13.05127721]
[8.28551451],[2.09140147],[13.56187184]
[8.47569092],[2.10646211],[14.05568627]
[8.54356992],[2.13395087],[14.53632565]
[8.69165543],[2.14704552],[14.89362263]
[8.68410523],[2.16535084],[15.05740503]
[8.78554282],[2.16389797],[15.26535353]
[8.80837252],[2.16876998],[15.38035482]
[8.86550902],[2.15580439],[15.49200908]
[8.89999871],[2.14685464],[15.54488377]
[8.94088805],[2.13391755],[15.60004784]
[8.97723908],[2.12221143],[15.58706155]
[9.03293029],[2.11124547],[15.57575253]
[9.09247667],[2.09442905],[15.47530269]
[9.15119368],[2.07530539],[15.37956994]
[9.16923049],[2.05364415],[15.13750142]
[9.03323072],[2.03062924],[14.7822635]
[8.87618392],[2.00569417],[14.35263139]
[8.73777957],[1.98202687],[13.93172189]
[8.60355433],[1.95712049],[13.54051037]
[8.46208638],[1.93598557],[13.1419739]
[8.31523926],[1.91171745],[12.75442068]
[8.16975765],[1.87909829],[12.36322925]
[8.0287288],[1.84689838],[11.99918866]
[7.8844861],[1.81173468],[11.61731008]
[7.73656913],[1.77787642],[11.24828006]
[7.59723625],[1.73578572],[10.85646877]
[7.22877288],[1.7014572],[10.26263361]
[6.36740396],[1.68248418],[8.88416106]
[5.41432856],[1.66680183],[7.26467315]
[0.2043757],[0.13690551],[0.01220939]
[2.25582553],[1.17257582],[1.60397951]
[3.09627759],[1.39478769],[3.38572332]
[3.89188352],[1.49406052],[4.35915856]
[4.22427508],[1.5442531],[4.73198626]
[4.47353429],[1.56441316],[4.90244953]
[4.70696187],[1.58714778],[5.08278024]
[4.9230056],[1.6901205],[5.5336212]
[5.13764488],[1.70101188],[5.99871809]
[5.38897988],[1.70568823],[6.40858078]
[5.55634901],[1.70389693],[6.78012092]
[5.796657],[1.71576736],[7.23368658]
[5.91284407],[1.72567731],[7.58351381]
[6.03458627],[1.74485367],[8.0046454]
[6.1515644],[1.76386782],[8.35628042]
[6.26961885],[1.77479108],[8.68394749]
[6.50201238],[1.78963271],[9.02719654]
[6.77709352],[1.80668015],[9.41488095]
[6.99719883],[1.82087566],[9.74564571]
[7.29317743],[1.83943257],[10.15024247]
[7.52516341],[1.87574291],[10.68642743]
[7.74576345],[1.92848714],[11.26786106]
[7.9109577],[2.01395928],[11.90997645]
[8.04007709],[2.06517753],[12.59441986]
[8.16996446],[2.10086174],[13.20865511]
[8.34541764],[2.120221],[13.80529753]
[8.43880686],[2.14794717],[14.32235296]
[8.64038427],[2.16200176],[14.91310549]
[8.72878339],[2.18672965],[15.33640928]
[8.92448288],[2.19684554],[15.71734724]
[9.00226336],[2.21309198],[15.91191424]
[9.06433769],[2.21230447],[16.10359259]
[9.10998876],[2.20932955],[16.23133261]
[9.15052447],[2.19774124],[16.35609491]
[9.20563093],[2.18834907],[16.4419962]
[9.21910497],[2.17609593],[16.5269409]
[9.26428149],[2.16551218],[16.53730886]
[9.25477592],[2.15547492],[16.51154267]
[9.31450801],[2.137631],[16.42828152]
[9.32506102],[2.12153553],[16.30007097]
[9.39470431],[2.10308358],[16.14577714]
[9.33879569],[2.08387889],[15.877382]
[9.19622884],[2.06253647],[15.50168392]
[9.00789157],[2.04396943],[15.03133926]
[8.87122384],[2.02421904],[14.59558982]
[8.72716674],[2.00020397],[14.19831432]
[8.60330331],[1.97377507],[13.81425216]
[8.49038132],[1.94222347],[13.47075684]
[8.36760909],[1.91160657],[13.12576779]
[8.24304531],[1.87827261],[12.7365611]
[8.1181643],[1.84604888],[12.33260202]
[7.99989602],[1.81286468],[11.9282356]
[7.73384329],[1.7750396],[11.32233329]
[6.78399507],[1.73516763],[9.84570962]
[5.85113905],[1.7004395],[8.14572175]
[0.20466948],[0.33013215],[0.02938069]
[2.26080708],[1.18948494],[1.66352402]
[3.10089114],[1.40496522],[3.4596534]
[3.8959352],[1.51541147],[4.50603065]
[4.22775649],[1.55903372],[4.85690721]
[4.48252791],[1.57363222],[5.02669669]
[4.71618883],[1.60857358],[5.20282987]
[4.93237706],[1.72207936],[5.76137262]
[5.15686213],[1.74617554],[6.24132405]
[5.42505662],[1.74719236],[6.64468707]
[5.61304144],[1.74367211],[7.05433529]
[5.84899068],[1.75507538],[7.48509156]
[5.9763787],[1.76652966],[7.86097875]
[6.09189215],[1.78537271],[8.28383747]
[6.2261446],[1.80129125],[8.65372799]
[6.34081657],[1.81231618],[9.01253822]
[6.6287106],[1.823257],[9.3596793]
[6.91555782],[1.84070608],[9.74899013]
[7.13028327],[1.85809639],[10.12209513]
[7.41964804],[1.89812253],[10.64294213]
[7.66858234],[1.95907824],[11.27891697]
[7.8940021],[2.03509123],[11.96157488]
[8.06171294],[2.10516988],[12.64374167]
[8.21205571],[2.14435561],[13.31783801]
[8.32182469],[2.17118153],[13.95908447]
[8.51497467],[2.18764578],[14.55369652]
[8.61001432],[2.21142343],[15.15550004]
[8.80196624],[2.22387102],[15.70438912]
[8.95029833],[2.24500774],[16.16273067]
[9.15278001],[2.25266935],[16.59453624]
[9.2731939],[2.26671554],[16.81002266]
[9.33290385],[2.27012055],[17.04680961]
[9.39243627],[2.26667673],[17.20455145]
[9.38522707],[2.26073864],[17.33812989]
[9.47385079],[2.25296406],[17.47281177]
[9.48115805],[2.24471351],[17.55511412]
[9.54325196],[2.23588173],[17.61867637]
[9.55329671],[2.22001312],[17.61611782]
[9.61576369],[2.20281716],[17.63152978]
[9.65734471],[2.1835122],[17.55036538]
[9.72850765],[2.16696952],[17.47988412]
[9.69049865],[2.15031426],[17.23303261]
[9.53508881],[2.13164793],[16.8747179]
[9.37516143],[2.11375938],[16.45732942]
[9.22272913],[2.09629186],[16.04870951]
[9.10719278],[2.07519141],[15.59381292]
[8.98821376],[2.05085108],[15.18016675]
[8.86926545],[2.01696484],[14.73047699]
[8.76032354],[1.98718738],[14.34202664]
[8.63700972],[1.95576275],[13.95487736]
[8.51970369],[1.92566224],[13.57115856]
[8.40138244],[1.89490924],[13.17592949]
[8.15355021],[1.86234498],[12.48782005]
[7.23480741],[1.83107835],[10.90224996]
[6.26289811],[1.79515562],[9.1339539]
[0.14878982],[0.09358408],[0.00564696]
[2.26479916],[1.0645335],[1.49855542]
[3.10672925],[1.29413279],[3.2140911]
[3.90282242],[1.37113306],[4.10641782]
[4.23754109],[1.44055472],[4.48509762]
[4.49190455],[1.47647554],[4.72935678]
[4.72866804],[1.55413128],[4.97602163]
[4.96669381],[1.63914365],[5.59756966]
[5.19951426],[1.64051939],[6.13392375]
[5.48006141],[1.66996923],[6.59307475]
[5.67011215],[1.69552066],[7.05293503]
[5.90090333],[1.71519072],[7.50909348]
[6.03734647],[1.74022931],[7.92166042]
[6.1488151],[1.76556426],[8.34452882]
[6.30426437],[1.78085598],[8.73672832]
[6.49065789],[1.80050827],[9.15084657]
[6.76016039],[1.81551995],[9.51826214]
[7.06015805],[1.83688271],[9.92982164]
[7.27561378],[1.87014775],[10.37810596]
[7.54614259],[1.91202416],[10.99451215]
[7.81604268],[2.00542712],[11.70658687]
[8.04186883],[2.07874359],[12.45871392]
[8.21340716],[2.14438317],[13.22130019]
[8.3838942],[2.18509092],[13.89386741]
[8.47365344],[2.21113679],[14.54326447]
[8.67389258],[2.22862016],[15.25467643]
[8.78551664],[2.2530713],[15.83309577]
[8.98086763],[2.26807877],[16.40346445]
[9.17727629],[2.29001883],[16.94400056]
[9.36314329],[2.30322258],[17.45419855]
[9.49844268],[2.31751663],[17.74436269]
[9.5212122],[2.3234389],[18.01131934]
[9.61268937],[2.32048324],[18.24553576]
[9.6460012],[2.31481081],[18.40917858]
[9.72018716],[2.30795812],[18.60383907]
[9.77732823],[2.30046288],[18.74335253]
[9.8662854],[2.29072987],[18.88815998]
[9.9414573],[2.27777782],[18.95540296]
[9.99717136],[2.26309264],[19.06185901]
[10.06581967],[2.24496859],[19.04202959]
[10.07630411],[2.22672405],[18.92879328]
[10.18863168],[2.20712495],[18.77572337]
[10.05395023],[2.18661933],[18.43577869]
[9.91334793],[2.16829623],[17.94995044]
[9.72828367],[2.15151586],[17.4243108]
[9.53400373],[2.13295176],[16.90743102]
[9.3735644],[2.11031154],[16.45957828]
[9.24088759],[2.07974843],[16.02540083]
[9.15089738],[2.04769421],[15.60194871]
[9.04426688],[2.01488355],[15.15913731]
[8.90161883],[1.98475082],[14.72521443]
[8.759309],[1.95483326],[14.30289422]
[8.51736888],[1.92359308],[13.5898372]
[7.66741637],[1.89403397],[11.98423116]
[6.66275312],[1.86242125],[10.09527703]
[0.13685981],[0.01700251],[0.00092539]
[2.26612506],[0.30779205],[0.47477991]
[3.10989541],[0.53685869],[1.41665447]
[3.91223217],[0.61191271],[1.94542825]
[4.27871154],[0.68442249],[2.2967637]
[4.53819117],[0.71537774],[2.56723535]
[4.7919224],[0.80225272],[2.93088653]
[5.03492705],[0.95947723],[3.71362911]
[5.25996641],[1.04335148],[4.35283164]
[5.54303051],[1.11908007],[4.89939778]
[5.73671911],[1.18443645],[5.41843678]
[5.95743872],[1.2373569],[5.92529117]
[6.11679701],[1.28833832],[6.42285903]
[6.22803299],[1.33329464],[6.87558102]
[6.38917458],[1.36479782],[7.33053277]
[6.62793001],[1.39543779],[7.75862286]
[6.87673517],[1.42509088],[8.16463414]
[7.17778599],[1.46031976],[8.59593289]
[7.40199719],[1.52073659],[9.1660292]
[7.65914098],[1.61236309],[9.81817118]
[7.93479541],[1.71256526],[10.58623544]
[8.17370255],[1.78801684],[11.42079197]
[8.34405666],[1.85966807],[12.20115752]
[8.5393423],[1.91360506],[12.88565347]
[8.60875031],[1.95328176],[13.60619058]
[8.80971604],[1.97161682],[14.33705927]
[9.01459912],[1.99283224],[14.96344719]
[9.22146346],[2.01210291],[15.59991389]
[9.48162105],[2.03393235],[16.27036503]
[9.5817484],[2.04968528],[16.76088872]
[9.77626985],[2.06848154],[17.20059095]
[9.84828845],[2.08751721],[17.47893249]
[9.90603264],[2.10742096],[17.75606333]
[9.99010272],[2.12505011],[17.99578868]
[10.05162637],[2.13639759],[18.27390334]
[10.12147454],[2.13343529],[18.47481212]
[10.13745735],[2.12714775],[18.63377577]
[10.23485529],[2.12032375],[18.71035364]
[10.26878801],[2.11303534],[18.74832686]
[10.39970954],[2.10425151],[18.87458034]
[10.46464421],[2.09141395],[18.81553491]
[10.58233645],[2.0727441],[18.75033918]
[10.58922338],[2.06037446],[18.46254725]
[10.35533962],[2.04779778],[17.99030242]
[10.15129448],[2.03449799],[17.45437741]
[9.99261643],[2.02049519],[16.93298509]
[9.87546391],[2.00561041],[16.42303618]
[9.71852046],[1.99108884],[15.89677563]
[9.54866169],[1.97234666],[15.40724555]
[9.43306068],[1.94661598],[14.97372151]
[9.31352652],[1.91855854],[14.53716726]
[9.18860361],[1.88893815],[14.1016044]
[8.9450409],[1.86026063],[13.44512312]
[8.10171189],[1.83032545],[12.06153301]
[7.1255305],[1.80145262],[10.39697331]
