meltWidth,meltDepth,meltArea
[1.56627542],[0.24812992],[0.30972143]
[1.77702401],[0.34895896],[0.44365974]
[1.82699361],[0.39495866],[0.5230892]
[1.90342831],[0.41834806],[0.59318774]
[1.96546312],[0.49677177],[0.70447569]
[2.06975115],[0.55631201],[0.81921453]
[2.12073102],[0.62477394],[0.91861075]
[2.20502267],[0.65603224],[1.00948356]
[2.217205],[0.69888238],[1.0772982]
[2.26808198],[0.72548468],[1.13914412]
[2.2444105],[0.73660219],[1.16457426]
[2.32326107],[0.74346421],[1.22393326]
[2.29808414],[0.75614493],[1.22868137]
[2.37368892],[0.7542702],[1.26350865]
[2.33691865],[0.76075479],[1.25015808]
[2.41822378],[0.75656159],[1.27924111]
[2.36948538],[0.75460549],[1.25389693]
[2.46132366],[0.74915905],[1.28996457]
[2.38704833],[0.75180844],[1.25570294]
[2.47507312],[0.74665753],[1.29052267]
[2.39357983],[0.75005736],[1.25540344]
[2.4870369],[0.74974041],[1.29698458]
[2.40437098],[0.75878298],[1.274411]
[2.50047335],[0.75648279],[1.31517602]
[2.4062616],[0.76337516],[1.28675427]
[2.5078507],[0.75621296],[1.32376017]
[2.40685308],[0.77086527],[1.29588892]
[2.51414623],[0.75663308],[1.32940826]
[2.40876362],[0.77432045],[1.30451294]
[2.52180681],[0.7622001],[1.3356788]
[2.44506764],[0.77172303],[1.33706327]
[2.52984243],[0.77370304],[1.34893018]
[2.46163658],[0.77631838],[1.33198184]
[2.45120513],[0.77831592],[1.32792491]
[2.45292376],[0.77557956],[1.3279392]
[2.45433296],[0.77837068],[1.3300152]
[2.45372114],[0.78054322],[1.32366765]
[2.45341211],[0.7728589],[1.30841209]
[2.4400692],[0.77325129],[1.29794321]
[2.43362514],[0.7731392],[1.28796902]
[2.4185082],[0.77316092],[1.26872142]
[2.4167963],[0.7671275],[1.25925065]
[2.4157061],[0.76340435],[1.25595677]
[2.41513883],[0.75929435],[1.24767779]
[2.41048759],[0.75053304],[1.23995059]
[2.40629547],[0.74420918],[1.23836333]
[2.40243133],[0.73776732],[1.23341507]
[2.40008769],[0.72925572],[1.22200415]
[2.41080823],[0.71845983],[1.21486072]
[2.4192743],[0.71328867],[1.21073061]
[2.4251826],[0.71271803],[1.20500194]
[2.42162383],[0.68503688],[1.19019794]
[2.2078581],[0.63485124],[1.03818334]
[0.],[0.],[0.]
[0.],[0.],[0.]
[1.51405963],[0.15798412],[0.11883844]
[1.85210519],[0.38716746],[0.4750083]
[1.95624982],[0.54521197],[0.74765112]
[2.1184655],[0.62281342],[0.98783555]
[2.21671638],[0.87711006],[1.39881766]
[2.32490372],[1.00155784],[1.72395172]
[2.37380129],[1.03670776],[1.92230356]
[2.42901351],[1.04321255],[2.01190129]
[2.42365835],[1.04727528],[2.03193175]
[2.45317867],[1.0428144],[2.04697092]
[2.4465314],[1.03949474],[2.04391701]
[2.47335951],[1.03882636],[2.07117576]
[2.46435272],[1.03354617],[2.05114859]
[2.56822769],[1.03955245],[2.12749383]
[2.47950329],[1.04569848],[2.07301519]
[2.70881547],[1.04690471],[2.20266855]
[2.49176949],[1.04838971],[2.07776936]
[2.77404633],[1.05570698],[2.24661406]
[2.4997634],[1.05616416],[2.09919458]
[2.81240083],[1.05465661],[2.25805152]
[2.50150604],[1.05523271],[2.09213476]
[2.80632112],[1.06002539],[2.2436474]
[2.50305301],[1.05792723],[2.09745401]
[2.80016267],[1.05199597],[2.21747762]
[2.50235735],[1.04567602],[2.06046017]
[2.78900106],[1.04553261],[2.17407076]
[2.50229941],[1.03541205],[2.02433399]
[2.77518952],[1.03158295],[2.12721696]
[2.50240344],[1.02784711],[1.99139252]
[2.75829585],[1.01794225],[2.07635684]
[2.50620686],[1.02203579],[1.94708793]
[2.74475838],[1.00180508],[2.01254703]
[2.50613739],[0.99153387],[1.86344973]
[2.50466833],[0.97613578],[1.80299372]
[2.50439265],[0.96466179],[1.77198074]
[2.50345566],[0.95686645],[1.76385569]
[2.50292113],[0.93923728],[1.74750894]
[2.50337588],[0.9268011],[1.73453634]
[2.50487328],[0.91924724],[1.7256886]
[2.51031989],[0.90664043],[1.71391532]
[2.50871911],[0.894771],[1.69124803]
[2.51218669],[0.88543512],[1.6679705]
[2.52845342],[0.87727675],[1.64909988]
[2.55965487],[0.86944981],[1.65267128]
[2.58500313],[0.86124245],[1.65377881]
[2.60193699],[0.85530941],[1.65326906]
[2.67066253],[0.85061267],[1.66530221]
[2.66678012],[0.85237014],[1.64845706]
[2.7036738],[0.856132],[1.65167105]
[2.73432173],[0.84622729],[1.64587937]
[2.75986795],[0.83367255],[1.64144704]
[2.77535617],[0.83004317],[1.63328767]
[2.42933551],[0.83448745],[1.50918901]
[0.75134024],[0.25167219],[0.08758506]
[0.],[0.],[0.]
[1.50344233],[0.23733076],[0.23683465]
[1.96797846],[0.46663111],[0.60591874]
[2.11288757],[0.67890555],[0.97525413]
[2.27212634],[0.75481389],[1.23048584]
[2.35178988],[0.94643201],[1.6017325]
[2.44836473],[1.07976223],[1.9800844]
[2.4935812],[1.12589347],[2.21180414]
[2.57146232],[1.14534206],[2.33950222]
[2.52446575],[1.1435371],[2.33664985]
[2.61659002],[1.13429599],[2.37988774]
[2.58467793],[1.14105741],[2.33352467]
[2.68323459],[1.15488031],[2.4212848]
[2.6784966],[1.16419095],[2.38834309]
[2.90753179],[1.17425701],[2.53686826]
[2.7731815],[1.18107258],[2.45455239]
[3.02320354],[1.1759086],[2.59011885]
[2.83551745],[1.17619664],[2.47270522]
[3.06542182],[1.17957779],[2.6205766]
[2.88379805],[1.17963835],[2.5090471]
[3.09514214],[1.17555554],[2.6442868]
[2.90829071],[1.17674794],[2.50088216]
[3.0941559],[1.18069502],[2.66159533]
[2.91278795],[1.18049837],[2.50603361]
[3.09000125],[1.17110775],[2.6672329]
[2.90418563],[1.16450649],[2.44959259]
[3.08580533],[1.16229604],[2.64127085]
[2.89488214],[1.15072242],[2.40287818]
[3.07777289],[1.14314206],[2.60202668]
[2.89085293],[1.13864435],[2.37059139]
[3.06411145],[1.12526268],[2.55456591]
[2.93424637],[1.11779882],[2.39358924]
[3.0558083],[1.10109795],[2.4882061]
[2.92885347],[1.08575232],[2.32415378]
[2.89857605],[1.06443635],[2.24903788]
[2.89677503],[1.04703501],[2.19736278]
[2.89369431],[1.03375623],[2.15508713]
[2.88854525],[1.00882527],[2.09277739]
[2.891434],[0.99319715],[2.0632113]
[2.89417623],[0.98359562],[2.04630455]
[2.91816287],[0.96841722],[2.03810946]
[2.89611201],[0.95262803],[1.99466889]
[2.8923337],[0.94523684],[1.9676828]
[2.8862594],[0.93966514],[1.93790948]
[2.8844255],[0.93503742],[1.90725793]
[2.89245013],[0.92866216],[1.88281061]
[2.87667462],[0.92384812],[1.8533781]
[2.89026136],[0.91978493],[1.84003719]
[2.860339],[0.91323951],[1.8106079]
[2.87521926],[0.90484696],[1.79356141]
[2.89351687],[0.89924836],[1.7840039]
[2.92324478],[0.8929919],[1.77751262]
[2.97025884],[0.88534305],[1.78817264]
[2.66694909],[0.88332451],[1.680626]
[2.50776002],[1.0138564],[1.67285173]
[0.],[0.],[0.]
[1.50922581],[0.27660866],[0.31750508]
[2.04379074],[0.58777207],[0.76794347]
[2.21766655],[0.77258732],[1.17001653]
[2.37257966],[0.85005256],[1.47412518]
[2.43812726],[1.00403207],[1.83141371]
[2.5059878],[1.14185697],[2.20838881]
[2.59954833],[1.20638849],[2.51446022]
[2.71360937],[1.22743067],[2.65420688]
[2.7195017],[1.22999362],[2.66976335]
[2.83367146],[1.22365455],[2.71449227]
[2.8511185],[1.22679144],[2.68508593]
[2.94044769],[1.23271234],[2.76531811]
[2.95142784],[1.22992468],[2.743949]
[3.09942151],[1.2280349],[2.86789061]
[3.04534977],[1.2280975],[2.77877803]
[3.19117689],[1.22224283],[2.94033754]
[3.12794075],[1.2211111],[2.83628062]
[3.23677459],[1.223765],[2.98972321]
[3.18409307],[1.22289746],[2.90356482]
[3.26592644],[1.21818213],[3.01902852]
[3.22379859],[1.21824591],[2.92583324]
[3.27429908],[1.22212989],[3.04158731]
[3.22872606],[1.21780076],[2.95557137]
[3.27515715],[1.2079738],[3.04538716]
[3.22757621],[1.20102521],[2.92558507]
[3.275208],[1.19859935],[3.03278567]
[3.22177779],[1.1860577],[2.88589046]
[3.27231048],[1.177963],[3.00508601]
[3.22091903],[1.17317411],[2.84767068]
[3.26500941],[1.15817433],[2.96962823]
[3.2593381],[1.15062037],[2.88980216]
[3.2632939],[1.13295775],[2.9213991]
[3.25535417],[1.11926369],[2.831282]
[3.21170201],[1.10789213],[2.77785453]
[3.20461833],[1.09881862],[2.75217926]
[3.19760456],[1.09140692],[2.72741328]
[3.18571231],[1.07921996],[2.69403085]
[3.18253246],[1.06902157],[2.66698699]
[3.17395798],[1.05770481],[2.63514369]
[3.17157519],[1.04175006],[2.59788565]
[3.16954397],[1.02239008],[2.52375441]
[3.16720738],[1.00299448],[2.4292903]
[3.15745407],[0.98803524],[2.31978803]
[3.13752954],[0.97205723],[2.21370243]
[3.12727576],[0.96767208],[2.14510505]
[3.11111497],[0.96428869],[2.08951695]
[3.09711732],[0.96095643],[2.04821543]
[3.07393696],[0.95681647],[2.00118121]
[3.05459443],[0.95131915],[1.96669876]
[3.04816311],[0.94682275],[1.94625685]
[3.06515453],[0.94198923],[1.93046965]
[3.08958666],[0.93720247],[1.92622553]
[2.74940999],[0.93391155],[1.77913064]
[2.94053964],[1.09556395],[2.07947743]
[0.40947766],[0.24925119],[0.04591219]
[1.53135844],[0.3194641],[0.38804224]
[2.11897418],[0.65828728],[0.91646583]
[2.3028073],[0.8347902],[1.35496554]
[2.43293739],[0.9199266],[1.6500415]
[2.48677994],[1.04894581],[2.02044726]
[2.57095327],[1.21214439],[2.47470364]
[2.76112678],[1.27807138],[2.79091364]
[2.90800302],[1.29617471],[3.00570333]
[2.93149545],[1.29654767],[3.06889176]
[3.02091705],[1.28678487],[3.13255262]
[3.04849884],[1.28306838],[3.11841184]
[3.1282835],[1.28716224],[3.17009103]
[3.16550937],[1.28288114],[3.124834]
[3.26297124],[1.27962769],[3.20970736]
[3.29447106],[1.27765958],[3.1855101]
[3.35032787],[1.27186754],[3.2681824]
[3.39702723],[1.27070685],[3.24010593]
[3.43560445],[1.27290163],[3.3074868]
[3.45200437],[1.27215541],[3.28460792]
[3.49199083],[1.26835974],[3.3322578]
[3.47931549],[1.26831094],[3.29926054]
[3.50250668],[1.26957593],[3.34222457]
[3.48253967],[1.26515771],[3.31390319]
[3.5028928],[1.25769562],[3.33939237]
[3.48398188],[1.25265032],[3.29099008]
[3.50703925],[1.25017692],[3.328014]
[3.47900871],[1.23957874],[3.26258935]
[3.5029124],[1.23332865],[3.29855999]
[3.48029006],[1.22929414],[3.23551635]
[3.49195201],[1.21684964],[3.26225276]
[3.52215869],[1.20654926],[3.23082314]
[3.49404616],[1.19630457],[3.22726732]
[3.51957375],[1.1884805],[3.18866592]
[3.48202572],[1.1784124],[3.1370924]
[3.46327646],[1.1703939],[3.1085053]
[3.45256423],[1.16391621],[3.08167491]
[3.43383493],[1.15295719],[3.053156]
[3.42795889],[1.1439261],[3.03015227]
[3.41504389],[1.13296796],[3.00524928]
[3.40142898],[1.11872758],[2.97678909]
[3.38598596],[1.10100219],[2.92805958]
[3.37062976],[1.08492905],[2.88334831]
[3.35143441],[1.06251521],[2.83009368]
[3.32643929],[1.03482252],[2.74458166]
[3.31382192],[1.01010199],[2.65865687]
[3.29777204],[0.99383065],[2.53934129]
[3.26349381],[0.98709325],[2.3812058]
[3.23192879],[0.98301485],[2.25430424]
[3.21289243],[0.97945846],[2.17892466]
[3.19279407],[0.97801489],[2.11850072]
[3.16863807],[0.97636943],[2.072677]
[3.16822827],[0.97241525],[2.04678409]
[2.8328008],[0.96846143],[1.87443167]
[3.20369055],[1.10784781],[2.39045675]
[0.56921985],[0.38658963],[0.10266199]
[1.56332226],[0.38138135],[0.47247344]
[2.21164714],[0.71627726],[1.08251811]
[2.37262664],[0.87574897],[1.49650277]
[2.48260457],[0.95486343],[1.80512161]
[2.52513517],[1.12346623],[2.28783116]
[2.66407407],[1.28291557],[2.75686327]
[2.90731562],[1.34016297],[3.11041836]
[3.09665707],[1.3570261],[3.4632133]
[3.13154743],[1.3608532],[3.6218056]
[3.23112185],[1.35722504],[3.68401156]
[3.28720528],[1.35547086],[3.66594784]
[3.3541205],[1.35897241],[3.66116117]
[3.41634313],[1.3567233],[3.61533253]
[3.50003041],[1.35592682],[3.66954048]
[3.54725645],[1.35627155],[3.62068695]
[3.63895945],[1.35285454],[3.6187416]
[3.65077727],[1.35189309],[3.59153291]
[3.73185751],[1.35324186],[3.64962964]
[3.70808149],[1.35250907],[3.63618547]
[3.7750573],[1.34988579],[3.67386536]
[3.72612877],[1.34746529],[3.64454117]
[3.78432616],[1.34703672],[3.68181786]
[3.72859883],[1.34398637],[3.65584686]
[3.78265775],[1.33817446],[3.68003674]
[3.73075196],[1.33398381],[3.64095698]
[3.78854213],[1.33259831],[3.66966556]
[3.72554096],[1.32437195],[3.61890583]
[3.78482552],[1.3193695],[3.64411854]
[3.73029165],[1.3165824],[3.60002584]
[3.78043454],[1.30666451],[3.61403473]
[3.77386408],[1.29608111],[3.58916289]
[3.78530394],[1.28743596],[3.58503912]
[3.77410086],[1.27350291],[3.5425471]
[3.77365624],[1.25504649],[3.48877862]
[3.73925634],[1.23984379],[3.44726966]
[3.72843094],[1.23281072],[3.41839286]
[3.70934839],[1.22226028],[3.38207908]
[3.69937446],[1.21335345],[3.34848993]
[3.68684479],[1.202016],[3.31117405]
[3.67184702],[1.18831667],[3.27630087]
[3.65252039],[1.17081851],[3.22057227]
[3.63976126],[1.15566625],[3.17104965]
[3.62158053],[1.13684831],[3.12314004]
[3.59614524],[1.1128218],[3.05595647]
[3.58073694],[1.09153263],[3.0000323]
[3.56448132],[1.07130343],[2.94093491]
[3.53168161],[1.04892584],[2.87153102]
[3.48087671],[1.02051856],[2.77765573]
[3.4370794],[1.0017051],[2.68426378]
[3.3957183],[0.99551167],[2.56386519]
[3.34854036],[0.99230779],[2.42619042]
[3.31465875],[0.99105647],[2.32206101]
[2.91960971],[0.98960983],[2.10286318]
[3.3509356],[1.16807809],[2.85608792]
[0.97922928],[0.5265899],[0.24864649]
[1.53927392],[0.43067555],[0.4393071]
[2.28921977],[0.74760291],[1.20085344]
[2.41662729],[0.89904444],[1.59234789]
[2.51759254],[0.9820424],[2.20176026]
[2.55710931],[1.17679858],[2.51427834]
[2.83687623],[1.32902088],[3.01984825]
[3.13816502],[1.38532558],[3.46985353]
[3.32808344],[1.40118773],[3.75875536]
[3.39942633],[1.40596311],[3.88278308]
[3.48550386],[1.4040511],[3.97576534]
[3.53851359],[1.39665088],[3.95702657]
[3.63733776],[1.3993381],[3.97008169]
[3.66140851],[1.39825119],[3.89230987]
[3.77971819],[1.3979467],[3.93935628]
[3.7889794],[1.39920982],[3.88209733]
[3.91666915],[1.39724577],[3.88762944]
[3.89704476],[1.39757236],[3.85438426]
[4.0199113],[1.39943481],[3.92519885]
[3.95423401],[1.39943055],[3.9024706]
[4.05170935],[1.39674009],[3.9525303]
[3.96445344],[1.39286881],[3.91283092]
[4.05743186],[1.39329718],[3.96470266]
[3.96422321],[1.3923248],[3.92364088]
[4.04890023],[1.38818834],[3.96015376]
[3.96328364],[1.38440106],[3.90954993]
[4.05461365],[1.3832619],[3.95017235]
[3.95654144],[1.37632005],[3.8856033]
[4.04686678],[1.37180747],[3.92325313]
[3.95913486],[1.36997092],[3.86821284]
[4.04342877],[1.36106111],[3.89443544]
[4.00051788],[1.3508292],[3.85954985]
[4.04807685],[1.34156977],[3.86410186]
[4.0041333],[1.32771995],[3.81235021]
[4.03000152],[1.30961656],[3.76231324]
[3.98064761],[1.29459658],[3.711879]
[3.96630798],[1.2873395],[3.6790864]
[3.94393037],[1.27716429],[3.63762821]
[3.93054362],[1.26748647],[3.59629891]
[3.91897262],[1.25655314],[3.55154957]
[3.90230879],[1.24328871],[3.5054436]
[3.87932889],[1.22596679],[3.44458292]
[3.86636064],[1.21104436],[3.38926206]
[3.84840775],[1.19358949],[3.32944591]
[3.82169443],[1.16997767],[3.26336611]
[3.80485703],[1.14867917],[3.20379524]
[3.78997084],[1.12866019],[3.14561259]
[3.76407434],[1.10684805],[3.08386467]
[3.71309757],[1.08234574],[3.00637521]
[3.66672158],[1.0653729],[2.93824753]
[3.61837839],[1.04946563],[2.87429525]
[3.56761477],[1.02951749],[2.8066984]
[3.53254514],[1.01081181],[2.74923403]
[3.1376714],[1.00522722],[2.50618262]
[3.39064896],[1.30181159],[3.17339988]
[1.09520065],[0.75822147],[0.42903966]
[1.27189125],[0.45786813],[0.29163681]
[2.29724064],[0.73335057],[1.1987559]
[2.43752958],[0.92087973],[1.65629532]
[2.53666564],[1.01260558],[2.31401729]
[2.56824835],[1.21491663],[2.62297468]
[3.02542219],[1.36274114],[3.19315342]
[3.28487834],[1.41613093],[3.52434985]
[3.50525786],[1.43253692],[3.89004835]
[3.5981209],[1.43583695],[4.03684337]
[3.71846007],[1.43319707],[4.08937705]
[3.74551935],[1.42229313],[4.06242626]
[3.8837618],[1.4247666],[4.09153264]
[3.87784438],[1.42320956],[3.99417556]
[4.02242187],[1.42241659],[4.06234559]
[4.00246836],[1.42017318],[3.9919316]
[4.14605992],[1.41705848],[4.05111391]
[4.10857532],[1.41561344],[4.02577146]
[4.22684348],[1.41641408],[4.1304245]
[4.16169497],[1.4148924],[4.0802256]
[4.2350374],[1.41141024],[4.15509524]
[4.16061933],[1.40528641],[4.09220847]
[4.23753088],[1.40251291],[4.17270165]
[4.15875562],[1.39795535],[4.09763487]
[4.2287478],[1.39051514],[4.16359781]
[4.15518021],[1.38311206],[4.0821367]
[4.23071161],[1.37942363],[4.15543085]
[4.14653466],[1.36801882],[4.05749536]
[4.22218292],[1.35966348],[4.12176912]
[4.14942071],[1.36010195],[4.04665558]
[4.21905473],[1.35752741],[4.10010653]
[4.18952838],[1.3574414],[4.06545501]
[4.22093703],[1.34912646],[4.0687768]
[4.19013542],[1.34368221],[4.02294642]
[4.207717],[1.33638597],[4.00096217]
[4.17419562],[1.33071426],[3.9460935]
[4.15924351],[1.32558901],[3.91227845]
[4.14220479],[1.31678844],[3.86496243]
[4.13155253],[1.30840041],[3.82274684]
[4.1202352],[1.30061687],[3.77802186]
[4.10384668],[1.28999391],[3.72768741]
[4.07991721],[1.27361979],[3.66553647]
[4.06877758],[1.25878626],[3.60583491]
[4.04980964],[1.2423088],[3.54237736]
[4.02058223],[1.21984397],[3.46837532]
[4.00136938],[1.19929618],[3.4051515]
[3.98857508],[1.17952855],[3.34150375]
[3.96668632],[1.15859019],[3.27735557]
[3.92212974],[1.13776353],[3.20073103]
[3.87675995],[1.12122179],[3.1341583]
[3.82804588],[1.10558376],[3.07207034]
[3.77281262],[1.0871123],[3.00587685]
[3.72929493],[1.07018001],[2.94782897]
[3.34793816],[1.05411049],[2.72246304]
[3.47891344],[1.39359363],[3.45700637]
[1.25417562],[0.86431714],[0.62218159]
[1.13586224],[0.47091085],[0.25829538]
[2.28958976],[0.73746266],[1.21559843]
[2.44117541],[0.9445027],[1.69764627]
[2.54642993],[1.08590367],[2.42425074]
[2.6319521],[1.25882533],[2.75805224]
[3.12764799],[1.39395251],[3.31861646]
[3.36530246],[1.44386791],[3.63541122]
[3.60775056],[1.45818388],[4.02859733]
[3.69439224],[1.46372344],[4.15754853]
[3.81541049],[1.458392],[4.22610931]
[3.82553303],[1.44465703],[4.17552356]
[3.96357879],[1.43993337],[4.18942074]
[3.94475192],[1.43187544],[4.03257721]
[4.09589386],[1.42533401],[4.08391798]
[4.07265314],[1.41748783],[4.077022]
[4.21059243],[1.41218093],[4.17885942]
[4.18641121],[1.40733005],[4.15231393]
[4.29942752],[1.40458345],[4.25206879]
[4.24332068],[1.39998291],[4.19971972]
[4.30747172],[1.39374907],[4.2683642]
[4.24578034],[1.39045498],[4.20637379]
[4.31504055],[1.37601415],[4.27776912]
[4.24989303],[1.39785393],[4.21572938]
[4.31111296],[1.37876922],[4.27382306]
[4.25143429],[1.40229115],[4.21263963]
[4.31918189],[1.37973634],[4.26815827]
[4.25142674],[1.40639098],[4.20425702]
[4.31760998],[1.38337409],[4.25965404]
[4.26146448],[1.41036341],[4.21479929]
[4.32146357],[1.3853432],[4.25697036]
[4.31006766],[1.3900547],[4.30807112]
[4.32950166],[1.37967827],[4.24467871]
[4.31996619],[1.36890951],[4.27767736]
[4.32495288],[1.35769339],[4.18869549]
[4.31016625],[1.35046711],[4.13957209]
[4.2880682],[1.34536052],[4.10866461]
[4.27117538],[1.33709005],[4.06341942]
[4.26008751],[1.32899905],[4.02072758]
[4.25232667],[1.32155208],[3.97660995]
[4.23936362],[1.31143445],[3.92426978]
[4.21632403],[1.29763171],[3.85823499]
[4.20576243],[1.28512064],[3.79953683]
[4.19064839],[1.27178676],[3.73194766]
[4.16656272],[1.25236689],[3.65224104]
[4.14998133],[1.2355479],[3.58553362]
[4.139156],[1.21630488],[3.51870735]
[4.12358144],[1.19663175],[3.44873733]
[4.09441652],[1.17820158],[3.36036508]
[4.05192047],[1.16119773],[3.29231218]
[4.00190974],[1.14538322],[3.22894126]
[3.94334264],[1.12663943],[3.15856]
[3.89585723],[1.10972962],[3.09687094]
[3.52252832],[1.09377618],[2.87471038]
[3.61640872],[1.44753912],[3.67510652]
[1.43807405],[0.83844778],[0.69375114]
[1.17718349],[0.47277836],[0.27296452]
[2.30090194],[0.769773],[1.28640572]
[2.45357397],[0.96795323],[1.76188372]
[2.5512402],[1.16325016],[2.61777859]
[2.67779648],[1.30725048],[2.94150116]
[3.17063789],[1.42348902],[3.46286087]
[3.40823122],[1.46702992],[3.8275965]
[3.65816096],[1.48186092],[4.13697715]
[3.73859421],[1.48641841],[4.27988105]
[3.86450115],[1.47996677],[4.3970625]
[3.86858474],[1.46426101],[4.36620317]
[4.01200578],[1.45744018],[4.38763511]
[3.98759543],[1.44929151],[4.23247837]
[4.13503218],[1.44400146],[4.24154246]
[4.11449513],[1.43691108],[4.20653887]
[4.24877591],[1.43187466],[4.31421272]
[4.22829982],[1.42744704],[4.28204743]
[4.33393462],[1.42559236],[4.38396494]
[4.28216037],[1.43040208],[4.33489344]
[4.34295621],[1.41663331],[4.41310084]
[4.28544273],[1.43425186],[4.36021048]
[4.35284404],[1.4139643],[4.44608876]
[4.29251866],[1.44151429],[4.38969341]
[4.3507],[1.41975565],[4.45356496]
[4.29554669],[1.44582151],[4.39835572]
[4.36036382],[1.42342231],[4.46071735]
[4.29608998],[1.44987179],[4.39054488]
[4.3581894],[1.42750743],[4.46157574]
[4.30523806],[1.4538392],[4.41871925]
[4.36130752],[1.42994617],[4.45451163]
[4.35399585],[1.43666805],[4.51276391]
[4.36862735],[1.42709748],[4.4593024]
[4.35948334],[1.41709347],[4.48276325]
[4.36123813],[1.40673097],[4.40286964]
[4.34749576],[1.39507961],[4.34635295]
[4.32528833],[1.38376378],[4.30821127]
[4.30909942],[1.36485735],[4.24172105]
[4.29828871],[1.35660905],[4.20626865]
[4.2904089],[1.34837381],[4.14780151]
[4.27810905],[1.33789003],[4.08692619]
[4.25475768],[1.32397216],[4.0104544]
[4.24314494],[1.31134372],[3.94817711]
[4.22837021],[1.29873766],[3.87919127]
[4.20485021],[1.27877015],[3.79727443]
[4.18910736],[1.26114975],[3.72727236]
[4.17820742],[1.24701857],[3.66037204]
[4.16404755],[1.23338089],[3.59411624]
[4.14268648],[1.21697939],[3.51367774]
[4.11727921],[1.20093429],[3.43181358]
[4.07614463],[1.1858375],[3.36279175]
[4.01910843],[1.16795041],[3.29148123]
[3.97204103],[1.15181565],[3.23021677]
[3.59873656],[1.13646377],[3.00609631]
[3.72435215],[1.48924844],[3.96561348]
[1.6445381],[0.88936409],[0.83846111]
[1.1949793],[0.48960106],[0.32320656]
[2.30607872],[0.79291712],[1.33999885]
[2.4619786],[0.98111886],[2.13562619]
[2.55508898],[1.18535435],[2.70720555]
[2.72017615],[1.31818296],[3.05327469]
[3.20317412],[1.43100234],[3.546069]
[3.44824113],[1.47793804],[3.8892265]
[3.70971907],[1.49230782],[4.21172692]
[3.78258821],[1.4975552],[4.36024622]
[3.91283629],[1.489534],[4.47289001]
[3.91060669],[1.47297867],[4.4050876]
[4.06085561],[1.46409207],[4.40365416]
[4.03774629],[1.4550001],[4.20779312]
[4.1746666],[1.44879005],[4.30832924]
[4.15881111],[1.44182887],[4.28784118]
[4.28892893],[1.43691576],[4.39337388]
[4.27398335],[1.45236983],[4.36382572]
[4.37129016],[1.43399221],[4.46901681]
[4.32519595],[1.46163487],[4.4264326]
[4.38041268],[1.44003443],[4.51763072]
[4.32749174],[1.46548493],[4.49292861]
[4.38987712],[1.44508593],[4.58028444]
[4.33445094],[1.47278671],[4.52872296]
[4.38732883],[1.45084669],[4.5848083]
[4.33655504],[1.47705485],[4.54509363]
[4.39659395],[1.45459036],[4.60471634]
[4.33638654],[1.47905487],[4.54580125]
[4.39352955],[1.45927756],[4.60516892]
[4.34254407],[1.47790261],[4.55953221]
[4.41279855],[1.46123255],[4.61429405]
[4.39082459],[1.46487459],[4.64396934]
[4.44244198],[1.45933376],[4.6335476]
[4.42673891],[1.4505383],[4.64120463]
[4.45206223],[1.44159297],[4.59379122]
[4.44198073],[1.43063418],[4.53971126]
[4.41647118],[1.41831313],[4.49935707]
[4.38755377],[1.40040139],[4.42847761]
[4.34522609],[1.37998564],[4.36965633]
[4.32538319],[1.37222207],[4.29937594]
[4.31360888],[1.36137021],[4.2229643]
[4.2904233],[1.34760286],[4.13623086]
[4.27873102],[1.33404553],[4.07098071]
[4.26423104],[1.32046832],[3.99630535]
[4.24038801],[1.30049379],[3.90904509]
[4.22385484],[1.28227248],[3.83632355]
[4.2131889],[1.26719147],[3.76566466]
[4.19827124],[1.25292448],[3.69382089]
[4.17389862],[1.23712618],[3.61458637]
[4.1503527],[1.22317904],[3.53895089]
[4.11645216],[1.20850436],[3.45711612]
[4.07216996],[1.19007189],[3.37705079]
[4.02698562],[1.1742273],[3.31488881]
[3.65352303],[1.15880168],[3.08759365]
[3.86793283],[1.53342853],[4.18475409]
[1.89901746],[0.97465055],[1.00554067]
[1.2116632],[0.49028589],[0.41017236]
[2.30560248],[0.81321143],[1.37007471]
[2.46815089],[0.9937572],[2.16913947]
[2.55934404],[1.19871705],[2.74092252]
[2.76103189],[1.32031121],[3.10367135]
[3.23124069],[1.43509908],[3.59391795]
[3.48877997],[1.48202968],[3.90653004]
[3.76301943],[1.49477398],[4.2749834]
[3.82493756],[1.49882869],[4.42327038]
[3.96050009],[1.48788027],[4.52012042]
[3.95495722],[1.47172882],[4.42604931]
[4.1057525],[1.46062997],[4.40065635]
[4.07685515],[1.45128643],[4.27214913]
[4.2156441],[1.44444249],[4.38014704]
[4.20733329],[1.46758633],[4.35961802]
[4.33139674],[1.45217059],[4.46697931]
[4.32034249],[1.47855279],[4.45870233]
[4.40874236],[1.46207405],[4.57799289]
[4.36716322],[1.48716358],[4.559619]
[4.41725499],[1.46681597],[4.64987178]
[4.3688152],[1.49113153],[4.62309393]
[4.42816609],[1.47104851],[4.70148959]
[4.37564133],[1.49764432],[4.66000257]
[4.44220894],[1.47747513],[4.72591498]
[4.37631675],[1.49819682],[4.67593699]
[4.47279167],[1.48140576],[4.76081922]
[4.37506691],[1.49743156],[4.6762028]
[4.48392009],[1.48545095],[4.77109658]
[4.40925127],[1.4972614],[4.70744855]
[4.50161103],[1.48463997],[4.78656558]
[4.49429685],[1.48763299],[4.804172]
[4.52040712],[1.48239265],[4.80353248]
[4.51924969],[1.47725678],[4.79882221]
[4.52717503],[1.47199683],[4.76547426]
[4.52798386],[1.4634917],[4.7163835]
[4.5046744],[1.45107837],[4.67209683]
[4.47917844],[1.43469743],[4.60334309]
[4.44927676],[1.4139185],[4.54491099]
[4.41824172],[1.39292461],[4.46908299]
[4.38179709],[1.37662208],[4.38196345]
[4.32645259],[1.36389414],[4.27505002]
[4.31459456],[1.35101062],[4.19771742]
[4.30050898],[1.33802857],[4.11421268]
[4.27682549],[1.31955422],[4.02674115]
[4.25989969],[1.30257135],[3.95443854]
[4.24778076],[1.28653873],[3.86778714]
[4.23327607],[1.27082633],[3.79293799]
[4.20990516],[1.25481936],[3.71070796]
[4.18899959],[1.24114051],[3.63468738]
[4.15242129],[1.22816893],[3.55649792]
[4.10691471],[1.2125022],[3.46728275]
[4.07008826],[1.1966277],[3.39406455]
[3.70494976],[1.18036687],[3.16616794]
[3.84922514],[1.56615166],[4.42398607]
[2.01210496],[1.0529604],[1.13713201]
[0.94871635],[0.48895286],[0.37624221]
[2.27768225],[0.80824693],[1.33662484]
[2.45723844],[1.00492382],[2.15694686]
[2.56376046],[1.20887856],[2.7785514]
[2.80601188],[1.32348441],[3.16724043]
[3.25400333],[1.43780009],[3.65261361]
[3.53067435],[1.48764749],[3.95605895]
[3.82045905],[1.50068217],[4.35613118]
[3.8853599],[1.50578736],[4.51534164]
[4.03317684],[1.494033],[4.6019768]
[4.02984597],[1.47720608],[4.49459393]
[4.16803588],[1.46585905],[4.44689878]
[4.14453541],[1.48427923],[4.39005593]
[4.27936748],[1.47384644],[4.50357269]
[4.27816662],[1.50069847],[4.48200441]
[4.39393477],[1.48413403],[4.62248858]
[4.39063289],[1.50969359],[4.63222501]
[4.50356042],[1.49311282],[4.76297312]
[4.43149449],[1.51648339],[4.72009399]
[4.52258024],[1.49727517],[4.83109945]
[4.45467187],[1.51686945],[4.79103027]
[4.54543541],[1.50162381],[4.89071266]
[4.48139701],[1.51776209],[4.83393076]
[4.55246967],[1.50639574],[4.91174178]
[4.49914623],[1.5175487],[4.86194439]
[4.57193126],[1.50533917],[4.94060394]
[4.51104322],[1.51610162],[4.87457074]
[4.5768428],[1.50435653],[4.94892021]
[4.53035745],[1.51864999],[4.907936]
[4.58698393],[1.50614801],[4.96683779]
[4.59157148],[1.51023432],[4.98048149]
[4.59858229],[1.50498184],[4.98166939]
[4.60775186],[1.50011486],[4.97291888]
[4.60313338],[1.49480573],[4.94519464]
[4.61192958],[1.48875854],[4.90379853]
[4.5924047],[1.48089916],[4.8627099]
[4.57272765],[1.46768714],[4.80130217]
[4.5528295],[1.44800842],[4.73861423]
[4.53128921],[1.42818353],[4.66903538]
[4.50781368],[1.40785063],[4.59429461]
[4.4702225],[1.38549474],[4.50151507]
[4.44217849],[1.37155166],[4.41842896]
[4.40883259],[1.35839003],[4.32776013]
[4.35657546],[1.34148914],[4.20563917]
[4.31808282],[1.32541863],[4.11296086]
[4.30475564],[1.31022638],[4.0212293]
[4.28980963],[1.29497424],[3.92778496]
[4.26647016],[1.27826428],[3.84579551]
[4.25156404],[1.26438962],[3.76911927]
[4.21901367],[1.25195154],[3.68665255]
[4.1719125],[1.23665792],[3.59544712]
[4.13342601],[1.22341198],[3.51587019]
[3.77011245],[1.21079296],[3.27076957]
[3.81962947],[1.58426627],[4.48982763]
[1.98231095],[1.08293888],[1.1666068]
[0.98278894],[0.48500825],[0.37157423]
[2.28668953],[0.82930785],[1.36737326]
[2.46187683],[1.01538708],[2.21889051]
[2.62086159],[1.22996755],[2.86789008]
[2.88448808],[1.33934516],[3.28317326]
[3.270892],[1.45025781],[3.74690706]
[3.56879253],[1.50073675],[4.06210308]
[3.86476108],[1.51345643],[4.45960685]
[3.94424963],[1.51985265],[4.6367721]
[4.08188901],[1.50693231],[4.72474026]
[4.07171203],[1.49781359],[4.61252173]
[4.21252411],[1.48996158],[4.58917863]
[4.19406284],[1.52318956],[4.54068797]
[4.32184455],[1.51295961],[4.6836821]
[4.32539754],[1.53765735],[4.696043]
[4.48855792],[1.52211045],[4.85238991]
[4.47745287],[1.54136686],[4.84052475]
[4.57868605],[1.53078925],[4.96747401]
[4.5332066],[1.54295557],[4.92874372]
[4.59109641],[1.53364807],[5.02436149]
[4.54651825],[1.54068824],[4.98930939]
[4.60765521],[1.53163501],[5.07399714]
[4.56444859],[1.53940205],[5.02443974]
[4.61101831],[1.53071992],[5.0871528]
[4.57396037],[1.53758698],[5.04429532]
[4.62510834],[1.52906401],[5.11123082]
[4.58068512],[1.53695157],[5.05679563]
[4.62745015],[1.52902986],[5.12128854]
[4.5936564],[1.53965841],[5.08692796]
[4.63339418],[1.5300848],[5.13849803]
[4.64272713],[1.53378551],[5.15004765]
[4.64177742],[1.52882498],[5.16869817]
[4.65538517],[1.52371708],[5.15071536]
[4.6456991],[1.51844139],[5.14158453]
[4.65797269],[1.51224915],[5.09690158]
[4.63973302],[1.50437686],[5.04999159]
[4.62272369],[1.49587495],[4.98627498]
[4.60772578],[1.48448362],[4.92978428]
[4.59078706],[1.46681012],[4.86006108]
[4.57311023],[1.44836326],[4.78514528]
[4.54380676],[1.42832956],[4.70025203]
[4.52184711],[1.41014325],[4.62931371]
[4.49670077],[1.39337368],[4.55426177]
[4.45713495],[1.36868986],[4.45037743]
[4.42284558],[1.35178516],[4.36520827]
[4.39060577],[1.33647351],[4.2604268]
[4.35146606],[1.32061259],[4.12161087]
[4.30147721],[1.30400012],[3.99882566]
[4.2888236],[1.29022608],[3.92404095]
[4.25847292],[1.27821407],[3.84159942]
[4.21162921],[1.26396448],[3.74948198]
[4.17345729],[1.2515167],[3.66667978]
[3.80961956],[1.24003138],[3.42180134]
[3.74501973],[1.59083003],[4.60037215]
[1.84579886],[1.12389125],[1.24016075]
[0.97828317],[0.48594177],[0.33811643]
[2.29468697],[0.85265638],[1.40248078]
[2.46658835],[1.0264796],[2.24230557]
[2.67825103],[1.23642613],[2.92763146]
[2.96311729],[1.33956467],[3.36472921]
[3.28594808],[1.45521007],[3.78782397]
[3.59968614],[1.50775048],[4.08122005]
[3.93207755],[1.5207579],[4.53976802]
[4.00099888],[1.52474549],[4.72259535]
[4.12724927],[1.50935198],[4.76659709]
[4.11425312],[1.52683732],[4.61942941]
[4.25608912],[1.51710257],[4.72179506]
[4.2425209],[1.54655456],[4.7003092]
[4.37643709],[1.53850572],[4.83848391]
[4.39757481],[1.55460886],[4.84796851]
[4.56606962],[1.54762964],[5.01089585]
[4.56354236],[1.5574486],[4.99996642]
[4.62648529],[1.55234749],[5.10941601]
[4.59356312],[1.5580611],[5.08399203]
[4.63209891],[1.55063847],[5.16973543]
[4.59991471],[1.55600058],[5.14952167]
[4.64367657],[1.54891158],[5.2415414]
[4.61195264],[1.55444253],[5.18675748]
[4.64414602],[1.5488435],[5.2658532]
[4.61548353],[1.55557441],[5.21769791]
[4.65428549],[1.55275041],[5.31878209]
[4.61876122],[1.56179424],[5.26466963]
[4.65354176],[1.56044822],[5.38618774]
[4.62751975],[1.56877932],[5.35821746]
[4.65819784],[1.56851995],[5.49702603]
[4.67441071],[1.57114001],[5.53193367]
[4.67457946],[1.56486849],[5.5898586]
[4.69716505],[1.55645655],[5.58062192]
[4.68906832],[1.54763539],[5.56743601]
[4.72117242],[1.5365932],[5.51286264]
[4.70224249],[1.52511547],[5.41237548]
[4.68165537],[1.51531534],[5.29871282]
[4.65603818],[1.5036931],[5.17009772]
[4.6314613],[1.4925924],[5.04207528]
[4.61658808],[1.47703841],[4.93761416]
[4.596463],[1.46118737],[4.85240913]
[4.58205559],[1.44405044],[4.78155167]
[4.56366991],[1.42816998],[4.71173868]
[4.53247299],[1.40478463],[4.61673642]
[4.50624661],[1.37865979],[4.53946293]
[4.48145408],[1.3586916],[4.45180813]
[4.45303785],[1.34339511],[4.33518164]
[4.4098668],[1.3262702],[4.19089355]
[4.3818162],[1.31201268],[4.08488415]
[4.30302719],[1.29924675],[3.96676022]
[4.25974487],[1.28530004],[3.87820647]
[4.22357097],[1.27346465],[3.79892872]
[3.86080476],[1.26191976],[3.55304398]
[3.70921027],[1.6221195],[4.65280339]
[1.72719275],[1.15387511],[1.29782776]
[0.74065568],[0.47611396],[0.25458669]
[2.27580032],[0.85720937],[1.38571755]
[2.4577313],[1.0364726],[2.24018291]
[2.70406874],[1.2453082],[2.97950791]
[3.01206116],[1.35659961],[3.43809706]
[3.29856505],[1.46199089],[3.8390423]
[3.67133349],[1.5166843],[4.1430646]
[3.99336576],[1.52954674],[4.62674864]
[4.05636562],[1.54195848],[4.81039623]
[4.19070376],[1.52933063],[4.86035704]
[4.18655522],[1.555708],[4.7818041]
[4.31964596],[1.54497821],[4.90190451]
[4.31333727],[1.56569141],[4.86911658]
[4.50709859],[1.56356192],[5.04155129]
[4.53354392],[1.57318798],[5.04637284]
[4.63794758],[1.56832437],[5.17896972]
[4.62758752],[1.57846223],[5.18906002]
[4.66968041],[1.57435874],[5.303239]
[4.64551039],[1.58389463],[5.296479]
[4.67179011],[1.57831649],[5.44183004]
[4.64813173],[1.58786507],[5.4430476]
[4.68091468],[1.58250694],[5.62270578]
[4.66326808],[1.59158816],[5.58916158]
[4.69161505],[1.58922541],[5.72326433]
[4.67963996],[1.59863486],[5.70461147]
[4.71193999],[1.59782905],[5.8372434]
[4.69653343],[1.60502347],[5.80467696]
[4.7227031],[1.60554489],[5.93252899]
[4.72412446],[1.61304103],[5.93441762]
[4.75710455],[1.61337119],[6.04860732]
[4.82013232],[1.61514533],[6.11235417]
[4.79450054],[1.60903698],[6.14396718]
[4.8932186],[1.60077346],[6.16952334]
[4.8317161],[1.59220118],[6.11489423]
[4.95690914],[1.58216452],[6.09128186]
[4.91650172],[1.57023083],[5.98398877]
[4.89671349],[1.55434454],[5.86902081]
[4.81977789],[1.53652125],[5.72285289]
[4.76567946],[1.52063486],[5.54400748]
[4.71442634],[1.50601864],[5.3607625]
[4.67318682],[1.49648733],[5.17085823]
[4.64594627],[1.47961691],[5.03776691]
[4.62650998],[1.46510472],[4.92084276]
[4.60622905],[1.44533686],[4.82503059]
[4.59284062],[1.42101039],[4.7551709]
[4.57993703],[1.39793152],[4.68138202]
[4.56670105],[1.37390736],[4.58315814]
[4.53942216],[1.35504988],[4.46293055]
[4.51940349],[1.3405196],[4.34976322]
[4.47898638],[1.32713454],[4.21577932]
[4.39361398],[1.31175119],[4.07564826]
[4.30377059],[1.29939242],[3.95750091]
[3.94103936],[1.28794449],[3.71179992]
[3.70239391],[1.63275913],[4.73391657]
[1.697788],[1.18697949],[1.41777303]
[1.08366184],[0.46927794],[0.30766814]
[2.2949584],[0.87694431],[1.42422522]
[2.47062849],[1.04680433],[2.32272153]
[2.75958904],[1.26817389],[3.08633877]
[3.07167455],[1.40721914],[3.55162853]
[3.31384871],[1.49624443],[3.92957868]
[3.73962377],[1.54761151],[4.25616811]
[4.03130894],[1.54879922],[4.73543797]
[4.0895297],[1.57086441],[4.95230021]
[4.23286704],[1.56523617],[5.04180297]
[4.23338849],[1.57851799],[4.96962684]
[4.41868306],[1.57701902],[5.11272493]
[4.42792567],[1.59762769],[5.09661043]
[4.57931821],[1.60295167],[5.26823073]
[4.59119305],[1.61287737],[5.32702327]
[4.66815778],[1.61173877],[5.5324307]
[4.67722177],[1.62095947],[5.61274223]
[4.7129894],[1.62057244],[5.82441859]
[4.70593888],[1.62764707],[5.84030883]
[4.72752839],[1.62690777],[6.00028067]
[4.7199623],[1.63342328],[6.02173606]
[4.75315738],[1.63221845],[6.15836565]
[4.76243634],[1.6375512],[6.16483362]
[4.78507329],[1.63798013],[6.26929625]
[4.79903049],[1.64534681],[6.27966868]
[4.82923833],[1.64581261],[6.37492844]
[4.84258823],[1.65293292],[6.37627101]
[4.87796346],[1.65395501],[6.47328978]
[4.92067517],[1.66175146],[6.50616114]
[4.96344284],[1.66302368],[6.60084788]
[5.07091069],[1.6655336],[6.71654182]
[5.03532625],[1.67198344],[6.73879624]
[5.13236537],[1.68404792],[6.82598824]
[5.0981535],[1.66875419],[6.77260289]
[5.17355168],[1.6503525],[6.82498703]
[5.16189592],[1.6304384],[6.74856162]
[5.15328346],[1.6109433],[6.62186026]
[5.11578186],[1.59668798],[6.48619144]
[5.04753291],[1.58219783],[6.28624248]
[4.97416799],[1.56902016],[6.08658617]
[4.86170316],[1.55581523],[5.87708168]
[4.80789258],[1.53933888],[5.71032245]
[4.76837583],[1.52385486],[5.55067456]
[4.71546217],[1.5048446],[5.36443298]
[4.68638582],[1.47790149],[5.19516591]
[4.66266093],[1.45378684],[5.04623256]
[4.63868728],[1.42968118],[4.90185784]
[4.60372199],[1.40707674],[4.74076225]
[4.5826768],[1.38144657],[4.61840174]
[4.56067892],[1.35709699],[4.49871371]
[4.51062488],[1.34129205],[4.34288057]
[4.44282972],[1.32810087],[4.19883343]
[4.02949105],[1.31699605],[3.91204241]
[3.69966708],[1.66008687],[4.96402159]
[1.69670079],[1.26059556],[1.68791839]
[1.36179919],[0.70671528],[0.41770053]
[2.31953466],[0.89725202],[1.47998042]
[2.48827272],[1.06004452],[2.37212122]
[2.8162374],[1.27683721],[3.16572957]
[3.11702533],[1.44294364],[3.61741767]
[3.41964562],[1.52733374],[3.9894286]
[3.79824862],[1.57080161],[4.32756751]
[4.06268302],[1.57612825],[4.83573426]
[4.13836138],[1.59182375],[5.0504958]
[4.28771848],[1.59553925],[5.15346813]
[4.30793291],[1.61474206],[5.16475555]
[4.51297609],[1.62040365],[5.3666659]
[4.53592593],[1.63604722],[5.43643867]
[4.64856433],[1.64449162],[5.70017735]
[4.67814566],[1.65119968],[5.82122763]
[4.73844607],[1.65388668],[6.10866565]
[4.78058335],[1.66096854],[6.20310165]
[4.81389261],[1.66305985],[6.3727203]
[4.83904102],[1.66863368],[6.41163126]
[4.85261234],[1.66980092],[6.5368207]
[4.89842157],[1.67575577],[6.57557883]
[4.95346726],[1.67664752],[6.70568493]
[4.98825532],[1.68535539],[6.75037496]
[5.01705893],[1.70659109],[6.85713729]
[5.04530695],[1.72622881],[6.90364844]
[5.09227329],[1.73541858],[7.03431444]
[5.10690495],[1.75277926],[7.07209536]
[5.14274137],[1.76797628],[7.22813366]
[5.16016819],[1.78285452],[7.3154137]
[5.19984266],[1.79148114],[7.47078867]
[5.26405519],[1.80678432],[7.63365533]
[5.28598558],[1.81196435],[7.6728448]
[5.34588293],[1.82172156],[7.78290546]
[5.38644345],[1.80931514],[7.79851643]
[5.42880973],[1.79462346],[7.83000869]
[5.48376385],[1.77881417],[7.81278783]
[5.46824298],[1.76006737],[7.71087392]
[5.4532678],[1.74192766],[7.55159771]
[5.37585235],[1.70499493],[7.29810955]
[5.29042205],[1.67016766],[7.02642999]
[5.19983191],[1.62689591],[6.73096769]
[5.14388397],[1.59675239],[6.49795579]
[5.08719936],[1.58162796],[6.28882402]
[5.0025174],[1.56340284],[6.0576221]
[4.91659101],[1.54124055],[5.85724356]
[4.83249232],[1.51993326],[5.6885845]
[4.79149558],[1.49518279],[5.50972531]
[4.73742686],[1.46757415],[5.25856032]
[4.69936141],[1.43664126],[5.0192419]
[4.67557563],[1.40623878],[4.8501323]
[4.6314104],[1.37537214],[4.68370319]
[4.5845714],[1.35595271],[4.52562348]
[4.17845827],[1.34052724],[4.17597022]
[3.82709823],[1.7140591],[5.22793275]
[1.88822098],[1.31075752],[1.86274942]
[1.50883127],[0.90207571],[0.63719393]
[2.34679095],[0.91716962],[1.53695462]
[2.50669948],[1.07648688],[2.42316057]
[2.87220288],[1.28366094],[3.24629351]
[3.1577245],[1.47122121],[3.67798323]
[3.53260956],[1.55498835],[4.06518669]
[3.85394639],[1.59508699],[4.42075459]
[4.09837619],[1.61009483],[4.97682303]
[4.18682387],[1.62890957],[5.19583727]
[4.42713029],[1.63635176],[5.44984431]
[4.4868575],[1.64982087],[5.54758408]
[4.62985608],[1.65980557],[5.83619288]
[4.65677565],[1.67561989],[5.94415578]
[4.72621338],[1.68488488],[6.25549055]
[4.75745834],[1.69112543],[6.39482077]
[4.86368537],[1.69421178],[6.64483844]
[5.03910905],[1.70192428],[6.77240076]
[5.10297202],[1.7045029],[6.94253202]
[5.13536817],[1.7300798],[7.03795096]
[5.16626891],[1.75378068],[7.1934582]
[5.18251969],[1.77856068],[7.31154058]
[5.22459913],[1.79864931],[7.53440546]
[5.23727195],[1.82190471],[7.63636269]
[5.27680278],[1.8427596],[7.79487635]
[5.28758583],[1.85711564],[7.87806345]
[5.37574799],[1.86407352],[8.09031934]
[5.37781383],[1.87794469],[8.13624352]
[5.47083354],[1.88727772],[8.35600896]
[5.46553358],[1.89639966],[8.41051746]
[5.56954987],[1.90333816],[8.672919]
[5.59308507],[1.9158311],[8.79529353]
[5.71189143],[1.92071861],[8.99638572]
[5.73684612],[1.92787716],[9.05191114]
[5.8384529],[1.91824154],[9.15898814]
[5.88685876],[1.90460831],[9.15997338]
[5.96578783],[1.89011143],[9.16938808]
[5.99527569],[1.8729169],[9.07839952]
[5.96030587],[1.85437014],[8.91102981]
[5.89917194],[1.82795261],[8.63154216]
[5.74545972],[1.79560979],[8.263719]
[5.57880216],[1.75735531],[7.87177016]
[5.47723559],[1.72427475],[7.56109492]
[5.39318727],[1.68808761],[7.25425504]
[5.30822988],[1.64472723],[6.92673001]
[5.23291535],[1.59470706],[6.61233561]
[5.179123],[1.57452564],[6.37100861]
[5.12411967],[1.55386199],[6.16103735]
[5.0436639],[1.53209961],[5.9157041]
[4.96409846],[1.50632589],[5.67299287]
[4.88229905],[1.47893813],[5.43262523]
[4.798116],[1.44984574],[5.14884796]
[4.72062113],[1.41652217],[4.93795772]
[4.35344441],[1.39009433],[4.61476273]
[4.03129766],[1.8194657],[5.62248417]
[2.10991839],[1.35995653],[2.15708857]
[1.5034624],[0.98322486],[0.73752645]
[2.3486268],[0.92053337],[1.54749151]
[2.51684275],[1.10363655],[2.4561048]
[2.90313191],[1.32996403],[3.31905114]
[3.19604736],[1.50626614],[3.77700447]
[3.60031933],[1.5955303],[4.20668313]
[3.89833024],[1.63267569],[4.6579328]
[4.17420957],[1.64850982],[5.21650909]
[4.35951447],[1.6641978],[5.56674732]
[4.58523961],[1.67266274],[5.94190787]
[4.63786529],[1.69108852],[6.10563425]
[4.71987548],[1.70353821],[6.42079641]
[4.7481407],[1.72051562],[6.57670006]
[4.82689047],[1.72828397],[6.83802512]
[5.00652236],[1.74143943],[7.03098836]
[5.16721588],[1.7805516],[7.3280106]
[5.26582758],[1.82222158],[7.56556693]
[5.35886792],[1.84199394],[7.8416059]
[5.36975577],[1.86399784],[7.99942787]
[5.45923791],[1.88375659],[8.22887005]
[5.45704726],[1.90448126],[8.36782582]
[5.5572101],[1.92151845],[8.69544451]
[5.55247577],[1.9410572],[8.81834536]
[5.69014162],[1.95688467],[9.14354373]
[5.66771145],[1.96558709],[9.20477041]
[5.8274357],[1.97168722],[9.51641805]
[5.82319969],[1.98124976],[9.55319806]
[5.95862078],[1.98985941],[9.81416226]
[5.98206322],[1.99823642],[9.89401266]
[6.09031119],[2.00458234],[10.15263104]
[6.17475487],[2.01595669],[10.33311619]
[6.22527872],[2.02053772],[10.47329244]
[6.33779608],[2.02715485],[10.62347383]
[6.35917238],[2.01998923],[10.65856577]
[6.49553971],[2.00741895],[10.80314567]
[6.52914963],[1.99445971],[10.79648265]
[6.60548697],[1.97728385],[10.77955347]
[6.59135355],[1.95794779],[10.62953879]
[6.56990158],[1.93442627],[10.40617147]
[6.50422078],[1.90851414],[10.02569491]
[6.32163487],[1.87932554],[9.52615957]
[6.14625587],[1.84665308],[9.07629595]
[5.98336304],[1.81156698],[8.64497698]
[5.8341773],[1.77701778],[8.22475445]
[5.7048786],[1.72682234],[7.82470061]
[5.57446806],[1.6710176],[7.44564882]
[5.48816896],[1.6080093],[7.08825963]
[5.39434298],[1.58731601],[6.74828511]
[5.31121314],[1.56458494],[6.43451104]
[5.24321394],[1.54311177],[6.16422675]
[5.17709442],[1.5209148],[5.88479693]
[5.08020357],[1.49176772],[5.63642721]
[4.6112609],[1.4608699],[5.18264588]
[4.18483197],[1.90063248],[5.96377805]
[2.24297552],[1.39056262],[2.36290432]
[1.51315706],[1.02423984],[0.90039461]
[2.36272967],[0.93327341],[1.57903726]
[2.52740775],[1.17182889],[2.55531011]
[2.92976103],[1.38758239],[3.43879381]
[3.23823145],[1.54788426],[3.92264959]
[3.6667798],[1.63599195],[4.44452029]
[3.94652942],[1.67193358],[4.92915279]
[4.29220908],[1.68574395],[5.49429065]
[4.48309067],[1.70494617],[5.97031636]
[4.65412714],[1.71902056],[6.51770391]
[4.69500782],[1.73831293],[6.71689394]
[4.76371158],[1.75158964],[6.97477009]
[4.83486502],[1.768347],[7.15680143]
[5.01066791],[1.81368066],[7.48385174]
[5.1691389],[1.86150332],[7.81931503]
[5.30400895],[1.90115204],[8.1858936]
[5.40493822],[1.93582791],[8.47225634]
[5.5825712],[1.95294331],[8.86171449]
[5.57163984],[1.97135723],[9.05125444]
[5.73118479],[1.9878589],[9.45386686]
[5.7318894],[2.00526648],[9.6110292]
[5.89821189],[2.01870175],[9.99331926]
[5.9940823],[2.03441019],[10.16857884]
[6.12824769],[2.04652204],[10.48266238]
[6.19374754],[2.05578873],[10.63544241]
[6.29540367],[2.06251762],[10.90844004]
[6.37229408],[2.06947855],[11.07491118]
[6.46689364],[2.07633671],[11.3094262]
[6.52025939],[2.08326905],[11.47417915]
[6.59024813],[2.08895697],[11.67712691]
[6.65486187],[2.09940095],[11.90811188]
[6.72669531],[2.10383209],[12.05215249]
[6.76777078],[2.10983202],[12.19238328]
[6.85081772],[2.10283958],[12.28232308]
[6.86942765],[2.09149602],[12.35455865]
[7.02004263],[2.080036],[12.43322297]
[7.04363375],[2.06407496],[12.38146433]
[7.16264192],[2.04441481],[12.37256981]
[7.19952106],[2.02436506],[12.18262684]
[7.10551458],[2.00049928],[11.85928148]
[6.84410911],[1.97458612],[11.3348582]
[6.65860501],[1.94993471],[10.82407439]
[6.48561836],[1.9187729],[10.32409312]
[6.30741014],[1.88202538],[9.79159981]
[6.14681317],[1.8377799],[9.31571068]
[6.01792872],[1.79113347],[8.8275133]
[5.87992124],[1.74034054],[8.32784088]
[5.72490423],[1.67559549],[7.84668094]
[5.58208538],[1.62139488],[7.43638078]
[5.49917066],[1.60139357],[7.06037817]
[5.40889842],[1.58083174],[6.6470193]
[5.30390588],[1.55684519],[6.31086731]
[4.83824449],[1.5330221],[5.83860156]
[4.29073071],[1.95288594],[6.24652955]
[2.47148585],[1.42384997],[2.61828208]
[1.5219838],[1.07055877],[1.1146948]
[2.38214657],[0.95191149],[1.6359785]
[2.54093017],[1.22090521],[2.62848277]
[2.9768132],[1.42243423],[3.52533035]
[3.31094227],[1.57945375],[4.04060545]
[3.73958545],[1.66852508],[4.64634044]
[3.9942606],[1.70089965],[5.15483984]
[4.39658715],[1.71959334],[5.81218736]
[4.58815726],[1.7392906],[6.43067954]
[4.71666031],[1.75331435],[6.93348216]
[4.7581707],[1.77527692],[7.15025163]
[4.84043028],[1.82106349],[7.43088868]
[5.03004097],[1.87517484],[7.76943526]
[5.18160252],[1.92034327],[8.17700276]
[5.29855371],[1.96489191],[8.51600755]
[5.45791273],[1.99762124],[8.92496232]
[5.5964528],[2.02590526],[9.28272799]
[5.87447287],[2.04081847],[9.87601537]
[5.90432147],[2.05795896],[10.16451881]
[6.02897716],[2.07194225],[10.54969584]
[6.07408652],[2.08695782],[10.78530513]
[6.22472551],[2.09948306],[11.13498514]
[6.41960894],[2.11400373],[11.46122347]
[6.56085585],[2.12435597],[11.79743615]
[6.59960148],[2.13337312],[12.04568432]
[6.68879374],[2.14059596],[12.32143779]
[6.6967236],[2.14682374],[12.53029542]
[6.84506137],[2.15365681],[12.82110426]
[6.8474415],[2.16049217],[12.95700836]
[7.0081312],[2.16557549],[13.23682962]
[7.04579627],[2.17629733],[13.41821007]
[7.20954768],[2.17821032],[13.66794853]
[7.24066029],[2.18535599],[13.77120943]
[7.32720531],[2.17654663],[13.93800027]
[7.35633161],[2.16620229],[13.96123342]
[7.41716798],[2.15576424],[14.03948384]
[7.49830933],[2.1408706],[14.01058134]
[7.53963914],[2.12233763],[13.94324404]
[7.65041246],[2.10318539],[13.83310662]
[7.62591698],[2.08151478],[13.55065913]
[7.45002228],[2.0587555],[13.08467649]
[7.22415214],[2.03704131],[12.49290154]
[7.0205678],[2.01217406],[11.88163868]
[6.77288901],[1.9817131],[11.28017743]
[6.5899178],[1.94175838],[10.74491011]
[6.43589595],[1.89689567],[10.20957462]
[6.30469786],[1.85160848],[9.65290311]
[6.16029216],[1.80030109],[8.98278707]
[6.01783489],[1.74764822],[8.46513742]
[5.85319528],[1.68721117],[7.97984313]
[5.68455936],[1.62142941],[7.36341353]
[5.55543184],[1.59746608],[6.91341515]
[5.02907357],[1.57255964],[6.3344785]
[4.39265487],[2.01267092],[6.48878935]
[2.5611562],[1.46052885],[2.79525735]
[1.54067837],[1.0949983],[1.33126635]
[2.42184873],[0.97575422],[1.72094608]
[2.67217227],[1.26774677],[2.75665028]
[3.06866423],[1.45731546],[3.63608103]
[3.44047441],[1.60965819],[4.18736593]
[3.82405017],[1.69811312],[4.85882473]
[4.06843724],[1.72986519],[5.40186538]
[4.49415598],[1.74920128],[6.17542472]
[4.67114334],[1.76771715],[6.81715636]
[4.77070141],[1.80167985],[7.28248416]
[4.83913133],[1.86504572],[7.56132961]
[5.01801318],[1.90863309],[7.98200162]
[5.17632197],[1.95772839],[8.37606708]
[5.30094388],[1.99836646],[8.78087452]
[5.39410225],[2.03989676],[9.13564723]
[5.62168277],[2.07046023],[9.60100925]
[5.86035715],[2.09672955],[10.13025008]
[6.08947963],[2.11066417],[10.76738339]
[6.21477929],[2.12644408],[11.23254362]
[6.33060398],[2.13952175],[11.6235436]
[6.49521419],[2.15342542],[12.01545011]
[6.6422944],[2.16496211],[12.35543405]
[6.71775113],[2.1783847],[12.66192179]
[6.92618308],[2.18821618],[13.05657791]
[6.9389998],[2.20337854],[13.31195811]
[7.16488078],[2.21598956],[13.74895288]
[7.12733403],[2.22248047],[13.91579498]
[7.3381365],[2.23834774],[14.38240514]
[7.34024471],[2.2468803],[14.47993839]
[7.47253333],[2.25578206],[14.82340821]
[7.52262179],[2.26880806],[14.99232104]
[7.5770107],[2.27231633],[15.18999059]
[7.67397366],[2.29154884],[15.35778539]
[7.7044497],[2.29814895],[15.45440623]
[7.86958737],[2.28369012],[15.5820569]
[7.91037027],[2.24176596],[15.5567616]
[8.04132073],[2.19582269],[15.65169821]
[8.08318916],[2.17875389],[15.51446177]
[8.15605086],[2.16010715],[15.44674459]
[8.16199775],[2.13948927],[15.15390567]
[8.08206363],[2.117313],[14.73850266]
[7.89125588],[2.09718803],[14.13089974]
[7.59900714],[2.07477272],[13.42238551]
[7.34508198],[2.0462263],[12.71632386]
[7.13947765],[2.01027955],[12.07471135]
[6.92255479],[1.96888777],[11.4349686]
[6.70587514],[1.92512714],[10.86142781]
[6.57930927],[1.87266824],[10.16385659]
[6.46733188],[1.82434072],[9.51747959]
[6.31059673],[1.77042018],[8.9492333]
[6.13677292],[1.70641638],[8.31956644]
[5.97338572],[1.63320712],[7.6180111]
[5.32782519],[1.60131374],[6.88855247]
[4.8027321],[2.0450048],[6.84299286]
[2.67251533],[1.47781882],[3.01295693]
[1.54080221],[1.12432328],[1.47383809]
[2.45199576],[0.98547256],[1.76708184]
[2.75595449],[1.30611206],[2.83963354]
[3.14710681],[1.48583803],[3.73163888]
[3.52513505],[1.63905964],[4.34950468]
[3.87864262],[1.72579473],[5.05483483]
[4.18891556],[1.75841639],[5.65070728]
[4.56629255],[1.77572372],[6.52244391]
[4.74060066],[1.82627577],[7.182405]
[4.84881425],[1.89234578],[7.67762184]
[5.01944152],[1.9577012],[8.12946634]
[5.1790268],[1.99629114],[8.59450972]
[5.29042097],[2.03661651],[8.98524638]
[5.41170477],[2.07382783],[9.37622366]
[5.53531438],[2.11090957],[9.74431242]
[5.86828665],[2.13802833],[10.475222]
[6.06246441],[2.16208088],[11.03346162]
[6.33360406],[2.17473607],[11.71372375]
[6.53389762],[2.19035644],[12.39569111]
[6.70317727],[2.20785253],[12.86431091]
[6.78093352],[2.22780638],[13.19891246]
[7.01359853],[2.24618413],[13.6531745]
[7.08589066],[2.26805351],[13.93176512]
[7.38766385],[2.28580862],[14.49904665]
[7.4338274],[2.31616383],[14.74533007]
[7.5513409],[2.36408914],[15.23001356]
[7.58351608],[2.39906816],[15.46222024]
[7.69455],[2.41761628],[15.88691722]
[7.77096936],[2.42440319],[16.09708028]
[7.8952829],[2.4325494],[16.38688831]
[8.07795092],[2.4476008],[16.71874368]
[8.12056625],[2.45624401],[16.8590873]
[8.20825291],[2.47228139],[17.12404732]
[8.24470861],[2.47814548],[17.19409503]
[8.29765726],[2.46751608],[17.31060913]
[8.33166259],[2.42171869],[17.28400056]
[8.3701085],[2.36729594],[17.24136942]
[8.4926202],[2.31853883],[17.16955084]
[8.55584567],[2.26719203],[16.99382061]
[8.70460723],[2.21132541],[16.8749583]
[8.62651687],[2.17273247],[16.43020081]
[8.44200463],[2.15303501],[15.9089801]
[8.21553996],[2.13244965],[15.20608763]
[8.02939013],[2.10558859],[14.47221968]
[7.76877695],[2.0751472],[13.69563237]
[7.48851198],[2.03797267],[12.94676587]
[7.25926824],[1.9983356],[12.2509527]
[7.07425169],[1.95103906],[11.52720576]
[6.86363224],[1.90389111],[10.77498166]
[6.73627298],[1.85089143],[10.05708352]
[6.59590413],[1.79530696],[9.39385278]
[6.45868903],[1.73413996],[8.69787976]
[5.92271001],[1.66594149],[7.73593489]
[5.19267952],[2.07111283],[7.24967205]
[2.74223354],[1.49166908],[3.17368843]
[1.56415967],[1.14510356],[1.71858701]
[2.49748049],[1.009225],[1.84507417]
[2.87654565],[1.35578947],[3.02300723]
[3.25345416],[1.52277213],[3.89288538]
[3.63012157],[1.67605121],[4.60924692]
[3.99289761],[1.75564193],[5.32304768]
[4.32096151],[1.7889577],[5.97804774]
[4.63429282],[1.81200616],[6.91222294]
[4.81947476],[1.90202954],[7.5479534]
[5.01093506],[1.9754111],[8.21809516]
[5.16503969],[2.03844464],[8.75327076]
[5.29039481],[2.07282752],[9.21986275]
[5.37954992],[2.11086724],[9.59867267]
[5.56168556],[2.14620258],[10.05942218]
[5.74699902],[2.17871954],[10.60101091]
[6.03627973],[2.20671596],[11.3528562]
[6.29676019],[2.24379502],[12.03734178]
[6.60412607],[2.26028774],[12.8609697]
[6.74547229],[2.28244723],[13.50649449]
[7.02983952],[2.30318854],[14.14870383]
[7.10077931],[2.32583223],[14.47891585]
[7.41667833],[2.35557055],[15.09965243]
[7.4998686],[2.39933202],[15.382565]
[7.67407373],[2.43415561],[15.91065208]
[7.8550846],[2.4686182],[16.2928924]
[8.036023],[2.49922443],[16.73909516]
[8.14517681],[2.53095094],[17.13121335]
[8.26128192],[2.54960476],[17.53174082]
[8.31356915],[2.56420276],[17.84539285]
[8.39824027],[2.57810818],[18.12849045]
[8.44697875],[2.59228595],[18.42487048]
[8.53130386],[2.60106097],[18.61956485]
[8.55495961],[2.61630725],[18.80684243]
[8.7467545],[2.62158963],[18.97010162]
[8.81790637],[2.61555157],[19.04625857]
[8.93828545],[2.57969954],[19.20681121]
[8.98468066],[2.53707941],[19.14021067]
[9.04844492],[2.49313679],[19.12073883]
[9.09266434],[2.44321811],[18.89021055]
[9.10985898],[2.37489541],[18.6770276]
[9.10411746],[2.30953322],[18.30326823]
[9.06567656],[2.24812508],[17.81631421]
[8.96148532],[2.1914373],[17.1787725]
[8.70466019],[2.15713721],[16.28192535]
[8.35687375],[2.1290052],[15.47406029]
[8.15662776],[2.09464611],[14.71282635]
[7.9661032],[2.05879331],[13.93068999]
[7.64198564],[2.01663435],[13.01819053]
[7.42104395],[1.97381865],[12.27416062]
[7.23440072],[1.9264044],[11.41434742]
[7.03400873],[1.87124807],[10.56335884]
[6.87033462],[1.81189385],[9.86132114]
[6.36702994],[1.75454508],[8.87193032]
[5.4909166],[2.09865364],[7.74901546]
[2.88921771],[1.51093821],[3.38441549]
[1.58668567],[1.18399935],[2.03300368]
[2.52527093],[1.03803227],[1.93666107]
[2.99969122],[1.39605841],[3.14950855]
[3.35835705],[1.55895325],[4.03564312]
[3.71750101],[1.70982993],[4.82358134]
[4.10731454],[1.78184475],[5.5710505]
[4.43002943],[1.81746165],[6.35725464]
[4.69832903],[1.88468821],[7.26773332]
[4.95985581],[1.97459424],[7.96610452]
[5.15479293],[2.04837293],[8.76446786]
[5.27544464],[2.10756334],[9.33056552]
[5.38126715],[2.13999554],[9.79196121]
[5.49298935],[2.17838176],[10.25063627]
[5.78249039],[2.21543],[10.93740446]
[5.96644619],[2.26296743],[11.55313494]
[6.25057173],[2.30059542],[12.33426026]
[6.56147595],[2.34369478],[13.21293302]
[6.80733682],[2.36307981],[13.98500092]
[6.98800033],[2.38815992],[14.69534827]
[7.38443885],[2.4233151],[15.55017572]
[7.4857065],[2.46243861],[15.95689458]
[7.65715703],[2.49690878],[16.50398399]
[7.81974625],[2.53289084],[16.91817624]
[8.08725642],[2.55882382],[17.44090191]
[8.27151669],[2.59165216],[17.95822143]
[8.40784172],[2.62232076],[18.40863542]
[8.44593201],[2.65428877],[18.78495431]
[8.57069126],[2.6695175],[19.23239988]
[8.57832652],[2.69307816],[19.53461418]
[8.86580766],[2.71935918],[20.03089047]
[8.96060625],[2.73664354],[20.33520322]
[9.08059729],[2.75095049],[20.68319411]
[9.13473637],[2.76663661],[20.84362506]
[9.18273385],[2.77645832],[21.03599819]
[9.22867405],[2.75872191],[21.08965149]
[9.25328215],[2.72418932],[21.14023397]
[9.3832459],[2.6810594],[21.11388793]
[9.43669075],[2.6395069],[20.98203434]
[9.65071669],[2.59590725],[20.97154521]
[9.71017502],[2.5392622],[20.72203236]
[9.72161901],[2.47880609],[20.46533705]
[9.67304861],[2.4180135],[19.94559855]
[9.58656006],[2.35117654],[19.2306831]
[9.18220376],[2.2861733],[18.28968848]
[9.05055616],[2.22527457],[17.50064175]
[8.86142165],[2.15364527],[16.65669428]
[8.55161892],[2.12173191],[15.74932547]
[8.23386232],[2.08470677],[14.85477383]
[8.06888767],[2.04752971],[14.0448566]
[7.84332176],[2.00612025],[13.12273339]
[7.525968],[1.95768223],[12.04277214]
[7.35008437],[1.90583044],[11.18349115]
[7.06440622],[1.84960495],[10.14173492]
[5.75202814],[2.1458671],[8.22044586]
[3.00838414],[1.54611281],[3.58392986]
[1.60725695],[1.21171402],[2.24611872]
[2.52990527],[1.06935227],[2.06970555]
[3.11802114],[1.43099144],[3.28371827]
[3.48440642],[1.59399162],[4.18365835]
[3.81275658],[1.73656682],[5.03029405]
[4.25041438],[1.80562265],[5.84558453]
[4.52033472],[1.85396921],[6.73306216]
[4.79600098],[1.94824669],[7.62991842]
[5.10735113],[2.03897995],[8.43022482]
[5.26743579],[2.11088185],[9.24763618]
[5.36044569],[2.17117866],[9.85413604]
[5.50416074],[2.21085504],[10.42441425]
[5.63431937],[2.2680542],[10.98957083]
[5.98268864],[2.31739028],[11.84254394]
[6.20600166],[2.3691111],[12.54839288]
[6.50898683],[2.41499099],[13.46346529]
[6.75416005],[2.47358992],[14.33507814]
[7.05235157],[2.50730896],[15.23434697]
[7.33626615],[2.54415136],[16.03238394]
[7.61776684],[2.57637798],[16.88154698]
[7.82614388],[2.61017811],[17.47578522]
[8.06872835],[2.63816424],[18.06651135]
[8.24889068],[2.67064724],[18.62008429]
[8.41853789],[2.69977851],[19.14192428]
[8.50424436],[2.72715716],[19.59692465]
[8.8021921],[2.74587029],[20.21372458]
[8.84707861],[2.78584596],[20.60178598]
[9.08149204],[2.81128905],[21.26896971]
[9.1161792],[2.84406755],[21.61169098]
[9.23334944],[2.87571742],[22.13720109]
[9.2951819],[2.89315788],[22.50586647]
[9.33229902],[2.91275219],[22.81358371]
[9.39725109],[2.92844794],[23.03802109]
[9.48537731],[2.94455517],[23.12251034]
[9.71671796],[2.91851315],[23.38065355]
[9.80083496],[2.88804096],[23.43197887]
[9.89643854],[2.84710238],[23.54423679]
[9.95931619],[2.8071483],[23.42438039]
[9.99604525],[2.76451976],[23.30004799]
[10.04860453],[2.70586241],[23.01034729]
[10.03431235],[2.64604382],[22.67719923]
[10.06480588],[2.5842293],[22.25330312]
[10.01522371],[2.52506435],[21.56626323]
[9.97289482],[2.46806007],[20.72424491]
[9.79429313],[2.4117195],[19.75301568]
[9.46045102],[2.33177018],[18.69674357]
[9.12352608],[2.25447699],[17.76039989]
[8.96635163],[2.14728927],[16.81661995]
[8.73282534],[2.11249914],[15.83011906]
[8.35587233],[2.07521986],[14.84125533]
[8.13113189],[2.03062861],[13.732867]
[7.95206449],[1.98335873],[12.65288263]
[7.6257506],[1.93387301],[11.4385387]
[6.06477918],[2.18716351],[8.76230732]
[3.36326827],[1.57476597],[3.97331619]
[1.69494944],[1.2404716],[2.43401926]
[2.53460867],[1.10108765],[2.20046527]
[3.20782584],[1.46313666],[3.41753906]
[3.55559015],[1.62487319],[4.34644262]
[3.8900753],[1.75930095],[5.20527791]
[4.32977101],[1.82642207],[6.11783675]
[4.58638134],[1.8929889],[7.09196974]
[4.9106092],[2.00630116],[7.97695388]
[5.2190589],[2.09741616],[8.92872684]
[5.35848234],[2.16169797],[9.70884003]
[5.44519414],[2.23897976],[10.38539507]
[5.6563139],[2.28821268],[11.10959405]
[5.89270516],[2.34687012],[11.8554425]
[6.16639697],[2.40026944],[12.65918561]
[6.47117763],[2.47036517],[13.59796608]
[6.75813705],[2.55020212],[14.54779042]
[6.94662127],[2.62000575],[15.40539718]
[7.37762046],[2.65267454],[16.49141483]
[7.59085179],[2.68701541],[17.28539339]
[7.91060871],[2.71647845],[18.21547535]
[8.23243506],[2.74440961],[19.08666248]
[8.41234744],[2.76772276],[19.72041925]
[8.49198099],[2.79514843],[20.24607242]
[8.75162372],[2.81972703],[20.87478762]
[8.90628124],[2.8460715],[21.3502593]
[9.18292918],[2.88422443],[22.13266356]
[9.26608928],[2.92739524],[22.575043]
[9.34679399],[2.95991937],[23.16748591]
[9.3891216],[3.00237997],[23.61210469]
[9.43177027],[3.03942199],[24.14428305]
[9.73581173],[3.05824514],[24.78027999]
[9.83046806],[3.08273209],[25.12959835]
[9.9513422],[3.09976833],[25.54508717]
[10.01650775],[3.11529203],[25.67035238]
[10.05541879],[3.09524958],[25.83690465]
[10.10696162],[3.07031419],[25.8635629]
[10.13063416],[3.02961042],[25.82003561]
[10.27637451],[2.9898361],[25.81756148]
[10.3818388],[2.94565159],[25.69074898]
[10.58483866],[2.89779888],[25.69657682]
[10.61835781],[2.83427887],[25.34333575]
[10.61630821],[2.76140668],[24.96241395]
[10.59920558],[2.69013568],[24.28669327]
[10.54900878],[2.62158728],[23.35820707]
[10.33441604],[2.56155559],[22.14528917]
[10.03487762],[2.50577376],[21.10701568]
[9.8632921],[2.43498572],[20.12878053]
[9.61824255],[2.31982072],[18.97917624]
[9.16907383],[2.19339989],[17.85466904]
[9.04800655],[2.14359522],[16.85008179]
[8.85942294],[2.10178578],[15.67220237]
[8.55769151],[2.05837552],[14.42503313]
[8.13459883],[2.01354309],[13.06154127]
[6.65871086],[2.21864386],[9.79620185]
[3.63956028],[1.59835104],[4.42596299]
[1.84796941],[1.26212494],[2.68124757]
[2.53980777],[1.17398341],[2.42372179]
[3.32520931],[1.50693351],[3.63384261]
[3.66010567],[1.66266565],[4.60975739]
[3.99131354],[1.78782463],[5.46768305]
[4.42367025],[1.8630207],[6.51219342]
[4.7023166],[1.9620962],[7.50501868]
[5.07265231],[2.06436354],[8.41316134]
[5.31154734],[2.15440354],[9.42438539]
[5.46505156],[2.21455464],[10.20500926]
[5.57341953],[2.31574614],[10.99749757]
[5.92311787],[2.36464975],[11.94842124]
[6.11082795],[2.42369159],[12.72579298]
[6.43711138],[2.50201928],[13.64233994]
[6.73231202],[2.59114024],[14.67900727]
[7.01722048],[2.66090512],[15.66024339]
[7.26400436],[2.72033916],[16.53414155]
[7.61559503],[2.74897335],[17.61568081]
[7.87157094],[2.77880192],[18.54046252]
[8.30716989],[2.80524736],[19.64380488]
[8.48416152],[2.83280556],[20.50366132]
[8.76926129],[2.85613876],[21.34480392]
[8.90998579],[2.89506806],[21.8715487]
[9.17918478],[2.93576201],[22.73212136]
[9.28186364],[2.98309617],[23.20560546]
[9.39514943],[3.0257261],[23.88365097]
[9.58584667],[3.0743735],[24.46173826]
[9.81564305],[3.11319669],[25.22524452]
[9.92318392],[3.1596012],[25.85066203]
[10.04505251],[3.19701866],[26.45388757]
[10.10773591],[3.21857305],[27.0321399]
[10.17764692],[3.24617372],[27.460313]
[10.19726008],[3.26409265],[27.80148616]
[10.34585581],[3.2769433],[28.13233452]
[10.42007831],[3.26646939],[28.28129912]
[10.61942961],[3.25073889],[28.59222685]
[10.71712504],[3.21345072],[28.58136243]
[10.79070917],[3.17743571],[28.66235949]
[10.86456893],[3.1387424],[28.46744724]
[10.92742122],[3.09865753],[28.28246786]
[11.04672092],[3.05186137],[27.94957405]
[11.03782733],[2.98739429],[27.6465353]
[11.0602319],[2.89681001],[27.19498057]
[11.03203953],[2.80319433],[26.29927784]
[11.00714147],[2.71793508],[25.03911873]
[10.76155869],[2.65492594],[23.84473209]
[10.45579603],[2.59073348],[22.54242742]
[10.14232742],[2.48987437],[21.28373843]
[9.9171047],[2.38238062],[20.22176895]
[9.71105189],[2.25320586],[19.07226669]
[9.29805993],[2.16472496],[17.61941013]
[9.06470268],[2.12514369],[16.31149847]
[8.80533503],[2.08327031],[14.80839691]
[7.17894838],[2.24658767],[10.78116134]
[4.11996605],[1.61957154],[5.0154392]
[2.10325253],[1.29816264],[3.02103253]
[2.54427454],[1.24780693],[2.68808863]
[3.33062585],[1.54746107],[3.81839925]
[3.77455145],[1.69977694],[4.86564353]
[4.09085342],[1.81454546],[5.75748474]
[4.53645973],[1.904933],[6.94300285]
[4.80955735],[2.04399834],[7.9590771]
[5.20458858],[2.13474841],[8.94566976]
[5.42811628],[2.21282563],[9.92916033]
[5.60071177],[2.29095263],[10.83735025]
[5.8228834],[2.39033974],[11.77186635]
[6.11018506],[2.44049206],[12.74820249]
[6.41569701],[2.5376684],[13.76708188]
[6.73852829],[2.61619328],[14.78898692]
[6.92833513],[2.6921541],[15.70938479]
[7.35713799],[2.75163713],[16.86961607]
[7.5711248],[2.80281389],[17.75703417]
[7.84828576],[2.82842475],[18.77670141]
[8.26531167],[2.85789693],[19.96186639]
[8.53578977],[2.89530101],[20.99169444]
[8.85506497],[2.94009727],[21.95436651]
[9.18697852],[2.98429858],[23.10213248]
[9.28747583],[3.03308582],[23.69765119]
[9.39930463],[3.07669982],[24.40703579]
[9.58017495],[3.12477137],[25.01489145]
[9.87744927],[3.1655959],[25.8347459]
[10.04898564],[3.22234444],[26.60525781]
[10.19063799],[3.26862364],[27.31013208]
[10.2230234],[3.31993029],[27.91830006]
[10.37330542],[3.35104393],[28.64777622]
[10.4578633],[3.37223537],[29.25823847]
[10.64894295],[3.39406104],[29.97418482]
[10.76611361],[3.4120697],[30.42341745]
[10.86274575],[3.41948269],[30.82508267]
[10.94366584],[3.42250775],[31.00922854]
[10.9864388],[3.40629103],[31.19793096]
[11.1196623],[3.37422235],[31.2300818]
[11.21606344],[3.34451721],[31.26448836]
[11.34036145],[3.31340086],[31.42631593]
[11.48360047],[3.28436716],[31.42776929]
[11.58844156],[3.25311399],[31.31613711]
[11.65593586],[3.20835149],[31.08022044]
[11.60799597],[3.14544416],[30.67341737]
[11.65235878],[3.04930303],[29.90646601]
[11.60014961],[2.94969646],[28.77092387]
[11.58866781],[2.85077371],[27.22947917]
[11.23279357],[2.75914394],[25.36987327]
[10.83966161],[2.67995071],[24.03598582]
[10.53095756],[2.585263],[22.75194879]
[10.22074396],[2.48929053],[21.41752624]
[9.91632883],[2.31563901],[20.10011357]
[9.72959016],[2.19295724],[18.70722987]
[9.25642483],[2.1562012],[16.81188749]
[7.66528692],[2.28489571],[11.89013395]
[4.85244207],[1.66977456],[5.98179882]
[2.38983675],[1.33298512],[3.3553123]
[2.54828992],[1.32172432],[2.90758277]
[3.33469786],[1.58815724],[3.97318809]
[3.8948591],[1.73442834],[5.1371163]
[4.24238718],[1.8386115],[6.07325692]
[4.66286175],[1.94116116],[7.37683854]
[4.93920399],[2.11292391],[8.38197175]
[5.36132006],[2.20108617],[9.48609054]
[5.56112964],[2.27267425],[10.44382249]
[5.82773279],[2.37551474],[11.57556672]
[6.0646502],[2.49982232],[12.62796724]
[6.36342487],[2.57439312],[13.71896554]
[6.71187894],[2.65429098],[14.9369085]
[6.97580037],[2.71810959],[15.9300648]
[7.21163072],[2.7831613],[16.85198375]
[7.61432414],[2.83575152],[18.04383001]
[7.84401261],[2.88091666],[18.99913531]
[8.24614516],[2.91320457],[20.15818624]
[8.50888346],[2.97001434],[21.31053752]
[8.90477447],[3.00827881],[22.50387971]
[9.22273268],[3.05368002],[23.62699783]
[9.4095788],[3.09995765],[24.63016841]
[9.60046323],[3.15118066],[25.4413134]
[9.89493261],[3.20092085],[26.32511474]
[10.05880074],[3.2620679],[27.16539808]
[10.21021765],[3.31211832],[27.9072707]
[10.29276814],[3.36666106],[28.62684891]
[10.56751382],[3.40808185],[29.52343133]
[10.69046699],[3.45415011],[30.19150227]
[10.89010353],[3.48752271],[31.16736409]
[10.9879984],[3.51961971],[31.81500624]
[11.03856465],[3.55538339],[32.48194603]
[11.17948191],[3.5720752],[33.00795856]
[11.2728477],[3.58543863],[33.43384357]
[11.38285517],[3.58688194],[33.84166285]
[11.49911279],[3.57332441],[34.10476532]
[11.60481518],[3.55848529],[34.37443537]
[11.77185741],[3.54490872],[34.56137523]
[11.90760679],[3.51013865],[34.6445115]
[12.07676501],[3.47044705],[34.75921538]
[12.25938086],[3.42922165],[34.81274057]
[12.30648242],[3.39172721],[34.70654204]
[12.35947113],[3.34461537],[34.44656191]
[12.32037796],[3.26546553],[33.93075341]
[12.36509141],[3.18372576],[33.12834261]
[12.38977601],[3.10315034],[31.74539587]
[12.28336712],[3.00778158],[29.91942669]
[11.76926513],[2.91223054],[27.64984492]
[11.31359459],[2.82503317],[25.59152155]
[10.94044312],[2.73899549],[24.25044453]
[10.58032949],[2.57836999],[22.76589241]
[10.27108341],[2.41295474],[21.1576191]
[9.82167275],[2.25756031],[19.14686037]
[8.19465823],[2.32488548],[13.56981888]
[5.63767682],[1.7244349],[7.14258205]
[3.24143295],[1.37274609],[4.36552785]
[2.54990292],[1.36566494],[3.16714642]
[3.33711493],[1.62321391],[4.088857]
[3.96869713],[1.76165833],[5.36260663]
[4.35589232],[1.86461425],[6.42378814]
[4.74013095],[2.01217754],[7.78528355]
[5.0973336],[2.16745762],[8.80491624]
[5.49768193],[2.25359576],[9.99016066]
[5.72299451],[2.32925103],[10.96739743]
[6.03919515],[2.44964543],[12.27713017]
[6.32359831],[2.6008147],[13.5080762]
[6.67008629],[2.6675602],[14.74231813]
[6.89920913],[2.73945223],[15.88474876]
[7.27366094],[2.79668199],[17.02150506]
[7.53403717],[2.85571922],[18.00791327]
[7.80975785],[2.90252942],[19.10766252]
[8.21201566],[2.95336335],[20.30820916]
[8.49807794],[3.00696095],[21.48223822]
[8.70003408],[3.08619744],[22.57051997]
[9.20747874],[3.12522473],[24.05467713]
[9.41759282],[3.17095513],[25.07760084]
[9.82271778],[3.22656106],[26.24007988]
[10.06310029],[3.28704652],[27.41870754]
[10.2202622],[3.33656198],[28.30479022]
[10.28581693],[3.38835089],[29.02564967]
[10.58560824],[3.43213815],[29.97070764]
[10.79041887],[3.49069577],[30.7820827]
[10.9825604],[3.53839188],[31.81826499]
[11.16086941],[3.59298275],[32.54719124]
[11.29380531],[3.63147534],[33.42068711]
[11.41574481],[3.67121616],[34.2744209]
[11.54094597],[3.71032214],[35.06902656]
[11.62041922],[3.72874157],[35.80947563]
[11.76991734],[3.74986844],[36.50253645]
[11.85321818],[3.75704139],[37.00995957]
[12.04670827],[3.76706918],[37.43978721]
[12.22294499],[3.79639061],[37.85725125]
[12.36071131],[3.77890817],[38.26719083]
[12.55882319],[3.73931693],[38.5272449]
[12.68971432],[3.70118845],[38.66508114]
[12.86441031],[3.65969685],[38.72736847]
[13.01884791],[3.62004431],[38.71917203]
[12.99665714],[3.57298196],[38.70672913]
[13.09912014],[3.50515476],[38.42669001]
[13.32633183],[3.42299764],[37.95437327]
[13.41305693],[3.3329926],[37.03131412]
[13.39681918],[3.24120104],[35.636519]
[13.39495076],[3.16387565],[33.19156054]
[12.92906303],[3.08135874],[30.5440516]
[11.96738356],[2.98858359],[28.2240471]
[11.41949336],[2.84517208],[25.6944237]
[11.02650308],[2.67764224],[24.17093234]
[10.49922505],[2.50358536],[21.99191537]
[8.85875728],[2.34790976],[15.73941875]
[6.23894937],[1.7697487],[8.30876485]
[4.17674132],[1.40763942],[5.69315659]
[2.55407003],[1.43081245],[3.48341623]
[3.34047763],[1.66480222],[4.23757168]
[4.08313962],[1.78796304],[5.65314315]
[4.52824142],[1.89669346],[6.8945697]
[4.85260407],[2.07489778],[8.23251646]
[5.28542475],[2.21966262],[9.38057004]
[5.65590066],[2.30954394],[10.54063075]
[5.9598901],[2.40016768],[11.69575119]
[6.26957228],[2.5654732],[13.10924578]
[6.61158001],[2.68865823],[14.4922634]
[6.92019978],[2.75045132],[15.74357473]
[7.14583335],[2.8154872],[16.88303326]
[7.55706698],[2.8671635],[18.15179396]
[7.77335187],[2.91636996],[19.1435532]
[8.14752112],[2.96709756],[20.33616229]
[8.47301218],[3.0401391],[21.65548761]
[8.74510659],[3.10609869],[22.82498512]
[9.12848067],[3.19967004],[24.12686541]
[9.40739959],[3.24851634],[25.46203744]
[9.79334965],[3.30203405],[26.71534837]
[10.14472571],[3.35086973],[28.0977083]
[10.29048888],[3.40258318],[29.17969757]
[10.60925814],[3.45369201],[30.26903024]
[10.81166525],[3.51371812],[31.16469235]
[10.9944642],[3.56718],[32.25854772]
[11.2006257],[3.62874455],[33.1196946]
[11.39675018],[3.67746068],[34.0662844]
[11.57240863],[3.73529697],[35.02183784]
[11.8022519],[3.78284601],[36.04771002]
[11.88136181],[3.82967538],[37.02033791]
[12.05559856],[3.87171178],[38.05424652]
[12.17747738],[3.89661303],[38.94276909]
[12.32764368],[3.92452154],[39.86060139]
[12.52770585],[3.96231135],[40.67578771]
[12.65410574],[3.98997047],[41.30756698]
[12.85089468],[4.01575861],[41.79165293]
[13.01997684],[4.00758187],[42.21878792]
[13.15543194],[3.96928584],[42.7005024]
[13.34408233],[3.93672158],[43.00879798]
[13.49025128],[3.89841761],[43.22017136]
[13.62803052],[3.85594669],[43.33322951]
[13.70461853],[3.81008549],[43.38377113]
[13.98433352],[3.75240854],[43.34621885]
[14.21923382],[3.66190267],[43.1318392]
[14.42948357],[3.56569023],[42.71287722]
[14.48944986],[3.46801079],[41.89878402]
[14.44679489],[3.37443285],[40.18652181]
[14.46672265],[3.28389969],[38.00677692]
[14.28881995],[3.20647364],[34.25026338]
[13.33683942],[3.10608592],[31.01757157]
[12.32137039],[2.94543894],[28.37382317]
[11.40206118],[2.75153102],[24.91650181]
[9.38714799],[2.36816231],[18.32637691]
[6.91025514],[1.81848835],[9.88539939]
[5.23380216],[1.44457859],[7.1988097]
[2.55849841],[1.47878188],[3.92854647]
[3.34437503],[1.69652359],[4.37020424]
[4.11480355],[1.81187693],[5.91226889]
[4.7096145],[1.92885153],[7.41373737]
[5.08882705],[2.13529442],[8.74564693]
[5.48235147],[2.27757894],[9.99997022]
[5.87490136],[2.35656264],[11.17984492]
[6.20722094],[2.49174786],[12.50800592]
[6.51288745],[2.66171659],[14.03050028]
[6.83146029],[2.76712185],[15.4577545]
[7.21430474],[2.82438054],[16.76576227]
[7.49441347],[2.88279556],[17.97370864]
[7.7475361],[2.92298929],[19.18124928]
[8.09789464],[2.98584398],[20.39948543]
[8.45136965],[3.04885705],[21.74642297]
[8.66582566],[3.13071892],[22.90070927]
[9.14609031],[3.22525891],[24.45628947]
[9.39886198],[3.32397697],[25.71315946]
[9.71463557],[3.36521816],[26.95542236]
[10.12337674],[3.41504699],[28.58463994]
[10.3695459],[3.46689149],[29.81320729]
[10.73246254],[3.52669763],[31.14660025]
[11.01010617],[3.58097437],[32.59852726]
[11.20262306],[3.64089112],[33.53743145]
[11.40459308],[3.69205254],[34.50010408]
[11.60777084],[3.7517591],[35.56937481]
[11.85755505],[3.80095992],[36.59145311]
[12.02422741],[3.85936805],[37.6393655]
[12.2672828],[3.91155308],[38.8412645]
[12.46913499],[3.96706088],[40.04295032]
[12.59547307],[4.02231968],[41.27588756]
[12.80592395],[4.05547343],[42.38320066]
[12.96986646],[4.08737715],[43.38886034]
[13.12906844],[4.11483442],[44.26787433]
[13.32878146],[4.14376808],[45.21838536]
[13.47132947],[4.17089441],[45.97807831]
[13.65217149],[4.16687875],[46.58297945]
[13.8163971],[4.13874842],[47.07334777]
[13.94345924],[4.11390491],[47.43139558]
[14.13857329],[4.08346089],[47.94946343]
[14.296607],[4.05274655],[48.44954396]
[14.54246973],[4.02091934],[48.62761972]
[14.77555459],[3.97589589],[48.65222652]
[15.04428488],[3.91613793],[48.65918209]
[15.33165605],[3.81993697],[48.36900874]
[15.46192679],[3.70959302],[47.66613476]
[15.50718214],[3.5950875],[46.56011778]
[15.48719595],[3.50344256],[44.95014585]
[15.46043889],[3.4124574],[42.45767352]
[15.37444042],[3.32307651],[39.38930863]
[14.72340187],[3.21875117],[35.66565758]
[13.75968148],[3.06191497],[31.02003837]
[9.90220642],[2.68145475],[23.82699109]
[7.54622411],[1.88783232],[13.43064194]
[5.85372597],[1.49103871],[8.71289222]
[3.8369134],[1.52161918],[5.30490038]
[3.34819877],[1.72605873],[4.49470318]
[4.11801929],[1.83190106],[6.13971993]
[4.87186195],[1.99675594],[7.94083603]
[5.35567375],[2.18993468],[9.37772075]
[5.69195879],[2.32812384],[10.60132382]
[6.09687582],[2.4040747],[11.91712128]
[6.45496601],[2.61575906],[13.44272311]
[6.78053323],[2.75312486],[15.01549885]
[7.07638235],[2.84304361],[16.44206853]
[7.50371674],[2.89126416],[17.81042299]
[7.75137257],[2.93984243],[19.08902181]
[8.00172229],[2.99592919],[20.3760573]
[8.42369481],[3.0695864],[21.83530767]
[8.68549639],[3.13965325],[23.11299038]
[9.06796156],[3.25631432],[24.50460423]
[9.37919524],[3.35108505],[26.01754649]
[9.68924574],[3.4312417],[27.30299567]
[10.10243491],[3.48303533],[28.91167681]
[10.3211011],[3.54061694],[30.31815623]
[10.78661286],[3.59369113],[31.89928134]
[11.09536531],[3.65468485],[33.40625759]
[11.35297047],[3.70625194],[34.7218043]
[11.59262483],[3.76371098],[35.92289167]
[11.86233057],[3.81495474],[37.01272766]
[12.03134753],[3.87538181],[38.15025294]
[12.27744799],[3.92507394],[39.33379748]
[12.54496276],[3.98839238],[40.64057441]
[12.79393985],[4.05941546],[42.04871438]
[13.04717153],[4.12403102],[43.4938658]
[13.27120837],[4.17463447],[44.78575712]
[13.41204834],[4.206815],[45.98728799]
[13.61561427],[4.24463844],[47.18551032]
[13.77966794],[4.27583338],[48.22510808]
[13.91779485],[4.31201865],[49.12780951]
[14.1262914],[4.33517339],[50.13946654]
[14.26479958],[4.32726215],[50.91549022]
[14.44009278],[4.31759968],[51.7112839]
[14.61740743],[4.29075683],[52.47185311]
[14.90154592],[4.24927291],[53.07601649]
[15.14894927],[4.20819316],[53.65696561]
[15.38865075],[4.17215621],[54.04069087]
[15.66783323],[4.13921599],[54.31454173]
[15.90684033],[4.09374347],[54.35636001]
[16.13819736],[4.02950581],[54.1985939]
[16.405083],[3.96056202],[53.80680354]
[16.52636686],[3.87231046],[52.81037348]
[16.4830103],[3.76142833],[51.39631624]
[16.46698107],[3.65248993],[49.65865379]
[16.38198643],[3.54087198],[47.04527062]
[16.29669794],[3.43945115],[44.02859173]
[15.92069379],[3.27971439],[39.92740961]
[10.73115614],[3.06550717],[29.66844537]
[8.85260131],[2.48901975],[19.43488383]
[6.48296173],[1.6752648],[11.23761447]
[4.91028316],[1.30237158],[7.45450579]
[3.3494907],[1.36594212],[3.79987583]
[4.11952697],[1.51667075],[5.41417825]
[4.87355556],[1.83095567],[7.31220146]
[5.44435494],[1.98597896],[8.77338462]
[5.8181685],[2.10650417],[9.99170414]
[6.2057186],[2.25299752],[11.31901507]
[6.57769758],[2.53526381],[12.97825788]
[6.97578246],[2.65251173],[14.55853504]
[7.30277317],[2.72101121],[15.97238716]
[7.68996789],[2.78116154],[17.32082287]
[8.02421964],[2.86573975],[18.77766685]
[8.34395145],[2.94218686],[20.15355586]
[8.61440069],[3.03238352],[21.58861709]
[9.03240576],[3.1434792],[23.08541879]
[9.34896686],[3.25151351],[24.5632373]
[9.53843175],[3.32843621],[25.77478441]
[10.05430697],[3.42345926],[27.52545818]
[10.29964803],[3.47537436],[28.87560487]
[10.66072736],[3.52718616],[30.34133971]
[11.02254299],[3.57617576],[32.09363344]
[11.37215282],[3.63103627],[33.62464836]
[11.75027868],[3.68070503],[35.16225275]
[11.9769691],[3.73351622],[36.66822404]
[12.22751055],[3.78302905],[37.86138321]
[12.49868907],[3.85450154],[39.21415911]
[12.73528515],[3.92697687],[40.55093377]
[13.03095123],[3.99943853],[42.12650768]
[13.37566745],[4.06656196],[43.61374349]
[13.6103963],[4.12948039],[45.05923857]
[13.85480773],[4.19008886],[46.52929119]
[14.05818288],[4.23075975],[47.80579431]
[14.19953141],[4.27543424],[49.03739697]
[14.39040668],[4.32023761],[50.25943892]
[14.55183249],[4.37269976],[51.38110754]
[14.70207808],[4.41579517],[52.41252538]
[14.90710648],[4.45317291],[53.6498689]
[15.17313779],[4.48848544],[54.74641361]
[15.4222736],[4.46016326],[55.72603939]
[15.69549156],[4.41483994],[56.56774438]
[16.00116677],[4.3748571],[57.27666648]
[16.26427889],[4.33136717],[57.78323487]
[16.48638014],[4.28723373],[58.03288458]
[16.72015675],[4.24211354],[58.06460212]
[16.9726962],[4.17469155],[57.97047083]
[17.15042596],[4.10034763],[57.67306187]
[17.30394014],[4.00749801],[57.16004199]
[17.35898571],[3.92250826],[56.29339111]
[17.27601078],[3.85845606],[54.81834935]
[17.26447464],[3.77323725],[52.98100182]
[17.13195682],[3.66755188],[50.4514962]
[17.07524919],[3.5249894],[47.06858762]
