meltWidth,meltDepth,meltArea
[1.04642741],[0.15345866],[0.13532347]
[1.34529604],[0.36911331],[0.36979683]
[1.604929],[0.41034809],[0.45009656]
[1.75358847],[0.41222158],[0.49782058]
[1.92843104],[0.41559681],[0.5432238]
[1.93123385],[0.42144164],[0.57850716]
[2.05681751],[0.42345464],[0.61342854]
[2.0215797],[0.44235898],[0.63343867]
[2.12429461],[0.41979105],[0.64496934]
[2.07734283],[0.42925429],[0.63654122]
[2.13691402],[0.40863988],[0.63148756]
[2.06829609],[0.41173735],[0.61823482]
[2.12389598],[0.38720433],[0.60552353]
[2.06873601],[0.39221325],[0.59614685]
[2.11918341],[0.37037632],[0.59487782]
[2.0841308],[0.39557236],[0.60808323]
[2.13189253],[0.38606255],[0.60877366]
[2.13909893],[0.40695596],[0.62167996]
[2.14231578],[0.39415878],[0.61275427]
[2.14233036],[0.4111579],[0.62023588]
[2.15429243],[0.39262205],[0.60925165]
[2.14195111],[0.41049402],[0.61793263]
[2.1528905],[0.38627552],[0.60213765]
[2.14169313],[0.40307203],[0.60801342]
[2.16123569],[0.37974821],[0.59615494]
[2.15008071],[0.40586254],[0.61435404]
[2.17397971],[0.37364806],[0.59558069]
[2.16098377],[0.40845395],[0.61880393]
[2.18130117],[0.37856394],[0.60373836]
[2.18827761],[0.40880668],[0.62511221]
[2.18437591],[0.39654519],[0.62730728]
[2.1980014],[0.3976525],[0.62077432]
[2.17641547],[0.39875258],[0.61923267]
[2.17629003],[0.39720288],[0.61663825]
[2.17875775],[0.39991838],[0.61928053]
[2.18103504],[0.40065343],[0.62173645]
[2.18366501],[0.39919991],[0.61941914]
[2.18565244],[0.39932289],[0.61962281]
[2.18724043],[0.39704848],[0.61806773]
[2.18428802],[0.39490887],[0.61456628]
[2.17669932],[0.39496912],[0.61098077]
[2.17403449],[0.39780277],[0.61284385]
[2.17201147],[0.39807907],[0.6151294]
[2.17191887],[0.39152654],[0.61065148]
[2.17011177],[0.38599128],[0.60791936]
[2.17138262],[0.38009072],[0.60804513]
[2.17313135],[0.37464383],[0.60810455]
[2.17931837],[0.37368607],[0.6133182]
[2.18783839],[0.37719454],[0.62309003]
[2.19313561],[0.3796789],[0.63281493]
[2.20044327],[0.38415222],[0.63508985]
[2.20855147],[0.38292248],[0.63783687]
[1.94133834],[0.37994476],[0.58558496]
[0.],[0.],[0.]
[0.],[0.],[0.]
[0.99113182],[0.17658606],[0.08623832]
[1.48312006],[0.41947048],[0.4475229]
[1.81739748],[0.5053934],[0.64025935]
[1.97683199],[0.54774126],[0.78659118]
[2.06964197],[0.56021534],[0.85775384]
[2.10142502],[0.5955784],[0.92226727]
[2.17675674],[0.6261157],[0.9918647]
[2.20462051],[0.64955109],[1.03562957]
[2.26614138],[0.65134477],[1.06506183]
[2.26541358],[0.66511214],[1.09271707]
[2.30138501],[0.65361171],[1.113457]
[2.30206639],[0.67078925],[1.13965187]
[2.33248788],[0.66937283],[1.16087851]
[2.33947282],[0.70059097],[1.19456327]
[2.35772726],[0.7056443],[1.21740611]
[2.37044107],[0.73005086],[1.24849518]
[2.39728757],[0.7368021],[1.27300721]
[2.4005312],[0.75211499],[1.29281022]
[2.41908065],[0.75139224],[1.30689003]
[2.41672295],[0.75840778],[1.31649392]
[2.43800035],[0.75948443],[1.3315743]
[2.42658869],[0.76447947],[1.33711806]
[2.44890379],[0.76722983],[1.35041057]
[2.43524246],[0.769193],[1.34795705]
[2.46206225],[0.77297712],[1.36251185]
[2.4442986],[0.77256445],[1.35774905]
[2.47333641],[0.77547871],[1.37112217]
[2.45574947],[0.77652676],[1.36641305]
[2.47895894],[0.78063612],[1.38068383]
[2.48277491],[0.77830876],[1.37872129]
[2.47929951],[0.77867694],[1.38137272]
[2.48727073],[0.77746758],[1.37978096]
[2.47778291],[0.77620766],[1.3756044]
[2.47924113],[0.77460456],[1.37361426]
[2.47935439],[0.77357205],[1.37263988]
[2.47673059],[0.77229987],[1.37140857]
[2.47812777],[0.77052246],[1.36786473]
[2.47698767],[0.7674501],[1.36335326]
[2.47623824],[0.76396307],[1.35833796]
[2.4740267],[0.75884808],[1.35127068]
[2.4692978],[0.75350206],[1.33817986]
[2.46110468],[0.74728063],[1.3225323]
[2.44948896],[0.74034757],[1.30562257]
[2.44606095],[0.73274185],[1.29352221]
[2.43798083],[0.72424705],[1.27907063]
[2.43029546],[0.71617308],[1.26524292]
[2.42377728],[0.70819531],[1.25126686]
[2.42012665],[0.69988001],[1.23719441]
[2.41578082],[0.69348241],[1.22547964]
[2.4098138],[0.6894311],[1.21560163]
[2.41163972],[0.68836088],[1.20934245]
[2.41882297],[0.68740139],[1.20604621]
[2.17829116],[0.68567363],[1.1366846]
[0.],[0.],[0.]
[0.],[0.],[0.]
[1.03558398],[0.18825883],[0.10291679]
[1.59890623],[0.45459099],[0.50713238]
[1.91355926],[0.51579336],[0.69070995]
[2.05450218],[0.58697171],[0.87048267]
[2.17909975],[0.62331665],[0.96951875]
[2.20928612],[0.67456383],[1.05153827]
[2.33491951],[0.68574226],[1.15233886]
[2.36021488],[0.71021495],[1.2103952]
[2.41234769],[0.73447925],[1.2635499]
[2.38704719],[0.74627629],[1.27595502]
[2.4441656],[0.76936974],[1.32571323]
[2.41940709],[0.77690658],[1.34160619]
[2.48316975],[0.79920274],[1.40207883]
[2.46305165],[0.80497735],[1.41490582]
[2.51025675],[0.82535688],[1.46312061]
[2.50047344],[0.83070825],[1.47614378]
[2.55954836],[0.84837468],[1.52885769]
[2.53935287],[0.84991688],[1.53460722]
[2.59150189],[0.85462839],[1.56850094]
[2.60075473],[0.85420206],[1.56544206]
[2.61512862],[0.85868529],[1.59013407]
[2.64966069],[0.85850067],[1.58963182]
[2.62230768],[0.86237766],[1.60670242]
[2.69914564],[0.86164377],[1.60921733]
[2.66635925],[0.86426856],[1.62204118]
[2.70653808],[0.86299892],[1.62029941]
[2.66431861],[0.86498763],[1.62975766]
[2.71197637],[0.86586012],[1.62726427]
[2.65730067],[0.86823468],[1.63852141]
[2.72581308],[0.86595804],[1.63911901]
[2.66958259],[0.86576391],[1.63884857]
[2.71370225],[0.86467119],[1.63474266]
[2.66525837],[0.86357562],[1.62194676]
[2.65203503],[0.86227466],[1.61672246]
[2.64861975],[0.86126108],[1.61435195]
[2.64076885],[0.86012939],[1.61152847]
[2.63912586],[0.85851986],[1.60587037]
[2.63474894],[0.856781],[1.59944522]
[2.63434523],[0.8531251],[1.59313813]
[2.64010399],[0.84837182],[1.5839681]
[2.63629795],[0.84342123],[1.56974164]
[2.6360894],[0.83997907],[1.55813392]
[2.6294517],[0.83511031],[1.54331738]
[2.62721516],[0.82815381],[1.52489435]
[2.61923712],[0.82029259],[1.50584515]
[2.61032217],[0.81247455],[1.48841592]
[2.60418391],[0.80465101],[1.47106539]
[2.59156317],[0.79695325],[1.45326543]
[2.58693461],[0.78823399],[1.4358254]
[2.57436224],[0.78160134],[1.41821917]
[2.57600241],[0.77621265],[1.41246144]
[2.58086578],[0.7699165],[1.40634172]
[2.34427051],[0.76505879],[1.3130827]
[0.],[0.],[0.]
[0.],[0.],[0.]
[1.01506528],[0.2161606],[0.10827863]
[1.73816762],[0.46369674],[0.55405086]
[2.06139485],[0.56281028],[0.82515029]
[2.15880933],[0.62427381],[0.97841568]
[2.30851614],[0.68838795],[1.13988867]
[2.34224647],[0.74108813],[1.23882961]
[2.45773008],[0.77345586],[1.34941513]
[2.45569628],[0.78732894],[1.39437292]
[2.52214684],[0.81449134],[1.46569118]
[2.49763934],[0.82076556],[1.4805892]
[2.56303743],[0.84325019],[1.53592663]
[2.53010484],[0.84655242],[1.54523294]
[2.60498737],[0.86488162],[1.60800261]
[2.57280937],[0.8671708],[1.61207936]
[2.63203412],[0.87491909],[1.66092938]
[2.75497044],[0.8774712],[1.68479741]
[2.83642914],[0.88414759],[1.72544051]
[2.94330832],[0.88710114],[1.75532495]
[3.06213393],[0.89023563],[1.79879986]
[3.11059729],[0.89160799],[1.80298841]
[3.20017788],[0.8947822],[1.8323188]
[3.18050313],[0.89622844],[1.8277549]
[3.24490854],[0.89899466],[1.85310748]
[3.20259643],[0.8983935],[1.84189356]
[3.25771909],[0.90060183],[1.86748297]
[3.20699918],[0.90028951],[1.85634087]
[3.25947795],[0.90277041],[1.88001983]
[3.21377389],[0.90409214],[1.86622653]
[3.26568331],[0.9070172],[1.89175917]
[3.24247945],[0.90468812],[1.88661724]
[3.28589738],[0.90402618],[1.89813171]
[3.25026998],[0.90284015],[1.88535928]
[3.28193954],[0.90164888],[1.87707578]
[3.23056317],[0.90014345],[1.86610773]
[3.22074992],[0.89916121],[1.86088748]
[3.20544948],[0.89794086],[1.85472078]
[3.1935328],[0.89591223],[1.84611305]
[3.18691844],[0.89323131],[1.83641742]
[3.17445345],[0.88985943],[1.82840159]
[3.15676452],[0.88512892],[1.81537503]
[3.14306327],[0.88005821],[1.79855167]
[3.12541109],[0.87648585],[1.78309653]
[3.10144937],[0.87323733],[1.76619484]
[3.0766741],[0.86928918],[1.74556346]
[3.05160686],[0.86546729],[1.72638157]
[3.01874997],[0.86224017],[1.70875039]
[2.98612434],[0.8590302],[1.68939224]
[2.95358517],[0.85568971],[1.66853407]
[2.91715472],[0.8521786],[1.64710004]
[2.88200532],[0.84524036],[1.62455557]
[2.85921969],[0.83837576],[1.60557171]
[2.83728648],[0.8326043],[1.58587782]
[2.46430852],[0.82765909],[1.44565661]
[0.],[0.],[0.]
[0.],[0.],[0.]
[1.11010895],[0.22544159],[0.12351974]
[2.04036587],[0.52318995],[0.75938634]
[2.18173448],[0.65044597],[0.99417044]
[2.28256107],[0.71461496],[1.15921216]
[2.42947053],[0.773267],[1.34010919]
[2.46014386],[0.81756293],[1.43954074]
[2.54804505],[0.84819385],[1.5431601]
[2.54250505],[0.85880862],[1.57347269]
[2.5931974],[0.88429337],[1.64493724]
[2.59105003],[0.88582342],[1.66468076]
[2.63245498],[0.89388234],[1.71179923]
[2.75261932],[0.89686685],[1.74379777]
[2.82640405],[0.90299844],[1.78975446]
[2.94553519],[0.90840074],[1.8295168]
[3.03217616],[0.91467464],[1.86848125]
[3.12386264],[0.91920267],[1.90623185]
[3.26500906],[0.92649656],[1.95568113]
[3.32619893],[0.92899749],[1.98078064]
[3.45805569],[0.93394058],[2.03868099]
[3.48492164],[0.93312753],[2.04823415]
[3.54250657],[0.9386856],[2.0801239]
[3.5168748],[0.93698072],[2.07401119]
[3.54578515],[0.941142],[2.10399501]
[3.51917531],[0.93824061],[2.09278326]
[3.55947404],[0.94208272],[2.1249452]
[3.52441293],[0.93968407],[2.11055412]
[3.55969609],[0.94426697],[2.14006271]
[3.52810663],[0.94263243],[2.12694867]
[3.56326311],[0.94736325],[2.15611891]
[3.54021184],[0.94336845],[2.1497979]
[3.56782111],[0.94402896],[2.17077051]
[3.54973844],[0.94294017],[2.15208874]
[3.56881651],[0.94183843],[2.14919108]
[3.54317935],[0.940675],[2.12538935]
[3.52443942],[0.93952949],[2.11571772]
[3.51154381],[0.93808343],[2.10504744]
[3.49996596],[0.93553417],[2.09126378]
[3.49570075],[0.93306444],[2.08007169]
[3.4852667],[0.93035242],[2.07150247]
[3.4659601],[0.92617854],[2.05649555]
[3.45704301],[0.92182175],[2.03752777]
[3.4433351],[0.91723865],[2.01516763]
[3.42263745],[0.91345686],[1.99473057]
[3.40673186],[0.90957156],[1.97403637]
[3.39613766],[0.90588627],[1.95246811]
[3.35838233],[0.9023935],[1.92728885]
[3.30874888],[0.89892759],[1.8981019]
[3.26587685],[0.89525916],[1.8696524]
[3.22047844],[0.89181546],[1.8430219]
[3.167647],[0.88809832],[1.81544101]
[3.11829058],[0.8839479],[1.78765672]
[3.08324802],[0.8795378],[1.76356718]
[2.6972024],[0.87635943],[1.60614862]
[0.],[0.],[0.]
[0.],[0.],[0.]
[1.23847935],[0.27275611],[0.22270516]
[2.16647311],[0.59799759],[0.91677651]
[2.33497108],[0.73520279],[1.19438717]
[2.41278898],[0.79071183],[1.35197128]
[2.52716916],[0.843489],[1.50841604]
[2.53573274],[0.88322085],[1.59765079]
[2.61852708],[0.89700576],[1.69352989]
[2.72034477],[0.90752867],[1.74762791]
[2.79797782],[0.9205824],[1.81200147]
[2.91518079],[0.92490891],[1.86608322]
[3.01251673],[0.93181845],[1.91684434]
[3.09980223],[0.93592843],[1.96464609]
[3.22837703],[0.94236444],[2.02398866]
[3.29491173],[0.94469912],[2.05489425]
[3.44503558],[0.95088571],[2.12415657]
[3.50836641],[0.95306639],[2.17552645]
[3.60413593],[0.95933242],[2.23941209]
[3.667846],[0.9612535],[2.32566406]
[3.72931163],[0.96441558],[2.32797188]
[3.78608659],[0.9649099],[2.41080438]
[3.80030676],[0.9684783],[2.38351045]
[3.81665584],[0.96783611],[2.46468541]
[3.79682561],[0.96988655],[2.41995859]
[3.81523416],[0.96900668],[2.5070492]
[3.80653459],[0.97155004],[2.45157345]
[3.82101039],[0.97227657],[2.53578238]
[3.80253604],[0.97449104],[2.48884016]
[3.82074393],[0.97511888],[2.5718291]
[3.80578671],[0.97754803],[2.53709817]
[3.83433468],[0.97601231],[2.6251309]
[3.8245281],[0.97558011],[2.63894517]
[3.84063707],[0.97432037],[2.63667125]
[3.82358916],[0.97301265],[2.60238153]
[3.83307148],[0.97142506],[2.56187211]
[3.79807517],[0.96985073],[2.53630059]
[3.78485127],[0.96757264],[2.5115191]
[3.77170192],[0.96479102],[2.48367812]
[3.76462371],[0.9619847],[2.45909689]
[3.7555691],[0.95939954],[2.44294779]
[3.73697889],[0.95543822],[2.4337257]
[3.72161198],[0.95110187],[2.39359799]
[3.70894676],[0.94608506],[2.36136376]
[3.68867331],[0.94240798],[2.33007194]
[3.6688353],[0.93867069],[2.29822969]
[3.65631827],[0.935008],[2.27186775]
[3.63231058],[0.93135123],[2.24547862]
[3.58989689],[0.92770011],[2.22039457]
[3.55614334],[0.9239475],[2.18028686]
[3.52118503],[0.92016641],[2.14829843]
[3.47615097],[0.91652538],[2.11415723]
[3.43559825],[0.91211143],[2.07922053]
[3.39976617],[0.90755665],[2.04923681]
[2.99844803],[0.90275586],[1.87118239]
[0.],[0.],[0.]
[0.],[0.],[0.]
[1.33367694],[0.3420349],[0.32538337]
[2.25293402],[0.65998006],[1.03443155]
[2.43609429],[0.78369622],[1.3323457]
[2.47955547],[0.83553942],[1.48182006]
[2.58941175],[0.87155318],[1.62653587]
[2.64977712],[0.90881776],[1.70646286]
[2.82693819],[0.9220019],[1.81910128]
[3.00334278],[0.93754857],[1.91137047]
[3.15820671],[0.94914825],[1.99705301]
[3.23586514],[0.95160394],[2.06957959]
[3.38700603],[0.95793192],[2.14785202]
[3.44066702],[0.96050071],[2.19698885]
[3.57796881],[0.96643373],[2.281494]
[3.65333504],[0.97229066],[2.39624493]
[3.72761163],[0.97721784],[2.40470246]
[3.82704206],[0.97769691],[2.54913895]
[3.86707357],[0.98328773],[2.55077417]
[3.96438971],[0.98400043],[2.72272276]
[3.97366178],[0.99006116],[2.74978469]
[4.07727816],[0.98866076],[2.84879924]
[4.03942567],[0.99414523],[2.87295722]
[4.09967084],[0.99128276],[2.92603827]
[4.03524969],[0.99633999],[2.94001903]
[4.09311092],[0.99356425],[2.96976209]
[4.04192795],[0.99994101],[2.97130643]
[4.10097529],[1.00405723],[3.00485165]
[4.03556732],[1.01233383],[2.99315295]
[4.09473876],[1.02030512],[3.03406698]
[4.03766157],[1.0311074],[3.01780193]
[4.10710298],[1.03755976],[3.06177235]
[4.0627557],[1.03923773],[3.05576722]
[4.11394537],[1.0337283],[3.06401349]
[4.06451981],[1.02876107],[3.03563939]
[4.1052867],[1.02233187],[3.00949539]
[4.05430868],[1.01717867],[2.9828147]
[4.03987563],[1.01281496],[2.96043179]
[4.02423482],[1.00575454],[2.93262991]
[4.01364919],[1.00311814],[2.91334994]
[4.00635956],[0.99682271],[2.89835532]
[3.98532745],[0.98797774],[2.87081966]
[3.9649388],[0.9766082],[2.83082649]
[3.95109174],[0.9667044],[2.78981538]
[3.92911058],[0.95835272],[2.73962031]
[3.90667045],[0.9544506],[2.68608405]
[3.89038474],[0.9502383],[2.63721537]
[3.8727416],[0.94633701],[2.58385332]
[3.83497766],[0.94236708],[2.53021697]
[3.79348877],[0.93849048],[2.45986179]
[3.75803577],[0.93426645],[2.39886151]
[3.7149803],[0.93030323],[2.34167813]
[3.67168063],[0.9262749],[2.29848452]
[3.63491315],[0.92209919],[2.26066781]
[3.23762848],[0.91814655],[2.06760007]
[0.],[0.],[0.]
[0.],[0.],[0.]
[1.52736659],[0.44782386],[0.47166981]
[2.33383699],[0.70677138],[1.15826607]
[2.48180985],[0.80492052],[1.42010865]
[2.51925432],[0.85235029],[1.55564848]
[2.622282],[0.8872132],[1.69284065]
[2.83172895],[0.92330294],[1.80739729]
[3.05047878],[0.93874292],[1.93545996]
[3.22165496],[0.95035028],[2.04506883]
[3.44242091],[0.96152457],[2.1613592]
[3.52487232],[0.9652658],[2.28991916]
[3.65091578],[0.97182822],[2.36901215]
[3.74997196],[0.9776142],[2.52945882]
[3.81417798],[0.98436144],[2.52134773]
[3.94426844],[0.98989526],[2.69877405]
[3.96972759],[0.99721494],[2.70798736]
[4.08355893],[0.99756094],[2.8641196]
[4.0772785],[1.00569515],[2.91502752]
[4.2017082],[1.00502516],[3.03691534]
[4.19072551],[1.02043506],[3.09113097]
[4.27230619],[1.03371668],[3.17454192]
[4.23405409],[1.05066237],[3.18479755]
[4.29290084],[1.0600256],[3.24768056]
[4.23078269],[1.06422677],[3.23257487]
[4.28486719],[1.06622406],[3.27589293]
[4.2311136],[1.07264763],[3.25867998]
[4.28641958],[1.08226774],[3.30792515]
[4.22055731],[1.09017031],[3.29077497]
[4.27846183],[1.09730182],[3.34116877]
[4.22109527],[1.10731305],[3.32359688]
[4.28340712],[1.11235263],[3.37325529]
[4.24745704],[1.11519833],[3.3626263]
[4.28537312],[1.10911891],[3.3778453]
[4.24869574],[1.10458424],[3.34320411]
[4.2762242],[1.09841742],[3.32481988]
[4.24092369],[1.09338153],[3.29093901]
[4.22336256],[1.08923546],[3.2684548]
[4.20833223],[1.08231109],[3.23971714]
[4.19767227],[1.08133204],[3.22328579]
[4.19172875],[1.07458761],[3.20488668]
[4.17275296],[1.06634111],[3.17639947]
[4.15083255],[1.05368302],[3.13631139]
[4.14014082],[1.03571511],[3.09789474]
[4.11953768],[1.01758412],[3.04761743]
[4.09789755],[0.99696837],[2.98715157]
[4.07985669],[0.98105396],[2.93205577]
[4.06629992],[0.97282342],[2.8708246]
[4.03301381],[0.96448445],[2.807248]
[3.98874117],[0.95480822],[2.73810816]
[3.95376198],[0.95032104],[2.67629466]
[3.91059415],[0.94626266],[2.61461834]
[3.86634206],[0.94237778],[2.55049433]
[3.83014231],[0.93810492],[2.49234759]
[3.44073716],[0.9341054],[2.28377639]
[0.],[0.],[0.]
[0.],[0.],[0.]
[1.59068771],[0.50301733],[0.60113008]
[2.38885037],[0.72600784],[1.24484401]
[2.49622121],[0.82764765],[1.49377834]
[2.54621604],[0.8737411],[1.62982513]
[2.71125907],[0.90885934],[1.7719413]
[2.97219225],[0.94431931],[1.9238377]
[3.19262487],[0.95729467],[2.04916561]
[3.37633133],[0.97168072],[2.17876312]
[3.57463163],[0.9824535],[2.30906135]
[3.70889892],[0.98804631],[2.47936421]
[3.80657812],[0.99536444],[2.55201624]
[3.94500126],[1.00012885],[2.72034701]
[3.99564971],[1.00769172],[2.76347026]
[4.13042271],[1.01254223],[2.91399107]
[4.12532061],[1.02319481],[2.96695226]
[4.25187139],[1.02625136],[3.10498002]
[4.25426448],[1.03527769],[3.16831203]
[4.37263515],[1.05506605],[3.29565517]
[4.37879659],[1.07762247],[3.33116503]
[4.44107213],[1.09042423],[3.41532214]
[4.4231923],[1.10622298],[3.41852936]
[4.46475441],[1.1151091],[3.48657488]
[4.4270094],[1.12019085],[3.46699542]
[4.45831552],[1.12251525],[3.51639116]
[4.42907722],[1.13179847],[3.50137175]
[4.4637841],[1.14042726],[3.55584587]
[4.42652805],[1.14787709],[3.53818278]
[4.45990017],[1.15475059],[3.59155228]
[4.428383],[1.16461169],[3.5772897]
[4.46955008],[1.16985071],[3.62433247]
[4.46116433],[1.17378755],[3.62111984]
[4.47020934],[1.16836056],[3.63961915]
[4.46413736],[1.16374356],[3.61259341]
[4.46323837],[1.15801887],[3.59766008]
[4.45543602],[1.15330976],[3.5635454]
[4.42623052],[1.14947367],[3.54208117]
[4.4099609],[1.14414978],[3.51666186]
[4.39989481],[1.14193223],[3.50529779]
[4.39322797],[1.13523708],[3.48998981]
[4.37996064],[1.12718291],[3.46544188]
[4.35897798],[1.11642085],[3.42791414]
[4.34815375],[1.09978385],[3.39305674]
[4.33261547],[1.08219247],[3.34549307]
[4.30988656],[1.06396099],[3.28706968]
[4.29232461],[1.04957394],[3.23539257]
[4.27946696],[1.03554181],[3.18306454]
[4.25992682],[1.02136372],[3.12463084]
[4.21629499],[1.00609751],[3.05166156]
[4.18148668],[0.99152717],[2.98372594]
[4.13994055],[0.9798744],[2.91525953]
[4.09236172],[0.97104137],[2.84832843]
[4.0534563],[0.96326274],[2.79231223]
[3.6677103],[0.95663295],[2.57654122]
[0.],[0.],[0.]
[0.],[0.],[0.]
[1.60855271],[0.54749898],[0.66529414]
[2.41145671],[0.74071153],[1.29006087]
[2.51632536],[0.8460509],[1.54443807]
[2.57343902],[0.89043241],[1.68171885]
[2.83300926],[0.93085622],[1.85874365]
[3.09476626],[0.96317509],[2.02677051]
[3.34037081],[0.97684393],[2.16738706]
[3.52407938],[0.99075554],[2.3176435]
[3.70823067],[1.00228298],[2.45986968]
[3.86144497],[1.00675674],[2.68242687]
[3.92872358],[1.01511894],[2.77426941]
[4.09613593],[1.01889372],[2.94819291]
[4.09068513],[1.02807602],[3.01792905]
[4.21837432],[1.03344312],[3.15229274]
[4.22487813],[1.05043128],[3.21138713]
[4.33991971],[1.0685244],[3.33928283]
[4.35735177],[1.09193677],[3.39294021]
[4.45931077],[1.11645669],[3.50944521]
[4.48017061],[1.13743008],[3.55304866]
[4.52923258],[1.14962639],[3.62012927]
[4.52650696],[1.16372731],[3.6406181]
[4.55618735],[1.17266681],[3.69176147]
[4.53442533],[1.17996732],[3.69604964]
[4.55343218],[1.18668894],[3.73166803]
[4.53853518],[1.19623522],[3.73421223]
[4.56193403],[1.20428251],[3.77928382]
[4.538199],[1.21134126],[3.77447398]
[4.5577678],[1.21784769],[3.81604339]
[4.53702834],[1.22716049],[3.81652157]
[4.56436403],[1.23245844],[3.85831907]
[4.56926457],[1.23809143],[3.86223047]
[4.56436528],[1.23296412],[3.88376031]
[4.5718404],[1.22897123],[3.85461775]
[4.55877259],[1.22379101],[3.84335624]
[4.56513083],[1.21965696],[3.80878147]
[4.5325358],[1.2160896],[3.78487503]
[4.51891284],[1.21119169],[3.75861915]
[4.51075479],[1.20731429],[3.74005261]
[4.50493217],[1.20150878],[3.72030158]
[4.49540766],[1.19407702],[3.69231348]
[4.47729831],[1.18408756],[3.65135313]
[4.46837493],[1.17004618],[3.61451413]
[4.45823234],[1.15327129],[3.57461549]
[4.43902663],[1.1375958],[3.5245449]
[4.42403147],[1.12371081],[3.47808381]
[4.4115976],[1.10959386],[3.42988569]
[4.39594622],[1.09556278],[3.37811874]
[4.35980224],[1.08041516],[3.30891073]
[4.3246759],[1.06613102],[3.24670692]
[4.28460292],[1.05202551],[3.18433714]
[4.23791662],[1.03641392],[3.1144127]
[4.19851384],[1.02197562],[3.05229493]
[3.80934922],[1.0073543],[2.8260873]
[0.],[0.],[0.]
[0.],[0.],[0.]
[1.62575367],[0.58020706],[0.7162739]
[2.42567004],[0.75503802],[1.33012233]
[2.53888819],[0.86290786],[1.59106254]
[2.67684513],[0.90550967],[1.74272321]
[2.96040849],[0.94847234],[1.94129152]
[3.21661905],[0.9793366],[2.11771291]
[3.47755695],[0.99262306],[2.28326919]
[3.67119366],[1.00564711],[2.46340287]
[3.84312928],[1.01522287],[2.60205416]
[4.00855509],[1.01823702],[2.87927334]
[4.06233795],[1.02618816],[2.99925338]
[4.18644254],[1.03043101],[3.14742001]
[4.18707197],[1.05282617],[3.20222655]
[4.30784974],[1.0727902],[3.34066943]
[4.32874904],[1.09813831],[3.39659843]
[4.42804643],[1.11508394],[3.51253937]
[4.45891523],[1.13817017],[3.57809577]
[4.53902557],[1.1606327],[3.67772485]
[4.56253932],[1.17914146],[3.72283634]
[4.58706289],[1.19069643],[3.77958076]
[4.5838271],[1.20368904],[3.80438856]
[4.6001929],[1.21273054],[3.85005605]
[4.58350633],[1.22239889],[3.85513256]
[4.59165715],[1.22936319],[3.89258616]
[4.58065703],[1.23871982],[3.89396013]
[4.59409148],[1.24661765],[3.9359599]
[4.57402201],[1.25417977],[3.93337049]
[4.58582542],[1.26065286],[3.97333295]
[4.57127038],[1.26984482],[3.97474527]
[4.59363691],[1.2752218],[4.01574793]
[4.60218629],[1.28147506],[4.01757472]
[4.59324014],[1.27676678],[4.04151985]
[4.60468194],[1.27321088],[4.01340603]
[4.58775408],[1.26857972],[4.00457352]
[4.59812864],[1.26491573],[3.97164509]
[4.56470366],[1.26161523],[3.94858176]
[4.55212498],[1.25906944],[3.92743747]
[4.54407347],[1.25381023],[3.91096954]
[4.53742685],[1.24917527],[3.89447747]
[4.52822045],[1.24231391],[3.86855446]
[4.51010638],[1.23277514],[3.82734244]
[4.50038303],[1.22043317],[3.78455469]
[4.48956284],[1.20529135],[3.73580082]
[4.47117904],[1.19020364],[3.68281014]
[4.45729389],[1.17688955],[3.63119128]
[4.44471598],[1.16370685],[3.58221397]
[4.42978878],[1.15027465],[3.53115244]
[4.3973854],[1.13528734],[3.46572869]
[4.36480212],[1.12131897],[3.4078364]
[4.32538031],[1.10708007],[3.34861152]
[4.27902748],[1.09062669],[3.27974648]
[4.23999584],[1.07575365],[3.22059916]
[3.84478841],[1.06068536],[2.99051096]
[0.],[0.],[0.]
[0.],[0.],[0.]
[1.6425588],[0.61351346],[0.76550911]
[2.43973984],[0.77131628],[1.36938468]
[2.56330698],[0.8772848],[1.62951304]
[2.78011885],[0.92145313],[1.80881552]
[3.09065639],[0.96402841],[2.02984167]
[3.34373131],[0.98947167],[2.20391955]
[3.60653916],[1.00246004],[2.40201251]
[3.80956567],[1.01304886],[2.61073608]
[3.97506224],[1.02355207],[2.78709527]
[4.14532901],[1.02599873],[3.07838359]
[4.15559899],[1.05255212],[3.18411648]
[4.27216441],[1.07571636],[3.32330643]
[4.27724548],[1.09738385],[3.36842202]
[4.37549992],[1.11595547],[3.49712427]
[4.39329423],[1.13998798],[3.5536445]
[4.47203743],[1.15609013],[3.65578789]
[4.50189798],[1.17910352],[3.72819169]
[4.57016509],[1.19924931],[3.81975762]
[4.60053146],[1.21541223],[3.87090313]
[4.61436071],[1.22728816],[3.92134516]
[4.6180159],[1.23931413],[3.947192]
[4.62676501],[1.24892777],[3.99231811]
[4.6175869],[1.25951391],[3.99821523]
[4.61830458],[1.26745063],[4.0345627]
[4.61450422],[1.27655972],[4.04047323]
[4.62093604],[1.28403483],[4.07772647]
[4.60879353],[1.29116503],[4.07837708]
[4.6134781],[1.2974848],[4.11326569]
[4.60567336],[1.30631701],[4.11960562]
[4.62243867],[1.31307886],[4.15764358]
[4.63471596],[1.31781746],[4.19251556]
[4.62177056],[1.31466982],[4.18614984]
[4.63721268],[1.31128533],[4.20605923]
[4.61630133],[1.30696962],[4.15294057]
[4.63038041],[1.30332569],[4.11899263]
[4.59538656],[1.30029488],[4.096575]
[4.58281893],[1.29787588],[4.07780113]
[4.57502186],[1.29235065],[4.06236601]
[4.56915664],[1.2860528],[4.04308427]
[4.56093848],[1.2783214],[4.01647863]
[4.54348559],[1.26921389],[3.97616939]
[4.53393267],[1.25805723],[3.93560576]
[4.52317902],[1.24318945],[3.88932963]
[4.5038934],[1.22854184],[3.83276933]
[4.48937291],[1.21554343],[3.77595697]
[4.47739193],[1.20255361],[3.72058802]
[4.46378886],[1.18938898],[3.66371918]
[4.43401796],[1.17503453],[3.5944435]
[4.40285623],[1.16223756],[3.53589332]
[4.36441984],[1.14718857],[3.47399776]
[4.31876807],[1.12953678],[3.40470992]
[4.2794726],[1.11305984],[3.34283142]
[3.87923553],[1.09733819],[3.11028866]
[0.],[0.],[0.]
[0.],[0.],[0.]
[1.64827467],[0.64305369],[0.81464369]
[2.45719336],[0.78515979],[1.41580132]
[2.57599239],[0.8924713],[1.67372632]
[2.88155033],[0.94190296],[1.8918189]
[3.21659052],[0.98167531],[2.12809954]
[3.48260375],[1.00078885],[2.33304624]
[3.71867344],[1.01471221],[2.54008791]
[3.94335384],[1.02337658],[2.80091333]
[4.09775726],[1.04926808],[3.00360513]
[4.20785704],[1.07755421],[3.25036333]
[4.21723747],[1.10345528],[3.35276826]
[4.32281097],[1.12439493],[3.486702]
[4.33295464],[1.14369042],[3.53894295]
[4.4227738],[1.16058251],[3.65251189]
[4.44447316],[1.18230724],[3.71629013]
[4.51746549],[1.19593285],[3.81227356]
[4.5538984],[1.21426901],[3.886491]
[4.61375857],[1.23043074],[3.97325691]
[4.64751542],[1.24408602],[4.01476327]
[4.65542888],[1.25574403],[4.06630347]
[4.66430376],[1.26762615],[4.08971894]
[4.66737869],[1.2785129],[4.13503669]
[4.66392311],[1.28888289],[4.14031361]
[4.6589564],[1.29593897],[4.17318218]
[4.6600425],[1.30447411],[4.17890686]
[4.66080467],[1.31165121],[4.21439212]
[4.65454745],[1.31847744],[4.21437515]
[4.65366299],[1.32541294],[4.25394919]
[4.65104879],[1.33485792],[4.26790868]
[4.66383936],[1.34124268],[4.30269704]
[4.68257061],[1.34618272],[4.38023196]
[4.66284914],[1.34456632],[4.35786965]
[4.68458943],[1.34187679],[4.39133347]
[4.65761759],[1.33783162],[4.33638621]
[4.67791454],[1.33419972],[4.30090362]
[4.641488],[1.33140975],[4.27306619]
[4.62968278],[1.32759232],[4.24622083]
[4.62194571],[1.32200835],[4.23638817]
[4.61573293],[1.31506383],[4.20119832]
[4.6084873],[1.30687917],[4.16137912]
[4.59248186],[1.29734773],[4.11510588]
[4.58336048],[1.2869876],[4.06779306]
[4.57292795],[1.27268692],[4.01966673]
[4.5551331],[1.25887738],[3.96569472]
[4.54157093],[1.24673976],[3.91329087]
[4.52763397],[1.23515326],[3.86099531]
[4.51158122],[1.22284785],[3.79947029]
[4.48761992],[1.20917881],[3.72571647]
[4.46108202],[1.19552436],[3.65984978]
[4.42334782],[1.18195244],[3.59669204]
[4.37957164],[1.16583783],[3.52996093]
[4.34140302],[1.15055727],[3.46962719]
[3.9389469],[1.13563423],[3.23198223]
[0.],[0.],[0.]
[0.],[0.],[0.]
[1.63587594],[0.64684572],[0.8109806]
[2.47012669],[0.79476195],[1.44546734]
[2.62154891],[0.90077412],[1.70989121]
[2.95189085],[0.95362348],[1.95175934]
[3.3132371],[0.99253205],[2.21291924]
[3.55805279],[1.00824317],[2.48327237]
[3.78785352],[1.02301184],[2.69168361]
[4.01555768],[1.04251319],[3.03191542]
[4.13837961],[1.10912594],[3.21815143]
[4.24420212],[1.13104406],[3.42611599]
[4.25924054],[1.15260895],[3.5291427]
[4.35642102],[1.16818956],[3.65643453]
[4.37251468],[1.1828154],[3.71069723]
[4.45347551],[1.19589978],[3.81440091]
[4.48233666],[1.21310145],[3.87450478]
[4.54852822],[1.22524862],[3.96436504]
[4.59284382],[1.24321228],[4.02804045]
[4.64271217],[1.25899173],[4.10785298]
[4.6811198],[1.27144276],[4.14413449]
[4.68233019],[1.28436912],[4.19247702]
[4.69721017],[1.29725196],[4.21860943]
[4.69412373],[1.30783468],[4.27447329]
[4.6971322],[1.31819677],[4.2934526]
[4.68616202],[1.32525337],[4.33166025]
[4.69345674],[1.3333232],[4.35229657]
[4.6887621],[1.34110768],[4.39148024]
[4.68850006],[1.34882907],[4.39831291]
[4.68177743],[1.35567645],[4.44077794]
[4.68456759],[1.36510911],[4.46143709]
[4.69172584],[1.37208149],[4.4937062]
[4.71398634],[1.37753013],[4.56184835]
[4.69050886],[1.3772151],[4.54699512]
[4.71656007],[1.37432274],[4.57236916]
[4.68613282],[1.37063683],[4.52889617]
[4.70954182],[1.36710084],[4.49637506]
[4.67201481],[1.36451692],[4.46748567]
[4.66033205],[1.35969544],[4.44190408]
[4.65197217],[1.35453544],[4.42672037]
[4.64561495],[1.34711789],[4.39310751]
[4.63913598],[1.33923537],[4.35157113]
[4.62364889],[1.33004169],[4.30072147]
[4.61511692],[1.32005352],[4.24751765]
[4.60600881],[1.30665042],[4.18889653]
[4.58811153],[1.29364509],[4.11959253]
[4.57452463],[1.2820729],[4.05956366]
[4.56057599],[1.27051572],[4.00748853]
[4.54560653],[1.258921],[3.94832047]
[4.52250158],[1.24516811],[3.87619313]
[4.49815815],[1.23235375],[3.80554377]
[4.46038535],[1.21960209],[3.73621716]
[4.41601338],[1.20515299],[3.66395041]
[4.37799253],[1.19171946],[3.59854608]
[3.97353947],[1.17861434],[3.35901973]
[0.],[0.],[0.]
[0.],[0.],[0.]
[1.63519893],[0.65149772],[0.82153935]
[2.48173915],[0.80393122],[1.47729444]
[2.67400774],[0.90865021],[1.7465588]
[3.01610829],[0.96171782],[2.0062159]
[3.3813167],[1.00016444],[2.29067326]
[3.61740682],[1.01289076],[2.63169326]
[3.85375094],[1.02867555],[2.86167042]
[4.06207673],[1.07330201],[3.1697156]
[4.17452776],[1.13425019],[3.34494687]
[4.27829],[1.15303546],[3.53137615]
[4.30059893],[1.17406925],[3.63903948]
[4.388879],[1.18921927],[3.75218197]
[4.41139134],[1.20361479],[3.8108162]
[4.4849544],[1.2163804],[3.90464801]
[4.51985188],[1.23412472],[3.97322144]
[4.58041023],[1.24775073],[4.06161861]
[4.63077486],[1.26557416],[4.12613787]
[4.67349256],[1.28050518],[4.20100005]
[4.71513981],[1.29243199],[4.24187145]
[4.71072197],[1.30655859],[4.31136919]
[4.72990157],[1.31900024],[4.36724818]
[4.72203608],[1.32976868],[4.41655745]
[4.72947526],[1.34051828],[4.44182055]
[4.71248189],[1.34891492],[4.47463526]
[4.72368414],[1.3578393],[4.50244618]
[4.71428007],[1.36616285],[4.53590877]
[4.71762588],[1.37614799],[4.55492164]
[4.70975697],[1.38512216],[4.60029411]
[4.71240114],[1.39849296],[4.62995707]
[4.72822688],[1.40862043],[4.68036038]
[4.74899011],[1.41524122],[4.74623704]
[4.73546639],[1.41384017],[4.7563392]
[4.76068005],[1.40867923],[4.7727922]
[4.73793483],[1.40146327],[4.74058173]
[4.76234975],[1.39434577],[4.69570365]
[4.73123272],[1.39189766],[4.65491076]
[4.7085291],[1.38707698],[4.61239323]
[4.68867789],[1.38176229],[4.5794294]
[4.67532316],[1.37398369],[4.53649873]
[4.66925997],[1.36662837],[4.49640755]
[4.65387369],[1.35808974],[4.44548216]
[4.64564677],[1.34796381],[4.39331707]
[4.63749028],[1.33487872],[4.33430115]
[4.61987496],[1.32114849],[4.25941295]
[4.60722864],[1.3080395],[4.19338541]
[4.59319743],[1.29518995],[4.11114594]
[4.57860048],[1.28298747],[4.05162596]
[4.55609382],[1.26953018],[3.98063838]
[4.53325636],[1.2569619],[3.91156377]
[4.49790287],[1.24441195],[3.83967837]
[4.45321252],[1.23029021],[3.76315982]
[4.41466936],[1.21796481],[3.69866397]
[4.00857125],[1.20544289],[3.45125757]
[0.],[0.],[0.]
[0.],[0.],[0.]
[1.64128919],[0.65624146],[0.84286934]
[2.49265263],[0.81411777],[1.51551711]
[2.72220747],[0.92528337],[1.7961087]
[3.07135559],[0.97534664],[2.07486646]
[3.42171904],[1.01092341],[2.37061425]
[3.68553137],[1.02292611],[2.78796431]
[3.90239248],[1.05881267],[3.00049338]
[4.12376049],[1.10577687],[3.28518879]
[4.21948619],[1.1607894],[3.46145414]
[4.32749113],[1.17976176],[3.6390308]
[4.34754663],[1.20026398],[3.75020675]
[4.43522616],[1.21529087],[3.86181092]
[4.45736252],[1.22860516],[3.92345728]
[4.53021923],[1.24121156],[4.01820083]
[4.56535177],[1.25976509],[4.08526052]
[4.62761158],[1.27376249],[4.17372131]
[4.67947895],[1.29099588],[4.23778761]
[4.71980036],[1.304982],[4.31619411]
[4.74653673],[1.32045204],[4.40037122]
[4.74915067],[1.33663954],[4.49466258]
[4.75651469],[1.35273347],[4.54502331]
[4.76481988],[1.36691475],[4.62069729]
[4.76099801],[1.38306892],[4.65265597]
[4.7623078],[1.39572641],[4.72403209]
[4.76642116],[1.40878078],[4.7627198]
[4.7697532],[1.42065906],[4.82832204]
[4.77230269],[1.43341027],[4.8603016]
[4.77837073],[1.44438209],[4.9282405]
[4.79785657],[1.456691],[4.9751959]
[4.81352159],[1.46408648],[5.03364934]
[4.85223898],[1.47347588],[5.1108953]
[4.83188133],[1.4687222],[5.13227738]
[4.87227806],[1.46195076],[5.14045472]
[4.84528404],[1.45349856],[5.12670194]
[4.88298094],[1.44654895],[5.08021404]
[4.85732634],[1.44038853],[5.02503694]
[4.84727784],[1.43084739],[4.96552311]
[4.81782233],[1.42116235],[4.89388371]
[4.78503391],[1.4079463],[4.8113783]
[4.7483835],[1.39567406],[4.72353918]
[4.70894074],[1.3864499],[4.63943541]
[4.69154107],[1.37684281],[4.57835619]
[4.67313393],[1.36491315],[4.51298783]
[4.65784368],[1.35136957],[4.44347436]
[4.6499089],[1.3380439],[4.38464063]
[4.64088402],[1.32398541],[4.28983851]
[4.62735611],[1.30990552],[4.18562558]
[4.6049465],[1.29691997],[4.11278705]
[4.58432645],[1.28538812],[4.04789397]
[4.5517901],[1.27323527],[3.97559629]
[4.50729117],[1.25965105],[3.89752893]
[4.46882288],[1.24703826],[3.82463706]
[4.06798884],[1.23493016],[3.57792226]
[0.],[0.],[0.]
[0.],[0.],[0.]
[1.64734602],[0.65451324],[0.84635913]
[2.50311405],[0.82119749],[1.5374928]
[2.76690027],[0.93747856],[1.83548381]
[3.1144611],[0.98352249],[2.13954631]
[3.46353235],[1.02013907],[2.51573832]
[3.7298499],[1.04662999],[2.9477878]
[3.94557719],[1.09855739],[3.15481104]
[4.1646896],[1.14342706],[3.41625402]
[4.25719412],[1.19260007],[3.59904733]
[4.36141729],[1.21193831],[3.76544455]
[4.38639054],[1.23116601],[3.88177947]
[4.46975331],[1.24523717],[3.9972431]
[4.49611462],[1.2591251],[4.05490455]
[4.56483635],[1.2721974],[4.1501433]
[4.60737607],[1.28965067],[4.22629636]
[4.66565257],[1.30711053],[4.33275698]
[4.72672589],[1.33408608],[4.42971613]
[4.76432699],[1.35971259],[4.58868205]
[4.79844133],[1.38123291],[4.71188402]
[4.8064479],[1.39693643],[4.83412456]
[4.85034972],[1.41462512],[4.91596635]
[4.84399689],[1.43105601],[4.98674956]
[4.8736316],[1.44818357],[5.04389102]
[4.85575886],[1.46165434],[5.11934615]
[4.89342988],[1.4744839],[5.16597259]
[4.87291823],[1.48582418],[5.25967983]
[4.91131137],[1.49480867],[5.28652849]
[4.8844791],[1.50266425],[5.40752479]
[4.92256955],[1.51303979],[5.4340471]
[4.92190741],[1.52066558],[5.58420616]
[5.05387019],[1.53073757],[5.67317341]
[4.97836535],[1.52656435],[5.72957317]
[5.1108292],[1.51992053],[5.75351112]
[5.03565664],[1.51019098],[5.7338992]
[5.15047065],[1.50045081],[5.6921152]
[5.11035118],[1.48996203],[5.60218359]
[5.08886684],[1.48047161],[5.53028596]
[5.00194072],[1.46941975],[5.43357623]
[4.895966],[1.45720009],[5.30342347]
[4.8724426],[1.44465707],[5.1530736]
[4.84165838],[1.43043136],[5.01222508]
[4.81077725],[1.41557758],[4.89458421]
[4.77621438],[1.39984892],[4.79366206]
[4.73070171],[1.3834649],[4.68358033]
[4.70073082],[1.37055192],[4.59655628]
[4.67743636],[1.35711879],[4.51147537]
[4.65599723],[1.34301079],[4.40685294]
[4.63536387],[1.32819639],[4.28345752]
[4.61777845],[1.3167222],[4.19742505]
[4.58940984],[1.30530131],[4.12425017]
[4.54257375],[1.29265738],[4.04503662]
[4.50448685],[1.28124949],[3.975748]
[4.10349763],[1.27049154],[3.72656118]
[0.],[0.],[0.]
[0.],[0.],[0.]
[1.65219467],[0.65292766],[0.85096823]
[2.51324625],[0.82782978],[1.55870988]
[2.81156552],[0.94707929],[1.87118379]
[3.15647917],[0.9895499],[2.20081203]
[3.50514216],[1.02855708],[2.6444796]
[3.7725239],[1.07580803],[3.0550662]
[3.98903547],[1.12594733],[3.26910057]
[4.2056683],[1.17018288],[3.51442845]
[4.29600948],[1.21406091],[3.69773821]
[4.39673953],[1.23448183],[3.86461212]
[4.42725332],[1.25295764],[3.98349939]
[4.50755544],[1.26772144],[4.0979421]
[4.54435079],[1.28582126],[4.17952175]
[4.60779614],[1.30775401],[4.30019653]
[4.66042084],[1.33648016],[4.41411266]
[4.7182767],[1.36277173],[4.55978935]
[4.79468617],[1.39580376],[4.7632635]
[4.8453122],[1.4210525],[4.94116914]
[4.91574319],[1.44167816],[5.08244462]
[4.92165878],[1.45807733],[5.20675321]
[5.01974215],[1.47744386],[5.31706401]
[5.03577566],[1.49424651],[5.47925975]
[5.0839722],[1.51163369],[5.52654582]
[5.08065581],[1.52291472],[5.64673327]
[5.13005898],[1.53195857],[5.72012875]
[5.15123229],[1.54094766],[5.845278]
[5.18744365],[1.54988019],[5.9083184]
[5.20712173],[1.55783288],[6.02017901]
[5.23884093],[1.56835857],[6.09941577]
[5.29718754],[1.57606172],[6.21683487]
[5.4145167],[1.58769106],[6.35637632]
[5.41417331],[1.59134244],[6.40231359]
[5.48607262],[1.57915159],[6.46627857]
[5.50276663],[1.56770168],[6.43363334]
[5.53975553],[1.5587237],[6.44062804]
[5.56888308],[1.54778575],[6.36186848]
[5.55842016],[1.53555791],[6.24435814]
[5.50909727],[1.51969111],[6.09317966]
[5.38098334],[1.50696742],[5.90511777]
[5.22629788],[1.4950647],[5.72336877]
[5.09964003],[1.48193684],[5.5545889]
[4.98960803],[1.46814833],[5.39931088]
[4.89231397],[1.45272922],[5.23922868]
[4.86335823],[1.43173946],[5.05852269]
[4.83270585],[1.41293456],[4.92796528]
[4.7954443],[1.39461998],[4.79218455]
[4.75102712],[1.37637956],[4.65937793]
[4.69925331],[1.35879094],[4.51113647]
[4.66274107],[1.34375754],[4.37279802]
[4.63172215],[1.33195336],[4.25728461]
[4.58811054],[1.31962673],[4.17791518]
[4.54830292],[1.30925063],[4.11014656]
[4.14778706],[1.29888029],[3.86192714]
[0.],[0.],[0.]
[0.],[0.],[0.]
[1.65893689],[0.65183344],[0.8606487]
[2.5250463],[0.83613359],[1.58198798]
[2.85916566],[0.95625236],[1.9100944]
[3.21058521],[0.99763782],[2.29492766]
[3.54584006],[1.04345365],[2.77056519]
[3.81800628],[1.10241095],[3.15399042]
[4.03415159],[1.15188382],[3.37841607]
[4.24749684],[1.1955122],[3.61098918]
[4.34041649],[1.23445035],[3.80093808]
[4.43870925],[1.25687349],[3.9810747]
[4.48048758],[1.28603138],[4.12812168]
[4.55307645],[1.31126945],[4.26617121]
[4.59894033],[1.33662301],[4.39183731]
[4.66115881],[1.36023726],[4.54483795]
[4.75551591],[1.39541269],[4.74440101]
[4.84117039],[1.42257717],[4.96778754]
[4.93773327],[1.45384567],[5.15580072]
[5.00830623],[1.47808318],[5.31460875]
[5.15884462],[1.49918297],[5.49842407]
[5.23923159],[1.51405668],[5.74228875]
[5.32846434],[1.53374507],[5.88758932]
[5.41132983],[1.55001025],[6.03600644]
[5.45244276],[1.56340118],[6.15595125]
[5.49915218],[1.57323129],[6.28174627]
[5.52535556],[1.58254242],[6.4106069]
[5.56854237],[1.59176208],[6.54273236]
[5.58871531],[1.60100934],[6.66102338]
[5.61940499],[1.6199741],[6.77919498]
[5.63174454],[1.62891497],[6.90462735]
[5.67214853],[1.65601022],[7.04029115]
[5.67099179],[1.67240057],[7.20386834]
[5.75416744],[1.69886293],[7.30706054]
[5.75155085],[1.68006923],[7.35827225]
[5.82799496],[1.6595282],[7.36649556]
[5.84088032],[1.64180272],[7.3227644]
[5.98180965],[1.62402076],[7.3165586]
[5.98992519],[1.60605426],[7.18340704]
[5.93061233],[1.58352427],[7.00844223]
[5.79592336],[1.55594759],[6.74971532]
[5.67916786],[1.54314713],[6.50162192]
[5.5975266],[1.53208356],[6.28941572]
[5.5053928],[1.52108003],[6.08708248]
[5.3672631],[1.50751047],[5.87783122]
[5.23053906],[1.49047657],[5.70221011]
[5.14081021],[1.4735898],[5.5494238]
[5.03312652],[1.45575588],[5.3924159]
[4.9237833],[1.43742688],[5.22867231]
[4.86550754],[1.41748099],[4.98266976]
[4.83581085],[1.39873438],[4.81758747]
[4.79380195],[1.379039],[4.66524786]
[4.70572203],[1.35971942],[4.46817266]
[4.63990663],[1.34265334],[4.32485439]
[4.21015057],[1.3274464],[4.0274918]
[0.],[0.],[0.]
[0.],[0.],[0.]
[1.669595],[0.65830673],[0.88458092]
[2.53664987],[0.85537325],[1.61690006]
[2.90255438],[0.97026119],[1.96335014]
[3.27500269],[1.01089671],[2.43025559]
[3.59033127],[1.07673573],[2.89725196]
[3.87342807],[1.13453666],[3.26360623]
[4.08287367],[1.18334891],[3.50240769]
[4.30690295],[1.23431377],[3.76770552]
[4.40165106],[1.28151882],[3.98180529]
[4.49721074],[1.31371893],[4.19506305]
[4.54676564],[1.34255106],[4.3916992]
[4.63677104],[1.36789366],[4.56313506]
[4.72332825],[1.3991207],[4.72786015]
[4.82080611],[1.42512444],[4.96148993]
[4.91094247],[1.45828273],[5.16760399]
[4.98549005],[1.48524948],[5.3452653]
[5.15596917],[1.51547964],[5.57716287]
[5.29856472],[1.53957308],[5.87219779]
[5.49241181],[1.55989748],[6.12407776]
[5.60725304],[1.5732997],[6.3820598]
[5.66705449],[1.58914918],[6.60983711]
[5.75182529],[1.60287167],[6.81570612]
[5.74004485],[1.61611905],[6.99076182]
[5.82404703],[1.63216271],[7.15812745]
[5.81905813],[1.6524099],[7.29896012]
[5.89080112],[1.69136346],[7.47500185]
[5.90029051],[1.71205465],[7.59222411]
[6.0432034],[1.74434191],[7.80110676]
[6.04193678],[1.75857565],[7.89839607]
[6.16019593],[1.78283737],[8.14279427]
[6.19912887],[1.79851205],[8.25426029]
[6.24009508],[1.8167225],[8.43088725]
[6.27818393],[1.81483148],[8.48685161]
[6.29689558],[1.80328357],[8.59973153]
[6.33921058],[1.78845545],[8.58710034]
[6.34193526],[1.77157412],[8.60704993]
[6.3787859],[1.75165481],[8.54540902]
[6.356589],[1.73282557],[8.38895221]
[6.34910594],[1.69358851],[8.1651511]
[6.28770146],[1.65014098],[7.84750814]
[6.19938598],[1.61207069],[7.52874013]
[6.08395659],[1.58405024],[7.2449027]
[5.91300472],[1.56761832],[6.98943174]
[5.81791955],[1.55229643],[6.76040611]
[5.72994797],[1.53646004],[6.50992028]
[5.64462516],[1.51978661],[6.2706888]
[5.57859555],[1.50220632],[6.0431938]
[5.47126384],[1.48308717],[5.76797863]
[5.34245843],[1.46543978],[5.522382]
[5.24100549],[1.44826968],[5.28231619]
[5.04973972],[1.42872914],[5.0096031]
[4.86405344],[1.41073684],[4.8581452]
[4.43444766],[1.39170354],[4.50679414]
[0.14725289],[0.81594373],[0.06921654]
[0.],[0.],[0.]
[1.68253456],[0.65671194],[0.89997201]
[2.55232808],[0.8674295],[1.64411324]
[2.95852242],[0.98028927],[2.01465064]
[3.31529684],[1.0212737],[2.58862765]
[3.64485531],[1.12308376],[3.03867296]
[3.93057551],[1.18812686],[3.42497592]
[4.15111691],[1.24559413],[3.7417457]
[4.36496912],[1.29538971],[4.02039839]
[4.49415263],[1.34124317],[4.27625637]
[4.59731784],[1.37579405],[4.53810228]
[4.69063967],[1.40667601],[4.7659013]
[4.79624269],[1.43480405],[4.99403844]
[4.8950635],[1.46449427],[5.20330557]
[4.92264975],[1.48952208],[5.38054701]
[5.08799033],[1.52297526],[5.64446751]
[5.22335323],[1.54869675],[5.96717127]
[5.45340872],[1.57766887],[6.2535848]
[5.62651653],[1.59994315],[6.5484769]
[5.74135457],[1.61539633],[6.81556093]
[5.91696709],[1.62499148],[7.15308878]
[6.07007333],[1.63962229],[7.50876915]
[6.21265775],[1.6614691],[7.81474243]
[6.25308127],[1.70120716],[7.99494087]
[6.28645487],[1.75702012],[8.27867831]
[6.33690637],[1.78219419],[8.41581081]
[6.33666585],[1.81823253],[8.68615989]
[6.39540431],[1.84311742],[8.8386756]
[6.3776394],[1.86614155],[9.05829847]
[6.43701271],[1.88450814],[9.200211]
[6.42630068],[1.90499924],[9.43511185]
[6.52146799],[1.92206793],[9.60130279]
[6.55424992],[1.93670444],[9.76802601]
[6.73090372],[1.95091164],[9.91305548]
[6.77888386],[1.9449125],[10.00159879]
[6.87859815],[1.93357069],[10.13460576]
[6.92747244],[1.92092477],[10.1465325]
[6.97231903],[1.90481085],[10.17485138]
[6.99162852],[1.88387776],[10.0864148]
[6.97297509],[1.85106534],[9.86265174]
[6.93557028],[1.81518815],[9.49856194]
[6.81810612],[1.77198856],[9.1082831]
[6.6496163],[1.72893923],[8.76795592]
[6.49822451],[1.68402675],[8.467091]
[6.40398972],[1.64057886],[8.17709497]
[6.35050079],[1.59828445],[7.88825744]
[6.27953747],[1.57837001],[7.57901997]
[6.1792558],[1.5620155],[7.24675909]
[6.02560811],[1.54432779],[6.9013899]
[5.93778056],[1.52736697],[6.59854898]
[5.84614571],[1.50984022],[6.18502048]
[5.7428708],[1.49115707],[5.86649556]
[5.4769874],[1.47448696],[5.57375187]
[4.82630719],[1.45804609],[5.10386006]
[0.45829057],[0.91230696],[0.2570212]
[0.],[0.],[0.]
[1.69196879],[0.66248615],[0.91718566]
[2.56237162],[0.88320182],[1.66970692]
[2.99900967],[0.99079245],[2.06147041]
[3.33316463],[1.04323668],[2.72212084]
[3.68118613],[1.17412126],[3.21387565]
[3.96587813],[1.23966232],[3.61042409]
[4.20848364],[1.29779248],[3.96283946]
[4.43173799],[1.349728],[4.27032407]
[4.5909304],[1.39663243],[4.56280988]
[4.69390911],[1.43610991],[4.88297727]
[4.81352611],[1.46765323],[5.17144011]
[4.87472035],[1.49564941],[5.37378486]
[4.97509819],[1.52554735],[5.59762929]
[5.06416434],[1.55117698],[5.93090893]
[5.23411644],[1.58378677],[6.22076276]
[5.45074734],[1.60643126],[6.55428446]
[5.62818893],[1.63531188],[6.8693915]
[5.81159835],[1.65091909],[7.17353701]
[5.99314367],[1.68788374],[7.60910667]
[6.24504923],[1.73590711],[8.06309873]
[6.37812639],[1.77076934],[8.46444335]
[6.41337552],[1.81832209],[8.93854056]
[6.48149485],[1.85994545],[9.22339547]
[6.49103989],[1.90140752],[9.46679287]
[6.56581154],[1.92388365],[9.71778177]
[6.60422213],[1.95054645],[9.94450508]
[6.75033072],[1.97392608],[10.24044749]
[6.83444263],[1.99223846],[10.50441682]
[6.91976726],[2.00889441],[10.76438139]
[6.98374998],[2.0244099],[11.01401756]
[7.02713421],[2.04281199],[11.25121939]
[7.07821676],[2.05656154],[11.42811444]
[7.09839212],[2.06849578],[11.5709647]
[7.14421834],[2.06603969],[11.66839798]
[7.15213088],[2.05716957],[11.75191251]
[7.31708913],[2.04711255],[11.81640031]
[7.36139686],[2.03217997],[11.78841601]
[7.4599799],[2.01234874],[11.81679048]
[7.41831256],[1.98912433],[11.67457231]
[7.4011802],[1.96178919],[11.32575731]
[7.2353068],[1.9296122],[10.92154001]
[7.14537091],[1.89806381],[10.59039168]
[7.09185723],[1.86439813],[10.2333408]
[7.02089095],[1.8242479],[9.83926615]
[6.92798981],[1.7803832],[9.43870849]
[6.79404289],[1.72569048],[9.0459371]
[6.63300555],[1.67059177],[8.67109543]
[6.53177069],[1.60998796],[8.31473172]
[6.43753731],[1.58521256],[7.95682874]
[6.36485953],[1.56853751],[7.53535133]
[6.28576826],[1.55026021],[6.94725792]
[6.10887111],[1.53302046],[6.45155516]
[5.36760469],[1.5154507],[5.86356945]
[0.58895685],[0.9685481],[0.3815182]
[0.],[0.],[0.]
[1.70287533],[0.66592133],[0.92787706]
[2.57356468],[0.89713489],[1.69376167]
[3.04631312],[0.99662129],[2.10571183]
[3.35030763],[1.0640886],[2.79974755]
[3.7284451],[1.19883597],[3.32313918]
[4.03560011],[1.26587766],[3.73798511]
[4.27337896],[1.32664445],[4.09788769]
[4.48719824],[1.38257355],[4.42624264]
[4.67472738],[1.43497055],[4.7445469]
[4.78454274],[1.47598086],[5.11981222]
[4.90434289],[1.50750375],[5.41602956]
[4.92298762],[1.53608721],[5.67049172]
[5.07902517],[1.5692917],[5.97378971]
[5.17935842],[1.59482908],[6.31005455]
[5.40773],[1.62521718],[6.68176766]
[5.58614449],[1.64854818],[7.01342416]
[5.71899043],[1.69041096],[7.39322494]
[6.00138779],[1.77211372],[7.87078935]
[6.26447834],[1.84007442],[8.40987497]
[6.38734379],[1.87408177],[8.94210936]
[6.54587317],[1.90491164],[9.50088839]
[6.70226321],[1.93928098],[9.92262385]
[6.84268093],[1.97492154],[10.39982644]
[6.92179559],[2.00837267],[10.76076477]
[6.99284539],[2.03014568],[11.11269366]
[7.0394674],[2.05267721],[11.37232282]
[7.08756732],[2.0755508],[11.70222795]
[7.11977567],[2.08923851],[11.90766301]
[7.15885596],[2.10504007],[12.18682413]
[7.19452398],[2.11717153],[12.38739559]
[7.20152564],[2.13573803],[12.58963699]
[7.41675455],[2.14694603],[12.88773647]
[7.47396138],[2.15615532],[13.04484925]
[7.59646641],[2.15414839],[13.27799519]
[7.64733266],[2.1467306],[13.38246866]
[7.70916078],[2.13886433],[13.50226144]
[7.76144828],[2.12686122],[13.51327121]
[7.77414121],[2.10833615],[13.48446744]
[7.78268549],[2.08771053],[13.34445126]
[7.76041529],[2.06247603],[13.11298116]
[7.7356729],[2.0356396],[12.72603472]
[7.65220827],[2.01010359],[12.29165859]
[7.52234886],[1.98444722],[11.82403804]
[7.3177265],[1.95470541],[11.29093837]
[7.20377735],[1.91867224],[10.91723221]
[7.14250202],[1.86995486],[10.55749781]
[7.0755835],[1.81666946],[10.17736095]
[6.98517128],[1.76124358],[9.74427403]
[6.85977083],[1.70397571],[9.24245699]
[6.71499873],[1.64297601],[8.67696784]
[6.61190157],[1.59678488],[8.09430002]
[6.51004273],[1.58012058],[7.47698461]
[5.83228563],[1.5630586],[6.67740089]
[0.74794372],[1.02505008],[0.52285376]
[0.],[0.],[0.]
[1.70163909],[0.67171717],[0.93645043]
[2.57605002],[0.91185689],[1.71913004]
[3.09653886],[1.00741806],[2.16176527]
[3.37413933],[1.08166154],[2.8809196]
[3.75371224],[1.2236806],[3.41718708]
[4.08146729],[1.29138563],[3.8509557]
[4.31783588],[1.35918622],[4.22331799]
[4.53244739],[1.41658378],[4.58383357]
[4.74582466],[1.47145616],[4.97377926]
[4.83983569],[1.51867821],[5.34975773]
[4.95477175],[1.55324654],[5.72082295]
[5.00052253],[1.58215114],[6.10074759]
[5.17757968],[1.61340357],[6.47403483]
[5.35143557],[1.63785655],[6.79846878]
[5.56129019],[1.67634964],[7.20882439]
[5.69088785],[1.74210969],[7.59037832]
[5.92387486],[1.81014582],[8.12975812]
[6.26473976],[1.87532488],[8.64238871]
[6.46511215],[1.93366737],[9.17937482]
[6.60980529],[1.96608738],[9.79323594]
[6.90476516],[1.9941468],[10.4090254]
[7.05213463],[2.02229621],[10.92218463]
[7.1220599],[2.05488278],[11.51392857]
[7.156278],[2.08354494],[11.80502521]
[7.18893154],[2.10548295],[12.17148762]
[7.26046385],[2.12522147],[12.40410907]
[7.26192573],[2.14794844],[12.76252557]
[7.49363692],[2.15843259],[13.15278419]
[7.5452266],[2.17645183],[13.49266373]
[7.66190267],[2.1846078],[13.84169301]
[7.71255255],[2.20220774],[14.11229948]
[7.76167239],[2.21638607],[14.35172421]
[7.8100095],[2.22767492],[14.51065875]
[7.8381397],[2.21728357],[14.65529853]
[7.88429451],[2.20994691],[14.7372036]
[7.89276875],[2.20320274],[14.77043532]
[8.05485986],[2.19198963],[14.89046972]
[8.06967149],[2.17538215],[14.86293089]
[8.19519941],[2.15747667],[14.87228352]
[8.22152687],[2.13566016],[14.62854958]
[8.07338204],[2.11103656],[14.20051238]
[7.90301829],[2.08641727],[13.65257065]
[7.85136079],[2.06048005],[13.2380041]
[7.7866712],[2.03444403],[12.78900543]
[7.70666602],[2.00199163],[12.33826661]
[7.59634157],[1.96371243],[11.85081423]
[7.43117743],[1.91724623],[11.32984726]
[7.28504739],[1.86168723],[10.83179121]
[7.19106016],[1.80880759],[10.41995983]
[7.12397523],[1.75220107],[9.91524727]
[7.04578698],[1.68631184],[9.30528014]
[6.93695951],[1.6233149],[8.54214969]
[6.31323505],[1.59873399],[7.68751931]
[0.88645835],[1.09163768],[0.68034096]
[0.],[0.],[0.]
[1.71227553],[0.66836209],[0.93545532]
[2.58990868],[0.91923741],[1.74038608]
[3.17000804],[1.01335422],[2.23134422]
[3.40329173],[1.1103038],[2.98454957]
[3.81188179],[1.25969387],[3.56500158]
[4.12781445],[1.33823786],[4.02017026]
[4.38295513],[1.4060582],[4.4575223]
[4.61025841],[1.46309452],[4.89121468]
[4.85114561],[1.51998792],[5.35741064]
[4.90584227],[1.56889043],[5.74568836]
[5.05060034],[1.59936054],[6.28649474]
[5.12950048],[1.62682398],[6.63796169]
[5.36812183],[1.66292494],[7.07242189]
[5.53354528],[1.70802671],[7.37142317]
[5.68199073],[1.77205878],[7.90869054]
[5.8758916],[1.84407364],[8.32011181]
[6.23590138],[1.90674961],[8.92257723]
[6.40121859],[1.9611217],[9.47095766]
[6.67627425],[2.01144461],[10.15490261]
[6.98127166],[2.04270023],[10.67204455]
[7.1413982],[2.06775306],[11.46349996]
[7.23923664],[2.09118664],[11.94050211]
[7.34566854],[2.12120141],[12.51020023]
[7.56955197],[2.14574424],[13.03498196]
[7.75967535],[2.16704312],[13.52201098]
[7.7226132],[2.18458556],[13.80676524]
[7.94819296],[2.20953222],[14.29402599]
[7.81479193],[2.22971557],[14.53611487]
[8.06105957],[2.24855985],[14.99051104]
[8.00075965],[2.26592586],[15.21895514]
[8.1016462],[2.29404845],[15.49300618]
[8.13806548],[2.30885429],[15.69638754]
[8.29408753],[2.3213179],[16.05133178]
[8.34791375],[2.30650032],[16.22186001]
[8.42217125],[2.29405144],[16.42917679]
[8.45486953],[2.28164486],[16.47341287]
[8.48613035],[2.26388667],[16.52855348]
[8.52555759],[2.24367221],[16.47331783]
[8.52830092],[2.21969585],[16.39413716]
[8.55469451],[2.19171061],[16.18134652]
[8.5152597],[2.16763788],[15.85675599]
[8.44621372],[2.14614089],[15.3936413]
[8.34032209],[2.12375361],[14.80871754]
[8.15425222],[2.09891233],[14.17157876]
[7.94817738],[2.06647433],[13.59730233]
[7.89632856],[2.03104798],[13.17731045]
[7.84000963],[1.99126193],[12.72500862]
[7.76323646],[1.94453509],[12.22635806]
[7.66037851],[1.89510892],[11.71520124]
[7.5062715],[1.83952007],[11.09687325]
[7.36901028],[1.78147843],[10.3974892]
[7.26653977],[1.7178985],[9.74537815]
[6.74218409],[1.65786866],[8.81846368]
[1.07507009],[1.17696214],[0.892733]
[0.],[0.],[0.]
[1.72991043],[0.6753433],[0.95581853]
[2.60787159],[0.93564287],[1.7943171]
[3.2603575],[1.02223125],[2.33914386]
[3.47677892],[1.14122991],[3.10186234]
[3.92760919],[1.30041659],[3.74108989]
[4.20115252],[1.3813274],[4.2032735]
[4.47717977],[1.44799979],[4.70526479]
[4.72433731],[1.50463],[5.21404608]
[4.95345128],[1.56908887],[5.69575036]
[4.98753103],[1.61274855],[6.17367511]
[5.18469063],[1.64156252],[6.78211693]
[5.298765],[1.68976435],[7.15582721]
[5.55079755],[1.75856256],[7.71242671]
[5.65633165],[1.82754337],[8.07694525]
[5.81217392],[1.88428381],[8.63600544]
[6.1766299],[1.94039361],[9.05470084]
[6.43924474],[1.99571754],[9.82035238]
[6.58575705],[2.04412251],[10.35187842]
[6.99571568],[2.0874659],[11.11131873]
[7.17875259],[2.11519776],[11.707042]
[7.29693634],[2.13842005],[12.51797694]
[7.60320214],[2.15869899],[13.02748382]
[7.81356827],[2.18653916],[13.90666062]
[7.83006155],[2.20663033],[14.33385462]
[8.20996497],[2.23714355],[14.94341988]
[8.00572719],[2.26339299],[15.11574618]
[8.4344339],[2.2954553],[15.73835279]
[8.32883332],[2.3184895],[15.97440358]
[8.68598918],[2.34355864],[16.63699861]
[8.67221477],[2.36426715],[16.95716204]
[8.73701874],[2.3921722],[17.35426518]
[8.76118906],[2.40598881],[17.57335981]
[8.73171957],[2.42036365],[17.7822847]
[8.76095523],[2.40621299],[17.92616683]
[8.73849536],[2.40369659],[18.02784046]
[8.81222953],[2.38627301],[18.07402884]
[8.84245741],[2.37319801],[18.06191372]
[9.02992951],[2.35584871],[18.20622029]
[9.08690724],[2.34049543],[18.07685129]
[9.14182939],[2.31634287],[18.03819489]
[9.13529384],[2.27157577],[17.65890906]
[9.02905817],[2.22388289],[17.15577532]
[8.69712342],[2.18691843],[16.43771421]
[8.58888576],[2.16247451],[15.87476739]
[8.49467138],[2.134628],[15.33660595]
[8.38603196],[2.10366235],[14.7963881]
[8.23757003],[2.06652356],[14.20013038]
[8.04080647],[2.02454326],[13.54065329]
[7.94461057],[1.98397892],[13.0134505]
[7.88570768],[1.93923132],[12.49381299]
[7.81360161],[1.88572937],[11.82318668]
[7.71560673],[1.8276165],[11.06836736]
[7.15155934],[1.77175281],[9.95147015]
[1.1862046],[1.22742238],[1.07601407]
[0.],[0.],[0.]
[1.75214291],[0.68594951],[0.98607919]
[2.62307212],[0.95478148],[1.87253666]
[3.34913964],[1.03271354],[2.45664153]
[3.55802293],[1.17414977],[3.2200867]
[4.02835806],[1.33870292],[3.91489388]
[4.2855454],[1.42003202],[4.39846232]
[4.57184326],[1.48559967],[5.02876273]
[4.81485689],[1.54512734],[5.51911677]
[5.03692469],[1.60775605],[6.00540976]
[5.11333838],[1.65019811],[6.59936952]
[5.33315996],[1.72153568],[7.23647281]
[5.48934532],[1.79324835],[7.6935114]
[5.68657045],[1.85696477],[8.35855498]
[5.79192141],[1.9123717],[8.68034807]
[6.10487427],[1.96394245],[9.31876683]
[6.35967532],[2.01848185],[9.86904296]
[6.60733088],[2.06821157],[10.71694379]
[6.91599786],[2.11290583],[11.16996421]
[7.18467663],[2.15169583],[12.13918897]
[7.37315577],[2.17606307],[12.65939185]
[7.67879254],[2.20261426],[13.60435746]
[7.82838959],[2.22996355],[14.27706387]
[8.1986874],[2.26242105],[15.19872832]
[8.13915167],[2.29716903],[15.59271597]
[8.76717699],[2.33345125],[16.47466857]
[8.65881179],[2.36412511],[16.7928893]
[8.99276003],[2.4010637],[17.5256939]
[8.8147918],[2.42658442],[17.76923975]
[9.08493558],[2.45879564],[18.40415358]
[9.10817839],[2.47907047],[18.70041874]
[9.151014],[2.53123609],[19.04196764]
[9.24446503],[2.55678218],[19.3220228]
[9.25128889],[2.58528008],[19.51744801]
[9.35255948],[2.56545945],[19.80272585]
[9.38452131],[2.55645437],[19.92926294]
[9.40225872],[2.53799803],[20.10771182]
[9.44518775],[2.52280863],[20.15222613]
[9.45216309],[2.51224962],[20.17472343]
[9.52519222],[2.49956963],[20.06720585]
[9.57309889],[2.47764758],[19.91141116]
[9.64929529],[2.44565581],[19.67126227]
[9.59309186],[2.40969368],[19.22884675]
[9.40091424],[2.37159169],[18.65428259]
[9.22149087],[2.31835567],[17.91500376]
[8.97131826],[2.26451423],[17.06687651]
[8.68708834],[2.21125312],[16.32732554]
[8.61124425],[2.15564845],[15.79593897]
[8.53906165],[2.0962256],[15.21447888]
[8.44392522],[2.05402011],[14.60403888]
[8.30448334],[2.01099161],[13.92090262]
[8.1177725],[1.96678045],[13.08924571]
[8.01516992],[1.91506963],[12.30072305]
[7.49136745],[1.85880932],[11.2125981]
[1.30865739],[1.27291617],[1.26303697]
[0.],[0.],[0.]
[1.75160389],[0.69666149],[1.00865654]
[2.62414193],[0.97259014],[1.93238313]
[3.39835646],[1.04698095],[2.55392935]
[3.67447325],[1.20814976],[3.3495607]
[4.08970462],[1.37706926],[4.06614097]
[4.35036073],[1.45727609],[4.62418496]
[4.68700251],[1.5228106],[5.33341894]
[4.87368056],[1.58499987],[5.78139231]
[5.13989945],[1.64813902],[6.40171487]
[5.24183021],[1.68290365],[6.96751628]
[5.52906576],[1.79983081],[7.6715196]
[5.60878248],[1.8691],[8.23266685]
[5.77018274],[1.93595734],[8.92234838]
[6.0536898],[1.98684436],[9.29420007]
[6.36230693],[2.03970352],[10.07196267]
[6.45809667],[2.09041538],[10.65252014]
[6.88737367],[2.13979814],[11.55983329]
[7.10585128],[2.17482269],[12.07008692]
[7.32578965],[2.21599361],[13.0777746]
[7.67120486],[2.25344258],[13.6894543]
[7.92503952],[2.29629014],[14.78153535]
[7.94681841],[2.3273646],[15.43348813]
[8.39300805],[2.36444912],[16.42139516]
[8.60429593],[2.39942044],[17.13656328]
[9.05868655],[2.43699478],[18.06429433]
[8.93925091],[2.47295441],[18.34919885]
[9.26227292],[2.54392266],[19.09562324]
[9.20909159],[2.58424468],[19.39638979]
[9.48321997],[2.62535041],[20.00511021]
[9.63993523],[2.65776557],[20.55133892]
[9.71939661],[2.69503271],[20.95503254]
[9.74636929],[2.7141999],[21.32227681]
[9.73996465],[2.73108261],[21.51942277]
[9.74127757],[2.70948878],[21.69455371]
[9.85402384],[2.69090877],[21.7969239]
[9.90051567],[2.66870651],[21.8503485]
[10.06755016],[2.65346448],[22.01762459]
[10.18305817],[2.63668776],[22.10631727]
[10.25658991],[2.62220375],[22.21346888]
[10.39111254],[2.59872957],[22.08465868]
[10.47462042],[2.5675651],[21.97351169]
[10.48363986],[2.53640902],[21.60063858]
[10.4183445],[2.50190296],[20.97786138]
[10.22124906],[2.46378254],[20.14221209]
[9.76363929],[2.4276998],[19.20784995]
[9.35043115],[2.39085695],[18.49923761]
[9.195401],[2.34590166],[17.76558055]
[8.99955045],[2.27849298],[16.94389975]
[8.70380623],[2.18170359],[16.11144182]
[8.64221981],[2.08184684],[15.45750245]
[8.57668518],[2.03973395],[14.7354037]
[8.49219912],[1.99572994],[13.90011885]
[7.95010556],[1.94969118],[12.63391849]
[1.4073801],[1.31812898],[1.47723294]
[0.],[0.],[0.]
[1.77456832],[0.70083301],[1.03298562]
[2.64092257],[0.99072612],[2.00172144]
[3.46691697],[1.05769601],[2.70197885]
[3.7960521],[1.25264278],[3.52980212]
[4.16243927],[1.41779045],[4.25140268]
[4.45574566],[1.49668037],[4.97399752]
[4.80985767],[1.56487636],[5.66757648]
[4.93517793],[1.62083123],[6.17093594]
[5.26049185],[1.68933597],[6.84128764]
[5.44808799],[1.75952154],[7.4224912]
[5.67207222],[1.87238026],[8.22782122]
[5.70517656],[1.93884269],[8.75978523]
[5.95222088],[2.00398601],[9.50559115]
[6.28229111],[2.05355145],[10.03110781]
[6.53155547],[2.10551421],[10.91751104]
[6.74472364],[2.15235758],[11.40460327]
[7.13427785],[2.20043643],[12.41482748]
[7.24831359],[2.23696023],[13.01344536]
[7.61472126],[2.30479797],[14.08109203]
[7.85826808],[2.36505088],[14.86749982]
[8.25518452],[2.40517681],[16.05700082]
[8.28257474],[2.43434149],[16.6925346]
[8.86772355],[2.47842271],[18.0119208]
[8.90072541],[2.53656554],[18.68095243]
[9.31014616],[2.60083912],[19.64182499]
[9.39988997],[2.64990735],[20.13401639]
[9.75374975],[2.7006506],[20.87100166]
[9.6551601],[2.73272952],[21.33627695]
[9.92003473],[2.76615159],[21.95661722]
[9.93123518],[2.79148679],[22.43440129]
[10.05799067],[2.81660944],[22.85339902]
[10.13898951],[2.83005804],[23.15749013]
[10.25294041],[2.8381351],[23.48065416]
[10.40107865],[2.83683273],[23.7033138]
[10.51128867],[2.83391208],[24.06760237]
[10.60223061],[2.80927136],[24.25391968]
[10.73337096],[2.78462622],[24.4100903]
[10.87785111],[2.76679039],[24.47524685]
[11.04305765],[2.74761856],[24.48756866]
[11.12295434],[2.71747897],[24.44357137]
[11.32014405],[2.68364689],[24.34641607]
[11.37593176],[2.64791326],[24.12449961]
[11.34725798],[2.61115831],[23.56265173]
[11.33774304],[2.57641459],[22.82373659]
[11.18633628],[2.54335575],[22.00844798]
[10.70293571],[2.50929555],[20.91756161]
[10.11394021],[2.47236709],[19.79910747]
[9.70606222],[2.42727061],[18.91363897]
[9.38997346],[2.36227535],[18.18275229]
[9.24215591],[2.24018166],[17.37227625]
[9.07266367],[2.10323865],[16.41235365]
[8.82970074],[2.06141197],[15.38419862]
[8.24215846],[2.01885593],[14.0833917]
[1.80105356],[1.40057856],[1.82584064]
[0.],[0.],[0.]
[1.80042431],[0.71303864],[1.070184]
[2.65718805],[1.01050698],[2.06670876]
[3.53610828],[1.07012768],[2.84556463]
[3.90308972],[1.29180502],[3.71131093]
[4.23181127],[1.455175],[4.44595854]
[4.58799594],[1.53569646],[5.29358995]
[4.91326624],[1.61118679],[5.973397]
[4.99575859],[1.65669323],[6.57213249]
[5.45517066],[1.72503325],[7.28869877]
[5.5915864],[1.84895817],[7.8750086]
[5.78973224],[1.94690694],[8.81968481]
[5.87739768],[2.01343687],[9.32666717]
[6.31078086],[2.07630944],[10.23523172]
[6.42741076],[2.12305712],[10.85249974]
[6.75931101],[2.17299176],[11.71422308]
[7.04029457],[2.21545285],[12.27655059]
[7.37594908],[2.2857995],[13.41217846]
[7.54735476],[2.35081778],[14.07712741]
[7.90521264],[2.42497985],[15.23884827]
[8.07052832],[2.51178464],[16.15916057]
[8.44936079],[2.57526836],[17.44383538]
[8.66317047],[2.62052609],[18.30307209]
[9.11580375],[2.66994327],[19.54987028]
[9.19637104],[2.7121187],[20.23452492]
[9.71636535],[2.75448279],[21.30917863]
[9.76720111],[2.78779893],[21.98725587]
[10.0655398],[2.82382283],[22.74136623]
[10.06676356],[2.85209288],[23.11893696]
[10.3103109],[2.89029974],[23.80707629]
[10.42792436],[2.91704661],[24.32790143]
[10.60069501],[2.93718821],[25.0664202]
[10.72344922],[2.95234523],[25.51039927]
[10.82038624],[2.97892339],[25.95465743]
[11.01833509],[2.99254065],[26.27535057]
[11.1729871],[2.98372967],[26.5229975]
[11.29035099],[2.95851029],[26.75348492]
[11.47892117],[2.93139155],[27.045015]
[11.59898982],[2.90966177],[27.21812028]
[11.73483375],[2.88507082],[27.29347155]
[11.87790545],[2.85292863],[27.22438842]
[11.99682603],[2.81777365],[27.16604694]
[12.1281968],[2.77605941],[26.99339941]
[12.09856963],[2.73282417],[26.64747571]
[12.1050618],[2.68802763],[25.82588561]
[12.07283058],[2.64795351],[24.83555049]
[11.94106705],[2.61341466],[23.85173801]
[11.478586],[2.5803145],[22.66292232]
[10.94055003],[2.53928389],[21.50505987]
[10.43888439],[2.48509703],[20.43701997]
[10.03093367],[2.40061552],[19.37960452]
[9.72451323],[2.28055989],[18.37071825]
[9.43706053],[2.15525146],[17.40171925]
[8.94330552],[2.09067316],[15.94831732]
[2.47980855],[1.48587354],[2.49061415]
[0.],[0.],[0.]
[1.82856977],[0.72629873],[1.11167908]
[2.67527579],[1.02694267],[2.13225871]
[3.56475624],[1.0824105],[3.03786535]
[3.99528389],[1.32983876],[3.88930151]
[4.30038188],[1.49156347],[4.73869411]
[4.69896742],[1.57126697],[5.58140124]
[5.0101182],[1.65237436],[6.32301468]
[5.13153731],[1.69169409],[6.92903922]
[5.62175044],[1.77967754],[7.73075592]
[5.70149309],[1.91404836],[8.42713822]
[5.89243596],[2.01042396],[9.37039231]
[6.196122],[2.07825662],[9.96631184]
[6.53535136],[2.13882133],[11.05029476]
[6.61776238],[2.17984256],[11.57397702]
[7.09145915],[2.2309821],[12.54903175]
[7.27328797],[2.30278826],[13.31036323]
[7.60735649],[2.38776971],[14.38903648]
[7.80686922],[2.45550212],[15.23655224]
[8.24348825],[2.57818821],[16.57069896]
[8.34149455],[2.67608392],[17.53950496]
[8.82094822],[2.73164282],[18.94754077]
[9.04156539],[2.77016286],[19.84098987]
[9.27788453],[2.81066535],[20.93861993]
[9.6508376],[2.84442879],[22.0119541]
[9.98894028],[2.88767664],[23.11592385]
[10.13100419],[2.92532433],[23.754569]
[10.49270471],[2.96439459],[24.64846865]
[10.67215548],[2.99750707],[25.27846332]
[10.79611443],[3.03560491],[26.12230109]
[10.99268345],[3.06630199],[26.81630406]
[11.15630625],[3.10060783],[27.47349205]
[11.32498527],[3.11667772],[28.02794937]
[11.51402509],[3.14015765],[28.45557599]
[11.65510254],[3.1536017],[28.97553757]
[11.8285597],[3.13997898],[29.38916154]
[11.98680507],[3.11759695],[29.70458053]
[12.11795306],[3.11347961],[29.96985588]
[12.31036197],[3.06878089],[30.25119175]
[12.44490452],[3.03493294],[30.46870834]
[12.56662454],[3.00161583],[30.52001469]
[12.76304816],[2.96492466],[30.46390117]
[12.85370486],[2.91667942],[30.36312918]
[12.88351303],[2.8702615],[30.04701846]
[12.84838468],[2.8218706],[29.4641029]
[12.85269453],[2.77880219],[28.58214953]
[12.80699862],[2.73530299],[27.32657558]
[12.65574269],[2.69330898],[25.99154402]
[12.16720933],[2.64942766],[24.46038078]
[11.62842179],[2.60573938],[23.20296826]
[11.12224409],[2.5336624],[22.05361597]
[10.63059345],[2.44676098],[20.82038746]
[10.22704139],[2.35602778],[19.57375578]
[9.57124295],[2.22216148],[17.80617109]
[5.46055828],[1.56113338],[4.62984189]
[0.],[0.],[0.]
[1.82920095],[0.74257601],[1.14052593]
[2.67353475],[1.04156943],[2.180631]
[3.56298],[1.12607942],[3.19549382]
[4.04688207],[1.37059887],[4.04980932]
[4.38165828],[1.52916655],[5.01428926]
[4.76357647],[1.60544423],[5.82719741]
[5.06939537],[1.69104201],[6.6777676]
[5.33322548],[1.72531458],[7.30931785]
[5.72066234],[1.85316204],[8.17354968]
[5.7732217],[1.97673321],[8.95067743]
[6.20178092],[2.07158384],[9.90769691]
[6.36298796],[2.13777791],[10.68562731]
[6.73431705],[2.19576094],[11.73170735]
[6.92528308],[2.23929236],[12.35513927]
[7.4008817],[2.3245339],[13.50134213]
[7.56655624],[2.39733225],[14.27159499]
[7.8386142],[2.49707056],[15.39505721]
[8.20102093],[2.60431725],[16.48867189]
[8.46426484],[2.71082757],[17.8097151]
[8.660791],[2.78949884],[18.84465951]
[9.10193726],[2.8408403],[20.25573629]
[9.24972826],[2.88179006],[21.20149468]
[9.60651587],[2.92920686],[22.43253646]
[9.90434258],[2.97265185],[23.56805547]
[10.23494272],[3.01999556],[24.72101571]
[10.60672194],[3.05879785],[25.67589664]
[10.86626039],[3.10305444],[26.81165218]
[11.14098081],[3.14049171],[27.55704729]
[11.40397684],[3.19858651],[28.40932412]
[11.58394909],[3.23776475],[29.20746661]
[11.79949517],[3.2793138],[30.06703136]
[11.96518093],[3.29757367],[30.8888328]
[12.11070617],[3.32207693],[31.47929419]
[12.32184175],[3.33446064],[32.0180634]
[12.44652612],[3.32721388],[32.50399501]
[12.61732933],[3.30974219],[33.02936946]
[12.79598031],[3.31340215],[33.39769252]
[12.91559406],[3.28701959],[33.70890779]
[13.10911712],[3.25517647],[34.01138773]
[13.2350328],[3.22035271],[34.21737938]
[13.39738084],[3.18186962],[34.24448843]
[13.57286397],[3.14624812],[34.16154496]
[13.59271745],[3.07423196],[33.92048979]
[13.6190756],[2.98966821],[33.48532686]
[13.55306895],[2.92127558],[32.61981021]
[13.56221136],[2.87208096],[31.52754066]
[13.49106791],[2.82488968],[30.16239916]
[13.38248829],[2.77473501],[28.27905296]
[12.85721704],[2.71663363],[26.52780325]
[12.29558111],[2.65733815],[25.02275214]
[11.76082639],[2.57259853],[23.49889718]
[11.26430008],[2.49501881],[22.18605215]
[10.48629153],[2.40329856],[20.37577474]
[6.35738907],[1.6330918],[6.76930494]
[0.],[0.],[0.]
[1.86562308],[0.75222574],[1.18830991]
[2.69108185],[1.0538225],[2.24510186]
[3.60183877],[1.1893275],[3.41071266]
[4.11822404],[1.41951011],[4.29142515]
[4.606046],[1.57286043],[5.36873374]
[4.8427984],[1.64665631],[6.16396547]
[5.1421125],[1.72615064],[7.08445019]
[5.50715281],[1.80757857],[7.77595867]
[5.8312691],[1.92844634],[8.85540487]
[6.06469759],[2.03983292],[9.57925376]
[6.49112593],[2.13062647],[10.62832767]
[6.59850113],[2.19437558],[11.4110115]
[7.01499228],[2.25831866],[12.53606575]
[7.36725263],[2.33545821],[13.3964168]
[7.66633345],[2.42334269],[14.51989453]
[7.90314985],[2.5181315],[15.44028405]
[8.27203439],[2.6443448],[16.80953715]
[8.45090087],[2.72960577],[17.78373235]
[8.73897512],[2.81254237],[19.16678897]
[9.08320735],[2.88681344],[20.31221998]
[9.30271579],[2.95751603],[21.61914014]
[9.63681524],[3.0016007],[22.76655061]
[9.95322297],[3.05244405],[24.11369766]
[10.12400616],[3.09830299],[25.20609774]
[10.6561354],[3.15415555],[26.72161628]
[10.96322883],[3.19691909],[27.82224643]
[11.38184645],[3.26457074],[29.06095973]
[11.68239217],[3.31062273],[29.95147914]
[11.99262749],[3.36317013],[31.05693155]
[12.26195682],[3.39665873],[32.02775674]
[12.4069088],[3.42621523],[32.8892292]
[12.62031182],[3.44948136],[33.8251585]
[12.77788962],[3.48167521],[34.6454565]
[12.93495678],[3.49317054],[35.39270556]
[13.13628169],[3.4847372],[35.9988762]
[13.25986213],[3.48725909],[36.47762021]
[13.44383246],[3.48592739],[36.98565661]
[13.6136813],[3.45969458],[37.33542914]
[13.73449824],[3.42813793],[37.62801361]
[13.91795949],[3.39491423],[37.9594228]
[14.07369299],[3.35969224],[38.07094358]
[14.21066754],[3.32898671],[38.14070534]
[14.37551263],[3.27542446],[38.0331429]
[14.32233415],[3.20975684],[37.72597968]
[14.35519058],[3.14101775],[37.28013295]
[14.28108668],[3.05359009],[36.33540163]
[14.30452436],[2.97164425],[34.96742394]
[14.24771899],[2.90823314],[33.32697918]
[14.10326199],[2.8553892],[31.25501327]
[13.57490667],[2.79951773],[28.74984953]
[12.98520517],[2.70625177],[26.77903054]
[12.46510324],[2.6155234],[25.06375319]
[11.53178151],[2.53145457],[22.97745908]
[7.02449176],[1.77825026],[9.08212585]
[2.66938081],[0.95207144],[0.82807302]
[1.89727556],[0.77722016],[1.23554597]
[2.71215613],[1.0622588],[2.30786796]
[3.6413832],[1.24564813],[3.59467483]
[4.20668791],[1.46424442],[4.56496707]
[4.74757302],[1.61134547],[5.6627624]
[4.90490615],[1.68936001],[6.55630074]
[5.34717496],[1.77939016],[7.56373455]
[5.62405729],[1.91139826],[8.37156238]
[5.91419633],[2.01595552],[9.52422704]
[6.27526166],[2.11180128],[10.26835303]
[6.66194901],[2.19599226],[11.4838607]
[6.81216719],[2.25592582],[12.17417939]
[7.33091511],[2.36023182],[13.569903]
[7.63708216],[2.43744005],[14.39009933]
[7.82772045],[2.55852237],[15.62306474]
[8.2870474],[2.65955788],[16.82194206]
[8.52767177],[2.75876873],[18.18839825]
[8.66682923],[2.82596797],[19.14731363]
[9.1095978],[2.91147908],[20.67960675]
[9.30777921],[3.00214746],[21.75581734]
[9.52784528],[3.07202474],[23.15579945]
[9.93020734],[3.11289954],[24.41674143]
[10.14980783],[3.17065371],[25.7825997]
[10.58802091],[3.21503474],[27.07134114]
[10.89793578],[3.28850649],[28.63606256]
[11.33081604],[3.33645298],[29.83681081]
[11.84846567],[3.39212904],[31.48013312]
[12.25111806],[3.43447705],[32.5148717]
[12.53274401],[3.48375755],[33.63653245]
[12.83392257],[3.526116],[34.79957001]
[13.08262994],[3.56789469],[35.87899335]
[13.22277443],[3.60387544],[36.87347773]
[13.42254598],[3.6449882],[37.90205722]
[13.59015973],[3.65798223],[38.80024913]
[13.73651244],[3.66172684],[39.55140071]
[13.93176405],[3.66954381],[40.2604607]
[14.08155363],[3.6636025],[40.83665485]
[14.25102877],[3.6440073],[41.34742865]
[14.41950838],[3.61798085],[41.68227718]
[14.53377131],[3.58183633],[42.05040103]
[14.77062277],[3.54438203],[42.39210367]
[14.96862174],[3.51036727],[42.54753443]
[15.13736434],[3.4659805],[42.58344414]
[15.33007797],[3.40539269],[42.43595078]
[15.32208006],[3.3379436],[42.03807016]
[15.32876848],[3.26664877],[41.31510374]
[15.29433783],[3.19650197],[40.17714253]
[15.30986271],[3.12289339],[38.66657606]
[15.26813983],[3.03386932],[36.90182775]
[15.15373125],[2.95076184],[34.77092731]
[14.53814109],[2.86293865],[31.92094626]
[13.75965512],[2.7561936],[29.16941891]
[12.65904179],[2.66035654],[26.18305509]
[10.0852423],[1.9238331],[12.90583725]
[4.50202504],[1.14857084],[3.15603318]
[1.92761918],[0.78569743],[1.26925314]
[2.72798964],[1.06586625],[2.34788617]
[3.66702898],[1.27938094],[3.69171732]
[4.2702288],[1.49028974],[4.73512656]
[4.82573149],[1.637955],[5.83180287]
[4.94460109],[1.71161085],[6.78150948]
[5.47313485],[1.8369537],[7.87797283]
[5.68495011],[1.96791214],[8.78241726]
[5.97197841],[2.06955673],[9.94371272]
[6.37153182],[2.16144409],[10.79785303]
[6.73996407],[2.24518122],[12.04493036]
[6.9579076],[2.32920597],[12.79708392]
[7.52507958],[2.46195057],[14.35021013]
[7.75852707],[2.58189886],[15.24261903]
[8.13585036],[2.69122817],[16.8022971]
[8.45015308],[2.77022504],[17.97769031]
[8.64487612],[2.8528437],[19.40386385]
[9.01729711],[2.92803725],[20.53850252]
[9.27232307],[3.02533885],[22.03483673]
[9.47944706],[3.10973376],[23.15051027]
[9.86293094],[3.17035595],[24.76076757]
[10.08181102],[3.2315996],[25.89717095]
[10.43520681],[3.3080198],[27.47761569]
[10.85145029],[3.35763309],[28.86217051]
[11.19064629],[3.41265599],[30.50860856]
[11.64862817],[3.45499963],[31.82951635]
[12.15160854],[3.51385425],[33.66291078]
[12.61626676],[3.56251852],[35.03356421]
[12.99483415],[3.62174126],[36.4652115]
[13.29530454],[3.67063521],[37.57921162]
[13.5745365],[3.71633215],[38.8940092]
[13.80615959],[3.76053854],[40.03732537]
[13.95556435],[3.80672911],[41.11046819]
[14.1661579],[3.82855137],[42.27384595]
[14.33569352],[3.83639019],[43.17739728]
[14.4849641],[3.84940179],[44.0176091]
[14.70079603],[3.86238464],[44.92423397]
[14.87050938],[3.88796517],[45.58819895]
[15.0820257],[3.85723221],[46.22252461]
[15.31732367],[3.81202606],[46.67627504]
[15.54612743],[3.77289288],[47.07848626]
[15.7950707],[3.7326496],[47.39114755]
[16.04518247],[3.69203601],[47.53784382]
[16.24887044],[3.63625641],[47.55307274]
[16.32208124],[3.56824563],[47.28897143]
[16.31110316],[3.47855791],[46.76146919]
[16.25235473],[3.39117454],[45.89406133]
[16.25166271],[3.31677769],[44.43746803]
[16.18125617],[3.24705676],[42.75742777]
[16.13222956],[3.18158734],[40.81650746]
[16.02556248],[3.10308191],[38.30606351]
[15.70214732],[2.9643295],[35.35278797]
[14.50948343],[2.81561144],[31.61371089]
[11.60373798],[2.03331648],[18.39443201]
[5.38624934],[1.38938375],[7.0289823]
[1.90579263],[0.58672686],[1.08394467]
[2.71688896],[0.7377063],[1.75367882]
[3.66745358],[1.07365834],[3.0016293]
[4.27538551],[1.2679177],[4.04923746]
[4.87516618],[1.40539048],[5.05959998]
[4.97140617],[1.60811033],[6.01454227]
[5.55938956],[1.7234521],[7.11089643]
[5.71221074],[1.82834189],[8.01795879]
[6.1688889],[1.92681047],[9.17027794]
[6.42398423],[2.00474804],[10.04304156]
[6.90851399],[2.09253077],[11.27287454]
[7.11684957],[2.20505503],[12.09530984]
[7.64270672],[2.3768962],[13.61173812]
[7.89540733],[2.47690852],[14.58839033]
[8.33461932],[2.56760361],[16.17638635]
[8.54558325],[2.63643545],[17.27714823]
[8.86668701],[2.72128745],[18.78997488]
[9.18027775],[2.80684802],[19.91864948]
[9.36177539],[2.90063438],[21.319435]
[9.72832208],[2.9740768],[22.60180525]
[10.00949142],[3.10832094],[24.16209617]
[10.16532934],[3.17859462],[25.31898]
[10.6747043],[3.24978696],[27.06029765]
[10.98245663],[3.29825957],[28.42266594]
[11.41222835],[3.35733711],[30.09300257]
[11.84915296],[3.4108155],[31.5967439]
[12.35672695],[3.47246375],[33.49333213]
[12.80175152],[3.52378576],[35.03621897]
[13.26032836],[3.58491785],[36.65362093]
[13.57442282],[3.64186335],[37.98647656]
[13.85332473],[3.69292237],[39.29457478]
[14.12082664],[3.75239279],[40.63497304]
[14.29604283],[3.8125922],[41.84895861]
[14.47037162],[3.86903777],[43.1108563]
[14.68048644],[3.90762222],[44.35810614]
[14.81721983],[3.94296811],[45.40617347]
[15.02846355],[3.98229311],[46.4583409]
[15.243292],[4.0116965],[47.42180012]
[15.44700068],[4.00285342],[48.19940519]
[15.73640088],[3.96803021],[48.9694745]
[16.02644683],[3.93803359],[49.51684013]
[16.25040662],[3.90483046],[49.84310816]
[16.47568629],[3.87012766],[50.00073381]
[16.72285185],[3.83276473],[49.9932969]
[16.78161156],[3.77335787],[49.84840404]
[16.8014945],[3.68164799],[49.52623422]
[16.73571794],[3.58056638],[48.92415099]
[16.74123974],[3.48260268],[47.93052364]
[16.6730599],[3.39969688],[46.52969899]
[16.63676491],[3.32034684],[44.7084789]
[16.56767633],[3.24501733],[42.53557954]
[16.47805191],[3.17125888],[39.86344736]
[15.56302463],[3.05608427],[36.14192262]
