meltWidth,meltDepth,meltArea
[0.],[0.],[0.]
[0.83479186],[0.13078194],[0.05365002]
[1.11307023],[0.15634688],[0.09889298]
[1.28403402],[0.24624062],[0.19162032]
[1.41195306],[0.25970877],[0.23929419]
[1.49101753],[0.34176012],[0.32390258]
[1.58887031],[0.33369672],[0.34442509]
[1.61893699],[0.40080985],[0.40397815]
[1.78921126],[0.37332566],[0.41450412]
[1.84664113],[0.42529373],[0.46460624]
[1.90146658],[0.40303546],[0.46692796]
[1.94728956],[0.44193284],[0.51156764]
[1.97060368],[0.40908029],[0.49795858]
[2.00334579],[0.42388415],[0.51993943]
[2.01549345],[0.41096981],[0.52506214]
[2.02833453],[0.41574239],[0.53051987]
[2.02146582],[0.41258025],[0.53010736]
[2.04270616],[0.40837767],[0.53229105]
[2.04081166],[0.40695971],[0.53270491]
[2.06553914],[0.39676202],[0.52670854]
[2.05481465],[0.39323709],[0.52383449]
[2.10689982],[0.38697059],[0.52722984]
[2.06982903],[0.38712887],[0.5211503]
[2.1252397],[0.38093871],[0.51944863]
[2.074614],[0.3816898],[0.51107003]
[2.12414334],[0.37803095],[0.51193713]
[2.07523868],[0.38075789],[0.50290312]
[2.11079219],[0.37663088],[0.50059283]
[2.06856023],[0.37919452],[0.49459345]
[2.10184711],[0.37592379],[0.49236419]
[2.08648649],[0.37659522],[0.49499777]
[2.09789664],[0.37610176],[0.48784432]
[2.07939341],[0.37568459],[0.48268701]
[2.0738285],[0.37532845],[0.47717606]
[2.07190229],[0.3716256],[0.47070654]
[2.0707842],[0.36748966],[0.46459718]
[2.06749999],[0.36407147],[0.45688194]
[2.06525311],[0.35814812],[0.44831011]
[2.06293621],[0.35384232],[0.44073081]
[2.06201602],[0.3493584],[0.43261718]
[2.05492697],[0.34527254],[0.42317671]
[2.04798226],[0.33855541],[0.4101087]
[2.04101902],[0.33348745],[0.39707265]
[2.02509826],[0.32754485],[0.37809722]
[2.0067822],[0.3189776],[0.35826169]
[1.9727735],[0.31218387],[0.34041825]
[1.92132399],[0.30027152],[0.31991581]
[1.79605714],[0.2735395],[0.27286765]
[1.62766596],[0.2414244],[0.21607333]
[1.44756824],[0.21129313],[0.16585389]
[1.26080726],[0.1804611],[0.12017755]
[1.07347152],[0.14476291],[0.07897126]
[0.85260555],[0.11190732],[0.04670717]
[0.],[0.],[0.]
[0.],[0.],[0.]
[1.13781286],[0.27035428],[0.15206683]
[1.47076812],[0.44143612],[0.38310448]
[1.72432612],[0.48213532],[0.51135063]
[1.85707406],[0.55821217],[0.65240172]
[1.96725298],[0.59889032],[0.76586514]
[2.05323918],[0.6688665],[0.88577449]
[2.13486174],[0.69180541],[0.98056517]
[2.22097717],[0.72682904],[1.07143884]
[2.24798379],[0.73575956],[1.12050328]
[2.28155982],[0.7385922],[1.15796739]
[2.2635666],[0.73178457],[1.16930193]
[2.3073252],[0.72293356],[1.18499598]
[2.29157928],[0.7230173],[1.17807559]
[2.33984666],[0.71963625],[1.18992351]
[2.32394057],[0.72724771],[1.19403983]
[2.48730125],[0.72539554],[1.24665607]
[2.35711917],[0.74081771],[1.22298883]
[2.54154974],[0.75078082],[1.30168802]
[2.37119248],[0.74841771],[1.24484984]
[2.54888426],[0.75993985],[1.31900497]
[2.38503272],[0.74914656],[1.26331829]
[2.55312801],[0.76295216],[1.33800344]
[2.41480494],[0.75589829],[1.288808]
[2.55471778],[0.76585803],[1.34734268]
[2.45397085],[0.75851252],[1.3049267]
[2.55424374],[0.77083054],[1.34973943]
[2.48483466],[0.75996019],[1.31191562]
[2.56889397],[0.77579194],[1.35511964]
[2.49251469],[0.76315113],[1.31862282]
[2.57246467],[0.77938062],[1.36597808]
[2.54645944],[0.77232068],[1.37499451]
[2.57610948],[0.77472268],[1.38134333]
[2.55498279],[0.77717459],[1.37694135]
[2.54233549],[0.78670022],[1.38556197]
[2.54389121],[0.7986054],[1.40268827]
[2.54431769],[0.80985645],[1.42258727]
[2.54368302],[0.82966178],[1.44284009]
[2.54145786],[0.85260299],[1.46718113]
[2.53763758],[0.87611282],[1.49715513]
[2.53876893],[0.90067264],[1.53600639]
[2.52924639],[0.92716349],[1.56502497]
[2.52666568],[0.95836419],[1.60578868]
[2.52951128],[0.97637102],[1.65081002]
[2.53052142],[0.99036083],[1.67899123]
[2.52596189],[0.99985867],[1.70063455]
[2.51478117],[1.00768725],[1.71332104]
[2.5061826],[1.01550701],[1.71560699]
[2.48037663],[1.02297161],[1.70230673]
[2.44750276],[1.02013391],[1.67287673]
[2.4140003],[1.01380778],[1.6468088]
[2.30615729],[1.01240111],[1.59507456]
[2.19413637],[1.00471443],[1.54699257]
[2.02007797],[0.99146793],[1.48652356]
[0.],[0.],[0.]
[0.],[0.],[0.]
[1.49705637],[0.39151048],[0.29430905]
[1.89108233],[0.52929086],[0.60973881]
[2.01743384],[0.60172514],[0.78414854]
[2.14795378],[0.63335884],[0.90531137]
[2.22462621],[0.68135775],[1.03265443]
[2.32900327],[0.70523363],[1.13104398]
[2.36104852],[0.73538756],[1.20718149]
[2.42915178],[0.74191495],[1.26565035]
[2.41049407],[0.75315521],[1.30256598]
[2.53550151],[0.75716542],[1.33932631]
[2.51762873],[0.77135393],[1.34195706]
[2.65761772],[0.78413042],[1.40343796]
[2.63005601],[0.79857129],[1.41360784]
[2.79712919],[0.81066916],[1.51742567]
[2.74406783],[0.80365072],[1.49200435]
[2.87797689],[0.81375006],[1.60492044]
[2.84389913],[0.81631124],[1.58458144]
[2.95167673],[0.83494458],[1.71000506]
[2.93325866],[0.84004164],[1.68451096]
[3.01395696],[0.85682228],[1.78658753]
[3.01225977],[0.86286523],[1.76264941]
[3.05750796],[0.8734037],[1.82272159]
[3.09201039],[0.87438777],[1.81734922]
[3.12698362],[0.88128982],[1.86219312]
[3.1268602],[0.87973523],[1.83439664]
[3.13660643],[0.88372921],[1.86623625]
[3.13191746],[0.88105976],[1.83091554]
[3.14730554],[0.88507753],[1.86357803]
[3.14961134],[0.88288928],[1.82984801]
[3.147849],[0.88655984],[1.85750876]
[3.20146787],[0.88490096],[1.85375912]
[3.16041986],[0.88620202],[1.85422118]
[3.2109431],[0.88780907],[1.85378103]
[3.17127552],[0.888844],[1.8409762]
[3.17541765],[0.89106538],[1.84935256]
[3.18131132],[0.8918686],[1.85993763]
[3.17967651],[0.89318067],[1.86303757]
[3.19267254],[0.89199041],[1.87001871]
[3.1978925],[0.90148513],[1.87621264]
[3.2024491],[0.91084107],[1.87764026]
[3.20527601],[0.92141586],[1.87413566]
[3.20551935],[0.93593111],[1.86712437]
[3.20131199],[0.96156504],[1.86891637]
[3.18652682],[0.9780614],[1.86665118]
[3.18211387],[0.99828419],[1.86858082]
[3.16748361],[1.02768054],[1.8749329]
[3.14128514],[1.04837566],[1.85759667]
[3.10274758],[1.0626816],[1.83014744]
[3.06784434],[1.07780292],[1.81048921]
[3.02251858],[1.09471291],[1.78825029]
[2.91191322],[1.10115603],[1.75760182]
[2.80826357],[1.1015314],[1.74393073]
[2.72266835],[1.10494743],[1.77559127]
[0.],[0.],[0.]
[0.],[0.],[0.]
[1.51549859],[0.37870197],[0.3082729]
[1.94425539],[0.51448766],[0.64743564]
[2.0443759],[0.592961],[0.81258423]
[2.17793599],[0.62958407],[0.93998443]
[2.26409351],[0.68852864],[1.07617313]
[2.36313846],[0.71491709],[1.17605023]
[2.41905871],[0.75223602],[1.26279203]
[2.5870871],[0.76711071],[1.3506212]
[2.60327568],[0.79699791],[1.39346167]
[2.71161487],[0.80901923],[1.46496506]
[2.70620027],[0.8236544],[1.48872283]
[2.80595715],[0.83582865],[1.56839023]
[2.81494857],[0.83299059],[1.58326862]
[2.9064355],[0.84555618],[1.67291148]
[2.92245223],[0.85154543],[1.69828984]
[2.990985],[0.86850226],[1.79093305]
[3.01885526],[0.87418136],[1.8050811]
[3.07396111],[0.8902289],[1.88645209]
[3.10430438],[0.8934528],[1.8935443]
[3.16893067],[0.91249583],[1.96035344]
[3.22372955],[0.91162732],[1.96268206]
[3.24701242],[0.93194181],[2.02149729]
[3.25720365],[0.92415338],[2.0055892]
[3.27859699],[0.94282637],[2.04985593]
[3.27590673],[0.93140892],[2.01836163]
[3.29786366],[0.9482445],[2.05960283]
[3.28552195],[0.93381333],[2.01996449]
[3.31927617],[0.95155766],[2.06461546]
[3.31271181],[0.93858021],[2.03012928]
[3.33290895],[0.95382509],[2.06471673]
[3.37209516],[0.94933806],[2.07415759]
[3.35832259],[0.95102269],[2.06500453]
[3.38906385],[0.95269829],[2.06974639]
[3.37249679],[0.95360111],[2.04905762]
[3.36747409],[0.95671607],[2.049809]
[3.37330907],[0.95868004],[2.05071199]
[3.3717899],[0.95887449],[2.05130594]
[3.38280192],[0.96026776],[2.05935033]
[3.38459457],[0.95946376],[2.06188646]
[3.38175877],[0.95043961],[2.05681702]
[3.36816236],[0.93741395],[2.03854212]
[3.36359448],[0.94543765],[2.03112907]
[3.35503748],[0.97252424],[2.03608006]
[3.33851003],[0.98702549],[2.02836615]
[3.33034057],[1.00468861],[2.02071069]
[3.30452117],[1.03029759],[2.00162048]
[3.271278],[1.04749984],[1.97515192]
[3.23183212],[1.06065331],[1.93708218]
[3.19307446],[1.07635026],[1.89612205]
[3.14556736],[1.09302494],[1.85251404]
[3.0212567],[1.09628419],[1.80113945]
[2.91855189],[1.09845651],[1.75694009]
[2.82488723],[1.10119048],[1.73630596]
[0.],[0.],[0.]
[0.],[0.],[0.]
[1.53127967],[0.35708796],[0.34579577]
[1.99900062],[0.50937049],[0.69571702]
[2.10229562],[0.59766897],[0.86409159]
[2.24306968],[0.64484082],[1.00591856]
[2.33082013],[0.72040184],[1.15876067]
[2.43977668],[0.75936215],[1.27449087]
[2.55415529],[0.79935733],[1.38254723]
[2.74938372],[0.81496471],[1.49045465]
[2.75711149],[0.84440958],[1.54102635]
[2.85348194],[0.85645521],[1.63830688]
[2.87078917],[0.86268985],[1.67046834]
[2.95739034],[0.87702558],[1.7675229]
[2.98411783],[0.88301603],[1.79377576]
[3.06348615],[0.90086039],[1.89135872]
[3.10178506],[0.90519252],[1.91062435]
[3.15176338],[0.92699148],[1.99966356]
[3.20253044],[0.92686558],[2.00807278]
[3.26811044],[0.95711827],[2.09487419]
[3.31415238],[0.95634236],[2.10765375]
[3.37250086],[0.98338303],[2.17825295]
[3.37598696],[0.98147268],[2.17828564]
[3.41693394],[0.99989135],[2.24328455]
[3.40336083],[0.99496881],[2.23626926]
[3.44455728],[1.01027059],[2.28113469]
[3.42554212],[1.00247512],[2.26169432]
[3.46914274],[1.01459856],[2.30198252]
[3.43801702],[1.00416424],[2.26884534]
[3.48947966],[1.01691014],[2.30845131]
[3.46667238],[1.00742298],[2.2822435]
[3.50962833],[1.01841501],[2.3118614]
[3.52775535],[1.01508639],[2.32925213]
[3.53626282],[1.01624617],[2.31093909]
[3.54651805],[1.01740183],[2.31783956]
[3.54918247],[1.01774719],[2.29381354]
[3.52905879],[1.01804996],[2.28959837]
[3.52920858],[1.01787422],[2.28826213]
[3.52190411],[1.01738031],[2.2809417]
[3.52322025],[1.01879413],[2.28133036]
[3.51531869],[1.01843829],[2.2705283]
[3.4978292],[1.01108563],[2.2522998]
[3.47366734],[1.00014938],[2.22604719]
[3.45858358],[0.98830746],[2.21235707]
[3.44123624],[1.00872083],[2.20065143]
[3.40810793],[1.02355912],[2.16683188]
[3.37389919],[1.04145344],[2.12865974]
[3.32912406],[1.06168708],[2.08121492]
[3.2791472],[1.07501254],[2.01700849]
[3.19209916],[1.0864052],[1.95439479]
[3.09927313],[1.09369897],[1.90761448]
[3.01145292],[1.09947324],[1.86809391]
[2.91641518],[1.1002831],[1.82461795]
[2.84114032],[1.10064505],[1.7771667]
[2.64933037],[1.09970158],[1.71444286]
[0.],[0.],[0.]
[0.],[0.],[0.]
[1.55413602],[0.36255439],[0.38887528]
[2.05770024],[0.5188061],[0.75788879]
[2.15300546],[0.60596255],[0.91695776]
[2.29367621],[0.68272797],[1.09656683]
[2.36076494],[0.76230402],[1.25774559]
[2.4858632],[0.80292106],[1.38326194]
[2.62175739],[0.84333709],[1.5070784]
[2.8196833],[0.85825946],[1.63549892]
[2.85454748],[0.87973997],[1.70107455]
[2.94317855],[0.89475613],[1.82021143]
[2.96981473],[0.9043347],[1.85382591]
[3.04641088],[0.92357542],[1.95746825]
[3.07996969],[0.928458],[1.97925761]
[3.14755963],[0.95862489],[2.07902076]
[3.19552154],[0.96107627],[2.09283646]
[3.27225768],[0.98927301],[2.18762233]
[3.33019469],[0.99058321],[2.21998017]
[3.3998927],[1.01420421],[2.30912584]
[3.42164945],[1.01270687],[2.33295117]
[3.47539105],[1.03281791],[2.40883227]
[3.46306716],[1.02984804],[2.4226225]
[3.51546904],[1.04466944],[2.48866522]
[3.49378217],[1.04140357],[2.48183537]
[3.54408369],[1.05377004],[2.52842619]
[3.51574279],[1.05211527],[2.51509427]
[3.56785479],[1.05734702],[2.55100787]
[3.52537677],[1.05465545],[2.52037341]
[3.58392753],[1.05931443],[2.55279941]
[3.55043955],[1.05663231],[2.5285444]
[3.60108477],[1.06080564],[2.54997033]
[3.60751733],[1.05873288],[2.56848619]
[3.62665936],[1.05984977],[2.55089113]
[3.62650967],[1.06089574],[2.55739815]
[3.63389944],[1.06127386],[2.53349249]
[3.60622256],[1.06137834],[2.5264124]
[3.60511345],[1.06111531],[2.52477216]
[3.59505563],[1.06185239],[2.51433063]
[3.59166101],[1.06356178],[2.51177474]
[3.58242168],[1.06258631],[2.50034272]
[3.56111735],[1.05456277],[2.48932241]
[3.53311764],[1.059023],[2.46592906]
[3.51636204],[1.07873079],[2.44816143]
[3.48960354],[1.10105581],[2.42161021]
[3.43814679],[1.11437344],[2.35995085]
[3.39314776],[1.13145096],[2.30483551]
[3.34689527],[1.14990875],[2.25707664]
[3.29124321],[1.16227428],[2.19976659]
[3.1930053],[1.16904616],[2.15768956]
[3.11079676],[1.16811209],[2.11183554]
[3.02971923],[1.16708369],[2.06980753]
[2.89394292],[1.1623867],[2.02749054]
[2.65126283],[1.15607711],[1.94994645]
[2.46348409],[1.14844254],[1.89280835]
[0.],[0.],[0.]
[0.],[0.],[0.]
[1.58287219],[0.40478712],[0.50392639]
[2.0912866],[0.54738362],[0.82477964]
[2.19107413],[0.65116072],[1.01571602]
[2.31499648],[0.71848813],[1.17960225]
[2.39021418],[0.79030279],[1.34474229]
[2.52893162],[0.83066568],[1.47889949]
[2.67732248],[0.85985979],[1.60254404]
[2.86731408],[0.87816483],[1.75147502]
[2.91771766],[0.90107204],[1.83014088]
[2.99890778],[0.91999277],[1.95933367]
[3.03352617],[0.93019251],[1.99989765]
[3.10378446],[0.95790476],[2.11452654]
[3.15197191],[0.96579114],[2.14750129]
[3.23324986],[0.99036133],[2.2494184]
[3.31069673],[0.9993312],[2.30835654]
[3.36191968],[1.01632566],[2.40740256]
[3.40110997],[1.02269947],[2.46115434]
[3.47055254],[1.03831515],[2.55035717]
[3.47076557],[1.05280719],[2.57829731]
[3.52373479],[1.06898685],[2.64408359]
[3.50700355],[1.07976912],[2.66014237]
[3.56216393],[1.09057284],[2.7056277]
[3.53777427],[1.09880394],[2.71855537]
[3.59249899],[1.10311911],[2.75050247]
[3.56186126],[1.10802229],[2.7577669]
[3.61878299],[1.1097421],[2.77763619]
[3.57255507],[1.10680019],[2.76725347]
[3.633791],[1.1063351],[2.78068207]
[3.59718075],[1.10795729],[2.77573062]
[3.65307315],[1.10570335],[2.78040335]
[3.65583608],[1.12604297],[2.8178698]
[3.68037045],[1.11256069],[2.79718974]
[3.67570105],[1.11424771],[2.80862967]
[3.69215163],[1.11286047],[2.78761489]
[3.66267918],[1.11512895],[2.78215598]
[3.66110574],[1.12109137],[2.78505889]
[3.65053334],[1.13188624],[2.78666986]
[3.6463554],[1.14973423],[2.79418284]
[3.63617405],[1.17113385],[2.78966882]
[3.6136499],[1.18933841],[2.76849196]
[3.58128963],[1.20007467],[2.73086223]
[3.54787009],[1.21302938],[2.67895151]
[3.5047942],[1.2290285],[2.61837649]
[3.44303664],[1.23740027],[2.54520426]
[3.38588542],[1.24871305],[2.46236382]
[3.30189766],[1.25727654],[2.40306126]
[3.22292685],[1.26041388],[2.36315324]
[3.13198977],[1.2567737],[2.33743692]
[3.05855796],[1.24918119],[2.3426653]
[2.96656976],[1.2388776],[2.3485813]
[2.71212701],[1.23052196],[2.29685223]
[2.48911563],[1.2220858],[2.22979319]
[2.25457667],[1.20467002],[2.13420526]
[0.],[0.],[0.]
[0.17657761],[0.03769683],[0.00304191]
[1.59959961],[0.44950968],[0.56746429]
[2.09744216],[0.597779],[0.88984881]
[2.22223723],[0.69557193],[1.10157753]
[2.3455622],[0.75561741],[1.27156462]
[2.419467],[0.82277885],[1.43165186]
[2.59597919],[0.86029699],[1.57515056]
[2.72884146],[0.88429397],[1.71065496]
[2.91268517],[0.91526],[1.89136026]
[2.98324642],[0.93369544],[1.97704084]
[3.05624658],[0.96122895],[2.12809179]
[3.11433502],[0.97208481],[2.19188712]
[3.19173822],[0.99619329],[2.30169387]
[3.2786619],[1.00482065],[2.35428328]
[3.34624051],[1.02293571],[2.48251936]
[3.3878039],[1.0384313],[2.55070357]
[3.45001921],[1.07281724],[2.64988659]
[3.48633285],[1.11032417],[2.71946398]
[3.55225839],[1.13810071],[2.79990626]
[3.55068893],[1.15930131],[2.84676111]
[3.60125992],[1.16752908],[2.89245036]
[3.58917563],[1.17307282],[2.92880935]
[3.6446069],[1.17991988],[2.95685618]
[3.62532845],[1.19441567],[2.99104167]
[3.67789047],[1.20175486],[3.02349182]
[3.64714943],[1.20983363],[3.03773527]
[3.69312572],[1.21702316],[3.06332998]
[3.65150301],[1.21914059],[3.05837754]
[3.70073843],[1.2216183],[3.07317091]
[3.66912345],[1.22534552],[3.07053126]
[3.70762078],[1.22475018],[3.07366811]
[3.7111515],[1.23493111],[3.10782068]
[3.74118922],[1.22802451],[3.0950151]
[3.73427505],[1.2292065],[3.1062913]
[3.75729216],[1.22864125],[3.08601947]
[3.73241257],[1.24016974],[3.08722266]
[3.73101875],[1.25551396],[3.09718723]
[3.71927041],[1.26574555],[3.09525707]
[3.71012373],[1.27708298],[3.09227391]
[3.69416615],[1.29092367],[3.07324803]
[3.66807367],[1.29808463],[3.03725191]
[3.63074412],[1.29932567],[2.99262609]
[3.58869467],[1.30450398],[2.93265651]
[3.53709954],[1.31588181],[2.86499299]
[3.46792208],[1.32267502],[2.77692082]
[3.3900615],[1.33029108],[2.68263125]
[3.29366141],[1.33527422],[2.62913458]
[3.20189368],[1.33037217],[2.65650714]
[3.10939537],[1.32243745],[2.64963892]
[3.02770332],[1.31126121],[2.61868723]
[2.79163325],[1.29726834],[2.53599919]
[2.52311506],[1.28116736],[2.45734337]
[2.28094768],[1.26325527],[2.34919547]
[2.17324838],[1.24214697],[2.22588062]
[0.],[0.],[0.]
[0.38292872],[0.0782259],[0.01434255]
[1.61280323],[0.4950421],[0.62170199]
[2.14043966],[0.63467459],[0.966405]
[2.26919601],[0.73146495],[1.19457754]
[2.37483254],[0.7900638],[1.35783295]
[2.4403238],[0.85490122],[1.51560682]
[2.66207832],[0.89807802],[1.68938292]
[2.80812214],[0.91835592],[1.84051866]
[2.97007632],[0.95559037],[2.02602155]
[3.04241741],[0.97647624],[2.12070246]
[3.1326292],[1.00016428],[2.28717931]
[3.20964746],[1.00972157],[2.3535524]
[3.31613556],[1.02793503],[2.48652503]
[3.38713822],[1.03689398],[2.57296081]
[3.48201432],[1.05427149],[2.68566653]
[3.52067168],[1.09094089],[2.75837681]
[3.6071677],[1.11961796],[2.85220177]
[3.62888639],[1.15010908],[2.93062253]
[3.7213044],[1.17038456],[3.01441875]
[3.69341719],[1.19232893],[3.07875807]
[3.76927419],[1.19986769],[3.15193428]
[3.73790974],[1.21328577],[3.19117422]
[3.82165172],[1.22573106],[3.24977986]
[3.7786803],[1.23769571],[3.26508784]
[3.85656289],[1.2451849],[3.34242887]
[3.80124648],[1.25163724],[3.32666465]
[3.87165746],[1.25649259],[3.40025129]
[3.8041719],[1.26026991],[3.3598977]
[3.87437436],[1.26362126],[3.42456637]
[3.81945236],[1.26796554],[3.37481743]
[3.8743589],[1.27075238],[3.43254589]
[3.85345325],[1.27599468],[3.43279272]
[3.87378893],[1.27733399],[3.45450241]
[3.85034767],[1.28004857],[3.44292577]
[3.85768624],[1.28996748],[3.43030522]
[3.81979012],[1.3041656],[3.42539528]
[3.79756779],[1.32034889],[3.42178722]
[3.7715141],[1.33196546],[3.41024907]
[3.75276069],[1.34389372],[3.40170605]
[3.72095709],[1.35736655],[3.373181]
[3.66852958],[1.3652504],[3.32168218]
[3.60678994],[1.36749511],[3.2482956]
[3.55068973],[1.37038371],[3.14624624]
[3.46891869],[1.3769235],[3.07420371]
[3.360095],[1.37878495],[3.02261689]
[3.26605365],[1.37296989],[2.98097931]
[3.18577691],[1.3637751],[2.9456928]
[2.98192414],[1.35388346],[2.86456533]
[2.67224886],[1.34181444],[2.76050469]
[2.43623613],[1.3285466],[2.64199661]
[2.34898122],[1.31317453],[2.51836307]
[2.34343741],[1.29381841],[2.37837231]
[2.33971069],[1.27013729],[2.2599708]
[2.33881661],[1.24841606],[2.18137464]
[0.],[0.],[0.]
[0.50559176],[0.11596546],[0.0284736]
[1.62503596],[0.53460332],[0.66586166]
[2.17721657],[0.67323639],[1.03814763]
[2.31897811],[0.77015274],[1.29208897]
[2.40056807],[0.82721671],[1.45645306]
[2.46061423],[0.89029381],[1.61105215]
[2.71097279],[0.93773138],[1.81157555]
[2.88113885],[0.9634223],[1.97497593]
[3.04286442],[0.99622026],[2.17470344]
[3.1240472],[1.01404213],[2.2866637]
[3.21151789],[1.03253777],[2.47642392]
[3.30370957],[1.04285328],[2.56648981]
[3.40408479],[1.05866827],[2.69733628]
[3.46839975],[1.09719923],[2.7846715]
[3.57440236],[1.12401514],[2.90311538]
[3.61107936],[1.15673363],[2.98847304]
[3.72038878],[1.17943122],[3.10421931]
[3.73174693],[1.20327104],[3.1954041]
[3.8454662],[1.22428577],[3.29492062]
[3.80126029],[1.24639193],[3.35379199]
[3.89764985],[1.25881709],[3.46895349]
[3.85477052],[1.27342038],[3.47259497]
[3.96318304],[1.28644345],[3.58688683]
[3.90491996],[1.29883652],[3.57469931]
[4.0048426],[1.30627043],[3.67411428]
[3.92774588],[1.31273253],[3.64449311]
[4.02466779],[1.31646841],[3.73110933]
[3.93046218],[1.31707232],[3.68220504]
[4.02844924],[1.3174145],[3.75538697]
[3.94940519],[1.31895199],[3.70066763]
[4.03383813],[1.32214421],[3.76075009]
[3.98893821],[1.32620632],[3.76148396]
[4.03052731],[1.32865335],[3.78429415]
[3.98377673],[1.34160967],[3.77753073]
[4.00905958],[1.35402369],[3.77253313]
[3.96186995],[1.36645259],[3.76209818]
[3.94558775],[1.37967688],[3.76073927]
[3.91066489],[1.39049031],[3.74596823]
[3.87711616],[1.4006277],[3.74410568]
[3.82723798],[1.4121601],[3.72335616]
[3.76727247],[1.41841308],[3.70145052]
[3.6994925],[1.41925695],[3.66238244]
[3.63599574],[1.42351238],[3.6011346]
[3.57815048],[1.43015844],[3.51046576]
[3.46326167],[1.42821296],[3.43063722]
[3.35746387],[1.42388805],[3.37220155]
[3.24899957],[1.41276779],[3.30980038]
[3.01102472],[1.40058367],[3.1932829]
[2.7222595],[1.38765848],[3.06349628]
[2.78590537],[1.37397751],[3.03334705]
[2.86609156],[1.35696256],[2.96107487]
[2.80861094],[1.33810092],[2.77785237]
[2.79320981],[1.31235622],[2.63427215]
[2.75412834],[1.28448044],[2.50881787]
[0.],[0.],[0.]
[0.59003505],[0.15093564],[0.04355268]
[1.64316054],[0.57382788],[0.72045484]
[2.22204452],[0.70835432],[1.1113289]
[2.35133817],[0.80815102],[1.37185295]
[2.43072637],[0.87472526],[1.54727318]
[2.49533485],[0.92959196],[1.69984916]
[2.77793029],[0.97695202],[1.92447835]
[2.97488816],[0.99878815],[2.10559028]
[3.14420907],[1.02473484],[2.32192071]
[3.24276836],[1.04000994],[2.48469788]
[3.35473228],[1.05406532],[2.66703388]
[3.45672141],[1.08944888],[2.79985417]
[3.56827803],[1.12311538],[2.94269022]
[3.61221207],[1.15796527],[3.03620882]
[3.72689844],[1.18396049],[3.16153275]
[3.74612995],[1.21341607],[3.25908919]
[3.86912001],[1.23510601],[3.37004252]
[3.85884528],[1.25922958],[3.45094276]
[3.98742269],[1.28031849],[3.59231856]
[3.92696351],[1.30207191],[3.61996152]
[4.03926665],[1.31534327],[3.76086838]
[3.97978993],[1.33019607],[3.76540763]
[4.09240721],[1.34292651],[3.88173856]
[4.01126989],[1.35483377],[3.86253587]
[4.10994281],[1.36200562],[3.96776937]
[4.02501187],[1.36895392],[3.93558053]
[4.12320904],[1.37302618],[4.03645739]
[4.02364872],[1.3743828],[3.97817175]
[4.12169124],[1.37547678],[4.06988207]
[4.03547084],[1.37705005],[4.00002217]
[4.12241],[1.37725283],[4.07637367]
[4.07133042],[1.37827356],[4.05144279]
[4.11716634],[1.38318089],[4.1001282]
[4.06509786],[1.39462963],[4.07200456]
[4.09677542],[1.4057922],[4.08226939]
[4.04472731],[1.41625748],[4.06007305]
[4.02921484],[1.42711491],[4.06045829]
[3.99549157],[1.43691354],[4.04811077]
[3.96261342],[1.44608548],[4.05226072]
[3.90719465],[1.45652275],[4.04080997]
[3.85083141],[1.46197843],[4.0186317]
[3.78340657],[1.46217463],[3.97715314]
[3.72148559],[1.46303589],[3.92086569]
[3.64762706],[1.46740131],[3.84031608]
[3.52215102],[1.46304688],[3.71290112]
[3.40580876],[1.45770671],[3.63786053]
[3.2889804],[1.45002342],[3.56104724]
[3.02715415],[1.43484697],[3.44875973]
[2.93455537],[1.42171486],[3.35587035]
[2.97805115],[1.40719387],[3.2412957]
[2.99872841],[1.38911683],[3.13108288]
[2.99757127],[1.36973136],[3.00128961]
[3.01279592],[1.34368272],[2.88045884]
[2.99396467],[1.31491778],[2.76286824]
[0.],[0.],[0.]
[0.76287624],[0.19523949],[0.08696864]
[1.65877839],[0.61005283],[0.77176129]
[2.27467592],[0.74177575],[1.1869011]
[2.39012739],[0.85779319],[1.46455918]
[2.46831688],[0.91524646],[1.64399748]
[2.60079938],[0.96449562],[1.81971438]
[2.90117036],[1.0052153],[2.07880254]
[3.09721582],[1.0243896],[2.25411808]
[3.26649577],[1.04481823],[2.50768138]
[3.40213286],[1.07248293],[2.68703975]
[3.53807877],[1.11313991],[2.90736129]
[3.59853993],[1.14942815],[3.05696436]
[3.73053175],[1.18325756],[3.19613673]
[3.74226437],[1.21751542],[3.30217819]
[3.87024304],[1.24006507],[3.42853554]
[3.87011281],[1.26469571],[3.50619692]
[4.01019152],[1.28503409],[3.66163302]
[3.98154653],[1.30773478],[3.71185666]
[4.10672844],[1.32733412],[3.87694709]
[4.02563987],[1.34607535],[3.89695408]
[4.12802312],[1.35778104],[4.03953985]
[4.05363249],[1.37158431],[4.03177602]
[4.16357832],[1.38392296],[4.16452041]
[4.09247467],[1.39535213],[4.13086096]
[4.18648303],[1.40296549],[4.25444827]
[4.10777811],[1.41368091],[4.20848686]
[4.20018217],[1.42045622],[4.33173218]
[4.10789173],[1.42375245],[4.25663808]
[4.19955117],[1.42533997],[4.36995819]
[4.12095434],[1.42768571],[4.28409435]
[4.20212274],[1.42876111],[4.38287639]
[4.16412046],[1.42485037],[4.34417355]
[4.19947865],[1.43379634],[4.40580918]
[4.15812681],[1.44251561],[4.36484749]
[4.17717966],[1.45116186],[4.37857668]
[4.13538426],[1.45924165],[4.34308244]
[4.10832865],[1.46892543],[4.34326998]
[4.07157818],[1.47678771],[4.33139093]
[4.03817733],[1.48425608],[4.32254534]
[3.99350795],[1.4920837],[4.29495404]
[3.9376885],[1.49660789],[4.25967721]
[3.87068223],[1.49745719],[4.21398707]
[3.81137963],[1.49730261],[4.16016628]
[3.7153195],[1.50032726],[4.07837438]
[3.59053909],[1.49351392],[3.9496467]
[3.45587231],[1.48633465],[3.83172272]
[3.27097521],[1.47856421],[3.71911423]
[3.0028842],[1.4645579],[3.57026165]
[3.04295744],[1.44653983],[3.46333181]
[3.08346811],[1.43084865],[3.34776949]
[3.09792652],[1.41141806],[3.2339343]
[3.09347206],[1.3910253],[3.10479161]
[3.09976607],[1.36574903],[2.99709835]
[3.09582482],[1.3356473],[2.89411262]
[0.],[0.],[0.]
[0.79309547],[0.23690751],[0.13998168]
[1.66215792],[0.63090446],[0.81502218]
[2.31500022],[0.76639251],[1.25530811]
[2.41910763],[0.88597426],[1.53679963]
[2.52340972],[0.94691774],[1.73960113]
[2.74603066],[0.99826173],[1.95808933]
[3.02894554],[1.02550342],[2.23133292]
[3.23069995],[1.04120609],[2.46533813]
[3.4237544],[1.06962456],[2.70452005]
[3.55734023],[1.13557114],[2.90418321]
[3.69579181],[1.17156723],[3.13352571]
[3.75427978],[1.20574965],[3.3278562]
[3.88745348],[1.23765239],[3.47036042]
[3.86610968],[1.26712104],[3.54856703]
[3.99840742],[1.28562487],[3.71028584]
[3.9723986],[1.31024242],[3.77124683]
[4.1094155],[1.32993333],[3.94480923]
[4.06640155],[1.35188991],[3.99258238]
[4.18632333],[1.37342522],[4.16780188]
[4.11233079],[1.39388815],[4.17554339]
[4.212211],[1.40068702],[4.3321568]
[4.15335268],[1.41195859],[4.31234578]
[4.25601173],[1.4243815],[4.45578428]
[4.19758986],[1.43688632],[4.40253141]
[4.27880261],[1.44437026],[4.52578318]
[4.2125705],[1.4543323],[4.46832831]
[4.29266257],[1.45961387],[4.59301468]
[4.21364446],[1.4615583],[4.51114629]
[4.29164387],[1.4630014],[4.62355048]
[4.22158403],[1.46566583],[4.53473661]
[4.28760213],[1.46645548],[4.62505869]
[4.25907256],[1.46271026],[4.5818428]
[4.27258734],[1.47519805],[4.63146672]
[4.23232706],[1.48428459],[4.58418536]
[4.22135245],[1.49256495],[4.58397691]
[4.17445801],[1.50044764],[4.54127199]
[4.12772009],[1.50876833],[4.52332125]
[4.06833674],[1.51594851],[4.48152941]
[4.01109432],[1.52279429],[4.44504071]
[3.9520793],[1.53002292],[4.39715604]
[3.84722801],[1.53386811],[4.3147256]
[3.71118788],[1.53076179],[4.18900596]
[3.57604493],[1.52311627],[4.08701303]
[3.44469696],[1.51650771],[4.0108997]
[3.23613499],[1.50785544],[3.87302082]
[3.20547443],[1.49837626],[3.71700601]
[3.18189128],[1.48437138],[3.53942665]
[3.15201511],[1.46399061],[3.38274773]
[3.18464536],[1.44502332],[3.29098149]
[3.21039443],[1.4297849],[3.20686657]
[3.21576192],[1.41085321],[3.1288351]
[3.20491583],[1.38870254],[3.04400073]
[3.20241658],[1.36330193],[2.96202382]
[3.19128791],[1.33164999],[2.86685726]
[0.],[0.],[0.]
[0.81438631],[0.28702496],[0.18698305]
[1.67572276],[0.65436054],[0.87019959]
[2.35833698],[0.81544317],[1.35542066]
[2.47896292],[0.92151592],[1.65336426]
[2.65356147],[0.97658005],[1.8838186]
[2.8952123],[1.01862991],[2.11375502]
[3.15768653],[1.04135695],[2.46141867]
[3.3780095],[1.07514373],[2.68450531]
[3.58742415],[1.13319307],[2.94114582]
[3.68385441],[1.19382509],[3.17659676]
[3.83251499],[1.22558176],[3.42459181]
[3.83786039],[1.26071336],[3.58435713]
[3.96859657],[1.29408739],[3.77654397]
[3.93662292],[1.32321336],[3.8513747]
[4.07800196],[1.34367447],[4.02765207]
[4.04324691],[1.36541579],[4.08224373]
[4.17881586],[1.38160328],[4.26219291]
[4.14507461],[1.39911178],[4.28449681]
[4.25409299],[1.4148597],[4.46127955]
[4.19592833],[1.42687821],[4.4442088]
[4.28736457],[1.43409648],[4.60383205]
[4.23866112],[1.44420311],[4.5710342]
[4.33052827],[1.45689136],[4.71339886]
[4.28200374],[1.47026622],[4.65969439]
[4.35214372],[1.48004558],[4.78220466]
[4.2950691],[1.48945237],[4.73056151]
[4.36560495],[1.49376308],[4.85015917]
[4.29670116],[1.49644999],[4.77395928]
[4.36373644],[1.49778934],[4.87800111]
[4.30345982],[1.49952084],[4.80089651]
[4.35980507],[1.50215531],[4.88236244]
[4.34194252],[1.50484402],[4.85339357]
[4.34251156],[1.51704334],[4.89463779]
[4.31495954],[1.52403579],[4.85805974]
[4.29624041],[1.53140117],[4.86212381]
[4.26179595],[1.53793666],[4.82764522]
[4.20997047],[1.54472868],[4.80027462]
[4.15377012],[1.55084384],[4.75898507]
[4.10075636],[1.5565182],[4.72026249]
[4.02048586],[1.56241697],[4.6613731]
[3.91354661],[1.56563773],[4.58096969]
[3.78128353],[1.56097377],[4.46780166]
[3.64791403],[1.55525419],[4.35312664]
[3.51216026],[1.54913061],[4.25819555]
[3.47562724],[1.54046425],[4.08537135]
[3.44225888],[1.5312688],[3.90010473]
[3.41818618],[1.51970328],[3.71791453]
[3.388536],[1.50147226],[3.55674076]
[3.38561697],[1.4782826],[3.45392261]
[3.38844672],[1.45995449],[3.36576696]
[3.37959311],[1.44061511],[3.3017411]
[3.35964213],[1.41781359],[3.21320641]
[3.34825922],[1.39476602],[3.1296079]
[3.33296743],[1.36505698],[3.03014374]
[0.],[0.],[0.]
[0.82935875],[0.33677881],[0.22712509]
[1.68759047],[0.67552304],[0.92414663]
[2.40963909],[0.84270789],[1.44740293]
[2.52517387],[0.94196528],[1.73870908]
[2.77495292],[0.99428712],[2.01229152]
[3.01701637],[1.03434499],[2.30840412]
[3.25379185],[1.06097275],[2.61788833]
[3.48656462],[1.1247897],[2.863446]
[3.68956732],[1.18104697],[3.14448993]
[3.77518118],[1.24397739],[3.39471641]
[3.91860942],[1.27986227],[3.66848108]
[3.91082138],[1.31073163],[3.8297689]
[4.0481357],[1.3357923],[4.03056444]
[4.00702293],[1.35752787],[4.08662667]
[4.14666718],[1.3723295],[4.26712493]
[4.1146498],[1.39116721],[4.29318517]
[4.24579373],[1.40642151],[4.48491831]
[4.2237686],[1.42303174],[4.49862109]
[4.32719201],[1.43970231],[4.68057334]
[4.27948727],[1.4532601],[4.67304093]
[4.35973719],[1.46377113],[4.83179151]
[4.32006159],[1.47800537],[4.80777873]
[4.40196751],[1.49097101],[4.93803468]
[4.36068562],[1.50028608],[4.89428578]
[4.42311144],[1.50739852],[5.00895164]
[4.37153519],[1.51582846],[4.97009898]
[4.43597917],[1.52005414],[5.08662181]
[4.37127778],[1.52369514],[5.02178754]
[4.43223184],[1.52496902],[5.12616351]
[4.37893157],[1.52668989],[5.05892989]
[4.43128895],[1.52997915],[5.14064348]
[4.42103611],[1.53228499],[5.11056796]
[4.4129796],[1.54434986],[5.14675845]
[4.39825446],[1.55092372],[5.11759359]
[4.37448739],[1.55779523],[5.11632374]
[4.34919578],[1.56421392],[5.08427424]
[4.29449796],[1.57040484],[5.05146289]
[4.23957743],[1.57633226],[5.00915087]
[4.17763602],[1.58156476],[4.96610477]
[4.08881199],[1.58707155],[4.90775715]
[3.96783532],[1.58932051],[4.82493849]
[3.83682637],[1.58188469],[4.71542327]
[3.7234835],[1.57494893],[4.61776693]
[3.68990691],[1.56798898],[4.48143061]
[3.64492898],[1.56043767],[4.25725928]
[3.60683571],[1.55102302],[4.03127695]
[3.58317854],[1.54107782],[3.85117755]
[3.55210581],[1.52614793],[3.68470333]
[3.51970117],[1.50598648],[3.56442879]
[3.50435972],[1.48367388],[3.48414335]
[3.48480454],[1.4644236],[3.41785649]
[3.45744859],[1.44193289],[3.3285364]
[3.44033172],[1.41816517],[3.23999391]
[3.41977764],[1.3880385],[3.1359556]
[0.],[0.],[0.]
[0.83521672],[0.34096034],[0.2382074]
[1.690835],[0.68391608],[0.95069368]
[2.43910914],[0.85415798],[1.50550253]
[2.5503176],[0.95715597],[1.80377211]
[2.86840052],[1.01035162],[2.14660582]
[3.11687761],[1.0532326],[2.49510067]
[3.33768598],[1.10901607],[2.75286984]
[3.56676448],[1.1688426],[3.05296285]
[3.77712342],[1.2233435],[3.37273037]
[3.85889368],[1.27954124],[3.59712392]
[3.99807057],[1.30626965],[3.85789128]
[3.98685413],[1.33382315],[4.01334197]
[4.13148512],[1.36088452],[4.24044281]
[4.08652772],[1.38211618],[4.27826974]
[4.22416861],[1.39683136],[4.48203151]
[4.20908392],[1.41511296],[4.51363474]
[4.33429903],[1.4307939],[4.7095932]
[4.32215585],[1.44953686],[4.73545994]
[4.41375003],[1.46585847],[4.90726713]
[4.37846076],[1.47973072],[4.90900655]
[4.44584489],[1.49229938],[5.06149382]
[4.41301821],[1.50618782],[5.04312494]
[4.48474021],[1.51679618],[5.17245349]
[4.45086347],[1.5257358],[5.12903305]
[4.50181697],[1.5333455],[5.24484259]
[4.4581529],[1.54179369],[5.21410965]
[4.51038668],[1.54575932],[5.32739827]
[4.45528377],[1.54792801],[5.26882562]
[4.49773278],[1.54910512],[5.36497143]
[4.44947243],[1.55064614],[5.30488462]
[4.48854032],[1.55643569],[5.386494]
[4.48451505],[1.5582548],[5.36548532]
[4.46047131],[1.57002032],[5.39296572]
[4.44829487],[1.57629435],[5.367833]
[4.39732404],[1.58281069],[5.34014392]
[4.34060126],[1.58859241],[5.28210893]
[4.23431402],[1.59433768],[5.2095923]
[4.10222478],[1.60082188],[5.12195397]
[3.99953207],[1.60376395],[5.04333874]
[3.99049942],[1.59924485],[4.95794254]
[3.97826192],[1.5937399],[4.85628526]
[3.95735654],[1.58622354],[4.68663873]
[3.93748937],[1.5794322],[4.47253981]
[3.91116743],[1.57163311],[4.29002191]
[3.86223659],[1.56305199],[4.09626473]
[3.81567871],[1.55159205],[3.90666002]
[3.77652565],[1.53590166],[3.74042986]
[3.73598101],[1.51951131],[3.61578695]
[3.68527858],[1.49812177],[3.53815379]
[3.65113184],[1.47274973],[3.46288383]
[3.617863],[1.45131338],[3.38966485]
[3.5744686],[1.428909],[3.29261452]
[3.54683726],[1.40660981],[3.20187661]
[3.52572518],[1.37814244],[3.09250543]
[0.],[0.],[0.]
[0.84211964],[0.36276055],[0.25759566]
[1.70325413],[0.70551729],[0.99472015]
[2.46718988],[0.87763574],[1.56880137]
[2.64029753],[0.96947915],[1.88363422]
[2.96658753],[1.02363661],[2.3890834]
[3.22267035],[1.08890024],[2.64349735]
[3.44145205],[1.15473232],[3.0172349]
[3.64312713],[1.21481992],[3.25967471]
[3.87887732],[1.26720727],[3.6008865]
[3.92192067],[1.312706],[3.80284698]
[4.06692789],[1.33579893],[4.08969046]
[4.05255388],[1.36393],[4.22632147]
[4.19148542],[1.39105542],[4.48658338]
[4.15783495],[1.4113045],[4.51590502]
[4.29054033],[1.42618211],[4.73279933]
[4.28536317],[1.44499016],[4.77685428]
[4.40086946],[1.46166504],[4.97271983]
[4.3952872],[1.48564857],[5.00302172]
[4.47767958],[1.4981047],[5.17670374]
[4.44678813],[1.51011571],[5.17329274]
[4.50600251],[1.52212397],[5.32285309]
[4.47822971],[1.53345623],[5.31622883]
[4.54261302],[1.54429353],[5.43620111]
[4.51652462],[1.55203678],[5.40804358]
[4.55988095],[1.55876927],[5.51348311]
[4.52388629],[1.56705595],[5.49628901]
[4.56672915],[1.57218162],[5.60517856]
[4.52197353],[1.57578225],[5.56803669]
[4.56064431],[1.57721629],[5.66572066]
[4.51967371],[1.58397017],[5.61935166]
[4.5526516],[1.58930275],[5.69454433]
[4.56244895],[1.59139172],[5.71494588]
[4.53646703],[1.60026192],[5.70736505]
[4.5328281],[1.60552915],[5.71728326]
[4.46744648],[1.6120746],[5.65456726]
[4.41077186],[1.61720346],[5.60962706]
[4.29438219],[1.62241333],[5.53270098]
[4.17122159],[1.62749432],[5.45072321]
[4.16659382],[1.62966866],[5.38236677]
[4.15682767],[1.62371379],[5.29972597]
[4.14483617],[1.61829271],[5.19438749]
[4.12395123],[1.61112533],[5.02493666]
[4.11437383],[1.60356163],[4.80879495]
[4.10457653],[1.59445717],[4.6214856]
[4.0758842],[1.58497044],[4.40924303]
[4.04691588],[1.57563724],[4.19828803]
[4.01964628],[1.55925247],[4.00887709]
[3.99038515],[1.54253089],[3.87648798]
[3.93879247],[1.52322135],[3.78427949]
[3.88742153],[1.5009775],[3.69316856]
[3.8376706],[1.4750183],[3.60111375]
[3.7803653],[1.45323758],[3.48534193]
[3.7419742],[1.4316689],[3.38367249]
[3.70845819],[1.40341535],[3.2636783]
[0.],[0.],[0.]
[0.85190156],[0.39027681],[0.2830781]
[1.71568701],[0.72012874],[1.02404199]
[2.49943499],[0.89477223],[1.62481013]
[2.74265525],[0.97691527],[1.96423734]
[3.0551964],[1.03209162],[2.54875613]
[3.33598392],[1.12114596],[2.76416333]
[3.51677818],[1.1844347],[3.18418646]
[3.72361124],[1.24441703],[3.44174095]
[3.95176976],[1.29065921],[3.7655988]
[3.98532715],[1.33325517],[3.96516986]
[4.12318126],[1.35792617],[4.27136398]
[4.11354675],[1.3881481],[4.41501982]
[4.24962673],[1.41677071],[4.69348521]
[4.22884422],[1.43611767],[4.75127521]
[4.35261243],[1.45176739],[4.95626436]
[4.35147318],[1.47960309],[5.01818473]
[4.4617012],[1.49236452],[5.20744667]
[4.4597322],[1.51591199],[5.25093726]
[4.53163527],[1.53163542],[5.40813896]
[4.50925017],[1.54257953],[5.41649405]
[4.55974286],[1.55282026],[5.57029015]
[4.53898489],[1.56426738],[5.58674164]
[4.59414578],[1.57453427],[5.70353788]
[4.57342246],[1.58200422],[5.69539185]
[4.60809623],[1.58818468],[5.78497589]
[4.57735237],[1.59633286],[5.77592149]
[4.61321494],[1.60150924],[5.87535154]
[4.57348538],[1.60376866],[5.84595019]
[4.60584379],[1.60519107],[5.93603823]
[4.57117029],[1.61109801],[5.89771006]
[4.59940022],[1.61566068],[5.96037836]
[4.61563303],[1.61802493],[5.98410944]
[4.58430169],[1.62590062],[5.97332514]
[4.5821372],[1.63023212],[5.98044737]
[4.5110747],[1.63493889],[5.9173856]
[4.45219597],[1.63911838],[5.87141665]
[4.32042393],[1.64338669],[5.78196633]
[4.26402621],[1.64775344],[5.69801023]
[4.25935348],[1.65022449],[5.6320032]
[4.24931133],[1.64396542],[5.54451972]
[4.23843312],[1.63639734],[5.43840396]
[4.21898289],[1.62865515],[5.28254618]
[4.20650675],[1.6207741],[5.04216021]
[4.19130987],[1.61039643],[4.83637084]
[4.15919904],[1.60015709],[4.62034937]
[4.12931942],[1.58953566],[4.40805594]
[4.09931969],[1.57569891],[4.21196924]
[4.06814098],[1.55857461],[4.04950369]
[4.02609219],[1.53887649],[3.90933733]
[3.99040012],[1.51956715],[3.81320267]
[3.93877786],[1.49303154],[3.70745596]
[3.86867278],[1.47015771],[3.5794683]
[3.81459146],[1.447559],[3.46029442]
[3.77824271],[1.41411678],[3.32651152]
[0.],[0.],[0.]
[0.86242599],[0.41271177],[0.30682802]
[1.73112763],[0.747686],[1.07366512]
[2.53177572],[0.90196964],[1.67220929]
[2.83280691],[0.9866886],[2.04221633]
[3.1367133],[1.05686119],[2.69589603]
[3.40719114],[1.15089748],[2.93753081]
[3.59259828],[1.20968713],[3.32476586]
[3.78953496],[1.26265256],[3.59352818]
[4.01468513],[1.3084634],[3.92526915]
[4.03214433],[1.34936835],[4.11803837]
[4.16345207],[1.37508488],[4.4494764]
[4.16349635],[1.40974141],[4.62267801]
[4.28977599],[1.4350103],[4.88162896]
[4.28188776],[1.46402275],[4.96616476]
[4.39456852],[1.47196931],[5.15709324]
[4.3972218],[1.50550124],[5.23493]
[4.50131746],[1.51606148],[5.40482075]
[4.50216727],[1.53950013],[5.45226647]
[4.56529067],[1.55106525],[5.60306965]
[4.54645744],[1.56315868],[5.64276059]
[4.59095695],[1.57345721],[5.77975453]
[4.57241221],[1.58547126],[5.80548815]
[4.61844987],[1.59451029],[5.9045805]
[4.59445641],[1.60199066],[5.89682707]
[4.62108863],[1.60806764],[5.97084495]
[4.59049746],[1.61554713],[5.97873443]
[4.62323032],[1.6212092],[6.07624216]
[4.58449457],[1.6224971],[6.06533663]
[4.61331864],[1.62422279],[6.13793565]
[4.57965773],[1.62920606],[6.10187493]
[4.61647236],[1.63316914],[6.15905509]
[4.62671146],[1.63620606],[6.17104591]
[4.60289318],[1.6411526],[6.15753569]
[4.6050052],[1.64524499],[6.16138628]
[4.53288779],[1.64950012],[6.09727625]
[4.47746005],[1.65345478],[6.05164822]
[4.34702082],[1.6576143],[5.958499]
[4.31671997],[1.66141984],[5.87444408]
[4.31106649],[1.66414695],[5.80491557]
[4.30220079],[1.65730655],[5.71045407]
[4.28975574],[1.64973418],[5.60424576]
[4.2667793],[1.63862437],[5.44100852]
[4.25371591],[1.62975035],[5.20213151]
[4.2404729],[1.61899346],[4.97635275]
[4.2141589],[1.60807637],[4.76141277]
[4.18373497],[1.5957625],[4.5479887]
[4.15087884],[1.58353269],[4.34606556]
[4.12061024],[1.56773945],[4.18591348]
[4.08026427],[1.54826877],[4.02100579]
[4.04595301],[1.52879286],[3.88175848]
[4.00827348],[1.50653478],[3.77451467]
[3.95932724],[1.48122629],[3.64163908]
[3.89821903],[1.45501846],[3.51489748]
[3.84612118],[1.41969171],[3.3654595]
[0.],[0.],[0.]
[0.86292229],[0.41302804],[0.31012509]
[1.73625083],[0.74938184],[1.08727524]
[2.5351762],[0.90921665],[1.69610352]
[2.87495504],[0.9938002],[2.08827325]
[3.18410227],[1.08015089],[2.81654107]
[3.43896938],[1.17648495],[3.07524828]
[3.63149344],[1.22722081],[3.4222853]
[3.81805704],[1.27831796],[3.70322485]
[4.06124608],[1.32464737],[4.06170392]
[4.05831364],[1.36681599],[4.28422688]
[4.19475106],[1.3935431],[4.60655767]
[4.19516408],[1.44163635],[4.78726879]
[4.32759154],[1.45396225],[5.03607894]
[4.32386366],[1.4942275],[5.13682084]
[4.44169707],[1.49985538],[5.32955142]
[4.45953268],[1.52902752],[5.41395884]
[4.55736266],[1.53828044],[5.56748041]
[4.56703984],[1.56220298],[5.6433206]
[4.61748817],[1.57155176],[5.78184339]
[4.60525999],[1.58644879],[5.83197391]
[4.63908748],[1.59469773],[5.9527909]
[4.62099763],[1.60851912],[5.9800736]
[4.65896642],[1.61516781],[6.06535773]
[4.64040106],[1.62254476],[6.09073058]
[4.67282935],[1.62842985],[6.17741402]
[4.63289561],[1.63612106],[6.18947625]
[4.68097983],[1.64407021],[6.30223135]
[4.630786],[1.64370489],[6.27446618]
[4.67240949],[1.64496925],[6.3735682]
[4.63345378],[1.6499197],[6.31241363]
[4.66615187],[1.65285695],[6.39707041]
[4.66931951],[1.65914663],[6.38539446]
[4.60271461],[1.66223951],[6.35289892]
[4.52422207],[1.66583875],[6.28484254]
[4.42458761],[1.66934831],[6.19944891]
[4.43657297],[1.67294021],[6.10043413]
[4.3959257],[1.67559684],[5.98598386]
[4.37991017],[1.67013031],[5.8636112]
[4.36916842],[1.66403008],[5.75918149]
[4.35815961],[1.6575139],[5.62854199]
[4.34203227],[1.64976817],[5.41494177]
[4.31795638],[1.63791297],[5.18565392]
[4.30459486],[1.62647483],[5.01214958]
[4.29135834],[1.61409555],[4.84083274]
[4.26713249],[1.60066589],[4.6388362]
[4.24195183],[1.58788479],[4.44901253]
[4.20922623],[1.57057351],[4.28800272]
[4.17767473],[1.55150674],[4.12903601]
[4.13653533],[1.52793806],[3.96584258]
[4.10391382],[1.50413389],[3.80172844]
[4.0681834],[1.47487988],[3.64440934]
[4.02104201],[1.43900165],[3.48832576]
[3.98255746],[1.40052187],[3.35591184]
[3.93900321],[1.32183318],[3.20155521]
[0.],[0.],[0.]
[0.86893195],[0.42308038],[0.32273902]
[1.75009436],[0.77055363],[1.12128659]
[2.54591075],[0.92137007],[1.73722706]
[2.9214452],[1.00748459],[2.19794137]
[3.21940989],[1.10863633],[2.92827965]
[3.47646929],[1.19981485],[3.21013447]
[3.67542609],[1.25055023],[3.55013775]
[3.86510412],[1.30661979],[3.89741502]
[4.0991814],[1.34819788],[4.27017824]
[4.09311728],[1.4021038],[4.50240237]
[4.22491289],[1.42268496],[4.79022586]
[4.23532623],[1.47648761],[4.98244504]
[4.36032914],[1.48603424],[5.20765521]
[4.36798374],[1.51891625],[5.3148049]
[4.47803286],[1.52622679],[5.50035624]
[4.50127918],[1.55307357],[5.5985067]
[4.5941805],[1.56136859],[5.76111106]
[4.60609091],[1.58503813],[5.84223112]
[4.64966316],[1.5911259],[5.96057814]
[4.64097809],[1.61001843],[6.01477638]
[4.66700697],[1.61465471],[6.12421706]
[4.65239686],[1.64098304],[6.17535433]
[4.71255665],[1.6420036],[6.32098958]
[4.69614688],[1.65601482],[6.39257242]
[4.7206973],[1.66093027],[6.54574196]
[4.69811124],[1.67246743],[6.58378523]
[4.72727687],[1.68206402],[6.71755363]
[4.69373719],[1.68599505],[6.7339662]
[4.71507435],[1.68885469],[6.8174682]
[4.69764215],[1.68942033],[6.77764756]
[4.7216647],[1.68848228],[6.80962887]
[4.74396595],[1.68956891],[6.79198036]
[4.69866477],[1.68881767],[6.73314822]
[4.62951687],[1.68941104],[6.65278316]
[4.52541464],[1.69031306],[6.53399724]
[4.53574039],[1.69218888],[6.41177977]
[4.48829262],[1.69519422],[6.26288625]
[4.47229372],[1.68857611],[6.12694431]
[4.46510544],[1.68217226],[6.02774483]
[4.45659405],[1.67568495],[5.91425595]
[4.44418415],[1.66834274],[5.72167974]
[4.42250032],[1.65577348],[5.50825953]
[4.40997987],[1.64357183],[5.32684081]
[4.39338966],[1.6312289],[5.11941441]
[4.36091599],[1.61565217],[4.90375171]
[4.30756371],[1.60055131],[4.64905206]
[4.27778871],[1.58643983],[4.46717579]
[4.24685326],[1.56639875],[4.29262768]
[4.20589229],[1.54269733],[4.1208674]
[4.17222345],[1.51813398],[3.94371907]
[4.13954485],[1.4869224],[3.78296113]
[4.09685757],[1.45084501],[3.60993657]
[4.06130845],[1.41566004],[3.4791422]
[4.00386457],[1.34200152],[3.32255326]
[0.],[0.],[0.]
[0.87501932],[0.43196959],[0.33408993]
[1.76203364],[0.77966311],[1.14496226]
[2.55429931],[0.92969775],[1.76662686]
[2.9555355],[1.01665951],[2.26027033]
[3.24838489],[1.12324283],[2.98552096]
[3.50953643],[1.21671465],[3.29359207]
[3.70784303],[1.26543702],[3.63972393]
[3.90036709],[1.33700488],[4.05251162]
[4.12364956],[1.37672442],[4.42064513]
[4.13003434],[1.42971718],[4.66398161]
[4.25326505],[1.4511953],[4.93854779]
[4.27571994],[1.50108965],[5.1484474]
[4.39035943],[1.51229127],[5.36122121]
[4.40720996],[1.54289642],[5.48628662]
[4.50752821],[1.55061526],[5.66494615]
[4.53273739],[1.57765736],[5.77988095]
[4.62099581],[1.58573332],[5.93616404]
[4.63486235],[1.61433327],[6.02554617]
[4.67379687],[1.62453734],[6.15357696]
[4.66579858],[1.65558119],[6.24258235]
[4.7108863],[1.66225559],[6.41490806]
[4.70320508],[1.68310474],[6.56099193]
[4.7494072],[1.68698582],[6.78290251]
[4.76056102],[1.69948279],[6.93898651]
[4.78123197],[1.70615901],[7.06456281]
[4.78459264],[1.72053927],[7.14488397]
[4.80090302],[1.74504976],[7.22506684]
[4.79872608],[1.75822042],[7.2659213]
[4.80528481],[1.76048494],[7.29479742]
[4.8044043],[1.75015835],[7.28670851]
[4.8081369],[1.74670314],[7.2878155]
[4.85259592],[1.73614588],[7.30728227]
[4.79599054],[1.73121301],[7.22150759]
[4.75408375],[1.73054671],[7.16832192]
[4.64556645],[1.72957085],[7.04380225]
[4.67575892],[1.72898741],[6.94819654]
[4.60951056],[1.72885986],[6.79623576]
[4.59114376],[1.71943595],[6.65038846]
[4.57580084],[1.71023356],[6.50744645]
[4.55952414],[1.70106826],[6.34179561]
[4.54007403],[1.6912088],[6.12336845]
[4.51324741],[1.67797116],[5.90336319]
[4.49162519],[1.66227513],[5.68955364]
[4.46454935],[1.64726492],[5.45749201]
[4.43313803],[1.63105352],[5.20925249]
[4.40116661],[1.61485974],[4.96387146]
[4.34608151],[1.59866654],[4.7069813]
[4.29280128],[1.58037675],[4.48604379]
[4.25179853],[1.55642177],[4.2929777]
[4.21789537],[1.52982525],[4.09875595]
[4.18299499],[1.49840936],[3.90053707]
[4.13834838],[1.46655431],[3.71843297]
[4.10581235],[1.43241138],[3.56342383]
[4.03435847],[1.37865539],[3.43240802]
[0.],[0.],[0.]
[0.88169784],[0.43874503],[0.34417675]
[1.77592854],[0.78210246],[1.16259099]
[2.56152876],[0.93248536],[1.78153167]
[2.97824505],[1.01999702],[2.28555739]
[3.26659781],[1.12966398],[3.00041174]
[3.53160168],[1.22591643],[3.33556465]
[3.72602497],[1.27486002],[3.69975822]
[3.92166003],[1.35171923],[4.12815475]
[4.14334705],[1.39244971],[4.49348711]
[4.16203638],[1.44531489],[4.74218548]
[4.27335423],[1.46803967],[5.01509088]
[4.30657049],[1.51564938],[5.24186279]
[4.41019825],[1.52729075],[5.44938618]
[4.43349283],[1.55784636],[5.59340103]
[4.52312835],[1.56922942],[5.77896702]
[4.548819],[1.60137774],[5.91029674]
[4.63253321],[1.61828572],[6.07417093]
[4.64458056],[1.65032989],[6.18851872]
[4.6887081],[1.66320504],[6.33588334]
[4.68048036],[1.6892146],[6.49459105]
[4.7288168],[1.69655389],[6.76235978]
[4.73874156],[1.71840708],[6.9672936]
[4.78953566],[1.73907516],[7.17073582]
[4.81719778],[1.75777044],[7.34170525]
[4.82326637],[1.78115476],[7.43512673]
[4.85861738],[1.79497844],[7.53865593]
[4.84029787],[1.81741133],[7.60094887]
[4.86843162],[1.82974077],[7.66010685]
[4.84684136],[1.83297175],[7.67408865]
[4.87466993],[1.82868842],[7.68289637]
[4.89231649],[1.82186246],[7.69976989]
[5.01415019],[1.8124194],[7.79797346]
[4.9365129],[1.80555499],[7.67579545]
[4.94170478],[1.79582744],[7.64242925]
[4.80722996],[1.7861483],[7.42261151]
[4.85544052],[1.77690732],[7.37137525]
[4.75970997],[1.76753005],[7.19582138]
[4.72312384],[1.75736208],[7.06069925]
[4.69662475],[1.74773596],[6.92604718]
[4.66658625],[1.72967113],[6.77147687]
[4.63339803],[1.71796035],[6.52363328]
[4.59797036],[1.703267],[6.28673426]
[4.57983097],[1.68647071],[6.05685944]
[4.55626963],[1.66672392],[5.81535754]
[4.52116094],[1.64520698],[5.55067672]
[4.48307924],[1.62608863],[5.2682924]
[4.4278571],[1.60798401],[4.96539804]
[4.36135988],[1.58811872],[4.67424323]
[4.28923288],[1.56332946],[4.43029525]
[4.25528191],[1.53609445],[4.22904111]
[4.22072104],[1.50850766],[4.03941754]
[4.17620505],[1.47680998],[3.83951282]
[4.13983915],[1.44294595],[3.65844113]
[4.05967985],[1.39600606],[3.49112859]
[0.],[0.],[0.]
[0.88070763],[0.43542561],[0.34449131]
[1.77328527],[0.78081918],[1.16375465]
[2.55760966],[0.9347657],[1.78505429]
[2.97732595],[1.02237545],[2.27600695]
[3.27279171],[1.13201853],[2.98845726]
[3.54222911],[1.23207039],[3.36224303]
[3.73947653],[1.28184991],[3.74008331]
[3.93514982],[1.36271006],[4.17723284]
[4.15850575],[1.40482279],[4.53786555]
[4.18539705],[1.45803939],[4.78962878]
[4.2957461],[1.48195168],[5.06298606]
[4.3297772],[1.52853911],[5.29943302]
[4.43460208],[1.54207745],[5.51531619]
[4.46136864],[1.57650572],[5.6974758]
[4.55063052],[1.59222288],[5.89184357]
[4.58376879],[1.62715479],[6.03400833]
[4.66388481],[1.64503312],[6.19933004]
[4.67412164],[1.67669891],[6.32760372]
[4.72546799],[1.685589],[6.54095707]
[4.72760108],[1.71538329],[6.76635908]
[4.77322613],[1.72132332],[7.01605112]
[4.8070223],[1.74596753],[7.25341051]
[4.83573704],[1.78250861],[7.42311165]
[4.90322409],[1.8018347],[7.61995809]
[4.88930641],[1.82481716],[7.70940988]
[4.97203557],[1.84015955],[7.82504619]
[4.95613239],[1.86212667],[7.92283822]
[5.03010312],[1.87424416],[8.00651477]
[5.01763484],[1.88484958],[8.06991859]
[5.0716116],[1.88553755],[8.1085817]
[5.08860388],[1.88042369],[8.13769502]
[5.14202365],[1.86642299],[8.15124725]
[5.10942741],[1.86186662],[8.02858566]
[5.1125577],[1.84582756],[7.95334755]
[5.03797301],[1.83921981],[7.7077711]
[5.05013173],[1.82822324],[7.61898932]
[4.97649579],[1.81728145],[7.40672167]
[4.92547207],[1.80318793],[7.23237128]
[4.88890931],[1.78260174],[7.01132963]
[4.84761216],[1.76432729],[6.75651332]
[4.80425266],[1.7457459],[6.52502546]
[4.73102403],[1.72541087],[6.26695178]
[4.66663872],[1.68786913],[6.0283927]
[4.60805385],[1.66796796],[5.78570124]
[4.57368515],[1.64344529],[5.49396109]
[4.5454225],[1.61997906],[5.23420424]
[4.50674398],[1.58798115],[4.95945548]
[4.44563382],[1.5544537],[4.66144121]
[4.35433296],[1.51925277],[4.35247816]
[4.28226684],[1.48915666],[4.11167642]
[4.24792787],[1.45721714],[3.91608514]
[4.20346509],[1.40981549],[3.71411631]
[4.16707335],[1.35175157],[3.52578656]
[4.08076235],[1.31205428],[3.34701585]
[0.],[0.],[0.]
[0.88726045],[0.4426451],[0.35458795]
[1.78745055],[0.78849299],[1.1806568]
[2.56357523],[0.94056219],[1.8009621]
[2.99941484],[1.02917133],[2.31778639]
[3.29096882],[1.14294297],[3.03827263]
[3.56409703],[1.242778],[3.43163647]
[3.75811753],[1.29291633],[3.83857915]
[3.9566367],[1.38342637],[4.27265278]
[4.17683208],[1.42599338],[4.61774553]
[4.2164932],[1.47266006],[4.87104595]
[4.31644671],[1.49838293],[5.14046728]
[4.36142422],[1.5474604],[5.40199761]
[4.45377985],[1.56524934],[5.631086]
[4.4890452],[1.6027366],[5.84315439]
[4.56726421],[1.62018625],[6.02097348]
[4.60750455],[1.65510757],[6.17983819]
[4.68057339],[1.67381216],[6.35389139]
[4.69265553],[1.70244529],[6.52282588]
[4.75142124],[1.71083746],[6.79387589]
[4.79024943],[1.74277693],[7.04639334]
[4.81977517],[1.75099976],[7.25068416]
[4.91152412],[1.78338672],[7.52598028]
[4.90203982],[1.82177264],[7.6874155]
[5.00947348],[1.84193518],[7.8912993]
[5.06333762],[1.86280009],[8.08391221]
[5.16572921],[1.87953808],[8.23964253]
[5.13955394],[1.89952727],[8.34531377]
[5.19984994],[1.91308253],[8.42735598]
[5.17834251],[1.9264332],[8.48476407]
[5.21967898],[1.92688755],[8.49930453]
[5.22848027],[1.9220785],[8.53548415]
[5.25353784],[1.90913288],[8.5212479]
[5.24625442],[1.90656503],[8.44635407]
[5.2373173],[1.89060695],[8.361688]
[5.1982365],[1.88497902],[8.16445824]
[5.19100215],[1.87435576],[8.04204571]
[5.15245184],[1.86367591],[7.82470238]
[5.11436536],[1.85081662],[7.65247812]
[5.08742888],[1.83065622],[7.46099213]
[5.05857017],[1.81130855],[7.20237883]
[5.02731671],[1.79129729],[6.96716416]
[4.97910943],[1.76842504],[6.66768619]
[4.93424162],[1.72343145],[6.39870378]
[4.84545018],[1.68616622],[6.10976823]
[4.70120233],[1.66124536],[5.76738403]
[4.5997068],[1.63747308],[5.47341653]
[4.57375043],[1.60611608],[5.20110737]
[4.53334196],[1.57120451],[4.91486376]
[4.46970575],[1.5350742],[4.61176762]
[4.38743188],[1.50383972],[4.31861266]
[4.30328226],[1.46972083],[4.06366392]
[4.24548068],[1.42927341],[3.84081101]
[4.20923612],[1.37314608],[3.64014117]
[4.11439372],[1.33481749],[3.46128275]
[0.],[0.],[0.]
[0.89409724],[0.45157086],[0.36560396]
[1.80142348],[0.80439093],[1.19734332]
[2.56955068],[0.9422048],[1.81078158]
[3.02366156],[1.03075098],[2.33386159]
[3.30957774],[1.1452007],[3.05404001]
[3.58650462],[1.24893884],[3.46404647]
[3.7771132],[1.30270138],[3.88525383]
[3.97734015],[1.39493826],[4.33033322]
[4.19370429],[1.4386693],[4.66752036]
[4.2473356],[1.48624132],[4.9399093]
[4.34145738],[1.51873958],[5.22770906]
[4.39253965],[1.57366627],[5.53798058]
[4.4715676],[1.59505315],[5.76999202]
[4.51668483],[1.63436864],[5.99991518]
[4.57994331],[1.65256986],[6.17615242]
[4.63058037],[1.68420659],[6.37582194]
[4.70903786],[1.69966188],[6.56622806]
[4.76554182],[1.73045115],[6.8481783]
[4.80258547],[1.7427894],[7.09439506]
[4.87494465],[1.77306174],[7.37341183]
[4.86385544],[1.7892572],[7.57680811]
[5.0461837],[1.84469046],[7.87828892]
[5.02116435],[1.87883792],[8.04438036]
[5.23068384],[1.89860528],[8.37974014]
[5.22792394],[1.91786807],[8.55468746]
[5.33413655],[1.93773987],[8.71390396]
[5.27721381],[1.95729478],[8.81145728]
[5.34465942],[1.97231966],[8.89671413]
[5.29914659],[1.9792837],[8.9279509]
[5.34274841],[1.98041084],[8.95390874]
[5.34043082],[1.97398497],[8.97565722]
[5.34883483],[1.96124501],[8.95258999]
[5.35128524],[1.95642221],[8.87442639]
[5.33559799],[1.94235399],[8.80157343]
[5.31229661],[1.93667308],[8.63327353]
[5.29378305],[1.92729035],[8.51647068]
[5.26935564],[1.91714125],[8.29982304]
[5.23774513],[1.90510769],[8.11596397]
[5.21445558],[1.88463986],[7.89034846]
[5.19033468],[1.86577789],[7.63995693]
[5.16466695],[1.84641062],[7.40146041]
[5.13230626],[1.82476313],[7.12831268]
[5.09317751],[1.79641801],[6.83203474]
[5.02865893],[1.73570679],[6.52288113]
[4.93528446],[1.69291742],[6.16874411]
[4.82901711],[1.65694988],[5.80851021]
[4.69419359],[1.62594204],[5.47749765]
[4.58803667],[1.59038429],[5.17687177]
[4.53947885],[1.55310567],[4.8752839]
[4.47937781],[1.52023305],[4.59874357]
[4.40070634],[1.48609828],[4.3244649]
[4.30630513],[1.44606753],[4.03817072]
[4.24153892],[1.38491506],[3.79438716]
[4.12740566],[1.34789028],[3.57973492]
[0.],[0.],[0.]
[0.90120354],[0.458693],[0.37617516]
[1.81512903],[0.81923146],[1.21398681]
[2.57303095],[0.94455134],[1.81823494]
[3.0502169],[1.03236496],[2.35127501]
[3.32890507],[1.14629516],[3.06840509]
[3.61133935],[1.252857],[3.49745714]
[3.79626708],[1.31190728],[3.92736579]
[3.99929716],[1.40353745],[4.37811781]
[4.21035232],[1.45066711],[4.71645843]
[4.27917197],[1.50186824],[5.01977486]
[4.36459955],[1.54203164],[5.32572248]
[4.42356002],[1.59874972],[5.66815406]
[4.48804893],[1.62127492],[5.89639492]
[4.54290395],[1.65920055],[6.16351843]
[4.59745713],[1.67597666],[6.33661835]
[4.69062295],[1.70567715],[6.5878947]
[4.76857859],[1.72478354],[6.83383442]
[4.87437375],[1.75589033],[7.14966818]
[4.84409233],[1.76971888],[7.34295306]
[5.0073955],[1.79753773],[7.67525828]
[4.97620229],[1.83389629],[7.8685375]
[5.22384609],[1.89502176],[8.22781143]
[5.22457357],[1.92178371],[8.48311034]
[5.41378783],[1.94143715],[8.80782759]
[5.36223147],[1.96063594],[8.9589622]
[5.48094552],[1.98346309],[9.14093424]
[5.39170086],[2.00224265],[9.20951733]
[5.47292722],[2.01825737],[9.32616617]
[5.40277466],[2.02077265],[9.33532358]
[5.45267393],[2.02201419],[9.37698378]
[5.43633005],[2.01613322],[9.38469776]
[5.43206383],[2.00472337],[9.36092645]
[5.46936817],[1.99873823],[9.29815505]
[5.43879412],[1.98344026],[9.19986798]
[5.43314411],[1.97523048],[9.0521561]
[5.3801262],[1.96559119],[8.90448425]
[5.36309123],[1.95625233],[8.71976867]
[5.33377146],[1.94481207],[8.52934345]
[5.31510407],[1.92643943],[8.32139475]
[5.29568203],[1.90800643],[8.05873855]
[5.27197215],[1.8891091],[7.80450181]
[5.24764459],[1.86799029],[7.5352697]
[5.21537302],[1.84348653],[7.23864027]
[5.16303852],[1.77367514],[6.91018663]
[5.09732464],[1.7297511],[6.53461492]
[5.02303751],[1.68833205],[6.17020918]
[4.93026322],[1.64205231],[5.79351799]
[4.75942242],[1.60662055],[5.42389895]
[4.5964176],[1.56879037],[5.08963568]
[4.54809554],[1.53432647],[4.80243926]
[4.49064827],[1.499698],[4.53392364]
[4.40135012],[1.4580243],[4.23850973]
[4.31941513],[1.39455126],[3.9606461]
[4.18461122],[1.35589513],[3.70947379]
[0.],[0.],[0.]
[0.89839189],[0.45748237],[0.37327392]
[1.8067473],[0.81679646],[1.2077529]
[2.56785516],[0.94682847],[1.82062608]
[3.03817849],[1.03501883],[2.33634783]
[3.328475],[1.14806606],[3.0726581]
[3.61460855],[1.25935956],[3.5237908]
[3.80807378],[1.32444112],[3.96871897]
[4.00713273],[1.42029555],[4.43545204]
[4.22016344],[1.47462652],[4.79549629]
[4.30342432],[1.52558884],[5.1168044]
[4.3870677],[1.56810013],[5.43154144]
[4.45426213],[1.62670319],[5.81355019]
[4.51619654],[1.64896936],[6.05797958]
[4.64879868],[1.6834786],[6.36931939]
[4.68636264],[1.70054694],[6.54712729]
[4.82497432],[1.73425277],[6.88221772]
[4.82807867],[1.75307577],[7.10846203]
[4.99074443],[1.78305609],[7.44609035]
[4.93486439],[1.79598127],[7.63516405]
[5.13520759],[1.83403941],[7.99400099]
[5.13097375],[1.89515556],[8.22887713]
[5.42461197],[1.95098681],[8.68306618]
[5.37072604],[1.97281301],[8.91117581]
[5.551511],[1.99507526],[9.22619745]
[5.46646733],[2.014233],[9.35159069]
[5.59538311],[2.03607366],[9.56766153]
[5.48228004],[2.05402817],[9.60462495]
[5.57540025],[2.06830055],[9.73544474]
[5.53597333],[2.06504037],[9.74694178]
[5.56216162],[2.05740965],[9.76923126]
[5.72587396],[2.05171951],[9.84366459]
[5.74511908],[2.03886806],[9.82329255]
[5.83424034],[2.0347216],[9.76448255]
[5.8348598],[2.02120234],[9.62775438]
[5.82255121],[2.01115866],[9.45915551]
[5.73273928],[1.99799494],[9.22515141]
[5.71260909],[1.97954588],[9.00855371]
[5.60189118],[1.96233562],[8.66201878]
[5.53483975],[1.94318454],[8.40524112]
[5.47068026],[1.92514013],[8.1438281]
[5.41654325],[1.90664566],[7.90350161]
[5.38592563],[1.88595263],[7.63182042]
[5.34218136],[1.83466672],[7.32592738]
[5.27134456],[1.79337],[6.9896063]
[5.22281802],[1.74617649],[6.60195411]
[5.16880499],[1.68034312],[6.18866343]
[5.10007585],[1.61379007],[5.80619752]
[5.00462139],[1.57139756],[5.43601034]
[4.78727341],[1.52995794],[5.06226632]
[4.61795374],[1.48945375],[4.76978618]
[4.56744932],[1.42742948],[4.51042011]
[4.50248368],[1.39045051],[4.22522293]
[4.425127],[1.34146084],[3.95046895]
[4.26850942],[1.23893825],[3.64978333]
[0.],[0.],[0.]
[0.90231178],[0.46453604],[0.37634711]
[1.81615637],[0.82404426],[1.21684957]
[2.57064726],[0.95334436],[1.83297541]
[3.05556731],[1.04065173],[2.37500355]
[3.33435614],[1.15871427],[3.12150945]
[3.62685276],[1.27302966],[3.60551731]
[3.81621008],[1.35888478],[4.07996089]
[4.02571681],[1.44724513],[4.5524025]
[4.2355437],[1.50427809],[4.91900137]
[4.32978928],[1.55285815],[5.25366155]
[4.40983972],[1.59599943],[5.6006696]
[4.48825444],[1.65492562],[6.00690643]
[4.56078065],[1.67672015],[6.25190408]
[4.80263728],[1.70925489],[6.61523436]
[4.75341751],[1.72942966],[6.81627942]
[4.97537643],[1.76278229],[7.20248472]
[4.88593612],[1.78143349],[7.37846879]
[5.11196621],[1.80899171],[7.76607956]
[5.0347124],[1.82301144],[7.94474013]
[5.30639471],[1.89285137],[8.38218595]
[5.30957997],[1.94975148],[8.67843775]
[5.58196315],[1.99990183],[9.11479589]
[5.47303489],[2.02117802],[9.29570555]
[5.63088268],[2.0428075],[9.61136588]
[5.5670178],[2.06133591],[9.76053699]
[5.70709985],[2.08236502],[9.98279052]
[5.81639028],[2.09921557],[10.15137013]
[5.88155723],[2.11215874],[10.25069685]
[5.91971849],[2.11091352],[10.43275174]
[5.95922752],[2.10470447],[10.43153995]
[6.00628214],[2.09751514],[10.5861625]
[6.02613222],[2.08709068],[10.56268206]
[6.05097739],[2.07974357],[10.51353986]
[6.06413635],[2.06816753],[10.34255688]
[6.05348145],[2.05153472],[10.18041657]
[6.01785977],[2.03682689],[9.94021242]
[5.98367236],[2.01853817],[9.71234039]
[5.94405704],[1.99982287],[9.31221437]
[5.89663709],[1.98049878],[9.01307356]
[5.86041997],[1.96236073],[8.73752747]
[5.82000598],[1.94211749],[8.4566946]
[5.77744127],[1.92187516],[8.15714033]
[5.70300578],[1.89623573],[7.82850201]
[5.55361751],[1.83128184],[7.45180913]
[5.37301942],[1.78697428],[7.03413807]
[5.28140797],[1.73980554],[6.61148651]
[5.22807817],[1.64190342],[6.19047451]
[5.16605022],[1.59373955],[5.79338823]
[5.04317298],[1.54908989],[5.38875659]
[4.83682147],[1.50912949],[5.02702714]
[4.67050059],[1.45673478],[4.74220809]
[4.58907684],[1.42024285],[4.47392779]
[4.53542196],[1.37297938],[4.2128793]
[4.38057797],[1.28755937],[3.92250482]
[0.],[0.],[0.]
[0.90642167],[0.47111989],[0.37789583]
[1.82321552],[0.82865458],[1.22008697]
[2.57329878],[0.95405627],[1.8347625]
[3.06860103],[1.04090095],[2.37753805]
[3.34528501],[1.16212083],[3.13863399]
[3.64360122],[1.29388484],[3.68102718]
[3.83004819],[1.38465955],[4.16427137]
[4.0502375],[1.47082026],[4.6675185]
[4.25070135],[1.52923786],[5.04443879]
[4.35420942],[1.58088791],[5.40295717]
[4.44029032],[1.62573036],[5.79018343]
[4.60400194],[1.683925],[6.23520295]
[4.66481409],[1.70577999],[6.48231982]
[4.95700929],[1.74019184],[6.89683986]
[4.87826097],[1.76030203],[7.13385465]
[5.1291244],[1.79203628],[7.56632007]
[4.99480401],[1.8101515],[7.72270777]
[5.27376594],[1.83648501],[8.16176677]
[5.17859203],[1.89905209],[8.35132542]
[5.53308402],[1.96449164],[8.90642436]
[5.47587805],[2.01607537],[9.18198176]
[5.75754851],[2.05910621],[9.63123533]
[5.59105256],[2.07911175],[9.75643274]
[5.77797231],[2.09938949],[10.12373182]
[5.97674024],[2.11678942],[10.47321464]
[6.17184001],[2.13674874],[10.74524318]
[6.09143007],[2.1532322],[10.94410671]
[6.21218407],[2.16449095],[11.07330316]
[6.13620444],[2.1660323],[11.18082061]
[6.21755462],[2.15927902],[11.22361517]
[6.1933666],[2.15275898],[11.29711216]
[6.23937712],[2.14370446],[11.30395219]
[6.24357566],[2.13609359],[11.27414884]
[6.36376123],[2.12636227],[11.17801612]
[6.3617717],[2.10924017],[11.01308472]
[6.37502054],[2.09230196],[10.80627258]
[6.22202898],[2.07457528],[10.51960845]
[6.21246917],[2.05687877],[10.14980542]
[6.12610248],[2.03959846],[9.7669469]
[6.08589804],[2.02143793],[9.45004951]
[6.04218753],[1.99373499],[9.14452643]
[5.9959004],[1.96207295],[8.81709848]
[5.94177957],[1.93703645],[8.47092149]
[5.85590046],[1.88564772],[8.08182545]
[5.73959692],[1.83906132],[7.60702894]
[5.5863859],[1.79724922],[7.15307305]
[5.37347777],[1.72527235],[6.70232631]
[5.27327586],[1.63313121],[6.27513955]
[5.20079463],[1.58629497],[5.83642796]
[5.06918058],[1.54220824],[5.46185982]
[4.89972765],[1.49475237],[5.10601988]
[4.72086054],[1.44754212],[4.78242006]
[4.64809986],[1.4009556],[4.53489964]
[4.48804],[1.32482537],[4.25774851]
[0.],[0.],[0.]
[0.91054029],[0.47773605],[0.37975072]
[1.83517372],[0.83489323],[1.22624283]
[2.57661741],[0.95546516],[1.83647481]
[3.08631756],[1.04141485],[2.37985779]
[3.35707897],[1.16616502],[3.16074223]
[3.66756459],[1.31021799],[3.75916201]
[3.84459255],[1.40376054],[4.24352484]
[4.07784275],[1.48756587],[4.77371848]
[4.27088816],[1.54744425],[5.15487309]
[4.41715183],[1.60114793],[5.5678147]
[4.49820802],[1.64989531],[5.96312079]
[4.72158303],[1.70651334],[6.43530184]
[4.80065356],[1.72991435],[6.70926882]
[5.10755273],[1.76485485],[7.19453309]
[4.9999703],[1.78549906],[7.40918064]
[5.26382922],[1.81435625],[7.88575476]
[5.13180035],[1.83261354],[8.03233487]
[5.43903405],[1.88867795],[8.54007193]
[5.40844671],[1.95259443],[8.8155129]
[5.73762345],[2.01398449],[9.37935496]
[5.63629878],[2.06262481],[9.60482943]
[5.92346718],[2.10213028],[10.06962701]
[5.8985894],[2.12123401],[10.25157997]
[6.24320818],[2.14186985],[10.76609736]
[6.21412122],[2.15878596],[11.11853781]
[6.45062225],[2.17826284],[11.47708389]
[6.27996285],[2.19310622],[11.57116112]
[6.45576109],[2.20450789],[11.7563745]
[6.3444357],[2.20716138],[11.81257482]
[6.53738649],[2.20064605],[11.94531913]
[6.54397582],[2.19451959],[12.02850784]
[6.64434382],[2.1861716],[12.16836474]
[6.65881862],[2.17843857],[12.13911987]
[6.71328736],[2.17040554],[12.13209197]
[6.72829255],[2.15408701],[11.92817435]
[6.7235775],[2.13803526],[11.76938253]
[6.64386603],[2.11960371],[11.42432435]
[6.60439173],[2.10386087],[11.0541662]
[6.52743336],[2.08881249],[10.60439229]
[6.46918255],[2.07309282],[10.24669261]
[6.41817841],[2.04605714],[9.91748952]
[6.35677184],[2.00846335],[9.56232633]
[6.28772143],[1.98381585],[9.22143384]
[6.14514087],[1.95367947],[8.84328111]
[6.02430387],[1.88937696],[8.3933793]
[5.92930006],[1.85204417],[7.94557207]
[5.83624633],[1.80786678],[7.44507413]
[5.70495375],[1.7125422],[6.9244075]
[5.48832034],[1.63523722],[6.39477787]
[5.25142055],[1.5747905],[5.93787887]
[5.13696852],[1.52036043],[5.54014798]
[4.98100176],[1.474403],[5.15809989]
[4.79884732],[1.42920107],[4.82678175]
[4.60852306],[1.37307641],[4.54745288]
[0.],[0.],[0.]
[0.90647727],[0.47470381],[0.37327315]
[1.82208422],[0.82809504],[1.2117543]
[2.57121053],[0.95725557],[1.83743132]
[3.07226952],[1.04450788],[2.36482044]
[3.3547239],[1.1735576],[3.18968352]
[3.66415996],[1.32696161],[3.83255146]
[3.85197017],[1.42249001],[4.32350793]
[4.10325502],[1.50558236],[4.87163065]
[4.3078947],[1.57009999],[5.27311721]
[4.47176434],[1.62503467],[5.72169883]
[4.55055204],[1.67813405],[6.12126455]
[4.80432638],[1.729311],[6.60613688]
[4.90527978],[1.7563581],[6.91971189]
[5.18690893],[1.78897355],[7.45849352]
[5.08424389],[1.81107152],[7.67015713]
[5.3437125],[1.83726275],[8.19298092]
[5.23677988],[1.87126059],[8.34565836]
[5.59444818],[1.94564491],[8.9787793]
[5.55778148],[2.00550329],[9.25480175]
[5.85039846],[2.06279113],[9.81472684]
[5.74616507],[2.10908356],[9.99754767]
[6.06071146],[2.14621174],[10.50405567]
[6.19012309],[2.16446402],[10.86528026]
[6.51886629],[2.18351578],[11.40444553]
[6.37346369],[2.19981498],[11.6669126]
[6.80351977],[2.21856468],[12.16079767]
[6.67356352],[2.23279746],[12.24060377]
[6.88344079],[2.24442393],[12.50842755]
[6.77613925],[2.2491943],[12.56421059]
[6.90698062],[2.24401179],[12.74982656]
[6.88334494],[2.23897509],[12.79736656]
[6.90303462],[2.23355207],[12.86774099]
[6.91768984],[2.22306671],[12.79442884]
[6.92189784],[2.20942587],[12.76408339]
[6.9652167],[2.19516734],[12.60371356]
[6.96055609],[2.18095873],[12.40035062]
[6.96095375],[2.16467989],[11.97293419]
[6.8745639],[2.14789089],[11.56585936]
[6.85607393],[2.13183395],[11.21575329]
[6.78223446],[2.11508647],[10.90291998]
[6.75530983],[2.08769155],[10.60306141]
[6.73138856],[2.04729005],[10.25024815]
[6.68936871],[2.00844749],[9.84737028]
[6.61374097],[1.94926009],[9.39768615]
[6.51051187],[1.90379757],[8.90177499]
[6.37454458],[1.84698293],[8.35769444]
[6.19571686],[1.77734202],[7.86113624]
[6.05959141],[1.7125347],[7.37052562]
[5.93492019],[1.64379134],[6.7805108]
[5.73258514],[1.56637159],[6.24454558]
[5.30307791],[1.47592793],[5.77328047]
[5.19112387],[1.43040861],[5.36094388]
[5.07106143],[1.36175307],[4.99090184]
[4.792305],[1.30472328],[4.63194576]
[0.],[0.],[0.]
[0.90952578],[0.47778871],[0.37225342]
[1.83337432],[0.83577536],[1.22055886]
[2.57807457],[0.96527807],[1.85460207]
[3.09809854],[1.05343872],[2.42119065]
[3.36878047],[1.20561158],[3.30215756]
[3.69986127],[1.35824393],[3.97293914]
[3.89986356],[1.44826036],[4.4579666]
[4.17211872],[1.52746427],[5.03153501]
[4.36154111],[1.59390271],[5.41456429]
[4.54974987],[1.6462801],[5.90893048]
[4.61310084],[1.70281825],[6.30345819]
[4.89379151],[1.75004011],[6.80123296]
[5.00807232],[1.78051699],[7.12659356]
[5.25867798],[1.81068329],[7.70671505]
[5.16667591],[1.83348392],[7.92698048]
[5.4216897],[1.87106888],[8.48813444]
[5.37641461],[1.92690833],[8.74141516]
[5.71478309],[1.99731618],[9.41224291]
[5.67061523],[2.05327364],[9.65703463]
[5.92266483],[2.12332881],[10.21774882]
[5.82808834],[2.15090819],[10.37453078]
[6.37740228],[2.18735876],[11.07822171]
[6.32732689],[2.20138108],[11.39165851]
[6.61559692],[2.22596799],[11.91393538]
[6.60326534],[2.23738727],[12.21257177]
[7.01829015],[2.26655295],[12.80812415]
[6.90522315],[2.27304557],[12.98761012]
[7.07752696],[2.29125583],[13.30623099]
[6.97094957],[2.29237641],[13.4008944]
[7.08015594],[2.28974502],[13.63043872]
[7.09470536],[2.28634874],[13.76745936]
[7.11193291],[2.28228456],[13.87103642]
[7.27962947],[2.27435757],[13.9617167]
[7.31279676],[2.26160907],[13.9410876]
[7.42276761],[2.24828639],[13.95846775]
[7.44828379],[2.23458915],[13.7998532]
[7.47133261],[2.21904152],[13.4698257]
[7.41233517],[2.20336368],[12.98543422]
[7.38504189],[2.18742464],[12.60592402]
[7.31395178],[2.16699324],[12.19878228]
[7.25881158],[2.14039757],[11.85713626]
[7.21310372],[2.1051484],[11.47366075]
[7.1680747],[2.05927202],[11.02304055]
[7.01193881],[2.02120522],[10.51738266]
[6.86242506],[1.95823486],[9.93595874]
[6.73817593],[1.91421293],[9.37619897]
[6.65813679],[1.85446936],[8.87023441]
[6.56557203],[1.77924606],[8.35471515]
[6.437735],[1.71212781],[7.66093571]
[6.27718345],[1.64350511],[7.01746728]
[5.92072162],[1.53513218],[6.39035741]
[5.36130244],[1.47112537],[5.86666526]
[5.25047434],[1.41760237],[5.46823282]
[5.00693233],[1.36049363],[5.07687015]
[0.],[0.],[0.]
[0.91310371],[0.4826949],[0.37248789]
[1.85523012],[0.84834981],[1.2372901]
[2.58753015],[0.97190676],[1.87115709]
[3.13508292],[1.05961263],[2.46221607]
[3.40705556],[1.22817911],[3.38105729]
[3.76180562],[1.37707816],[4.09267783]
[3.95954354],[1.46676749],[4.57952125]
[4.23594236],[1.54719281],[5.18151356]
[4.41592108],[1.61649487],[5.5807937]
[4.62651832],[1.67314048],[6.10416806]
[4.69422017],[1.72695705],[6.49596715]
[4.98892616],[1.7735875],[7.02407524]
[5.12324193],[1.80266059],[7.3840019]
[5.32198405],[1.83139646],[7.98522694]
[5.28439426],[1.85948047],[8.22834475]
[5.49408622],[1.91803134],[8.81821549]
[5.54886912],[1.98322121],[9.18816516]
[5.8255512],[2.06889787],[9.85339313]
[5.79534615],[2.12013959],[10.07277432]
[5.99724509],[2.19312578],[10.67022349]
[6.17193958],[2.22277649],[11.03520826]
[6.5630829],[2.25748575],[11.77634739]
[6.48159446],[2.26658015],[12.04455421]
[6.90095637],[2.29855967],[12.71221194]
[6.92472915],[2.30687935],[13.11341428]
[7.2715879],[2.33626479],[13.80379741]
[7.10555675],[2.33575594],[14.032173]
[7.29255707],[2.35794643],[14.4381594]
[7.2770532],[2.34153755],[14.64041056]
[7.38108846],[2.34855052],[14.86150587]
[7.52137263],[2.33777956],[15.15764784]
[7.55406258],[2.3349322],[15.24390812]
[7.62263384],[2.32919302],[15.39373926]
[7.64920978],[2.31746635],[15.34401724]
[7.69225081],[2.3046221],[15.32946882]
[7.72467468],[2.29115513],[15.20465836]
[7.74218215],[2.27624946],[14.95040018]
[7.78827341],[2.26112714],[14.52166445]
[7.71941138],[2.24640882],[14.05720277]
[7.7094365],[2.22362705],[13.60390059]
[7.63781435],[2.19675162],[13.2083917]
[7.59493155],[2.16437081],[12.81689328]
[7.54368991],[2.12506897],[12.39520931]
[7.44941103],[2.0795672],[11.91660526]
[7.34887471],[2.04045573],[11.31647317]
[7.22737048],[1.98262011],[10.67970041]
[7.07027285],[1.93608583],[10.03610136]
[6.90354724],[1.85774079],[9.43122195]
[6.76863375],[1.79021245],[8.77984235]
[6.68776277],[1.72246683],[8.07904576]
[6.5609713],[1.61967745],[7.32897082]
[6.07531386],[1.54514399],[6.56016602]
[5.41312894],[1.48370488],[5.99615977]
[5.13136293],[1.42612067],[5.56469946]
[0.],[0.],[0.]
[0.91885959],[0.49190863],[0.37532644]
[1.87889139],[0.85932605],[1.25490089]
[2.59736151],[0.97839409],[1.89436453]
[3.19940642],[1.06577919],[2.51162512]
[3.45645704],[1.24933169],[3.45731517]
[3.82899219],[1.39417609],[4.20974708]
[4.02745002],[1.48298148],[4.69823605]
[4.30438089],[1.56422306],[5.32073441]
[4.46913026],[1.63403377],[5.73144037]
[4.70153876],[1.69178419],[6.26810144]
[4.76041446],[1.74332347],[6.65269817]
[5.08081047],[1.79084441],[7.21719327]
[5.21161639],[1.82012324],[7.58271529]
[5.39451344],[1.85383683],[8.22713192]
[5.4009849],[1.89236326],[8.51859958]
[5.63678919],[1.98307485],[9.23042081]
[5.71284117],[2.04690797],[9.64756414]
[5.93041876],[2.13463675],[10.28677081]
[5.92804997],[2.18335368],[10.54208421]
[6.09260195],[2.24967428],[11.16661104]
[6.46856522],[2.27753544],[11.76512796]
[6.73379703],[2.30985064],[12.44200442]
[6.83822963],[2.31987216],[12.7703652]
[7.25441212],[2.35103145],[13.62874122]
[7.1850853],[2.36134104],[14.03787474]
[7.45616795],[2.38838364],[14.77580319]
[7.51926005],[2.38884696],[15.17335447]
[7.74726221],[2.41046051],[15.6755365]
[7.65830525],[2.39358336],[15.95813375]
[7.81635606],[2.41265377],[16.25300145]
[7.79972664],[2.40681628],[16.51840874]
[7.82277925],[2.39503221],[16.65233172]
[7.83504925],[2.38736235],[16.7673933]
[7.91216351],[2.3717184],[16.82799721]
[7.95276002],[2.3651506],[16.79959326]
[8.17355698],[2.34965055],[16.8591076]
[8.21472199],[2.32720369],[16.60827293]
[8.29482339],[2.3085552],[16.21985748]
[8.24982898],[2.29405977],[15.65088969]
[8.23285514],[2.27263309],[15.19666764]
[8.15738542],[2.24626914],[14.71407361]
[8.10153303],[2.21331833],[14.27206113]
[8.06260008],[2.17930237],[13.84613344]
[7.89805735],[2.13803025],[13.32700628]
[7.70031054],[2.10261833],[12.72366026]
[7.5770276],[2.06248978],[12.0438531]
[7.48037304],[1.99824656],[11.36498719]
[7.39026256],[1.93968896],[10.67167942]
[7.27186384],[1.85548512],[9.91349655]
[7.12232329],[1.7839548],[9.12465992]
[6.92736706],[1.69663236],[8.33148933]
[6.66507283],[1.61542323],[7.48206658]
[6.2206717],[1.54779625],[6.69764974]
[5.46319],[1.48511224],[6.04933176]
[0.],[0.],[0.]
[0.9171001],[0.3405452],[0.25699639]
[1.86673385],[0.57370309],[0.85269216]
[2.5936766],[0.6924511],[1.38837068]
[3.219443],[0.84709639],[1.94070959]
[3.48426145],[1.01389589],[2.87654554]
[3.85604842],[1.11881284],[3.59842169]
[4.077295],[1.18603537],[4.07496593]
[4.33995747],[1.24418303],[4.6739181]
[4.5063205],[1.29672942],[5.07925325]
[4.77434164],[1.35875514],[5.61771191]
[4.8488685],[1.41139534],[6.00628768]
[5.17218293],[1.48001863],[6.57985777]
[5.27976638],[1.57296371],[6.95526527]
[5.4952195],[1.72910674],[7.63565931]
[5.57021574],[1.76813551],[8.03419159]
[5.8032683],[1.83478933],[8.75658607]
[5.85386589],[1.8800387],[9.12103443]
[6.02426181],[1.92932098],[9.71061565]
[6.07182262],[1.96655489],[10.08414215]
[6.47611314],[2.0082781],[10.82780742]
[6.6350551],[2.04388838],[11.30078927]
[6.97378636],[2.07964289],[11.94528867]
[7.16500725],[2.10813871],[12.45079947]
[7.4470078],[2.14821617],[13.29256677]
[7.44323142],[2.18323497],[13.72116288]
[7.83613855],[2.22095731],[14.54788325]
[7.79806407],[2.25349123],[15.06720913]
[8.05321965],[2.29987329],[15.6581708]
[7.8710848],[2.34647733],[15.90198607]
[8.04929066],[2.39558701],[16.30865677]
[8.01173677],[2.42468518],[16.57550556]
[8.21032895],[2.44790426],[16.81828422]
[8.26299216],[2.43787329],[16.94648188]
[8.37108206],[2.42682663],[17.08661536]
[8.43437648],[2.41482032],[17.11053833]
[8.49553465],[2.4054691],[16.98791972]
[8.52515753],[2.3946904],[16.76557872]
[8.55329234],[2.3835403],[16.44740526]
[8.57698697],[2.36921759],[16.07117875]
[8.52023895],[2.35367887],[15.69489891]
[8.49288782],[2.3030603],[15.3086807]
[8.44659899],[2.23092292],[14.87310289]
[8.40917806],[2.21539162],[14.45457184]
[8.33210081],[2.14863491],[13.96538079]
[8.20900971],[2.09873362],[13.37624536]
[8.06433203],[2.02481692],[12.71760599]
[7.88274108],[2.00144115],[12.00343537]
[7.6924747],[1.9070936],[11.32567765]
[7.5610128],[1.82780658],[10.58517823]
[7.48242792],[1.77232969],[9.85646845]
[7.39683302],[1.68461442],[9.08586627]
[7.1529352],[1.61947192],[8.21940445]
[6.7480956],[1.55728086],[7.38751515]
[6.23828535],[1.5022282],[6.58203902]
