meltWidth,meltDepth,meltArea
[0.],[0.],[0.]
[0.],[0.],[0.]
[0.],[0.],[0.]
[0.19017391],[0.33677618],[0.02940312]
[0.62247135],[0.62732588],[0.19242923]
[0.96860809],[0.63242623],[0.30541885]
[1.07043235],[0.64768529],[0.34395506]
[1.30305113],[0.64483834],[0.49975092]
[1.37478707],[0.58943502],[0.45640895]
[1.40644512],[0.57558307],[0.50960629]
[1.42382324],[0.56106331],[0.44452546]
[1.4147631],[0.55143344],[0.48770699]
[1.376916],[0.53484924],[0.40648081]
[1.37696003],[0.51911756],[0.44043498]
[1.34132605],[0.51634625],[0.38243533]
[1.34043956],[0.52631409],[0.42366679]
[1.3186134],[0.54227291],[0.38926531]
[1.37152341],[0.54964162],[0.45799501]
[1.39801163],[0.56274672],[0.4417104]
[1.42899548],[0.56608542],[0.49798841]
[1.45303226],[0.56844717],[0.47508286]
[1.47089255],[0.56351973],[0.5218903]
[1.49417597],[0.55544402],[0.49316974]
[1.5004682],[0.54552767],[0.52898201]
[1.52941814],[0.5338079],[0.50195305]
[1.53182195],[0.52539219],[0.54014514]
[1.55244593],[0.5135814],[0.50189512]
[1.54480163],[0.50694214],[0.5308745]
[1.59043827],[0.49869059],[0.51030684]
[1.59405604],[0.49167163],[0.52895043]
[1.68578683],[0.48578982],[0.5313746]
[1.63778901],[0.48256786],[0.51742376]
[1.63687793],[0.48024453],[0.5149625]
[1.64100698],[0.48075991],[0.51452278]
[1.65802591],[0.48390582],[0.52242215]
[1.68808971],[0.48713955],[0.53279863]
[1.69431723],[0.4901541],[0.53753937]
[1.69206974],[0.49314752],[0.54294824]
[1.69731368],[0.49646068],[0.54671097]
[1.68939099],[0.49992653],[0.54683577]
[1.67307699],[0.50449786],[0.54456337]
[1.66192626],[0.50970688],[0.54507704]
[1.65783194],[0.51474352],[0.54614362]
[1.63372789],[0.51986874],[0.54301131]
[1.61156468],[0.52128195],[0.53880668]
[1.60534498],[0.52179823],[0.53663161]
[1.61695557],[0.52883686],[0.54405437]
[1.63304752],[0.54106551],[0.55843805]
[1.65940647],[0.55489505],[0.57831702]
[1.68742265],[0.57105668],[0.60231866]
[1.69963182],[0.58445621],[0.62234943]
[1.71178358],[0.59268134],[0.63181425]
[1.27847973],[0.59788371],[0.50555566]
[0.],[0.],[0.]
[0.51781461],[0.24812757],[0.0633624]
[0.54845825],[0.20052927],[0.05347658]
[0.65288034],[0.32458108],[0.10378636]
[0.49780073],[0.51640094],[0.12376934]
[0.98915943],[0.94249064],[0.72896109]
[1.19860571],[0.9293706],[0.88086831]
[1.37547648],[1.02478034],[1.10571915]
[1.46959024],[1.01995816],[1.13522973]
[1.49748654],[1.07009371],[1.22619539]
[1.53077153],[1.04820275],[1.19572314]
[1.51716664],[1.07284155],[1.21324188]
[1.53902443],[1.01066759],[1.09753258]
[1.52441032],[1.05234162],[1.05254521]
[1.52917542],[0.96168973],[0.95012606]
[1.53743106],[1.02639324],[0.98607245]
[1.58395546],[0.96982471],[0.9622965]
[1.58464463],[1.03605153],[1.01357477]
[1.63870451],[0.97990815],[0.99739097]
[1.66626901],[1.02280223],[1.04531739]
[1.76329347],[0.96687697],[1.04931973]
[1.83597758],[1.0107766],[1.11646139]
[1.92867278],[0.94901592],[1.11500801]
[1.98261286],[0.99041545],[1.1757917]
[2.04224721],[0.93327019],[1.16803718]
[2.05762269],[0.97518757],[1.2077046]
[2.11399232],[0.90360413],[1.18828243]
[2.13653038],[0.95241965],[1.24426661]
[2.16279676],[0.85414747],[1.1800715]
[2.16021581],[0.92968451],[1.23438087]
[2.19547349],[0.82517691],[1.17566889]
[2.20120187],[0.901516],[1.2295603]
[2.22758024],[0.85202959],[1.2163058]
[2.21814609],[0.83795729],[1.18091298]
[2.22238885],[0.83066202],[1.18058751]
[2.2251165],[0.8250076],[1.18049968]
[2.23161634],[0.84022873],[1.20035591]
[2.23847273],[0.8529617],[1.21892432]
[2.23861178],[0.86478493],[1.22920875]
[2.24276346],[0.88140288],[1.24938246]
[2.25128409],[0.89046612],[1.26955045]
[2.25247078],[0.89912608],[1.28277475]
[2.25047408],[0.90715015],[1.29124463]
[2.2510007],[0.9093932],[1.29909132]
[2.25556987],[0.91153247],[1.31351576]
[2.25699699],[0.90983174],[1.31945054]
[2.25491792],[0.90095993],[1.31343686]
[2.25083538],[0.88766045],[1.30329659]
[2.26276275],[0.87950112],[1.31774743]
[2.28109447],[0.8747729],[1.33568156]
[2.30773125],[0.86714884],[1.35862297]
[2.34803703],[0.87088051],[1.39659569]
[2.4012434],[0.87361125],[1.45396298]
[2.42274979],[0.8828569],[1.49092561]
[2.0277614],[0.8838548],[1.3612128]
[0.],[0.],[0.]
[0.64252521],[0.34783219],[0.11069833]
[1.03541949],[0.41031626],[0.2097656]
[1.17866224],[0.57495063],[0.3403052]
[1.21464674],[0.88211954],[0.62992121]
[1.2849505],[1.00469372],[1.05106138]
[1.26726584],[1.00258616],[1.15445771]
[1.39532781],[1.08677568],[1.30305085]
[1.44814283],[1.08292982],[1.30158976]
[1.46314475],[1.10931482],[1.32585276]
[1.48481198],[1.10141027],[1.28882652]
[1.49461646],[1.14644725],[1.3248411]
[1.525531],[1.13517159],[1.27744923]
[1.52450483],[1.14904832],[1.29721932]
[1.57364204],[1.14681471],[1.28343282]
[1.61179005],[1.1620295],[1.33094092]
[1.73029163],[1.16297253],[1.35944611]
[1.81531258],[1.17514784],[1.41585046]
[2.02535305],[1.16194031],[1.48052312]
[2.13140725],[1.18205554],[1.5628496]
[2.25911112],[1.13367104],[1.58303342]
[2.26260393],[1.16319281],[1.57802219]
[2.3447428],[1.10552434],[1.56147626]
[2.34058497],[1.13100091],[1.56438577]
[2.3987326],[1.0794326],[1.54596991]
[2.38182754],[1.10943944],[1.54092045]
[2.44085034],[1.04164066],[1.51606561]
[2.43205309],[1.0830276],[1.53536539]
[2.48714993],[1.00440834],[1.49677698]
[2.46076779],[1.05688989],[1.51676759]
[2.51492632],[0.97768928],[1.49008366]
[2.51438113],[1.03654273],[1.52109771]
[2.52794692],[0.99199667],[1.5164423]
[2.52346144],[0.9774324],[1.46942429]
[2.51413039],[0.96682174],[1.45861527]
[2.51462331],[0.96491321],[1.45803972]
[2.51310835],[0.98107067],[1.47478932]
[2.507901],[0.99220138],[1.48863734]
[2.50298297],[1.00212058],[1.49455542]
[2.4990082],[1.01603404],[1.50970566]
[2.49809062],[1.02670019],[1.52795593]
[2.49087435],[1.03342399],[1.53555794]
[2.48059823],[1.04067199],[1.53736636]
[2.46870521],[1.04284581],[1.53496255]
[2.45936609],[1.04348728],[1.5356328]
[2.44579799],[1.0455582],[1.51429364]
[2.42907201],[1.03608924],[1.48682408]
[2.42474233],[1.02403889],[1.47930768]
[2.4376344],[1.023132],[1.50899565]
[2.45368777],[1.0240889],[1.54048074]
[2.46937459],[1.01889754],[1.56609853]
[2.49387459],[1.00595872],[1.59443808]
[2.53257294],[0.9960523],[1.63146575]
[2.56343269],[0.98486517],[1.6590895]
[2.14289115],[0.98070717],[1.53970575]
[0.],[0.],[0.]
[0.38241702],[0.27361933],[0.05163864]
[0.75728604],[0.3651762],[0.13598235]
[0.98600393],[0.65942279],[0.32027616]
[1.05343198],[0.89297038],[0.61164292]
[1.09157724],[1.00379334],[0.92255989]
[1.29124901],[0.99475541],[1.02823343]
[1.49556752],[1.09370484],[1.22841488]
[1.57680775],[1.10547016],[1.2205162]
[1.58101182],[1.14220508],[1.26124184]
[1.6191939],[1.147135],[1.19616087]
[1.60817994],[1.15704481],[1.26182831]
[1.71561373],[1.14301304],[1.28075985]
[1.8534166],[1.15239833],[1.34926156]
[2.11527481],[1.12724004],[1.45298531]
[2.22288396],[1.13426815],[1.50988252]
[2.4279715],[1.09258864],[1.59361354]
[2.44278617],[1.10803182],[1.59824686]
[2.57069295],[1.06569333],[1.60328348]
[2.59569907],[1.08134123],[1.60097189]
[2.72518144],[1.02885411],[1.61447078]
[2.83524401],[1.06587112],[1.64063321]
[2.94635111],[0.99491127],[1.61379067]
[2.94731065],[1.04292108],[1.63044657]
[3.00913757],[0.97022047],[1.60522307]
[3.00061137],[1.02464433],[1.62132973]
[3.04743535],[0.94516958],[1.59201446]
[3.02625405],[0.99112233],[1.62041079]
[3.05744127],[0.93544743],[1.59418552]
[3.05298617],[0.96391197],[1.60368558]
[3.06524903],[0.92225374],[1.59422374]
[3.09577153],[0.94250571],[1.60192351]
[3.08630625],[0.91709559],[1.6188433]
[3.09227704],[0.91027169],[1.57552106]
[3.07948755],[0.90537085],[1.56534695]
[3.04779754],[0.9121704],[1.56758193]
[3.03342791],[0.92064273],[1.57958866]
[3.01283442],[0.92866525],[1.59533407]
[2.99677109],[0.93534274],[1.59804938]
[2.98217827],[0.93832538],[1.6010895]
[2.96503771],[0.94630076],[1.61198026]
[2.94619642],[0.95381977],[1.61280065]
[2.91780625],[0.96081251],[1.60453659]
[2.88973112],[0.96697243],[1.59760331]
[2.8581787],[0.97197971],[1.59368227]
[2.83109441],[0.97780298],[1.56707359]
[2.78735593],[0.97563527],[1.5343441]
[2.75308063],[0.97327187],[1.53503889]
[2.72709424],[0.97555541],[1.55057997]
[2.68766771],[0.97889266],[1.56317292]
[2.65381495],[0.97791792],[1.57855548]
[2.64618143],[0.97750754],[1.59546512]
[2.64912019],[0.97831568],[1.61423805]
[2.68871954],[0.97516004],[1.65313864]
[2.22730986],[0.97878689],[1.51959898]
[0.],[0.],[0.]
[0.41568944],[0.2864452],[0.05883457]
[1.08910027],[0.42297476],[0.26421209]
[1.233386],[0.92725446],[0.74712965]
[1.24053045],[1.01051615],[0.9673796]
[1.25552584],[1.12542379],[1.18007505]
[1.44730436],[1.1525337],[1.27699293]
[1.64085995],[1.20123595],[1.42715786]
[1.92119379],[1.21469666],[1.54784804]
[2.10646143],[1.22202387],[1.63078935]
[2.28263166],[1.22693507],[1.70512603]
[2.35370694],[1.22808782],[1.76083971]
[2.54486879],[1.19007794],[1.84517092]
[2.55525759],[1.18131643],[1.88713832]
[2.70679328],[1.1329493],[1.95977962]
[2.70142434],[1.13745906],[1.96850897]
[2.81994353],[1.07049332],[1.97738431]
[2.90562581],[1.10356034],[1.9880417]
[3.03698663],[1.04820705],[1.9771672]
[3.10939357],[1.07666756],[2.01026008]
[3.23749093],[1.03568684],[1.99604929]
[3.28470562],[1.04874738],[2.01439786]
[3.42237854],[1.02084419],[1.99863667]
[3.37842087],[1.02265488],[2.005676]
[3.45650539],[0.99516568],[1.99429563]
[3.39246802],[1.00005408],[1.97313406]
[3.48573299],[0.96649411],[1.97957413]
[3.40135688],[0.97441928],[1.94933528]
[3.49963933],[0.95787486],[1.96568623]
[3.4201649],[0.9538671],[1.92365932]
[3.51357169],[0.9472634],[1.95679937]
[3.48264866],[0.94476758],[1.94105095]
[3.51621817],[0.94015129],[1.9673869]
[3.48081692],[0.93625534],[1.93315418]
[3.50410496],[0.93349498],[1.92455724]
[3.45972948],[0.94092392],[1.92371038]
[3.44661946],[0.94586715],[1.93029562]
[3.43040316],[0.95328084],[1.94324459]
[3.41736676],[0.96228353],[1.94772761]
[3.40429307],[0.9653533],[1.94856778]
[3.38518619],[0.96828316],[1.95116801]
[3.36465991],[0.9707472],[1.94686559]
[3.33926719],[0.97421753],[1.93759127]
[3.31058082],[0.97152903],[1.92311926]
[3.27449859],[0.9710331],[1.9114377]
[3.24074641],[0.97397365],[1.88831062]
[3.2033534],[0.97221758],[1.85606575]
[3.15211704],[0.96861236],[1.83979305]
[3.11240476],[0.97001287],[1.83998555]
[3.07458643],[0.9716587],[1.83732394]
[3.03762392],[0.97159646],[1.83737672]
[2.99645044],[0.97332791],[1.84241264]
[2.95959087],[0.97632139],[1.84800134]
[2.92553765],[0.97705565],[1.85218265]
[2.37409669],[0.97867106],[1.64977971]
[0.],[0.],[0.]
[0.70398619],[0.33052256],[0.11523452]
[1.26663043],[0.47238796],[0.42827972]
[1.43814223],[1.03760653],[1.05254558]
[1.43569704],[1.16144492],[1.29504128]
[1.43577034],[1.20291466],[1.40699661]
[1.58270717],[1.22901522],[1.4951246]
[2.04717862],[1.26382913],[1.76455716]
[2.43719805],[1.2799245],[2.03385309]
[2.53259408],[1.2849927],[2.14794207]
[2.72576169],[1.28426765],[2.30418872]
[2.70408408],[1.28325232],[2.30440172]
[2.83892302],[1.26291647],[2.34421552]
[2.85878788],[1.26360704],[2.32545696]
[3.02189258],[1.17670176],[2.32203422]
[3.09607937],[1.2142512],[2.33454978]
[3.27327309],[1.17196367],[2.32719745]
[3.27772806],[1.18118563],[2.31622022]
[3.49813272],[1.18660076],[2.32093492]
[3.44717224],[1.18774281],[2.29393304]
[3.621473],[1.18848985],[2.32119002]
[3.5401637],[1.16158519],[2.25932604]
[3.72580495],[1.13887905],[2.2952337]
[3.59608304],[1.12415818],[2.23473812]
[3.75261486],[1.10242896],[2.28550982]
[3.63421481],[1.08616516],[2.20785877]
[3.78936602],[1.06825886],[2.27450076]
[3.6667851],[1.0527612],[2.18300831]
[3.81368917],[1.03716596],[2.26502553]
[3.71557869],[1.02970087],[2.17979094]
[3.84447137],[1.01969492],[2.26321992]
[3.81687285],[1.01173868],[2.2275882]
[3.86906825],[1.00184061],[2.26920815]
[3.84357577],[0.9888152],[2.23605149]
[3.87275372],[0.98976015],[2.24403381]
[3.85814007],[0.99136229],[2.24683271]
[3.84109344],[0.99144311],[2.25390695]
[3.81599445],[0.99157903],[2.25999786]
[3.80057241],[0.99391025],[2.26387035]
[3.77822563],[0.99513481],[2.25985265]
[3.74923902],[0.99830361],[2.25413328]
[3.70961103],[1.00148678],[2.24172511]
[3.66724103],[1.00591768],[2.22674165]
[3.61447814],[1.00245786],[2.20500925]
[3.56165221],[1.00045247],[2.18672083]
[3.51084101],[1.00040909],[2.16212739]
[3.47331139],[0.99343917],[2.12156257]
[3.43165055],[0.99473916],[2.11397567]
[3.38439146],[0.9979098],[2.10657449]
[3.34126213],[1.00294702],[2.10023785]
[3.30367672],[1.00385324],[2.08971379]
[3.26195362],[1.00677381],[2.08092568]
[3.2244789],[1.00979702],[2.06905939]
[3.18923002],[1.00759815],[2.05517658]
[2.56402659],[1.00532491],[1.79027658]
[0.],[0.],[0.]
[0.79371818],[0.35650532],[0.17660451]
[1.25091221],[0.54229599],[0.45006159]
[1.37564517],[1.12370711],[1.16616946]
[1.54885187],[1.21115794],[1.46516036]
[1.79534846],[1.24952133],[1.62208744]
[2.21643017],[1.26838566],[1.8784174]
[2.48509754],[1.30242302],[2.13449071]
[2.71786442],[1.30920572],[2.33513436]
[2.7388581],[1.32410736],[2.40530667]
[2.88514491],[1.30819202],[2.5001493]
[3.01323305],[1.32413968],[2.55437377]
[3.15714568],[1.28486247],[2.55274087]
[3.2360957],[1.3107788],[2.60798203]
[3.44670101],[1.20864035],[2.61853011]
[3.46476405],[1.28627217],[2.66026298]
[3.70009098],[1.23478775],[2.67503192]
[3.69113782],[1.24851947],[2.6878336]
[3.85563718],[1.25328359],[2.69847337]
[3.82022159],[1.25718252],[2.68808429]
[3.96102685],[1.25929822],[2.71530876]
[3.95538583],[1.26140674],[2.69741822]
[4.04361274],[1.2589315],[2.72612595]
[4.00555121],[1.25536785],[2.69108164]
[4.06723317],[1.24343046],[2.7221497]
[4.0410962],[1.22441968],[2.65893638]
[4.0976543],[1.20344312],[2.7021363]
[4.07488331],[1.19180351],[2.63325284]
[4.11949521],[1.1725641],[2.6933094]
[4.11888039],[1.15727397],[2.62361143]
[4.15586897],[1.13346331],[2.68907258]
[4.18256293],[1.11846977],[2.67666517]
[4.19355481],[1.10174342],[2.70967844]
[4.21477078],[1.09083458],[2.70707493]
[4.21226279],[1.09749237],[2.7298523]
[4.23162514],[1.10496507],[2.74332638]
[4.20920595],[1.11597964],[2.75726373]
[4.1961601],[1.1183505],[2.75122733]
[4.17855674],[1.11854148],[2.74641107]
[4.15833688],[1.11992297],[2.73152643]
[4.13435983],[1.12134601],[2.71845523]
[4.09488582],[1.12282682],[2.69921533]
[4.055398],[1.1214191],[2.67981873]
[4.0095685],[1.11298781],[2.64447431]
[3.95043417],[1.10596694],[2.60989253]
[3.89727825],[1.09868097],[2.580287]
[3.85865154],[1.06914903],[2.53975345]
[3.82722775],[1.06726621],[2.51405957]
[3.77887164],[1.06818761],[2.48054718]
[3.73139336],[1.0689872],[2.44401296]
[3.6827714],[1.06765409],[2.4146095]
[3.62873622],[1.06643927],[2.38647733]
[3.58825744],[1.06277705],[2.38705601]
[3.57051263],[1.05726462],[2.39025909]
[2.916806],[1.05381758],[2.09386423]
[0.],[0.],[0.]
[0.2847054],[0.17618466],[0.02444355]
[0.45770478],[0.36591532],[0.08144663]
[1.28763257],[1.11603049],[0.87268028]
[1.78835765],[1.16407996],[1.1243822]
[2.08811516],[1.2017286],[1.39182901]
[2.57618247],[1.18165342],[1.63713664]
[2.71333712],[1.25536541],[1.96157787]
[2.87146503],[1.16078498],[2.03849374]
[3.02165875],[1.23484697],[2.19461563]
[3.23543692],[1.12038475],[2.2328465]
[3.35712912],[1.18173833],[2.34649613]
[3.54844225],[1.08441545],[2.37100058]
[3.58730557],[1.13170515],[2.44986365]
[3.80473271],[1.05775169],[2.51129912]
[3.88013627],[1.09221621],[2.57180028]
[3.99249636],[1.08461654],[2.63219798]
[4.06196069],[1.1041928],[2.6623254]
[4.15171609],[1.08644755],[2.70040194]
[4.23276366],[1.08110191],[2.70166103]
[4.27868323],[1.07197024],[2.73925848]
[4.36907035],[1.06175452],[2.74801376]
[4.37319005],[1.04995133],[2.76355417]
[4.43573893],[1.04127043],[2.77681581]
[4.40427467],[1.02913544],[2.7907039]
[4.45861679],[1.02078266],[2.80045689]
[4.42829908],[1.01500944],[2.81086898]
[4.48740023],[1.00509454],[2.81506539]
[4.43773147],[1.01272708],[2.82773126]
[4.50057445],[0.9956197],[2.84984438]
[4.45933827],[1.01222275],[2.88006495]
[4.53360029],[0.99776503],[2.96134941]
[4.49380515],[1.00434839],[3.00371541]
[4.55237559],[1.00202577],[3.06284195]
[4.50770357],[1.00465163],[3.09246874]
[4.55634995],[1.01230192],[3.11418608]
[4.51330155],[1.01578724],[3.12122844]
[4.50703581],[1.02123237],[3.12379622]
[4.49354155],[1.02654728],[3.12231495]
[4.4802499],[1.02706286],[3.10766115]
[4.46976175],[1.02922766],[3.08032681]
[4.44898676],[1.03412988],[3.0501174]
[4.42680992],[1.04126066],[3.01992794]
[4.40898831],[1.0467164],[2.98053461]
[4.37903426],[1.04895192],[2.93064851]
[4.34019155],[1.05102431],[2.88221633]
[4.30874608],[1.05462894],[2.84382446]
[4.28535743],[1.04589717],[2.83831564]
[4.2413458],[1.04726964],[2.81924935]
[4.19541674],[1.05121502],[2.79026095]
[4.14310804],[1.04857919],[2.76847493]
[4.08025337],[1.04989593],[2.74699732]
[4.0248238],[1.05141226],[2.72759907]
[3.97868578],[1.05122137],[2.70711006]
[3.25319503],[1.05244583],[2.34694702]
[0.],[0.],[0.]
[0.],[0.],[0.]
[0.],[0.],[0.]
[1.61292459],[1.15384689],[0.94386443]
[2.08271628],[1.10616594],[1.20330001]
[2.52931878],[1.22828907],[1.6753385]
[2.84383555],[1.11667975],[1.90175895]
[2.87273154],[1.22048563],[2.12369581]
[3.03669302],[1.12639754],[2.19829125]
[3.26021978],[1.18866956],[2.35495914]
[3.51397878],[1.10901244],[2.43363582]
[3.62259248],[1.15609029],[2.54020878]
[3.81303539],[1.08057207],[2.62622888]
[3.90007772],[1.12036803],[2.69662594]
[4.05559577],[1.12507521],[2.78951783]
[4.15354712],[1.12540895],[2.81563394]
[4.25028775],[1.12460681],[2.88869867]
[4.35639056],[1.12478961],[2.94084761]
[4.39894683],[1.11332386],[2.98093856]
[4.52897981],[1.11249401],[3.05056102]
[4.55320746],[1.10794993],[3.08290131]
[4.65922879],[1.10416352],[3.13748567]
[4.65899617],[1.09410396],[3.16891403]
[4.7275571],[1.0855724],[3.22093361]
[4.69560276],[1.07176965],[3.23845864]
[4.74194951],[1.06269104],[3.25710408]
[4.70479827],[1.05395367],[3.2631824]
[4.75420267],[1.04840759],[3.27657801]
[4.70834756],[1.05128886],[3.28910347]
[4.75977322],[1.03675643],[3.30989391]
[4.72595601],[1.04980349],[3.35892279]
[4.78606831],[1.04888039],[3.42547385]
[4.76711449],[1.07047943],[3.47649392]
[4.80078624],[1.08322193],[3.53425422]
[4.78419942],[1.08753274],[3.56568497]
[4.80648659],[1.09572738],[3.59489363]
[4.79527213],[1.10329858],[3.60178933]
[4.78334666],[1.10940092],[3.61104801]
[4.77651453],[1.11432545],[3.62333207]
[4.76620084],[1.11312065],[3.61713908]
[4.75626511],[1.11089358],[3.60308527]
[4.74024408],[1.10829122],[3.58103782]
[4.71855482],[1.10534484],[3.56210935]
[4.70470825],[1.10461628],[3.53351189]
[4.6854757],[1.10541085],[3.50102381]
[4.66198391],[1.10293852],[3.46639463]
[4.64593986],[1.10105136],[3.42159531]
[4.63168927],[1.10618004],[3.38139606]
[4.60595273],[1.11084026],[3.32977969]
[4.57947918],[1.10018029],[3.26653123]
[4.54133138],[1.09833245],[3.2037286]
[4.490439],[1.10097374],[3.13759751]
[4.43614808],[1.1013275],[3.08249512]
[4.38567571],[1.09717142],[3.03666741]
[3.61279977],[1.0946909],[2.62046459]
[0.],[0.],[0.]
[0.],[0.],[0.]
[0.0932662],[0.05989103],[0.00184895]
[1.769876],[1.1439068],[0.96353859]
[2.440283],[1.06343038],[1.39395195]
[2.71345312],[1.1862165],[1.83088056]
[2.95291045],[1.087707],[2.05047261]
[3.00151685],[1.18548856],[2.23448477]
[3.24016208],[1.10426062],[2.35176608]
[3.45992064],[1.16388733],[2.50337564]
[3.72455058],[1.10558274],[2.62460588]
[3.82641302],[1.14849951],[2.78655884]
[3.99308873],[1.17907523],[2.875595]
[4.10424826],[1.18094959],[2.95221524]
[4.20991743],[1.18048939],[3.01316087]
[4.34567433],[1.17703075],[3.08865659]
[4.40943444],[1.17399889],[3.13139986]
[4.52900738],[1.17434647],[3.23247905]
[4.55429158],[1.16232622],[3.28012806]
[4.68948791],[1.1593548],[3.35937731]
[4.71951115],[1.14639983],[3.42046354]
[4.81113206],[1.13857162],[3.50084559]
[4.82083977],[1.12581654],[3.55292373]
[4.87894493],[1.11680271],[3.591189]
[4.85696959],[1.1047666],[3.62253142]
[4.88889475],[1.09608947],[3.61719095]
[4.8679106],[1.09053549],[3.64501567]
[4.90341663],[1.09945395],[3.63375351]
[4.8765197],[1.11140474],[3.67159669]
[4.91006966],[1.12501061],[3.67640376]
[4.89572151],[1.14401255],[3.74608217]
[4.93891999],[1.15993936],[3.79139933]
[4.94099564],[1.18060148],[3.83643745]
[4.95547693],[1.18993362],[3.88923089]
[4.9612391],[1.19475403],[3.91398359]
[4.96495308],[1.20070777],[3.9426495]
[4.97388374],[1.20551724],[3.94569441]
[4.95599074],[1.21023053],[3.95304899]
[4.95116713],[1.21237621],[3.96069032]
[4.94336375],[1.21366838],[3.95700838]
[4.93771531],[1.21106411],[3.95101856]
[4.92767403],[1.20887951],[3.93405898]
[4.90903341],[1.20628128],[3.91753259]
[4.8936106],[1.20117492],[3.88630352]
[4.87426348],[1.19557178],[3.84901307]
[4.85256357],[1.18139541],[3.81813585]
[4.83867089],[1.16794907],[3.79129502]
[4.83129984],[1.15130129],[3.75511725]
[4.81659091],[1.13957165],[3.70138029]
[4.79721768],[1.14311115],[3.64923709]
[4.77409429],[1.14696081],[3.5881927]
[4.73443029],[1.13874506],[3.50897212]
[4.68996327],[1.12704955],[3.43395527]
[4.62739287],[1.11959571],[3.36936868]
[3.84311149],[1.1151776],[2.86078753]
[0.],[0.],[0.]
[0.],[0.],[0.]
[0.40408249],[0.14766829],[0.02712673]
[1.98889667],[1.06307842],[1.00897733]
[2.67301665],[1.0170489],[1.57840567]
[2.83770894],[1.12413561],[1.96502798]
[3.0202031],[1.06903082],[2.21379053]
[3.20079676],[1.16027783],[2.40026056]
[3.43226404],[1.12780041],[2.56335648]
[3.63691574],[1.18488831],[2.74191477]
[3.90613204],[1.23390833],[2.89761783]
[4.02783952],[1.2572199],[3.05902987]
[4.16786328],[1.23865814],[3.0990322]
[4.28329564],[1.23968824],[3.20370144]
[4.36847191],[1.23067905],[3.2242987]
[4.50804999],[1.21843115],[3.32425389]
[4.54126088],[1.21270313],[3.35362073]
[4.66643397],[1.21096857],[3.45406725]
[4.69333628],[1.19339297],[3.52523985]
[4.80809712],[1.18634478],[3.62537814]
[4.84645171],[1.17492715],[3.7034966]
[4.92333025],[1.16578774],[3.77269005]
[4.93509355],[1.15176649],[3.83963936]
[4.98135409],[1.14326372],[3.85480722]
[4.97169887],[1.15006642],[3.88911576]
[4.99140465],[1.15497017],[3.87590901]
[4.98124502],[1.15999583],[3.90419224]
[5.0051018],[1.17166636],[3.88992049]
[4.98945283],[1.17969852],[3.93058603]
[5.01089508],[1.19437682],[3.92982879]
[5.00823966],[1.21414207],[4.01723169]
[5.03949749],[1.22944405],[4.04721086]
[5.05397933],[1.24893414],[4.11652387]
[5.05472537],[1.25604713],[4.16759972]
[5.07375394],[1.26312039],[4.1973351]
[5.06488921],[1.26825336],[4.22554133]
[5.08525251],[1.27118068],[4.22701517]
[5.06038497],[1.2748915],[4.22529181]
[5.0550905],[1.27450392],[4.22172677]
[5.04623378],[1.27584859],[4.20956227]
[5.03887897],[1.27181762],[4.19264035]
[5.03211451],[1.26893752],[4.1750675]
[5.01817612],[1.26536765],[4.16249048]
[5.00646216],[1.26195391],[4.13601054]
[4.98996059],[1.25691503],[4.09767325]
[4.96834655],[1.24574466],[4.07387641]
[4.95485245],[1.23178391],[4.04764154]
[4.94678127],[1.21679941],[4.01345079]
[4.9367647],[1.20164078],[3.96406987]
[4.92072691],[1.18279281],[3.9127664]
[4.90618263],[1.17513297],[3.85405435]
[4.87933889],[1.17813486],[3.78730775]
[4.83462057],[1.18023311],[3.72227845]
[4.74866381],[1.16523495],[3.63403357]
[3.96145669],[1.14871384],[3.06529332]
[0.],[0.],[0.]
[0.],[0.],[0.]
[0.65571283],[0.13887883],[0.04284288]
[2.29717915],[0.88328108],[0.99470399]
[2.83892651],[0.92397582],[1.53109685]
[2.95080458],[0.98542799],[1.83837666]
[3.11610887],[1.00205635],[2.12932693]
[3.37126793],[1.0599696],[2.30533]
[3.61846891],[1.05611585],[2.49876397]
[3.80583043],[1.07414789],[2.71438565]
[4.06388159],[1.08346216],[2.81245462]
[4.21797301],[1.08220904],[2.94571589]
[4.31472506],[1.07733048],[3.00538628]
[4.4643539],[1.07813164],[3.09613081]
[4.51326552],[1.07395977],[3.15407881]
[4.63785445],[1.07241848],[3.23019221]
[4.66757467],[1.07085134],[3.33207767]
[4.78820592],[1.06190697],[3.43364762]
[4.81646464],[1.07261637],[3.52835871]
[4.92110282],[1.07509647],[3.62008887]
[4.96489812],[1.09890849],[3.73069929]
[5.03028697],[1.11635704],[3.78869122]
[5.05001914],[1.13253069],[3.8646005]
[5.08476634],[1.14455792],[3.87606384]
[5.08467962],[1.15199452],[3.92936855]
[5.09205351],[1.15699591],[3.90972319]
[5.08744052],[1.16826409],[3.96816482]
[5.09937052],[1.18192559],[3.94442032]
[5.09075769],[1.19731542],[4.02451413]
[5.10022774],[1.21508826],[4.02173494]
[5.10573624],[1.23505153],[4.12561893]
[5.1226428],[1.24933553],[4.15177543]
[5.14385651],[1.26640928],[4.22047564]
[5.13125373],[1.27504858],[4.27243741]
[5.15679106],[1.28232961],[4.28922723]
[5.13425594],[1.28572316],[4.31330096]
[5.16128607],[1.28730298],[4.31121279]
[5.12610746],[1.28708608],[4.2997348]
[5.11977739],[1.28530015],[4.29461063]
[5.10962231],[1.28343085],[4.27936974]
[5.10130798],[1.28061805],[4.26530487]
[5.09443456],[1.27614568],[4.24340028]
[5.08022815],[1.27043191],[4.22319801]
[5.07088465],[1.26499578],[4.19702149]
[5.05934149],[1.25772075],[4.16039243]
[5.04057492],[1.24609484],[4.13422474]
[5.02756305],[1.2320309],[4.09740877]
[5.01642349],[1.21664218],[4.05811701]
[5.00167417],[1.20563679],[4.00829678]
[4.9809929],[1.19091132],[3.95651163]
[4.96505179],[1.17204588],[3.89606617]
[4.9410134],[1.15351008],[3.8333464]
[4.89893743],[1.13571725],[3.77131585]
[4.79215498],[1.1177098],[3.70243103]
[4.00422943],[1.1153335],[3.14518783]
[0.],[0.],[0.]
[0.],[0.],[0.]
[1.11087346],[0.28685503],[0.15516031]
[2.60437945],[0.92386212],[1.28987395]
[2.96654652],[0.97163738],[1.84578182]
[3.08470117],[1.02211125],[2.09536735]
[3.31583368],[1.0366388],[2.3612207]
[3.61578387],[1.09063696],[2.60042765]
[3.81277235],[1.12610822],[2.75387064]
[3.99505887],[1.12673794],[2.90880602]
[4.22341787],[1.11977105],[3.0304722]
[4.40449221],[1.10938992],[3.1396761]
[4.48667783],[1.10091674],[3.21866545]
[4.63343138],[1.09929471],[3.30328881]
[4.65228812],[1.09796034],[3.3909823]
[4.78162195],[1.09401155],[3.49383804]
[4.80980445],[1.09712654],[3.58368198]
[4.91196807],[1.08738436],[3.68272663]
[4.94827342],[1.1071765],[3.78569187]
[5.02929601],[1.13053424],[3.871325]
[5.07586915],[1.15499869],[3.98116916]
[5.11768247],[1.17302362],[4.02961908]
[5.13325189],[1.18860609],[4.11473419]
[5.1554186],[1.1992005],[4.11730245]
[5.1581511],[1.20676453],[4.17794606]
[5.15885259],[1.21383748],[4.16349853]
[5.16022755],[1.22770496],[4.22288722]
[5.16723736],[1.24059072],[4.20320023]
[5.16426342],[1.25658609],[4.28218308]
[5.1681938],[1.27268076],[4.28466447]
[5.17664874],[1.2908193],[4.37732891]
[5.19036629],[1.30333603],[4.40828207]
[5.22067579],[1.31866438],[4.46923182]
[5.19542082],[1.32665541],[4.52009467]
[5.23391458],[1.33341485],[4.53204373]
[5.19782843],[1.33594661],[4.55639235]
[5.23302385],[1.33653632],[4.55390274]
[5.19389601],[1.33566339],[4.54439497]
[5.18613307],[1.33342349],[4.53736191]
[5.17716879],[1.33014471],[4.52089634]
[5.16774648],[1.32607636],[4.5054882]
[5.16065494],[1.32213114],[4.48416044]
[5.14565247],[1.31725133],[4.4657265]
[5.13680773],[1.3125691],[4.44071369]
[5.12573559],[1.3058675],[4.4039851]
[5.10798494],[1.29693651],[4.37645984]
[5.09822125],[1.2841525],[4.34388106]
[5.08960181],[1.26949427],[4.30497236]
[5.07903974],[1.25696023],[4.25512951]
[5.06166603],[1.24323317],[4.20455225]
[5.04961003],[1.22992269],[4.14878832]
[5.02879235],[1.21131951],[4.0843351]
[4.98448493],[1.19357005],[4.01839595]
[4.85730654],[1.17570521],[3.93715524]
[4.07095865],[1.15581623],[3.33842594]
[0.],[0.],[0.]
[0.],[0.],[0.]
[1.58252489],[0.33887402],[0.2839287]
[2.75278044],[0.95048632],[1.50261557]
[3.02261305],[1.00098974],[2.02029368]
[3.22795071],[1.04431601],[2.26889117]
[3.48569693],[1.06828942],[2.53479226]
[3.70473831],[1.13388786],[2.71879843]
[3.97110402],[1.15050652],[2.9181574]
[4.16717912],[1.15130004],[3.05554894]
[4.3586878],[1.1368199],[3.20026551]
[4.59341227],[1.12545334],[3.31173263]
[4.62909625],[1.11722837],[3.40120391]
[4.74829626],[1.11542107],[3.52769247]
[4.7583355],[1.11541444],[3.61967019]
[4.86482734],[1.11145318],[3.7372095]
[4.88401603],[1.12035008],[3.84624351]
[4.9749737],[1.14630074],[3.93859295]
[5.00812809],[1.17173891],[4.04313892]
[5.08246078],[1.19140077],[4.11423578]
[5.13497774],[1.21485329],[4.24157987]
[5.17292194],[1.23036566],[4.28406117]
[5.19376872],[1.2450286],[4.37175753]
[5.21042239],[1.25348208],[4.37126544]
[5.21685093],[1.26340912],[4.43410793]
[5.21243253],[1.27450372],[4.42454714]
[5.21718993],[1.28823058],[4.48283241]
[5.22056478],[1.30036702],[4.4685928]
[5.21982713],[1.31629346],[4.53941548]
[5.22071553],[1.33115501],[4.54410478]
[5.23112884],[1.34793322],[4.62244347]
[5.23755306],[1.35898145],[4.65491828]
[5.27528996],[1.37140625],[4.70688792]
[5.24525091],[1.37943488],[4.7578797]
[5.28486771],[1.38691024],[4.77069595]
[5.25920402],[1.38726643],[4.79367956]
[5.28372547],[1.38637439],[4.78383439]
[5.26567991],[1.38230675],[4.77408272]
[5.26286376],[1.3791361],[4.76421746]
[5.25194928],[1.37443432],[4.74424988]
[5.23584656],[1.36930219],[4.72654493]
[5.22059091],[1.36508863],[4.70417536]
[5.20228057],[1.3603129],[4.68367162]
[5.18731079],[1.35517337],[4.65871171]
[5.1738487],[1.34718595],[4.62600543]
[5.1560434],[1.33989938],[4.59943312]
[5.14671126],[1.32780987],[4.56339618]
[5.13814879],[1.31432911],[4.52642236]
[5.12803553],[1.30149161],[4.47452629]
[5.10981397],[1.28819842],[4.41875781]
[5.09725579],[1.27510484],[4.36187561]
[5.08025047],[1.25986821],[4.29623302]
[5.04422012],[1.24377656],[4.23062014]
[4.89884932],[1.22699436],[4.13823598]
[4.11208637],[1.20818661],[3.49911133]
[0.],[0.],[0.]
[0.],[0.],[0.]
[1.80515846],[0.3649216],[0.39305084]
[2.85738449],[0.87136826],[1.44309684]
[3.07680718],[0.94143818],[1.91136272]
[3.36498368],[0.96120948],[2.17229472]
[3.64937495],[1.01628737],[2.48660785]
[3.84846528],[1.04408292],[2.62552071]
[4.10572816],[1.05584902],[2.84337886]
[4.29475476],[1.05464683],[2.97118272]
[4.48022424],[1.06731148],[3.12469425]
[4.68099384],[1.06104538],[3.27857503]
[4.69245258],[1.06946949],[3.39078902]
[4.8103201],[1.05967018],[3.5342378]
[4.81991534],[1.0740126],[3.65086533]
[4.9164719],[1.10080221],[3.78276299]
[4.94134682],[1.13276997],[3.89018684]
[5.03276761],[1.15772313],[3.97112072]
[5.07264793],[1.18016935],[4.09449501]
[5.14261257],[1.19806873],[4.16814805]
[5.19973735],[1.21773464],[4.28663662]
[5.22965914],[1.23111396],[4.32229648]
[5.25393625],[1.24631625],[4.40746806]
[5.26676116],[1.25547455],[4.41178028]
[5.27433708],[1.26856558],[4.47518218]
[5.26924042],[1.28002621],[4.47562732]
[5.28008021],[1.29543441],[4.53426977]
[5.28233154],[1.30824016],[4.5300063]
[5.29305319],[1.32579267],[4.60034056]
[5.29234452],[1.34027605],[4.61355605]
[5.3144555],[1.35751242],[4.67922504]
[5.31584658],[1.37121128],[4.71909164]
[5.3354473],[1.38606052],[4.78475294]
[5.33164449],[1.39995728],[4.85048316]
[5.35374505],[1.40533631],[4.86153488]
[5.35006509],[1.39986473],[4.90551638]
[5.37118869],[1.39484808],[4.89790105]
[5.36028469],[1.38943496],[4.87584089]
[5.35404263],[1.38513632],[4.84271875]
[5.34414279],[1.37932229],[4.81108389]
[5.32488443],[1.3724536],[4.77935674]
[5.30759688],[1.36654612],[4.74686124]
[5.28797881],[1.36132886],[4.72103112]
[5.27039124],[1.35514409],[4.69236025]
[5.25262628],[1.34831078],[4.66727422]
[5.23227876],[1.34105626],[4.63813695]
[5.21502045],[1.32851893],[4.59913901]
[5.19912751],[1.31330778],[4.55954625]
[5.18074879],[1.29900832],[4.50514528]
[5.16150978],[1.28499818],[4.45009083]
[5.15009707],[1.26956081],[4.38364718]
[5.13494205],[1.25249897],[4.31553988]
[5.10112101],[1.23549529],[4.24896745]
[4.93930534],[1.2177427],[4.14786553]
[4.15221303],[1.19967949],[3.51115116]
[0.],[0.],[0.]
[0.],[0.],[0.]
[1.95553928],[0.4105499],[0.5365349]
[2.95314228],[0.89302947],[1.59668851]
[3.12195344],[0.96471198],[2.05322946]
[3.47606384],[0.98741199],[2.33221077]
[3.76301936],[1.03864836],[2.62300265]
[3.9771158],[1.06478456],[2.78237189]
[4.19114945],[1.07648387],[2.9973954]
[4.41721029],[1.07452254],[3.15271049]
[4.56493888],[1.0869946],[3.30349186]
[4.74478753],[1.08130175],[3.52265881]
[4.75830952],[1.08864706],[3.64604474]
[4.86910987],[1.10069576],[3.7954853]
[4.88613314],[1.12676619],[3.89650983]
[4.97833915],[1.14891175],[4.00399509]
[5.01387777],[1.17553548],[4.10081056]
[5.0992436],[1.19632446],[4.1754521]
[5.14728065],[1.21837752],[4.29504594]
[5.20867156],[1.2370884],[4.36156365]
[5.27487309],[1.25662556],[4.47478628]
[5.29252137],[1.27003472],[4.50946553]
[5.32935114],[1.28469959],[4.59412493]
[5.35000144],[1.29748227],[4.60800995]
[5.37612888],[1.3147222],[4.67943268]
[5.36894929],[1.32995358],[4.70020765]
[5.39017623],[1.3485894],[4.76335524]
[5.38267647],[1.36524426],[4.80614785]
[5.40818692],[1.39056141],[4.88187138]
[5.39797526],[1.40702827],[4.95608266]
[5.435502],[1.42526634],[5.0378377]
[5.44534996],[1.43930632],[5.14602087]
[5.514101],[1.45825373],[5.25377766]
[5.51583681],[1.47027943],[5.33601981]
[5.5943427],[1.47354797],[5.37883889]
[5.6097988],[1.46680179],[5.39134937]
[5.67130814],[1.45599388],[5.37470335]
[5.6958555],[1.44397553],[5.33803707]
[5.67115679],[1.42916537],[5.27104163]
[5.65200886],[1.41551438],[5.184761]
[5.55936611],[1.40359438],[5.08784007]
[5.4536847],[1.39624176],[5.00254404]
[5.40118924],[1.3899748],[4.93752502]
[5.38084129],[1.38424377],[4.89492314]
[5.36187535],[1.37722888],[4.85888083]
[5.33909478],[1.3690313],[4.83130117]
[5.31944502],[1.35771579],[4.79493586]
[5.29986587],[1.34308534],[4.75718036]
[5.28085341],[1.32853387],[4.70528831]
[5.25956035],[1.31345016],[4.64404805]
[5.24110644],[1.29751575],[4.57339209]
[5.21939848],[1.2812396],[4.50037868]
[5.18195583],[1.26546288],[4.42325364]
[5.00922282],[1.24969855],[4.31633821]
[4.21735759],[1.23268323],[3.65080149]
[0.],[0.],[0.]
[0.],[0.],[0.]
[2.06455044],[0.39601164],[0.59590079]
[2.99881822],[0.90296463],[1.70668725]
[3.21368118],[0.97239301],[2.16158923]
[3.55647689],[1.00029099],[2.45057165]
[3.88673929],[1.05325694],[2.74920829]
[4.05586232],[1.07497855],[2.8988395]
[4.27419331],[1.08642208],[3.11337598]
[4.48561052],[1.08559983],[3.30888785]
[4.62273832],[1.09612718],[3.49381784]
[4.79743485],[1.09217882],[3.75197106]
[4.81813383],[1.12022495],[3.87024628]
[4.92695443],[1.14561393],[4.00441324]
[4.95047175],[1.17094817],[4.09286486]
[5.03594455],[1.19175082],[4.18880456]
[5.07914035],[1.21655355],[4.29767538]
[5.15697774],[1.23758675],[4.37242924]
[5.21053622],[1.25846105],[4.50255831]
[5.26715932],[1.28267204],[4.58910755]
[5.34825938],[1.31823619],[4.73011277]
[5.38750606],[1.34021777],[4.82130477]
[5.44695941],[1.36018929],[4.95250391]
[5.52070659],[1.37702235],[5.04884899]
[5.57238464],[1.39613859],[5.13803217]
[5.6106809],[1.41328833],[5.21421414]
[5.64496591],[1.43219372],[5.30032475]
[5.70226733],[1.44663392],[5.36661071]
[5.72851948],[1.46808481],[5.46803409]
[5.79254408],[1.4840686],[5.54896835]
[5.81846764],[1.50073601],[5.65678372]
[5.88938976],[1.5142491],[5.75771354]
[5.92229032],[1.53054017],[5.87116927]
[5.98143958],[1.54321094],[5.9676384]
[5.99599233],[1.54512821],[6.00601909]
[6.07125351],[1.53967995],[6.0317852]
[6.07291517],[1.52813981],[6.01310405]
[6.15735461],[1.51359243],[5.97303824]
[6.10331834],[1.49579617],[5.86177161]
[6.09227581],[1.48013878],[5.74558852]
[6.05746418],[1.46394886],[5.61425961]
[5.93991433],[1.4495747],[5.49694671]
[5.81399371],[1.43639118],[5.38189031]
[5.69537614],[1.42339629],[5.27264202]
[5.57867302],[1.41294994],[5.17599292]
[5.48563925],[1.40482059],[5.09232995]
[5.4339844],[1.39487854],[5.028477]
[5.39396895],[1.37987174],[4.97201966]
[5.37360447],[1.3650311],[4.90987802]
[5.35096613],[1.35101867],[4.85178302]
[5.32969893],[1.33613037],[4.78538018]
[5.31059912],[1.31921516],[4.71452155]
[5.28096019],[1.30443377],[4.64153774]
[5.06089326],[1.28991607],[4.51859491]
[4.265255],[1.27395738],[3.81776075]
[0.],[0.],[0.]
[0.],[0.],[0.]
[2.17128407],[0.42193464],[0.66696518]
[3.03532889],[0.91139727],[1.804572]
[3.27805785],[0.97748188],[2.25081746]
[3.63136157],[1.00794621],[2.54355898]
[3.95875744],[1.07359046],[2.83519772]
[4.13541224],[1.08136154],[2.98781209]
[4.33494751],[1.08965578],[3.21004043]
[4.54956097],[1.09506406],[3.44496742]
[4.68846328],[1.10652677],[3.66856927]
[4.85792838],[1.12501327],[3.91279836]
[4.88507326],[1.1514039],[4.03336425]
[4.98604619],[1.17631769],[4.14504936]
[5.01465282],[1.20099612],[4.25503835]
[5.10058433],[1.22121066],[4.35040983]
[5.15245978],[1.25322433],[4.49849313]
[5.22935525],[1.2875551],[4.61822726]
[5.28675683],[1.3275766],[4.78678705]
[5.36357989],[1.36324619],[4.92232261]
[5.4996621],[1.40036736],[5.12130383]
[5.64115385],[1.42249894],[5.32554561]
[5.7854156],[1.44103239],[5.51849476]
[5.95067796],[1.45711728],[5.62566761]
[6.01091841],[1.47472315],[5.733628]
[6.10673237],[1.49110804],[5.81591088]
[6.08009433],[1.50997707],[5.90049044]
[6.18625475],[1.52663934],[5.99950389]
[6.15902575],[1.54589085],[6.10243538]
[6.26455456],[1.55979876],[6.22293634]
[6.24913339],[1.5724128],[6.32637577]
[6.34555007],[1.58381098],[6.48932889]
[6.35793624],[1.5981996],[6.59999067]
[6.42139244],[1.60950109],[6.76138203]
[6.43472529],[1.61214174],[6.82902114]
[6.48997671],[1.60779655],[6.89564404]
[6.52279926],[1.59699992],[6.87778639]
[6.55961205],[1.58266243],[6.83843319]
[6.56561396],[1.56513453],[6.69345007]
[6.53063203],[1.54690924],[6.50653396]
[6.516403],[1.52998744],[6.31715183]
[6.43905392],[1.51674608],[6.13114976]
[6.31225707],[1.50133384],[5.96071819]
[6.19358882],[1.48525637],[5.8087465]
[6.07484738],[1.46872733],[5.66957401]
[5.95564623],[1.4531598],[5.54872478]
[5.84498164],[1.43531821],[5.42575122]
[5.72794616],[1.41195064],[5.30116576]
[5.60773481],[1.39507597],[5.17602772]
[5.5243264],[1.38026301],[5.04736134]
[5.47115751],[1.36611903],[4.96161992]
[5.42400882],[1.34871931],[4.89117991]
[5.38450759],[1.33421206],[4.81880303]
[5.16013967],[1.32013267],[4.69445991]
[4.32044518],[1.3056176],[3.96953646]
[0.],[0.],[0.]
[0.],[0.],[0.]
[2.25919371],[0.41457009],[0.64558292]
[3.07053742],[0.85157148],[1.7130312]
[3.33899308],[0.91330668],[2.14283851]
[3.69329193],[0.95513527],[2.45955758]
[4.01251378],[0.99427119],[2.74006071]
[4.20397994],[1.02935315],[2.93887796]
[4.3989437],[1.04020148],[3.17958827]
[4.62149179],[1.05027172],[3.4414866]
[4.75990629],[1.09886069],[3.6738681]
[4.92146412],[1.12501457],[3.91136696]
[4.95714262],[1.14957313],[4.05761592]
[5.05452237],[1.17747076],[4.19138517]
[5.0973572],[1.2194706],[4.35918182]
[5.18149959],[1.25559048],[4.49242722]
[5.23428587],[1.30060308],[4.68065093]
[5.31437588],[1.34043253],[4.83572623]
[5.44198051],[1.38150664],[5.06506276]
[5.59085597],[1.41576782],[5.32361634]
[5.84703601],[1.44944333],[5.59651473]
[6.09649689],[1.47139058],[5.7886684]
[6.18515684],[1.48732389],[5.98554115]
[6.37941656],[1.50227612],[6.17989495]
[6.45272791],[1.52111972],[6.29777662]
[6.5543659],[1.5389516],[6.45396705]
[6.55292255],[1.55970246],[6.52989913]
[6.62256492],[1.57473835],[6.7091994]
[6.63836684],[1.59048763],[6.81561152]
[6.69689068],[1.60290465],[6.98812651]
[6.74459028],[1.61569447],[7.1128602]
[6.77720777],[1.62729822],[7.29415668]
[6.84216775],[1.64134174],[7.44373246]
[6.84951828],[1.65123102],[7.58345722]
[6.9171478],[1.65275262],[7.67342207]
[6.90836062],[1.64744843],[7.73645566]
[6.99398346],[1.63775685],[7.74181267]
[6.97960563],[1.62251231],[7.70920281]
[7.02776942],[1.60478191],[7.6185705]
[6.97706208],[1.58730751],[7.39059613]
[6.95965951],[1.56855645],[7.14304321]
[6.94590366],[1.55088135],[6.89620828]
[6.81839269],[1.53588081],[6.6700194]
[6.69585807],[1.52285208],[6.47191263]
[6.57698358],[1.50847172],[6.27359256]
[6.45680442],[1.49348727],[6.08826661]
[6.34577129],[1.47558336],[5.92335248]
[6.23444699],[1.45225345],[5.76517655]
[6.12118455],[1.42901287],[5.6153182]
[5.99857464],[1.404325],[5.46550195]
[5.89689223],[1.38319214],[5.30210514]
[5.79655127],[1.35939841],[5.11945535]
[5.68890904],[1.34022794],[4.95588044]
[5.3386421],[1.32382437],[4.79603815]
[4.43222879],[1.30765525],[4.06421524]
[0.],[0.],[0.]
[0.],[0.],[0.]
[2.29034226],[0.46151163],[0.76618003]
[3.09961943],[0.86844657],[1.81340161]
[3.39172316],[0.9336663],[2.24565717]
[3.73969728],[0.97757467],[2.5681726]
[4.06204032],[1.02328101],[2.86510486]
[4.27119554],[1.04995299],[3.09588078]
[4.45714628],[1.06261109],[3.35013893]
[4.69492912],[1.07660662],[3.62806252]
[4.83567881],[1.14402532],[3.89735766]
[4.99845606],[1.18030132],[4.16234771]
[5.04064544],[1.21786219],[4.35684699]
[5.13362669],[1.25329659],[4.51969112]
[5.19669594],[1.29704422],[4.72214672]
[5.28866036],[1.33679694],[4.88242612]
[5.39134899],[1.38270661],[5.09861417]
[5.49689311],[1.41904818],[5.35966636]
[5.74356658],[1.4576817],[5.67422894]
[5.99549508],[1.49038161],[5.92961293]
[6.19473682],[1.520948],[6.20273954]
[6.47376197],[1.54081755],[6.47032744]
[6.61524672],[1.55518716],[6.74733344]
[6.7700974],[1.56851966],[7.02214088]
[6.9125549],[1.58900752],[7.18559524]
[6.99475272],[1.60588061],[7.37413717]
[7.04868973],[1.62208662],[7.50497721]
[7.06965049],[1.63514587],[7.67506584]
[7.1159564],[1.64953533],[7.83256647]
[7.15100413],[1.66144028],[7.99171608]
[7.21274475],[1.67286333],[8.1706913]
[7.23741591],[1.68317478],[8.3777224]
[7.28336224],[1.69549306],[8.5591993]
[7.30901741],[1.70213398],[8.71295544]
[7.35054199],[1.72007824],[8.83577329]
[7.3796153],[1.71751379],[8.92791538]
[7.40843547],[1.69830575],[8.96683439]
[7.45746044],[1.68474205],[8.96566409]
[7.4535084],[1.663304],[8.90787317]
[7.45894824],[1.64786268],[8.72978483]
[7.41528138],[1.63070217],[8.4452107]
[7.40332728],[1.61503368],[8.15343026]
[7.35644159],[1.59920365],[7.86226362]
[7.25300862],[1.58564741],[7.614251]
[7.15206107],[1.57519082],[7.41455156]
[7.05277894],[1.56485364],[7.19987327]
[6.96253855],[1.55057451],[6.99153]
[6.8672694],[1.53069983],[6.80252517]
[6.7721898],[1.50870146],[6.59756326]
[6.66355429],[1.48408105],[6.37546628]
[6.55663437],[1.46049602],[6.15656956]
[6.44990043],[1.43408971],[5.92314785]
[6.33991568],[1.4110448],[5.69679575]
[6.07416259],[1.38966331],[5.41397552]
[5.02488038],[1.36802003],[4.48830797]
[0.],[0.],[0.]
[0.],[0.],[0.]
[2.30767315],[0.52346387],[0.83621377]
[3.12592185],[0.88618812],[1.89810342]
[3.44963395],[0.94333854],[2.32736194]
[3.79143871],[0.9913783],[2.65630956]
[4.12047078],[1.0462905],[2.98955343]
[4.35045816],[1.07027495],[3.30039456]
[4.53343529],[1.09648142],[3.60249927]
[4.77436492],[1.15103868],[3.94249254]
[4.92560068],[1.22639639],[4.2714442]
[5.09171751],[1.26283084],[4.53623894]
[5.16155584],[1.30209185],[4.77233402]
[5.27230346],[1.34328174],[4.9639241]
[5.38619403],[1.39004065],[5.1882581]
[5.48147333],[1.42611368],[5.43193777]
[5.621683],[1.4680239],[5.73478052]
[5.87913768],[1.50136906],[6.02456577]
[6.10785683],[1.53664141],[6.34037509]
[6.39317659],[1.56703607],[6.63595113]
[6.59593946],[1.59539143],[7.00023441]
[6.84398485],[1.61260535],[7.34387239]
[7.06419241],[1.62586725],[7.63716602]
[7.18180277],[1.63749247],[7.97518292]
[7.31554087],[1.65341791],[8.29429384]
[7.4494426],[1.66675311],[8.5016857]
[7.4655658],[1.68787001],[8.68603438]
[7.54648721],[1.69378555],[8.87177885]
[7.53433047],[1.71201541],[9.06230784]
[7.61691087],[1.72675344],[9.25173066]
[7.62896689],[1.74525901],[9.45840873]
[7.70804837],[1.782579],[9.73213165]
[7.703467],[1.81020389],[9.96634887]
[7.77769841],[1.848364],[10.17666558]
[7.76677862],[1.87010013],[10.33222118]
[7.84115875],[1.87522537],[10.44977387]
[7.82564784],[1.8621855],[10.51910123]
[7.9042089],[1.84557493],[10.52861915]
[7.89587568],[1.80868459],[10.48191941]
[7.93041439],[1.77424109],[10.35085244]
[7.90789862],[1.73064774],[10.1190338]
[7.90181531],[1.68207422],[9.84337188]
[7.90225675],[1.66695353],[9.54305511]
[7.84820608],[1.65312839],[9.24552913]
[7.76109732],[1.63925844],[8.96330192]
[7.66734373],[1.62801142],[8.68439206]
[7.57835622],[1.61674313],[8.41538577]
[7.49014469],[1.6018288],[8.16397693]
[7.39572655],[1.58569345],[7.92284058]
[7.28846243],[1.56681855],[7.66270709]
[7.18653467],[1.54613364],[7.38886276]
[7.07597249],[1.52094419],[7.11077694]
[6.95572793],[1.49575448],[6.8025561]
[6.67400921],[1.47257084],[6.39672125]
[5.73146008],[1.44669794],[5.31763003]
[0.],[0.],[0.]
[0.],[0.],[0.]
[2.3243659],[0.59475789],[0.94550082]
[3.14787922],[0.91577834],[2.00746531]
[3.52053878],[0.98603889],[2.46535154]
[3.86856351],[1.06052842],[2.83960052]
[4.19059955],[1.11984851],[3.23202472]
[4.44196878],[1.14406445],[3.62004838]
[4.63273402],[1.17020726],[3.96249635]
[4.89362182],[1.23105451],[4.35754454]
[5.08026419],[1.30046784],[4.68653618]
[5.25730347],[1.34747857],[4.96262326]
[5.35695924],[1.39358084],[5.22957599]
[5.46867072],[1.43041007],[5.48265442]
[5.5836923],[1.47464347],[5.7756912]
[5.73469885],[1.50862148],[6.04683534]
[5.98010827],[1.54722301],[6.35963527]
[6.27988261],[1.57833841],[6.67848308]
[6.47988504],[1.61301458],[7.07138862]
[6.75161419],[1.64165193],[7.4847026]
[7.00039653],[1.66804462],[7.84810763]
[7.23046936],[1.68260765],[8.2572809]
[7.42735359],[1.70134451],[8.69936245]
[7.61569633],[1.70615306],[9.04798141]
[7.69631477],[1.73693746],[9.44628211]
[7.89805962],[1.74946346],[9.79776012]
[7.88213626],[1.78594074],[10.06813702]
[7.988876],[1.83234043],[10.32696338]
[7.96084768],[1.85870591],[10.63197289]
[8.05327117],[1.90041747],[10.88184248]
[8.06781002],[1.92211263],[11.16070646]
[8.13647302],[1.95935543],[11.4649725]
[8.1755211],[1.98063008],[11.75933616]
[8.22203757],[2.00456355],[12.00183237]
[8.28063792],[2.01951624],[12.17163593]
[8.32131874],[2.02537313],[12.30589827]
[8.38659302],[2.01514143],[12.37652567]
[8.40789089],[1.99886188],[12.41701445]
[8.49166345],[1.96961971],[12.3905937]
[8.45365459],[1.94159225],[12.28497284]
[8.49173463],[1.90814357],[12.08868467]
[8.45043656],[1.87049201],[11.82278965]
[8.44785107],[1.83143898],[11.50051614]
[8.44096879],[1.79087279],[11.16068752]
[8.37117425],[1.74637557],[10.79146684]
[8.27790337],[1.70095514],[10.37246241]
[8.18702938],[1.68305858],[10.03426322]
[8.09163039],[1.66820609],[9.7523792]
[7.99933022],[1.65355475],[9.47258929]
[7.90088318],[1.6362579],[9.15680306]
[7.80471928],[1.61877227],[8.82715662]
[7.69592908],[1.59560435],[8.48300532]
[7.57504052],[1.57410096],[8.12668774]
[7.26970618],[1.55268774],[7.6305778]
[6.39872788],[1.52813722],[6.44330816]
[0.],[0.],[0.]
[0.],[0.],[0.]
[2.33960771],[0.56546583],[0.92639519]
[3.16656243],[0.88378372],[1.9634576]
[3.55078435],[0.95916694],[2.45390704]
[3.91213346],[1.03396261],[2.88538744]
[4.245395],[1.09458022],[3.37226974]
[4.52750035],[1.12703415],[3.802318]
[4.73788452],[1.20898916],[4.18642999]
[4.99301155],[1.28090665],[4.57294458]
[5.18626343],[1.35578616],[4.92281568]
[5.37046177],[1.40508514],[5.23410354]
[5.48351114],[1.44884357],[5.58367545]
[5.57846411],[1.4827447],[5.89703029]
[5.76905982],[1.52374944],[6.18939586]
[6.00199648],[1.55567867],[6.46741881]
[6.22030604],[1.59112326],[6.82129581]
[6.52211105],[1.62125012],[7.27533311]
[6.75097243],[1.65896742],[7.72553073]
[6.99233916],[1.68434395],[8.11817954]
[7.2536368],[1.71388573],[8.63865614]
[7.50606512],[1.73722024],[9.12291856]
[7.69036263],[1.77363828],[9.68764998]
[7.90771801],[1.81942465],[10.21575561]
[7.98108304],[1.85052695],[10.78086251]
[8.17165846],[1.9057112],[11.27022972]
[8.24495678],[1.9403669],[11.68360655]
[8.32814775],[1.97725098],[12.00380793]
[8.36900923],[2.00160819],[12.33989341]
[8.43045427],[2.03110075],[12.62886925]
[8.51750897],[2.0497782],[12.91901931]
[8.54664403],[2.07392185],[13.19723323]
[8.64096396],[2.09183253],[13.43608405]
[8.64743395],[2.11017046],[13.66835794]
[8.74492322],[2.1226329],[13.86339806]
[8.77611157],[2.12762181],[14.05135699]
[8.85084177],[2.11901972],[14.14910936]
[8.88691159],[2.10451104],[14.21060168]
[8.94278223],[2.08689254],[14.23563478]
[8.95703096],[2.06309803],[14.16604343]
[8.95448206],[2.03518002],[14.01135959]
[8.9543609],[2.00486378],[13.74040839]
[8.92870089],[1.9700636],[13.430683]
[8.92104084],[1.93585142],[13.06896514]
[8.89341819],[1.89913761],[12.64596305]
[8.8056563],[1.85868434],[12.18469577]
[8.71044039],[1.81827092],[11.78645892]
[8.61527374],[1.774429],[11.40617295]
[8.51804863],[1.72643197],[11.01758478]
[8.41389335],[1.67332824],[10.64325579]
[8.31728116],[1.65368489],[10.25229058]
[8.22104873],[1.63519674],[9.84366302]
[8.11374228],[1.61533759],[9.44150445]
[7.79375539],[1.59653735],[8.94661415]
[6.94057325],[1.57693013],[7.65805365]
[0.],[0.],[0.]
[0.],[0.],[0.]
[2.34448501],[0.61021171],[1.00377417]
[3.1617987],[0.92685794],[2.08256741]
[3.57094666],[1.02462533],[2.57332503]
[3.93816311],[1.09535264],[3.05958851]
[4.27765603],[1.15224497],[3.58153422]
[4.58215502],[1.17771219],[4.01727135]
[4.78345683],[1.26314446],[4.42622964]
[5.04589854],[1.33729074],[4.82546135]
[5.25121173],[1.41406693],[5.19325642]
[5.45256865],[1.46494633],[5.58406706]
[5.57323023],[1.50891598],[5.9820497]
[5.71209465],[1.54201039],[6.28530676]
[5.92770374],[1.58273985],[6.62143793]
[6.1971908],[1.61472328],[6.99688758]
[6.40035253],[1.66410524],[7.44086601]
[6.69397782],[1.69801977],[7.93136762]
[6.95237404],[1.74345317],[8.4497799]
[7.18963438],[1.76194825],[8.94222552]
[7.44546492],[1.809211],[9.60780394]
[7.74431462],[1.89613126],[10.20213913]
[7.93682663],[1.93308587],[10.93673978]
[8.16558723],[1.97445194],[11.51330897]
[8.29845297],[2.00191923],[12.17807767]
[8.46467988],[2.04053485],[12.75530417]
[8.61384646],[2.06918973],[13.1906447]
[8.66658681],[2.09527455],[13.49819017]
[8.73673615],[2.11858681],[13.85414109]
[8.7914368],[2.14158094],[14.23712061]
[8.86800386],[2.16367436],[14.55179485]
[8.92492424],[2.18344731],[14.91688419]
[8.99156175],[2.19771095],[15.19801505]
[9.04693035],[2.21714942],[15.4465355]
[9.0908375],[2.2269742],[15.63976114]
[9.16768043],[2.22251916],[15.79444912]
[9.19608802],[2.21541476],[15.89661144]
[9.28452827],[2.20301013],[15.97594531]
[9.30005253],[2.19127282],[16.00847625]
[9.3621946],[2.17338779],[16.00493946]
[9.30875345],[2.14926863],[15.92989118]
[9.350716],[2.12189079],[15.65707833]
[9.30115118],[2.09082536],[15.30705157]
[9.29138318],[2.06255652],[14.96479526]
[9.28516428],[2.03362699],[14.55417286]
[9.21146871],[2.00132486],[14.0838707]
[9.11316636],[1.96741997],[13.64314983]
[9.01846113],[1.9334815],[13.19925278]
[8.92211621],[1.89386111],[12.73055192]
[8.82003609],[1.83623219],[12.25326804]
[8.72409554],[1.77757293],[11.83102373]
[8.62400084],[1.72458499],[11.4167174]
[8.51828713],[1.68087287],[10.92650165]
[8.17579202],[1.65573326],[10.32291246]
[7.32505946],[1.63447695],[8.86010141]
[0.],[0.],[0.]
[0.],[0.],[0.]
[2.35962364],[0.67985916],[1.09297649]
[3.18035109],[0.96998927],[2.19563316]
[3.63523903],[1.08426527],[2.71107852]
[3.99459662],[1.15125316],[3.27191742]
[4.33979862],[1.2053871],[3.83567214]
[4.65866295],[1.24099138],[4.28331505]
[4.84685683],[1.33149976],[4.72616276]
[5.11809873],[1.40577549],[5.15116018]
[5.32384749],[1.48299487],[5.57508933]
[5.53959441],[1.5352248],[6.0702776]
[5.67967007],[1.57928184],[6.4839392]
[5.87715729],[1.61108984],[6.88196802]
[6.10541149],[1.66320043],[7.30552184]
[6.41720583],[1.70621633],[7.72736288]
[6.62712903],[1.75452422],[8.26007059]
[6.91514815],[1.77867956],[8.70349105]
[7.20400906],[1.81221865],[9.32915112]
[7.45574195],[1.87162842],[9.94398229]
[7.70079846],[1.93793533],[10.65174726]
[8.01597857],[2.01479768],[11.40502521]
[8.23764932],[2.04707946],[12.08267633]
[8.46928266],[2.07942274],[12.76071287]
[8.64295543],[2.10431902],[13.4265972]
[8.80669641],[2.13353848],[13.97712522]
[8.9439251],[2.16494617],[14.59746315]
[9.07797843],[2.1905081],[15.02201014]
[9.10050037],[2.21978628],[15.39363769]
[9.20638426],[2.23828226],[15.74855321]
[9.23926118],[2.25855151],[16.0950066]
[9.33802116],[2.2758249],[16.45506935]
[9.36214932],[2.28958783],[16.76370058]
[9.4540227],[2.30393407],[17.04968489]
[9.47354956],[2.31118647],[17.28951835]
[9.5607215],[2.30778312],[17.48421032]
[9.60197224],[2.29994522],[17.62219013]
[9.68163515],[2.28983212],[17.73097503]
[9.74781443],[2.27935655],[17.78538285]
[9.77972519],[2.25546768],[17.78919323]
[9.7850695],[2.22677463],[17.70141393]
[9.77247486],[2.20155422],[17.50268872]
[9.77321931],[2.17489131],[17.1210151]
[9.73763085],[2.14850046],[16.73061505]
[9.72972102],[2.12037079],[16.28994605]
[9.69171274],[2.08996905],[15.78950219]
[9.56151917],[2.05909679],[15.25085923]
[9.42116084],[2.02883741],[14.73618078]
[9.30941045],[1.9920294],[14.22587521]
[9.20954685],[1.94351995],[13.72147499]
[9.1159076],[1.88793551],[13.2649836]
[9.0164966],[1.82900768],[12.78057929]
[8.91074387],[1.76837179],[12.23784813]
[8.54504221],[1.71983904],[11.56585824]
[7.6951957],[1.69872005],[10.06962092]
[0.],[0.],[0.]
[0.],[0.],[0.]
[2.37729553],[0.76298982],[1.20046157]
[3.20012882],[1.00125476],[2.31335042]
[3.72587558],[1.15044235],[2.86549069]
[4.05455691],[1.21462833],[3.49577765]
[4.41398891],[1.26533483],[4.08416132]
[4.7665081],[1.30845409],[4.58913111]
[4.96028648],[1.40121354],[5.07888351]
[5.22007445],[1.48263244],[5.5307817]
[5.45677543],[1.55337566],[6.07147076]
[5.66408515],[1.60641767],[6.56270193]
[5.8796981],[1.65530112],[7.02875744]
[6.10678083],[1.69714241],[7.53663176]
[6.32859175],[1.75512654],[8.04788392]
[6.63671502],[1.78816103],[8.50840998]
[6.87571804],[1.83095793],[9.03324574]
[7.15620677],[1.86562892],[9.64142747]
[7.42773466],[1.92139453],[10.36338722]
[7.71690574],[2.00474692],[11.04153115]
[7.9352966],[2.06506871],[11.84953427]
[8.25035534],[2.11923962],[12.52803408]
[8.50545421],[2.14906265],[13.34213786]
[8.7218453],[2.17468336],[14.01865308]
[8.91893224],[2.2077828],[14.66317059]
[9.114791],[2.24038802],[15.42876441]
[9.22967572],[2.26673373],[16.01871099]
[9.43003533],[2.28823669],[16.54681577]
[9.43282678],[2.31194439],[16.95060493]
[9.56667953],[2.32699033],[17.41099658]
[9.61636268],[2.34403527],[17.82246624]
[9.70528962],[2.35830375],[18.23007102]
[9.77295167],[2.37146085],[18.57405159]
[9.82511371],[2.38077805],[18.87105175]
[9.90115496],[2.40313319],[19.10040082]
[9.95681107],[2.40199207],[19.29011465]
[10.05352479],[2.39695454],[19.44568184]
[10.09528571],[2.38585214],[19.54467768]
[10.22956714],[2.37673671],[19.64722722]
[10.22784758],[2.35024527],[19.60712393]
[10.2673591],[2.32289761],[19.53932211]
[10.23195307],[2.29318301],[19.33737133]
[10.26389731],[2.26056643],[19.01203224]
[10.22779932],[2.23017897],[18.5550411]
[10.20558605],[2.20384242],[18.13507912]
[10.19145362],[2.17883843],[17.64059644]
[10.13444509],[2.15081757],[17.11361304]
[9.92854637],[2.12349032],[16.51728199]
[9.7581483],[2.0898074],[15.93338798]
[9.63374259],[2.04824153],[15.34823516]
[9.521051],[2.00201666],[14.81857428]
[9.40867203],[1.95211269],[14.26183482]
[9.29671709],[1.89321328],[13.71208875]
[8.91424679],[1.82997505],[12.98622048]
[8.0642944],[1.77652588],[11.40656066]
[0.],[0.],[0.]
[0.],[0.],[0.]
[2.40413893],[0.73217214],[1.2167526]
[3.22678313],[0.98250027],[2.30698054]
[3.86476555],[1.11312096],[2.92105293]
[4.16622851],[1.1773018],[3.60887403]
[4.5154749],[1.24521689],[4.21635249]
[4.8781858],[1.34037978],[4.76634789]
[5.09411413],[1.43445331],[5.2815414]
[5.35103354],[1.51565079],[5.8002896]
[5.59281574],[1.58642806],[6.37296669]
[5.85385452],[1.63461337],[6.83120514]
[6.07556179],[1.68922913],[7.44160205]
[6.33430344],[1.73002791],[7.98410283]
[6.57428029],[1.78043093],[8.57348668]
[6.86571191],[1.81015895],[9.05258298]
[7.14149519],[1.85812135],[9.73176213]
[7.41156868],[1.95339966],[10.41221652]
[7.65977127],[2.013217],[11.18811194]
[7.97750858],[2.08367961],[11.98391832]
[8.18812612],[2.15331511],[12.74151002]
[8.49474655],[2.18996918],[13.57444032]
[8.75881903],[2.22121984],[14.33801479]
[8.998425],[2.24646557],[15.04492969]
[9.18078597],[2.2741073],[15.88267297]
[9.42268459],[2.29930617],[16.62997594]
[9.51599904],[2.32206877],[17.3476787]
[9.70667293],[2.34092175],[18.04625412]
[9.76578762],[2.36483185],[18.53288965]
[9.86452482],[2.38824212],[19.00728368]
[9.95821786],[2.41426464],[19.4973802]
[10.00342191],[2.42627634],[19.87632416]
[10.10724854],[2.45557347],[20.25050714]
[10.14565493],[2.46993141],[20.53557321]
[10.28457725],[2.49406875],[20.8464323]
[10.35685735],[2.51200272],[21.07728496]
[10.46491902],[2.53001288],[21.27672579]
[10.56400644],[2.51334592],[21.42264893]
[10.66923394],[2.49133126],[21.52036061]
[10.7723105],[2.46893467],[21.53183715]
[10.74043567],[2.43628848],[21.47452471]
[10.76934506],[2.40021679],[21.28256167]
[10.73250409],[2.36219288],[20.95035704]
[10.76001316],[2.32260326],[20.51539814]
[10.70331052],[2.28179177],[19.99630081]
[10.68869105],[2.25004524],[19.4212407]
[10.66780954],[2.21708267],[18.79211354]
[10.56581523],[2.18685824],[18.19404699]
[10.34410079],[2.15887911],[17.59051247]
[10.11589036],[2.1206474],[16.95505975]
[9.96063143],[2.07639743],[16.33672351]
[9.83015294],[2.02925566],[15.70824376]
[9.70247724],[1.97719779],[15.0560021]
[9.28978294],[1.91956259],[14.27999047]
[8.43223849],[1.85885385],[12.59757555]
[0.],[0.],[0.]
[0.],[0.],[0.]
[2.40767881],[0.8022084],[1.33376394]
[3.22739492],[1.04569786],[2.50310527]
[3.94030397],[1.18778102],[3.11848568]
[4.23855157],[1.23891367],[3.85297428]
[4.61335559],[1.30270158],[4.50909482]
[4.96642342],[1.40468609],[5.07864551]
[5.18814398],[1.50972652],[5.60231034]
[5.44814193],[1.59239861],[6.19788784]
[5.65509582],[1.66347329],[6.75050849]
[6.00506065],[1.72016645],[7.31167553]
[6.22940548],[1.77037534],[7.99839141]
[6.51123275],[1.80675861],[8.5776953]
[6.77083957],[1.8547378],[9.24073164]
[7.04342381],[1.90772509],[9.87221091]
[7.32736031],[1.97396656],[10.61429327]
[7.61715888],[2.05668851],[11.36559103]
[7.84187366],[2.13287552],[12.24179435]
[8.15527069],[2.19196482],[12.98463036]
[8.39856692],[2.24975585],[13.83569881]
[8.68173547],[2.28200778],[14.63307378]
[8.95401231],[2.30825756],[15.42083844]
[9.22687235],[2.32956866],[16.31012842]
[9.40350312],[2.35555249],[17.129239]
[9.64915555],[2.37844495],[17.9665436]
[9.7757125],[2.40217466],[18.83972314]
[9.95027895],[2.42424183],[19.55843966]
[10.06122229],[2.47406746],[20.20500864]
[10.12503238],[2.5034302],[20.7179751]
[10.25320815],[2.53509178],[21.31898536]
[10.28651506],[2.56283974],[21.75839603]
[10.41534232],[2.5865366],[22.2156154]
[10.49386964],[2.60740288],[22.52475216]
[10.60033614],[2.64924453],[22.85969997]
[10.726476],[2.6759297],[23.10184588]
[10.79224236],[2.67398441],[23.27475144]
[10.94749704],[2.65130506],[23.41978582]
[11.047208],[2.6318131],[23.47453779]
[11.20537233],[2.60637698],[23.52303161]
[11.21383162],[2.57267957],[23.47714327]
[11.25394048],[2.53474832],[23.34848059]
[11.25124824],[2.49322994],[23.06790153]
[11.27677408],[2.45388072],[22.65801992]
[11.27215994],[2.41466879],[22.14420035]
[11.2660793],[2.37089395],[21.59565644]
[11.28239659],[2.32792716],[21.00603557]
[11.28446959],[2.28253075],[20.33577605]
[11.13138591],[2.24140635],[19.59750719]
[10.78025202],[2.19665358],[18.85134385]
[10.55204069],[2.16026672],[18.15422861]
[10.34244918],[2.12016561],[17.47863226]
[10.16917203],[2.07204925],[16.77025292]
[9.70120545],[2.01724346],[15.88366073]
[8.8276814],[1.96492959],[14.0789522]
[0.],[0.],[0.]
[0.],[0.],[0.]
[2.43250233],[0.90965551],[1.50018282]
[3.25955699],[1.14116778],[2.70126068]
[4.04118902],[1.26252997],[3.36642333]
[4.34593763],[1.29672626],[4.13557972]
[4.72708092],[1.369586],[4.86074426]
[5.08751494],[1.49572163],[5.45106387]
[5.32269639],[1.5948694],[6.09882672]
[5.56681983],[1.67290506],[6.66734217]
[5.82938612],[1.74363155],[7.24988915]
[6.1991464],[1.79915784],[7.90338171]
[6.44100812],[1.86237599],[8.63682465]
[6.74439863],[1.90720093],[9.24678379]
[7.02723143],[1.93919637],[10.08044949]
[7.28266578],[2.00129755],[10.72928983]
[7.55882465],[2.08868167],[11.52929234]
[7.88001358],[2.16304427],[12.41529179]
[8.08896872],[2.23610077],[13.23315285]
[8.38794234],[2.3009825],[14.09387994]
[8.66027671],[2.34415863],[14.91809375]
[8.94316646],[2.37151992],[15.75409578]
[9.19479035],[2.40038123],[16.70770515]
[9.50467411],[2.41994441],[17.63260991]
[9.67888151],[2.44405022],[18.52766856]
[9.918849],[2.46674396],[19.54345105]
[10.09032109],[2.51538317],[20.43247939]
[10.25017326],[2.55187908],[21.30385663]
[10.38274536],[2.60353422],[22.11145416]
[10.47953336],[2.64447829],[22.69729588]
[10.61793973],[2.68779943],[23.36448661]
[10.69046296],[2.70289266],[23.80187629]
[10.77554819],[2.74652274],[24.27130737]
[10.91096525],[2.76877296],[24.62572771]
[10.97965239],[2.80271425],[24.90514366]
[11.18934469],[2.82008321],[25.17057054]
[11.29985889],[2.82220067],[25.37521054]
[11.46033554],[2.8006622],[25.57762702]
[11.66022318],[2.75980664],[25.76179027]
[11.79154034],[2.72584673],[25.84887668]
[11.86530272],[2.69767595],[25.92698304]
[11.85595287],[2.66365942],[25.84445302]
[11.89383403],[2.62756952],[25.63998333]
[11.88837409],[2.58773007],[25.19480787]
[11.90396718],[2.54717879],[24.76292511]
[11.91224579],[2.50692366],[24.15117181]
[11.9058026],[2.46978947],[23.53425842]
[11.9088955],[2.43161634],[22.80620449]
[11.9119874],[2.39177936],[21.97859721]
[11.66317936],[2.3392199],[21.07030296]
[11.30305378],[2.29125022],[20.25344721]
[10.92939228],[2.24378443],[19.46961054]
[10.68545991],[2.15751853],[18.64549209]
[10.19889971],[2.10874099],[17.59389279]
[9.29935232],[2.0563912],[15.7115327]
[0.],[0.],[0.]
[0.],[0.],[0.]
[2.45872336],[1.01994197],[1.67738935]
[3.29131648],[1.2317138],[2.8826293]
[4.12540147],[1.32967006],[3.6075523]
[4.50297198],[1.36755286],[4.44761504]
[4.83459713],[1.45782017],[5.22817523]
[5.21925702],[1.58282856],[5.88467092]
[5.49355376],[1.69789012],[6.61011075]
[5.67107028],[1.77321815],[7.12154641]
[6.02152536],[1.85592474],[7.81817583]
[6.41700106],[1.91611914],[8.53383585]
[6.66313778],[1.96742346],[9.28686153]
[6.98103131],[1.99745437],[10.0676991]
[7.29027878],[2.03898291],[10.95328935]
[7.54623953],[2.1172361],[11.69555197]
[7.7962045],[2.19761488],[12.61225706]
[8.1350433],[2.27725512],[13.42482766]
[8.35866961],[2.3508792],[14.32143212]
[8.62887907],[2.39457665],[15.15186593]
[8.91233892],[2.42846976],[16.01995297]
[9.21270851],[2.45335063],[17.03733132]
[9.44354372],[2.48446389],[18.02996907]
[9.74720425],[2.50497843],[18.98112963]
[9.96475009],[2.55602693],[20.08409409]
[10.20270847],[2.60021553],[21.1310294]
[10.38982797],[2.67089484],[22.18688157]
[10.57508485],[2.69646996],[23.09582904]
[10.71657723],[2.78172789],[24.07094744]
[10.87009402],[2.78803397],[24.65992255]
[11.09075275],[2.8507068],[25.40693319]
[11.1357791],[2.85892738],[25.8471357]
[11.23986001],[2.89539945],[26.43509513]
[11.41190403],[2.90768094],[26.91238553]
[11.57730454],[2.93045369],[27.33152625]
[11.73116634],[2.93968397],[27.64407069]
[11.92526426],[2.941015],[27.92186826]
[12.08228052],[2.92397889],[28.08904549]
[12.25546295],[2.88585643],[28.34105762]
[12.46016133],[2.84686894],[28.4894463]
[12.51623005],[2.80899193],[28.57825016]
[12.57099569],[2.77666333],[28.64356377]
[12.55671206],[2.74434979],[28.47282445]
[12.59017933],[2.70853674],[28.11463962]
[12.568615],[2.67298462],[27.54150922]
[12.60877512],[2.63273774],[27.02572935]
[12.59060796],[2.59445574],[26.31163475]
[12.56953377],[2.56011233],[25.65292672]
[12.55855058],[2.52479916],[24.86930655]
[12.55904223],[2.48576426],[23.89872319]
[12.24621011],[2.4492765],[22.82074963]
[11.87347245],[2.41194311],[21.81996093]
[11.43491423],[2.32549914],[20.8131865]
[10.74545863],[2.23548467],[19.62664819]
[9.72363111],[2.15330009],[17.59979103]
[0.],[0.],[0.]
[0.45470775],[0.07040736],[0.01455974]
[2.4893582],[0.96645025],[1.68351203]
[3.32690573],[1.17070386],[2.87100886]
[4.17758315],[1.27430092],[3.69941052]
[4.65953584],[1.34080269],[4.58654102]
[4.93353215],[1.48902349],[5.412577]
[5.37201234],[1.60591184],[6.1642103]
[5.64976299],[1.70253373],[6.91101531]
[5.81523612],[1.78091908],[7.42302935]
[6.21916403],[1.86113306],[8.18499992]
[6.60672042],[1.90928521],[8.91456189]
[6.90979195],[1.94296461],[9.77611645]
[7.24108765],[2.01267502],[10.6762592]
[7.53468449],[2.11168398],[11.60131747]
[7.81576026],[2.18085562],[12.51482364]
[8.04756912],[2.26615036],[13.37514035]
[8.38244704],[2.33245013],[14.28900061]
[8.63804077],[2.38653863],[15.1871332]
[8.87982809],[2.4265434],[16.01637439]
[9.16518097],[2.45725691],[17.05182497]
[9.48530281],[2.5150152],[18.15748253]
[9.71215085],[2.58589048],[19.23702251]
[9.99394562],[2.64226293],[20.40372292]
[10.26020683],[2.72449591],[21.57912134]
[10.4959047],[2.75709826],[22.68714084]
[10.68273898],[2.83143329],[23.7877459]
[10.93940677],[2.85117321],[24.78670149]
[11.09642757],[2.9057373],[25.81671636]
[11.35016713],[2.91839542],[26.5653314]
[11.56773731],[2.95870826],[27.46383387]
[11.69854137],[2.98883668],[28.07430383]
[11.87510866],[3.01330454],[28.72205648]
[12.01329096],[3.03181255],[29.22031675]
[12.19473311],[3.05317991],[29.71927702]
[12.4043205],[3.06332153],[30.10460704]
[12.52773605],[3.05710477],[30.43138908]
[12.73802939],[3.03406635],[30.77913799]
[12.91365914],[3.0025999],[31.05396147]
[13.05954255],[2.97344523],[31.30984699]
[13.24930079],[2.94288814],[31.46448162]
[13.21999915],[2.91117125],[31.55276517]
[13.33940644],[2.8660862],[31.6224568]
[13.28569807],[2.82178603],[31.30004791]
[13.31719137],[2.77995533],[30.79971382]
[13.27616268],[2.74073367],[30.04642393]
[13.30393719],[2.70446749],[29.38694844]
[13.248489],[2.67156518],[28.46125915]
[13.23097055],[2.64069358],[27.57044655]
[13.21540978],[2.60582857],[26.63173167]
[13.20110411],[2.57376927],[25.55578796]
[12.82870919],[2.53860959],[24.44184418]
[12.43785785],[2.48246035],[23.31685895]
[11.66952796],[2.41012737],[21.85967634]
[10.6065474],[2.31691143],[19.53095246]
[1.82070592],[0.82458408],[0.28983442]
[0.62953881],[0.12982721],[0.03888235]
[2.48862662],[1.05166704],[1.8255105]
[3.31696286],[1.2527998],[3.03853853]
[4.15976716],[1.32967944],[3.94247843]
[4.72907965],[1.39681044],[4.86494104]
[4.97169336],[1.57438552],[5.77044181]
[5.49402465],[1.6850243],[6.59739735]
[5.71165915],[1.79242095],[7.29534507]
[5.98077552],[1.87049178],[7.90218768]
[6.39346013],[1.94059728],[8.7063098]
[6.74896627],[1.97722135],[9.45761426]
[7.0856728],[2.03143352],[10.50489811]
[7.39806524],[2.11497845],[11.39371911]
[7.70025861],[2.21032022],[12.5235172]
[8.01416924],[2.29086285],[13.39908029]
[8.22252744],[2.35740825],[14.29173041]
[8.55341392],[2.40774535],[15.26157705]
[8.8243063],[2.45482887],[16.17406741]
[9.08720533],[2.4888334],[17.14438331]
[9.33078206],[2.53878799],[18.2369345]
[9.66604578],[2.60412684],[19.32819675]
[9.89937842],[2.73330813],[20.64665008]
[10.17196413],[2.76809539],[21.80592812]
[10.46506878],[2.84967898],[23.04130736]
[10.75657203],[2.88048344],[24.23801038]
[10.92966413],[2.93810938],[25.41618461]
[11.24070174],[2.9696748],[26.49709529]
[11.51409364],[3.02173889],[27.69234717]
[11.82524202],[3.05771122],[28.73341583]
[12.18292092],[3.09976571],[29.79709427]
[12.3320702],[3.13505553],[30.44784216]
[12.54062851],[3.15601419],[31.20416425]
[12.71687144],[3.172319],[31.95814059]
[12.82123015],[3.19135753],[32.56709052]
[13.01972986],[3.2069278],[33.15638508]
[13.13599381],[3.19930457],[33.52030506]
[13.26952952],[3.19266083],[33.85505694]
[13.48674949],[3.16844867],[34.31023736]
[13.63901588],[3.16128617],[34.58728883]
[13.77719347],[3.14794932],[34.88305541]
[13.90274383],[3.11327073],[34.99802602]
[13.96981665],[3.07374085],[35.08293541]
[14.06393063],[3.00621157],[35.05355424]
[14.00162686],[2.93841616],[34.63717709]
[14.05675904],[2.87896745],[33.99872516]
[13.9829481],[2.83143193],[32.87584405]
[14.0058637],[2.78991929],[31.98755189]
[13.93936449],[2.75005475],[30.98701125]
[13.92829215],[2.71256773],[29.83859576]
[13.87960222],[2.68268575],[28.73265773]
[13.78586094],[2.64938629],[27.4219933]
[13.40146417],[2.60376128],[26.14812745]
[12.62488149],[2.54062614],[24.6076504]
[11.50687437],[2.47217424],[22.18844531]
[4.72325735],[1.06510273],[3.32216671]
[1.59887435],[0.20927079],[0.20468972]
[2.52473289],[1.17264462],[2.03067256]
[3.35398368],[1.33917614],[3.23157253]
[4.20165525],[1.3994429],[4.29270797]
[4.84252997],[1.47709288],[5.25806987]
[5.14677233],[1.70087522],[6.29317167]
[5.63868674],[1.80481807],[7.11655085]
[5.86771262],[1.90837846],[7.80010451]
[6.22451849],[1.98060196],[8.49636138]
[6.5531333],[2.03872653],[9.3182541]
[6.96751015],[2.067193],[10.24653299]
[7.33779089],[2.14617146],[11.42177192]
[7.65858689],[2.23313921],[12.38446172]
[7.96670505],[2.32923068],[13.52583943]
[8.25756644],[2.38687339],[14.42166697]
[8.49969842],[2.43743614],[15.42069793]
[8.81004698],[2.48602426],[16.38330179]
[9.0736268],[2.51680364],[17.35792154]
[9.35043419],[2.56017947],[18.43670471]
[9.57632441],[2.67885457],[19.58689694]
[9.91625577],[2.77608788],[20.96336532]
[10.17864683],[2.86467566],[22.29535468]
[10.44401371],[2.89995529],[23.44032492]
[10.73602307],[2.95883385],[24.73371819]
[11.11399503],[3.01219003],[26.07739063]
[11.31666745],[3.06686204],[27.3091973]
[11.65164477],[3.10927923],[28.49929342]
[12.03246979],[3.15842946],[29.9227604]
[12.37009511],[3.19809224],[31.0091036]
[12.6887282],[3.24430309],[32.3416774]
[13.05270114],[3.27844761],[33.28289326]
[13.22796567],[3.29687755],[34.16041867]
[13.41090192],[3.31161395],[35.002635]
[13.58516609],[3.33418515],[35.85788146]
[13.70399052],[3.35350155],[36.58214328]
[13.85960556],[3.37337498],[37.20023673]
[13.9894774],[3.37904001],[37.61654347]
[14.15174025],[3.34971135],[38.05675591]
[14.32092775],[3.35686939],[38.47119243]
[14.42863356],[3.34927407],[38.73163933]
[14.56612204],[3.32024639],[39.03818695]
[14.77424924],[3.28446742],[39.23907119]
[14.91941161],[3.23088441],[39.24496275]
[14.96485441],[3.16278199],[39.09054684]
[14.94383905],[3.07145358],[38.64847019]
[14.96485404],[2.99506281],[37.85809841]
[14.9171698],[2.92901158],[36.70524064]
[14.92645421],[2.87907375],[35.46384962]
[14.91105079],[2.83364244],[34.13924086]
[14.87796971],[2.79356876],[32.59891748]
[14.88096248],[2.74910563],[31.15723107]
[14.40017776],[2.70753317],[29.46073664]
[13.60709112],[2.65127346],[27.5678223]
[12.4532446],[2.59096086],[24.94015232]
[5.98143099],[1.30050426],[5.62288974]
[1.63709132],[0.62474905],[0.61729022]
[2.56125489],[1.31331409],[2.2608704]
[3.39620394],[1.44008238],[3.43784763]
[4.25013137],[1.47929464],[4.63967656]
[4.94733937],[1.62363851],[5.68570631]
[5.38878864],[1.82830367],[6.81207424]
[5.76407998],[1.92195902],[7.61835451]
[6.0856298],[2.01893956],[8.41754247]
[6.50380946],[2.08180082],[9.14725784]
[6.78957959],[2.13768931],[10.0391733]
[7.24220434],[2.19331841],[11.24796075]
[7.56088181],[2.29236689],[12.30855053]
[7.93097907],[2.3690815],[13.41578706]
[8.20285358],[2.42978471],[14.50307751]
[8.50959441],[2.47343938],[15.53848916]
[8.76773047],[2.51505087],[16.55755066]
[9.06386123],[2.56505586],[17.67480683]
[9.32760359],[2.61683783],[18.84296976]
[9.64036488],[2.70337835],[19.94395345]
[9.85051782],[2.84419741],[21.30364231]
[10.17444276],[2.92104984],[22.68483283]
[10.45961797],[2.99185692],[24.0216969]
[10.75228867],[3.04799566],[25.24251786]
[11.02267847],[3.10214646],[26.61862729]
[11.43830608],[3.15004775],[27.97556388]
[11.79575788],[3.20103869],[29.33526612]
[12.14734284],[3.24506434],[30.59343602]
[12.49859238],[3.3001643],[32.19125974]
[12.88621325],[3.34577626],[33.49461804]
[13.28622269],[3.40792344],[35.15522321]
[13.52000628],[3.44890559],[36.26235087]
[13.898515],[3.47434638],[37.51089846]
[14.07156714],[3.49638628],[38.48976971]
[14.24742089],[3.51711106],[39.42066438]
[14.42946878],[3.53915753],[40.33636621]
[14.53459528],[3.55708287],[40.99735163]
[14.71772763],[3.55696848],[41.7303445]
[14.88553683],[3.5400974],[42.27131401]
[15.04548642],[3.54160334],[42.68201422]
[15.22788919],[3.52766759],[42.91781126]
[15.43323696],[3.49761509],[43.27217736]
[15.66983826],[3.46190735],[43.75994478]
[15.89636408],[3.41689662],[44.00985396]
[16.04693526],[3.3614735],[44.04703719]
[16.09372984],[3.29616796],[43.91271303]
[16.08200946],[3.22754751],[43.21432624]
[16.04562251],[3.15069278],[42.15797973]
[16.04437553],[3.06296876],[40.85124047]
[16.0348449],[2.98352424],[39.47097809]
[16.02551709],[2.9248192],[37.88110659]
[15.97650998],[2.8781267],[36.30332184]
[15.95645649],[2.82181893],[34.54331985]
[15.19383514],[2.7543859],[31.75730264]
[13.55803734],[2.6987064],[28.31174636]
[8.37610952],[1.57337169],[10.14369921]
[3.94457597],[0.68052498],[2.1067222]
[2.60114586],[1.208366],[2.20899755]
[3.4451764],[1.34153138],[3.38252779]
[4.3026927],[1.4225696],[4.74727603]
[5.03588889],[1.62894649],[5.86739475]
[5.57891339],[1.81289524],[7.03610531]
[5.88196427],[1.90021478],[7.87613908]
[6.34344802],[1.99804511],[8.75100129]
[6.69758282],[2.05654656],[9.48601467]
[7.03080589],[2.12697004],[10.64566114]
[7.43211038],[2.26235256],[11.83192638]
[7.78101591],[2.34667949],[13.01433138]
[8.19684223],[2.3978965],[14.08632512]
[8.47657959],[2.4548308],[15.36731017]
[8.78904078],[2.49689563],[16.4408978]
[9.04432672],[2.55480239],[17.59391462]
[9.35735502],[2.62107291],[18.88621357]
[9.6063819],[2.77825225],[20.1784302]
[9.90675407],[2.85815183],[21.42359579]
[10.14194669],[2.94511551],[22.83560668]
[10.44681992],[3.00303789],[24.18506086]
[10.74191826],[3.0878806],[25.60254851]
[11.07756128],[3.15830435],[26.91763439]
[11.35409434],[3.20773278],[28.33962356]
[11.79072575],[3.25428113],[29.66850655]
[12.21358904],[3.30462354],[31.2864051]
[12.69715373],[3.35129781],[32.59215827]
[13.02054417],[3.41736884],[34.42066683]
[13.35840098],[3.4687255],[35.93239998]
[13.81198305],[3.51739541],[37.8273677]
[14.12571047],[3.55437104],[39.17160661]
[14.39657331],[3.5900755],[40.4671476]
[14.72949108],[3.62518387],[41.74342932]
[14.90561788],[3.66270125],[42.7782884]
[15.0743725],[3.69922774],[43.87779495]
[15.24972917],[3.72025304],[44.74205939]
[15.38044984],[3.7210369],[45.39497734]
[15.65333608],[3.71292974],[46.31087862]
[15.92918935],[3.7190009],[46.99636175]
[16.14067192],[3.70601863],[47.55579402]
[16.39770004],[3.68528353],[48.12971554]
[16.6836336],[3.65547972],[48.54866318]
[16.81763574],[3.61485769],[48.7693296]
[16.9878499],[3.55821293],[48.93146052]
[17.09818794],[3.48940065],[48.8105129]
[17.02844411],[3.41175158],[48.45392474]
[16.99051721],[3.3419918],[47.71926558]
[16.92949995],[3.27430563],[46.30720355]
[16.93874361],[3.20149691],[44.69051543]
[16.86379321],[3.12313987],[43.14616487]
[16.84403381],[3.04423664],[41.47889605]
[16.75802391],[2.96579243],[39.57861308]
[16.2420098],[2.89955296],[37.07280213]
[15.2998665],[2.80278643],[33.54259666]
[10.93913305],[1.80366464],[15.10060711]
[5.33551765],[1.18681143],[7.43566801]
[2.9966253],[0.64749443],[2.16988996]
[3.41337759],[0.7304748],[2.18952854]
[4.27237005],[1.04930209],[3.40876095]
[5.02447721],[1.21965578],[4.4665634]
[5.59945963],[1.31695642],[5.53704585]
[5.90365603],[1.38731547],[6.30677142]
[6.40476888],[1.47560886],[7.15496333]
[6.72655125],[1.60367088],[7.87004805]
[7.11274785],[1.74032193],[9.13034537]
[7.45354246],[1.87464735],[10.23223091]
[7.84323125],[1.98150039],[11.46793343]
[8.22488996],[2.05084805],[12.42463866]
[8.53472058],[2.16665697],[13.85774508]
[8.84351613],[2.23507385],[14.92926947]
[9.10079193],[2.349442],[16.28214523]
[9.41907757],[2.44553405],[17.58616559]
[9.66166446],[2.56161089],[18.95329953]
[9.97094104],[2.6266243],[20.25598025]
[10.22977109],[2.72152871],[21.68618726]
[10.53104565],[2.81701849],[22.95682213]
[10.83815646],[2.91660786],[24.53601913]
[11.20241757],[2.98785104],[25.80183386]
[11.5205774],[3.07794793],[27.31263184]
[11.96220861],[3.13419394],[28.77725196]
[12.40298676],[3.19435158],[30.51379267]
[12.88102765],[3.2428776],[31.94909562]
[13.30696033],[3.30121678],[33.86092071]
[13.64006186],[3.35218843],[35.44793138]
[14.06511485],[3.41286386],[37.48705918]
[14.40652725],[3.46942136],[39.12691436]
[14.80816108],[3.52252334],[40.64069909]
[15.19524727],[3.5717198],[42.04369802]
[15.51345968],[3.62252899],[43.32680903]
[15.74578029],[3.67117901],[44.48125604]
[15.97547655],[3.70362917],[45.69935791]
[16.26101092],[3.73765777],[46.80716682]
[16.51646249],[3.76799527],[47.83597911]
[16.75299041],[3.80229676],[48.72564993]
[17.00964241],[3.83522628],[49.45295764]
[17.23226008],[3.83093258],[49.9653889]
[17.41971767],[3.79977337],[50.48057714]
[17.61269281],[3.75236925],[50.82322659]
[17.73304147],[3.70405284],[50.92988675]
[17.84525398],[3.64376398],[50.94023118]
[17.83616797],[3.55392589],[50.64131857]
[17.75573925],[3.45725355],[50.14074371]
[17.71381406],[3.37906426],[49.27453355]
[17.66027563],[3.29800371],[47.95124205]
[17.61944422],[3.22968676],[46.2092]
[17.56187401],[3.16922436],[44.4845013]
[17.51614843],[3.09826205],[42.46911288]
[16.91721719],[3.02406241],[40.01076379]
[16.16164501],[2.919737],[36.79342143]
