meltWidth,meltDepth,meltArea
[1.3671668],[0.2688931],[0.20824142]
[1.64535795],[0.35892002],[0.36694456]
[1.72752845],[0.38262057],[0.43591255]
[1.82035986],[0.4162022],[0.50837172]
[1.87217942],[0.434864],[0.55491556]
[1.9367175],[0.454227],[0.59703264]
[1.96253479],[0.46868614],[0.62716118]
[2.03911718],[0.46759184],[0.6560969]
[2.04948204],[0.47312544],[0.66988286]
[2.08588502],[0.45714612],[0.66617807]
[2.05477165],[0.45095738],[0.65443417]
[2.08560646],[0.44166518],[0.6514838]
[2.06359583],[0.43767924],[0.64152107]
[2.09996166],[0.45352786],[0.66281128]
[2.08929006],[0.45655073],[0.66997474]
[2.16030354],[0.46848413],[0.69202821]
[2.10699929],[0.46813578],[0.6829763]
[2.17549236],[0.47125644],[0.69893249]
[2.12800619],[0.47228762],[0.69060395]
[2.17617983],[0.47431906],[0.69849867]
[2.13372589],[0.47539857],[0.69093332]
[2.17766748],[0.47400014],[0.69858809]
[2.14747578],[0.472115],[0.69195193]
[2.18557594],[0.47566208],[0.69995144]
[2.15436772],[0.46083355],[0.68289577]
[2.19839849],[0.47523591],[0.70306033]
[2.16742332],[0.45406316],[0.67947201]
[2.20975733],[0.47533005],[0.70354279]
[2.18188695],[0.45901086],[0.68697771]
[2.21671195],[0.47746704],[0.70532884]
[2.20550376],[0.47194291],[0.71035415]
[2.21634472],[0.47352977],[0.70331899]
[2.1995966],[0.47522541],[0.70176294]
[2.19501613],[0.47554125],[0.69871235]
[2.19437101],[0.47790239],[0.70026584]
[2.19481075],[0.47953038],[0.70271574]
[2.19267803],[0.4816965],[0.70242161]
[2.19181394],[0.48545143],[0.70537634]
[2.19211496],[0.48845796],[0.70953859]
[2.19517438],[0.48958461],[0.71298046]
[2.19117413],[0.48721878],[0.70942755]
[2.18551622],[0.48122134],[0.70238033]
[2.18005434],[0.47588473],[0.69702839]
[2.17192132],[0.46966387],[0.68714377]
[2.16569315],[0.46212279],[0.6786389]
[2.16329779],[0.45623911],[0.67602614]
[2.16179046],[0.45095721],[0.67323235]
[2.1560051],[0.44582861],[0.66870164]
[2.15612987],[0.44260745],[0.66784855]
[2.15808599],[0.44871287],[0.67547092]
[2.15767464],[0.4579242],[0.67953366]
[2.1577346],[0.46445656],[0.68574824]
[2.02785005],[0.4622767],[0.66615869]
[0.],[0.],[0.]
[0.],[0.],[0.]
[1.52848258],[0.21348501],[0.23655761]
[1.90149268],[0.47111583],[0.60621457]
[1.95544391],[0.56793078],[0.75982217]
[2.06953043],[0.60798343],[0.87360991]
[2.13777423],[0.63098234],[0.96321589]
[2.22735213],[0.66556692],[1.04064667]
[2.25302201],[0.68647474],[1.09391253]
[2.34138124],[0.69263269],[1.13637636]
[2.33573777],[0.70667139],[1.16172727]
[2.3749907],[0.71153511],[1.1963387]
[2.36187613],[0.71458543],[1.21276659]
[2.3984838],[0.72081995],[1.24480276]
[2.38067823],[0.72773235],[1.25698131]
[2.41720656],[0.74198996],[1.29117552]
[2.39934298],[0.75347868],[1.30730687]
[2.43459755],[0.77183012],[1.34014424]
[2.41544367],[0.78427157],[1.35103106]
[2.47845019],[0.78765409],[1.37575249]
[2.42883715],[0.79522584],[1.37090806]
[2.50935034],[0.79716842],[1.3953816]
[2.43092118],[0.80603529],[1.38507133]
[2.52737205],[0.80440891],[1.41299913]
[2.43691559],[0.81516461],[1.40052977]
[2.54554152],[0.81156296],[1.42917734]
[2.44489597],[0.82309387],[1.41062952]
[2.56413473],[0.81611065],[1.44439791]
[2.46647238],[0.82771524],[1.42183497]
[2.58331158],[0.81750631],[1.45180557]
[2.48803248],[0.83071446],[1.42882898]
[2.59476289],[0.81681081],[1.45098785]
[2.55017672],[0.82413147],[1.44199417]
[2.5900998],[0.82316255],[1.45199401]
[2.54990533],[0.82202965],[1.43329317]
[2.53045046],[0.82182247],[1.42581361]
[2.52666301],[0.81964791],[1.42172876]
[2.52242524],[0.81851334],[1.41969009]
[2.51646386],[0.81775979],[1.41446802]
[2.51326141],[0.81586675],[1.41025295]
[2.5082656],[0.81356966],[1.40568941]
[2.5097898],[0.80714236],[1.3959161]
[2.49417374],[0.79804291],[1.37702847]
[2.48100965],[0.78761122],[1.35968504]
[2.46880782],[0.77806061],[1.34351607]
[2.45251269],[0.76840667],[1.32218715]
[2.43272378],[0.7575161],[1.30158269]
[2.41330719],[0.74767372],[1.28393788]
[2.40436024],[0.73810514],[1.27041385]
[2.40005402],[0.72963718],[1.25941958]
[2.40013928],[0.72155116],[1.25179756]
[2.39611842],[0.71907986],[1.2620048]
[2.39510355],[0.72314895],[1.26618407]
[2.39501841],[0.73620159],[1.27623764]
[2.23926694],[0.74235133],[1.24821247]
[0.],[0.],[0.]
[0.],[0.],[0.]
[1.54218697],[0.27377363],[0.32401851]
[1.96031425],[0.48446642],[0.65818595]
[2.01329717],[0.59556397],[0.81941307]
[2.15288266],[0.66813453],[0.97012201]
[2.25314416],[0.70826831],[1.09078366]
[2.35473622],[0.72267633],[1.1809866]
[2.38495305],[0.74333701],[1.2454077]
[2.46586755],[0.74932166],[1.30077454]
[2.42552858],[0.78334856],[1.34539316]
[2.53507386],[0.78339542],[1.39492743]
[2.47786654],[0.81372132],[1.41912976]
[2.60216374],[0.81113089],[1.47541601]
[2.55658104],[0.83927208],[1.50413029]
[2.68180782],[0.83754813],[1.56165571]
[2.63270582],[0.86199123],[1.57356803]
[2.75174407],[0.86097901],[1.63316746]
[2.71845388],[0.88329362],[1.63816091]
[2.82857707],[0.87411224],[1.69617761]
[2.81030958],[0.89200683],[1.69822138]
[2.89604493],[0.88268834],[1.73765708]
[2.85199759],[0.90019823],[1.72955333]
[2.9284046],[0.89069794],[1.77349542]
[2.89295915],[0.90798093],[1.76911305]
[2.959882],[0.89775965],[1.80499218]
[2.92270774],[0.91438523],[1.7928055]
[2.9838233],[0.90387082],[1.82672489]
[2.93951192],[0.92000169],[1.80467882]
[3.00864536],[0.9051567],[1.83326482]
[2.95736294],[0.91737079],[1.80080669]
[2.99872853],[0.90277667],[1.81884404]
[3.00543839],[0.90667418],[1.81291308]
[2.9936795],[0.90517101],[1.81070583]
[2.99913116],[0.90375761],[1.79307735]
[2.95706895],[0.90279112],[1.77670388]
[2.95200361],[0.90082254],[1.76923646]
[2.94695034],[0.89948242],[1.76389145]
[2.93647398],[0.89850598],[1.75413317]
[2.93575904],[0.89653409],[1.74637734]
[2.92860232],[0.89264194],[1.7352732]
[2.9247562],[0.88465442],[1.71926673]
[2.91053446],[0.87651116],[1.69427934]
[2.90384699],[0.86742271],[1.67370563]
[2.89260676],[0.85951463],[1.65030945]
[2.87301275],[0.85234955],[1.62177548]
[2.86308925],[0.84315511],[1.59692391]
[2.84825671],[0.83508104],[1.57468725]
[2.83872936],[0.82699538],[1.55411573]
[2.81518832],[0.81977582],[1.5243851]
[2.79270502],[0.81059383],[1.50166649]
[2.76839907],[0.8047368],[1.48076205]
[2.73989529],[0.7997009],[1.45968169]
[2.73342854],[0.79449067],[1.44689285]
[2.56972965],[0.79348908],[1.42402314]
[0.],[0.],[0.]
[0.],[0.],[0.]
[1.54002692],[0.28180978],[0.33372907]
[1.98237548],[0.51445538],[0.6923405]
[2.06383205],[0.64805318],[0.90287939]
[2.23564547],[0.70808601],[1.08638407]
[2.34460248],[0.76579326],[1.24705077]
[2.43045165],[0.79564747],[1.3529843]
[2.50414422],[0.82740887],[1.43274208]
[2.62433469],[0.83521513],[1.501541]
[2.59354896],[0.86187102],[1.54328881]
[2.70710027],[0.86273961],[1.61025873]
[2.6821544],[0.88743057],[1.6391475]
[2.794142],[0.88491469],[1.71318737]
[2.78405407],[0.90991675],[1.74132506]
[2.89505768],[0.90715653],[1.81527592]
[2.89597364],[0.92906475],[1.83996488]
[2.99349492],[0.92925554],[1.91254814]
[3.01165692],[0.9462565],[1.92379657]
[3.10014997],[0.94141568],[1.98650238]
[3.13863014],[0.95496734],[1.99824163]
[3.19690588],[0.95037282],[2.03965693]
[3.20955736],[0.96307039],[2.03932504]
[3.24336428],[0.95720697],[2.0813257]
[3.25614284],[0.96911528],[2.08124562]
[3.26095769],[0.96325769],[2.11213935]
[3.25332263],[0.97400817],[2.09788389]
[3.25913235],[0.9676079],[2.12987568]
[3.24111384],[0.97707981],[2.10843278]
[3.25242973],[0.96886595],[2.13537994]
[3.23279165],[0.97539586],[2.10071981]
[3.22800737],[0.96676047],[2.11628577]
[3.27196988],[0.96962868],[2.1146837]
[3.22331233],[0.96838271],[2.10361828]
[3.26160222],[0.96713237],[2.09111124]
[3.20575208],[0.96613841],[2.06890649]
[3.20085388],[0.96426802],[2.06062369]
[3.19599515],[0.9627956],[2.05343525]
[3.18367936],[0.96153359],[2.04192351]
[3.1857371],[0.95968244],[2.03402498]
[3.17855628],[0.9561813],[2.02102993]
[3.17098654],[0.95104356],[2.00530383]
[3.16010309],[0.94501583],[1.98003977]
[3.15125278],[0.93708507],[1.95562508]
[3.13805803],[0.92977212],[1.92815987]
[3.11337761],[0.92247318],[1.89478806]
[3.09883147],[0.91336193],[1.86456339]
[3.07193759],[0.90527271],[1.83424662]
[3.04590798],[0.89716997],[1.80395095]
[3.01463423],[0.88945423],[1.76924154]
[2.98669112],[0.87980336],[1.73650046]
[2.95886119],[0.87209595],[1.70572034]
[2.9271996],[0.86591646],[1.67278164]
[2.90643655],[0.85998046],[1.64159066]
[2.67505883],[0.85498216],[1.55465853]
[0.02296739],[0.03915932],[0.00013877]
[0.],[0.],[0.]
[1.52340598],[0.24741524],[0.29470531]
[2.02200976],[0.54712756],[0.74771452]
[2.13351189],[0.70152142],[1.02135085]
[2.30464178],[0.78137925],[1.23139387]
[2.40093125],[0.84964521],[1.41113127]
[2.52622954],[0.8688099],[1.52121001]
[2.6564403],[0.90069449],[1.62102063]
[2.79474879],[0.90689273],[1.70870635]
[2.7956976],[0.93131252],[1.76617419]
[2.88283278],[0.93394485],[1.8511671]
[2.89540608],[0.95373698],[1.88808072]
[2.98950398],[0.95460542],[1.9776105]
[3.0151229],[0.97205398],[2.01084573]
[3.11062272],[0.97273401],[2.09076056]
[3.1521034],[0.97873488],[2.11452267]
[3.2198461],[0.9767633],[2.17063488]
[3.29388385],[0.98386888],[2.19532986]
[3.36658576],[0.98285956],[2.26197688]
[3.40866855],[0.98979377],[2.28721894]
[3.43533431],[0.98843702],[2.3250112]
[3.42807107],[0.99524418],[2.32989417]
[3.44074912],[0.99216475],[2.36971277]
[3.42801169],[0.9985043],[2.36477713]
[3.43869466],[0.99546257],[2.39623019]
[3.4266617],[1.00194155],[2.37471778]
[3.43748182],[0.99858401],[2.4092007]
[3.4165913],[1.00507823],[2.37919791]
[3.43078679],[0.99927684],[2.41002123]
[3.41112738],[1.00319977],[2.37073408]
[3.40346035],[0.99695385],[2.38200402]
[3.44436016],[0.99811711],[2.38840789]
[3.39805912],[0.99691363],[2.3639871]
[3.43504054],[0.99570823],[2.36166197]
[3.38487697],[0.99460097],[2.32328541]
[3.3765055],[0.99321246],[2.31269727]
[3.37132373],[0.99199785],[2.30384622]
[3.35741244],[0.99087403],[2.28740031]
[3.36030501],[0.98947852],[2.27855319]
[3.35512928],[0.98664826],[2.26601746]
[3.34795098],[0.98338581],[2.25163242]
[3.33873644],[0.98151836],[2.22465125]
[3.33183843],[0.97911938],[2.20224631]
[3.32446032],[0.97697894],[2.18085445]
[3.29560653],[0.9749364],[2.1464507]
[3.2776701],[0.97193685],[2.11707235]
[3.25189082],[0.96671563],[2.08560237]
[3.22630489],[0.96137056],[2.05436638]
[3.19680763],[0.95503688],[2.01405781]
[3.16965279],[0.94724073],[1.98097]
[3.14227804],[0.94007921],[1.95056627]
[3.10620298],[0.93337244],[1.91437433]
[3.08576906],[0.92483724],[1.88247396]
[2.8127434],[0.91789409],[1.76393704]
[0.28508395],[0.27217735],[0.03449595]
[0.],[0.],[0.]
[1.54716144],[0.3020617],[0.362945]
[2.06777604],[0.58041231],[0.82585807]
[2.20138927],[0.77149457],[1.16038161]
[2.36508732],[0.84377904],[1.38299492]
[2.45886048],[0.9043891],[1.56489541]
[2.6389303],[0.92219678],[1.6970972]
[2.79488611],[0.95373128],[1.82294784]
[2.92921745],[0.96500629],[1.94075563]
[2.9609342],[0.98542302],[2.01649856]
[3.05380786],[0.98602868],[2.11883697]
[3.09429581],[0.99213571],[2.15197422]
[3.17577959],[0.99091822],[2.23188958]
[3.22928283],[0.99664336],[2.26726892]
[3.30862365],[0.99521414],[2.32817067]
[3.38843198],[1.00153802],[2.37438393]
[3.45286225],[1.00164511],[2.4362974]
[3.48387929],[1.00931201],[2.4674675]
[3.54740107],[1.00900346],[2.53008549]
[3.55052346],[1.01561843],[2.54275563]
[3.5883541],[1.01462976],[2.63363604]
[3.56050426],[1.02943036],[2.59617883]
[3.58759693],[1.03761084],[2.71104632]
[3.55765062],[1.04516388],[2.63067391]
[3.58218731],[1.05029393],[2.74737714]
[3.55449933],[1.05806637],[2.64435191]
[3.58089474],[1.06626467],[2.77484891]
[3.54261817],[1.07194735],[2.65425672]
[3.5737758],[1.07672295],[2.79458164]
[3.53960658],[1.07359038],[2.65498488]
[3.54818869],[1.06746261],[2.76945327]
[3.57819473],[1.0680381],[2.72562828]
[3.54359763],[1.05913616],[2.74584209]
[3.56921527],[1.05424064],[2.70779548]
[3.52626458],[1.04753927],[2.65492794]
[3.50877442],[1.04256207],[2.64042924]
[3.50166313],[1.038939],[2.62499861]
[3.4848365],[1.03209444],[2.60200425]
[3.48608839],[1.02701246],[2.5883595]
[3.48065921],[1.02328907],[2.56977075]
[3.47444754],[1.01608851],[2.56333499]
[3.46743675],[1.00526103],[2.50891058]
[3.46264861],[1.0026599],[2.44896714]
[3.45093071],[1.00036627],[2.40657809]
[3.41700763],[0.99818496],[2.36112986]
[3.3970338],[0.99572104],[2.3255767]
[3.36984135],[0.99346934],[2.29152496]
[3.34196877],[0.99123401],[2.25980763]
[3.31179691],[0.98915876],[2.22192747]
[3.2859681],[0.98701658],[2.19312566]
[3.25994636],[0.98518107],[2.16578147]
[3.22428304],[0.98351052],[2.13238341]
[3.20467912],[0.98006011],[2.10294778]
[2.89720316],[0.97557519],[1.96016345]
[0.20827615],[0.24731729],[0.02150807]
[0.],[0.],[0.]
[1.57390116],[0.35275399],[0.43965746]
[2.11346869],[0.60898372],[0.88132896]
[2.276527],[0.82557993],[1.27969572]
[2.42163592],[0.89176005],[1.52132318]
[2.50114314],[0.94536965],[1.69192979]
[2.77070314],[0.96633051],[1.87110269]
[2.92341748],[0.98744435],[2.01736605]
[3.07976796],[0.99361272],[2.14800902]
[3.13824787],[1.0049538],[2.22676488]
[3.22359683],[1.00428239],[2.32431798]
[3.2970062],[1.01190319],[2.37043848]
[3.38306465],[1.01403057],[2.44757727]
[3.45932822],[1.02053504],[2.49465187]
[3.52615233],[1.02207788],[2.600122]
[3.55192649],[1.03071145],[2.59369751]
[3.61890476],[1.04290784],[2.76045917]
[3.63193031],[1.06596351],[2.71449471]
[3.72731065],[1.08680047],[2.91369731]
[3.71417802],[1.10262075],[2.8818711]
[3.78093153],[1.11368349],[3.00702091]
[3.72717239],[1.12205017],[2.95093203]
[3.78545516],[1.12995277],[3.05906255]
[3.72636493],[1.1375867],[3.00949519]
[3.77980886],[1.14286328],[3.08747035]
[3.72617183],[1.14998969],[3.0341536]
[3.78432891],[1.15760582],[3.11512668]
[3.7195828],[1.16270656],[3.06163322]
[3.77977044],[1.16680752],[3.13183703]
[3.72386749],[1.16449648],[3.069888]
[3.77302941],[1.15869514],[3.11849724]
[3.76524664],[1.15965039],[3.09700257]
[3.77350542],[1.15084645],[3.1010848]
[3.75652775],[1.14621349],[3.06972424]
[3.74704784],[1.13981079],[3.03144933]
[3.71180631],[1.13510502],[3.01264631]
[3.70012479],[1.13181872],[2.99778435]
[3.68188754],[1.12529044],[2.97728727]
[3.67445908],[1.12042573],[2.96322909]
[3.66636193],[1.11810623],[2.94733387]
[3.65552077],[1.11091562],[2.93521396]
[3.63955232],[1.09753707],[2.89987991]
[3.62785634],[1.08596777],[2.85336783]
[3.61104809],[1.07507395],[2.80567439]
[3.5756079],[1.06160441],[2.74249585]
[3.54427374],[1.04989747],[2.68407381]
[3.51471532],[1.03908841],[2.62485164]
[3.48202118],[1.02756123],[2.56836124]
[3.44505915],[1.01439104],[2.48928984]
[3.41315985],[1.00641168],[2.42360458]
[3.38084678],[1.00442085],[2.36336844]
[3.33797012],[1.00273812],[2.31775613]
[3.31607995],[1.00076413],[2.28284101]
[2.98494382],[0.99856956],[2.11324622]
[0.35384562],[0.3630384],[0.05760699]
[0.],[0.],[0.]
[1.59721631],[0.3998178],[0.51398071]
[2.19518553],[0.66609205],[1.00949728]
[2.34526361],[0.86636377],[1.39450202]
[2.46133314],[0.92497561],[1.6228757]
[2.52375035],[0.96718198],[1.77911719]
[2.85740083],[0.98426569],[1.98156182]
[3.04258891],[1.00125362],[2.13872975]
[3.20329651],[1.00891744],[2.27729123]
[3.28136301],[1.02068198],[2.36108476]
[3.38094398],[1.02312712],[2.47676]
[3.47722573],[1.03206348],[2.54353817]
[3.58201745],[1.03127986],[2.74409199]
[3.61558905],[1.04268671],[2.69848121]
[3.73390479],[1.06154297],[2.92688197]
[3.74207686],[1.08644444],[2.89897672]
[3.85185953],[1.10774161],[3.08473542]
[3.84370109],[1.13143664],[3.09045416]
[3.97520407],[1.15181944],[3.22818571]
[3.92081474],[1.16777347],[3.23104147]
[4.01497998],[1.17890232],[3.31594322]
[3.93362811],[1.18655281],[3.30035716]
[4.02172783],[1.19495863],[3.36715098]
[3.93359848],[1.20356597],[3.34865997]
[4.01474316],[1.20971093],[3.40057749]
[3.9333026],[1.21732483],[3.38219766]
[4.02068547],[1.22510742],[3.43324366]
[3.92587373],[1.23020908],[3.41195673]
[4.01393432],[1.23163347],[3.44772512]
[3.9324477],[1.23109073],[3.41970326]
[4.01339598],[1.22674049],[3.43440491]
[3.97485582],[1.22752122],[3.43468512]
[4.01998222],[1.22099871],[3.42211118]
[3.97191929],[1.21694733],[3.40226572]
[3.99207587],[1.21123227],[3.37134297]
[3.94244946],[1.20684901],[3.34209237]
[3.93185288],[1.20355457],[3.32293497]
[3.91365418],[1.19771098],[3.29833372]
[3.90429978],[1.19325512],[3.27852046]
[3.89751231],[1.19311399],[3.26433595]
[3.88669299],[1.1858365],[3.24803868]
[3.86833257],[1.17264749],[3.21612132]
[3.85910803],[1.16093566],[3.18114367]
[3.84429257],[1.14994933],[3.14315351]
[3.81670273],[1.13686518],[3.09366912]
[3.78722997],[1.12549563],[3.04757929]
[3.75109535],[1.11453698],[3.00005379]
[3.71045207],[1.10306829],[2.95233352]
[3.66210036],[1.09015184],[2.89583934]
[3.61818774],[1.07869594],[2.84338161]
[3.57002645],[1.06778598],[2.78342189]
[3.5115844],[1.05496266],[2.70964812]
[3.46458035],[1.0446148],[2.63749506]
[3.10182639],[1.03594132],[2.41479253]
[0.60597821],[0.56001248],[0.1597394]
[0.],[0.],[0.]
[1.60493071],[0.42213247],[0.55558269]
[2.23991054],[0.70458759],[1.09941468]
[2.39411147],[0.88537959],[1.48469838]
[2.50056302],[0.94385829],[1.71445965]
[2.57976781],[0.98696071],[1.86658133]
[2.95788653],[1.00121349],[2.09741759]
[3.15347797],[1.02167857],[2.25601099]
[3.31326774],[1.0281117],[2.39615162]
[3.42977673],[1.04078552],[2.53133892]
[3.55753055],[1.04110269],[2.79738747]
[3.62950961],[1.06420891],[2.79623348]
[3.7632438],[1.08635684],[3.02453759]
[3.7867154],[1.1063933],[3.01255429]
[3.91621457],[1.12453175],[3.18345705]
[3.91068478],[1.15127971],[3.1930906]
[4.05271599],[1.17136319],[3.33279103]
[4.02340025],[1.19389725],[3.36398258]
[4.17052797],[1.21234948],[3.48149497]
[4.10825062],[1.22702431],[3.49652603]
[4.20306481],[1.23645333],[3.57282537]
[4.12207714],[1.24365249],[3.56247842]
[4.21109014],[1.25191315],[3.62861658]
[4.12282371],[1.26061922],[3.61079998]
[4.20457234],[1.26676703],[3.66704834]
[4.12320972],[1.273474],[3.64733916]
[4.2107723],[1.27856401],[3.70402614]
[4.11759671],[1.28135166],[3.67577071]
[4.20481312],[1.28289786],[3.72240664]
[4.12520058],[1.28316696],[3.68820694]
[4.20507425],[1.27928957],[3.71579965]
[4.17138362],[1.28319981],[3.70789262]
[4.21040537],[1.27456254],[3.70850956]
[4.1713179],[1.27147949],[3.67609724]
[4.18969489],[1.26682575],[3.65837355]
[4.1459537],[1.26371761],[3.62101575]
[4.12999939],[1.26202062],[3.60294076]
[4.11090205],[1.25731882],[3.57815576]
[4.09851385],[1.25347684],[3.55966451]
[4.09180406],[1.2540688],[3.55000102]
[4.07899881],[1.24692764],[3.53088439]
[4.05794541],[1.23376651],[3.49769442]
[4.04698329],[1.22222779],[3.46108648]
[4.0301984],[1.21147064],[3.42086081]
[4.00486215],[1.1989942],[3.37473955]
[3.98400529],[1.18790383],[3.33313923]
[3.94777336],[1.17728375],[3.28702795]
[3.90582621],[1.16573112],[3.23957708]
[3.85494566],[1.15294841],[3.18518565]
[3.81220827],[1.14124314],[3.13563569]
[3.76273597],[1.13097827],[3.08436074]
[3.70253151],[1.11940518],[3.02422217]
[3.65266569],[1.10890244],[2.96936527]
[3.28434261],[1.09869538],[2.76498629]
[0.94599133],[0.79146037],[0.3542063]
[0.],[0.],[0.]
[1.61732446],[0.46284446],[0.6215953]
[2.30697589],[0.75378016],[1.23224543]
[2.44117903],[0.90332931],[1.58320111]
[2.53837121],[0.96697788],[1.80846356]
[2.72063753],[1.00896635],[1.98810551]
[3.06640705],[1.01927773],[2.22545831]
[3.27875093],[1.03784493],[2.37919423]
[3.46651065],[1.04446769],[2.64077506]
[3.56706659],[1.09311196],[2.78479698]
[3.7131172],[1.11186625],[3.08734083]
[3.7548725],[1.13659199],[3.12166348]
[3.91773915],[1.15664678],[3.28313159]
[3.90247379],[1.17480893],[3.29562481]
[4.04394352],[1.19448964],[3.42279697]
[4.01178753],[1.22032656],[3.45875811]
[4.14583063],[1.23803027],[3.57640172]
[4.10545802],[1.25790305],[3.61173482]
[4.23386049],[1.27421944],[3.72148641]
[4.16918362],[1.28776286],[3.72994821]
[4.25247709],[1.29506733],[3.80402268]
[4.1769983],[1.30184953],[3.79268439]
[4.25808981],[1.31035831],[3.86094029]
[4.17578565],[1.31670585],[3.83921871]
[4.2500283],[1.32072714],[3.89571344]
[4.17265146],[1.32484522],[3.87305145]
[4.25414975],[1.32982091],[3.93168254]
[4.16442761],[1.33230811],[3.89959471]
[4.24608658],[1.33337146],[3.94883161]
[4.16869681],[1.33352581],[3.90951938]
[4.24435582],[1.32964399],[3.94093307]
[4.21393052],[1.33283378],[3.92650561]
[4.24831436],[1.32478602],[3.93078906]
[4.21755248],[1.32165502],[3.89342108]
[4.23197723],[1.31688555],[3.87825313]
[4.19679334],[1.313541],[3.83556408]
[4.18074399],[1.31139732],[3.8152283]
[4.16430268],[1.30658858],[3.78833444]
[4.15443913],[1.30338917],[3.76840387]
[4.14904627],[1.30338465],[3.75693651]
[4.13689683],[1.2960328],[3.73506128]
[4.11598701],[1.28395205],[3.70006274]
[4.10753482],[1.27364648],[3.66390047]
[4.09365951],[1.26451112],[3.62316362]
[4.07178003],[1.25324427],[3.57466111]
[4.05664795],[1.24295319],[3.52828537]
[4.02695534],[1.23213292],[3.47831101]
[3.98832353],[1.22090467],[3.42764659]
[3.94075344],[1.20852489],[3.37222992]
[3.90500229],[1.19853043],[3.32569977]
[3.86347986],[1.1891971],[3.27895898]
[3.80815958],[1.17771914],[3.23666829]
[3.76045811],[1.16718981],[3.20324595]
[3.38635769],[1.15949884],[3.01041755]
[1.10138435],[0.76026152],[0.40833149]
[0.],[0.],[0.]
[1.62641803],[0.50370306],[0.68208583]
[2.35936806],[0.79177685],[1.33824589]
[2.47524504],[0.91739208],[1.65441819]
[2.58798163],[0.98238748],[1.87917952]
[2.85076267],[1.0216363],[2.0915892]
[3.2006366],[1.03001806],[2.36418644]
[3.41544526],[1.04759594],[2.55205943]
[3.60773649],[1.09192595],[2.92100361]
[3.6894092],[1.14467142],[3.04988057]
[3.82642715],[1.16392205],[3.26927108]
[3.84985237],[1.18813815],[3.31926705]
[3.98142437],[1.20581988],[3.44441562]
[3.94563523],[1.22413034],[3.47229677]
[4.08556269],[1.24224643],[3.58015027]
[4.04855058],[1.26598425],[3.62437723]
[4.1807479],[1.28208212],[3.73710816]
[4.14565773],[1.30023513],[3.77157914]
[4.26489905],[1.31375185],[3.87737029]
[4.20538451],[1.32528934],[3.88141723]
[4.28279688],[1.33111201],[3.9548176]
[4.21175547],[1.33537287],[3.93991884]
[4.28845838],[1.34112084],[4.00768363]
[4.21108211],[1.34642727],[3.98111129]
[4.28070642],[1.34967177],[4.03961054]
[4.20890875],[1.35301222],[4.01188925]
[4.28662594],[1.35701566],[4.07428771]
[4.20353128],[1.35984078],[4.03817387]
[4.28063275],[1.36115759],[4.09472543]
[4.21039281],[1.36110408],[4.05181138]
[4.28156126],[1.35745246],[4.08756199]
[4.2582218],[1.35891785],[4.0754758]
[4.28699604],[1.35251408],[4.07998128]
[4.26352481],[1.34954861],[4.03930178]
[4.27246135],[1.34539064],[4.02442565]
[4.24163433],[1.34239361],[3.97694844]
[4.22114116],[1.34038281],[3.95345194]
[4.20209515],[1.3361854],[3.92333702]
[4.19017662],[1.33382915],[3.90316057]
[4.18295589],[1.33339388],[3.89230751]
[4.17083656],[1.32714234],[3.867781]
[4.14799034],[1.31527042],[3.82920772]
[4.13818788],[1.30402038],[3.78869025]
[4.12370988],[1.29405143],[3.74227562]
[4.10223637],[1.28213906],[3.68922709]
[4.08830534],[1.27172299],[3.64219122]
[4.06368003],[1.26194413],[3.59261004]
[4.02647622],[1.25159767],[3.54109123]
[3.98048709],[1.23924717],[3.48277197]
[3.94635849],[1.2284114],[3.42917155]
[3.90679939],[1.21814186],[3.37849764]
[3.85777452],[1.20614837],[3.32784628]
[3.81724687],[1.19614591],[3.29733014]
[3.44110812],[1.18682113],[3.09545938]
[1.25210722],[0.78828908],[0.47936099]
[0.],[0.],[0.]
[1.63078349],[0.5311644],[0.7195376]
[2.39122286],[0.81099291],[1.40457567]
[2.50183303],[0.92805864],[1.70729673]
[2.68444196],[0.99226025],[1.94351521]
[2.94900099],[1.03168813],[2.17455284]
[3.28641922],[1.03800875],[2.51257955]
[3.5053283],[1.07863432],[2.71370366]
[3.70472798],[1.1342991],[3.0769739]
[3.75112004],[1.18246242],[3.18967052]
[3.8982015],[1.20203734],[3.39237916]
[3.88306249],[1.22601369],[3.45173667]
[4.02058938],[1.24203904],[3.56763863]
[3.97810957],[1.25982991],[3.60143145]
[4.1210533],[1.27350495],[3.7072295]
[4.08433333],[1.29247758],[3.74356249]
[4.21556346],[1.30507823],[3.86168789]
[4.18568605],[1.31931404],[3.88819433]
[4.29627115],[1.33045335],[3.99058924]
[4.24183079],[1.33962756],[3.98434822]
[4.31599586],[1.34263639],[4.05704559]
[4.25015657],[1.34700629],[4.04154364]
[4.32420534],[1.3527874],[4.11319561]
[4.25108175],[1.35823627],[4.083054]
[4.31817285],[1.36174708],[4.14720273]
[4.24834798],[1.36529178],[4.11550451]
[4.3243198],[1.36946253],[4.18266811]
[4.24186748],[1.37247678],[4.13961368]
[4.31727038],[1.37480712],[4.20034665]
[4.24709771],[1.37505899],[4.1533716]
[4.31691025],[1.37128403],[4.19114729]
[4.29576412],[1.37235374],[4.1769095]
[4.32108933],[1.36609415],[4.18148693]
[4.30093246],[1.3629968],[4.13962511]
[4.30649452],[1.35869348],[4.12168333]
[4.27866253],[1.35570553],[4.07258869]
[4.25584148],[1.35408925],[4.05025648]
[4.2368975],[1.34993706],[4.0198344]
[4.22506366],[1.34860703],[4.00383947]
[4.21797226],[1.34817661],[3.99092812]
[4.20538852],[1.34246561],[3.9639678]
[4.18246661],[1.33149676],[3.92319123]
[4.17247398],[1.32139538],[3.88271878]
[4.15776227],[1.31199432],[3.83564715]
[4.13483502],[1.30100452],[3.78034436]
[4.1193934],[1.29126888],[3.73024604]
[4.09886398],[1.28210598],[3.68076732]
[4.06241949],[1.27240781],[3.62928513]
[4.01744061],[1.26136112],[3.571784]
[3.98478927],[1.25289116],[3.52103542]
[3.94685899],[1.24490695],[3.46868002]
[3.89939267],[1.23404618],[3.40923124]
[3.86072894],[1.22285637],[3.3727376]
[3.4898125],[1.21088983],[3.16795508]
[1.36225847],[0.80419092],[0.54361251]
[0.],[0.],[0.]
[1.62833614],[0.53624942],[0.72543575]
[2.40113274],[0.81336033],[1.42633319]
[2.51513236],[0.94306877],[1.74596203]
[2.71875653],[1.00384614],[1.98248105]
[3.006132],[1.04228692],[2.23884315]
[3.3542561],[1.05785974],[2.69603775]
[3.57900533],[1.12272916],[2.88172558]
[3.79025029],[1.17379268],[3.20717881]
[3.83018624],[1.21660597],[3.3295073]
[3.95588089],[1.23396945],[3.51660113]
[3.93465099],[1.25438619],[3.58854544]
[4.08044255],[1.26912899],[3.6991268]
[4.03097143],[1.2843548],[3.72825604]
[4.17210565],[1.29742661],[3.83596575]
[4.14192405],[1.31521708],[3.86507468]
[4.26735898],[1.32725073],[3.98031642]
[4.24841009],[1.3395892],[4.00419432]
[4.35256369],[1.34842382],[4.10568089]
[4.30364803],[1.35684057],[4.09890909]
[4.37185332],[1.35950963],[4.17703333]
[4.30978252],[1.36490041],[4.16399874]
[4.37879545],[1.37093342],[4.23952323]
[4.31125931],[1.37671775],[4.2090439]
[4.37173519],[1.37988489],[4.27292598]
[4.30835004],[1.3838041],[4.24160154]
[4.37750626],[1.38887021],[4.30993323]
[4.30241959],[1.39262028],[4.26862278]
[4.37035223],[1.39589949],[4.33089678]
[4.30701631],[1.39651169],[4.2863827]
[4.36998725],[1.39283392],[4.32506776]
[4.35620208],[1.39357889],[4.32754381]
[4.37369911],[1.38773313],[4.31961196]
[4.36230349],[1.3850989],[4.29038276]
[4.36174633],[1.3808797],[4.25971099]
[4.34139909],[1.37777986],[4.20710981]
[4.31563911],[1.37564804],[4.17832628]
[4.29735056],[1.37186403],[4.14778109]
[4.28602206],[1.37039011],[4.13350417]
[4.27897086],[1.36978585],[4.12063593]
[4.26631374],[1.36438335],[4.09425192]
[4.24319551],[1.35374737],[4.05248141]
[4.23268242],[1.34339917],[4.01104944]
[4.21815674],[1.33363059],[3.96246542]
[4.1947916],[1.32252842],[3.90279506]
[4.17887035],[1.31278853],[3.85012618]
[4.16327177],[1.30390181],[3.80117804]
[4.12736995],[1.29417709],[3.74201339]
[4.08027744],[1.28322961],[3.68013585]
[4.04675312],[1.27459971],[3.62655416]
[4.00818888],[1.26669268],[3.57330524]
[3.9623683],[1.25640958],[3.51390188]
[3.92443444],[1.24710439],[3.47202539]
[3.55561808],[1.23755002],[3.26239304]
[1.50798789],[0.83986063],[0.64419129]
[0.],[0.],[0.]
[1.63135563],[0.55812598],[0.75230823]
[2.41242962],[0.83097055],[1.46593986]
[2.52642678],[0.95614213],[1.78363916]
[2.76423296],[1.0144051],[2.03964708]
[3.07166055],[1.05096461],[2.38496738]
[3.42294041],[1.09878426],[2.88517432]
[3.63201353],[1.15737226],[3.04041071]
[3.86156922],[1.20531278],[3.33299756]
[3.86298979],[1.24406953],[3.46280871]
[3.99303677],[1.2618905],[3.6408427]
[3.96752768],[1.2844191],[3.71577193]
[4.11278271],[1.29914892],[3.82582761]
[4.06319076],[1.31319513],[3.85277267]
[4.20354469],[1.32487187],[3.97114129]
[4.17845514],[1.33984533],[4.00077254]
[4.30554987],[1.34851384],[4.1218338]
[4.28860499],[1.35890112],[4.14386621]
[4.38624767],[1.36780493],[4.25110849]
[4.3388726],[1.37549508],[4.23940068]
[4.40229504],[1.37785172],[4.31976616]
[4.34436395],[1.38352701],[4.3019957]
[4.40931267],[1.38965184],[4.3812429]
[4.34619199],[1.39555764],[4.34790993]
[4.40223149],[1.39896443],[4.4152646]
[4.34286518],[1.40357949],[4.38200424]
[4.40787958],[1.40869985],[4.45316078]
[4.33714795],[1.41259909],[4.40992741]
[4.40069691],[1.4165589],[4.47588606]
[4.34137693],[1.41723595],[4.43147174]
[4.40006396],[1.4143995],[4.47670475]
[4.3907264],[1.41576569],[4.51170924]
[4.40364335],[1.40947633],[4.47608554]
[4.39777856],[1.40649851],[4.47926377]
[4.39389026],[1.40241658],[4.41527032]
[4.37798113],[1.39940839],[4.36274967]
[4.35000967],[1.39732214],[4.33272633]
[4.331932],[1.39354121],[4.29816837]
[4.32102352],[1.39197457],[4.28249644]
[4.31421038],[1.39089911],[4.26846422]
[4.3012073],[1.38542909],[4.24155652]
[4.27790846],[1.37556579],[4.19626019]
[4.26711513],[1.36492376],[4.15303607]
[4.25258162],[1.35620455],[4.10509994]
[4.22917848],[1.34544484],[4.04065176]
[4.21325775],[1.33576238],[3.98723004]
[4.20101149],[1.32653233],[3.93492912]
[4.16690718],[1.31753447],[3.87403321]
[4.11987861],[1.30781963],[3.80694516]
[4.08685673],[1.2993583],[3.75007469]
[4.04824325],[1.29135722],[3.69609487]
[4.00090438],[1.28076752],[3.64515548]
[3.96309952],[1.27166436],[3.60563314]
[3.59541306],[1.27365221],[3.39720832]
[1.4563829],[0.90512329],[0.71320018]
[0.],[0.],[0.]
[1.63496222],[0.57539213],[0.77734075]
[2.42224223],[0.8448368],[1.4968783]
[2.53536664],[0.96678207],[1.81032868]
[2.80770052],[1.02198557],[2.08023847]
[3.12056563],[1.06009596],[2.44856366]
[3.46576434],[1.12156575],[2.94120704]
[3.68498905],[1.17877465],[3.12615541]
[3.90876719],[1.22619951],[3.40515813]
[3.8950845],[1.26304105],[3.5500541]
[4.02966082],[1.28329622],[3.73005551]
[3.99999545],[1.30485268],[3.80405203]
[4.14361519],[1.31928881],[3.92035793]
[4.09710558],[1.33316989],[3.94669639]
[4.23807522],[1.34278868],[4.07237308]
[4.21830514],[1.35608788],[4.10349207]
[4.34081101],[1.36481198],[4.22448176]
[4.32839803],[1.37511085],[4.24629486]
[4.41909641],[1.3835297],[4.34805081]
[4.37542209],[1.3906276],[4.33683433]
[4.43385258],[1.39316878],[4.41592823]
[4.37941239],[1.39907056],[4.39946394]
[4.44027683],[1.40592038],[4.4783555]
[4.38157492],[1.413548],[4.44794065]
[4.43322338],[1.41708313],[4.51484639]
[4.37794546],[1.42204466],[4.48402616]
[4.43887692],[1.42760599],[4.55692142]
[4.37217177],[1.43214335],[4.51543439]
[4.43134561],[1.43641351],[4.59056735]
[4.37602348],[1.43831518],[4.55579389]
[4.43100664],[1.43533074],[4.59379556]
[4.42608874],[1.43666049],[4.63927425]
[4.43432906],[1.43049408],[4.60572139]
[4.43314566],[1.42743122],[4.60896745]
[4.42636369],[1.42325078],[4.54298319]
[4.41520124],[1.420231],[4.49019482]
[4.38558894],[1.41820118],[4.45768927]
[4.36769286],[1.41480219],[4.41571272]
[4.35674032],[1.41292228],[4.4115538]
[4.34934388],[1.41136056],[4.39808179]
[4.3358147],[1.40629677],[4.37408137]
[4.31231138],[1.39667342],[4.31998703]
[4.30103108],[1.38582631],[4.26908521]
[4.28709641],[1.37524371],[4.21841234]
[4.2638687],[1.3638476],[4.15299349]
[4.2480333],[1.35468503],[4.09342694]
[4.23705289],[1.34561741],[4.03851314]
[4.20592817],[1.33639585],[3.97458754]
[4.15944422],[1.32649265],[3.90432606]
[4.12624463],[1.31714922],[3.8422122]
[4.08825574],[1.30858904],[3.78440889]
[4.04127235],[1.29796309],[3.72461014]
[4.002836],[1.28921912],[3.68656683]
[3.63464267],[1.28570103],[3.47063264]
[1.41282181],[0.92850404],[0.71132065]
[0.],[0.],[0.]
[1.6319197],[0.57354008],[0.7730905]
[2.42246426],[0.84535327],[1.50361088]
[2.53994672],[0.9759154],[1.82989489]
[2.83215813],[1.02932123],[2.11001935]
[3.15350055],[1.08419171],[2.52880022]
[3.49300032],[1.14429474],[3.00891765]
[3.71936205],[1.20164393],[3.2158347]
[3.95273342],[1.24858364],[3.48750864]
[3.94104507],[1.28449437],[3.6426886]
[4.0873579],[1.30642186],[3.83413086]
[4.05345903],[1.3279674],[3.91635337]
[4.19670471],[1.34319482],[4.04769151]
[4.15958603],[1.35293024],[4.07040029]
[4.29276804],[1.36136179],[4.19587898]
[4.28099183],[1.37348598],[4.22757822]
[4.39623352],[1.3826098],[4.34405345]
[4.38728216],[1.39332163],[4.36505438]
[4.4699919],[1.40212432],[4.46574631]
[4.43417332],[1.40898854],[4.46640966]
[4.48552545],[1.41221285],[4.55892119]
[4.43754518],[1.4190626],[4.55471488]
[4.49159781],[1.42698813],[4.63207103]
[4.44031061],[1.43485603],[4.61036463]
[4.48414992],[1.43867275],[4.67600856]
[4.43574782],[1.44376333],[4.65403764]
[4.48996389],[1.44938035],[4.72518532]
[4.43109692],[1.45371742],[4.6818927]
[4.48294664],[1.45809837],[4.76086011]
[4.43442794],[1.46093414],[4.71899833]
[4.48990576],[1.45841086],[4.77053753]
[4.48464716],[1.45940921],[4.79662725]
[4.51206369],[1.45372616],[4.78800903]
[4.50921854],[1.45070386],[4.77832861]
[4.51239878],[1.44664674],[4.72963139]
[4.49061073],[1.44368096],[4.66886583]
[4.453133],[1.44162779],[4.63291108]
[4.42606503],[1.4390102],[4.59470555]
[4.41508776],[1.43697493],[4.58594346]
[4.40729451],[1.43484673],[4.57046243]
[4.39477241],[1.42915235],[4.5439255]
[4.37120951],[1.4194613],[4.4920794]
[4.35892163],[1.40822529],[4.44369217]
[4.34545763],[1.39750795],[4.39088636]
[4.32222356],[1.38591417],[4.29415597]
[4.30653659],[1.37565456],[4.23435461]
[4.29530242],[1.36680771],[4.17784533]
[4.27156469],[1.3583033],[4.11254494]
[4.22720914],[1.34773419],[4.03426043]
[4.19309717],[1.3388831],[3.96982408]
[4.15542252],[1.33018084],[3.90629229]
[4.10834638],[1.31940766],[3.83528852]
[4.06974393],[1.31004969],[3.79135081]
[3.70199872],[1.3033885],[3.57340033]
[1.43383827],[0.94311127],[0.75941069]
[0.],[0.],[0.]
[1.63547316],[0.58992858],[0.79196457]
[2.43288278],[0.8602373],[1.53256183]
[2.54927206],[0.98704287],[1.85821864]
[2.86577065],[1.03784604],[2.17429744]
[3.19166283],[1.11947481],[2.64420946]
[3.52842076],[1.17745401],[3.11452557]
[3.75620548],[1.23231686],[3.3450025]
[3.98681504],[1.2783829],[3.60318675]
[3.97496312],[1.31406961],[3.76907001]
[4.12089598],[1.33613685],[3.97760383]
[4.08830895],[1.3525343],[4.0593451]
[4.23306146],[1.36340667],[4.19837635]
[4.20123959],[1.37261177],[4.21802551]
[4.32922668],[1.3806384],[4.34495569]
[4.32208728],[1.39297985],[4.37393634]
[4.43278029],[1.40163389],[4.49305939]
[4.42606129],[1.41175952],[4.50967005]
[4.50267039],[1.42016207],[4.63182362]
[4.47159586],[1.42614558],[4.65235612]
[4.51288355],[1.43093688],[4.73752643]
[4.46768298],[1.43928485],[4.73419045]
[4.51736275],[1.44746615],[4.81217257]
[4.46974083],[1.45558496],[4.78919369]
[4.51931215],[1.45897854],[4.86574594]
[4.46415642],[1.46416281],[4.82884124]
[4.54157625],[1.46976949],[4.92476701]
[4.45873903],[1.47430319],[4.85665404]
[4.54584881],[1.47876962],[4.95933595]
[4.48092104],[1.48219528],[4.90520711]
[4.55750477],[1.4801796],[4.97530801]
[4.55970631],[1.48069971],[4.99362033]
[4.57173825],[1.47571316],[4.98650214]
[4.57976216],[1.47284339],[4.98094664]
[4.57186342],[1.46935747],[4.93887782]
[4.56677139],[1.46648394],[4.89370654]
[4.5331154],[1.46441556],[4.85977751]
[4.51443098],[1.46118262],[4.82400788]
[4.50375081],[1.45897862],[4.81050491]
[4.48630264],[1.45664602],[4.78780029]
[4.46009332],[1.45065607],[4.74937627]
[4.41322144],[1.44140983],[4.67870383]
[4.39450512],[1.43045297],[4.6226116]
[4.37997177],[1.41959462],[4.56919309]
[4.35673766],[1.40699666],[4.48695655]
[4.34104569],[1.39695016],[4.40736392]
[4.32914776],[1.38866397],[4.33741678]
[4.30891269],[1.38002432],[4.27384547]
[4.2663373],[1.37015403],[4.19465221]
[4.23245962],[1.36157168],[4.1246236]
[4.19506692],[1.35320066],[4.0531334]
[4.1479963],[1.34275949],[3.98405785]
[4.1093166],[1.33528147],[3.93131497]
[3.7415975],[1.33889145],[3.71493247]
[1.40558246],[0.98399162],[0.82935724]
[0.],[0.],[0.]
[1.64029658],[0.61091775],[0.81851525]
[2.44310619],[0.86919033],[1.55658408]
[2.55763325],[0.99767154],[1.88493969]
[2.89848366],[1.04393279],[2.26255489]
[3.22674184],[1.14211717],[2.73173935]
[3.56048938],[1.19936386],[3.19018664]
[3.78988892],[1.25444625],[3.43685843]
[4.02304229],[1.301353],[3.68997191]
[4.00790219],[1.33440252],[3.86051605]
[4.15549757],[1.35363508],[4.07798388]
[4.12964508],[1.36842712],[4.160195]
[4.26978151],[1.37861609],[4.30184322]
[4.24276699],[1.38756863],[4.32486488]
[4.36560598],[1.39676732],[4.45234086]
[4.36307488],[1.40917536],[4.48424963]
[4.46912808],[1.41798127],[4.60215459]
[4.45832791],[1.4292183],[4.64474349]
[4.5185783],[1.43937022],[4.7674739]
[4.48416447],[1.44556592],[4.78153688]
[4.54945414],[1.45116858],[4.88460714]
[4.48297622],[1.45958912],[4.86561624]
[4.5684125],[1.46819911],[4.96480554]
[4.50309066],[1.47629235],[4.92937386]
[4.57127386],[1.48025383],[5.02024579]
[4.51457781],[1.48600326],[4.98031156]
[4.58702073],[1.49180588],[5.07027037]
[4.52290477],[1.49588654],[5.01919699]
[4.58851364],[1.50059886],[5.1064382]
[4.54022079],[1.50452598],[5.06859182]
[4.59632333],[1.50144598],[5.12896218]
[4.60151407],[1.50233052],[5.1427569]
[4.60602073],[1.49682854],[5.13505984]
[4.61615155],[1.4939719],[5.1269411]
[4.6071884],[1.49022215],[5.08621219]
[4.60821747],[1.4875009],[5.04707352]
[4.57991465],[1.48579149],[5.01702237]
[4.56642094],[1.48294748],[4.98925766]
[4.5582488],[1.4806232],[4.97545401]
[4.54265052],[1.47852834],[4.95314643]
[4.5246482],[1.4727958],[4.91806835]
[4.491395],[1.46324285],[4.85801277]
[4.46767879],[1.45265397],[4.80182564]
[4.43778657],[1.44194354],[4.73870377]
[4.38882968],[1.42912565],[4.6407188]
[4.37215618],[1.41722456],[4.55390794]
[4.36338088],[1.40779163],[4.46889365]
[4.34623141],[1.39792278],[4.38918007]
[4.3056342],[1.38677288],[4.30902276]
[4.27152737],[1.37808767],[4.23830974]
[4.23468765],[1.36998322],[4.16684904]
[4.18764096],[1.35990498],[4.09058667]
[4.14896068],[1.35206395],[4.03034923]
[3.78122424],[1.35280443],[3.80156544]
[1.35971483],[1.02517171],[0.8468837]
[0.],[0.],[0.]
[1.64680704],[0.63143559],[0.84860488]
[2.45374132],[0.87816198],[1.58147613]
[2.56125807],[1.0067226],[1.90328125]
[2.93005671],[1.0505039],[2.3535274]
[3.25990816],[1.16405395],[2.8214256]
[3.59564365],[1.22025647],[3.26543805]
[3.82453369],[1.27506901],[3.5251018]
[4.05979527],[1.31998414],[3.77087532]
[4.04010778],[1.34808994],[3.94488294]
[4.19221301],[1.36773148],[4.17273633]
[4.17111905],[1.38062199],[4.26118869]
[4.30615817],[1.39084911],[4.4010987]
[4.2842912],[1.40140656],[4.42792871]
[4.40198275],[1.4106487],[4.55416746]
[4.40343915],[1.42418719],[4.59030401]
[4.49459838],[1.43381553],[4.73224333]
[4.47265327],[1.44541782],[4.77314191]
[4.57943489],[1.4549456],[4.91809259]
[4.54834658],[1.46137968],[4.93058656]
[4.60546698],[1.46914208],[5.02847521]
[4.56002749],[1.47951873],[5.01872185]
[4.61904603],[1.49006643],[5.1153801]
[4.5742584],[1.5010899],[5.09582376]
[4.62016394],[1.50805541],[5.18457612]
[4.58116114],[1.51559715],[5.17509525]
[4.63277903],[1.523004],[5.27755144]
[4.58774462],[1.53017136],[5.25366854]
[4.6347627],[1.53688538],[5.39789461]
[4.60974319],[1.5439515],[5.35582824]
[4.65581224],[1.5425822],[5.49968875]
[4.67564188],[1.54098038],[5.50531552]
[4.67691716],[1.53303166],[5.54815388]
[4.70122802],[1.52711277],[5.50352014]
[4.69097203],[1.52012252],[5.44225668]
[4.69945482],[1.51409205],[5.33672222]
[4.66155993],[1.50920036],[5.25119106]
[4.63895211],[1.50342277],[5.1947606]
[4.61650338],[1.49912057],[5.14686545]
[4.58946732],[1.49611923],[5.10387207]
[4.56994172],[1.49014402],[5.06071098]
[4.54326169],[1.4812969],[5.00411799]
[4.52542719],[1.47029898],[4.95172684]
[4.50563302],[1.45880347],[4.89368335]
[4.47008168],[1.445462],[4.8110597]
[4.44005476],[1.43330793],[4.72500651]
[4.41246864],[1.42247638],[4.62870459]
[4.37498765],[1.41230041],[4.51604014]
[4.33681731],[1.40111987],[4.41457291]
[4.31055087],[1.39121589],[4.34486089]
[4.27398977],[1.38307103],[4.27347756]
[4.22721212],[1.3736091],[4.1920775]
[4.18860952],[1.36646602],[4.1313779]
[3.82162839],[1.36246032],[3.90034065]
[1.31177056],[1.07996749],[0.8707632]
[0.],[0.],[0.]
[1.647104],[0.63377307],[0.85108441]
[2.45386721],[0.88650585],[1.59284964]
[2.56834667],[1.01563294],[1.92104048]
[2.96151971],[1.0608036],[2.4405249]
[3.29173344],[1.18884628],[2.91685039]
[3.62495821],[1.24240879],[3.34622301]
[3.859147],[1.29641091],[3.62189148]
[4.09082609],[1.33859099],[3.85887668]
[4.07027859],[1.36603018],[4.0468163]
[4.22673344],[1.3862691],[4.28302108]
[4.22720098],[1.39835385],[4.39005498]
[4.36116676],[1.40978669],[4.53153283]
[4.34733625],[1.42181342],[4.56115826]
[4.45626677],[1.43241804],[4.69546336]
[4.45125308],[1.44632592],[4.76078188]
[4.58326932],[1.45883634],[4.93633695]
[4.57700861],[1.4794293],[4.99207722]
[4.65100569],[1.49239303],[5.13515333]
[4.63497446],[1.50311658],[5.17744446]
[4.67136258],[1.51325571],[5.34299318]
[4.65424678],[1.52624942],[5.34635486]
[4.69696506],[1.53875566],[5.51855435]
[4.68305544],[1.54840797],[5.49737046]
[4.71245786],[1.55459651],[5.65576669]
[4.70294287],[1.56269148],[5.65805024]
[4.73471894],[1.57071836],[5.81143919]
[4.72227663],[1.57840529],[5.79888705]
[4.74737784],[1.58535824],[5.9433969]
[4.74206402],[1.59408178],[5.94105776]
[4.7626431],[1.59074227],[6.04509574]
[4.80489655],[1.58780553],[6.0664515]
[4.78184882],[1.58006011],[6.06920628]
[4.8598761],[1.57450009],[6.05835738]
[4.81856764],[1.56800593],[5.98837837]
[4.9271887],[1.56236257],[5.93903811]
[4.8147083],[1.55720862],[5.83500849]
[4.78365327],[1.55069685],[5.75379116]
[4.75854345],[1.54352536],[5.68202676]
[4.72006383],[1.53591413],[5.60161092]
[4.69458662],[1.52432621],[5.49701052]
[4.65622262],[1.51029427],[5.34837798]
[4.62103632],[1.49860927],[5.21157023]
[4.59125364],[1.48367004],[5.09724229]
[4.56331269],[1.46886981],[5.00555797]
[4.54035218],[1.45583441],[4.92670773]
[4.51862258],[1.44462779],[4.84163906]
[4.49406281],[1.43318453],[4.74589608]
[4.42382691],[1.42124557],[4.61172664]
[4.36202474],[1.41129626],[4.48564003]
[4.34001908],[1.40226558],[4.41608266]
[4.29406896],[1.39379234],[4.33466492]
[4.25567804],[1.38691991],[4.27198438]
[3.88801011],[1.38040946],[4.03880252]
[1.30587593],[1.11457582],[0.89127055]
[0.],[0.],[0.]
[1.65218293],[0.64795335],[0.87395808]
[2.46106875],[0.89525645],[1.61859192]
[2.59029816],[1.02304428],[1.94245276]
[2.98414061],[1.07861052],[2.55218995]
[3.31468678],[1.21980776],[3.03945007]
[3.6528762],[1.27051103],[3.45597956]
[3.88791072],[1.3212783],[3.75087029]
[4.11686709],[1.36182676],[3.99838262]
[4.10215108],[1.38726374],[4.20185262]
[4.25619427],[1.40732785],[4.44532982]
[4.25977599],[1.41982996],[4.54798946]
[4.38984155],[1.43273421],[4.70447507]
[4.37747497],[1.44821936],[4.75065519]
[4.49400314],[1.46556652],[4.94275277]
[4.51565016],[1.49776314],[5.03594881]
[4.63442767],[1.50919752],[5.23136469]
[4.64081349],[1.53328887],[5.29977657]
[4.70954654],[1.54021554],[5.55305491]
[4.72621617],[1.55240875],[5.63392836]
[4.75507175],[1.56306332],[5.83154761]
[4.75157327],[1.5742298],[5.85275038]
[4.77554041],[1.58489796],[6.00159896]
[4.77359163],[1.59433436],[6.03272191]
[4.790468],[1.60078212],[6.17152231]
[4.80695411],[1.60907048],[6.2065615]
[4.8379483],[1.61718199],[6.34459879]
[4.85437035],[1.6251174],[6.37045652]
[4.90188834],[1.63244724],[6.49937002]
[4.95231711],[1.64196369],[6.53096733]
[5.0046644],[1.64896484],[6.61543547]
[5.11973414],[1.63557901],[6.67054948]
[5.08736888],[1.62737815],[6.62555441]
[5.18695789],[1.61994102],[6.66173284]
[5.15914833],[1.61178879],[6.57933942]
[5.23226619],[1.60575883],[6.56738489]
[5.18056464],[1.60047926],[6.44563296]
[5.13020831],[1.59381742],[6.3555553]
[5.08845684],[1.58701055],[6.27964919]
[4.9937898],[1.57902138],[6.17839019]
[4.87868097],[1.56777511],[6.05361996]
[4.79283847],[1.55265247],[5.89410753]
[4.73625752],[1.53837271],[5.74827369]
[4.70364782],[1.52101121],[5.60407168]
[4.66591485],[1.50243465],[5.45088251]
[4.63015228],[1.48418768],[5.30157484]
[4.59495557],[1.46753769],[5.10595119]
[4.56912973],[1.45428933],[4.96146613]
[4.52155272],[1.44161098],[4.84389257]
[4.45345476],[1.43136977],[4.72631509]
[4.37054483],[1.42321517],[4.6002817]
[4.32880806],[1.41454194],[4.49753604]
[4.29475306],[1.4075012],[4.43864619]
[3.92780711],[1.41326819],[4.2205038]
[1.28776908],[1.16069004],[0.95848355]
[0.],[0.],[0.]
[1.65846342],[0.66932646],[0.90420363]
[2.46629528],[0.90030417],[1.63363726]
[2.60045333],[1.02757542],[1.95395427]
[3.01204883],[1.09029545],[2.59550423]
[3.32719162],[1.23240776],[3.08750418]
[3.6682198],[1.28298777],[3.50055148]
[3.9042199],[1.33414354],[3.80595331]
[4.13771736],[1.3755066],[4.05790225]
[4.1281881],[1.40126733],[4.26867851]
[4.27657536],[1.42505243],[4.52422375]
[4.28016011],[1.44416436],[4.64559944]
[4.40358417],[1.46520305],[4.82750065]
[4.38839568],[1.49155535],[4.92234369]
[4.53486347],[1.50564364],[5.1545736]
[4.55696677],[1.54303548],[5.26645449]
[4.67227106],[1.55628738],[5.49288387]
[4.70241361],[1.57874581],[5.60698292]
[4.75530868],[1.58460613],[5.88710329]
[4.77428837],[1.59768216],[5.98878164]
[4.79343163],[1.60466371],[6.17851662]
[4.80906801],[1.62049217],[6.25702454]
[4.84108114],[1.62777008],[6.41888309]
[4.88033373],[1.63796607],[6.49614459]
[4.92253148],[1.65529332],[6.63816415]
[4.96897974],[1.67511349],[6.70920609]
[5.03375452],[1.69339652],[6.84429106]
[5.05846316],[1.71233255],[6.90441694]
[5.10499856],[1.73129291],[7.03910543]
[5.13058395],[1.74568523],[7.10071655]
[5.17588873],[1.76282503],[7.20926517]
[5.2479827],[1.76503258],[7.33616369]
[5.23544001],[1.74628104],[7.29629565]
[5.29803718],[1.72798531],[7.35819238]
[5.28746831],[1.70342359],[7.26445866]
[5.33307765],[1.67992095],[7.22626364]
[5.32653446],[1.65918108],[7.07103437]
[5.27331726],[1.64292784],[6.9473713]
[5.23503075],[1.6301253],[6.85094274]
[5.16808873],[1.61722667],[6.72794855]
[5.08937283],[1.60620315],[6.57893547]
[4.96210729],[1.59156198],[6.36263739]
[4.83621257],[1.57722858],[6.17861256]
[4.78116576],[1.56048345],[6.01348869]
[4.71586891],[1.54185005],[5.83683283]
[4.6858183],[1.5243165],[5.68173783]
[4.65377008],[1.50731588],[5.51747473]
[4.6193713],[1.48759684],[5.31038474]
[4.56152797],[1.4679133],[5.05679324]
[4.49694616],[1.45504165],[4.90824508]
[4.42059821],[1.44553443],[4.77285641]
[4.33549359],[1.4369829],[4.62975843]
[4.3092445],[1.43038512],[4.53903934]
[3.94376207],[1.42766574],[4.30626111]
[1.2851178],[1.18212686],[1.00962639]
[0.],[0.],[0.]
[1.66693365],[0.69216723],[0.93981828]
[2.47492616],[0.90514657],[1.65023378]
[2.61080493],[1.03153504],[1.9634391]
[3.0358223],[1.09661171],[2.62328927]
[3.34118916],[1.2374768],[3.11993286]
[3.68281918],[1.28654528],[3.52278612]
[3.92603375],[1.33729651],[3.83373095]
[4.1579936],[1.37859627],[4.08493326]
[4.15313253],[1.40889676],[4.30498354]
[4.29792757],[1.44120141],[4.58461024]
[4.29670068],[1.4644042],[4.71595529]
[4.41373039],[1.48653587],[4.94465488]
[4.40077148],[1.52497094],[5.0642362]
[4.58109839],[1.53644399],[5.31492482]
[4.63000889],[1.57504735],[5.43502289]
[4.72410808],[1.58547734],[5.73656573]
[4.75530571],[1.60780815],[5.85360173]
[4.79391219],[1.60782359],[6.11284297]
[4.85079951],[1.62887565],[6.26687903]
[4.92361973],[1.62900375],[6.45833187]
[4.97621436],[1.65298518],[6.56392523]
[5.03779861],[1.6617396],[6.73810036]
[5.07447765],[1.70390829],[6.85083654]
[5.11460079],[1.72351539],[7.00091971]
[5.14161268],[1.74367185],[7.09632831]
[5.19548942],[1.76255585],[7.26169365]
[5.20850052],[1.78088518],[7.33078374]
[5.25004497],[1.79820019],[7.50095507]
[5.26196006],[1.81294799],[7.58343349]
[5.3020314],[1.82904077],[7.71590396]
[5.34745465],[1.84361611],[7.82649802]
[5.36003425],[1.83177617],[7.82539261]
[5.39983302],[1.81603817],[7.86723653]
[5.44208657],[1.79511384],[7.80690223]
[5.46699649],[1.7745533],[7.74678781]
[5.51854177],[1.75286863],[7.62701115]
[5.45673649],[1.72694354],[7.4828286]
[5.41003644],[1.70268686],[7.36144063]
[5.3175394],[1.67999606],[7.2187547]
[5.23949213],[1.65164162],[7.03707119]
[5.1522145],[1.61334805],[6.77103777]
[5.05523557],[1.59893876],[6.53639035]
[4.9395094],[1.58295156],[6.3194867]
[4.81471924],[1.56500982],[6.09547409]
[4.75535197],[1.5482909],[5.92806752]
[4.70487833],[1.53141023],[5.7587261]
[4.67532601],[1.51570505],[5.57572263]
[4.62929862],[1.49959096],[5.35737585]
[4.56558038],[1.48483723],[5.12145139]
[4.47877081],[1.47168111],[4.96278618]
[4.38345155],[1.45973338],[4.80781176]
[4.32320866],[1.44963678],[4.66965329]
[3.96478443],[1.43765641],[4.38002342]
[1.29329047],[1.20962569],[1.10462291]
[0.],[0.],[0.]
[1.66739092],[0.67959654],[0.93111148]
[2.4699913],[0.90914689],[1.65148912]
[2.60138088],[1.03647178],[1.96629105]
[3.04982423],[1.09954712],[2.63775147]
[3.34986378],[1.24380169],[3.15708122]
[3.69343627],[1.29266876],[3.54922572]
[3.95315415],[1.34579061],[3.88130106]
[4.17599186],[1.39175006],[4.14291532]
[4.17902727],[1.42922206],[4.37188863]
[4.32331592],[1.46643639],[4.67779281]
[4.33164613],[1.49355561],[4.87493599]
[4.47971785],[1.51457413],[5.13399359]
[4.52063033],[1.56387127],[5.27264943]
[4.65966946],[1.5738087],[5.51226318]
[4.70453811],[1.60882317],[5.66664807]
[4.77385553],[1.61666508],[5.98706915]
[4.80512639],[1.63949863],[6.13401623]
[4.88814325],[1.63893991],[6.39474088]
[5.06377538],[1.66262486],[6.59471459]
[5.13183418],[1.66255164],[6.80303659]
[5.15855163],[1.69357322],[6.95681696]
[5.21064337],[1.72922754],[7.14095575]
[5.2286282],[1.76615347],[7.27526996]
[5.26481084],[1.78803018],[7.46867067]
[5.2765441],[1.80503216],[7.58492744]
[5.32063785],[1.82396253],[7.77478621]
[5.32500344],[1.84100365],[7.85497063]
[5.38008521],[1.85749538],[8.02997412]
[5.37149707],[1.87098343],[8.10637894]
[5.45873378],[1.88583894],[8.25703883]
[5.48595517],[1.90256692],[8.33861572]
[5.54254297],[1.898032],[8.41540831]
[5.55418204],[1.88402308],[8.4200249]
[5.6364175],[1.86710011],[8.41111974]
[5.64193614],[1.84915963],[8.33242789]
[5.76054576],[1.82979062],[8.26772353]
[5.71535191],[1.80721213],[8.08439928]
[5.63898563],[1.78595039],[7.93449743]
[5.53281778],[1.76574998],[7.77625519]
[5.44108696],[1.73294777],[7.56959769]
[5.33533361],[1.69112133],[7.30293667]
[5.24494092],[1.6523817],[7.06708915]
[5.17417796],[1.61323176],[6.84144978]
[5.06366584],[1.59792373],[6.56748744]
[4.95800408],[1.58265488],[6.33655824]
[4.83810231],[1.5671642],[6.14789762]
[4.79033048],[1.55141166],[5.95986945]
[4.72883019],[1.5362578],[5.74497508]
[4.68185793],[1.52255304],[5.55440226]
[4.63114048],[1.50908931],[5.34457703]
[4.55479304],[1.49486683],[5.10546003]
[4.48218153],[1.48290129],[4.96758163]
[4.05862792],[1.46703818],[4.64139018]
[1.34760435],[1.22957137],[1.18550378]
[0.],[0.],[0.]
[1.67226368],[0.69458932],[0.95128863]
[2.47422637],[0.91446671],[1.66367507]
[2.61548166],[1.04069398],[1.98354456]
[3.06658274],[1.11362883],[2.69536743]
[3.35759496],[1.25705185],[3.22200893]
[3.70244787],[1.30842409],[3.61658163]
[3.97173249],[1.36683205],[3.97801411]
[4.19216832],[1.41424441],[4.26312335]
[4.19986497],[1.46309548],[4.51331385]
[4.34207972],[1.49430623],[4.87584784]
[4.36216303],[1.54384929],[5.09117081]
[4.56600716],[1.55688125],[5.37124675]
[4.61320327],[1.6002483],[5.49387082]
[4.71580361],[1.61291237],[5.81570595]
[4.75760502],[1.64181286],[5.98932378]
[4.81036854],[1.64910749],[6.2853915]
[4.93981332],[1.67155431],[6.46943076]
[5.09271475],[1.67115733],[6.73689618]
[5.20975681],[1.69493685],[6.96973641]
[5.26881749],[1.71562813],[7.25250925]
[5.28127403],[1.75389649],[7.45175738]
[5.32563683],[1.79003783],[7.68014152]
[5.33446077],[1.822925],[7.81053684]
[5.38542952],[1.84422745],[8.00802997]
[5.37752144],[1.86004375],[8.10966087]
[5.4700679],[1.87816048],[8.32405778]
[5.45412126],[1.8945463],[8.38379148]
[5.55305014],[1.90926782],[8.61736761]
[5.52891206],[1.92559711],[8.66302257]
[5.64694655],[1.93853541],[8.87881081]
[5.66371128],[1.95172596],[8.92607977]
[5.78041867],[1.95066828],[9.09398595]
[5.79214868],[1.94044887],[9.10028898]
[5.87803303],[1.93077029],[9.18063896]
[5.89397417],[1.9181145],[9.12050543]
[5.95561684],[1.90438972],[9.08460272]
[5.97594862],[1.88948358],[8.94220635]
[5.90324311],[1.87529676],[8.78922281]
[5.80062305],[1.8605742],[8.61251535]
[5.68967183],[1.82806125],[8.38303865]
[5.56541707],[1.78999811],[8.08473761]
[5.48152721],[1.74746329],[7.81579769]
[5.39756416],[1.71079896],[7.56614047]
[5.29887114],[1.6506919],[7.27118588]
[5.22831831],[1.61449547],[7.01210437]
[5.15217457],[1.59961135],[6.75403347]
[5.06707078],[1.58563149],[6.49474948]
[4.93995146],[1.57133452],[6.19736688]
[4.82786589],[1.55732692],[5.97930487]
[4.72462818],[1.54361396],[5.77350371]
[4.66995464],[1.52860241],[5.56963366]
[4.61388326],[1.51617537],[5.35868032]
[4.22620527],[1.50201554],[4.99283366]
[1.36341277],[1.27362032],[1.33110356]
[0.],[0.],[0.]
[1.67710533],[0.70861341],[0.97244449]
[2.47759623],[0.91797394],[1.67254852]
[2.62332097],[1.04348058],[1.99064724]
[3.07735417],[1.12070138],[2.71903652]
[3.3636048],[1.27033838],[3.26958567]
[3.71125996],[1.32807755],[3.67570477]
[3.98543355],[1.38627732],[4.0580939]
[4.20298067],[1.43511571],[4.37440022]
[4.21982414],[1.50344422],[4.63866125]
[4.37789378],[1.52593209],[5.04886382]
[4.44288229],[1.58114137],[5.28164906]
[4.62446085],[1.59277283],[5.5621946]
[4.66974974],[1.63358864],[5.70729523]
[4.75343171],[1.64456267],[6.08544624]
[4.7944603],[1.6751268],[6.29620085]
[4.8869224],[1.680465],[6.59139724]
[5.105081],[1.70544634],[6.82189785]
[5.23648981],[1.71172816],[7.10285616]
[5.31769691],[1.75546451],[7.4321976]
[5.38084598],[1.79405948],[7.76762513]
[5.37665908],[1.82777893],[7.94859135]
[5.46797793],[1.86147932],[8.22247814]
[5.46046406],[1.8898375],[8.33004836]
[5.55620784],[1.90863801],[8.59500651]
[5.5364618],[1.92466432],[8.68385302]
[5.66681798],[1.94291201],[8.97827704]
[5.61595978],[1.96277563],[9.01848767]
[5.79567472],[1.97999819],[9.35842293]
[5.75791942],[1.99510517],[9.40419573]
[5.89106382],[2.00727824],[9.69515093]
[5.91348521],[2.02111509],[9.78689008]
[5.97548867],[2.02480199],[9.94519355]
[6.0317482],[2.01797158],[10.02652158]
[6.08918381],[2.01025441],[10.1102532]
[6.18033646],[1.99956524],[10.13726976]
[6.21845169],[1.98702563],[10.09164282]
[6.31866773],[1.97336736],[10.02420828]
[6.28493757],[1.96197285],[9.84861097]
[6.17123903],[1.94705631],[9.66370604]
[6.05755342],[1.92202749],[9.43304023]
[5.93404196],[1.89173149],[9.10705711]
[5.83479228],[1.85916928],[8.79342379]
[5.72610768],[1.82097169],[8.46431612]
[5.58818106],[1.76835508],[8.09505643]
[5.49856967],[1.71252709],[7.78722459]
[5.39902365],[1.65356132],[7.45756806]
[5.29942993],[1.62106907],[7.14837696]
[5.217143],[1.6063968],[6.82604687]
[5.13717435],[1.59233074],[6.49240049]
[4.95424372],[1.57897138],[6.18836486]
[4.76573697],[1.56473336],[5.95045136]
[4.71638893],[1.55100745],[5.75508949]
[4.3387301],[1.53440822],[5.38204287]
[1.42368274],[1.32579472],[1.43135579]
[0.],[0.],[0.]
[1.6814753],[0.71321299],[0.9842708]
[2.47954018],[0.91989241],[1.67748376]
[2.62868155],[1.04587688],[1.99553409]
[3.09032345],[1.13077025],[2.74430108]
[3.36934217],[1.28495645],[3.3207675]
[3.73709216],[1.34441403],[3.74741341]
[4.00088657],[1.41044828],[4.13353177]
[4.22992452],[1.46105218],[4.48686609]
[4.2730335],[1.53830198],[4.78514211]
[4.46183695],[1.56092319],[5.22236691]
[4.5270237],[1.61380383],[5.46002033]
[4.67153742],[1.62413398],[5.77942741]
[4.7168322],[1.66147003],[5.9964865]
[4.78479387],[1.67206312],[6.35810532]
[4.83315874],[1.70475286],[6.58134856]
[5.04391163],[1.70709917],[6.88854944]
[5.21272844],[1.73346322],[7.16465228]
[5.32835084],[1.7767192],[7.52968131]
[5.38587607],[1.81464566],[7.87118818]
[5.51196682],[1.85557597],[8.22150755]
[5.50192135],[1.88863988],[8.43564435]
[5.61072126],[1.92325892],[8.81705622]
[5.59743208],[1.95340189],[8.93864207]
[5.77483399],[1.97322595],[9.32800647]
[5.75240849],[1.99247191],[9.45483563]
[5.89933423],[2.01044392],[9.79836381]
[5.90242626],[2.0294742],[9.90718902]
[6.01011153],[2.04476324],[10.19145857]
[6.033472],[2.05905013],[10.31181289]
[6.13366106],[2.07093066],[10.57794722]
[6.22808273],[2.08558351],[10.76268804]
[6.26870345],[2.08955322],[10.89659069]
[6.40049824],[2.08422694],[11.09603597]
[6.4248887],[2.07707488],[11.16270602]
[6.53636093],[2.06750756],[11.29505705]
[6.56327734],[2.05513134],[11.24105523]
[6.65419871],[2.04129736],[11.196388]
[6.65221142],[2.02853271],[11.00284456]
[6.56784273],[2.01157716],[10.79747826]
[6.45696146],[1.98991173],[10.55141361]
[6.31859688],[1.9631509],[10.18242765]
[6.20490467],[1.93541929],[9.80280633]
[6.09122377],[1.90150576],[9.44449548]
[5.96675146],[1.85704819],[9.06375169]
[5.87150007],[1.80075368],[8.70117856]
[5.75175971],[1.7467367],[8.3131555]
[5.59074529],[1.69021274],[7.88848348]
[5.47544724],[1.63365513],[7.49585717]
[5.37206557],[1.61998832],[7.120188]
[5.24505241],[1.60682999],[6.76291932]
[5.0532401],[1.59326597],[6.38128487]
[4.82806233],[1.5788212],[6.11026645]
[4.42131292],[1.56155763],[5.73463447]
[1.58340655],[1.38725393],[1.59175001]
[0.],[0.],[0.]
[1.67936114],[0.70421655],[0.97212186]
[2.47292912],[0.92269384],[1.67575578]
[2.61609062],[1.05033834],[2.00099144]
[3.09529479],[1.14059114],[2.77981824]
[3.36937762],[1.30087683],[3.37659762]
[3.77292582],[1.36199586],[3.82650998]
[4.02829739],[1.43824702],[4.21538112]
[4.27018668],[1.49520594],[4.60347321]
[4.33201316],[1.57096589],[4.93106364]
[4.54788895],[1.59094277],[5.37343546]
[4.60932397],[1.64295145],[5.6336751]
[4.72107903],[1.65319155],[6.02191535]
[4.76412939],[1.69160452],[6.2669932]
[4.81771553],[1.70256501],[6.62277535]
[4.97439119],[1.73866179],[6.89978526]
[5.17433029],[1.75334325],[7.23830873]
[5.3022596],[1.80882182],[7.62844428]
[5.40226118],[1.8609348],[8.05884938]
[5.47257821],[1.89543185],[8.40285062]
[5.66239327],[1.93338177],[8.86501502]
[5.71963309],[1.96318331],[9.17916301]
[5.92527747],[1.99384906],[9.62246169]
[5.96819158],[2.0217505],[9.79738923]
[6.04829148],[2.03967225],[10.12474003]
[6.10531888],[2.0581672],[10.31746684]
[6.18939026],[2.0747934],[10.65102191]
[6.27755319],[2.09237073],[10.86173046]
[6.40854704],[2.10661906],[11.14342129]
[6.49799009],[2.12003044],[11.3861455]
[6.58256127],[2.1309266],[11.64245274]
[6.66025268],[2.15101059],[11.90662211]
[6.69598153],[2.15150578],[12.0456994]
[6.7460072],[2.14909301],[12.22726763]
[6.78513769],[2.13925312],[12.29763401]
[6.82244169],[2.13041412],[12.38730391]
[6.93142729],[2.11909271],[12.4296484]
[6.94851311],[2.10671339],[12.34490093]
[7.05134933],[2.09474749],[12.29573204]
[6.98353714],[2.07644012],[12.03614774]
[6.85398265],[2.05552995],[11.7718424]
[6.72665713],[2.02950588],[11.41227464]
[6.6188249],[2.00477862],[11.01676971]
[6.51643073],[1.97466781],[10.62136634]
[6.3725041],[1.93743617],[10.18152834]
[6.25334751],[1.89121479],[9.76532989]
[6.13142069],[1.84271182],[9.35847334]
[5.99998811],[1.78855152],[8.89487731]
[5.86274242],[1.73701199],[8.42047774]
[5.71668401],[1.68505913],[7.95679024]
[5.55917027],[1.6405045],[7.46180447]
[5.34670567],[1.62723947],[7.04113517]
[5.18225169],[1.61228914],[6.67629604]
[4.660462],[1.5960136],[6.15421457]
[1.70692218],[1.42068785],[1.76477511]
[0.],[0.],[0.]
[1.68414183],[0.70833117],[0.98364923]
[2.4764694],[0.92963047],[1.68999606]
[2.6323663],[1.05767271],[2.02974362]
[3.11595265],[1.16182324],[2.87387492]
[3.39676606],[1.32094709],[3.46618552]
[3.82872394],[1.38379807],[3.94187434]
[4.0629154],[1.48272397],[4.34471348]
[4.31931879],[1.53587575],[4.7646621]
[4.41135738],[1.60946206],[5.13274026]
[4.60980258],[1.6300484],[5.57856023]
[4.66669297],[1.67900214],[5.90050616]
[4.75785158],[1.69324996],[6.3813622]
[4.80015583],[1.73082552],[6.66863637]
[4.89182505],[1.74107788],[7.01868735]
[5.12146359],[1.78201759],[7.33747306]
[5.29266767],[1.84202166],[7.80258046]
[5.39693193],[1.89437101],[8.2338738]
[5.56823376],[1.94221627],[8.6606638]
[5.66002459],[1.97071671],[9.0134975]
[5.92957915],[2.00396559],[9.66414061]
[5.99483135],[2.03185044],[9.9779777]
[6.16322977],[2.05883274],[10.37659831]
[6.34290092],[2.08469453],[10.66769206]
[6.4830932],[2.09991028],[11.02653897]
[6.57580841],[2.11756771],[11.34318803]
[6.67529738],[2.13196468],[11.6867864]
[6.72736814],[2.1494688],[12.00431739]
[6.81137972],[2.1622506],[12.30313046]
[6.84042134],[2.17738217],[12.55361404]
[6.95715001],[2.18939568],[12.80837435]
[6.9798059],[2.2096137],[13.01680764]
[7.1202311],[2.20790171],[13.24517958]
[7.15982322],[2.20732189],[13.39528718]
[7.2828582],[2.19734624],[13.60344611]
[7.31385481],[2.187587],[13.65469029]
[7.40349019],[2.17570325],[13.79652047]
[7.43352279],[2.16244334],[13.71453951]
[7.47692862],[2.15030597],[13.65871817]
[7.45639659],[2.1331275],[13.44549909]
[7.38447947],[2.11451739],[13.16700938]
[7.24337716],[2.08948518],[12.75952559]
[7.07437549],[2.0652511],[12.2858833]
[6.89106767],[2.03664626],[11.83200135]
[6.76235166],[2.00259902],[11.37829023]
[6.65549973],[1.9611026],[10.95003326]
[6.55521388],[1.91837389],[10.53837084]
[6.42758972],[1.87528881],[10.05949917]
[6.27656348],[1.82451158],[9.48121886]
[6.13663586],[1.77573696],[8.97510384]
[5.98672243],[1.72676127],[8.4117829]
[5.71511521],[1.67153663],[7.72906896]
[5.40672227],[1.64637068],[7.30812028]
[4.90206796],[1.63278927],[6.77524529]
[1.93106076],[1.45959501],[2.01461031]
[0.],[0.],[0.]
[1.69154695],[0.7155099],[1.00161899]
[2.48003091],[0.93657476],[1.70394664]
[2.7112602],[1.06452046],[2.08294204]
[3.15300538],[1.1805011],[2.952985]
[3.43486197],[1.34417179],[3.55274512]
[3.88394481],[1.41101964],[4.06304339]
[4.09971428],[1.52030661],[4.49216644]
[4.42316855],[1.57314145],[5.01990521]
[4.52924811],[1.64596468],[5.39823469]
[4.68004107],[1.66536047],[5.83038933]
[4.73929344],[1.71392613],[6.30043267]
[4.81066008],[1.72692031],[6.76650536]
[4.90499681],[1.76183259],[7.07316582]
[5.1131555],[1.81310061],[7.42988456]
[5.26850118],[1.86861505],[7.906493]
[5.40485237],[1.92694513],[8.38920835]
[5.5164724],[1.97654473],[8.79905254]
[5.83904693],[2.01902496],[9.30807993]
[5.95712803],[2.04863934],[9.7900641]
[6.11905743],[2.07765611],[10.39511535]
[6.25615813],[2.10672242],[10.85453294]
[6.53081281],[2.12610321],[11.31224037]
[6.68407605],[2.15328615],[11.7097965]
[6.79394331],[2.16432808],[12.0895069]
[6.83307187],[2.18504063],[12.45605172]
[6.93881999],[2.20318497],[12.80540794]
[6.94816349],[2.22906151],[13.153451]
[7.14735195],[2.24477128],[13.54643497]
[7.1441985],[2.26028519],[13.79468478]
[7.36910374],[2.27263472],[14.2219097]
[7.41392604],[2.29281008],[14.43258403]
[7.50075305],[2.28758616],[14.70607709]
[7.53821541],[2.28304504],[14.8503205]
[7.58691446],[2.27059998],[15.01788161]
[7.65815733],[2.25814271],[15.10219485]
[7.70538973],[2.2432005],[15.16898155]
[7.89066151],[2.2269888],[15.23266067]
[7.95254808],[2.21037266],[15.15069962]
[8.07286627],[2.19389939],[15.09816113]
[7.9852611],[2.17342995],[14.75872455]
[7.7251141],[2.14926936],[14.29490388]
[7.53380086],[2.12807962],[13.78958666]
[7.39209885],[2.10230692],[13.27480499]
[7.26107933],[2.0720963],[12.75187597]
[7.10967819],[2.03503835],[12.26323449]
[6.91498883],[1.99971821],[11.77548848]
[6.77995848],[1.96375638],[11.30996999]
[6.67856564],[1.92133449],[10.74918011]
[6.57960701],[1.87870566],[10.15156018]
[6.44844862],[1.83369592],[9.57509606]
[6.25225418],[1.7926721],[8.82295761]
[5.83564464],[1.74118445],[8.05149883]
[5.10514451],[1.68943173],[7.39608798]
[2.05310103],[1.50998209],[2.19663497]
[0.],[0.],[0.]
[1.70255334],[0.73003519],[1.03494928]
[2.49415117],[0.94834095],[1.7352124]
[2.82297922],[1.07535372],[2.20251634]
[3.20670843],[1.21068765],[3.084879]
[3.55619783],[1.37518083],[3.70236301]
[3.96051486],[1.44532139],[4.22203937]
[4.17972916],[1.55632029],[4.71264993]
[4.53633105],[1.60667599],[5.28353302]
[4.64232558],[1.67727464],[5.65112582]
[4.74907547],[1.69650556],[6.18127941]
[4.80573753],[1.74065738],[6.65769332]
[4.88056689],[1.75462189],[7.09155066]
[5.10739814],[1.82366367],[7.45247077]
[5.26821184],[1.88391149],[7.94454087]
[5.37884994],[1.93751563],[8.4206139]
[5.53637231],[1.99458739],[8.89208991]
[5.74224368],[2.04485083],[9.32628829]
[6.043982],[2.08109351],[9.97359149]
[6.17973716],[2.11349123],[10.47736377]
[6.36667917],[2.13781246],[11.0963968]
[6.60373795],[2.16925924],[11.77770688]
[6.80772772],[2.18681022],[12.26948775]
[6.88791871],[2.22406655],[12.69607636]
[7.08605581],[2.25566473],[13.1527177]
[7.08332062],[2.28752531],[13.55024503]
[7.33657712],[2.31271341],[14.10133713]
[7.34461226],[2.33922879],[14.46775434]
[7.50091363],[2.35428404],[15.02003835]
[7.52728985],[2.36933634],[15.295479]
[7.62661054],[2.38129847],[15.71770679]
[7.67928814],[2.40126427],[15.97218517]
[7.73067714],[2.39702646],[16.1930049]
[7.84362713],[2.4126068],[16.42010099]
[7.93306072],[2.39333099],[16.5523712]
[8.12119871],[2.37840877],[16.7918534]
[8.1848646],[2.35231527],[16.82704434]
[8.28157647],[2.32382522],[16.91549908]
[8.33712601],[2.30645762],[16.85935915]
[8.38415545],[2.28769179],[16.73309416]
[8.42934694],[2.256064],[16.50912724]
[8.30285821],[2.21734372],[16.0613167]
[8.15359531],[2.18195595],[15.54295925]
[7.94523184],[2.15763649],[14.89027574]
[7.69905051],[2.12888122],[14.21619112]
[7.55156153],[2.09602409],[13.64843847]
[7.40197035],[2.06341542],[13.1291511]
[7.28845744],[2.0293354],[12.60217184]
[7.13633148],[1.99085657],[11.99276803]
[6.97523934],[1.952458],[11.33832259]
[6.80248911],[1.91218858],[10.66637128]
[6.65414443],[1.86731587],[9.92641384]
[6.47916614],[1.82216449],[9.17737268]
[5.52749224],[1.77754461],[8.11215938]
[2.22484674],[1.55144592],[2.45540812]
[0.],[0.],[0.]
[1.70991308],[0.73234436],[1.05317607]
[2.50288598],[0.96052138],[1.7616967]
[2.90482356],[1.08731103],[2.31814988]
[3.24717224],[1.23790759],[3.20125492]
[3.65889992],[1.40943352],[3.85477342]
[4.01499079],[1.48216057],[4.3740808]
[4.26363724],[1.59453201],[4.96380801]
[4.63147963],[1.64163562],[5.53960609]
[4.73623856],[1.71053224],[5.9112224]
[4.8113309],[1.72993092],[6.54603023]
[4.88836313],[1.76950063],[7.02433123]
[5.10395323],[1.82689514],[7.47647003]
[5.2561173],[1.89221212],[7.9815225]
[5.38256336],[1.95076086],[8.46977886]
[5.46264556],[2.00284942],[8.90089578]
[5.75893567],[2.05818664],[9.4069871]
[5.98251336],[2.10855693],[9.94723897]
[6.20007028],[2.14280385],[10.599117]
[6.44713477],[2.17717147],[11.19334744]
[6.65975385],[2.2181132],[11.9381559]
[6.8099047],[2.26021843],[12.71099569]
[7.06464113],[2.29525085],[13.31795594]
[7.18150257],[2.33298313],[13.78309107]
[7.45277688],[2.36585451],[14.43151003]
[7.49648921],[2.39976715],[14.86671518]
[7.60756691],[2.42695768],[15.45018036]
[7.63951739],[2.45737997],[15.878284]
[7.710277],[2.483179],[16.39583986]
[7.79750146],[2.51016669],[16.79865616]
[7.89321488],[2.53127066],[17.18440742]
[8.1212184],[2.55750037],[17.62515316]
[8.18732762],[2.55619635],[17.82802094]
[8.29791612],[2.55998605],[18.13178278]
[8.35342996],[2.54914726],[18.2684132]
[8.41394738],[2.53447755],[18.45155802]
[8.4580143],[2.51252879],[18.51810435]
[8.50632726],[2.48651258],[18.5293244]
[8.73918967],[2.45890219],[18.63401655]
[8.83882099],[2.43081473],[18.54080628]
[8.97921197],[2.40178288],[18.4331121]
[8.90915283],[2.35743971],[17.98599238]
[8.58494913],[2.30206013],[17.36247113]
[8.34815102],[2.24798482],[16.6963932]
[8.22673279],[2.21178975],[15.99660352]
[8.08920119],[2.15842563],[15.33883072]
[7.91968448],[2.12846552],[14.67487093]
[7.68996332],[2.09725506],[14.02050182]
[7.53952996],[2.06070808],[13.36924788]
[7.39149463],[2.02305336],[12.74175985]
[7.28457059],[1.98630999],[12.03003414]
[7.16035546],[1.94586948],[11.26115473]
[6.83942583],[1.90191772],[10.38013282]
[6.25455588],[1.85767093],[9.30996547]
[2.31329058],[1.59266687],[2.6630381]
[0.],[0.],[0.]
[1.72265312],[0.74474337],[1.08880184]
[2.53430221],[0.97745748],[1.80559102]
[3.00298716],[1.10447865],[2.49013411]
[3.30312233],[1.2914661],[3.37263438]
[3.75654338],[1.4597883],[4.04356989]
[4.06978012],[1.52794975],[4.61840299]
[4.40670163],[1.64342902],[5.3011978]
[4.70205224],[1.68535537],[5.81761928]
[4.80265377],[1.74742977],[6.32395787]
[4.85806701],[1.76138887],[6.94976633]
[5.08314488],[1.83825305],[7.46118011]
[5.25208676],[1.90545147],[8.03575754]
[5.36407783],[1.96427888],[8.55674265]
[5.47771313],[2.01565495],[8.99694235]
[5.60008423],[2.06609198],[9.44847852]
[5.9892474],[2.1172473],[10.07892805]
[6.1506938],[2.16672334],[10.64424465]
[6.44393456],[2.19771367],[11.29891259]
[6.70570421],[2.26827544],[12.10022307]
[6.87725095],[2.30851279],[12.89850506]
[6.98193198],[2.351134],[13.67625999]
[7.41232028],[2.38790083],[14.54131154]
[7.54868702],[2.43010926],[15.12489013]
[7.68188521],[2.48295604],[15.75630793]
[7.76563956],[2.54701497],[16.26943421]
[7.85531917],[2.59509692],[16.83183671]
[8.02576317],[2.63819902],[17.38358606]
[8.16518861],[2.66485391],[17.91771009]
[8.27414572],[2.69067803],[18.48817489]
[8.38150323],[2.7058055],[18.95321295]
[8.45499428],[2.71781393],[19.39069997]
[8.49983421],[2.71861449],[19.64608981]
[8.53002767],[2.71499494],[19.85593582]
[8.67299734],[2.70251916],[20.08696667]
[8.79913227],[2.67605296],[20.22917099]
[8.98173546],[2.6526988],[20.45569023]
[9.06060198],[2.62413409],[20.44971198]
[9.14197138],[2.59656081],[20.50854511]
[9.20470217],[2.57183931],[20.39585032]
[9.24144919],[2.54623191],[20.21709339]
[9.31611968],[2.50572105],[19.91040023]
[9.16711993],[2.45974015],[19.37239932]
[9.00167162],[2.4138635],[18.70752174]
[8.72951818],[2.36144791],[17.87780541]
[8.42873197],[2.30042368],[17.09261747]
[8.31426483],[2.23116296],[16.38578603]
[8.21131357],[2.15534342],[15.68125668]
[8.07223588],[2.12157087],[14.94307921]
[7.89972283],[2.08677216],[14.20198421]
[7.6715888],[2.05075967],[13.38534806]
[7.52081976],[2.01319116],[12.56871866]
[7.28150489],[1.97298753],[11.6932801]
[6.86423776],[1.9317097],[10.49827633]
[2.66822404],[1.64180092],[3.04125555]
[0.],[0.],[0.]
[1.73190315],[0.75336431],[1.11758175]
[2.55345453],[0.99269204],[1.8638034]
[3.08460897],[1.14820602],[2.63571224]
[3.44013053],[1.33976641],[3.52884105]
[3.83704337],[1.50186524],[4.20596191]
[4.17841488],[1.57199006],[4.89842305]
[4.50917459],[1.6849054],[5.58330759]
[4.75982437],[1.7255178],[6.18867856]
[4.85515497],[1.77939921],[6.75645435]
[5.05885541],[1.83410257],[7.39889679]
[5.22709443],[1.92259441],[7.98016886]
[5.36380055],[1.98911971],[8.62833016]
[5.44931758],[2.04486718],[9.12854202]
[5.62508793],[2.09093854],[9.57676203]
[5.87972425],[2.13988102],[10.07374988]
[6.13776362],[2.18351096],[10.78743844]
[6.38774288],[2.23178739],[11.45388257]
[6.71964234],[2.29504549],[12.18679853]
[6.87745439],[2.36678689],[13.10602166]
[7.15021758],[2.40602466],[13.95751942]
[7.29413122],[2.44951923],[14.88829752]
[7.62589285],[2.50943326],[15.82491434]
[7.79606315],[2.57407236],[16.51192647]
[8.01063552],[2.62821088],[17.13705614]
[8.22972678],[2.68042432],[17.79883008]
[8.35516803],[2.71863474],[18.36569873]
[8.42776287],[2.75342671],[18.97930599]
[8.50699054],[2.7757739],[19.52693058]
[8.54857746],[2.80057418],[20.07566353]
[8.65559522],[2.81624478],[20.65829594]
[8.76075855],[2.84574557],[21.09347137]
[8.98452887],[2.86562548],[21.56799391]
[9.06226339],[2.87156232],[21.82571101]
[9.16039537],[2.85668032],[22.13553543]
[9.23348376],[2.83012028],[22.29393904]
[9.27763788],[2.80524583],[22.45092943]
[9.33086496],[2.77691116],[22.50267352]
[9.34650017],[2.74457913],[22.47079735]
[9.69476983],[2.71406374],[22.60566294]
[9.86655891],[2.68252201],[22.49625764]
[9.96238645],[2.64535859],[22.2908847]
[9.97645559],[2.59963577],[21.74483934]
[9.38768537],[2.55267021],[20.78099764]
[9.19774428],[2.50226575],[19.94918167]
[9.05659176],[2.45809778],[19.12484236]
[8.87988694],[2.41164201],[18.31303581]
[8.64801483],[2.34179534],[17.49229733]
[8.39229981],[2.20163305],[16.63697643]
[8.26652799],[2.15319604],[15.85011448]
[8.15502437],[2.12108096],[15.07810771]
[8.01887964],[2.08542245],[14.13470998]
[7.75474139],[2.05072437],[13.15613109]
[7.2392993],[2.01337243],[11.91885361]
[2.97755249],[1.77890076],[3.39064627]
[0.],[0.],[0.]
[1.7397471],[0.76063226],[1.14362779]
[2.55724712],[1.00779934],[1.93627665]
[3.15510649],[1.20331266],[2.77705216]
[3.57537337],[1.38660638],[3.69365652]
[3.9052169],[1.5414521],[4.377954]
[4.3210128],[1.61523178],[5.20012536]
[4.59135435],[1.72317751],[5.86638485]
[4.80694204],[1.75632586],[6.57085617]
[5.03987112],[1.80869111],[7.20820589]
[5.21543722],[1.90966283],[7.81216811]
[5.3353258],[1.9934832],[8.52307871]
[5.44885045],[2.05913542],[9.13316903]
[5.55083684],[2.11392666],[9.66632241]
[5.90819526],[2.15627372],[10.19359096]
[6.08344752],[2.20635213],[10.83559003]
[6.32769069],[2.25539186],[11.55252702]
[6.66469912],[2.33682396],[12.35444641]
[6.89142596],[2.40322538],[13.21349065]
[7.0905187],[2.49359088],[14.14910193]
[7.44414888],[2.55575255],[15.22726395]
[7.59750574],[2.61606014],[16.24456187]
[7.79536631],[2.66216052],[17.09518507]
[8.20099603],[2.71084407],[18.03006984]
[8.41743007],[2.75270354],[18.76929384]
[8.5273083],[2.79432691],[19.42065365]
[8.61644065],[2.82804556],[20.00598856]
[8.64812123],[2.86343298],[20.56959299]
[8.9576427],[2.89569117],[21.31352004]
[9.00066969],[2.93085159],[21.87248678]
[9.19208714],[2.97027191],[22.68385148]
[9.26712878],[3.01407956],[23.19028056]
[9.31985972],[3.03414437],[23.65369007]
[9.37151866],[3.03705024],[23.97271485]
[9.39074829],[3.01821126],[24.19858945]
[9.58633116],[2.98458983],[24.47725863]
[9.74579208],[2.957305],[24.62050618]
[9.95014141],[2.92605673],[24.91341006]
[10.06727307],[2.89402487],[24.95140187]
[10.1257308],[2.86241782],[24.91466371]
[10.4556759],[2.83371138],[24.83204737]
[10.63621163],[2.79550343],[24.76093578]
[10.70535438],[2.75360923],[24.43613375]
[10.61142768],[2.70447726],[23.67635886]
[10.03356842],[2.64990259],[22.57451585]
[9.57533858],[2.60150342],[21.34192521]
[9.23375027],[2.55456313],[20.38999683]
[9.13225616],[2.51415003],[19.57104641]
[8.99797261],[2.41226004],[18.67692007]
[8.82405086],[2.29317325],[17.73036396]
[8.58381051],[2.17577378],[16.72001106]
[8.33336023],[2.14264262],[15.60801342]
[8.19383324],[2.10914237],[14.60774355]
[7.77874812],[2.07609075],[13.25435077]
[3.55879062],[1.87009448],[3.79607891]
[0.],[0.],[0.]
[1.74532895],[0.52425044],[0.80460612]
[2.55991103],[0.69880503],[1.43679811]
[3.22929442],[0.94762181],[2.25751396]
[3.66255456],[1.14569481],[3.10472284]
[3.95425965],[1.29377098],[3.76809484]
[4.41803668],[1.41530048],[4.59503654]
[4.6623099],[1.50320532],[5.24628794]
[4.86151045],[1.61745683],[6.00864163]
[5.18829694],[1.72144875],[6.66854059]
[5.33217842],[1.81110525],[7.28150818]
[5.42272563],[1.8922201],[8.01482241]
[5.55693735],[1.95893257],[8.55774374]
[5.76148943],[2.02176172],[9.1199254]
[6.0785464],[2.05729513],[9.78788838]
[6.28049911],[2.12785451],[10.45010613]
[6.60603128],[2.19277968],[11.15070257]
[6.83256154],[2.27266256],[12.10994067]
[7.11100345],[2.36700738],[12.9690759]
[7.37364589],[2.46670802],[14.01521815]
[7.6281341],[2.51600896],[15.19703389]
[7.81358774],[2.56118634],[16.15035005]
[8.15624726],[2.59696211],[17.15854902]
[8.47115344],[2.64042282],[18.184948]
[8.64511923],[2.6920192],[18.92100813]
[8.81322473],[2.7518614],[19.58140834]
[9.13800434],[2.8026049],[20.38110971]
[9.22364049],[2.86046424],[20.97252126]
[9.3232988],[2.90816794],[21.75011539]
[9.38508935],[2.96075688],[22.3249563]
[9.43553517],[3.01307495],[23.03957531]
[9.52654106],[3.05295419],[23.65416717]
[9.62959942],[3.0789597],[24.14952956]
[9.90571781],[3.09999293],[24.78902831]
[10.02935254],[3.10585891],[25.10910213]
[10.12001271],[3.08498142],[25.47172668]
[10.26217005],[3.08374218],[25.65121374]
[10.44948862],[3.04924643],[25.78070413]
[10.70874603],[3.01106901],[26.11146045]
[10.8350183],[2.96824298],[26.20445668]
[10.90656865],[2.93059726],[26.18642143]
[11.18917253],[2.89238244],[26.00578003]
[11.35086702],[2.85467177],[25.83616333]
[11.36755078],[2.80484082],[25.38949551]
[11.16027969],[2.74039247],[24.25048791]
[10.72687582],[2.67020896],[22.84131048]
[10.19763329],[2.62268157],[21.61940425]
[9.80196277],[2.5806142],[20.46974158]
[9.35218913],[2.5070016],[19.33666153]
[9.18104699],[2.41804446],[18.47166535]
[9.07773331],[2.31124377],[17.53880776]
[8.94182347],[2.16086681],[16.33733581]
[8.77237469],[2.03423826],[15.14396626]
[8.15844539],[2.00726157],[13.71356992]
