meltWidth,meltDepth,meltArea
[0.],[0.],[0.]
[0.],[0.],[0.]
[0.],[0.],[0.]
[0.],[0.],[0.]
[0.],[0.],[0.]
[0.],[0.],[0.]
[0.],[0.],[0.]
[0.],[0.],[0.]
[0.],[0.],[0.]
[0.],[0.],[0.]
[0.],[0.],[0.]
[0.],[0.],[0.]
[0.],[0.],[0.]
[0.],[0.],[0.]
[0.],[0.],[0.]
[0.],[0.],[0.]
[0.],[0.],[0.]
[0.],[0.],[0.]
[0.],[0.],[0.]
[0.],[0.],[0.]
[0.],[0.],[0.]
[0.],[0.],[0.]
[0.],[0.],[0.]
[0.],[0.],[0.]
[0.],[0.],[0.]
[0.],[0.],[0.]
[0.],[0.],[0.]
[0.],[0.],[0.]
[0.],[0.],[0.]
[0.],[0.],[0.]
[0.],[0.],[0.]
[0.],[0.],[0.]
[0.],[0.],[0.]
[0.],[0.],[0.]
[0.],[0.],[0.]
[0.],[0.],[0.]
[0.],[0.],[0.]
[0.],[0.],[0.]
[0.],[0.],[0.]
[0.],[0.],[0.]
[0.],[0.],[0.]
[0.],[0.],[0.]
[0.],[0.],[0.]
[0.],[0.],[0.]
[0.],[0.],[0.]
[0.],[0.],[0.]
[0.],[0.],[0.]
[0.],[0.],[0.]
[0.],[0.],[0.]
[0.],[0.],[0.]
[0.],[0.],[0.]
[0.],[0.],[0.]
[0.],[0.],[0.]
[0.],[0.],[0.]
[0.],[0.],[0.]
[0.],[0.],[0.]
[0.],[0.],[0.]
[1.45106798],[0.26136054],[0.22792811]
[1.79003839],[0.29418618],[0.3545805]
[1.8406126],[0.34821648],[0.43576327]
[1.93228394],[0.43388577],[0.55867006]
[2.0228169],[0.50664301],[0.68057365]
[2.09794618],[0.5372719],[0.74232666]
[2.23594171],[0.56302741],[0.8253892]
[2.24402533],[0.5803668],[0.83688966]
[2.29896186],[0.59335386],[0.88673459]
[2.3089617],[0.60185626],[0.889218]
[2.37820102],[0.61153975],[0.93517456]
[2.39714407],[0.62243861],[0.94167037]
[2.479348],[0.63321795],[0.98167827]
[2.50204276],[0.63785584],[0.997983]
[2.6040678],[0.64220792],[1.02804906]
[2.60962642],[0.64686861],[1.03861564]
[2.66632026],[0.65185473],[1.06492799]
[2.67524106],[0.65349695],[1.07584824]
[2.72593446],[0.65504225],[1.09100602]
[2.72568768],[0.65731653],[1.09944247]
[2.75547742],[0.65915184],[1.10987742]
[2.74876405],[0.65813397],[1.11164746]
[2.77451057],[0.65626202],[1.10716173]
[2.76581512],[0.65552958],[1.10672727]
[2.78350533],[0.65382188],[1.10584762]
[2.78257003],[0.65294134],[1.10634471]
[2.79612524],[0.65157658],[1.10514365]
[2.80071594],[0.65054645],[1.1116205]
[2.83718357],[0.65503818],[1.13141451]
[2.84421843],[0.65515246],[1.15397867]
[2.85483895],[0.65992639],[1.15401346]
[2.85883712],[0.66512912],[1.15770487]
[2.84332216],[0.67255683],[1.17344002]
[2.84881333],[0.67998243],[1.19346458]
[2.84901977],[0.68367338],[1.20952375]
[2.85632554],[0.68748425],[1.22042469]
[2.86183691],[0.68873691],[1.22134069]
[2.86373816],[0.68503468],[1.22091614]
[2.85952312],[0.68212118],[1.20596124]
[2.8464999],[0.67927153],[1.19164585]
[2.82027189],[0.67666732],[1.17907791]
[2.79321929],[0.67611908],[1.17370722]
[2.7732271],[0.67612889],[1.16221154]
[2.73739009],[0.66429806],[1.12795209]
[2.68709245],[0.65719183],[1.08932822]
[2.65110233],[0.64899832],[1.05315323]
[2.62154106],[0.64145048],[1.01187586]
[2.57997136],[0.63032861],[0.97071481]
[2.50980951],[0.61738428],[0.92836117]
[2.44210496],[0.60451902],[0.87563489]
[2.35949914],[0.5934675],[0.82740457]
[3.66734618],[0.09858678],[0.18875291]
[0.],[0.],[0.]
[0.],[0.],[0.]
[0.],[0.],[0.]
[1.88082607],[0.28595136],[0.38046486]
[1.95698352],[0.40273493],[0.54125866]
[2.05879441],[0.49723643],[0.73064937]
[2.17103645],[0.63049997],[0.94269842]
[2.28645045],[0.71436588],[1.11651846]
[2.36062128],[0.74501414],[1.20809915]
[2.43285727],[0.76218716],[1.28245764]
[2.4582706],[0.77411706],[1.31843966]
[2.51553833],[0.78645204],[1.36364988]
[2.58287266],[0.79665947],[1.41546387]
[2.6914697],[0.80918629],[1.48795668]
[2.7518594],[0.8187112],[1.55150078]
[2.8446575],[0.82889712],[1.62471495]
[2.88284503],[0.83274559],[1.67420162]
[2.95332887],[0.83610775],[1.72902992]
[2.97039066],[0.83872949],[1.75017957]
[3.00622518],[0.84182812],[1.78818129]
[3.00972976],[0.84461991],[1.80745635]
[3.03778387],[0.84748652],[1.83646519]
[3.04208953],[0.84978644],[1.85168385]
[3.05604644],[0.8514668],[1.87136714]
[3.0797227],[0.85048538],[1.87841719]
[3.06045191],[0.84856408],[1.87501134]
[3.0932944],[0.84649678],[1.87209892]
[3.05696304],[0.84483103],[1.8637349]
[3.09049836],[0.84326294],[1.85749621]
[3.05652536],[0.84072245],[1.85297095]
[3.09256346],[0.83928855],[1.84419876]
[3.09719752],[0.83280915],[1.86996355]
[3.11829401],[0.83461968],[1.85801929]
[3.10379604],[0.83261424],[1.86439826]
[3.11270177],[0.83096677],[1.82813123]
[3.07246443],[0.82938858],[1.80938062]
[3.07220567],[0.82748346],[1.80297062]
[3.06311247],[0.82596578],[1.79130835]
[3.06549208],[0.8238956],[1.7867546]
[3.06657658],[0.81939956],[1.77422431]
[3.06295422],[0.8136158],[1.75707197]
[3.05057875],[0.80336888],[1.7217855]
[3.03230696],[0.79361494],[1.68262739]
[3.00676868],[0.78318661],[1.6425709]
[2.97092497],[0.77378558],[1.59654251]
[2.94601863],[0.76457622],[1.55978257]
[2.91823452],[0.75935433],[1.52093178]
[2.88884063],[0.75450186],[1.48901308]
[2.87419955],[0.75039815],[1.46136367]
[2.85662513],[0.75068261],[1.43120116]
[2.84043098],[0.75173299],[1.40616423]
[2.81425098],[0.75118894],[1.37781125]
[2.78979245],[0.74842301],[1.34319416]
[2.74482102],[0.74207666],[1.29385874]
[5.08372795],[0.84538008],[3.31829719]
[3.93847119],[0.28691968],[0.68627681]
[1.75180616],[0.05621889],[0.06318912]
[0.34076167],[0.08604345],[0.01412763]
[1.98269102],[0.33102245],[0.45723908]
[2.10295923],[0.45862948],[0.66150446]
[2.22055051],[0.59381955],[0.92659465]
[2.33580687],[0.70991387],[1.15058363]
[2.42740818],[0.78739135],[1.3114544]
[2.49609207],[0.8153956],[1.42280694]
[2.56031166],[0.83247637],[1.48214322]
[2.65094104],[0.84299369],[1.56538671]
[2.74684082],[0.8532073],[1.62281958]
[2.81587201],[0.85761127],[1.6925604]
[2.87548716],[0.8630091],[1.74245518]
[2.94482195],[0.86646112],[1.80566927]
[3.00018039],[0.87057955],[1.85899181]
[3.03917981],[0.87346692],[1.89315688]
[3.07185821],[0.87635074],[1.93770315]
[3.08959894],[0.87915965],[1.95206491]
[3.095183],[0.88218034],[1.97406764]
[3.11015176],[0.88456983],[1.99017558]
[3.11378128],[0.8877565],[2.00848025]
[3.12475372],[0.89094686],[2.01892677]
[3.12233291],[0.89213696],[2.02882153]
[3.12736137],[0.89085574],[2.03119002]
[3.12318213],[0.88913649],[2.02880513]
[3.13325884],[0.88791987],[2.02032294]
[3.11871534],[0.88574999],[2.01019204]
[3.12657887],[0.8842389],[1.99906955]
[3.11635188],[0.88251228],[1.9941509]
[3.12133606],[0.88045815],[1.97804622]
[3.14076421],[0.87583247],[2.01394831]
[3.13430719],[0.87679789],[1.98169815]
[3.13679523],[0.87497215],[2.00175813]
[3.1283354],[0.87272405],[1.95766465]
[3.1011376],[0.87093901],[1.94150988]
[3.0985444],[0.86942648],[1.93369605]
[3.09133094],[0.86718159],[1.92080038]
[3.0921913],[0.86490429],[1.91575555]
[3.09049851],[0.86080651],[1.90492394]
[3.08941899],[0.85746994],[1.89373027]
[3.08166465],[0.85364024],[1.87066107]
[3.06683097],[0.85021458],[1.83959636]
[3.05008226],[0.84637976],[1.80997703]
[3.02916958],[0.84076821],[1.77367638]
[3.01816793],[0.83147748],[1.74397967]
[3.00368806],[0.82309636],[1.7133675]
[2.99130604],[0.81637003],[1.68926729]
[2.97856521],[0.81048499],[1.65953834]
[2.96185316],[0.80374357],[1.62541008]
[2.95060794],[0.80037387],[1.59998994]
[2.9307923],[0.79516414],[1.5654106]
[2.9164163],[0.79084833],[1.53509268]
[2.89637351],[0.78599745],[1.50480757]
[6.88518735],[0.9374052],[4.60997154]
[5.00557172],[0.66025891],[1.71854976]
[3.50725345],[0.27831533],[0.61821847]
[1.2234806],[0.11906624],[0.03547698]
[2.16500077],[0.3677684],[0.54967758]
[2.24710166],[0.52208615],[0.8116796]
[2.34267484],[0.65643391],[1.07778322]
[2.44271843],[0.75977163],[1.32147826]
[2.50249809],[0.83926493],[1.46158487]
[2.5516011],[0.86714096],[1.57724118]
[2.64207862],[0.87934097],[1.64477493]
[2.74365357],[0.88220122],[1.72566468]
[2.83644459],[0.88567541],[1.79838209]
[2.91826828],[0.88892999],[1.85336228]
[2.96651884],[0.89247544],[1.89889031]
[3.04442641],[0.89538517],[1.95002047]
[3.07321451],[0.89891217],[1.9944964]
[3.11406345],[0.90110425],[2.02539169]
[3.13047617],[0.90377672],[2.06782717]
[3.15939136],[0.90675982],[2.08339563]
[3.15353027],[0.90970438],[2.10654425]
[3.17524116],[0.91146744],[2.11923953]
[3.16682888],[0.91385481],[2.13427703]
[3.18416649],[0.91602235],[2.136951]
[3.1677908],[0.91674524],[2.1495418]
[3.17951655],[0.91557473],[2.14279655]
[3.16528643],[0.91397534],[2.14096178]
[3.17825013],[0.91313149],[2.12790662]
[3.15996809],[0.91094272],[2.1182584]
[3.17261825],[0.90959334],[2.10794158]
[3.16020452],[0.90771765],[2.10423346]
[3.16319366],[0.90556816],[2.08298937]
[3.18583384],[0.90436413],[2.12537045]
[3.16901269],[0.90239335],[2.08560772]
[3.18273481],[0.90062699],[2.11136629]
[3.16287572],[0.89837505],[2.06232633]
[3.15130865],[0.89661393],[2.0499597]
[3.14819101],[0.89519044],[2.0410768]
[3.14156749],[0.89293798],[2.02838007]
[3.14177879],[0.89062886],[2.02365686]
[3.14133885],[0.88617084],[2.01225435]
[3.14182505],[0.88265147],[1.99967871]
[3.13805816],[0.87857778],[1.97958318]
[3.12231413],[0.87518266],[1.95326819]
[3.10596259],[0.87224007],[1.9301813]
[3.08624592],[0.86835791],[1.89910601]
[3.07501466],[0.86509322],[1.87394772]
[3.06139053],[0.86160505],[1.84869399]
[3.04958261],[0.85843116],[1.82806593]
[3.03966],[0.85270959],[1.80406056]
[3.03433971],[0.84695829],[1.78334005]
[3.02444254],[0.84165081],[1.75934423]
[3.00609243],[0.83197025],[1.72560841]
[2.99907941],[0.82784566],[1.70174921]
[2.98712692],[0.82207489],[1.67133809]
[6.95451295],[1.02701391],[4.88677881]
[5.11885873],[0.86914904],[2.51159547]
[3.82169318],[0.58345383],[1.26212818]
[2.60880052],[0.26072727],[0.45801582]
[2.26177546],[0.39457701],[0.65256238]
[2.41582949],[0.58976611],[1.00592279]
[2.43602348],[0.71627583],[1.23465726]
[2.52546772],[0.81001054],[1.48441668]
[2.55318671],[0.87137748],[1.5923642]
[2.58184199],[0.89699753],[1.69603029]
[2.69565405],[0.91039243],[1.76296861]
[2.84436764],[0.91325246],[1.87581908]
[2.93290049],[0.91610185],[1.98134993]
[3.01692793],[0.91854303],[2.02763208]
[3.04907537],[0.92073564],[2.07476058]
[3.1152188],[0.92277755],[2.11326879]
[3.14421402],[0.92555992],[2.16854098]
[3.17726874],[0.92730181],[2.16594265]
[3.19338209],[0.92957529],[2.22529477]
[3.21556562],[0.93217453],[2.21429181]
[3.21568512],[0.93454028],[2.26467972]
[3.22759795],[0.93615273],[2.24835036]
[3.22446294],[0.9381447],[2.29625824]
[3.22789668],[0.93957562],[2.27374338]
[3.21776448],[0.94047704],[2.31574545]
[3.22149543],[0.93930058],[2.28414175]
[3.21309142],[0.9377525],[2.30452237]
[3.21952375],[0.93660546],[2.25884719]
[3.20482219],[0.93419628],[2.26462118]
[3.214788],[0.93261572],[2.23633169]
[3.20265607],[0.93122264],[2.24319905]
[3.20752748],[0.92913748],[2.20478363]
[3.22380235],[0.92923921],[2.24897855]
[3.21249001],[0.92684941],[2.19919678]
[3.21986292],[0.92535651],[2.22123333]
[3.20445074],[0.92331454],[2.1647155]
[3.19149775],[0.92182234],[2.14851269]
[3.18922766],[0.9207631],[2.13819207]
[3.1817433],[0.91845218],[2.12429]
[3.18295017],[0.91647923],[2.12193307]
[3.18093995],[0.91306576],[2.11067217]
[3.1773794],[0.91020582],[2.09586256]
[3.17120119],[0.90667013],[2.07382933]
[3.15864431],[0.90310956],[2.04527265]
[3.14399374],[0.89988142],[2.01974925]
[3.12404588],[0.89593226],[1.98844893]
[3.11289924],[0.89237839],[1.97064771]
[3.09908187],[0.88855894],[1.94984971]
[3.08778176],[0.88430293],[1.93236069]
[3.07647718],[0.87980458],[1.90850229]
[3.06535997],[0.87641527],[1.88244545]
[3.05623113],[0.8711588],[1.85967082]
[3.03851443],[0.86568816],[1.83005346]
[3.03092348],[0.8601148],[1.80845606]
[3.02271485],[0.85454909],[1.78616849]
[7.10925163],[1.07050112],[5.19761303]
[5.29430521],[0.92929767],[2.63968687]
[3.8923193],[0.71028638],[1.39906182]
[2.66813979],[0.47005657],[0.69720611]
[2.07446614],[0.40432833],[0.77530899]
[2.49079825],[0.63713354],[1.134067]
[2.52603173],[0.76552212],[1.37561373]
[2.59065215],[0.83995459],[1.59250701]
[2.61094391],[0.90270355],[1.70324796]
[2.63841018],[0.92698829],[1.77645929]
[2.86201117],[0.935957],[1.92372448]
[3.00248761],[0.93802759],[2.26045498]
[3.04779556],[0.94032102],[2.35486211]
[3.1090226],[0.94257892],[2.35427988]
[3.12993461],[0.94427322],[2.39241521]
[3.18057045],[0.94582297],[2.40500838]
[3.20476474],[0.94833663],[2.48233249]
[3.23155294],[0.94975646],[2.45930695]
[3.24383743],[0.95439787],[2.55298733]
[3.26114013],[0.95449404],[2.52902107]
[3.26135241],[0.9688236],[2.58221565]
[3.2718016],[0.96520242],[2.54691651]
[3.2639922],[0.98490439],[2.59157043]
[3.26689],[0.97502008],[2.53933562]
[3.25670806],[0.99060891],[2.56704682]
[3.26103439],[0.97559791],[2.49711409]
[3.25278608],[0.97970365],[2.51630468]
[3.25943448],[0.96195906],[2.44966333]
[3.24598496],[0.96287176],[2.45923931]
[3.25269544],[0.95397378],[2.40078563]
[3.24234609],[0.95227086],[2.41633576]
[3.24506127],[0.95012636],[2.35404888]
[3.25386288],[0.95016134],[2.39590571]
[3.25022664],[0.94738944],[2.33831555]
[3.25026073],[0.94601238],[2.36071614]
[3.24310614],[0.94396605],[2.30095554]
[3.22804876],[0.94229714],[2.27774725]
[3.22536761],[0.94085728],[2.26305668]
[3.21915114],[0.93853131],[2.24288537]
[3.21826816],[0.93668626],[2.23430487]
[3.21670425],[0.93322997],[2.21954822]
[3.214161],[0.93069873],[2.19969407]
[3.20920457],[0.92761496],[2.16908106]
[3.1984862],[0.92517267],[2.14368213]
[3.18439574],[0.92319102],[2.1196061]
[3.16365543],[0.92007406],[2.0865938]
[3.15125159],[0.91622069],[2.06540514]
[3.13737998],[0.9126207],[2.04314377]
[3.12500395],[0.90922049],[2.02400449]
[3.11061606],[0.90469842],[2.00096521]
[3.09832916],[0.89873751],[1.97796527]
[3.08523734],[0.89184601],[1.95683823]
[3.06725284],[0.88488161],[1.9248616]
[3.06595083],[0.88058009],[1.91007375]
[3.05392773],[0.87811775],[1.88348257]
[7.15963862],[1.13826708],[5.56417627]
[5.37767279],[0.9811101],[2.87386494]
[3.98494963],[0.70320521],[1.51266426]
[2.66466303],[0.49090965],[0.7280712]
[1.78177885],[0.33470437],[0.59607929]
[2.34576305],[0.68437236],[1.16081681]
[2.51917397],[0.79575281],[1.4503594]
[2.56653974],[0.87047097],[1.62382085]
[2.60037121],[0.92975329],[1.75385092]
[2.65739111],[0.95013421],[1.80748821]
[2.88737319],[0.95843686],[1.99117005]
[3.03745595],[0.96005085],[2.32433687]
[3.085818],[0.96145873],[2.42976191]
[3.14457721],[0.96180565],[2.41726279]
[3.16640944],[0.96133546],[2.48337435]
[3.21058535],[0.96286732],[2.48993565]
[3.23340318],[0.98155549],[2.58535268]
[3.26107059],[0.98342302],[2.55818122]
[3.27321148],[1.00728176],[2.64105423]
[3.29125159],[0.99544325],[2.60307787]
[3.29342883],[1.02554764],[2.64918176]
[3.32698166],[1.0135388],[2.60875016]
[3.29533088],[1.04125046],[2.63784548]
[3.32349073],[1.02971287],[2.60726558]
[3.29073008],[1.04599422],[2.64732391]
[3.31047519],[1.03077067],[2.58464647]
[3.28809812],[1.03776155],[2.60415315]
[3.30468848],[1.0098986],[2.53910386]
[3.28395009],[1.02121331],[2.55541522]
[3.28848836],[0.99066354],[2.48918104]
[3.28084114],[0.99869015],[2.5175742]
[3.2840384],[0.97603982],[2.44586689]
[3.28332275],[0.97423848],[2.48597495]
[3.28986417],[0.96847002],[2.43534479]
[3.28056678],[0.96705699],[2.45392659]
[3.28320649],[0.96473472],[2.40569545]
[3.26748275],[0.96277235],[2.38320329]
[3.26519461],[0.96113463],[2.36863447]
[3.26084231],[0.95840245],[2.34907148]
[3.25934502],[0.95602572],[2.33847294]
[3.25812929],[0.9519147],[2.32168855]
[3.25553532],[0.94867418],[2.2998876]
[3.25019729],[0.9448758],[2.26254134]
[3.24058064],[0.94172822],[2.22403427]
[3.22815927],[0.93904514],[2.19640357]
[3.21142354],[0.9351586],[2.16619517]
[3.19876257],[0.93119024],[2.14669792]
[3.18703604],[0.92723422],[2.1269989]
[3.17649256],[0.92329568],[2.10802193]
[3.16492299],[0.91869092],[2.08923878]
[3.1538694],[0.91329614],[2.06871944]
[3.14358695],[0.90749087],[2.05112794]
[3.12537465],[0.89959528],[2.02258784]
[3.11749102],[0.89239458],[2.00352706]
[3.10831553],[0.88532656],[1.97800832]
[7.2262532],[1.21678954],[5.88265039]
[5.44186818],[0.97185916],[3.06533329]
[4.06061432],[0.71374351],[1.71762314]
[2.75731386],[0.51260759],[0.84461534]
[1.48239994],[0.32827237],[0.44046374]
[2.30857734],[0.68999724],[1.14472926]
[2.52464682],[0.81154649],[1.50478525]
[2.55044402],[0.89230374],[1.6525751]
[2.59267152],[0.94564745],[1.78835633]
[2.64598509],[0.96709331],[1.8337145]
[2.91172901],[0.97928687],[2.07130987]
[3.06843226],[0.98024764],[2.39622645]
[3.11412464],[0.98994009],[2.52773901]
[3.17047066],[0.98492889],[2.51509551]
[3.18957317],[0.98692533],[2.57904439]
[3.23227162],[0.98897403],[2.58055271]
[3.25210263],[1.0028769],[2.63686063]
[3.27988845],[1.00125206],[2.57975754]
[3.29062241],[1.02159268],[2.59463417]
[3.34955316],[1.01673368],[2.55180473]
[3.3095996],[1.03603823],[2.5884097]
[3.38815733],[1.03275972],[2.58113326]
[3.32472619],[1.05132638],[2.63082732]
[3.38693794],[1.04651489],[2.62260683]
[3.31365225],[1.05739299],[2.66976644]
[3.37157504],[1.04299386],[2.63292829]
[3.30458068],[1.05022255],[2.6493367]
[3.36582826],[1.02855237],[2.59618451]
[3.30158986],[1.0326524],[2.59819526]
[3.34513836],[1.01017453],[2.5449544]
[3.29787623],[1.01536606],[2.56509554]
[3.32446451],[0.99733756],[2.50234088]
[3.2955731],[0.99353068],[2.53370257]
[3.31939736],[0.99111775],[2.49462705]
[3.29349228],[0.98797003],[2.50554859]
[3.30128234],[0.98381749],[2.46313035]
[3.28666972],[0.98054825],[2.44173351]
[3.28454835],[0.97815863],[2.4281452]
[3.28137414],[0.97400077],[2.4090352]
[3.27931378],[0.97043552],[2.39759582]
[3.27925184],[0.96407443],[2.38049007]
[3.27799144],[0.9603004],[2.35481735]
[3.27464612],[0.95618097],[2.31672531]
[3.26595089],[0.95300323],[2.27584015]
[3.25265355],[0.95032952],[2.24336512]
[3.23608867],[0.94600036],[2.20872981]
[3.22368615],[0.94186476],[2.18766193]
[3.21264498],[0.93846307],[2.16729843]
[3.20254756],[0.93483045],[2.14845529]
[3.19232084],[0.93087634],[2.13051397]
[3.18279032],[0.9257646],[2.10976392]
[3.17427542],[0.91970443],[2.09174622]
[3.16189384],[0.91345168],[2.06928654]
[3.15502642],[0.90788998],[2.05287798]
[3.14601238],[0.90290843],[2.03371881]
[7.2349932],[1.26605516],[6.10303084]
[5.44098358],[0.98577212],[3.19186162]
[4.09506407],[0.76038715],[1.85663517]
[2.84398317],[0.58806559],[0.96443945]
[1.67543656],[0.39591572],[0.60030995]
[2.36066531],[0.71912372],[1.23374036]
[2.54153025],[0.83540755],[1.56493923]
[2.54645601],[0.91320354],[1.69050847]
[2.58403724],[0.95856282],[1.81938246]
[2.57469656],[0.98004612],[1.84954428]
[2.87844709],[0.99592219],[2.08888606]
[3.06162411],[0.99751592],[2.45096688]
[3.11183118],[0.99987334],[2.5695193]
[3.18387777],[1.00256927],[2.56649827]
[3.19812259],[1.00469966],[2.60958722]
[3.2508336],[1.00646332],[2.60268658]
[3.26704319],[1.01573596],[2.6336025]
[3.31777013],[1.0140959],[2.56994932]
[3.30649072],[1.03475119],[2.59489607]
[3.39822314],[1.03057637],[2.59536853]
[3.36286395],[1.05048566],[2.6557514]
[3.43122107],[1.04690989],[2.66098902]
[3.37277282],[1.06586399],[2.70853389]
[3.42973321],[1.05971986],[2.70290638]
[3.35968615],[1.07061081],[2.74186404]
[3.41318695],[1.05593119],[2.71147129]
[3.34686024],[1.06423408],[2.72359997]
[3.40901176],[1.04246829],[2.67710791]
[3.32989888],[1.04727809],[2.6703043]
[3.39045221],[1.02434641],[2.61897868]
[3.31338965],[1.03001667],[2.61986069]
[3.36950128],[1.01521897],[2.56824061]
[3.3247162],[1.01226585],[2.58342741]
[3.36343152],[1.00897227],[2.55355987]
[3.30590956],[1.00527048],[2.5520745]
[3.33648636],[1.00076679],[2.51618634]
[3.29732312],[0.99704386],[2.4909245]
[3.29518894],[0.99420124],[2.47579994]
[3.29217325],[0.98999938],[2.45592184]
[3.28960314],[0.98643305],[2.44337688]
[3.28917088],[0.97984027],[2.4253478]
[3.28769678],[0.97504187],[2.39749975]
[3.28559472],[0.97097256],[2.35911784]
[3.27918884],[0.96789341],[2.31850586]
[3.26638647],[0.96521084],[2.28241593]
[3.24732023],[0.96073801],[2.24585703]
[3.23496616],[0.95692139],[2.22478523]
[3.22409342],[0.95394514],[2.20311305]
[3.21296275],[0.95059441],[2.18263283]
[3.20158093],[0.94665522],[2.16444004]
[3.19042102],[0.94241898],[2.14339158]
[3.18019912],[0.93757984],[2.12468172]
[3.16534398],[0.93166612],[2.09967477]
[3.15824165],[0.92618616],[2.08398422]
[3.14800469],[0.9211049],[2.06295795]
[7.32918143],[1.30625104],[6.43260454]
[5.52213631],[1.01320958],[3.42504815]
[4.20597933],[0.80332337],[2.05704346]
[2.97964189],[0.65189077],[1.11374021]
[1.71094394],[0.45559187],[0.68233664]
[2.39858597],[0.73684158],[1.31099692]
[2.54579186],[0.85005758],[1.59933167]
[2.54977803],[0.92637234],[1.72273261]
[2.58838091],[0.96885026],[1.84618348]
[2.61182312],[0.99545725],[1.88137258]
[2.90951505],[1.01113257],[2.14496695]
[3.06967108],[1.01407633],[2.51874745]
[3.12564294],[1.01643255],[2.64247071]
[3.20509954],[1.01887529],[2.64827074]
[3.22136505],[1.02015399],[2.69006107]
[3.27174026],[1.0222207],[2.68138326]
[3.28664072],[1.04065566],[2.71401841]
[3.35486392],[1.03846848],[2.65848683]
[3.33839505],[1.05808049],[2.69718764]
[3.43396284],[1.05389011],[2.70812637]
[3.40520121],[1.07293981],[2.76786594]
[3.4664242],[1.06964643],[2.77173979]
[3.41170463],[1.08842974],[2.81857927]
[3.46373635],[1.08089473],[2.81227863]
[3.39831822],[1.09208799],[2.84779839]
[3.44741547],[1.07778474],[2.82029376]
[3.38517676],[1.08725593],[2.83115733]
[3.44316336],[1.06584079],[2.78654504]
[3.3683087],[1.07150619],[2.7811421]
[3.42514832],[1.04898157],[2.72764068]
[3.35279928],[1.05510384],[2.72541877]
[3.40464613],[1.03257063],[2.66996281]
[3.36473501],[1.03014945],[2.67261603]
[3.40642474],[1.02565088],[2.64235134]
[3.34657085],[1.0219573],[2.620871]
[3.40760013],[1.01751096],[2.60630482]
[3.31967681],[1.01379719],[2.56310731]
[3.3065616],[1.01072093],[2.54643894]
[3.30357808],[1.00641008],[2.52841366]
[3.30297416],[1.00286414],[2.5123828]
[3.30821619],[0.99653763],[2.49692915]
[3.31422976],[0.99039966],[2.47102808]
[3.31235481],[0.983963],[2.42856314]
[3.30707602],[0.98039658],[2.38384214]
[3.28215332],[0.97741198],[2.33738502]
[3.26663028],[0.97277191],[2.29405475]
[3.25387145],[0.96908219],[2.27107475]
[3.24380808],[0.96601406],[2.25118624]
[3.23236407],[0.962823],[2.23295125]
[3.2188314],[0.95899256],[2.21267742]
[3.20697102],[0.95502186],[2.19111221]
[3.1959123],[0.95021003],[2.17189591]
[3.18048519],[0.94517293],[2.14747407]
[3.1719225],[0.9408076],[2.13133283]
[3.16221306],[0.93592993],[2.11096355]
[7.35768108],[1.34598215],[6.79378424]
[5.45937635],[1.09439789],[3.64163857]
[4.15859037],[0.85167259],[2.20505982]
[3.02107369],[0.71344833],[1.1891718]
[1.7652095],[0.47303706],[0.75189454]
[2.48188225],[0.75188689],[1.38247808]
[2.54763833],[0.86367671],[1.62168426]
[2.55180473],[0.93473792],[1.74245943]
[2.59188399],[0.97697959],[1.86578981]
[2.65439043],[1.00541963],[1.91195553]
[2.94559532],[1.02041851],[2.16229323]
[3.12025727],[1.02357154],[2.54333221]
[3.16055265],[1.02577262],[2.6678863]
[3.2337895],[1.02796437],[2.66611351]
[3.24815527],[1.03022708],[2.69685911]
[3.2925663],[1.03276401],[2.68050983]
[3.30431929],[1.05211641],[2.70008234]
[3.39308054],[1.05125798],[2.69898766]
[3.38256176],[1.07159506],[2.7717597]
[3.47340522],[1.06694946],[2.78452917]
[3.4510706],[1.08690342],[2.84365868]
[3.50284986],[1.08320825],[2.84805215]
[3.45017947],[1.1029615],[2.89258173]
[3.49801444],[1.09370344],[2.88663675]
[3.43680366],[1.10604426],[2.91815569]
[3.48125902],[1.09156713],[2.89572322]
[3.42295697],[1.10265648],[2.90362913]
[3.47707217],[1.08042234],[2.86166208]
[3.4064935],[1.08607474],[2.85254113]
[3.48653368],[1.06259195],[2.81121478]
[3.39225082],[1.0694293],[2.79709816]
[3.49814682],[1.04455259],[2.76301106]
[3.40616229],[1.04370245],[2.73808201]
[3.52776985],[1.03551584],[2.74604398]
[3.42539926],[1.03209546],[2.69482142]
[3.5279567],[1.02791867],[2.69939425]
[3.43867109],[1.0244907],[2.63965011]
[3.43294241],[1.02203991],[2.62415157]
[3.42677113],[1.01783993],[2.60550466]
[3.43278483],[1.01442497],[2.59061471]
[3.45187442],[1.00867428],[2.57792968]
[3.45775318],[1.00306947],[2.55124309]
[3.44967932],[0.99653701],[2.50570926]
[3.43049103],[0.99120489],[2.45156194]
[3.34524698],[0.98760805],[2.39032585]
[3.2927728],[0.98340341],[2.34121551]
[3.27181676],[0.97968982],[2.31064526]
[3.26102167],[0.97634838],[2.28627035]
[3.25027395],[0.97270391],[2.26761003]
[3.23829231],[0.9683814],[2.24856864]
[3.22630601],[0.9645573],[2.22454605]
[3.21382462],[0.96015699],[2.20299595]
[3.1965264],[0.95519931],[2.17476172]
[3.18752428],[0.95090045],[2.15991374]
[3.17714052],[0.94676239],[2.1404991]
[7.3664024],[1.37397734],[7.03496069]
[5.53294581],[1.13448627],[3.80834976]
[4.1495844],[0.86966582],[2.28773353]
[3.01630482],[0.74340788],[1.23618033]
[1.82469824],[0.450856],[0.76335732]
[2.48336765],[0.75976689],[1.40580032]
[2.54475698],[0.87362068],[1.63479349]
[2.5504606],[0.9415385],[1.75520182]
[2.5933793],[0.986146],[1.88150922]
[2.69003154],[1.01563133],[1.93945958]
[2.98255602],[1.03002344],[2.22434096]
[3.1635736],[1.0325721],[2.58444176]
[3.19405493],[1.03579257],[2.69735399]
[3.26327796],[1.03779665],[2.69258184]
[3.27438845],[1.04301021],[2.72296553]
[3.33197769],[1.05017133],[2.69013982]
[3.32751296],[1.06632499],[2.76078035]
[3.43688956],[1.06531826],[2.78457727]
[3.43155067],[1.0855357],[2.85460682]
[3.51611778],[1.08087585],[2.86862314]
[3.49682715],[1.10121916],[2.92594819]
[3.54180029],[1.09747407],[2.93168192]
[3.49347177],[1.11776928],[2.97534186]
[3.55161989],[1.10806626],[2.97730507]
[3.48070741],[1.12040028],[2.99923216]
[3.55806173],[1.1136129],[2.99444186]
[3.46629419],[1.11759606],[2.98430024]
[3.61824047],[1.09576776],[2.98950577]
[3.47639448],[1.10155611],[2.94039869]
[3.65313598],[1.07793214],[2.9541319]
[3.48183219],[1.08509302],[2.88820141]
[3.65410282],[1.06145645],[2.90180193]
[3.58093427],[1.05935241],[2.85882729]
[3.66868719],[1.05051809],[2.87908852]
[3.58665213],[1.04538281],[2.81465672]
[3.65546431],[1.04075256],[2.82637369]
[3.58082274],[1.03739017],[2.75103975]
[3.56758772],[1.03455268],[2.72543559]
[3.55223975],[1.03045593],[2.69830955]
[3.55113875],[1.02709685],[2.68080637]
[3.56295936],[1.02152686],[2.66796978]
[3.56668097],[1.01604124],[2.64031156]
[3.55852456],[1.00971014],[2.5949602]
[3.54650202],[1.00430656],[2.54245101]
[3.48303534],[1.00059871],[2.48050318]
[3.38410174],[0.99589138],[2.41724713]
[3.30732],[0.99181605],[2.36818636]
[3.28214392],[0.9890484],[2.336279]
[3.26915723],[0.98564321],[2.30905995]
[3.25694981],[0.98150372],[2.28788364]
[3.24606182],[0.97719587],[2.26580216]
[3.23552105],[0.97227723],[2.24511566]
[3.22087524],[0.96676861],[2.21676561]
[3.21012964],[0.96248259],[2.19809474]
[3.19827531],[0.95851195],[2.17648365]
[7.39535763],[1.39001826],[7.14276283]
[5.54884596],[1.1471928],[3.86055601]
[4.14008557],[0.86995966],[2.28887212]
[2.96670683],[0.74713287],[1.21070983]
[1.93550386],[0.42653696],[0.79170169]
[2.48865722],[0.77607025],[1.4369267]
[2.54534588],[0.89087948],[1.66026959]
[2.55549277],[0.9542811],[1.78331243]
[2.59477471],[0.99973959],[1.90410712]
[2.74724557],[1.02685569],[1.98109521]
[3.02785123],[1.03989418],[2.28719179]
[3.20556158],[1.04238982],[2.60977714]
[3.23510433],[1.04633935],[2.71168009]
[3.29579672],[1.05515055],[2.71151781]
[3.30124103],[1.06342849],[2.73545811]
[3.38897098],[1.07040767],[2.76509896]
[3.3890963],[1.08162914],[2.84944914]
[3.49231933],[1.08476877],[2.87918451]
[3.4891784],[1.10038964],[2.9416834]
[3.60684548],[1.11000625],[2.98191942]
[3.56330233],[1.12357941],[3.0170818]
[3.65597899],[1.13480354],[3.05522114]
[3.58709171],[1.1402767],[3.07234911]
[3.67022125],[1.14447395],[3.10089814]
[3.60350397],[1.14943045],[3.10367793]
[3.67171218],[1.14693752],[3.11199125]
[3.6148167],[1.13863862],[3.09929924]
[3.71434049],[1.1235514],[3.11118027]
[3.6281486],[1.11632037],[3.05953615]
[3.74388946],[1.09371504],[3.07310626]
[3.6389348],[1.10006277],[3.0065255]
[3.74598952],[1.07687537],[3.01777243]
[3.70781264],[1.07494037],[2.9767998]
[3.75634694],[1.06581533],[2.9898173]
[3.71429311],[1.06048513],[2.93518672]
[3.74942366],[1.05478139],[2.93983692]
[3.70855265],[1.04965802],[2.87173825]
[3.69163539],[1.04704626],[2.84561938]
[3.6796031],[1.04376199],[2.81342418]
[3.67557353],[1.04091937],[2.78611525]
[3.68039939],[1.03554212],[2.7696749]
[3.67870367],[1.03086894],[2.73965103]
[3.66548268],[1.02575693],[2.6915278]
[3.64304535],[1.02177057],[2.63398153]
[3.5366274],[1.01858412],[2.54900457]
[3.4426184],[1.01370613],[2.48694674]
[3.34821999],[1.0085267],[2.43273292]
[3.29932878],[1.00396219],[2.39444577]
[3.2893902],[0.99957003],[2.36574783]
[3.27750935],[0.99509462],[2.33656077]
[3.2652823],[0.9908966],[2.30508889]
[3.25359874],[0.98594193],[2.28104502]
[3.2390183],[0.98041181],[2.25411905]
[3.22855612],[0.97579595],[2.23430655]
[3.21665827],[0.97154264],[2.21050587]
[7.46703289],[1.40715821],[7.29586125]
[5.63562775],[1.16388322],[3.9821013]
[4.24731511],[0.87909554],[2.37854402]
[3.00840345],[0.75493098],[1.2743745]
[1.9681251],[0.46409634],[0.80504851]
[2.49935707],[0.78596204],[1.46280197]
[2.55492545],[0.90279259],[1.6842884]
[2.5635019],[0.96312989],[1.80541068]
[2.60376824],[1.01113665],[1.92539874]
[2.79446974],[1.03823239],[2.02556266]
[3.06998536],[1.0513342],[2.43239349]
[3.25261394],[1.05801692],[2.70795045]
[3.27198037],[1.06650522],[2.80756285]
[3.33619417],[1.07542735],[2.80778013]
[3.32024485],[1.08488607],[2.85780487]
[3.4302334],[1.10757257],[2.89343898]
[3.43451537],[1.13616159],[2.9781971]
[3.57447748],[1.14739432],[3.0266324]
[3.57029011],[1.16000138],[3.07794857]
[3.69385095],[1.17102621],[3.13255824]
[3.67447249],[1.18048299],[3.16384556]
[3.73201056],[1.18433848],[3.19275259]
[3.68960639],[1.18341567],[3.20721322]
[3.74947072],[1.18334012],[3.23394186]
[3.69897767],[1.18235575],[3.22814665]
[3.76568135],[1.17972658],[3.25189702]
[3.70685195],[1.17306405],[3.22486193]
[3.79897681],[1.1649957],[3.25456992]
[3.72385983],[1.15381517],[3.20046087]
[3.8182255],[1.14434183],[3.22550365]
[3.75887743],[1.13355858],[3.17351057]
[3.82321391],[1.11657439],[3.17392284]
[3.80982708],[1.09990172],[3.13400579]
[3.83204432],[1.08772344],[3.13667683]
[3.81405226],[1.08178057],[3.08984445]
[3.82782474],[1.075347],[3.08542591]
[3.80832832],[1.06958717],[3.02583631]
[3.79180081],[1.06428865],[2.99814636]
[3.78329671],[1.05842481],[2.96420765]
[3.77978376],[1.05313455],[2.9355766]
[3.78148933],[1.04693364],[2.91017001]
[3.77824729],[1.04244089],[2.86851723]
[3.76926772],[1.03865765],[2.81960278]
[3.75505383],[1.0355055],[2.76455143]
[3.69214655],[1.03292198],[2.68527051]
[3.57432687],[1.02978394],[2.59599518]
[3.48845069],[1.02503297],[2.53455478]
[3.41452286],[1.0202529],[2.4858329]
[3.31642128],[1.01526962],[2.43910401]
[3.29542662],[1.0097861],[2.40518295]
[3.28563914],[1.00419284],[2.37122657]
[3.27482024],[0.99837332],[2.3414056]
[3.26209616],[0.99267085],[2.31505159]
[3.24903154],[0.9881324],[2.2877163]
[3.23702309],[0.98339138],[2.26058313]
[7.49956888],[1.43456472],[7.53110308]
[5.66106271],[1.20789457],[4.17878874]
[4.26747422],[0.93064831],[2.46682398]
[2.992788],[0.77649308],[1.31179981]
[1.90196221],[0.46997585],[0.73622981]
[2.5068157],[0.79256336],[1.47444878]
[2.56126812],[0.91401889],[1.70236553]
[2.56786454],[0.97007228],[1.82065347]
[2.60934434],[1.01847733],[1.94021204]
[2.85316827],[1.04544235],[2.06937426]
[3.13021553],[1.06304936],[2.54193783]
[3.291297],[1.07015087],[2.76045272]
[3.30030259],[1.08016133],[2.84639018]
[3.37981745],[1.09735569],[2.86593114]
[3.3650688],[1.12896979],[2.95039484]
[3.47335083],[1.15317624],[2.99124117]
[3.48475592],[1.17917728],[3.07202183]
[3.67247508],[1.18518401],[3.14903077]
[3.68354273],[1.1910245],[3.19436708]
[3.76470354],[1.19695363],[3.23937499]
[3.76140402],[1.20255126],[3.26936683]
[3.80417843],[1.20589193],[3.30013025]
[3.76977752],[1.20521013],[3.30877782]
[3.8239595],[1.20529684],[3.34477539]
[3.77561118],[1.2045611],[3.32798545]
[3.8358657],[1.20255358],[3.36044504]
[3.79524317],[1.19690732],[3.33415091]
[3.85990303],[1.18919415],[3.36116527]
[3.82292908],[1.17795321],[3.32092909]
[3.87461666],[1.16870921],[3.33223181]
[3.84660633],[1.1581822],[3.29281742]
[3.8812146],[1.14719422],[3.28670266]
[3.88135452],[1.12881211],[3.26092999]
[3.88898415],[1.12588333],[3.25708763]
[3.88320911],[1.10774879],[3.21536544]
[3.88460463],[1.09238799],[3.20076425]
[3.87775796],[1.08647997],[3.14813008]
[3.86196801],[1.08080621],[3.11676867]
[3.85386756],[1.07498287],[3.08132701]
[3.85150327],[1.06931701],[3.05377474]
[3.85251531],[1.05768683],[3.02497173]
[3.85158441],[1.05112697],[2.98254284]
[3.84435407],[1.04741747],[2.9234237]
[3.83592591],[1.04492728],[2.87424412]
[3.79777529],[1.04306627],[2.80758303]
[3.72541258],[1.04006169],[2.72735649]
[3.6383243],[1.03688826],[2.65055808]
[3.5434562],[1.03315309],[2.58306537]
[3.46905693],[1.02932195],[2.53260421]
[3.35864488],[1.02400482],[2.47729133]
[3.30254367],[1.01903127],[2.43943466]
[3.29397197],[1.01258396],[2.40799267]
[3.28275202],[1.00581524],[2.37287188]
[3.27109766],[1.0003905],[2.3412237]
[3.26091783],[0.99562636],[2.31642312]
[7.46836081],[1.450911],[7.57372886]
[5.61942667],[1.22291262],[4.16489984]
[4.21116651],[0.940567],[2.42189557]
[2.93658322],[0.77142572],[1.26980337]
[1.93672073],[0.43882572],[0.74516776]
[2.51586582],[0.80784858],[1.50144309]
[2.56174579],[0.93124701],[1.72889924]
[2.56958324],[0.98202842],[1.84764857]
[2.61570298],[1.02817002],[1.95923542]
[2.97675192],[1.05907915],[2.17769784]
[3.18219533],[1.07631621],[2.61727793]
[3.32990422],[1.08491098],[2.80293827]
[3.32487782],[1.11278356],[2.91475737]
[3.43715456],[1.13976485],[2.96596701]
[3.42603362],[1.16654571],[3.04112525]
[3.60725106],[1.18668536],[3.12307823]
[3.6387009],[1.20315642],[3.19598083]
[3.76056415],[1.20742798],[3.26403197]
[3.77765726],[1.21316468],[3.30496064]
[3.82974593],[1.21903979],[3.34461209]
[3.83463707],[1.224932],[3.37338483]
[3.8590368],[1.23083984],[3.4066752]
[3.83664334],[1.2347281],[3.42706551]
[3.87326094],[1.23869144],[3.46987707]
[3.84685553],[1.24284568],[3.47029107]
[3.8899798],[1.24456073],[3.51074976]
[3.87358558],[1.2418869],[3.50313756]
[3.91723746],[1.23105621],[3.52814666]
[3.90328032],[1.21548744],[3.49025006]
[3.9355192],[1.20252841],[3.48691552]
[3.94321944],[1.18678799],[3.44481621]
[3.95882869],[1.17182653],[3.42170372]
[3.97625754],[1.15754411],[3.3923813]
[3.94096767],[1.14974607],[3.36347956]
[3.9503351],[1.13865878],[3.32434812]
[3.92587201],[1.12646572],[3.30154542]
[3.92235599],[1.11478993],[3.25384345]
[3.90664598],[1.09810147],[3.21860346]
[3.90082785],[1.09181856],[3.1810249]
[3.89863108],[1.08612894],[3.15224117]
[3.89909954],[1.0743328],[3.12168589]
[3.89977172],[1.06365728],[3.07665327]
[3.89424227],[1.05797195],[3.01286225]
[3.88837826],[1.05478629],[2.96549255]
[3.86179153],[1.05286685],[2.90882799]
[3.80776635],[1.05023174],[2.8375009]
[3.74701431],[1.04740993],[2.7677494]
[3.66902715],[1.04449255],[2.69678877]
[3.55672023],[1.04133494],[2.61728223]
[3.42362681],[1.03804266],[2.54841063]
[3.34583962],[1.03439003],[2.50400134]
[3.30921827],[1.0290023],[2.4731586]
[3.29991601],[1.02342497],[2.44086077]
[3.28980593],[1.01745726],[2.40588132]
[3.28043702],[1.01153236],[2.37074951]
[7.48044725],[1.46421043],[7.64508309]
[5.59472995],[1.24026561],[4.17380158]
[4.13797009],[0.95621263],[2.38291176]
[2.85796104],[0.77279573],[1.22058076]
[1.93035543],[0.43752233],[0.69519197]
[2.52765321],[0.81655599],[1.51086715]
[2.57176894],[0.94567386],[1.75642915]
[2.57948136],[0.99365065],[1.8755166]
[2.73668676],[1.03924617],[2.02475049]
[3.05275951],[1.08426005],[2.29051317]
[3.22581861],[1.12711376],[2.75311821]
[3.36381773],[1.14397906],[2.9234218]
[3.36257508],[1.16357715],[3.03907416]
[3.51957892],[1.18160016],[3.10343778]
[3.52580626],[1.2029944],[3.17380865]
[3.69251503],[1.2308627],[3.27334747]
[3.72863157],[1.2531994],[3.36245498]
[3.8203558],[1.26161451],[3.44747012]
[3.85456933],[1.27148723],[3.51193462]
[3.89873724],[1.28095268],[3.56527943]
[3.91452308],[1.29035354],[3.6051761]
[3.9332445],[1.29537092],[3.64512799]
[3.93256364],[1.29978997],[3.66861652]
[3.96685348],[1.3041461],[3.72748112]
[3.98774379],[1.30860832],[3.74330988]
[4.00523354],[1.31034496],[3.78954616]
[4.03475753],[1.30974104],[3.79674422]
[4.05227213],[1.29967762],[3.82534529]
[4.10015233],[1.28584678],[3.80509519]
[4.12997831],[1.27434287],[3.80737199]
[4.17131629],[1.26020329],[3.77387953]
[4.18660674],[1.24678358],[3.74492615]
[4.22035582],[1.22968843],[3.71583683]
[4.13355138],[1.21892436],[3.65251269]
[4.17471512],[1.20417908],[3.61373955]
[4.06294992],[1.18767561],[3.54533037]
[4.10776426],[1.17194624],[3.49907097]
[4.03267616],[1.15579769],[3.43914396]
[4.01230144],[1.13771899],[3.38712657]
[3.99740855],[1.12305324],[3.34335495]
[3.98409734],[1.09931915],[3.2943552]
[3.97446134],[1.08957186],[3.2337987]
[3.95526562],[1.07870087],[3.15899333]
[3.94028342],[1.07074715],[3.09904019]
[3.91307799],[1.06595388],[3.03598954]
[3.87386848],[1.063046],[2.96856486]
[3.83207587],[1.06035651],[2.90796315]
[3.78241068],[1.05765009],[2.84638084]
[3.7153925],[1.05482352],[2.77643808]
[3.60060015],[1.05152931],[2.68931895]
[3.48627625],[1.04790599],[2.6172713]
[3.39326327],[1.04306157],[2.56358791]
[3.32538964],[1.03762242],[2.52073804]
[3.30579459],[1.03213904],[2.4873319]
[3.29820644],[1.02641572],[2.4541061]
[7.56885597],[1.48128003],[7.81736709]
[5.57924102],[1.27346069],[4.28772787]
[4.02667349],[1.03837396],[2.38233549]
[2.74088366],[0.77199779],[1.14924538]
[1.92765906],[0.3934802],[0.63958248]
[2.53878059],[0.82860107],[1.52555039]
[2.58099895],[0.95621809],[1.77920699]
[2.58668116],[1.00225075],[1.89555722]
[2.82022262],[1.04773884],[2.08264032]
[3.10021869],[1.11930582],[2.36920291]
[3.25391889],[1.14834764],[2.81560384]
[3.39065216],[1.16304023],[3.00663296]
[3.39831218],[1.1916402],[3.12716942]
[3.61189402],[1.22229936],[3.23729275]
[3.62906513],[1.2608951],[3.34708381]
[3.76450415],[1.29004307],[3.47629855]
[3.8259599],[1.30964243],[3.5890686]
[3.90188575],[1.31752813],[3.66963412]
[3.94833743],[1.32687884],[3.73554943]
[3.99073763],[1.33554352],[3.80423583]
[4.05595125],[1.34443556],[3.85349291]
[4.07209918],[1.34870869],[3.91318458]
[4.12938706],[1.35327933],[3.95951559]
[4.16565152],[1.35793944],[4.0256278]
[4.20921962],[1.36243956],[4.07132582]
[4.23166599],[1.36447999],[4.11859413]
[4.2627884],[1.36388553],[4.13880457]
[4.30167567],[1.35539214],[4.19039167]
[4.32048963],[1.34266816],[4.16577752]
[4.35300591],[1.33191588],[4.18489964]
[4.36819312],[1.31827645],[4.13273733]
[4.3970063],[1.30582362],[4.09754145]
[4.41284352],[1.28913867],[4.06621922]
[4.37565412],[1.27948708],[4.00159773]
[4.38351707],[1.26578187],[3.96258661]
[4.3346542],[1.25060831],[3.88825638]
[4.34284061],[1.23606398],[3.8387136]
[4.29598412],[1.22082274],[3.75840846]
[4.25569556],[1.20409898],[3.69007917]
[4.23072965],[1.1936898],[3.63577803]
[4.20601046],[1.161326],[3.57471747]
[4.18701578],[1.12924404],[3.49687475]
[4.14993906],[1.09919681],[3.40056513]
[4.12072397],[1.08751032],[3.3263296]
[4.06814336],[1.07842459],[3.24220363]
[3.98114918],[1.06974937],[3.14209202]
[3.91402709],[1.0661633],[3.04941093]
[3.8674021],[1.06486328],[2.96787429]
[3.81426864],[1.06232905],[2.89745746]
[3.7427761],[1.05942097],[2.82000249]
[3.66165599],[1.0561516],[2.74472546]
[3.54118066],[1.05129347],[2.66065779]
[3.43035846],[1.0463935],[2.59657119]
[3.35216573],[1.04115207],[2.54524652]
[3.31809088],[1.03591105],[2.51348785]
[7.67584691],[1.50576173],[8.00732142]
[5.60669639],[1.2917318],[4.32469721]
[3.97822058],[1.05287797],[2.3751697]
[2.67852462],[0.76720496],[1.12342143]
[1.86505235],[0.38927571],[0.58005779]
[2.53508908],[0.83437751],[1.52859512]
[2.58192264],[0.96405898],[1.79045785]
[2.5899009],[1.00818859],[1.90553333]
[2.85499403],[1.05312653],[2.12273158]
[3.12134011],[1.13185104],[2.4442533]
[3.2684883],[1.17367007],[2.88988213]
[3.42944848],[1.19995458],[3.10760498]
[3.46764771],[1.23511418],[3.26425828]
[3.66865744],[1.26786025],[3.39917104]
[3.71945688],[1.30597004],[3.52562005]
[3.82908359],[1.33459314],[3.64453832]
[3.89108602],[1.35345773],[3.7588874]
[3.94644225],[1.36087748],[3.84120742]
[4.05924738],[1.36960765],[3.94359241]
[4.10626474],[1.37687641],[4.02106522]
[4.20773124],[1.3842102],[4.10245133]
[4.23807777],[1.3873287],[4.18210824]
[4.27311582],[1.39224249],[4.23107027]
[4.30814391],[1.39738812],[4.33070549]
[4.33409525],[1.40261137],[4.3696517]
[4.35914513],[1.40537419],[4.42691394]
[4.37547255],[1.40503959],[4.45557957]
[4.41286209],[1.39820743],[4.51276519]
[4.42166444],[1.38637452],[4.50261522]
[4.45484574],[1.37639908],[4.52197631]
[4.46074628],[1.36434433],[4.4743262]
[4.49410794],[1.35292095],[4.43357036]
[4.50456445],[1.33822349],[4.38271764]
[4.48367104],[1.32951366],[4.31122137]
[4.48077354],[1.31660063],[4.24927888]
[4.4521369],[1.30259592],[4.17517229]
[4.44889871],[1.28899779],[4.11399646]
[4.42183748],[1.27478553],[4.0377269]
[4.38535399],[1.26234374],[3.97338912]
[4.36608702],[1.2526632],[3.91928749]
[4.34626171],[1.22326503],[3.85788333]
[4.33170052],[1.18688269],[3.78142922]
[4.30470942],[1.1602187],[3.68168614]
[4.28240213],[1.13777518],[3.58313951]
[4.24575902],[1.11462849],[3.48227046]
[4.10571607],[1.08919551],[3.34707997]
[3.99972623],[1.08035241],[3.24015975]
[3.9291079],[1.07374939],[3.1438925]
[3.88429353],[1.06848006],[3.0548631]
[3.81609287],[1.06539206],[2.95525546]
[3.74547126],[1.06338875],[2.86563456]
[3.66414886],[1.05941104],[2.77748247]
[3.52784808],[1.05446981],[2.68142276]
[3.44538063],[1.04964516],[2.62063663]
[3.3653539],[1.04458551],[2.57182485]
[7.75400207],[1.51620272],[8.09145765]
[5.66611322],[1.29992884],[4.30519678]
[3.90101409],[1.04963853],[2.32162903]
[2.58481419],[0.75599146],[1.0673462]
[1.91399847],[0.36351527],[0.63003697]
[2.52349088],[0.85178797],[1.55023776]
[2.57834994],[0.97501498],[1.80937452]
[2.59197147],[1.01455019],[1.92119449]
[2.90135595],[1.06288776],[2.17902447]
[3.147873],[1.17434975],[2.55734639]
[3.28151696],[1.2191928],[3.00256774]
[3.5118938],[1.23959159],[3.25897957]
[3.59634541],[1.27122071],[3.42910959]
[3.75959619],[1.30448396],[3.56107799]
[3.81655831],[1.34155174],[3.68322877]
[3.89329306],[1.36912745],[3.7864358]
[3.9528314],[1.38507533],[3.89527002]
[4.03824123],[1.39126662],[4.01098579]
[4.21749266],[1.39900158],[4.14638299]
[4.27861977],[1.40607298],[4.25133185]
[4.33645036],[1.41336906],[4.31705268]
[4.36914927],[1.41698698],[4.41240264]
[4.38707965],[1.4224744],[4.45726933]
[4.42246014],[1.42838702],[4.54996065]
[4.43701966],[1.4344919],[4.60480882]
[4.46372647],[1.43852465],[4.6746012]
[4.47224768],[1.43841398],[4.71391338]
[4.5064164],[1.43154568],[4.7665628]
[4.50923602],[1.41885016],[4.75885573]
[4.53990417],[1.40942604],[4.77670898]
[4.53904522],[1.39731742],[4.73884642]
[4.587552],[1.3860923],[4.69872467]
[4.59338114],[1.36923219],[4.64536798]
[4.59793628],[1.3619473],[4.57629311]
[4.56328101],[1.34948094],[4.50452931]
[4.55721761],[1.33627648],[4.42264399]
[4.53762913],[1.32351235],[4.34963474]
[4.52387342],[1.3094749],[4.26204623]
[4.49093085],[1.30012955],[4.18564824]
[4.4758177],[1.29092916],[4.13200925]
[4.45965199],[1.26173175],[4.06990686]
[4.44551838],[1.2298239],[3.99247877]
[4.42534379],[1.20810096],[3.90778044]
[4.40878175],[1.18796426],[3.82038391]
[4.38436093],[1.16732098],[3.71693278]
[4.29239157],[1.14288579],[3.57422648]
[4.17400012],[1.12053904],[3.44576708]
[4.04023922],[1.09825929],[3.32946865]
[3.95719853],[1.08379797],[3.22906533]
[3.90406985],[1.07703576],[3.1348299]
[3.85013961],[1.0708563],[3.04208322]
[3.77918551],[1.06669967],[2.94216662]
[3.6620483],[1.06090336],[2.81935718]
[3.51110671],[1.05497099],[2.69738275]
[3.42037211],[1.05103061],[2.63256727]
[7.86218538],[1.5276906],[8.24473353]
[5.84214626],[1.30595771],[4.38290912]
[3.92917728],[1.048408],[2.33862128]
[2.57865433],[0.75265216],[1.07886882]
[1.91619627],[0.39327245],[0.66608012]
[2.53090213],[0.8572337],[1.56566619]
[2.58629056],[0.98129459],[1.82603255]
[2.60867335],[1.02140967],[1.94156947]
[2.94055681],[1.08089809],[2.25281484]
[3.17968349],[1.24065949],[2.7294099]
[3.30267023],[1.27635896],[3.16115768]
[3.60440909],[1.29713013],[3.44752144]
[3.70500278],[1.32390348],[3.62047869]
[3.82718843],[1.35330208],[3.74019337]
[3.88579994],[1.38592154],[3.85851156]
[3.94106579],[1.40876839],[3.96113747]
[4.04472967],[1.42071802],[4.09319432]
[4.18557967],[1.42711247],[4.26572097]
[4.33454731],[1.43499444],[4.40272029]
[4.39025134],[1.44239583],[4.51728495]
[4.42898769],[1.45039837],[4.57720294]
[4.46155046],[1.45413768],[4.6625742]
[4.47132649],[1.45961031],[4.72429099]
[4.50349039],[1.46616168],[4.81809736]
[4.51268831],[1.47300521],[4.8862228]
[4.53787028],[1.47863848],[4.95425728]
[4.54102741],[1.48045329],[5.00481481]
[4.58731987],[1.47501908],[5.05764216]
[4.57360147],[1.46173271],[5.05060469]
[4.64403285],[1.45002987],[5.06790181]
[4.61279094],[1.43672238],[5.02533925]
[4.69780023],[1.4254213],[5.00138379]
[4.69747849],[1.40944391],[4.94979825]
[4.72152667],[1.40302144],[4.88819174]
[4.67063649],[1.39174188],[4.8136477]
[4.68151138],[1.38067087],[4.74121193]
[4.63375443],[1.37191471],[4.67173234]
[4.64365241],[1.36529129],[4.59961633]
[4.58394572],[1.3589187],[4.52534425]
[4.56759026],[1.35196986],[4.47080613]
[4.55490772],[1.32858577],[4.41146115]
[4.54293738],[1.29961977],[4.33739677]
[4.52793804],[1.27491246],[4.24914342]
[4.51906185],[1.25451586],[4.14437836]
[4.50430503],[1.23506837],[4.04978352]
[4.44785747],[1.21353669],[3.91364111]
[4.36724919],[1.19290355],[3.77035501]
[4.26473079],[1.17130587],[3.62784119]
[4.1343678],[1.14801454],[3.49615598]
[4.00709068],[1.12716977],[3.37880395]
[3.94497348],[1.10569086],[3.27752259]
[3.89557056],[1.08632337],[3.18348808]
[3.82097783],[1.07292882],[3.07152273]
[3.7284879],[1.06904742],[2.95196411]
[3.60038613],[1.06561701],[2.83238682]
[7.91992055],[1.54462034],[8.44950534]
[5.87575941],[1.32331059],[4.45884607]
[3.83926732],[1.08242317],[2.34604505]
[2.48895719],[0.76217556],[1.05941406]
[1.91968873],[0.38831499],[0.66962162]
[2.5470916],[0.86142414],[1.58378003]
[2.60167512],[0.98749097],[1.84935562]
[2.65215324],[1.03071381],[1.97496857]
[2.9929899],[1.11433289],[2.38286121]
[3.22360954],[1.28664863],[2.87464259]
[3.37517742],[1.32207492],[3.31153062]
[3.68815522],[1.33983647],[3.61028936]
[3.79410784],[1.36679656],[3.79044358]
[3.88516782],[1.3938074],[3.89155168]
[3.94435782],[1.42261034],[4.00937613]
[4.01377267],[1.4444142],[4.14561984]
[4.1706958],[1.45764842],[4.3124989]
[4.32672761],[1.46325208],[4.53303734]
[4.42967635],[1.47039042],[4.65561639]
[4.47933364],[1.47743197],[4.76404758]
[4.50665492],[1.48550682],[4.84445322]
[4.53763933],[1.48934506],[4.92206341]
[4.54254311],[1.49499808],[4.99137658]
[4.58101515],[1.5027118],[5.07781954]
[4.57685483],[1.51000085],[5.1514866]
[4.63716655],[1.51587848],[5.22776644]
[4.60939254],[1.51916647],[5.27743505]
[4.69608338],[1.51520234],[5.36850583]
[4.66115152],[1.50325666],[5.37261324]
[4.753923],[1.49322963],[5.40831773]
[4.70947164],[1.48110533],[5.36704392]
[4.80719362],[1.47044644],[5.355541]
[4.80018174],[1.45455655],[5.30183997]
[4.85493859],[1.44803029],[5.24848712]
[4.79027061],[1.43770226],[5.17672259]
[4.82662736],[1.42739833],[5.12355741]
[4.7693765],[1.42087883],[5.05610684]
[4.80404271],[1.41445493],[4.99536071]
[4.74319344],[1.40807063],[4.91597206]
[4.73106845],[1.40135789],[4.86145723]
[4.71788409],[1.37774075],[4.7993204]
[4.70516491],[1.35389682],[4.72417625]
[4.68979534],[1.33402712],[4.63997223]
[4.67548303],[1.31374864],[4.52764896]
[4.65787868],[1.29223299],[4.37868327]
[4.59593592],[1.26978537],[4.21253044]
[4.50687095],[1.24777765],[4.06737235]
[4.4359865],[1.2260419],[3.92261733]
[4.34783195],[1.20481094],[3.77405008]
[4.21996814],[1.1834585],[3.62441464]
[4.0654125],[1.16056617],[3.48205051]
[3.98477672],[1.13822039],[3.37203959]
[3.9354778],[1.09956805],[3.26143223]
[3.87689784],[1.07929447],[3.15230908]
[3.801429],[1.07557521],[3.03548892]
[7.9883974],[1.57067446],[8.63019609]
[5.97522544],[1.34118279],[4.56421987]
[3.80956142],[1.09903385],[2.35096168]
[2.42224239],[0.76118529],[1.04839214]
[1.85506233],[0.38418719],[0.62077199]
[2.56551208],[0.86951096],[1.60972449]
[2.6207719],[0.99712487],[1.87932712]
[2.75342314],[1.0407008],[2.03819841]
[3.05276835],[1.16228658],[2.54543974]
[3.28585478],[1.32855968],[3.03007691]
[3.50354493],[1.36741678],[3.46508386]
[3.75949098],[1.38277699],[3.77402973]
[3.86777204],[1.40567084],[3.94863849]
[3.93579515],[1.43082889],[4.06392703]
[4.02604749],[1.46184903],[4.20281958]
[4.12086875],[1.48465854],[4.40302803]
[4.30728668],[1.49682234],[4.60423239]
[4.43545342],[1.50147142],[4.78662342]
[4.51066399],[1.50825394],[4.93091777]
[4.55577969],[1.51504156],[5.05008887]
[4.57509733],[1.52382528],[5.1326199]
[4.64082572],[1.5280401],[5.22387319]
[4.61432207],[1.53319194],[5.2882963]
[4.69657917],[1.54237473],[5.40303683]
[4.66899899],[1.55333665],[5.49108908]
[4.75386891],[1.56247195],[5.61281825]
[4.71196529],[1.56979331],[5.70231014]
[4.81571178],[1.56719176],[5.835435]
[4.77424867],[1.56759468],[5.85627681]
[4.91238496],[1.55363354],[5.92886411]
[4.83485199],[1.53687245],[5.87482519]
[4.99373072],[1.52361168],[5.91443462]
[4.99314398],[1.50731542],[5.82698738]
[5.05799471],[1.5011417],[5.79009758]
[4.99749857],[1.48963898],[5.67262524]
[5.03502325],[1.47909535],[5.61820394]
[4.9681798],[1.47076833],[5.51952426]
[5.0091826],[1.46359192],[5.46539566]
[4.93899111],[1.45734684],[5.36081697]
[4.92286056],[1.45096434],[5.29648643]
[4.90508224],[1.43419374],[5.22780518]
[4.88702854],[1.41381939],[5.15351825]
[4.86826555],[1.39408221],[5.06772853]
[4.85025397],[1.37423044],[4.95053815]
[4.83266975],[1.35284242],[4.79070871]
[4.77624793],[1.33045817],[4.61258501]
[4.68539812],[1.30638828],[4.42033621]
[4.58104643],[1.28381651],[4.2450838]
[4.50736287],[1.2599959],[4.09199388]
[4.42253776],[1.23875962],[3.93007817]
[4.32328885],[1.21505613],[3.76256104]
[4.1979275],[1.19182075],[3.61394086]
[4.04061948],[1.15024523],[3.46120104]
[3.98376581],[1.10665972],[3.34771164]
[3.93671859],[1.0868297],[3.23713301]
[8.05137327],[1.58136556],[8.75075936]
[6.00334644],[1.35002211],[4.60506807]
[3.83866903],[1.10138595],[2.32797532]
[2.3144334],[0.75438169],[1.00656535]
[1.90904347],[0.39295565],[0.67894143]
[2.57101027],[0.89305388],[1.65506824]
[2.6353459],[1.01066132],[1.91258637]
[2.85890083],[1.05368986],[2.13214947]
[3.11430616],[1.21658713],[2.71287432]
[3.36040611],[1.37328614],[3.1988586]
[3.61778253],[1.40983577],[3.62451848]
[3.82691761],[1.42342933],[3.93567189]
[3.93751522],[1.445001],[4.13465452]
[4.01524999],[1.47479932],[4.30979502]
[4.15971344],[1.50702891],[4.47424819]
[4.29143582],[1.52825909],[4.69673689]
[4.43304405],[1.54127666],[4.89736418]
[4.53482092],[1.54885851],[5.10266839]
[4.58524666],[1.55732166],[5.27575913]
[4.67768485],[1.56587999],[5.43131757]
[4.66556326],[1.57599742],[5.52950533]
[4.77901018],[1.58188745],[5.67190813]
[4.73723961],[1.58821],[5.75572068]
[4.84899946],[1.59736562],[5.90490954]
[4.80341806],[1.60960358],[5.9845518]
[4.94477698],[1.61838641],[6.17271282]
[4.85858943],[1.63401942],[6.24992065]
[5.02585146],[1.6604646],[6.45886358]
[4.96696445],[1.67452927],[6.4708134]
[5.09862089],[1.65774695],[6.59065132]
[5.05251212],[1.64124112],[6.51176702]
[5.15596303],[1.62615588],[6.56906421]
[5.16085701],[1.5824461],[6.47162127]
[5.20833983],[1.58793289],[6.42895971]
[5.18318633],[1.54890443],[6.28643788]
[5.19345523],[1.55260778],[6.21763789]
[5.15140515],[1.53655711],[6.09151492]
[5.17265292],[1.52052052],[6.01700318]
[5.12858723],[1.50792316],[5.89075353]
[5.11457529],[1.49926166],[5.80837796]
[5.09962094],[1.48397095],[5.72730208]
[5.08393466],[1.46592578],[5.64996929]
[5.06680589],[1.44869914],[5.56295676]
[5.05110625],[1.4299687],[5.43277616]
[5.03202347],[1.41011711],[5.23710782]
[4.98108926],[1.38709354],[5.03753581]
[4.89425778],[1.36379969],[4.8329086]
[4.78091927],[1.33974497],[4.62300416]
[4.67703082],[1.3156041],[4.43141372]
[4.56971306],[1.29328287],[4.23754666]
[4.50458579],[1.2676138],[4.07415965]
[4.42525677],[1.24224643],[3.91031394]
[4.3114827],[1.19663018],[3.72373966]
[4.17130973],[1.15277835],[3.55410276]
[4.02880383],[1.10654494],[3.40580227]
[8.20023553],[1.59831431],[8.95673465]
[6.16600527],[1.3620402],[4.73337551]
[3.99623004],[1.10818229],[2.38625131]
[2.31176689],[0.76878395],[1.02887808]
[1.91005809],[0.38561188],[0.69896534]
[2.6035396],[0.90610924],[1.69693978]
[2.66279172],[1.02323093],[1.94844411]
[2.93958959],[1.07421126],[2.23413707]
[3.16311568],[1.27809379],[2.88756439]
[3.46269031],[1.42312146],[3.38661067]
[3.69723712],[1.46100274],[3.80844054]
[3.88040726],[1.47946499],[4.14442553]
[4.00034955],[1.50565311],[4.44322904]
[4.09557752],[1.53551444],[4.67431265]
[4.28633805],[1.5678756],[4.88250881]
[4.41966552],[1.58808429],[5.09504903]
[4.53219669],[1.60289487],[5.34002327]
[4.63053871],[1.61018224],[5.58233512]
[4.69191437],[1.61900292],[5.82229477]
[4.82935458],[1.6271656],[6.02241421]
[4.80320611],[1.63584758],[6.11841424]
[4.96549938],[1.64095506],[6.27900332]
[4.88843125],[1.6469418],[6.34451116]
[5.04276469],[1.65389095],[6.517355]
[4.99266414],[1.66456571],[6.61262912]
[5.11309651],[1.69224368],[6.81113511]
[5.06719806],[1.74486122],[6.94209568]
[5.17287568],[1.77306077],[7.12856983]
[5.14383795],[1.79301203],[7.18320914]
[5.23149764],[1.77492403],[7.30580047]
[5.22221535],[1.75747159],[7.25300989]
[5.30252111],[1.74218959],[7.32887749]
[5.33836712],[1.69506711],[7.2723132]
[5.37810549],[1.69981242],[7.22446163]
[5.38195092],[1.66724547],[7.05971712]
[5.36267988],[1.66161046],[6.96391402]
[5.33892573],[1.64255033],[6.80659062]
[5.33145948],[1.62307916],[6.7085534]
[5.30365551],[1.60466111],[6.56012786]
[5.27440123],[1.586727],[6.45058239]
[5.25543483],[1.56997705],[6.34457974]
[5.23600925],[1.54902893],[6.24325271]
[5.2153581],[1.50272337],[6.12574389]
[5.197323],[1.48492658],[5.99510582]
[5.17095792],[1.46643724],[5.80716345]
[5.12705303],[1.44384882],[5.5593068]
[5.06523603],[1.42234522],[5.32126625]
[4.97725121],[1.40135632],[5.10134693]
[4.86162276],[1.37910365],[4.87752509]
[4.74039203],[1.35743693],[4.65435074]
[4.63486926],[1.33127114],[4.46080651]
[4.56392175],[1.30173582],[4.2811684]
[4.48671087],[1.25680894],[4.07693137]
[4.39570908],[1.21362944],[3.89223376]
[4.27771853],[1.17038924],[3.70263141]
[8.34109331],[1.62042333],[9.21563339]
[6.21925654],[1.38085511],[4.92096057]
[4.02535385],[1.14723384],[2.461367]
[2.2187213],[0.79400805],[1.02269832]
[1.92402197],[0.41619083],[0.69956417]
[2.63854595],[0.9227368],[1.74322229]
[2.73648453],[1.03383897],[1.9973905]
[3.0261848],[1.10831337],[2.36125334]
[3.23539734],[1.33599684],[3.1000651]
[3.57957015],[1.47525542],[3.61800909]
[3.79232316],[1.52058197],[4.03740717]
[3.94785681],[1.54375179],[4.44434672]
[4.12181977],[1.56593324],[4.83005142]
[4.27156742],[1.59448394],[5.09914504]
[4.42533054],[1.62596645],[5.35078768]
[4.53817605],[1.64377809],[5.59775049]
[4.62068706],[1.65572437],[5.89336245]
[4.76336856],[1.66754541],[6.18041859]
[4.81895703],[1.68876458],[6.45811469]
[4.99918802],[1.7008718],[6.63458763]
[4.96783751],[1.71667423],[6.76980508]
[5.12072954],[1.73124635],[6.90934787]
[5.08570304],[1.7474451],[7.0323521]
[5.18620218],[1.76102433],[7.17874656]
[5.16388821],[1.78487178],[7.35354421]
[5.24824817],[1.82397299],[7.54245958]
[5.2408517],[1.87014203],[7.76837496]
[5.32396305],[1.89297774],[7.90292256]
[5.33306982],[1.91572497],[8.07072185]
[5.40700665],[1.90045138],[8.0914951]
[5.42817189],[1.88542619],[8.17659902]
[5.48133974],[1.87186719],[8.12895922]
[5.533998],[1.82553094],[8.12765067]
[5.55953742],[1.83366235],[8.07226074]
[5.596068],[1.78785337],[7.95326598]
[5.54511936],[1.79524849],[7.81759821]
[5.5282596],[1.776514],[7.67699803]
[5.50143798],[1.7558753],[7.5449206]
[5.48788278],[1.73652725],[7.37241968]
[5.45341882],[1.71407356],[7.21427816]
[5.4328841],[1.7018343],[7.06518088]
[5.41219338],[1.68646636],[6.92511744]
[5.38917111],[1.66299621],[6.77062256]
[5.36931703],[1.59283894],[6.59143969]
[5.34072752],[1.52244013],[6.36679967]
[5.28275114],[1.49403214],[6.08638215]
[5.21667044],[1.47229973],[5.82707369]
[5.13336787],[1.45121376],[5.5666928]
[5.05361512],[1.42925928],[5.32229815]
[4.94132192],[1.40771832],[5.06629754]
[4.81262288],[1.38303042],[4.83602308]
[4.70760602],[1.35008557],[4.61751175]
[4.61307018],[1.30487013],[4.41252195]
[4.54996687],[1.26118591],[4.21506254]
[4.47204397],[1.21834691],[4.00885467]
[8.54642046],[1.66844364],[9.51030227]
[6.32828221],[1.40076552],[5.09353127]
[4.13235874],[1.17664756],[2.5656904]
[2.33685221],[0.80911513],[1.05743247]
[1.88328373],[0.43527961],[0.68481382]
[2.66772362],[0.94028806],[1.78866929]
[2.86627988],[1.04740559],[2.08015202]
[3.12543064],[1.16951607],[2.57223634]
[3.3349987],[1.38685542],[3.31258405]
[3.68870289],[1.52507737],[3.83383142]
[3.88157209],[1.57374721],[4.26147684]
[4.05916017],[1.59797526],[4.76182381]
[4.28683525],[1.61842521],[5.20239105]
[4.42285943],[1.64363317],[5.56895734]
[4.53968552],[1.6714118],[5.9025955]
[4.64017617],[1.6881715],[6.14351241]
[4.71613098],[1.7280367],[6.48374699]
[4.90847356],[1.77116718],[6.71493163]
[4.97641304],[1.79352732],[7.04037401]
[5.13456223],[1.80613211],[7.27923353]
[5.12669342],[1.82123234],[7.42957319]
[5.23380114],[1.83586661],[7.60117566]
[5.22973031],[1.85246482],[7.75364095]
[5.31469051],[1.86655082],[7.89968432]
[5.32984403],[1.89349507],[8.13750138]
[5.40271526],[1.92470073],[8.31684759]
[5.43098531],[1.96631393],[8.60038778]
[5.48667053],[1.98880285],[8.73070737]
[5.61325245],[2.01242583],[8.97288494]
[5.58238736],[2.00257595],[8.99117303]
[5.70862164],[1.98876508],[9.19004484]
[5.74134484],[1.97582713],[9.14942701]
[5.86155401],[1.93570763],[9.23572483]
[5.93283954],[1.94101194],[9.2130242]
[6.02336485],[1.9020002],[9.1139266]
[6.02628275],[1.90425303],[8.92819768]
[5.92254972],[1.88567634],[8.72284847]
[5.79682442],[1.86684755],[8.47201354]
[5.74514816],[1.84865332],[8.28771329]
[5.65499189],[1.82632587],[8.07978239]
[5.61383427],[1.80633195],[7.9269461]
[5.59127001],[1.79091896],[7.7790453]
[5.56684114],[1.77307074],[7.59844506]
[5.54517252],[1.72337526],[7.40041894]
[5.51252137],[1.67039965],[7.11662472]
[5.45251951],[1.61169886],[6.69986287]
[5.39126597],[1.53481037],[6.38259262]
[5.30047697],[1.49943228],[6.09636349]
[5.20464988],[1.47798706],[5.82768]
[5.12604068],[1.45618622],[5.55462543]
[5.04009076],[1.4304795],[5.29514408]
[4.92161267],[1.39717102],[5.04133686]
[4.78376111],[1.35589299],[4.78885043]
[4.67736303],[1.31360514],[4.57151994]
[4.61533814],[1.27160384],[4.37932979]
[8.6837362],[1.69175872],[9.71015453]
[6.37002492],[1.41070899],[5.16139827]
[4.16145181],[1.19012671],[2.60101399]
[2.40849147],[0.81564633],[1.06480183]
[1.97926972],[0.51952538],[0.78109686]
[2.68484578],[0.96397925],[1.84294223]
[2.96625657],[1.0659295],[2.17417822]
[3.24650835],[1.23539059],[2.80410793]
[3.45923902],[1.44270508],[3.54826043]
[3.79271437],[1.57755857],[4.0677203]
[4.00672438],[1.62494789],[4.52592184]
[4.21525976],[1.6456205],[5.09086504]
[4.43208569],[1.66540519],[5.64247785]
[4.55620336],[1.68847587],[6.08572439]
[4.64139465],[1.73394644],[6.46599844]
[4.80256722],[1.77804731],[6.67913234]
[4.85001268],[1.82500581],[7.02868172]
[5.08066166],[1.86624533],[7.32852372]
[5.14471718],[1.88780372],[7.65607879]
[5.2554493],[1.90097945],[7.941654]
[5.26945578],[1.91714202],[8.11695684]
[5.37361111],[1.9322428],[8.30292967]
[5.40850974],[1.94888843],[8.50263386]
[5.46596446],[1.96532146],[8.67967634]
[5.51569956],[1.99506182],[8.96227263]
[5.62278258],[2.02092101],[9.18673406]
[5.86616662],[2.05630455],[9.5437191]
[5.96440737],[2.07659442],[9.78535753]
[6.07174598],[2.09620842],[10.04175755]
[6.11030981],[2.09024149],[10.18794567]
[6.18630192],[2.07901495],[10.34980059]
[6.25916717],[2.06886084],[10.47612781]
[6.33593985],[2.0374501],[10.50957603]
[6.45031305],[2.03803385],[10.60060702]
[6.47142468],[2.00665137],[10.50350317]
[6.53397785],[2.00433399],[10.40674183]
[6.45496798],[1.98742246],[10.1269723]
[6.41307053],[1.97061864],[9.93297484]
[6.27105056],[1.95397965],[9.63600426]
[6.21288553],[1.93368545],[9.38190908]
[6.1003831],[1.9152486],[9.10166541]
[6.02446203],[1.8946613],[8.85616202]
[5.9630004],[1.86550509],[8.59863737]
[5.91001421],[1.82107521],[8.36547655]
[5.82089974],[1.7731374],[8.05343151]
[5.65409465],[1.71936853],[7.59646748]
[5.56671018],[1.66803621],[7.07877636]
[5.48470985],[1.61050819],[6.66395521]
[5.39187032],[1.53249804],[6.34885333]
[5.29133728],[1.50238835],[6.04658715]
[5.2074876],[1.47672408],[5.77638827]
[5.13319667],[1.44109145],[5.51642447]
[5.02554707],[1.39989214],[5.21663791]
[4.8968875],[1.3623074],[4.96004127]
[4.77279713],[1.32173303],[4.72001009]
[9.20397624],[1.72323597],[10.15828868]
[6.49660332],[1.42797583],[5.31310468]
[4.31054842],[1.20498992],[2.70959124]
[2.55413702],[0.82667743],[1.14154608]
[2.03230638],[0.56502031],[0.84921529]
[2.72822634],[0.98357628],[1.89689388]
[3.08208554],[1.08445539],[2.30276391]
[3.37158182],[1.3067579],[3.0604412]
[3.61155648],[1.50399031],[3.83226524]
[3.88766584],[1.62744031],[4.34003748]
[4.13766038],[1.66899129],[4.87283975]
[4.38119774],[1.68989379],[5.45750197]
[4.5456295],[1.71225856],[6.14680145]
[4.66371345],[1.76470179],[6.59670313]
[4.75010926],[1.82212613],[6.98368273]
[4.96261073],[1.86713839],[7.2550062]
[5.01192264],[1.91462688],[7.61992286]
[5.20211947],[1.95580991],[7.97803416]
[5.26382623],[1.97975185],[8.32158743]
[5.38381247],[1.99335548],[8.63473916]
[5.43651371],[2.00980798],[8.88504667]
[5.51724799],[2.02766341],[9.08947446]
[5.587496],[2.04630613],[9.34157605]
[5.63235979],[2.06534827],[9.55739073]
[5.87370199],[2.09015351],[9.93663926]
[6.03837326],[2.11296491],[10.2763858]
[6.22554461],[2.14106144],[10.65336901]
[6.44118367],[2.16004567],[11.04068954]
[6.51703828],[2.1721181],[11.27241771]
[6.62575342],[2.16585681],[11.6234721]
[6.69023397],[2.15504458],[11.79197006]
[6.73973135],[2.14557139],[12.05529296]
[6.87031269],[2.1221912],[12.15810986]
[6.92442158],[2.11992626],[12.20326527]
[7.05021171],[2.09468886],[12.14865168]
[7.09436554],[2.09071925],[12.06671861]
[7.04946765],[2.07615078],[11.87207022]
[6.90144819],[2.06217724],[11.60748738]
[6.83244233],[2.04842148],[11.32448283]
[6.68341378],[2.0316828],[11.02829744]
[6.58617993],[2.0159931],[10.70528615]
[6.50079678],[1.99749176],[10.38208472]
[6.42681203],[1.9653171],[10.04816801]
[6.36109268],[1.92866318],[9.71566094]
[6.28903663],[1.8864314],[9.39038917]
[6.11443684],[1.83596062],[8.93822957]
[5.96104225],[1.77571036],[8.17798805]
[5.75798389],[1.71375801],[7.5290568]
[5.55586641],[1.66521485],[7.0402036]
[5.45986708],[1.60168319],[6.63580875]
[5.37002947],[1.52958405],[6.33037057]
[5.27309313],[1.49131273],[6.05614611]
[5.19149055],[1.45570405],[5.77487234]
[5.10411312],[1.4197225],[5.50705595]
[4.99294292],[1.38814359],[5.23591419]
[9.90834373],[1.75373095],[10.69088609]
[6.53343293],[1.44991211],[5.50407362]
[4.34441903],[1.23776424],[2.84958445]
[2.62857785],[0.85171097],[1.21417098]
[2.09900145],[0.61168522],[0.92811429]
[2.77170878],[1.00476528],[1.95774152]
[3.19372074],[1.14192564],[2.45085182]
[3.52075113],[1.36288703],[3.30915678]
[3.73912074],[1.55768252],[4.09187707]
[3.98990045],[1.67083793],[4.6244911]
[4.28671979],[1.70861514],[5.24298614]
[4.51177773],[1.72928358],[5.88620916]
[4.63841763],[1.80519411],[6.64137312]
[4.80982232],[1.85703274],[7.10092426]
[4.87849638],[1.9135731],[7.51907965]
[5.112325],[1.9575754],[7.88050162]
[5.16250692],[2.00403176],[8.23538435]
[5.30321111],[2.04228606],[8.6405608]
[5.40181659],[2.06799289],[9.01899864]
[5.51646777],[2.08307238],[9.38080804]
[5.59904836],[2.10228718],[9.70296228]
[5.70182992],[2.11981932],[9.94210954]
[5.86654729],[2.13871526],[10.33910632]
[6.01851585],[2.1574484],[10.70317504]
[6.19531477],[2.18107523],[11.095604]
[6.42003803],[2.2014644],[11.59824764]
[6.58646934],[2.23334616],[11.99685419]
[6.78088757],[2.25485288],[12.57937907]
[6.89011431],[2.30898793],[12.88195632]
[6.96706869],[2.32183034],[13.29500299]
[7.09193141],[2.32127147],[13.50449751]
[7.14191287],[2.28244963],[13.77478864]
[7.3500833],[2.24565542],[13.99987815]
[7.39980915],[2.20934634],[14.01701111]
[7.50021629],[2.18189813],[14.05001684]
[7.54632512],[2.1725809],[13.88806481]
[7.54737331],[2.15982931],[13.76024312]
[7.48072067],[2.14784527],[13.48313243]
[7.43800787],[2.13612481],[13.24581239]
[7.32710557],[2.12233079],[12.90100732]
[7.25640343],[2.10917254],[12.63613182]
[7.10891612],[2.09377913],[12.2404611]
[6.95726829],[2.06448511],[11.870171]
[6.82193617],[2.03403528],[11.49597754]
[6.73126728],[1.99667646],[11.0961853]
[6.56550702],[1.94942271],[10.6072198]
[6.39150512],[1.8987137],[9.91321386]
[6.20318182],[1.83948423],[8.86850577]
[5.93741662],[1.7782198],[7.96408433]
[5.61047386],[1.72043987],[7.38208666]
[5.52909102],[1.67242381],[6.96695821]
[5.44094909],[1.62492335],[6.61058741]
[5.32998243],[1.54685681],[6.28651505]
[5.25316818],[1.47375395],[6.0047945]
[5.17664316],[1.4351511],[5.72460514]
[11.05832784],[1.83788068],[11.51734335]
[6.61071398],[1.47523528],[5.71401527]
[4.45628964],[1.26826014],[2.99387258]
[2.75494868],[0.8748774],[1.30610103]
[2.12406576],[0.63685256],[0.98100089]
[2.85706573],[1.02036517],[2.0076137]
[3.3040389],[1.2035633],[2.61362211]
[3.65073242],[1.41163915],[3.52948149]
[3.84514441],[1.60224195],[4.34988074]
[4.09247313],[1.70450856],[4.93518067]
[4.40369846],[1.74296433],[5.59015094]
[4.61043978],[1.76498022],[6.30937778]
[4.73214738],[1.87773649],[7.0671887]
[4.9593954],[1.93096308],[7.60036049]
[5.04187557],[1.98913882],[8.05730471]
[5.22757422],[2.03322145],[8.48817089]
[5.27656378],[2.07981588],[8.86918974]
[5.40694917],[2.1167597],[9.28613798]
[5.535202],[2.14350666],[9.71647597]
[5.66418944],[2.15993432],[10.13036775]
[5.84391729],[2.17853101],[10.61134661]
[6.01417012],[2.19610805],[11.03638012]
[6.16816708],[2.24097774],[11.44716374]
[6.38962486],[2.26198554],[11.97330962]
[6.54354707],[2.32261106],[12.37595594]
[6.77377611],[2.36249798],[13.0658051]
[6.90054772],[2.41904245],[13.49539023]
[7.06042631],[2.46382573],[14.10348121]
[7.2913764],[2.50753067],[14.56284141]
[7.40481958],[2.54072841],[15.02597452]
[7.52976163],[2.55187729],[15.38605521]
[7.57874285],[2.51812782],[15.68429676]
[7.66842643],[2.47097359],[15.97573208]
[7.74067839],[2.42793773],[16.09025]
[7.79590978],[2.37561758],[16.07371814]
[7.93279852],[2.33354486],[16.0127676]
[8.01854866],[2.29286116],[15.78941501]
[8.03926912],[2.25534336],[15.58123211]
[7.86367373],[2.22214617],[15.17792059]
[7.81770299],[2.20046918],[14.87907907]
[7.68908987],[2.18853541],[14.50571318]
[7.63183453],[2.17456331],[14.16392429]
[7.49845332],[2.15864975],[13.75477275]
[7.3871834],[2.13202281],[13.37548766]
[7.27463304],[2.09757387],[12.98098401]
[7.15039436],[2.05316293],[12.46320049]
[6.99528188],[2.0079531],[11.84292821]
[6.78985065],[1.95401468],[10.88024375]
[6.49193224],[1.8979966],[9.63479369]
[6.06342425],[1.83508222],[8.39738542]
[5.7934375],[1.77921289],[7.78210622]
[5.60039229],[1.72493628],[7.30382883]
[5.49180904],[1.66969588],[6.8859037]
[5.3910838],[1.6251445],[6.54642958]
[5.30318096],[1.54029356],[6.24358679]
[11.65105684],[1.88675232],[12.27581048]
[6.63086276],[1.49082701],[5.83991002]
[4.49064127],[1.28992343],[3.07999152]
[2.82937876],[0.89592006],[1.36614886]
[2.26179789],[0.70179568],[1.13360952]
[3.00316854],[1.04279627],[2.09754311]
[3.40786251],[1.27114788],[2.81909922]
[3.77045743],[1.46756118],[3.80294018]
[3.98769488],[1.64941316],[4.63607895]
[4.21970317],[1.73823485],[5.26171079]
[4.50540033],[1.77789575],[5.98721421]
[4.75315043],[1.84033331],[6.78428946]
[4.85763038],[1.95105915],[7.51639922]
[5.11615208],[2.00529648],[8.15982092]
[5.19817449],[2.06259629],[8.6670228]
[5.32908056],[2.10362999],[9.13224982]
[5.40633978],[2.14502303],[9.53393546]
[5.53405239],[2.18098716],[9.96392124]
[5.69542079],[2.20746314],[10.45423207]
[5.94208689],[2.2384783],[11.08127051]
[6.11558799],[2.29786397],[11.67391449]
[6.37039515],[2.33422225],[12.27484554]
[6.50131999],[2.40611967],[12.70004935]
[6.78139586],[2.45651363],[13.46341701]
[6.90104269],[2.50725855],[13.93962384]
[7.06465994],[2.54791758],[14.58282737]
[7.27184381],[2.60132147],[15.1424434]
[7.48600848],[2.62923255],[15.78071514]
[7.67239221],[2.67816027],[16.34316366]
[7.74253067],[2.69241228],[16.77020116]
[7.80268539],[2.7048879],[17.09842546]
[7.93277903],[2.67816708],[17.48050994]
[8.02458173],[2.64341943],[17.74352945]
[8.21974115],[2.6157391],[18.08876752]
[8.28512342],[2.57521693],[18.1135051]
[8.38596726],[2.53875773],[18.14061135]
[8.43910232],[2.49273301],[17.95360721]
[8.46109647],[2.44782246],[17.76158087]
[8.41051791],[2.39682851],[17.39214034]
[8.34158141],[2.36088344],[17.08040236]
[8.24206693],[2.3391738],[16.64997336]
[8.18062028],[2.31712353],[16.33356282]
[8.0698789],[2.29211934],[15.84671705]
[7.95536317],[2.26978161],[15.41400477]
[7.85120333],[2.22874081],[14.97194621]
[7.73517687],[2.16366469],[14.44172596]
[7.56300428],[2.09840001],[13.79262124]
[7.35009947],[2.0482736],[12.9621454]
[7.08269876],[1.99812404],[11.8314401]
[6.605071],[1.94240595],[10.09129976]
[6.18697467],[1.88404732],[8.89177825]
[5.93414703],[1.82976774],[8.17048249]
[5.72042811],[1.77428031],[7.59393589]
[5.561557],[1.72057796],[7.16711202]
[5.4596369],[1.65527021],[6.81471319]
[12.32158165],[1.93955127],[13.4380968]
[9.24954581],[1.51196471],[6.50040624]
[4.72851949],[1.31445033],[3.2484423]
[2.99868522],[0.9232992],[1.48339747]
[2.39346693],[0.73938561],[1.28210438]
[3.19698286],[1.06274309],[2.20228664]
[3.57431249],[1.34346436],[3.07981001]
[3.88652357],[1.52563445],[4.11475702]
[4.12176642],[1.69404361],[4.96788902]
[4.37147125],[1.77336034],[5.64628423]
[4.60020151],[1.82589197],[6.44213243]
[4.88954034],[1.91518867],[7.27354709]
[5.00082075],[2.02508626],[7.9981232]
[5.23213821],[2.07883331],[8.75009533]
[5.30894067],[2.13144287],[9.31091887]
[5.43215732],[2.16841497],[9.7785106]
[5.5436641],[2.20835787],[10.2065547]
[5.65796594],[2.24238548],[10.69123483]
[5.96441748],[2.32228533],[11.40769399]
[6.24985625],[2.36633195],[12.16310025]
[6.45425914],[2.45263055],[12.87629172]
[6.77159831],[2.49999875],[13.70248656]
[6.90811323],[2.55725378],[14.21601189]
[7.07001049],[2.59423392],[14.86311309]
[7.27574107],[2.65160908],[15.44827713]
[7.48434443],[2.67522101],[16.10907525]
[7.69360451],[2.7306751],[16.7786417]
[7.82054702],[2.74904398],[17.37505786]
[7.9310728],[2.79312188],[17.87830166]
[8.21728099],[2.80169461],[18.45604746]
[8.28164082],[2.81800368],[18.76743003]
[8.42487379],[2.80231289],[19.32967734]
[8.49322244],[2.77972561],[19.62460094]
[8.55208902],[2.75830596],[19.94675818]
[8.59895107],[2.72895397],[20.07037178]
[8.63510434],[2.70219424],[20.0527478]
[8.81541466],[2.66714785],[20.05417187]
[8.91368979],[2.6366711],[19.8202795]
[8.98508673],[2.60054615],[19.59829381]
[8.7994239],[2.56529419],[19.14433867]
[8.74047886],[2.53203943],[18.81014154]
[8.55653824],[2.50529406],[18.38025379]
[8.51712463],[2.47348337],[17.99010341]
[8.38120916],[2.44231293],[17.51712593]
[8.29491998],[2.41021504],[17.07364661]
[8.22141512],[2.35142006],[16.55599413]
[8.11496522],[2.26055878],[15.94240215]
[7.96378301],[2.17774992],[15.14400762]
[7.73932867],[2.08842383],[14.12469352]
[7.43596119],[2.03777223],[12.70519798]
[6.67508371],[1.98567151],[10.69638163]
[6.23693732],[1.9322232],[9.37160944]
[5.99277141],[1.87529117],[8.52081362]
[5.79616386],[1.8248401],[7.93119665]
[5.61435669],[1.76157619],[7.48615887]
[12.83383974],[1.98572491],[15.10561116]
[9.85054308],[1.52962295],[7.38997109]
[4.78416274],[1.34163458],[3.41830145]
[3.11887812],[0.96921321],[1.58763812]
[2.53109773],[0.77529493],[1.40969942]
[3.40162156],[1.08082184],[2.33225732]
[3.75523584],[1.405731],[3.3448971]
[4.01096687],[1.57993853],[4.41076236]
[4.26174577],[1.73425864],[5.30719003]
[4.49509307],[1.8122873],[6.05983082]
[4.70963315],[1.88602082],[6.95084846]
[5.03949452],[1.99782942],[7.80092906]
[5.14849523],[2.10278079],[8.55862944]
[5.32695857],[2.15261367],[9.36163388]
[5.42449222],[2.20093326],[9.96676634]
[5.55524086],[2.23571221],[10.45791022]
[5.75803163],[2.27146693],[10.96727104]
[5.97959725],[2.34475206],[11.68370511]
[6.21939929],[2.47871962],[12.4575153]
[6.55891796],[2.52390778],[13.36867188]
[6.845513],[2.60706845],[14.25382282]
[7.07630453],[2.63711438],[15.10068725]
[7.2598868],[2.69537442],[15.70699829]
[7.45196641],[2.71693444],[16.37942965]
[7.69008398],[2.7666852],[17.10522189]
[7.83231224],[2.79116654],[17.74118517]
[7.94354047],[2.83163351],[18.32784022]
[8.22405722],[2.85994369],[19.04732718]
[8.38320376],[2.89651793],[19.57174585]
[8.58430805],[2.9201473],[20.25568046]
[8.66370612],[2.94025973],[20.62146563]
[8.69855377],[2.93625177],[21.10921831]
[8.80944561],[2.92144904],[21.46040544]
[8.91250568],[2.90105741],[21.75057742]
[9.12113379],[2.8848511],[22.15300429]
[9.18876577],[2.8380199],[22.19612156]
[9.28297095],[2.80718586],[22.25247705]
[9.34265791],[2.78042188],[22.02135996]
[9.37147274],[2.74996384],[21.83233499]
[9.33411117],[2.71983505],[21.46552114]
[9.26036676],[2.68866799],[21.13141622]
[9.18230245],[2.67061248],[20.66289238]
[9.10897704],[2.64796008],[20.29120489]
[9.00433014],[2.62372698],[19.75063159]
[8.8961791],[2.59862331],[19.26690633]
[8.7917806],[2.55703944],[18.71359354]
[8.65925687],[2.48944955],[18.11820449]
[8.47267214],[2.40836437],[17.41227779]
[8.19830623],[2.2686397],[16.34389425]
[7.98221956],[2.15411704],[15.04401329]
[7.65732136],[2.07308842],[13.43909411]
[6.79871],[2.02672485],[11.19218428]
[6.26884491],[1.97606223],[9.71818051]
[6.04426334],[1.92563384],[8.89179189]
[5.85493259],[1.86792914],[8.27211992]
[13.40179107],[2.05813349],[16.91436015]
[10.48608666],[1.55171508],[8.87567212]
[4.92684697],[1.37092546],[3.62619998]
[3.28201338],[1.00939625],[1.71593604]
[2.5733837],[0.78453031],[1.47787131]
[3.48356036],[1.08733697],[2.38174746]
[3.84949973],[1.439688],[3.4974631]
[4.06531043],[1.61088101],[4.57108323]
[4.33473659],[1.75823241],[5.52556015]
[4.5459941],[1.85073145],[6.34246378]
[4.76821791],[1.95055331],[7.29435685]
[5.11953425],[2.0585632],[8.21253968]
[5.21874551],[2.15849649],[8.99893084]
[5.37491925],[2.20851979],[9.83341868]
[5.56169767],[2.2557014],[10.52027412]
[5.71845701],[2.31062952],[11.10884603]
[6.01410716],[2.3974692],[11.84006568]
[6.20929094],[2.50163988],[12.64754561]
[6.45908425],[2.63923984],[13.49722625]
[6.84808112],[2.68159327],[14.56215279]
[7.08371203],[2.7362847],[15.44427945]
[7.38995295],[2.76444189],[16.41485054]
[7.63863053],[2.80654151],[17.29785986]
[7.79940127],[2.84176495],[17.97096913]
[7.93229278],[2.87969415],[18.61846244]
[8.15384788],[2.91151516],[19.38685294]
[8.32952533],[2.94608315],[19.97621109]
[8.61105588],[2.97570922],[20.85694926]
[8.71564606],[3.00890501],[21.38358089]
[8.80457742],[3.03353359],[21.95842025]
[9.06767649],[3.05236924],[22.49521524]
[9.23476141],[3.06924608],[23.03428926]
[9.35114908],[3.09000282],[23.63108923]
[9.41235269],[3.12752046],[24.01074586]
[9.4569377],[3.1341468],[24.34517322]
[9.50455656],[3.12041246],[24.51423144]
[9.51856855],[3.07975725],[24.52360575]
[9.68834204],[3.01464828],[24.51546153]
[9.79911948],[2.94634618],[24.21004586]
[9.90450358],[2.87875439],[23.95885204]
[9.76653688],[2.8445925],[23.37033563]
[9.71214702],[2.81997876],[22.98975297]
[9.4248339],[2.79293997],[22.41883203]
[9.39810504],[2.76862619],[21.97598299]
[9.25821613],[2.74465803],[21.43784902]
[9.19261657],[2.71092421],[20.91874203]
[9.10659579],[2.66049489],[20.31472884]
[9.00141392],[2.59718264],[19.66149034]
[8.82204349],[2.51865299],[18.85557734]
[8.59797942],[2.42424085],[17.76211436]
[8.30257826],[2.29490369],[16.15951739]
[7.89385657],[2.15633462],[14.13570725]
[6.94671766],[2.06229673],[11.63127173]
[6.31746806],[2.01396517],[10.00930256]
[6.08936687],[1.95536892],[9.18336755]
