meltWidth,meltDepth,meltArea
[0.72462943],[0.15421668],[0.05491249]
[0.95966915],[0.20929326],[0.09918436]
[1.17360461],[0.27766383],[0.1614734]
[1.29982996],[0.29267424],[0.19863912]
[1.46375672],[0.33786834],[0.26493898]
[1.61254783],[0.3496676],[0.31807191]
[1.70928854],[0.37471599],[0.37663709]
[1.82462219],[0.35560567],[0.39775167]
[1.83584105],[0.36635093],[0.40790084]
[1.85269308],[0.34273089],[0.40465384]
[1.8373123],[0.36061914],[0.41941154]
[1.91485242],[0.336497],[0.42637298]
[1.92849953],[0.39074498],[0.47254846]
[1.99729046],[0.35504728],[0.48409688]
[1.98882589],[0.39568133],[0.51812595]
[2.04613463],[0.37129782],[0.521168]
[1.96427811],[0.39557096],[0.51774986]
[2.0190236],[0.383913],[0.51274121]
[1.97477031],[0.39766091],[0.53061242]
[2.04528177],[0.39728445],[0.52908035]
[1.9625537],[0.39118834],[0.52637645]
[2.03201908],[0.3966852],[0.51973513]
[2.01027711],[0.391033],[0.52786952]
[2.06404743],[0.39438087],[0.52564803]
[2.04983986],[0.38669044],[0.52955322]
[2.08084318],[0.36519238],[0.50729269]
[2.04777619],[0.38920447],[0.52150304]
[2.070969],[0.35287523],[0.49954251]
[2.03623707],[0.36846031],[0.49118934]
[2.05699404],[0.34048371],[0.47800919]
[2.05286253],[0.34057713],[0.48294468]
[2.0410951],[0.33409978],[0.45519604]
[2.01820424],[0.32850331],[0.4449334]
[2.01002532],[0.32568034],[0.43545375]
[2.00232652],[0.31090387],[0.4206263]
[1.99333783],[0.30645712],[0.40821579]
[1.94328083],[0.2756122],[0.35547035]
[1.85958825],[0.2220896],[0.27466373]
[1.64232405],[0.1753192],[0.18996714]
[1.23848809],[0.10137638],[0.09464786]
[0.86307901],[0.03595917],[0.01878059]
[0.],[0.],[0.]
[0.],[0.],[0.]
[0.],[0.],[0.]
[0.],[0.],[0.]
[0.],[0.],[0.]
[0.],[0.],[0.]
[0.],[0.],[0.]
[0.],[0.],[0.]
[0.],[0.],[0.]
[0.],[0.],[0.]
[0.],[0.],[0.]
[0.],[0.],[0.]
[0.],[0.],[0.]
[0.],[0.],[0.]
[1.37512517],[0.22889514],[0.21995026]
[1.78234032],[0.29257496],[0.37278708]
[1.89773898],[0.48266069],[0.62626713]
[2.05234696],[0.49320771],[0.74426236]
[2.11576523],[0.59216332],[0.8836251]
[2.22968611],[0.60967408],[0.96443948]
[2.24573264],[0.66686517],[1.02797176]
[2.33377235],[0.66646191],[1.06506666]
[2.29065009],[0.70474946],[1.10006211]
[2.42690682],[0.70547738],[1.15879755]
[2.31800945],[0.73287611],[1.14398251]
[2.53094223],[0.73890659],[1.23937431]
[2.38148211],[0.76473888],[1.18321906]
[2.60103931],[0.77131644],[1.29044999]
[2.4701285],[0.79834308],[1.2426015]
[2.66711883],[0.79856008],[1.35111414]
[2.5242468],[0.81844754],[1.2816369]
[2.69344882],[0.81244402],[1.40007915]
[2.58220606],[0.83371817],[1.37462419]
[2.70046479],[0.85201953],[1.49434998]
[2.61337445],[0.90627963],[1.48856977]
[2.71011656],[0.95317439],[1.61041572]
[2.63008745],[0.98274859],[1.6443439]
[2.70899222],[1.00085327],[1.7169109]
[2.63910983],[1.01308768],[1.74545791]
[2.70665078],[1.02651755],[1.78464145]
[2.64816938],[1.03633283],[1.81843087]
[2.70463906],[1.04760793],[1.84522015]
[2.64361377],[1.06364156],[1.88374637]
[2.69491673],[1.07457414],[1.95677952]
[2.68223968],[1.0967059],[1.99483825]
[2.68931263],[1.10265644],[2.09100185]
[2.67646097],[1.11460083],[2.10264921]
[2.65017281],[1.12473551],[2.14934783]
[2.64629108],[1.13748102],[2.20866792]
[2.63686151],[1.14744432],[2.25429472]
[2.6162041],[1.15035716],[2.28472569]
[2.59747911],[1.15271554],[2.29948239]
[2.50039757],[1.14769061],[2.25976419]
[2.29044466],[1.14117184],[2.16996261]
[2.06705395],[1.12692449],[2.06208352]
[2.02356198],[1.10577245],[1.95879374]
[2.04026578],[1.07986868],[1.86562394]
[2.0571392],[1.05191949],[1.76980186]
[2.07324794],[1.02495748],[1.68007942]
[2.08425174],[0.99627996],[1.59156305]
[2.08959797],[0.97027887],[1.49097327]
[2.09167505],[0.91961099],[1.35338538]
[2.0966186],[0.84232134],[1.23965936]
[2.10840079],[0.77746347],[1.17323751]
[2.11817402],[0.73862374],[1.13198889]
[2.11843238],[0.70007207],[1.08408845]
[2.10750954],[0.66174507],[1.02630163]
[0.],[0.],[0.]
[0.],[0.],[0.]
[1.32814197],[0.27424806],[0.21382378]
[1.98537579],[0.41387083],[0.55609612]
[2.07740007],[0.55156891],[0.80249861]
[2.26325456],[0.62713925],[0.97544732]
[2.37369299],[0.72321834],[1.15207681]
[2.59721342],[0.76245971],[1.26987423]
[2.70163385],[0.78519989],[1.33725524]
[2.80929965],[0.80725219],[1.41721761]
[2.80815872],[0.8179004],[1.45177687]
[2.88436175],[0.81929694],[1.52878065]
[2.87629133],[0.82801985],[1.52116528]
[2.94007293],[0.83924338],[1.59349642]
[2.95616321],[0.85523369],[1.61820624]
[3.00683746],[0.86369471],[1.68710523]
[3.04405518],[0.9175158],[1.76352192]
[3.07762287],[0.94979737],[1.84596948]
[3.12274122],[0.95993536],[1.89211485]
[3.17891454],[0.96960102],[1.97194273]
[3.21087913],[0.97650991],[2.0073579]
[3.27510545],[1.00544276],[2.09245351]
[3.28606803],[1.04433404],[2.14351464]
[3.34611275],[1.07050553],[2.21331149]
[3.32237222],[1.09432302],[2.237558]
[3.36670681],[1.11241076],[2.28524208]
[3.33354759],[1.1389729],[2.29076287]
[3.38036081],[1.16264164],[2.33295253]
[3.32333232],[1.18453966],[2.32589182]
[3.35650797],[1.20167368],[2.36186314]
[3.31747575],[1.22368113],[2.36152491]
[3.33962324],[1.23711291],[2.39133228]
[3.35752969],[1.25650859],[2.44024868]
[3.33880297],[1.26646635],[2.49316824]
[3.34747017],[1.2786643],[2.53318281]
[3.32131743],[1.28952992],[2.57631927]
[3.30047946],[1.3012688],[2.66233056]
[3.28201383],[1.31512821],[2.72876772]
[3.24516883],[1.32431048],[2.77407136]
[3.1950234],[1.33435506],[2.77502932]
[3.11694758],[1.33642447],[2.73804852]
[3.01114632],[1.32775474],[2.71334172]
[2.90494638],[1.3067114],[2.65774974]
[2.80346622],[1.28775024],[2.60004657]
[2.48355065],[1.26818294],[2.47445272]
[2.19861468],[1.24871098],[2.2732557]
[2.21209081],[1.22896357],[2.14008926]
[2.22660288],[1.2058246],[2.06703127]
[2.24474732],[1.18286536],[1.99660841]
[2.25329993],[1.15771315],[1.91009571]
[2.26504772],[1.13437183],[1.79925028]
[2.27203726],[1.06381788],[1.67085798]
[2.28047477],[0.99213176],[1.57393455]
[2.28120484],[0.93611066],[1.49269705]
[2.28007952],[0.89234774],[1.4353753]
[0.24847496],[0.15410709],[0.01718775]
[0.],[0.],[0.]
[1.19212986],[0.27171174],[0.17304307]
[1.9711375],[0.41906112],[0.56164667]
[2.09690675],[0.61022642],[0.86189873]
[2.28101719],[0.69248828],[1.06961724]
[2.41677203],[0.76396001],[1.23987023]
[2.66742125],[0.7972856],[1.36848482]
[2.7988605],[0.82237763],[1.4481882]
[2.86476493],[0.84609349],[1.53605202]
[2.88013399],[0.86753368],[1.59134369]
[2.93514142],[0.87221467],[1.66080119]
[2.96193526],[0.90693301],[1.70804282]
[3.01182943],[0.91603167],[1.80110214]
[3.0654221],[0.96940889],[1.90435352]
[3.13547137],[1.00065771],[2.02092457]
[3.18583541],[1.02376375],[2.09306815]
[3.25279675],[1.03551587],[2.17308188]
[3.29333899],[1.05062853],[2.23202627]
[3.38356269],[1.0669598],[2.29690685]
[3.41085275],[1.08613213],[2.35866141]
[3.50503033],[1.11169608],[2.42052266]
[3.48677046],[1.13805217],[2.45837139]
[3.5512139],[1.15368687],[2.50237018]
[3.49344259],[1.16742777],[2.51992014]
[3.54856574],[1.17660702],[2.5496498]
[3.49192148],[1.19508538],[2.55785047]
[3.54812503],[1.21756367],[2.5904635]
[3.47839617],[1.23721362],[2.59347463]
[3.52936006],[1.25280088],[2.61466396]
[3.47056089],[1.27349607],[2.624386]
[3.50681931],[1.28505862],[2.63154462]
[3.49579605],[1.3087783],[2.67204542]
[3.49539097],[1.31404199],[2.68010515]
[3.48290174],[1.32561468],[2.72828977]
[3.46704628],[1.33502183],[2.78454375]
[3.42461978],[1.34539524],[2.85364219]
[3.38655929],[1.35763405],[2.88440547]
[3.33415661],[1.36262092],[2.89476427]
[3.27115657],[1.36410669],[2.87986705]
[3.15402791],[1.36426459],[2.850717]
[3.05082833],[1.35207264],[2.81914819]
[2.94407789],[1.33369755],[2.76169736]
[2.859173],[1.3122168],[2.70165449]
[2.54146903],[1.28846395],[2.58842007]
[2.28982072],[1.26580361],[2.37277109]
[2.29676926],[1.2490237],[2.22404886]
[2.30683466],[1.23017624],[2.14971533]
[2.31852397],[1.20755549],[2.06921094]
[2.32664229],[1.18035578],[1.97468418]
[2.334084],[1.12235932],[1.8566385]
[2.34105796],[1.054382],[1.74012351]
[2.35597717],[0.99766645],[1.6578298]
[2.36786261],[0.95403729],[1.57709799]
[2.37286123],[0.91201572],[1.51162168]
[0.86142846],[0.70202282],[0.31394748]
[0.],[0.],[0.]
[0.66716012],[0.24516358],[0.08072769]
[1.71695822],[0.42936512],[0.5233929]
[1.92613389],[0.64931756],[0.83958066]
[2.07253096],[0.74012899],[1.02681781]
[2.25089664],[0.8155074],[1.21655031]
[2.5299186],[0.84868659],[1.3698559]
[2.67200971],[0.88052327],[1.46884912]
[2.72807113],[0.898861],[1.56881787]
[2.76969985],[0.92637336],[1.65986248]
[2.80912497],[0.97243236],[1.76332087]
[2.87513448],[1.06165432],[1.90369758]
[2.91016522],[1.08076951],[1.9701336]
[2.94302105],[1.09690175],[2.0362809]
[3.01152279],[1.10648682],[2.09493582]
[3.06096771],[1.1226941],[2.16283416]
[3.14777953],[1.12831301],[2.21267794]
[3.17451975],[1.13647472],[2.25421756]
[3.3098881],[1.14125246],[2.30653493]
[3.28423808],[1.15444092],[2.33272902]
[3.36227329],[1.169075],[2.37930978]
[3.30791726],[1.18547309],[2.40562069]
[3.38229245],[1.20148533],[2.4407841]
[3.32238881],[1.21637447],[2.47251897]
[3.39129518],[1.22645438],[2.49586988]
[3.32971228],[1.24560148],[2.52193242]
[3.39642239],[1.26887537],[2.54104392]
[3.31771415],[1.28851151],[2.56425862]
[3.37754555],[1.30481551],[2.56792122]
[3.30743141],[1.32247447],[2.59104062]
[3.35168005],[1.33317655],[2.58093718]
[3.32288636],[1.35411079],[2.63355341]
[3.33434459],[1.35709536],[2.74006672]
[3.30313301],[1.36675966],[2.79725968]
[3.29976641],[1.37607375],[2.84680078]
[3.24469005],[1.38538038],[2.88634106]
[3.17924201],[1.38827787],[2.89967261]
[3.12491941],[1.38444866],[2.91502079]
[3.08391931],[1.38036347],[2.91853148]
[3.03497057],[1.37504319],[2.90466363]
[2.9425236],[1.35786069],[2.90080235]
[2.60369855],[1.32878203],[2.78967191]
[2.46386644],[1.30103229],[2.54380069]
[2.46781802],[1.27587871],[2.35421335]
[2.46882122],[1.24922596],[2.27062743]
[2.47547604],[1.23037445],[2.18794471]
[2.47806136],[1.20790794],[2.09148894]
[2.48984049],[1.14623836],[1.99088217]
[2.50502111],[1.09100653],[1.87357761]
[2.51297902],[1.04946054],[1.78664752]
[2.52158722],[1.00613474],[1.71998404]
[2.52742006],[0.96181063],[1.65766616]
[2.50997228],[0.9176005],[1.56743486]
[2.48978504],[0.87409231],[1.48969153]
[0.98995444],[0.72088055],[0.38653871]
[0.],[0.],[0.]
[0.78712295],[0.26049408],[0.10311096]
[1.77859866],[0.50045705],[0.59866389]
[1.99309469],[0.72485812],[0.94284688]
[2.12226762],[0.79521308],[1.12580349]
[2.33962914],[0.87022135],[1.34774504]
[2.62002649],[0.90531949],[1.5256097]
[2.77525039],[0.96942242],[1.68601433]
[2.82070086],[1.08100987],[1.87786539]
[2.86961522],[1.12527193],[2.00104387]
[2.8909683],[1.14199622],[2.06687025]
[2.93067286],[1.16282576],[2.14388641]
[2.98519431],[1.17980915],[2.19588901]
[3.02830018],[1.18783695],[2.26084298]
[3.11045481],[1.19612205],[2.30582788]
[3.1381999],[1.20869931],[2.35458316]
[3.23950937],[1.21220212],[2.39252075]
[3.23637205],[1.2175082],[2.4494091]
[3.34084074],[1.22550671],[2.48667991]
[3.30783109],[1.23867536],[2.53489134]
[3.37960113],[1.24776965],[2.62801142]
[3.32360449],[1.26330598],[2.61776904]
[3.40913595],[1.27850361],[2.73385547]
[3.33429865],[1.29284381],[2.71243374]
[3.4132228],[1.30771329],[2.82747759]
[3.33934719],[1.32695666],[2.7891204]
[3.4207586],[1.34497287],[2.89211718]
[3.33069764],[1.36018292],[2.83983653]
[3.4049374],[1.37181371],[2.94248018]
[3.32456844],[1.38622554],[2.90202968]
[3.38208613],[1.39525225],[3.02616483]
[3.34250855],[1.41354019],[3.08082154]
[3.36544634],[1.41526184],[3.15739211]
[3.32336804],[1.42373062],[3.17624888]
[3.3315823],[1.43204322],[3.20511942]
[3.26175576],[1.43869355],[3.21448477]
[3.21498795],[1.43737489],[3.21598174]
[3.16291047],[1.43207832],[3.21076235]
[3.00465695],[1.42736701],[3.21886228]
[2.77825614],[1.42141759],[3.20914009]
[2.80305231],[1.4051302],[3.17080447]
[2.88698706],[1.3742576],[3.09864045]
[2.88706791],[1.33911536],[2.91524518]
[2.87761508],[1.31512059],[2.77949276]
[2.86269254],[1.28608766],[2.64147638]
[2.86308557],[1.25676553],[2.51753892]
[2.8722774],[1.2149715],[2.41730131]
[2.85360341],[1.1600446],[2.28289294]
[2.83259775],[1.11368121],[2.14316573]
[2.81234666],[1.07641543],[2.02845394]
[2.78858097],[1.033318],[1.9331846]
[2.72862825],[0.99710115],[1.82337459]
[2.71375964],[0.9629574],[1.73935982]
[2.67176772],[0.92336326],[1.64852539]
[1.02600008],[0.66154082],[0.36082667]
[0.],[0.],[0.]
[0.86559896],[0.2693553],[0.12621812]
[1.85174371],[0.54436517],[0.65379409]
[2.0498474],[0.76373496],[1.01368337]
[2.21818748],[0.83993553],[1.22910641]
[2.47031748],[0.95080699],[1.51319281]
[2.73299167],[1.01341066],[1.7536278]
[2.9130894],[1.07289049],[1.93702661]
[2.96909002],[1.12785426],[2.06606963]
[2.98777081],[1.17459788],[2.18775305]
[3.02961554],[1.18789796],[2.25042705]
[3.0556881],[1.2065587],[2.328653]
[3.11237993],[1.22102153],[2.35766566]
[3.11913381],[1.23136727],[2.41390007]
[3.20919019],[1.2385749],[2.49430502]
[3.20837029],[1.25494323],[2.53389096]
[3.30036971],[1.26923167],[2.67139857]
[3.2783972],[1.28692713],[2.68957499]
[3.39365148],[1.30352699],[2.83288393]
[3.33231129],[1.31546931],[2.83653226]
[3.42422963],[1.32376192],[2.96160359]
[3.36545041],[1.33131767],[2.94156104]
[3.45755455],[1.33901211],[3.04214189]
[3.37322757],[1.34924437],[3.01241138]
[3.46014327],[1.36749931],[3.11813022]
[3.37646894],[1.38556783],[3.0760698]
[3.4704909],[1.39940995],[3.17540013]
[3.36770057],[1.41256944],[3.11723432]
[3.4550211],[1.42242803],[3.24565074]
[3.36356368],[1.43333199],[3.20203703]
[3.43597486],[1.44163453],[3.29753711]
[3.38554581],[1.449415],[3.32403425]
[3.4217262],[1.45851355],[3.38603804]
[3.37103503],[1.46666121],[3.40215711]
[3.3877204],[1.47465525],[3.42868]
[3.30394577],[1.47634296],[3.4166947]
[3.10923135],[1.47321438],[3.36013552]
[2.87774032],[1.46724522],[3.34849145]
[2.83044231],[1.46130227],[3.36282848]
[2.92697744],[1.45378215],[3.3385256]
[2.99310255],[1.43685629],[3.28634134]
[3.04414324],[1.41034746],[3.20478488]
[3.06933634],[1.38488099],[3.12191957]
[3.07384859],[1.35288891],[3.01228632]
[3.04578289],[1.32256034],[2.87063366]
[3.03622079],[1.29703953],[2.75811833]
[3.0224398],[1.2523509],[2.63456907]
[3.0079598],[1.18543176],[2.5132514]
[2.99193983],[1.14162238],[2.3731691]
[2.97791851],[1.10015041],[2.25787806]
[2.95298186],[1.05954768],[2.13755893]
[2.90481381],[1.02231603],[2.00709077]
[2.88627038],[0.98741417],[1.9085179]
[2.8541229],[0.95322505],[1.81061704]
[1.21978405],[0.6719448],[0.44399931]
[0.],[0.],[0.]
[0.96042726],[0.29303358],[0.16545753]
[1.91528702],[0.58664858],[0.73595282]
[2.12058093],[0.7985255],[1.09906572]
[2.32421304],[0.88100879],[1.34923402]
[2.59019287],[1.01966825],[1.70891959]
[2.84874245],[1.07604449],[1.93821664]
[2.99915197],[1.12998245],[2.09498888]
[3.07002196],[1.17646296],[2.24389053]
[3.08334162],[1.21193333],[2.33895129]
[3.13775416],[1.22464704],[2.46596747]
[3.1448956],[1.25044879],[2.51959603]
[3.22938024],[1.26981677],[2.63747941]
[3.20749535],[1.28440365],[2.6779137]
[3.29652798],[1.29704117],[2.80023625]
[3.27431375],[1.30991226],[2.84109611]
[3.3735625],[1.32579805],[2.96604061]
[3.33780657],[1.34333363],[3.00322895]
[3.45103424],[1.36030797],[3.11365673]
[3.38862777],[1.37127997],[3.15121634]
[3.48553636],[1.38464805],[3.23837036]
[3.4145913],[1.3983359],[3.24174156]
[3.51337422],[1.4106549],[3.32911981]
[3.42242394],[1.4313633],[3.32143757]
[3.51430196],[1.44994281],[3.41679581]
[3.42782577],[1.46483161],[3.397712]
[3.52542464],[1.47589827],[3.49881742]
[3.41815115],[1.48659024],[3.47192336]
[3.51005062],[1.4941832],[3.55565214]
[3.41645731],[1.50213073],[3.54615316]
[3.49378885],[1.50889984],[3.59454873]
[3.43848609],[1.51308178],[3.63439079]
[3.48175501],[1.52200519],[3.68177092]
[3.42428777],[1.52817335],[3.81139344]
[3.43616067],[1.53479419],[3.87260243]
[3.27343583],[1.53170129],[3.87441775]
[3.0650566],[1.52732218],[3.82420747]
[3.08263409],[1.52196631],[3.72989674]
[3.11185997],[1.51603565],[3.65338846]
[3.12933257],[1.50749436],[3.57453641]
[3.14318518],[1.49260744],[3.48209605]
[3.15632044],[1.47120802],[3.38259848]
[3.17195204],[1.44982711],[3.30729407]
[3.19546164],[1.42736334],[3.23299094]
[3.18316078],[1.3933248],[3.13823568]
[3.18932978],[1.35663558],[3.04587329]
[3.19053595],[1.32592116],[2.95046558]
[3.18440065],[1.27418204],[2.83380075]
[3.17446985],[1.21039888],[2.67957332]
[3.16383772],[1.16408016],[2.54658504]
[3.14607836],[1.11702496],[2.418777]
[3.11557936],[1.07359523],[2.28134571]
[3.09715052],[1.03047728],[2.16722527]
[3.074773],[0.99080539],[2.05815128]
[1.39848656],[0.69971857],[0.52235812]
[0.],[0.],[0.]
[0.85910035],[0.32670287],[0.16069555]
[1.76959581],[0.60259046],[0.73425089]
[1.97608491],[0.81293349],[1.07983312]
[2.13846445],[0.91239382],[1.2895784]
[2.40748189],[1.07364316],[1.69365567]
[2.64242871],[1.12913363],[1.94991838]
[2.85665587],[1.18227359],[2.16548844]
[2.95856316],[1.22724492],[2.35204898]
[2.99505941],[1.26302262],[2.47564109]
[3.06650927],[1.2824315],[2.6384862]
[3.0862617],[1.30542713],[2.69583493]
[3.1619871],[1.3200289],[2.81872808]
[3.15250769],[1.33126731],[2.84906687]
[3.2545463],[1.33878197],[2.97583639]
[3.23859754],[1.35283037],[3.00714176]
[3.35986561],[1.36876148],[3.13601404]
[3.31563509],[1.38506959],[3.16357428]
[3.37341824],[1.40406355],[3.25629656]
[3.30811056],[1.41740816],[3.29220716]
[3.40576628],[1.43159113],[3.41098874]
[3.32690429],[1.44382504],[3.39943922]
[3.41142299],[1.4545921],[3.4944969]
[3.32246549],[1.47406015],[3.48586583]
[3.41744785],[1.48853707],[3.59526587]
[3.32324565],[1.50089607],[3.5776714]
[3.41233764],[1.50941375],[3.67661176]
[3.32822273],[1.51825275],[3.65109892]
[3.41671423],[1.52408501],[3.73859071]
[3.30208779],[1.53007632],[3.70720875]
[3.36145346],[1.53523874],[3.75276284]
[3.26893587],[1.53946014],[3.88224924]
[3.23979624],[1.54642444],[3.92425888]
[3.16696848],[1.55165753],[3.97516659]
[3.16552621],[1.5574215],[3.95592426]
[3.17487564],[1.55357011],[3.9024159]
[3.19984283],[1.54733195],[3.81223058]
[3.21561264],[1.54065157],[3.72715535]
[3.23971493],[1.5334221],[3.65404471]
[3.25545072],[1.52398829],[3.55020435]
[3.2589468],[1.50909559],[3.4679798]
[3.25559007],[1.48719623],[3.38138707]
[3.26551057],[1.46796052],[3.30103903]
[3.26884252],[1.44446503],[3.22383735]
[3.26713117],[1.4092953],[3.13447335]
[3.2780389],[1.37244584],[3.04511721]
[3.26711876],[1.30476219],[2.91342047]
[3.26462134],[1.22778558],[2.7724303]
[3.26346336],[1.16155737],[2.64441599]
[3.2635607],[1.12058952],[2.54445233]
[3.2559062],[1.08142176],[2.45016295]
[3.24507067],[1.04129531],[2.35704077]
[3.23312373],[1.00768341],[2.26707897]
[3.21702116],[0.97581271],[2.17773127]
[1.77948208],[0.6887262],[0.68761197]
[0.],[0.],[0.]
[0.9864522],[0.36357434],[0.216777]
[1.86408393],[0.64467844],[0.82345266]
[2.01619428],[0.84486731],[1.14406727]
[2.18453416],[0.96166525],[1.37407913]
[2.4555411],[1.17414084],[1.85688678]
[2.70051859],[1.21970317],[2.28209833]
[2.91633544],[1.26612464],[2.48183966]
[3.01456456],[1.30636876],[2.64692746]
[3.04118836],[1.34035117],[2.81863571]
[3.12680386],[1.36094114],[2.95212888]
[3.12363184],[1.38565656],[3.03773304]
[3.20564392],[1.3995214],[3.13906234]
[3.20183306],[1.40989658],[3.18658561]
[3.2958074],[1.4181353],[3.29326877]
[3.30456678],[1.4321388],[3.33801502]
[3.40997035],[1.44471493],[3.44898126]
[3.39245042],[1.4610951],[3.48550505]
[3.44780615],[1.47575426],[3.59644068]
[3.39836203],[1.48505284],[3.6154243]
[3.4882809],[1.49657171],[3.73928648]
[3.4199741],[1.51190214],[3.72709632]
[3.49146945],[1.52694919],[3.83729906]
[3.42668824],[1.54123843],[3.82980963]
[3.51643633],[1.55232884],[3.95163613]
[3.43048423],[1.56139001],[3.92080776]
[3.50513921],[1.56687708],[4.02573477]
[3.4429858],[1.57296302],[4.01225426]
[3.51856605],[1.57661683],[4.08329388]
[3.4222663],[1.57998111],[4.078877]
[3.44646118],[1.58380988],[4.12469973]
[3.36407431],[1.5854156],[4.19177119]
[3.31208858],[1.59034956],[4.178923]
[3.31388841],[1.59352997],[4.21307156]
[3.33925948],[1.59473909],[4.1804274]
[3.33295903],[1.58843547],[4.07384636]
[3.34855997],[1.58098546],[3.97102006]
[3.34845744],[1.57326113],[3.87151032]
[3.35181144],[1.56504171],[3.77766981]
[3.35154079],[1.5548524],[3.66489303]
[3.34678079],[1.53954027],[3.57729459]
[3.33963676],[1.51812474],[3.49235556]
[3.34319742],[1.49705438],[3.4148174]
[3.33869828],[1.47477331],[3.34281885]
[3.33070837],[1.44378294],[3.25575488]
[3.32541552],[1.40319094],[3.1575737]
[3.32720765],[1.34325483],[3.02497219]
[3.31571226],[1.25874065],[2.87267512]
[3.31142514],[1.19330252],[2.74771954]
[3.30911334],[1.14006849],[2.63597461]
[3.302133],[1.0987032],[2.54523075]
[3.29186293],[1.05929166],[2.45545379]
[3.28331416],[1.02596581],[2.37621326]
[3.27281517],[0.9941132],[2.29460797]
[1.98214339],[0.79217003],[0.94090072]
[0.],[0.],[0.]
[1.12857422],[0.39381527],[0.28237499]
[1.9446361],[0.67615326],[0.90078783]
[2.07471279],[0.86092862],[1.20050215]
[2.27281725],[1.063073],[1.67516335]
[2.53347265],[1.2297005],[2.05196829]
[2.78474721],[1.27206684],[2.48558927]
[3.01110638],[1.31886213],[2.72823939]
[3.10214803],[1.36073799],[2.88124814]
[3.12809591],[1.39223513],[3.04994427]
[3.1904261],[1.4122446],[3.19589503]
[3.1986175],[1.43660121],[3.29353643]
[3.27699777],[1.44634494],[3.40264996]
[3.28627672],[1.45679881],[3.45493871]
[3.38580197],[1.46644696],[3.56792258]
[3.39386032],[1.48100048],[3.6180982]
[3.51964053],[1.4928693],[3.74100354]
[3.49734111],[1.5073135],[3.76331137]
[3.58159699],[1.51996979],[3.90010788]
[3.53576382],[1.52688783],[3.90370505]
[3.6322246],[1.53602802],[4.04524573]
[3.56908773],[1.54978898],[4.01648464]
[3.64377836],[1.56207519],[4.13832879]
[3.58254813],[1.57324741],[4.10737826]
[3.66369316],[1.58249514],[4.23644082]
[3.58953333],[1.59041157],[4.18865927]
[3.64088217],[1.59406349],[4.29356597]
[3.56288497],[1.59872789],[4.25090237]
[3.60998912],[1.60134837],[4.3156723]
[3.51771906],[1.60506952],[4.28427305]
[3.57373693],[1.60928574],[4.3532667]
[3.48605177],[1.60966208],[4.40350949]
[3.43360582],[1.61523218],[4.38900086]
[3.40621912],[1.61803507],[4.41377453]
[3.45184659],[1.61526855],[4.35407106]
[3.42538548],[1.60866875],[4.19433811]
[3.43253824],[1.60090634],[4.07867018]
[3.426753],[1.59291799],[3.97931465]
[3.42471198],[1.58443929],[3.8804955]
[3.4211676],[1.57362007],[3.76086606]
[3.41355741],[1.55875793],[3.67671821]
[3.40290645],[1.53760256],[3.59449509]
[3.40425804],[1.51794429],[3.51358742]
[3.38954218],[1.49573949],[3.44274108]
[3.37497468],[1.46465733],[3.35532931]
[3.36559222],[1.42142796],[3.2490349]
[3.35904187],[1.36047498],[3.10530979]
[3.36909301],[1.2720426],[2.95021565]
[3.34391278],[1.2069198],[2.81343876]
[3.33879663],[1.15383471],[2.701457]
[3.32957115],[1.11030441],[2.60739081]
[3.3173627],[1.07296954],[2.52078767]
[3.30720096],[1.03952078],[2.44036052]
[3.29730391],[1.00951164],[2.36740854]
[2.18124262],[0.85441119],[1.11051864]
[0.],[0.],[0.]
[1.30187273],[0.42588249],[0.3526705]
[2.05116814],[0.71354269],[0.98606908]
[2.16074537],[0.88860978],[1.27911473]
[2.38659471],[1.12580727],[1.95407278]
[2.62845943],[1.27746987],[2.29374886]
[2.8875827],[1.31738476],[2.6885338]
[3.09927213],[1.36498218],[2.95363337]
[3.2009906],[1.40319885],[3.10455939]
[3.20859067],[1.43119182],[3.26865661]
[3.26946901],[1.45148969],[3.44586355]
[3.27536171],[1.47541023],[3.54963603]
[3.37066057],[1.48531468],[3.66512752]
[3.37378428],[1.49564217],[3.72251093]
[3.48863103],[1.50360264],[3.83392955]
[3.48927848],[1.51083481],[3.86890309]
[3.63304305],[1.51900563],[4.00684188]
[3.61399231],[1.52996857],[4.00412074]
[3.71220752],[1.53724316],[4.14630662]
[3.67181872],[1.54371647],[4.13043447]
[3.74343678],[1.55164037],[4.25727791]
[3.70053713],[1.56645311],[4.22842122]
[3.75281756],[1.5787562],[4.3434013]
[3.70800422],[1.58957374],[4.31703376]
[3.73515823],[1.59862638],[4.42094739]
[3.66294615],[1.60667347],[4.37762182]
[3.70911402],[1.60989923],[4.48806876]
[3.65865552],[1.61433747],[4.44817817]
[3.70366381],[1.61675393],[4.52310733]
[3.61134831],[1.62024848],[4.48184085]
[3.66932388],[1.6236339],[4.54119422]
[3.59048222],[1.62448952],[4.59264508]
[3.54574883],[1.62888938],[4.56543314]
[3.51768964],[1.63102628],[4.56271558]
[3.55208734],[1.62603637],[4.45163918]
[3.5272385],[1.61924225],[4.2715234]
[3.52638212],[1.61077407],[4.14707703]
[3.5122569],[1.60265208],[4.03164076]
[3.5056382],[1.59383002],[3.92798827]
[3.501425],[1.58309365],[3.82669154]
[3.49065842],[1.56810343],[3.74260126]
[3.47448246],[1.54788581],[3.6539047]
[3.47340089],[1.52822769],[3.56695174]
[3.44932452],[1.50143623],[3.47671084]
[3.40813907],[1.46570872],[3.37231265]
[3.38811414],[1.42519913],[3.25825228]
[3.37718054],[1.36656158],[3.11446083]
[3.36724666],[1.27694484],[2.94666877]
[3.36579254],[1.20982411],[2.81837376]
[3.35418304],[1.15481039],[2.70190923]
[3.34400693],[1.11109868],[2.6091683]
[3.33090424],[1.07495093],[2.52632004]
[3.31958826],[1.04427165],[2.45332709]
[3.31013908],[1.01547816],[2.38539322]
[2.36697848],[0.88390758],[1.20082027]
[0.08699246],[0.02466409],[0.00011447]
[1.04111914],[0.44442573],[0.2970749]
[1.85793734],[0.74232943],[0.93703067]
[1.9688841],[0.89496129],[1.20207106]
[2.20288119],[1.17788289],[2.01071026]
[2.50299482],[1.30615127],[2.39968334]
[2.76255471],[1.34047889],[2.7548821]
[2.97781549],[1.38081477],[3.02664851]
[3.07644856],[1.41640111],[3.16864887]
[3.10842794],[1.44073543],[3.35902971]
[3.19030068],[1.45704281],[3.54060108]
[3.18615144],[1.48203305],[3.64941138]
[3.24743358],[1.4869837],[3.73586755]
[3.19451049],[1.49356064],[3.74554563]
[3.2003836],[1.49892203],[3.79976009]
[3.10889892],[1.50764662],[3.77329331]
[3.19115842],[1.51571981],[3.84678945]
[3.15610026],[1.52710184],[3.83199848]
[3.28643583],[1.5322453],[3.92790055]
[3.24617243],[1.53756723],[3.91138668]
[3.37297154],[1.54650394],[4.01665562]
[3.30891073],[1.55858563],[3.97047452]
[3.41793218],[1.5693566],[4.07106644]
[3.35499654],[1.57872854],[4.05106349]
[3.46589945],[1.58727306],[4.15800335]
[3.41102603],[1.5953645],[4.12894312]
[3.5226804],[1.59760549],[4.2199712]
[3.46564896],[1.60186584],[4.18866597]
[3.54896637],[1.60554917],[4.24528411]
[3.52254227],[1.60831438],[4.22066317]
[3.57946397],[1.6120785],[4.25020822]
[3.57600975],[1.61404794],[4.29710357]
[3.61309736],[1.61662827],[4.25659928]
[3.5967058],[1.61850383],[4.27722703]
[3.61975676],[1.6115629],[4.16163495]
[3.60328221],[1.60359443],[4.03911583]
[3.58729026],[1.59513538],[3.92881768]
[3.57224637],[1.58569845],[3.81682951]
[3.56302362],[1.57617343],[3.74782347]
[3.55721487],[1.56159851],[3.67112319]
[3.54671448],[1.53713355],[3.58095019]
[3.53130824],[1.50738334],[3.48068495]
[3.52967738],[1.47555846],[3.36428149]
[3.50988601],[1.43491588],[3.23235716]
[3.47030636],[1.36712309],[3.05472874]
[3.43765107],[1.27988561],[2.90834041]
[3.41280137],[1.20382422],[2.78176109]
[3.38509587],[1.15346688],[2.68981873]
[3.38989622],[1.10745567],[2.61235111]
[3.36583095],[1.07187163],[2.5363775]
[3.35455112],[1.04266601],[2.47312662]
[3.33999814],[1.01431421],[2.40771691]
[3.32766012],[0.98960709],[2.34984023]
[3.31729698],[0.96580477],[2.29315195]
[2.22482703],[0.8984564],[1.02103669]
[0.19865442],[0.05855388],[0.00305735]
[1.10013261],[0.46524637],[0.32931744]
[1.90742895],[0.76879319],[0.9907499]
[2.01715533],[0.92213648],[1.26087572]
[2.27056538],[1.23339938],[2.18961885]
[2.54836962],[1.34547368],[2.59096855]
[2.79626389],[1.37500422],[2.91083692]
[3.02041738],[1.40808336],[3.18707854]
[3.12730678],[1.43921479],[3.38147626]
[3.15525395],[1.45957626],[3.51579862]
[3.24897716],[1.47682006],[3.70052228]
[3.25612598],[1.50368146],[3.80812841]
[3.37392905],[1.50815715],[3.93413053]
[3.30209386],[1.513921],[3.9219241]
[3.33069631],[1.51844698],[3.98926541]
[3.22563427],[1.52577692],[3.94274595]
[3.3223632],[1.53361448],[4.01098498]
[3.26935509],[1.54415227],[3.98346452]
[3.41002401],[1.54865829],[4.07744057]
[3.36174682],[1.55705647],[4.04817499]
[3.48793192],[1.56825502],[4.17325149]
[3.41840635],[1.58094274],[4.12876952]
[3.52709453],[1.59078356],[4.2402766]
[3.4689177],[1.59923159],[4.21196703]
[3.57496367],[1.60707159],[4.3333963]
[3.52976002],[1.61459606],[4.29591489]
[3.6325626],[1.61655662],[4.39709335]
[3.59536519],[1.62107192],[4.37166604]
[3.6563305],[1.62438561],[4.41603483]
[3.64375005],[1.62653091],[4.39490314]
[3.69054723],[1.62946404],[4.41190601]
[3.69805442],[1.63323794],[4.43505031]
[3.71707182],[1.63326735],[4.39370586]
[3.70419972],[1.63223],[4.3966645]
[3.69917857],[1.62456302],[4.23366288]
[3.68264192],[1.61667403],[4.09930644]
[3.65939534],[1.60813609],[3.98223644]
[3.64256751],[1.5986249],[3.87077034]
[3.63343631],[1.58698233],[3.79864936]
[3.62773325],[1.56380722],[3.71232899]
[3.61800154],[1.53907554],[3.61253991]
[3.60310965],[1.50703363],[3.49591545]
[3.60055176],[1.47210619],[3.37732168]
[3.58577997],[1.424403],[3.23568835]
[3.54546226],[1.33804566],[3.05140576]
[3.51482192],[1.25999399],[2.91091201]
[3.49045281],[1.19806552],[2.80027103]
[3.46185341],[1.15134183],[2.71131051]
[3.427331],[1.10912366],[2.63077211]
[3.39970621],[1.07405187],[2.55902951]
[3.37209035],[1.0453766],[2.49856771]
[3.35640526],[1.01808135],[2.43400187]
[3.34372416],[0.99419734],[2.37841588]
[3.33328293],[0.97108179],[2.31749178]
[2.38381057],[0.94591606],[1.16500095]
[0.07631908],[0.02828569],[0.00014478]
[1.19987716],[0.48473397],[0.37941574]
[1.94460861],[0.78403684],[1.02710281]
[2.05587093],[0.9423811],[1.30810852]
[2.31942913],[1.24663964],[2.26811541]
[2.59248624],[1.35109493],[2.66662307]
[2.83683274],[1.37992907],[2.9848533]
[3.05915265],[1.41562797],[3.23867604]
[3.17754062],[1.44603756],[3.42056634]
[3.19914861],[1.46564112],[3.60322297]
[3.30863381],[1.48689025],[3.80381948]
[3.31935176],[1.5137032],[3.90948932]
[3.46819364],[1.5180977],[4.05583621]
[3.42361312],[1.52124216],[4.05578062]
[3.46873112],[1.52814617],[4.13730974]
[3.2982394],[1.53696991],[4.04794101]
[3.39826078],[1.54498626],[4.13047205]
[3.34533376],[1.55615815],[4.09528385]
[3.48432564],[1.56081224],[4.20950551]
[3.44036456],[1.57015441],[4.18403951]
[3.5607052],[1.58089627],[4.3137787]
[3.49320764],[1.59254243],[4.25961641]
[3.59730054],[1.60154451],[4.39147504]
[3.54409713],[1.60983083],[4.37521976]
[3.63844716],[1.61728106],[4.50501355]
[3.59549337],[1.62518597],[4.47218573]
[3.69343256],[1.63038134],[4.58238535]
[3.65404206],[1.63595198],[4.54794317]
[3.71188148],[1.63929668],[4.60072917]
[3.69728706],[1.64148183],[4.58010722]
[3.73915861],[1.64398507],[4.61789747]
[3.75111098],[1.64877332],[4.62223725]
[3.76345848],[1.64791269],[4.57873979]
[3.76307196],[1.64437539],[4.51855749]
[3.75353339],[1.63672934],[4.32808727]
[3.74080421],[1.62895165],[4.18932604]
[3.71358899],[1.62031479],[4.06753896]
[3.69548134],[1.60865802],[3.95074044]
[3.68519935],[1.59088612],[3.86696415]
[3.67810209],[1.56558778],[3.7746206]
[3.6688993],[1.53601412],[3.64472176]
[3.6522772],[1.50380054],[3.52308903]
[3.64281201],[1.46713467],[3.39115287]
[3.62261844],[1.41956257],[3.24064655]
[3.5830382],[1.32103643],[3.05685652]
[3.55274991],[1.2483235],[2.92465156]
[3.52840419],[1.19333006],[2.81517616]
[3.50011236],[1.1486747],[2.72639054]
[3.46528575],[1.10821212],[2.64791684]
[3.45687479],[1.07557143],[2.58171549]
[3.40470692],[1.04750876],[2.51296645]
[3.369261],[1.02105962],[2.44683466]
[3.35579997],[0.99624928],[2.39187582]
[3.34490118],[0.9738378],[2.33793411]
[2.3306909],[0.96565427],[1.12718087]
[0.],[0.],[0.]
[1.01654527],[0.48331432],[0.33301337]
[1.79128945],[0.78814507],[0.9557073]
[1.89598566],[0.95103221],[1.22532877]
[2.17761645],[1.24248171],[2.20332297]
[2.46148462],[1.33735751],[2.62204773]
[2.71395603],[1.36571055],[2.94151626]
[2.91915071],[1.39937125],[3.18674822]
[2.95508087],[1.43029961],[3.33960237]
[2.9425421],[1.45341501],[3.45796501]
[3.16900361],[1.47677015],[3.57293957]
[3.22834194],[1.50310786],[3.63295138]
[3.37867869],[1.50794694],[3.68694791]
[3.32030962],[1.51349535],[3.70571476]
[3.41695141],[1.52110716],[3.734348]
[3.36670226],[1.53014849],[3.73252175]
[3.46246066],[1.53926113],[3.80808004]
[3.41678891],[1.54972058],[3.79909945]
[3.55239804],[1.55348655],[3.92485603]
[3.51710264],[1.56374701],[3.94887577]
[3.62778713],[1.57398781],[4.06082416]
[3.5670711],[1.58493659],[4.05996932]
[3.65993642],[1.59360594],[4.16120439]
[3.60987237],[1.60101414],[4.16650759]
[3.69861196],[1.60658825],[4.25336812]
[3.66200171],[1.61516549],[4.24267538]
[3.74889407],[1.62153361],[4.32363072]
[3.70555317],[1.6262833],[4.31997982]
[3.76156823],[1.63012709],[4.36591466]
[3.74751319],[1.63221651],[4.362679]
[3.78580312],[1.63440092],[4.38032025]
[3.80507389],[1.6382421],[4.40337371]
[3.81066049],[1.63712725],[4.36754962]
[3.81757791],[1.63162765],[4.33307942]
[3.80152555],[1.61806305],[4.15343651]
[3.79460436],[1.60103638],[4.00741909]
[3.76301458],[1.57647805],[3.89270833]
[3.74492568],[1.54573714],[3.7434996]
[3.73438379],[1.5138363],[3.61796884]
[3.72336365],[1.47322439],[3.49373657]
[3.71010859],[1.44087217],[3.37943428]
[3.68902372],[1.37191722],[3.2306571]
[3.67927258],[1.29199091],[3.08133891]
[3.66034511],[1.22469584],[2.94396656]
[3.62244004],[1.17061373],[2.81207381]
[3.59261954],[1.1306042],[2.71396347]
[3.5678419],[1.09527624],[2.63637764]
[3.54021409],[1.06548538],[2.56905284]
[3.50579103],[1.03763434],[2.51248093]
[3.4825957],[1.01517408],[2.46630965]
[3.44900464],[0.99651133],[2.42259997]
[3.40127779],[0.97530034],[2.36845487]
[3.36705137],[0.95922021],[2.32911493]
[3.35411588],[0.94334143],[2.28659747]
[1.47575712],[0.96711821],[0.83501648]
[0.],[0.],[0.]
[1.07579957],[0.48517293],[0.36099487]
[1.83491951],[0.79119841],[0.98877174]
[1.94719877],[0.97052487],[1.28209251]
[2.24213139],[1.26578607],[2.33320788]
[2.52317399],[1.35924753],[2.75353226]
[2.74572076],[1.38797278],[3.05714852]
[2.96168952],[1.42215022],[3.31427603]
[3.01033788],[1.45282728],[3.48684072]
[3.04379459],[1.47382931],[3.56949887]
[3.27538932],[1.49699262],[3.67893648]
[3.31385516],[1.52102114],[3.73929451]
[3.45438325],[1.52578385],[3.8155211]
[3.40381539],[1.53141957],[3.82811367]
[3.50426005],[1.53868312],[3.88005005]
[3.46438721],[1.54777679],[3.86767992]
[3.5531646],[1.55732138],[3.95775455]
[3.52070562],[1.56906496],[3.99122882]
[3.64261237],[1.57619298],[4.12424278]
[3.62503734],[1.58678227],[4.14989143]
[3.72064457],[1.59592537],[4.27283232]
[3.67290833],[1.60621774],[4.26270642]
[3.7522435],[1.61428506],[4.36511207]
[3.71584007],[1.62119892],[4.37211811]
[3.78407782],[1.62698587],[4.46283526]
[3.75026167],[1.63589742],[4.45698255]
[3.81131072],[1.64233284],[4.53315724]
[3.79308779],[1.64594527],[4.55873261]
[3.82302924],[1.64928365],[4.5843402]
[3.82817947],[1.65144307],[4.59368727]
[3.85245842],[1.65273607],[4.59644145]
[3.88519054],[1.65807673],[4.60686075]
[3.86885706],[1.65497483],[4.56285471]
[3.87206422],[1.64286012],[4.45004026]
[3.84693944],[1.62431831],[4.26586557]
[3.83839606],[1.6032288],[4.10633833]
[3.80086294],[1.57290641],[3.95930352]
[3.78029359],[1.54068584],[3.79935822]
[3.76818089],[1.5054087],[3.66551002]
[3.7591645],[1.4660554],[3.54591893]
[3.74804662],[1.42623582],[3.42369435]
[3.72790851],[1.35283632],[3.28146263]
[3.7184973],[1.2789694],[3.13606864]
[3.70239423],[1.21762745],[2.99975155]
[3.66785662],[1.17042716],[2.86967344]
[3.63777574],[1.13227764],[2.76599242]
[3.61296331],[1.09567212],[2.67681911]
[3.58615919],[1.06732469],[2.61027524]
[3.55180884],[1.04066245],[2.55254394]
[3.52871484],[1.01943127],[2.50622282]
[3.49681671],[0.99876418],[2.46259428]
[3.4511238],[0.98103214],[2.41322263]
[3.4133401],[0.96646753],[2.37322473]
[3.38251757],[0.95267872],[2.32278916]
[1.66891849],[1.01596622],[0.93230295]
[0.],[0.],[0.]
[1.13922998],[0.49147322],[0.39277606]
[1.87964961],[0.79754671],[1.02593417]
[1.99987937],[0.98776203],[1.35892989]
[2.30496345],[1.27956859],[2.42578161]
[2.58024059],[1.36694126],[2.82560727]
[2.78853654],[1.39595452],[3.1232578]
[2.97691116],[1.43188932],[3.38353295]
[3.01274138],[1.45999522],[3.55633573]
[3.10112818],[1.48367982],[3.65922095]
[3.33984575],[1.50926094],[3.77050825]
[3.36541098],[1.53192498],[3.84051466]
[3.50420202],[1.53839097],[3.93976929]
[3.45738426],[1.5450776],[3.9590987]
[3.56054534],[1.55273344],[4.03484088]
[3.52284433],[1.56384898],[4.03165092]
[3.61469024],[1.57528416],[4.15539237]
[3.5923574],[1.58710844],[4.19280689]
[3.70492457],[1.59460405],[4.33287583]
[3.69358477],[1.60576403],[4.38642423]
[3.7796782],[1.61475849],[4.50912818]
[3.746099],[1.62530616],[4.51414093]
[3.81534343],[1.63293346],[4.6199661]
[3.78281258],[1.64064834],[4.63603001]
[3.8461226],[1.64797906],[4.73584068]
[3.80819158],[1.65731826],[4.72721342]
[3.89409692],[1.66482659],[4.84843014]
[3.85283677],[1.66652406],[4.83052206]
[3.9166508],[1.66876652],[4.90041732]
[3.90937828],[1.67028931],[4.86131396]
[3.94556635],[1.67065006],[4.89513764]
[3.97608227],[1.6758413],[4.8850316]
[3.97271071],[1.66628402],[4.8323811]
[3.95809477],[1.65279203],[4.65271129]
[3.93552591],[1.63341184],[4.46758487]
[3.91372994],[1.60884015],[4.27239146]
[3.86998799],[1.57878377],[4.09573373]
[3.84235021],[1.54578208],[3.92856861]
[3.82696009],[1.50832712],[3.78970341]
[3.81651165],[1.46958548],[3.67091882]
[3.80547752],[1.41999317],[3.54349723]
[3.78075427],[1.34771933],[3.39198147]
[3.77126869],[1.27659077],[3.23536626]
[3.74035576],[1.21562804],[3.07743022]
[3.70700349],[1.17031532],[2.94755869]
[3.6765455],[1.13391818],[2.84443311]
[3.65050209],[1.10093261],[2.75850553]
[3.62335636],[1.0728188],[2.68251645]
[3.58931853],[1.0463824],[2.61069238]
[3.56665217],[1.02219258],[2.54772912]
[3.53861505],[1.00195854],[2.49936594]
[3.49239698],[0.98616272],[2.45254834]
[3.45476238],[0.9720635],[2.41519224]
[3.42362696],[0.96000876],[2.36964177]
[1.78560793],[1.03266132],[0.99479772]
[0.],[0.],[0.]
[1.21751003],[0.49524345],[0.42806179]
[1.93224572],[0.80346536],[1.06719232]
[2.03987526],[1.00488285],[1.42972454]
[2.35894176],[1.28883866],[2.50932422]
[2.64364838],[1.3727509],[2.90013218]
[2.86073878],[1.40178069],[3.19447375]
[3.02777087],[1.43656982],[3.463772]
[3.13534182],[1.46360998],[3.67325547]
[3.15915947],[1.492494],[3.80325436]
[3.41101379],[1.52154003],[3.94315423]
[3.42142662],[1.54164719],[3.99884269]
[3.558566],[1.54898653],[4.1125867]
[3.51237917],[1.55724883],[4.12003724]
[3.62012104],[1.56590975],[4.21635925]
[3.58672443],[1.5775838],[4.22319081]
[3.67785973],[1.58950742],[4.36866044]
[3.65978757],[1.60286623],[4.41093082]
[3.76371889],[1.61249461],[4.57274842]
[3.76259653],[1.62758084],[4.62588627]
[3.86784537],[1.63813694],[4.79386339]
[3.83719622],[1.65081732],[4.82042976]
[3.94830337],[1.65985082],[5.02056142]
[3.92411688],[1.67024254],[5.03055063]
[3.99894786],[1.67938119],[5.1835323]
[3.99700049],[1.68953945],[5.18708251]
[4.04843751],[1.69835019],[5.30199928]
[4.05527901],[1.70002609],[5.31075321]
[4.06875453],[1.70008548],[5.33311448]
[4.09477289],[1.69865424],[5.30590345]
[4.0928851],[1.69616619],[5.30196187]
[4.13758021],[1.69825934],[5.2796593]
[4.10905534],[1.67915585],[5.13809718]
[4.1079534],[1.66230841],[4.93351093]
[4.06291542],[1.63918328],[4.70002494]
[4.04735016],[1.61295279],[4.45553619]
[3.99421156],[1.58309443],[4.25663505]
[3.9576403],[1.54968125],[4.06992807]
[3.93198556],[1.50831191],[3.91219687]
[3.91667194],[1.47184244],[3.78915922]
[3.90223093],[1.40626534],[3.64684831]
[3.87700561],[1.33403807],[3.49073402]
[3.86456901],[1.26706054],[3.33378418]
[3.83641758],[1.21438825],[3.17610584]
[3.75797351],[1.16956246],[3.01174757]
[3.71587391],[1.13376685],[2.9047174]
[3.68927691],[1.10161954],[2.81732665]
[3.66162388],[1.07422943],[2.73828126]
[3.62677771],[1.04660298],[2.66054509]
[3.60492813],[1.02169263],[2.59268658]
[3.57669654],[1.00274777],[2.53217386]
[3.53445079],[0.98808414],[2.4771441]
[3.49641028],[0.97603609],[2.44116124]
[3.46482178],[0.96525803],[2.39771966]
[1.77926714],[1.0560961],[1.00974733]
[0.],[0.],[0.]
[1.02726765],[0.50442998],[0.37205504]
[1.80215372],[0.79975922],[0.99871164]
[1.9156023],[1.00827041],[1.36920902]
[2.28098356],[1.26547502],[2.47723127]
[2.49410583],[1.35962829],[2.83431882]
[2.62250342],[1.3891259],[3.09648287]
[2.86477976],[1.42603607],[3.27145271]
[3.07161279],[1.45487143],[3.4164626]
[3.21768747],[1.48584223],[3.57136896]
[3.46942525],[1.51483157],[3.71372843]
[3.4787062],[1.53579492],[3.78713783]
[3.60986723],[1.54466565],[3.88314179]
[3.56617985],[1.55315192],[3.9397214]
[3.67955759],[1.56185022],[4.05653447]
[3.65378144],[1.57613237],[4.0975512]
[3.74694345],[1.59297495],[4.24009483]
[3.74531757],[1.6166319],[4.34525131]
[3.85095818],[1.63298107],[4.53350061]
[3.90259113],[1.64827277],[4.69313518]
[4.04705944],[1.65862323],[4.97332369]
[4.08300618],[1.66934044],[5.05093784]
[4.1325488],[1.67591643],[5.18260407]
[4.143642],[1.68570898],[5.22200078]
[4.16019699],[1.70338527],[5.31234237]
[4.18903012],[1.71440576],[5.35064679]
[4.18796988],[1.73371665],[5.39157124]
[4.22206275],[1.73970115],[5.43662276]
[4.19497085],[1.73438845],[5.39922588]
[4.23993941],[1.72285102],[5.39940007]
[4.21226955],[1.71397654],[5.34729229]
[4.27078514],[1.69954188],[5.29190558]
[4.23353805],[1.66901193],[5.11243326]
[4.24206047],[1.63280559],[4.86434099]
[4.1900703],[1.59892943],[4.64599321]
[4.18396793],[1.56293775],[4.43171671]
[4.13506472],[1.51959931],[4.24100587]
[4.10679048],[1.46485808],[4.03456772]
[4.07966492],[1.37113033],[3.82141638]
[4.05517124],[1.30987495],[3.67412057]
[4.03315274],[1.25799097],[3.54945636]
[4.00677105],[1.21138447],[3.43355016]
[3.9836644],[1.16967571],[3.30912361]
[3.95158827],[1.13196863],[3.17447016]
[3.87325929],[1.09295456],[3.0116308]
[3.79664298],[1.06269909],[2.88245468]
[3.73033238],[1.03757686],[2.78324357]
[3.7034128],[1.019898],[2.7170411]
[3.66838034],[1.00339081],[2.65025644]
[3.64540952],[0.99056324],[2.59220051]
[3.61854236],[0.98109169],[2.53872867]
[3.5784296],[0.97116382],[2.4770776]
[3.54297959],[0.96156862],[2.42905085]
[3.51161987],[0.9528124],[2.39226419]
[1.45754421],[1.05154913],[0.88048939]
[0.],[0.],[0.]
[1.07263346],[0.50484021],[0.39565162]
[1.84282959],[0.79931439],[1.02636287]
[1.94115984],[1.03124458],[1.43810548]
[2.32137752],[1.2815649],[2.57764629]
[2.54613228],[1.38238581],[2.94363242]
[2.71859867],[1.41231616],[3.22095508]
[2.94267246],[1.44846272],[3.42780545]
[3.16292789],[1.47690521],[3.5780865]
[3.29856705],[1.50856504],[3.73425638]
[3.55392644],[1.53592615],[3.90056951]
[3.55098732],[1.55555915],[3.97246969]
[3.67238437],[1.56418037],[4.10582342]
[3.63843956],[1.57708352],[4.16153157]
[3.75744771],[1.59277969],[4.30026088]
[3.7531889],[1.61815142],[4.40338054]
[3.86215036],[1.64133148],[4.61572157]
[3.91466311],[1.6632772],[4.77725948]
[4.06926134],[1.67708683],[5.09787221]
[4.14298517],[1.6902413],[5.27973248]
[4.2009744],[1.70410662],[5.47533929]
[4.24704952],[1.72051626],[5.55988695]
[4.25496273],[1.74531792],[5.64753495]
[4.29650175],[1.75614253],[5.72116387]
[4.28121935],[1.77819655],[5.76808152]
[4.33884327],[1.79019391],[5.83694664]
[4.35183359],[1.80909585],[5.85516875]
[4.43442355],[1.81408352],[5.9265638]
[4.43431012],[1.80829277],[5.85699694]
[4.51334703],[1.79936677],[5.88512492]
[4.52339526],[1.79014271],[5.84729499]
[4.61732918],[1.77947037],[5.85261099]
[4.54428155],[1.74115772],[5.56737544]
[4.5557125],[1.67680059],[5.31394564]
[4.44611052],[1.64087965],[5.03757522]
[4.46034102],[1.60411442],[4.83031882]
[4.34927148],[1.55953776],[4.5973602]
[4.27958817],[1.50881936],[4.39122677]
[4.21896735],[1.4236787],[4.16926765]
[4.1785442],[1.3600576],[4.00496127]
[4.14798056],[1.30162381],[3.86181462]
[4.12186156],[1.24816679],[3.72759862]
[4.09754992],[1.20436799],[3.58706035]
[4.0723565],[1.16377521],[3.44494184]
[4.03028374],[1.12569002],[3.28637484]
[3.97020585],[1.09134755],[3.12810281]
[3.88888226],[1.05863942],[2.97612345]
[3.79257099],[1.03369385],[2.84118746]
[3.71910412],[1.01779966],[2.74786196]
[3.69549619],[1.00412788],[2.68680826]
[3.66905508],[0.99294619],[2.63023634]
[3.63120245],[0.98281199],[2.57091207]
[3.59711446],[0.97300643],[2.51754192]
[3.56574114],[0.96307252],[2.4637885]
[1.54277052],[1.09662437],[0.95171475]
[0.],[0.],[0.]
[1.10638569],[0.50475853],[0.41672831]
[1.8721988],[0.80041421],[1.04563588]
[1.97812369],[1.03693455],[1.46969371]
[2.38327135],[1.27634903],[2.61671765]
[2.61468781],[1.38753565],[2.99876777]
[2.82981286],[1.41895868],[3.29302186]
[2.95199293],[1.4551401],[3.51537749]
[3.17738454],[1.48730393],[3.67450089]
[3.31167812],[1.51979241],[3.83062343]
[3.57252429],[1.54723811],[4.01551711]
[3.58534768],[1.57155244],[4.12593914]
[3.71549773],[1.5870519],[4.28334726]
[3.68256206],[1.60540395],[4.37903036]
[3.81183902],[1.62454368],[4.58277614]
[3.83454906],[1.65153052],[4.74445646]
[3.99514679],[1.67366879],[5.05441141]
[4.06347007],[1.69308763],[5.2478523]
[4.16524846],[1.7174816],[5.53275754]
[4.23851598],[1.74507329],[5.70899509]
[4.27880971],[1.77989457],[5.88276612]
[4.34236298],[1.79775905],[5.97029945]
[4.40206842],[1.82459479],[6.07866603]
[4.47552649],[1.83696187],[6.16604381]
[4.49071211],[1.85777409],[6.26345436]
[4.56267285],[1.87702474],[6.31899789]
[4.58576416],[1.89168808],[6.38292178]
[4.64029903],[1.89493988],[6.44477885]
[4.64465081],[1.89044655],[6.44291251]
[4.69830532],[1.88057095],[6.4575666]
[4.70661106],[1.87305689],[6.43840468]
[4.77323898],[1.85789496],[6.41374333]
[4.73578661],[1.82171835],[6.11378779]
[4.72771564],[1.77111998],[5.82022082]
[4.65892791],[1.73319931],[5.52956237]
[4.65189332],[1.69208559],[5.30264882]
[4.58503292],[1.64280336],[5.05331569]
[4.53359729],[1.5896865],[4.83963523]
[4.48945661],[1.51675583],[4.61297675]
[4.44424503],[1.44413011],[4.42694524]
[4.40167078],[1.36827939],[4.25876445]
[4.34218465],[1.31932353],[4.09151397]
[4.28989593],[1.27587657],[3.91884255]
[4.20510359],[1.23977165],[3.73556685]
[4.11411248],[1.20267098],[3.56288011]
[4.06232536],[1.16891013],[3.40671691]
[4.00500491],[1.13652656],[3.26047574]
[3.93477105],[1.10448488],[3.11944919]
[3.8391122],[1.0718732],[2.9726587]
[3.75043651],[1.04342854],[2.84484846]
[3.70115717],[1.01455058],[2.74992861]
[3.65545374],[0.99655899],[2.67222023]
[3.62363728],[0.98364907],[2.61149093]
[3.59252424],[0.97332917],[2.55414939]
[1.74199906],[1.1194566],[1.04347711]
[0.],[0.],[0.]
[1.15115187],[0.50799455],[0.44331352]
[1.9139032],[0.81565362],[1.07324468]
[2.01909311],[1.04010515],[1.50270162]
[2.44911473],[1.26694774],[2.6416428]
[2.67865316],[1.38866199],[3.04293152]
[2.90305776],[1.41899834],[3.34104403]
[2.96981534],[1.4552653],[3.60662399]
[3.19220845],[1.48904668],[3.77119523]
[3.32972435],[1.52560665],[3.91356197]
[3.60088709],[1.55680902],[4.1369492]
[3.61864648],[1.58731455],[4.27851568]
[3.76139735],[1.60478373],[4.48025955]
[3.76184642],[1.6267319],[4.63135338]
[3.90418022],[1.64654],[4.8676686]
[3.94691633],[1.6720139],[5.037529]
[4.12410889],[1.69282213],[5.3970451]
[4.19168119],[1.71987191],[5.5871976]
[4.26289902],[1.75240479],[5.84515047]
[4.33064478],[1.78734186],[6.01466503]
[4.38772121],[1.82294427],[6.19239489]
[4.55656096],[1.84643913],[6.34569614]
[4.61902757],[1.8672535],[6.45375173]
[4.66948874],[1.89063875],[6.55315761]
[4.68584503],[1.91148579],[6.65335788]
[4.73567887],[1.93235627],[6.73495785]
[4.75857394],[1.94601414],[6.80752207]
[4.79130897],[1.95159263],[6.86802343]
[4.79362092],[1.94257398],[6.88146874]
[4.82520763],[1.92907354],[6.88014421]
[4.83327501],[1.91889573],[6.85637683]
[4.87994048],[1.89740092],[6.76812694]
[4.86410695],[1.86326107],[6.49236523]
[4.8472917],[1.82699048],[6.17309511]
[4.79596628],[1.78371016],[5.86038579]
[4.77819359],[1.74349626],[5.61758335]
[4.73010609],[1.69473997],[5.36301642]
[4.68545467],[1.64302562],[5.14504707]
[4.64842363],[1.58852369],[4.93000294]
[4.60862814],[1.51194693],[4.73189532]
[4.57048238],[1.43061644],[4.54734713]
[4.52141676],[1.36465633],[4.3624733]
[4.47561252],[1.31594442],[4.17539932]
[4.39859256],[1.27651544],[3.96172488]
[4.29080354],[1.23828183],[3.75346222]
[4.15316621],[1.20358743],[3.56408223]
[4.07932845],[1.17026136],[3.41107254]
[4.02149474],[1.13653271],[3.26667139]
[3.94216726],[1.10344974],[3.11980357]
[3.8611657],[1.07419698],[2.98212691]
[3.77120682],[1.04404766],[2.84959347]
[3.70605998],[1.01486236],[2.75146337]
[3.64898098],[0.99455691],[2.6678571]
[3.61023943],[0.97760198],[2.59375932]
[1.85664528],[1.17746433],[1.13483161]
[0.],[0.],[0.]
[1.00326186],[0.51315162],[0.3805267]
[1.78499168],[0.79870096],[0.99521772]
[1.88651047],[1.01929082],[1.39597534]
[2.33380902],[1.23258115],[2.52473321]
[2.54485759],[1.37143132],[2.91833655]
[2.69560387],[1.40182349],[3.15088307]
[2.96997293],[1.44081522],[3.35279347]
[3.2127569],[1.48084031],[3.5370473]
[3.35033805],[1.52183685],[3.72258343]
[3.624536],[1.55433966],[3.96678932]
[3.66718713],[1.58735456],[4.13201732]
[3.84053485],[1.60642548],[4.35162518]
[3.86329843],[1.62828804],[4.56666746]
[4.02864417],[1.64955674],[4.83140622]
[4.10151527],[1.6775709],[5.05748934]
[4.2246919],[1.69851302],[5.37695023]
[4.2880512],[1.73396489],[5.57678223]
[4.33780258],[1.77088788],[5.80277607]
[4.4179916],[1.80594078],[5.96104494]
[4.59563961],[1.84208989],[6.17818536]
[4.72893144],[1.87231584],[6.35846264]
[4.78332275],[1.88869512],[6.47838012]
[4.81885669],[1.90891813],[6.5841371]
[4.836199],[1.92836121],[6.67314469]
[4.86787255],[1.94647934],[6.75790199]
[4.88989733],[1.95777906],[6.81204539]
[4.90996777],[1.96526917],[6.88450439]
[4.91372434],[1.95385153],[6.85822352]
[4.93144957],[1.9366128],[6.85952301]
[4.93528272],[1.92652895],[6.80938673]
[4.96275531],[1.8854198],[6.65415322]
[4.96154348],[1.84855145],[6.32473447]
[4.9299534],[1.80629864],[6.06255862]
[4.89180135],[1.75909208],[5.79229466]
[4.86809102],[1.70837391],[5.56244039]
[4.8332842],[1.63645079],[5.28880506]
[4.79451739],[1.551187],[5.05515848]
[4.76403881],[1.49436665],[4.86324405]
[4.72922541],[1.44162364],[4.71017471]
[4.69506505],[1.39384337],[4.56769832]
[4.65380018],[1.35786103],[4.42372953]
[4.60867552],[1.3191827],[4.26757265]
[4.54613018],[1.28222758],[4.07427848]
[4.46250131],[1.24569314],[3.85581926]
[4.3677799],[1.21221357],[3.66122606]
[4.17288534],[1.18043633],[3.47705156]
[4.09476745],[1.14786846],[3.33883308]
[4.0331943],[1.11747849],[3.20614182]
[3.96636464],[1.09075237],[3.07904617]
[3.89200255],[1.0642615],[2.95247411]
[3.78484447],[1.03666946],[2.81574553]
[3.72480882],[1.01210387],[2.73266367]
[3.6659139],[0.98117217],[2.64846208]
[1.64957766],[1.19191344],[1.03440132]
[0.],[0.],[0.]
[1.04322615],[0.51331803],[0.40476769]
[1.82462131],[0.79559303],[1.01483512]
[1.92495425],[1.03656675],[1.46501951]
[2.3953311],[1.24351778],[2.59939889]
[2.57336371],[1.38967601],[3.00909258]
[2.73558419],[1.4221144],[3.25546872]
[3.01753693],[1.46493723],[3.48531755]
[3.26785894],[1.51128808],[3.68488846]
[3.41820769],[1.54725671],[3.91137568]
[3.69412724],[1.57723938],[4.19187761]
[3.77763245],[1.6109294],[4.3837589]
[3.93838798],[1.63176726],[4.62111336]
[3.97457629],[1.65572785],[4.84345214]
[4.15952028],[1.67717184],[5.18037475]
[4.22595565],[1.70299011],[5.39773414]
[4.30871911],[1.73424129],[5.67000435]
[4.36743968],[1.76927188],[5.86588014]
[4.41130064],[1.8181261],[6.08025824]
[4.6213741],[1.86448808],[6.33579668]
[4.77023228],[1.89784425],[6.58024609]
[4.87150566],[1.92531866],[6.78287026]
[4.915826],[1.94063374],[6.89594717]
[4.93945215],[1.95958774],[7.01401327]
[4.95664538],[1.97819954],[7.10531286]
[4.97908904],[1.9953469],[7.21479056]
[5.00372864],[2.00604681],[7.27477086]
[5.01319508],[2.01518495],[7.36880747]
[5.03018578],[2.00680239],[7.35674025]
[5.00903709],[1.99115385],[7.35793506]
[5.04261091],[1.97278476],[7.2954194]
[5.04754761],[1.93509953],[7.0799669]
[5.0807857],[1.89840342],[6.73889243]
[5.04519949],[1.85809693],[6.45094626]
[5.02900591],[1.811353],[6.15325984]
[4.97117495],[1.75954684],[5.89714635]
[4.95554407],[1.69923564],[5.63518618]
[4.89533421],[1.61365208],[5.38369854]
[4.85838742],[1.55543585],[5.17861612]
[4.81660381],[1.50092703],[5.01160218]
[4.78133979],[1.43793724],[4.8543075]
[4.74514592],[1.39293081],[4.67939975]
[4.70367961],[1.35470194],[4.51448547]
[4.65226194],[1.31682359],[4.31439158]
[4.58754944],[1.27809258],[4.09942657]
[4.51962249],[1.24750221],[3.89758659]
[4.39593021],[1.21713335],[3.6964673]
[4.21360482],[1.18720456],[3.5188561]
[4.10409404],[1.15769865],[3.38063162]
[4.05762732],[1.1331068],[3.26776981]
[4.01290166],[1.10909779],[3.16406383]
[3.94432578],[1.08248156],[3.0473209]
[3.86201916],[1.0580541],[2.92886628]
[3.78633901],[1.01852766],[2.81545325]
[1.78927884],[1.26833467],[1.17646228]
[0.],[0.],[0.]
[1.08416395],[0.511477],[0.42730246]
[1.86760984],[0.80485047],[1.0434576]
[1.97115595],[1.04382439],[1.51269567]
[2.45168463],[1.2502505],[2.62464761]
[2.63307199],[1.3978288],[3.07510669]
[2.75925318],[1.43700653],[3.35034952]
[3.04971048],[1.48507739],[3.61227585]
[3.3181468],[1.53532058],[3.84592922]
[3.49104015],[1.56800755],[4.13467953]
[3.77520827],[1.59851076],[4.45047623]
[3.88630731],[1.63602133],[4.652063]
[4.0677628],[1.65975455],[4.96492967]
[4.14192113],[1.68262839],[5.20875887]
[4.28481223],[1.70276232],[5.54870794]
[4.34128259],[1.74150816],[5.75511036]
[4.40446469],[1.7871371],[6.04103609]
[4.45967786],[1.84087407],[6.2316759]
[4.61221411],[1.89658808],[6.48227448]
[4.79977509],[1.93571497],[6.7831405]
[4.92768886],[1.96472284],[7.04070375]
[4.99842976],[1.98932559],[7.26150764]
[5.04400764],[2.00499158],[7.37407433]
[5.05237479],[2.02319407],[7.51761579]
[5.08487627],[2.04105774],[7.62233074]
[5.08373384],[2.05718894],[7.7434761]
[5.15925509],[2.06719862],[7.82177853]
[5.1425945],[2.07732325],[7.92961444]
[5.20935166],[2.07072436],[7.9348701]
[5.16882406],[2.0589291],[7.93412728]
[5.29022213],[2.03305534],[7.8838067]
[5.29793811],[1.995321],[7.66937904]
[5.37706852],[1.95812798],[7.33639775]
[5.35374745],[1.91914824],[7.00735871]
[5.33089658],[1.87440379],[6.68911459]
[5.23108226],[1.82548181],[6.38087824]
[5.21448347],[1.76814374],[6.10896509]
[5.09216338],[1.69371031],[5.82255127]
[5.02123301],[1.61884311],[5.57138191]
[4.97710272],[1.56577441],[5.39384199]
[4.93416262],[1.50638841],[5.23796802]
[4.88670277],[1.44413105],[5.07492127]
[4.833861],[1.40806322],[4.91655327]
[4.76207163],[1.37256165],[4.73215192]
[4.70655835],[1.33580048],[4.48853683]
[4.65678872],[1.30333056],[4.25456193]
[4.57969789],[1.27403037],[4.05339413]
[4.46335388],[1.24512621],[3.84831244]
[4.29697163],[1.21590549],[3.65635396]
[4.14922153],[1.19045941],[3.50651154]
[4.11389585],[1.16672112],[3.39885327]
[4.06891293],[1.14035368],[3.29326682]
[4.01450401],[1.11510208],[3.18533457]
[3.95015582],[1.07532704],[3.07045731]
[1.93105903],[1.35190921],[1.28331345]
[0.],[0.],[0.]
[1.12149267],[0.50919288],[0.44366595]
[1.91698991],[0.82397191],[1.07518508]
[2.02200142],[1.05240827],[1.57107808]
[2.51382154],[1.26192469],[2.66842929]
[2.70780886],[1.41418175],[3.16907765]
[2.93177043],[1.4544711],[3.51416806]
[3.11061655],[1.50468241],[3.83259285]
[3.4001969],[1.55591226],[4.11818178]
[3.57028552],[1.58610572],[4.39728537]
[3.85938191],[1.61793851],[4.68423486]
[3.99055108],[1.65984238],[4.89329403]
[4.19909819],[1.68180599],[5.26629465]
[4.29388622],[1.70561005],[5.5679706]
[4.40050342],[1.7336778],[5.91207814]
[4.44723521],[1.78135413],[6.10705029]
[4.49593215],[1.83285278],[6.37279864]
[4.64292002],[1.89657043],[6.61325434]
[4.81498802],[1.94858932],[6.90761054]
[4.94688737],[1.98514548],[7.23767163]
[5.06027249],[2.01254277],[7.50840575]
[5.11042937],[2.03705294],[7.73683853]
[5.19752357],[2.05365898],[7.88999153]
[5.18379156],[2.07166777],[8.05208582]
[5.26164446],[2.08867824],[8.16812381]
[5.23895203],[2.10441731],[8.31453649]
[5.40868454],[2.11513287],[8.4100006]
[5.36052071],[2.12442733],[8.54528619]
[5.52029589],[2.12005626],[8.60595613]
[5.47169573],[2.10493005],[8.60747268]
[5.55750088],[2.08044526],[8.53168145]
[5.56179229],[2.04388934],[8.32385374]
[5.5893331],[2.0095999],[8.01456109]
[5.60720064],[1.97210895],[7.65561396]
[5.56734868],[1.92878785],[7.32681852]
[5.5083488],[1.87705746],[6.97846141]
[5.46079543],[1.82448404],[6.71228706]
[5.40603188],[1.76265925],[6.42023834]
[5.36156755],[1.69800217],[6.17087607]
[5.31387399],[1.64033856],[5.95890369]
[5.26159778],[1.57770763],[5.76413742]
[5.19861678],[1.51163495],[5.56799283]
[5.0992669],[1.45695467],[5.37038622]
[4.96496128],[1.42338969],[5.16615003]
[4.88482096],[1.38622212],[4.91710683]
[4.81014315],[1.35266275],[4.66040748]
[4.7265485],[1.31989168],[4.40303865]
[4.64345099],[1.29048316],[4.17815382]
[4.52412476],[1.26145544],[3.96316671]
[4.397973],[1.23401818],[3.76883909]
[4.23345277],[1.2093892],[3.59750656]
[4.16093036],[1.18223882],[3.4822418]
[4.12239586],[1.15322517],[3.37746804]
[4.07882214],[1.1139384],[3.26972666]
[2.04387475],[1.43459933],[1.41824395]
[0.],[0.],[0.]
[0.98364677],[0.50715731],[0.36991678]
[1.79930153],[0.787712],[0.99943929]
[1.90785454],[1.03863036],[1.48374579]
[2.40547411],[1.25159139],[2.58694622]
[2.64951159],[1.41306103],[3.10473483]
[2.86258379],[1.45397114],[3.37165663]
[3.16132879],[1.50468777],[3.65387583]
[3.48877854],[1.55754485],[3.96811958]
[3.63244972],[1.58959313],[4.26617325]
[3.93312138],[1.62218927],[4.5658857]
[4.10091306],[1.66517867],[4.82422766]
[4.30522575],[1.68883476],[5.22977266]
[4.38621006],[1.71767032],[5.57553776]
[4.46896345],[1.75584261],[5.89225102]
[4.51228123],[1.80376052],[6.10778783]
[4.62179177],[1.85984556],[6.38156852]
[4.80722511],[1.91939984],[6.69848672]
[4.94515852],[1.9654479],[6.99538411]
[5.0528908],[1.99758061],[7.34555266]
[5.14824561],[2.02326872],[7.59017169]
[5.22040248],[2.04451372],[7.86161164]
[5.45464566],[2.05823954],[8.03104864]
[5.4280037],[2.0752917],[8.19658491]
[5.56957563],[2.09258152],[8.35618394]
[5.53933711],[2.1077514],[8.52486173]
[5.65270702],[2.11898168],[8.64940866]
[5.63807919],[2.12999666],[8.78891705]
[5.71578222],[2.12954446],[8.83089797]
[5.6938714],[2.11354816],[8.85178343]
[5.75309586],[2.08498373],[8.71726093]
[5.82442148],[2.04933424],[8.55545552]
[5.83094085],[2.00432961],[8.28091227]
[5.92687787],[1.96137083],[8.01129487]
[5.91587199],[1.90755108],[7.73146106]
[5.92213711],[1.84398668],[7.41232032]
[5.80565491],[1.75925386],[7.11392029]
[5.80194783],[1.70232139],[6.87127926]
[5.71538163],[1.65514205],[6.64119066]
[5.67232439],[1.61142633],[6.45520108]
[5.62855371],[1.5591845],[6.27553208]
[5.57537296],[1.50824323],[6.08272778]
[5.51025494],[1.47789647],[5.88874934]
[5.37112967],[1.44481053],[5.65594588]
[5.21399435],[1.40921823],[5.34039676]
[5.05448695],[1.37721425],[4.99714069]
[4.92925705],[1.34498055],[4.74687613]
[4.8143594],[1.31176455],[4.49206095]
[4.68390734],[1.28534952],[4.23205586]
[4.59539133],[1.26203808],[4.03147066]
[4.49603397],[1.23834382],[3.83564014]
[4.34706457],[1.21203544],[3.65230595]
[4.22986716],[1.18202048],[3.52170939]
[4.17362064],[1.14455152],[3.42085623]
[1.88775831],[1.47230755],[1.37368264]
[0.],[0.],[0.]
[1.01955924],[0.50073808],[0.38648114]
[1.84620419],[0.80029278],[1.02233187]
[1.96507162],[1.07970789],[1.59723659]
[2.45796454],[1.27202621],[2.69650086]
[2.69213297],[1.44096384],[3.23099328]
[2.93042319],[1.48030279],[3.54270637]
[3.25261124],[1.5321988],[3.89431476]
[3.57668933],[1.58435358],[4.23715774]
[3.71151929],[1.61774283],[4.50056603]
[4.03013505],[1.65068208],[4.82657043]
[4.23424548],[1.69324268],[5.14594175]
[4.386419],[1.71350855],[5.55019653]
[4.45932837],[1.75497167],[5.90896872]
[4.52025266],[1.80722006],[6.22186318]
[4.60151955],[1.86072236],[6.45134459]
[4.79528055],[1.91945728],[6.8020031]
[4.94270196],[1.97550222],[7.16563674]
[5.06205061],[2.01734058],[7.48470791]
[5.14068048],[2.04902816],[7.83434217]
[5.28809304],[2.07604742],[8.10598031]
[5.48039238],[2.09824556],[8.44548311]
[5.68451723],[2.1136174],[8.67323805]
[5.69162717],[2.13239276],[8.93152437]
[5.76822332],[2.15152564],[9.13176992]
[5.78743489],[2.1681723],[9.33461142]
[5.86355372],[2.17916612],[9.49011391]
[5.8968543],[2.19072854],[9.66230128]
[5.96100461],[2.19224664],[9.77396948]
[6.01053601],[2.16886017],[9.82693083]
[6.07263343],[2.14205446],[9.69479888]
[6.18136127],[2.1080162],[9.60297306]
[6.20208867],[2.06996817],[9.35865672]
[6.27079606],[2.03005998],[9.12673056]
[6.28801528],[1.98193439],[8.79521841]
[6.30284637],[1.92765341],[8.50049164]
[6.26056054],[1.85839603],[8.17308146]
[6.21682058],[1.78761271],[7.90315847]
[6.15399066],[1.73350708],[7.61757694]
[6.10740056],[1.68473044],[7.37737005]
[6.07061706],[1.62836549],[7.14529392]
[6.02705748],[1.57007093],[6.92343522]
[5.97807941],[1.5310405],[6.69836836]
[5.84315602],[1.49574252],[6.40442689]
[5.65292254],[1.4594427],[6.03403183]
[5.48480408],[1.42543757],[5.69421086]
[5.32729138],[1.39300585],[5.29101267]
[5.14774565],[1.358855],[4.9478176]
[4.8509709],[1.32817805],[4.64031682]
[4.73336091],[1.30309904],[4.38935813]
[4.66488202],[1.27854998],[4.15862425]
[4.57240092],[1.2520664],[3.95349019]
[4.45820857],[1.21912693],[3.76308308]
[4.33513852],[1.18235892],[3.61928591]
[2.02491283],[1.55062305],[1.58218775]
[0.],[0.],[0.]
[1.05649989],[0.49435371],[0.40480615]
[1.89081388],[0.81648343],[1.04823202]
[2.02218449],[1.10551187],[1.66819015]
[2.53839673],[1.29033992],[2.77284476]
[2.72609271],[1.45522067],[3.33519056]
[3.00438076],[1.49671707],[3.75281468]
[3.3456195],[1.55822463],[4.16209562]
[3.63891692],[1.6052733],[4.50030016]
[3.78190055],[1.64293897],[4.746713]
[4.13154037],[1.67703948],[5.13557589]
[4.32172431],[1.71970393],[5.49943206]
[4.44449708],[1.75366294],[5.94599518]
[4.51441941],[1.82068869],[6.28728174]
[4.57142084],[1.87776045],[6.60007297]
[4.75404602],[1.94460054],[6.9353336]
[4.91984894],[2.00163654],[7.34107454]
[5.04573825],[2.05676041],[7.77151885]
[5.15076298],[2.09782904],[8.06851419]
[5.22235844],[2.12884297],[8.49736967]
[5.5749778],[2.15286636],[8.86247396]
[5.74272977],[2.17128232],[9.282925]
[5.88374683],[2.18572414],[9.57990062]
[5.99721879],[2.20368925],[9.86904614]
[6.07224854],[2.22165868],[10.1206934]
[6.18887449],[2.23627443],[10.40126516]
[6.26309147],[2.24452158],[10.58847851]
[6.31589837],[2.25582838],[10.84506032]
[6.37959375],[2.25828022],[10.97554449]
[6.40718665],[2.25025703],[11.08778991]
[6.46315112],[2.22382234],[10.96156916]
[6.50103341],[2.17526963],[10.84478781]
[6.58054355],[2.13949584],[10.64350528]
[6.60969683],[2.10211572],[10.38366925]
[6.74551308],[2.0592739],[10.11479304]
[6.78517927],[2.00931025],[9.76871266]
[6.81461637],[1.95837597],[9.47527254]
[6.68470195],[1.88747778],[9.11948998]
[6.68095861],[1.8240117],[8.83340263]
[6.55662595],[1.7632869],[8.51406667]
[6.50550231],[1.70462631],[8.24686069]
[6.44954398],[1.64366962],[7.97796601]
[6.39865289],[1.59370831],[7.70759423]
[6.28457654],[1.5549701],[7.41717244]
[6.12588491],[1.5159698],[7.02038298]
[5.98393082],[1.4808764],[6.60187948]
[5.80096944],[1.4474587],[6.06736328]
[5.61273755],[1.4126802],[5.63861607]
[5.301585],[1.37943936],[5.17133582]
[4.91146283],[1.35328807],[4.83821284]
[4.7922185],[1.32659756],[4.58172984]
[4.71878526],[1.29971231],[4.33323057]
[4.6390198],[1.26591038],[4.10528125]
[4.54854109],[1.23077934],[3.9127337]
[2.09761871],[1.63880337],[1.73608178]
[0.],[0.],[0.]
[1.10896184],[0.49458153],[0.43339864]
[1.96061787],[0.83975815],[1.09131248]
[2.11965533],[1.13370511],[1.7571958]
[2.62366149],[1.31061913],[2.85695565]
[2.84242273],[1.46674224],[3.44215358]
[3.20134014],[1.51109783],[3.92342362]
[3.43112974],[1.58161461],[4.38678423]
[3.69975698],[1.62329835],[4.71747675]
[3.85827094],[1.67086535],[4.96231521]
[4.22254843],[1.69878685],[5.44556843]
[4.40665321],[1.75365162],[5.85959617]
[4.50996836],[1.80266862],[6.32123219]
[4.58098654],[1.89078542],[6.68564226]
[4.74932943],[1.9508383],[7.08266912]
[4.92203745],[2.02205454],[7.53758657]
[5.06668817],[2.07813364],[7.99509191]
[5.1621975],[2.12982803],[8.45073985]
[5.26372075],[2.16527394],[8.75592096]
[5.42150282],[2.19289493],[9.225406]
[5.79092763],[2.21450695],[9.69149641]
[5.95149467],[2.23203587],[10.11823919]
[6.19619269],[2.24814326],[10.51853546]
[6.34496449],[2.26533188],[10.87794219]
[6.4350018],[2.28249777],[11.19211926]
[6.48648624],[2.29800786],[11.52963408]
[6.54158012],[2.32746502],[11.80234342]
[6.55977301],[2.35562693],[12.08514403]
[6.68278021],[2.37202193],[12.30238009]
[6.67892045],[2.36144626],[12.39933316]
[6.87000213],[2.33743973],[12.41050497]
[6.92237116],[2.29205072],[12.27732205]
[7.0484593],[2.26730684],[12.15007661]
[7.09253289],[2.19106101],[11.8713467]
[7.15955967],[2.12545786],[11.58908441]
[7.19159389],[2.08169557],[11.21339073]
[7.21581398],[2.03498293],[10.88441318]
[7.19989706],[1.98233574],[10.52534863]
[7.12978925],[1.91331417],[10.18999794]
[7.09023411],[1.8456113],[9.84118802]
[7.02913478],[1.77694189],[9.512363]
[6.97857566],[1.71318763],[9.19795259]
[6.93017063],[1.66418493],[8.88593295]
[6.80869895],[1.6166628],[8.52536026]
[6.63754726],[1.57312197],[8.08178565]
[6.45605482],[1.53415321],[7.59424669]
[6.29787165],[1.49774419],[7.10516546]
[6.12978976],[1.46273022],[6.5568086]
[5.95458782],[1.42555326],[5.90618809]
[5.42964133],[1.39522517],[5.36401448]
[5.030675],[1.36747819],[4.98845878]
[4.85664692],[1.33677434],[4.71137987]
[4.77174086],[1.30155769],[4.45932836]
[4.70370546],[1.26644259],[4.22515432]
[2.3158289],[1.69043856],[1.99538811]
[0.],[0.],[0.]
[0.98896607],[0.49842733],[0.37003652]
[1.85113437],[0.7995471],[1.01837139]
[2.05434888],[1.12518932],[1.69921479]
[2.51113205],[1.30643169],[2.80548348]
[2.78746711],[1.46878615],[3.42073057]
[3.14794436],[1.51639357],[3.8502437]
[3.52404694],[1.58608413],[4.31392302]
[3.78521382],[1.63245857],[4.63894126]
[3.95641536],[1.67337882],[4.92885686]
[4.32786973],[1.70932213],[5.49091571]
[4.49931997],[1.78357407],[5.96996877]
[4.57866053],[1.85524175],[6.38762368]
[4.74898957],[1.9389327],[6.83188343]
[4.93260177],[1.99907164],[7.31377312]
[5.05629318],[2.06321823],[7.80604315]
[5.16780397],[2.11466075],[8.20215423]
[5.24386176],[2.16252825],[8.66637011]
[5.47306505],[2.19509031],[9.0334425]
[5.70847915],[2.22119391],[9.55855245]
[5.92378174],[2.23961965],[10.04115022]
[6.23055519],[2.2554627],[10.56369791]
[6.48258108],[2.27825454],[11.05037447]
[6.57479501],[2.30345802],[11.52522278]
[6.69371252],[2.3388586],[11.88410233]
[6.71393404],[2.38796753],[12.2638601]
[6.86574976],[2.44112007],[12.65053523]
[6.83611248],[2.47718881],[12.99001802]
[7.07489511],[2.50127568],[13.35578029]
[7.074287],[2.49669136],[13.45676417]
[7.20907389],[2.44491865],[13.43152631]
[7.24491766],[2.36775121],[13.29123012]
[7.28661131],[2.28651329],[13.06320501]
[7.37190826],[2.16459066],[12.79067173]
[7.40952613],[2.1143199],[12.49500573]
[7.60736227],[2.06200834],[12.27357023]
[7.67143742],[1.99861416],[11.93554267]
[7.73329603],[1.93073908],[11.6470765]
[7.6572016],[1.87639991],[11.27307184]
[7.65049082],[1.82072799],[10.98837092]
[7.55540869],[1.76596151],[10.62827675]
[7.48790752],[1.71708062],[10.31175366]
[7.43020863],[1.67850751],[10.00573224]
[7.28558365],[1.64108453],[9.65640159]
[7.10328707],[1.60110903],[9.19811697]
[6.95476368],[1.56316783],[8.65240034]
[6.84136749],[1.5245803],[8.11501011]
[6.69661977],[1.4868098],[7.56830888]
[6.48849046],[1.45434389],[6.84401895]
[6.23634909],[1.42541179],[6.12805772]
[5.61719222],[1.39439748],[5.52232717]
[5.20564097],[1.36255793],[5.11878324]
[4.93284876],[1.32783102],[4.80336156]
[4.82031977],[1.29180703],[4.55473111]
[2.23810429],[1.72110671],[2.05723084]
[0.],[0.],[0.]
[1.04698703],[0.50231777],[0.40585942]
[1.92965131],[0.82708575],[1.06708096]
[2.22020913],[1.18404948],[1.92019707]
[2.61589653],[1.35656541],[2.98875986]
[2.95758072],[1.51123204],[3.64217608]
[3.34290213],[1.55562091],[4.22418857]
[3.63618042],[1.62745141],[4.66700956]
[3.89883516],[1.66792177],[5.00545847]
[4.15068215],[1.70664947],[5.38367307]
[4.42806528],[1.74768445],[5.95645533]
[4.58317719],[1.85265379],[6.43141846]
[4.75736421],[1.92873878],[6.85783093]
[4.92726401],[2.01204637],[7.40958516]
[5.08555885],[2.06911138],[7.91892761]
[5.15932942],[2.13084247],[8.40943588]
[5.25369918],[2.1802861],[8.80355985]
[5.34205538],[2.22553382],[9.25083476]
[5.72348626],[2.25781821],[9.73911044]
[5.8893668],[2.28459986],[10.32160733]
[6.1196681],[2.34248773],[10.89497061]
[6.48977556],[2.37486187],[11.5896973]
[6.68558015],[2.41057793],[12.14915498]
[6.81921378],[2.45318126],[12.74433357]
[7.06556707],[2.50389275],[13.26053776]
[7.06923308],[2.56130308],[13.67839709]
[7.22132226],[2.60526692],[14.173108]
[7.22722509],[2.63440647],[14.53497236]
[7.31508988],[2.65314577],[14.84811103]
[7.32385574],[2.64791137],[14.94466023]
[7.41033894],[2.61207203],[14.91335552]
[7.55705263],[2.55094391],[14.88692633]
[7.62115187],[2.50201458],[14.69150794]
[7.77986911],[2.38368942],[14.54693843]
[7.83826781],[2.26084224],[14.23469068]
[7.91774715],[2.16342185],[13.96235112]
[7.96437765],[2.08887813],[13.64998895]
[7.99272632],[2.02746789],[13.27780302]
[7.9834583],[1.96497455],[12.8987662]
[7.95171465],[1.90600314],[12.54377505]
[7.92032621],[1.8523548],[12.17158744]
[7.87347986],[1.79676389],[11.80489442]
[7.83428232],[1.73252084],[11.43954092]
[7.76501703],[1.6969985],[11.0844041]
[7.61809687],[1.65632096],[10.61772932]
[7.432146],[1.62008939],[10.01304376]
[7.23162043],[1.58256744],[9.33434494]
[7.0947257],[1.54224309],[8.6775148]
[6.96196076],[1.50474675],[8.02081999]
[6.86344321],[1.47138717],[7.28870925]
[6.57984334],[1.43880022],[6.45475269]
[5.75769195],[1.40096396],[5.69899395]
[5.35221193],[1.36496559],[5.29595892]
[5.10373567],[1.32827853],[4.96753961]
[2.77692828],[1.76085472],[2.57852482]
[0.07681973],[0.08207778],[0.00179158]
[1.12257143],[0.51283543],[0.45608355]
[2.01646593],[0.86187034],[1.13058173]
[2.38856307],[1.2285194],[2.10870977]
[2.74404983],[1.39541342],[3.15127471]
[3.1169035],[1.54474635],[3.86818735]
[3.48583482],[1.59237283],[4.52012239]
[3.72553448],[1.66834703],[4.99467771]
[4.05852943],[1.70285016],[5.4720232]
[4.30129677],[1.74271866],[5.91169086]
[4.51253011],[1.80726095],[6.47911781]
[4.71105917],[1.94201988],[6.95808139]
[4.95126097],[2.01880884],[7.47824461]
[5.0724909],[2.09602795],[8.11229222]
[5.19287115],[2.14591431],[8.52767168]
[5.24305277],[2.20129495],[9.0286741]
[5.4030513],[2.24582643],[9.44068112]
[5.63605104],[2.28998051],[9.98626737]
[5.89946498],[2.3218384],[10.55802234]
[6.10922129],[2.38004669],[11.19288954]
[6.45980997],[2.4857155],[11.94368604]
[6.6650866],[2.53639391],[12.73074417]
[7.01986122],[2.57181334],[13.44363387]
[7.2406991],[2.61122632],[14.14608282]
[7.38269917],[2.6506252],[14.80138532]
[7.40235878],[2.69898974],[15.22757353]
[7.47132818],[2.73523711],[15.69013709]
[7.54350459],[2.75904607],[16.11631573]
[7.65441604],[2.77288364],[16.45898851]
[7.78541492],[2.76826935],[16.65518917]
[7.8982375],[2.73960059],[16.69686947]
[7.98718966],[2.69460769],[16.69934496]
[8.02653124],[2.64791784],[16.48843654]
[8.06549661],[2.58723712],[16.28061595]
[8.10006389],[2.46591889],[15.997342]
[8.13165958],[2.36090298],[15.64619517]
[8.35288653],[2.27938755],[15.49054047]
[8.44816479],[2.21019734],[15.12337852]
[8.55434183],[2.14234112],[14.80189351]
[8.49050777],[2.08011256],[14.33349326]
[8.47368008],[2.02895276],[13.99199547]
[8.36699834],[1.96140097],[13.51407903]
[8.29070932],[1.87814999],[13.07870022]
[8.16856767],[1.77945652],[12.63057362]
[7.94846681],[1.71401954],[12.13762114]
[7.82812914],[1.67417304],[11.5923249]
[7.71388017],[1.63844446],[10.86428837]
[7.58686832],[1.59986556],[10.08025918]
[7.41085856],[1.56138346],[9.30184069]
[7.21646566],[1.52444971],[8.49835293]
[7.05387206],[1.49026199],[7.67326569]
[6.6332806],[1.44836867],[6.76094631]
[5.8533751],[1.41072856],[5.92638176]
[5.44951983],[1.37212005],[5.52067757]
[4.0264353],[1.82235635],[3.1285384]
[0.13386116],[0.14108027],[0.00698725]
[1.20418212],[0.52194968],[0.50606259]
[2.09795735],[0.89351566],[1.19692764]
[2.53411443],[1.2715226],[2.28716127]
[2.87362072],[1.43544798],[3.31825748]
[3.25695601],[1.5790619],[4.13671698]
[3.59757247],[1.62640927],[4.80136089]
[3.80727529],[1.70879167],[5.33657654]
[4.21404936],[1.73279997],[5.94415694]
[4.42400477],[1.78844263],[6.45262364]
[4.5879076],[1.90125831],[6.95427818]
[4.88187142],[2.02419185],[7.52689785]
[5.10176737],[2.0954672],[8.10548248]
[5.17763052],[2.16595609],[8.70599309]
[5.28773635],[2.21204958],[9.15910377]
[5.3275042],[2.26579734],[9.65951652]
[5.71061398],[2.31009589],[10.2444283]
[5.86291154],[2.35394557],[10.83092275]
[6.06878974],[2.4353866],[11.4701348]
[6.42946025],[2.54752506],[12.2883087]
[6.66248876],[2.63350011],[13.10733123]
[6.84416225],[2.67613864],[13.94914274]
[7.3128004],[2.70484406],[14.8098823]
[7.48418291],[2.73691729],[15.53699702]
[7.65395374],[2.76836198],[16.23844091]
[7.82865778],[2.80505695],[16.77121209]
[7.95516705],[2.83122422],[17.29862659]
[8.02979326],[2.85228718],[17.81519735]
[8.11312744],[2.86316727],[18.18002953]
[8.13891333],[2.87487481],[18.34330775]
[8.20092054],[2.86573383],[18.48499914]
[8.22210021],[2.82292711],[18.48714253]
[8.34269093],[2.7691826],[18.44323793]
[8.42427327],[2.72097517],[18.28756485]
[8.61070698],[2.66065364],[18.15988755]
[8.68755528],[2.5470621],[17.84482149]
[8.76726537],[2.45032502],[17.48430601]
[8.82914837],[2.37767289],[17.09295445]
[8.86202467],[2.31353007],[16.69108406]
[8.93262285],[2.25747257],[16.28517727]
[8.8365871],[2.20439279],[15.87993016]
[8.82019513],[2.14167279],[15.43539181]
[8.76064004],[2.05015311],[14.97621904]
[8.71083363],[1.96052578],[14.51339636]
[8.56438983],[1.87002456],[13.98231514]
[8.35036793],[1.79854402],[13.3574685]
[8.04927726],[1.70537952],[12.59090988]
[7.89787483],[1.65597169],[11.73276304]
[7.80654255],[1.61689968],[10.78119542]
[7.70929958],[1.57605286],[9.91148603]
[7.58630869],[1.53973096],[9.00510319]
[7.15070869],[1.49578184],[7.97029648]
[6.69200446],[1.45477223],[7.00546751]
[5.89860761],[1.41264249],[6.12089853]
[5.00909281],[1.87947721],[3.74174737]
[0.2522309],[0.26581337],[0.02925177]
[1.08373238],[0.37323416],[0.31782453]
[1.99286866],[0.62997081],[0.84822513]
[2.48936612],[0.99877163],[1.92929618]
[2.82771579],[1.19271702],[2.93063902]
[3.29728276],[1.35644584],[3.7838242]
[3.67800638],[1.41567202],[4.4302022]
[3.88503318],[1.49270181],[4.90280413]
[4.32180322],[1.59294393],[5.56555328]
[4.50901096],[1.74130127],[6.06033386]
[4.64623965],[1.8123107],[6.55424238]
[5.01765271],[1.91974145],[7.26939253]
[5.20624458],[1.98266645],[7.82599946]
[5.26586398],[2.06207378],[8.39931139]
[5.41270048],[2.11953516],[8.89615586]
[5.52957307],[2.19260802],[9.46118126]
[5.89031526],[2.26032256],[10.13087155]
[6.03304228],[2.36308941],[10.71409757]
[6.36004648],[2.45045393],[11.49287455]
[6.6247291],[2.53695919],[12.37077263]
[6.87277123],[2.60435718],[13.19371961]
[7.19067626],[2.64138167],[14.05981277]
[7.48561111],[2.67407823],[14.93908144]
[7.82101043],[2.7125452],[15.74220066]
[8.10303089],[2.75081812],[16.53847253]
[8.18704889],[2.79091145],[17.19528508]
[8.25481077],[2.83069925],[17.74463028]
[8.27332743],[2.88590324],[18.25671752]
[8.35179917],[2.92953417],[18.77543759]
[8.33440079],[2.9331971],[18.93551151]
[8.65004728],[2.91832271],[19.32117378]
[8.72902331],[2.87488429],[19.4685562]
[8.82014679],[2.7687065],[19.61759284]
[8.86576978],[2.7126001],[19.52808063]
[8.90422637],[2.60239157],[19.3406508]
[8.95017675],[2.52451218],[19.14286369]
[9.05040045],[2.46395578],[18.90150137]
[9.371072],[2.40868351],[18.82840776]
[9.50069328],[2.35921899],[18.48540849]
[9.56925437],[2.31685752],[18.14211273]
[9.60533616],[2.27605023],[17.66515299]
[9.54763754],[2.2263636],[17.25567007]
[9.51781732],[2.14790272],[16.75418045]
[9.45186706],[2.09354324],[16.29641782]
[9.26024673],[2.01468107],[15.73134734]
[8.78931408],[1.96967169],[15.03675395]
[8.63458083],[1.90298356],[14.30000807]
[8.4767429],[1.8090632],[13.47416595]
[8.26331244],[1.64547209],[12.45398165]
[8.01275942],[1.60320197],[11.35278209]
[7.88532669],[1.56914206],[10.2496596]
[7.73794468],[1.52747316],[9.2296498]
[7.28136016],[1.48877495],[8.20269793]
[6.76014229],[1.44600058],[7.20167982]
