meltWidth,meltDepth,meltArea
[0.],[0.],[0.]
[0.],[0.],[0.]
[0.],[0.],[0.]
[0.],[0.],[0.]
[0.],[0.],[0.]
[0.],[0.],[0.]
[0.],[0.],[0.]
[0.],[0.],[0.]
[0.],[0.],[0.]
[0.],[0.],[0.]
[0.],[0.],[0.]
[0.],[0.],[0.]
[0.],[0.],[0.]
[0.],[0.],[0.]
[0.],[0.],[0.]
[0.],[0.],[0.]
[0.],[0.],[0.]
[0.],[0.],[0.]
[0.],[0.],[0.]
[0.],[0.],[0.]
[0.],[0.],[0.]
[0.],[0.],[0.]
[0.],[0.],[0.]
[0.],[0.],[0.]
[0.],[0.],[0.]
[0.],[0.],[0.]
[0.],[0.],[0.]
[0.],[0.],[0.]
[0.],[0.],[0.]
[0.],[0.],[0.]
[0.],[0.],[0.]
[0.],[0.],[0.]
[0.],[0.],[0.]
[0.],[0.],[0.]
[0.],[0.],[0.]
[0.],[0.],[0.]
[0.],[0.],[0.]
[0.],[0.],[0.]
[0.],[0.],[0.]
[0.],[0.],[0.]
[0.],[0.],[0.]
[0.],[0.],[0.]
[0.],[0.],[0.]
[0.],[0.],[0.]
[0.],[0.],[0.]
[0.],[0.],[0.]
[0.],[0.],[0.]
[0.],[0.],[0.]
[0.],[0.],[0.]
[0.],[0.],[0.]
[0.],[0.],[0.]
[0.],[0.],[0.]
[0.],[0.],[0.]
[0.],[0.],[0.]
[0.],[0.],[0.]
[0.],[0.],[0.]
[0.],[0.],[0.]
[1.46384502],[0.2499377],[0.23213167]
[1.85225437],[0.31638979],[0.39340816]
[1.93400881],[0.37925048],[0.52140744]
[2.03839054],[0.45595952],[0.65220246]
[2.12005186],[0.55151882],[0.79054128]
[2.18608108],[0.60014474],[0.85492962]
[2.2612597],[0.61623814],[0.91179226]
[2.3043701],[0.62826077],[0.93345694]
[2.35010129],[0.64216592],[0.96221565]
[2.37594684],[0.65478324],[0.99062797]
[2.43250174],[0.66685561],[1.02043607]
[2.46053036],[0.67262091],[1.04787894]
[2.55165039],[0.67870199],[1.06925723]
[2.57477266],[0.67959524],[1.09380724]
[2.650987],[0.68239964],[1.10321539]
[2.66760614],[0.68652436],[1.13391961]
[2.72360412],[0.68952415],[1.14197801]
[2.73916799],[0.69082222],[1.17420832]
[2.78639754],[0.69445838],[1.17422206]
[2.81285771],[0.69954673],[1.21342323]
[2.83981119],[0.70397904],[1.21225896]
[2.88092757],[0.70646664],[1.24789189]
[2.88060035],[0.71094239],[1.23518109]
[2.91555262],[0.71654388],[1.2747351]
[2.90287161],[0.71418452],[1.25388361]
[2.9419498],[0.71388645],[1.28420098]
[2.93616385],[0.71667614],[1.26189291]
[2.97715309],[0.71398191],[1.29441654]
[3.00776753],[0.71895352],[1.30298681]
[3.03800097],[0.71249519],[1.32318327]
[3.04481922],[0.71061619],[1.31488679]
[3.06747853],[0.70938272],[1.30582893]
[3.05226855],[0.7095427],[1.30893304]
[3.0668361],[0.71137713],[1.31939798]
[3.07821421],[0.71150578],[1.33002535]
[3.0940935],[0.71357479],[1.34326441]
[3.11332369],[0.71373358],[1.35010427]
[3.12663991],[0.71242472],[1.36158772]
[3.14011768],[0.71256283],[1.37152565]
[3.15509259],[0.70900724],[1.37153118]
[3.160647],[0.70428039],[1.36338944]
[3.12748333],[0.70025535],[1.34792197]
[3.08508542],[0.69351588],[1.32362794]
[3.03864159],[0.67793583],[1.2834064]
[2.99426014],[0.66508225],[1.24670342]
[2.95196029],[0.64855824],[1.2013231]
[2.91968035],[0.62723256],[1.15884913]
[2.89186801],[0.61073007],[1.12435661]
[2.86662373],[0.59378621],[1.09321975]
[2.83502444],[0.5706135],[1.04759224]
[2.79162783],[0.54793435],[0.99007518]
[3.37075147],[0.30393252],[0.6030244]
[0.],[0.],[0.]
[0.],[0.],[0.]
[0.],[0.],[0.]
[1.81892369],[0.33353083],[0.39252961]
[2.00925443],[0.44584013],[0.62941374]
[2.09912538],[0.55510198],[0.830402]
[2.19021896],[0.64703645],[0.98836405]
[2.27257234],[0.72450449],[1.14165153]
[2.34423894],[0.78706294],[1.2552091]
[2.43329802],[0.80133002],[1.33768055]
[2.48055797],[0.80716287],[1.38177187]
[2.54734719],[0.8089979],[1.40113687]
[2.62683514],[0.80979109],[1.45761951]
[2.73490848],[0.80968427],[1.49724501]
[2.80702814],[0.80958138],[1.56443498]
[2.886148],[0.80907875],[1.59835107]
[2.9084364],[0.80857771],[1.63056676]
[2.94722013],[0.81013104],[1.64522804]
[2.96487505],[0.81228497],[1.67651786]
[2.99365027],[0.81386906],[1.69677526]
[3.00803771],[0.81492211],[1.71870018]
[3.03365792],[0.81753622],[1.74048459]
[3.07928652],[0.82056042],[1.76447825]
[3.0737816],[0.82092008],[1.78364307]
[3.14505466],[0.8202476],[1.80201987]
[3.12007711],[0.81917192],[1.80526532]
[3.18071058],[0.81930853],[1.81989637]
[3.14073453],[0.81545677],[1.8156887]
[3.20602934],[0.812193],[1.82125131]
[3.17272096],[0.80941136],[1.81347091]
[3.2332605],[0.80530957],[1.80973326]
[3.22482545],[0.80696593],[1.82206851]
[3.26469596],[0.7999422],[1.81237143]
[3.24287314],[0.79682847],[1.80625094]
[3.2714037],[0.79240676],[1.78431735]
[3.23476092],[0.78930041],[1.76500429]
[3.23568566],[0.78538649],[1.75477434]
[3.23102677],[0.77975359],[1.74055645]
[3.23414086],[0.77660502],[1.73382748]
[3.24283813],[0.77415348],[1.72788509]
[3.24912932],[0.76788288],[1.72176458]
[3.25035197],[0.76109476],[1.70543419]
[3.25745089],[0.75352961],[1.68070894]
[3.247666],[0.74434694],[1.64645774]
[3.21590178],[0.73785096],[1.60963551]
[3.1867614],[0.73213219],[1.57520631]
[3.15022016],[0.7248399],[1.54505374]
[3.10925789],[0.71792981],[1.51802542]
[3.06711331],[0.70976743],[1.48085552]
[3.03213156],[0.70162844],[1.44674197]
[3.009104],[0.69052304],[1.41723041]
[2.99639136],[0.67591422],[1.37833046]
[2.99404118],[0.66098553],[1.34343851]
[2.97870751],[0.64352127],[1.3061975]
[6.01013875],[0.96554393],[3.52644879]
[2.96197829],[0.30010994],[0.5964418]
[0.],[0.],[0.]
[0.17915842],[0.0524656],[0.00437744]
[1.9988719],[0.40080836],[0.5458372]
[2.10940174],[0.54123172],[0.77193533]
[2.2063871],[0.6400233],[0.99141874]
[2.2978568],[0.72699314],[1.16583377]
[2.3744585],[0.79923094],[1.32006551]
[2.45308043],[0.85066183],[1.44747479]
[2.52620354],[0.86040936],[1.50797074]
[2.6117668],[0.86028136],[1.56902235]
[2.75727008],[0.86032166],[1.62077479]
[2.84134038],[0.86026833],[1.68256543]
[2.92650988],[0.86052924],[1.73361112]
[2.99062691],[0.85813747],[1.78064679]
[3.04756444],[0.85519133],[1.82451981]
[3.07220307],[0.85206501],[1.8347879]
[3.09738486],[0.85129595],[1.85762501]
[3.12397998],[0.85176812],[1.8738279]
[3.13667407],[0.85129787],[1.89779613]
[3.20420585],[0.8501702],[1.92291144]
[3.18691218],[0.85037728],[1.93815114]
[3.29195027],[0.85183873],[1.97491645]
[3.25764609],[0.85213843],[1.98351615]
[3.37829783],[0.84996635],[2.01562805]
[3.31048128],[0.84880199],[2.00856737]
[3.44126955],[0.84900155],[2.05062312]
[3.33997399],[0.84548243],[2.02157514]
[3.48347208],[0.84237704],[2.06314565]
[3.37618441],[0.83975969],[2.01808155]
[3.52953772],[0.83578744],[2.06160323]
[3.48115686],[0.83787257],[2.03670124]
[3.57277609],[0.83119093],[2.07058602]
[3.52200154],[0.82900721],[2.03098882]
[3.59324012],[0.82614438],[2.04883898]
[3.5495124],[0.82424554],[2.01408691]
[3.55344445],[0.82332996],[2.00860936]
[3.5519412],[0.82055781],[1.99753031]
[3.55747183],[0.81908505],[1.99214889]
[3.57173145],[0.81874025],[1.9922078]
[3.57950517],[0.81416842],[1.98670055]
[3.57774541],[0.80861617],[1.96700006]
[3.58672216],[0.80335031],[1.95056553]
[3.5709899],[0.79764369],[1.92213762]
[3.53421312],[0.78963913],[1.87559837]
[3.49305236],[0.78203473],[1.8302348]
[3.45550972],[0.77401446],[1.78719834]
[3.41530078],[0.76644808],[1.75564231]
[3.35464877],[0.76035419],[1.71721094]
[3.30299308],[0.75377641],[1.6797523]
[3.25305998],[0.7457333],[1.63914517]
[3.20143075],[0.73713743],[1.59648682]
[3.16596176],[0.72388509],[1.56214856]
[3.13133072],[0.70610993],[1.5210958]
[6.24419165],[1.67614473],[5.99355919]
[3.81475891],[0.74928881],[1.80383439]
[2.32942508],[0.27100212],[0.39481827]
[0.63672208],[0.13447179],[0.04166471]
[2.10361541],[0.47605487],[0.67788692]
[2.20628952],[0.62488683],[0.92362126]
[2.30147139],[0.71809245],[1.14859126]
[2.39817183],[0.78351161],[1.33661041]
[2.46990573],[0.84025856],[1.45963361]
[2.54286148],[0.88407182],[1.59115884]
[2.66797974],[0.89205658],[1.6635978]
[2.82759744],[0.88801135],[1.77633128]
[2.92100602],[0.88433121],[1.8393385]
[2.9864899],[0.88151781],[1.86617907]
[3.03723714],[0.87780957],[1.89538592]
[3.09364248],[0.87615269],[1.9242595]
[3.12892469],[0.8742846],[1.9578651]
[3.16185253],[0.87102496],[1.97361609]
[3.17614817],[0.8702829],[1.99245251]
[3.23333787],[0.87125544],[2.01938425]
[3.21209137],[0.87177079],[2.03539613]
[3.31774261],[0.87128336],[2.07671778]
[3.28398256],[0.87221651],[2.08985313]
[3.4463943],[0.87440407],[2.14917708]
[3.35949019],[0.8743227],[2.14079042]
[3.53848004],[0.87270011],[2.20840435]
[3.39578976],[0.87233309],[2.16769883]
[3.58702939],[0.87332764],[2.24526147]
[3.44701519],[0.87115181],[2.1877462]
[3.61862095],[0.8691043],[2.25833513]
[3.51129929],[0.86792874],[2.19984988]
[3.65618111],[0.86515962],[2.25950126]
[3.62472148],[0.86883927],[2.24158302]
[3.69464644],[0.86296752],[2.27093889]
[3.6599917],[0.86143987],[2.23528721]
[3.71390723],[0.85880519],[2.25261049]
[3.68639454],[0.85722965],[2.21874355]
[3.69478628],[0.85711162],[2.21663681]
[3.69748604],[0.85452534],[2.20726273]
[3.70490615],[0.85325894],[2.20373883]
[3.7191385],[0.85282055],[2.20592904]
[3.72657491],[0.84964485],[2.20077716]
[3.72618417],[0.84418465],[2.18106495]
[3.73379511],[0.83869651],[2.16469172]
[3.72955198],[0.83365728],[2.14143815]
[3.70271199],[0.82635187],[2.10250549]
[3.67959225],[0.81917054],[2.0681877]
[3.65883335],[0.81216038],[2.02972089]
[3.63072955],[0.80870824],[1.99522225]
[3.59255594],[0.80496708],[1.95671046]
[3.56204021],[0.80128996],[1.92119194]
[3.50216808],[0.79285601],[1.87259239]
[3.43799647],[0.78499069],[1.82243701]
[3.38263921],[0.7748168],[1.77840421]
[3.33165346],[0.76339753],[1.73248281]
[6.40526593],[1.73732947],[6.67470223]
[4.20840218],[1.33589091],[3.06217731]
[2.47747459],[0.75549865],[1.0416271]
[0.78856759],[0.16611404],[0.10509537]
[2.21015693],[0.56341277],[0.83735078]
[2.34063746],[0.69883922],[1.1395856]
[2.40484145],[0.76590445],[1.31240506]
[2.47752261],[0.82179658],[1.49310883]
[2.54341993],[0.87065491],[1.60757667]
[2.59341379],[0.90787954],[1.70496797]
[2.81214648],[0.91296512],[1.83703509]
[2.96249868],[0.90924226],[2.00435114]
[3.03482044],[0.90583494],[2.10130866]
[3.09195629],[0.9045623],[2.09520583]
[3.12392884],[0.90326278],[2.1114998]
[3.1751168],[0.90236722],[2.11823734]
[3.19989035],[0.90209527],[2.140856]
[3.23264424],[0.899625],[2.13539922]
[3.24230655],[0.89910759],[2.16445669]
[3.29847441],[0.90077325],[2.18173799]
[3.27604082],[0.90177347],[2.21248266]
[3.38174121],[0.90147799],[2.25094891]
[3.3432049],[0.90249233],[2.27648597]
[3.56821107],[0.90375165],[2.3628549]
[3.40231252],[0.90340164],[2.32862964]
[3.61797567],[0.90196254],[2.41607623]
[3.46635573],[0.90170934],[2.36524815]
[3.66185072],[0.90264579],[2.45809293]
[3.51556368],[0.90106235],[2.38903443]
[3.69201373],[0.89910031],[2.47502363]
[3.57907205],[0.89792617],[2.40949481]
[3.72362189],[0.89563007],[2.46537204]
[3.69495357],[0.89806525],[2.45815584]
[3.75874999],[0.89323604],[2.46617076]
[3.72775139],[0.89165565],[2.43705792]
[3.77756621],[0.88913406],[2.44328314]
[3.75338858],[0.8878688],[2.40515529]
[3.75580243],[0.88760969],[2.39879488]
[3.76085147],[0.88485604],[2.38642771]
[3.77153545],[0.88353904],[2.38403132]
[3.78625333],[0.88416956],[2.38451444]
[3.79813674],[0.88107477],[2.37792714]
[3.80267052],[0.87541253],[2.35773907]
[3.81516472],[0.87084037],[2.34296738]
[3.81061658],[0.86700652],[2.31890974]
[3.78085449],[0.8608239],[2.27584368]
[3.75245885],[0.85494268],[2.23553956]
[3.72902481],[0.84772195],[2.19481781]
[3.70366639],[0.83928064],[2.15251633]
[3.66581699],[0.83075503],[2.10031198]
[3.63550914],[0.82433448],[2.05835559]
[3.60093248],[0.81963102],[2.02358624]
[3.55636787],[0.81343626],[1.98562143]
[3.51531137],[0.80783973],[1.95974725]
[3.47716569],[0.80111528],[1.92521167]
[6.58625697],[1.74706728],[7.61059829]
[4.73714802],[1.50319632],[4.29995307]
[3.00128193],[1.18775352],[2.01644693]
[1.3924212],[0.68425232],[0.48655263]
[2.14577454],[0.53905196],[0.83075738]
[2.4418382],[0.73085086],[1.28844493]
[2.49059584],[0.79862777],[1.46013153]
[2.5332627],[0.85564171],[1.61385551]
[2.59375013],[0.89822891],[1.72636754]
[2.68899269],[0.92563034],[1.81302354]
[2.92195033],[0.92961486],[2.0062295]
[3.07370393],[0.92871778],[2.36110765]
[3.12829136],[0.94835034],[2.51247362]
[3.18656748],[0.93008603],[2.46613437]
[3.2027815],[0.92714764],[2.42572246]
[3.25378398],[0.92627937],[2.4127513]
[3.26703479],[0.92591533],[2.41111948]
[3.30130712],[0.92357333],[2.37351937]
[3.30271542],[0.92328199],[2.38636739]
[3.3696805],[0.92518725],[2.38647485]
[3.33202958],[0.93368929],[2.42185605]
[3.54558233],[0.93339681],[2.5038602]
[3.40941802],[0.94759892],[2.49851368]
[3.6724691],[0.94558961],[2.61273578]
[3.5220263],[0.95935522],[2.57953708]
[3.70598838],[0.94891692],[2.66796613]
[3.58228525],[0.96011685],[2.62784968]
[3.74016513],[0.950706],[2.69980837]
[3.62639648],[0.96296672],[2.65493794]
[3.7649502],[0.95297803],[2.72050022]
[3.68058208],[0.95631374],[2.6831531]
[3.79760398],[0.93911248],[2.71449435]
[3.78539361],[0.93626823],[2.69762667]
[3.83876389],[0.92653881],[2.71591422]
[3.81751474],[0.92310226],[2.67581565]
[3.85707472],[0.91597334],[2.68413624]
[3.83870458],[0.91042275],[2.63918176]
[3.83665514],[0.90964219],[2.62328221]
[3.84072521],[0.90658679],[2.60482386]
[3.84917123],[0.90567346],[2.59596323]
[3.86251502],[0.90603238],[2.59065939]
[3.87302893],[0.90270153],[2.57814911]
[3.87851344],[0.89635269],[2.5517236]
[3.88726014],[0.89145035],[2.5225041]
[3.88658241],[0.8868973],[2.48807703]
[3.86155023],[0.88023223],[2.43416254]
[3.83661211],[0.87485441],[2.39806186]
[3.81396745],[0.86948225],[2.36139397]
[3.78647713],[0.86314472],[2.31895431]
[3.74864275],[0.85602156],[2.26692121]
[3.72721649],[0.8471287],[2.22012385]
[3.69768744],[0.83856493],[2.16956096]
[3.65351611],[0.82613215],[2.11077963]
[3.62010046],[0.81706705],[2.07760539]
[3.57190294],[0.81109106],[2.04494171]
[6.65980036],[1.77634035],[8.74300222]
[4.86345084],[1.51131623],[5.13096145]
[3.39886974],[1.27465977],[2.86309792]
[1.8367321],[1.10813992],[1.04017924]
[1.93068511],[0.47408338],[0.63564054]
[2.42394573],[0.7395817],[1.33881217]
[2.53741753],[0.8191869],[1.55473776]
[2.55920231],[0.87442324],[1.68092573]
[2.60915039],[0.91382263],[1.78783966]
[2.77305535],[0.9414407],[1.90387817]
[2.9901194],[0.9673203],[2.14314628]
[3.12570655],[0.96170632],[2.53970242]
[3.18206596],[1.00445668],[2.69987503]
[3.22617792],[0.95966126],[2.63910675]
[3.25026743],[0.96928094],[2.63008325]
[3.28651706],[0.96882422],[2.60796846]
[3.31131277],[0.98032932],[2.63047174]
[3.33636168],[0.96999101],[2.55446673]
[3.34544503],[0.98186217],[2.56864475]
[3.47963912],[0.97041245],[2.56536484]
[3.37570995],[0.99584725],[2.59310275]
[3.66049733],[0.98407434],[2.68582371]
[3.57610323],[1.01164605],[2.6982208]
[3.76269652],[1.00373628],[2.78554775]
[3.65080992],[1.02887432],[2.77162616]
[3.79121723],[1.01338144],[2.83728202]
[3.70131756],[1.03193003],[2.81436519]
[3.82002759],[1.01732578],[2.86491183]
[3.73705592],[1.03617316],[2.8336075]
[3.84218126],[1.02028091],[2.87659435]
[3.7862196],[1.03011907],[2.8533887]
[3.87300421],[0.99624747],[2.8660367]
[3.87144127],[1.00047021],[2.86186727]
[3.91256644],[0.97977058],[2.86420534]
[3.90040143],[0.97907611],[2.83663226]
[3.93180493],[0.97134006],[2.84296915]
[3.91820659],[0.96412843],[2.80014092]
[3.91534269],[0.95708808],[2.78871541]
[3.92042461],[0.94965366],[2.7765308]
[3.92913373],[0.94276511],[2.77082712]
[3.94260565],[0.93623604],[2.76983311]
[3.95348664],[0.93009818],[2.76194493]
[3.95954256],[0.91289194],[2.7381761]
[3.96400444],[0.90681258],[2.69977177]
[3.96317558],[0.90175932],[2.65483777]
[3.9391676],[0.89499818],[2.59209986]
[3.91430797],[0.88962007],[2.53971284]
[3.89320465],[0.88415738],[2.48878159]
[3.86836982],[0.87765712],[2.44259963]
[3.83313376],[0.86988186],[2.39188723]
[3.80834119],[0.86425521],[2.34994787]
[3.79289117],[0.85753027],[2.30909003]
[3.76409592],[0.84877798],[2.25736911]
[3.7347982],[0.83626275],[2.21049811]
[3.70778375],[0.82292868],[2.16695436]
[6.70534442],[1.88102171],[9.50226487]
[4.90937959],[1.55162628],[5.97286587]
[3.52048762],[1.41456446],[3.64007469]
[2.21884619],[1.26458004],[1.74789939]
[1.30389813],[0.36510792],[0.33674916]
[2.35661561],[0.73523794],[1.30473475]
[2.57515459],[0.8330744],[1.62007918]
[2.58347284],[0.89219196],[1.73887652]
[2.63120167],[0.93215318],[1.85720505]
[2.84798627],[0.9603414],[1.99035834]
[3.0644847],[1.03633536],[2.30817211]
[3.16536076],[1.0493632],[2.64634974]
[3.22506798],[1.06683044],[2.76936647]
[3.26243856],[1.01992342],[2.71269329]
[3.29063608],[1.02821006],[2.70665413]
[3.31400119],[1.03193504],[2.66686314]
[3.33609941],[1.03852383],[2.65040391]
[3.35581678],[1.03260538],[2.5997428]
[3.36234492],[1.03965271],[2.64969152]
[3.53933906],[1.02961474],[2.67952198]
[3.38402832],[1.04946983],[2.68528661]
[3.69898458],[1.04791469],[2.78725431]
[3.61996486],[1.06400966],[2.79557823]
[3.79498163],[1.06739267],[2.88001334]
[3.6911439],[1.08008607],[2.86295998]
[3.81687266],[1.07672186],[2.92747148]
[3.72776097],[1.07858082],[2.89254101]
[3.84795365],[1.07953854],[2.9512291]
[3.75808395],[1.07747163],[2.90282638]
[3.87248494],[1.07784958],[2.95958523]
[3.80090845],[1.0715845],[2.91163232]
[3.90668373],[1.06376519],[2.95457245]
[3.90168428],[1.06478355],[2.93797159]
[3.95107889],[1.04508988],[2.95880127]
[3.93945208],[1.04651254],[2.92603309]
[3.97319307],[1.03685844],[2.94095941]
[3.96038673],[1.02725087],[2.89391584]
[3.96076632],[1.01768327],[2.88794243]
[3.97096252],[1.00685737],[2.88196967]
[3.98296935],[0.996034],[2.87765033]
[4.00106922],[0.98639426],[2.8772653]
[4.01430166],[0.98002216],[2.86897711]
[4.01884635],[0.96134269],[2.84148631]
[4.02159939],[0.94320798],[2.80069832]
[4.02250304],[0.92567537],[2.75821772]
[4.01135757],[0.91755051],[2.70313164]
[3.9945956],[0.91182298],[2.65321551]
[3.97976322],[0.90594329],[2.60796249]
[3.9620886],[0.89926559],[2.55985999]
[3.93391752],[0.8915105],[2.50300797]
[3.91342203],[0.88476853],[2.45775118]
[3.89165073],[0.87858434],[2.41395626]
[3.85858696],[0.87029864],[2.35847104]
[3.82709496],[0.85981304],[2.31318152]
[3.79737668],[0.84903585],[2.2666803]
[6.7321218],[1.94777856],[9.54834429]
[5.02902611],[1.58112878],[6.00889082]
[3.62625385],[1.47439456],[3.70809112]
[2.4560033],[1.36434577],[1.82273138]
[1.44147814],[0.51699167],[0.56238498]
[2.43858431],[0.7597458],[1.41354994]
[2.58076113],[0.85445614],[1.67244719]
[2.58414175],[0.91235969],[1.77970992]
[2.63244342],[0.94916168],[1.90014186]
[2.8703538],[0.98673991],[2.03274792]
[3.08460897],[1.03600212],[2.32725219]
[3.18718711],[1.04908465],[2.63895533]
[3.24720027],[1.04788864],[2.7304117]
[3.2772447],[1.05512506],[2.68975854]
[3.30076212],[1.05305007],[2.65347354]
[3.32085926],[1.06708475],[2.65159818]
[3.34131067],[1.05904145],[2.71010752]
[3.35518125],[1.06434059],[2.6989776]
[3.3648637],[1.05789969],[2.72759755]
[3.51357904],[1.05925124],[2.74134273]
[3.39464792],[1.06424408],[2.74968787]
[3.71828654],[1.07336573],[2.85915387]
[3.60940033],[1.0771223],[2.84936559]
[3.82476306],[1.08936681],[2.96455152]
[3.69713903],[1.09193493],[2.92356802]
[3.84985997],[1.09440162],[3.01271452]
[3.75052883],[1.08974542],[2.96194423]
[3.87825097],[1.09270388],[3.03456402]
[3.79040779],[1.08816243],[2.97962363]
[3.90083108],[1.08897321],[3.04099438]
[3.84314107],[1.08225921],[2.99266488]
[3.93140685],[1.07688151],[3.03117082]
[3.93287572],[1.07608777],[3.01288915]
[3.97305835],[1.06332421],[3.03321247]
[3.96244204],[1.06246522],[2.99637326]
[3.98575223],[1.0552226],[3.00573741]
[3.979026],[1.048332],[2.96122814]
[3.97460766],[1.0412408],[2.9485672]
[3.98053601],[1.03382821],[2.93866184]
[3.99089244],[1.02692291],[2.9360475]
[4.00874206],[1.01993362],[2.93827494]
[4.01989759],[1.01240931],[2.9277429]
[4.02541147],[0.98786594],[2.89906892]
[4.03232277],[0.9727913],[2.86219697]
[4.03686673],[0.95624387],[2.81971315]
[4.02944768],[0.93793583],[2.76106523]
[4.01923394],[0.93010288],[2.70870048]
[4.00548028],[0.92439277],[2.65739677]
[3.98673048],[0.91806188],[2.60843714]
[3.95900217],[0.91059623],[2.55310795]
[3.93799856],[0.90394338],[2.51195274]
[3.90970648],[0.8978081],[2.46728928]
[3.86696245],[0.89001981],[2.40780267]
[3.82416048],[0.88209482],[2.36063976]
[3.77730595],[0.87306964],[2.31105831]
[7.03343135],[2.02303737],[10.0220425]
[5.27938709],[1.63258674],[6.33180087]
[3.84757753],[1.53311661],[4.01298782]
[2.717018],[1.42866459],[2.03125559]
[1.71788108],[0.65117452],[0.88843824]
[2.53414082],[0.77597875],[1.49068684]
[2.59717264],[0.87227961],[1.71501358]
[2.59412996],[0.92586534],[1.81334278]
[2.64674897],[0.96321909],[1.94342654]
[2.92558977],[1.00350032],[2.10083082]
[3.13164016],[1.06017331],[2.44199796]
[3.22081271],[1.0846087],[2.73946495]
[3.27124444],[1.07232332],[2.82264139]
[3.29708542],[1.08651665],[2.79029154]
[3.31912175],[1.08093968],[2.7576444]
[3.33591144],[1.09388589],[2.7751777]
[3.35790984],[1.08669354],[2.83027015]
[3.45406017],[1.0906414],[2.83048148]
[3.37929155],[1.08532579],[2.84518628]
[3.65163637],[1.08534895],[2.90331553]
[3.52447326],[1.09107071],[2.88883248]
[3.80224766],[1.09874906],[3.01241795]
[3.74103024],[1.10351827],[3.00961291]
[3.8835046],[1.11436129],[3.10587481]
[3.80322703],[1.11669222],[3.07761564]
[3.90315394],[1.11757704],[3.14796278]
[3.83946783],[1.11401045],[3.11114073]
[3.9245192],[1.11576083],[3.16731154]
[3.86911262],[1.11259097],[3.12858099]
[3.94454566],[1.11233627],[3.1746203]
[3.91029469],[1.10726715],[3.13579523]
[3.97366294],[1.10056611],[3.15778912]
[3.98253192],[1.09978033],[3.13915061]
[4.01010007],[1.08715679],[3.15212313]
[4.00638541],[1.08631029],[3.11858529]
[4.02157104],[1.07909327],[3.12254121]
[4.01962085],[1.07210354],[3.0816026]
[4.01614228],[1.06514568],[3.06729482]
[4.02361891],[1.05787826],[3.05247204]
[4.03486912],[1.05103238],[3.04359795]
[4.04891511],[1.04459264],[3.03726359]
[4.06097323],[1.03671035],[3.02278986]
[4.06828018],[1.0135292],[2.99482469]
[4.07525893],[0.98995296],[2.95517684]
[4.08093646],[0.9770336],[2.91722401]
[4.07418674],[0.96059335],[2.85983823]
[4.05558339],[0.94385286],[2.79360203]
[4.04086206],[0.93590065],[2.73706479]
[4.02333063],[0.92954123],[2.67917372]
[3.99730444],[0.92225793],[2.62285225]
[3.97763684],[0.91572348],[2.57361719]
[3.95415096],[0.9095428],[2.53170305]
[3.91625122],[0.90177891],[2.476601]
[3.87702263],[0.89411359],[2.4311448]
[3.83061906],[0.88627682],[2.37985955]
[7.11278326],[2.08473381],[10.31250386]
[5.385907],[1.74306966],[6.46671834]
[3.98090379],[1.57229536],[4.07283037]
[2.78909292],[1.45398737],[2.11136954]
[1.92926146],[0.70559218],[1.11276847]
[2.56721631],[0.79114066],[1.54175625]
[2.61271615],[0.8898151],[1.74699508]
[2.60450183],[0.93504594],[1.83877301]
[2.66024615],[0.97289964],[1.97345764]
[3.00635981],[1.01718397],[2.18817499]
[3.1755935],[1.06151234],[2.514095]
[3.25051812],[1.09581334],[2.77421164]
[3.29315079],[1.09268408],[2.86022989]
[3.31508031],[1.10491701],[2.82161525]
[3.33672282],[1.10164758],[2.84126569]
[3.35434254],[1.11217166],[2.86454021]
[3.380322],[1.10700233],[2.92124205]
[3.59175962],[1.10832118],[2.95145217]
[3.53498902],[1.10555607],[2.95674714]
[3.75314189],[1.10534354],[3.0296188]
[3.66905912],[1.11200066],[3.01631451]
[3.86789193],[1.11675855],[3.12890588]
[3.83309674],[1.1238546],[3.13193594]
[3.93070824],[1.13175796],[3.21037261]
[3.88175093],[1.13477194],[3.19315947]
[3.94615521],[1.13368898],[3.24781423]
[3.90559576],[1.13239417],[3.2219183]
[3.96401241],[1.13177706],[3.26357421]
[3.9324809],[1.13058089],[3.23682206]
[3.98354059],[1.12798039],[3.27018359]
[3.96593164],[1.12561028],[3.24176096]
[4.01050638],[1.11634694],[3.2511931]
[4.02490432],[1.11572131],[3.23325678]
[4.04126518],[1.10264247],[3.2395488]
[4.04338551],[1.10183807],[3.20837017]
[4.05598365],[1.09434134],[3.20754886]
[4.0578615],[1.08719739],[3.1684486]
[4.05460577],[1.08071483],[3.15326802]
[4.06217981],[1.0732754],[3.13748441]
[4.07229592],[1.06626219],[3.12661729]
[4.08570857],[1.05918426],[3.11679747]
[4.09856248],[1.05078578],[3.098031]
[4.10679333],[1.02696939],[3.06638323]
[4.11492478],[1.00385517],[3.02341401]
[4.12392884],[0.98428553],[2.98459329]
[4.12326706],[0.97062501],[2.93405965]
[4.10323337],[0.95588574],[2.87045079]
[4.07666465],[0.94461939],[2.80181628]
[4.06013441],[0.93851991],[2.74181432]
[4.03584516],[0.93127083],[2.68198937]
[4.01653943],[0.92511214],[2.62862707]
[3.99473733],[0.91920634],[2.5774078]
[3.96187678],[0.91181922],[2.52568767]
[3.93301036],[0.90406962],[2.48633434]
[3.8914933],[0.89646372],[2.43925903]
[7.12415531],[2.12113215],[10.25035033]
[5.40936483],[1.77660098],[6.34488016]
[4.01771318],[1.56979099],[3.9384232]
[2.82887688],[1.44496935],[2.10743045]
[2.02041679],[0.72545013],[1.21973864]
[2.57289722],[0.79855413],[1.56724167]
[2.62160097],[0.90256809],[1.77301139]
[2.61201884],[0.94385289],[1.86583056]
[2.73525701],[0.98392122],[2.01581481]
[3.07001789],[1.03601278],[2.29606386]
[3.21013127],[1.08364472],[2.61016747]
[3.27542033],[1.11615244],[2.83422562]
[3.31143548],[1.11605161],[2.92348851]
[3.32765673],[1.12517347],[2.88010885]
[3.34863187],[1.12514733],[2.94538615]
[3.51094749],[1.13271544],[2.99771109]
[3.55089688],[1.1304203],[3.05325717]
[3.70810906],[1.12863602],[3.09203201]
[3.67023782],[1.13000493],[3.09200405]
[3.82714351],[1.12759165],[3.15846711]
[3.7741014],[1.13497524],[3.1480394]
[3.91649803],[1.136687],[3.24323672]
[3.90068416],[1.14663094],[3.25386519]
[3.9665282],[1.15187418],[3.31573137]
[3.93841337],[1.15642029],[3.30915572]
[3.97957173],[1.15224576],[3.34826758]
[3.95875142],[1.15335537],[3.33456274]
[3.99552412],[1.15583026],[3.3625211]
[3.9844277],[1.15874545],[3.35097543]
[4.01592759],[1.16293713],[3.37649918]
[4.0131626],[1.15195345],[3.36725948]
[4.04189284],[1.13650353],[3.36646174]
[4.06419177],[1.13401916],[3.3486617]
[4.07883998],[1.12031692],[3.34680301]
[4.08821445],[1.11989868],[3.31759957]
[4.09001399],[1.11219315],[3.30730687]
[4.09135498],[1.10502871],[3.26693127]
[4.08573674],[1.0980215],[3.2464638]
[4.0927959],[1.09046051],[3.22824048]
[4.10028101],[1.08335637],[3.21272668]
[4.11056684],[1.07619344],[3.20013017]
[4.12354923],[1.06740798],[3.17951651]
[4.13283091],[1.04448704],[3.14261533]
[4.14270687],[1.02175533],[3.09854321]
[4.15273635],[0.99850501],[3.05566409]
[4.15698644],[0.9807086],[3.00960457]
[4.14775303],[0.9685412],[2.95347474]
[4.12870958],[0.95567564],[2.89727661]
[4.10461421],[0.94919997],[2.83022377]
[4.07636216],[0.9433215],[2.76111207]
[4.06131291],[0.93780495],[2.71180794]
[4.04383957],[0.93204115],[2.66070055]
[4.01668954],[0.92501133],[2.60396522]
[3.99157282],[0.91745526],[2.55819014]
[3.95862784],[0.90983619],[2.51509143]
[7.09230437],[2.12943502],[9.49896385]
[5.27726371],[1.79000936],[5.8316723]
[3.85670403],[1.5442194],[3.48690192]
[2.71488203],[1.34145567],[1.78483047]
[2.12647459],[0.66193794],[1.245053]
[2.5766956],[0.81298735],[1.6009907]
[2.62409434],[0.91722743],[1.80148911]
[2.61371003],[0.95901565],[1.89648554]
[2.84214139],[1.00123139],[2.09050269]
[3.11720621],[1.05589329],[2.40337146]
[3.23502945],[1.10421169],[2.70103543]
[3.29355192],[1.1362852],[2.87976915]
[3.32449058],[1.13761838],[2.96402686]
[3.38877662],[1.14563093],[2.98684125]
[3.38568716],[1.15567907],[3.04698105]
[3.6370103],[1.15366871],[3.13161559]
[3.68231914],[1.15366726],[3.18515131]
[3.77640263],[1.15219722],[3.21023741]
[3.77248438],[1.15371254],[3.22025505]
[3.87398617],[1.15165121],[3.27444308]
[3.8551779],[1.15949433],[3.27578484]
[3.9507153],[1.17200187],[3.35844764]
[3.9509014],[1.18727723],[3.38496865]
[3.99572132],[1.19500307],[3.44880503]
[3.9938542],[1.20370293],[3.46945538]
[4.02050808],[1.21099216],[3.51249349]
[4.02291161],[1.21873201],[3.52448916]
[4.04256867],[1.22537365],[3.56265486]
[4.05557865],[1.23271049],[3.56768103]
[4.07901627],[1.23648104],[3.60637256]
[4.10682374],[1.22287527],[3.60267737]
[4.11674575],[1.20579811],[3.60449843]
[4.1750544],[1.18351141],[3.59053808]
[4.16577378],[1.16602302],[3.57373778]
[4.25071892],[1.16070859],[3.54428844]
[4.17746085],[1.14936971],[3.49823584]
[4.1938519],[1.13861823],[3.44524956]
[4.16019462],[1.12851676],[3.40311038]
[4.15208396],[1.11846594],[3.36850932]
[4.14790408],[1.10909388],[3.33950148]
[4.14719724],[1.09946604],[3.3155264]
[4.15439213],[1.08801078],[3.28516543]
[4.15683913],[1.0649206],[3.23627203]
[4.15831873],[1.04244488],[3.17991934]
[4.16233291],[1.01985045],[3.13088578]
[4.16749621],[0.99415842],[3.07699797]
[4.16592122],[0.98109804],[3.02783664]
[4.15857694],[0.96858813],[2.97738976]
[4.14659768],[0.95891563],[2.91995766]
[4.12381844],[0.95317385],[2.84956074]
[4.10299566],[0.94853523],[2.78702936]
[4.08043899],[0.94440866],[2.73253168]
[4.05293665],[0.93851671],[2.67444136]
[4.02634197],[0.93103175],[2.62330582]
[3.99199307],[0.92375184],[2.57684401]
[7.30020164],[2.15092539],[9.4979233]
[5.51175475],[1.81910499],[5.78479016]
[3.90065895],[1.52563398],[3.34484138]
[2.70679706],[1.246393],[1.67541995]
[2.14700314],[0.62599421],[1.2560725]
[2.59068884],[0.82750568],[1.64510025]
[2.63496304],[0.92364429],[1.82769415]
[2.63459459],[0.97373957],[1.93729287]
[2.95008592],[1.02973902],[2.20922133]
[3.16998579],[1.11398627],[2.55949556]
[3.26617636],[1.16572188],[2.82635328]
[3.31587165],[1.17619054],[2.99698296]
[3.3417947],[1.18983307],[3.09026507]
[3.52967924],[1.20313191],[3.15752218]
[3.55032054],[1.22223273],[3.21790162]
[3.7298252],[1.22470518],[3.31864389]
[3.78713665],[1.23040047],[3.39628849]
[3.87921373],[1.23333786],[3.45195746]
[3.88969206],[1.2371099],[3.47326597]
[3.96418296],[1.23984007],[3.53744126]
[3.98081631],[1.25051659],[3.56118256]
[4.03203174],[1.2619117],[3.63394159]
[4.069559],[1.27435245],[3.66663313]
[4.09642836],[1.28089111],[3.73847341]
[4.13313938],[1.28800726],[3.76824648]
[4.1318957],[1.29473162],[3.81836983]
[4.1726724],[1.30111119],[3.84016581]
[4.19217401],[1.30680645],[3.87616018]
[4.24320485],[1.31383807],[3.89885725]
[4.25685185],[1.31672685],[3.92732675]
[4.31326078],[1.30904474],[3.94726156]
[4.33587866],[1.29520676],[3.94852724]
[4.42493349],[1.26785937],[3.97393408]
[4.41651287],[1.26466042],[3.95193886]
[4.4875594],[1.24944036],[3.95165173]
[4.45044638],[1.23310165],[3.8955878]
[4.47033058],[1.21670511],[3.86290301]
[4.42609576],[1.19895236],[3.79918764]
[4.39954333],[1.18927384],[3.75289119]
[4.38719617],[1.18042789],[3.7125895]
[4.37752515],[1.17083837],[3.67374005]
[4.37488906],[1.15960376],[3.62268736]
[4.34339361],[1.13506411],[3.53732609]
[4.28179627],[1.10744039],[3.43920867]
[4.26798525],[1.07796141],[3.34880998]
[4.2498924],[1.04485939],[3.26553594]
[4.23506664],[1.01354151],[3.18642295]
[4.22644157],[0.9866658],[3.10898498]
[4.21298312],[0.97225616],[3.0406918]
[4.19236359],[0.96150057],[2.96962178]
[4.17537524],[0.95644309],[2.90753786]
[4.14940699],[0.95191912],[2.83904837]
[4.11023529],[0.94626802],[2.7681362]
[4.0821457],[0.93991899],[2.71377359]
[4.04989862],[0.93376856],[2.65912]
[7.45577848],[2.16099129],[9.51573325]
[5.65526653],[1.89282709],[5.78560233]
[3.90260837],[1.53932576],[3.19588813]
[2.63666858],[1.13505424],[1.55771448]
[2.14181882],[0.58114065],[1.20922762]
[2.59324261],[0.83882087],[1.65049954]
[2.6449891],[0.93359098],[1.85991401]
[2.67990329],[0.99264192],[1.98294937]
[3.02732433],[1.06059875],[2.36556791]
[3.21021787],[1.16618179],[2.68954322]
[3.29364939],[1.21380442],[2.95732631]
[3.36840995],[1.22882654],[3.13464549]
[3.42323106],[1.25544081],[3.25253147]
[3.65386351],[1.28044727],[3.37665004]
[3.72645203],[1.30164444],[3.48353007]
[3.85612244],[1.30516574],[3.59371468]
[3.92979061],[1.30920211],[3.67393613]
[3.98853592],[1.31182938],[3.74993032]
[4.03636347],[1.31538458],[3.77150771]
[4.08304927],[1.31805993],[3.84610043]
[4.15636388],[1.32467303],[3.8824981]
[4.2012624],[1.33487629],[3.94990294]
[4.29104404],[1.34547647],[4.01322005]
[4.33116082],[1.35172972],[4.07564727]
[4.37080202],[1.35887061],[4.13133708]
[4.38677646],[1.36566257],[4.17760916]
[4.41621338],[1.37158579],[4.22408728]
[4.44379557],[1.37727894],[4.28133575]
[4.47296201],[1.38139527],[4.31022598]
[4.50569159],[1.38145012],[4.36084879]
[4.53422157],[1.37792348],[4.39244634]
[4.56850869],[1.36976768],[4.42188033]
[4.62084497],[1.34953541],[4.4528329]
[4.63880865],[1.3462354],[4.44657768]
[4.67371505],[1.33301519],[4.42816619]
[4.68721858],[1.31886024],[4.36996248]
[4.680731],[1.30471271],[4.31990728]
[4.67347607],[1.28943605],[4.24579946]
[4.65193458],[1.27455793],[4.18701622]
[4.64812282],[1.25790136],[4.14104821]
[4.6455799],[1.23726639],[4.09853718]
[4.64781767],[1.22449047],[4.0419004]
[4.63149278],[1.20076304],[3.94749175]
[4.59832352],[1.17430108],[3.83520592]
[4.56360467],[1.14545275],[3.70350836]
[4.51230276],[1.11343859],[3.56404335]
[4.46088879],[1.08305451],[3.45051752]
[4.36726229],[1.05106059],[3.34351731]
[4.30720968],[1.01586156],[3.24775739]
[4.27967792],[0.98805217],[3.15255293]
[4.26810506],[0.97171539],[3.07626914]
[4.25097305],[0.96155216],[3.00009257]
[4.21408459],[0.95434069],[2.90710246]
[4.16700804],[0.94716057],[2.82321394]
[4.11677975],[0.94064388],[2.74943063]
[7.64069782],[2.15188931],[9.09538989]
[5.76872929],[1.90104344],[5.48724246]
[4.05970223],[1.43824218],[2.87165479]
[2.63153543],[0.98703817],[1.36099095]
[2.16633759],[0.52150681],[1.19791054]
[2.58703925],[0.85990395],[1.67133496]
[2.65990192],[0.95730441],[1.90446318]
[2.81184447],[1.02527544],[2.08874532]
[3.08794482],[1.14111974],[2.53450558]
[3.25613492],[1.23733962],[2.84203126]
[3.33641615],[1.29809902],[3.15518207]
[3.55049228],[1.31584442],[3.39617526]
[3.66055122],[1.33701503],[3.54903749]
[3.82353417],[1.35610345],[3.67762451]
[3.89555618],[1.3725693],[3.78112287]
[3.96694847],[1.3771814],[3.90211424]
[4.08670047],[1.38152811],[4.00473614]
[4.18614675],[1.38431805],[4.09298455]
[4.27991187],[1.38879987],[4.15404239]
[4.33179665],[1.39255668],[4.22339629]
[4.40297121],[1.39759901],[4.29858517]
[4.44922598],[1.40749202],[4.38565523]
[4.49122394],[1.41827913],[4.4547621]
[4.53259839],[1.42552955],[4.5434996]
[4.55587224],[1.43330555],[4.6235506]
[4.58475077],[1.43737667],[4.70567987]
[4.59982118],[1.44025676],[4.77258355]
[4.63403012],[1.44367461],[4.82954872]
[4.65021529],[1.44598624],[4.87638306]
[4.70449473],[1.44570007],[4.92080126]
[4.69396273],[1.43897981],[4.95111681]
[4.7776017],[1.42981689],[4.9782684]
[4.79953658],[1.42008697],[5.00421695]
[4.87021979],[1.41346498],[5.00849774]
[4.86905208],[1.40442464],[4.97718437]
[4.94904324],[1.39277163],[4.93475594]
[4.9083946],[1.38073563],[4.87273267]
[4.94406609],[1.36794948],[4.80763984]
[4.88896583],[1.35471256],[4.72678594]
[4.88196476],[1.34040231],[4.66650908]
[4.87623928],[1.32186365],[4.60508544]
[4.87386553],[1.28968156],[4.53141134]
[4.86038492],[1.26576886],[4.41993079]
[4.81692253],[1.23936368],[4.28857771]
[4.77499005],[1.21104995],[4.1146776]
[4.75017134],[1.17921531],[3.95577731]
[4.72606652],[1.14990134],[3.82255933]
[4.69080522],[1.11983061],[3.68772886]
[4.62103872],[1.08627305],[3.54991233]
[4.5072039],[1.05208598],[3.41547729]
[4.37040479],[1.01782364],[3.29842057]
[4.32796677],[0.99199498],[3.20097377]
[4.31228838],[0.97875439],[3.11099441]
[4.29262229],[0.96873895],[3.02900418]
[4.2518016],[0.9589061],[2.94000515]
[7.94880686],[2.19498056],[9.48177213]
[6.08272205],[1.92667547],[5.69190083]
[4.40522266],[1.43981329],[3.03224132]
[2.89838269],[0.97883839],[1.43587523]
[2.20408871],[0.54481604],[1.27388602]
[2.6141194],[0.8849915],[1.71858117]
[2.693163],[0.98309585],[1.96476036]
[2.92904061],[1.11063829],[2.3384433]
[3.17860387],[1.25513384],[2.81417789]
[3.38367784],[1.33527996],[3.16064682]
[3.50238088],[1.39269174],[3.47495467]
[3.7364922],[1.40650866],[3.73739962]
[3.83999769],[1.42517879],[3.91851326]
[3.94814414],[1.44241193],[4.05449442]
[4.04073011],[1.45492506],[4.1805392]
[4.13245476],[1.45907568],[4.35467314]
[4.33310119],[1.46282268],[4.53347153]
[4.44405944],[1.46603483],[4.6640933]
[4.50073665],[1.47108062],[4.75634474]
[4.54957233],[1.47643736],[4.84207314]
[4.58615177],[1.48206254],[4.93362955]
[4.63046193],[1.48898751],[5.00674201]
[4.65291364],[1.49507902],[5.09376638]
[4.72833339],[1.50029508],[5.18152739]
[4.7166147],[1.50538361],[5.26450603]
[4.80388253],[1.50722737],[5.35450668]
[4.77819908],[1.51005386],[5.45685943]
[4.87965951],[1.51321738],[5.55257573]
[4.84909278],[1.51555612],[5.62184878]
[4.95631549],[1.51584322],[5.68361736]
[4.91332361],[1.50923973],[5.72293134]
[5.07918872],[1.49815409],[5.78206363]
[5.07021499],[1.48570936],[5.78784108]
[5.21391969],[1.47785795],[5.83696521]
[5.20557326],[1.46947997],[5.78502662]
[5.32508316],[1.46007135],[5.77676691]
[5.33057449],[1.45179112],[5.67251651]
[5.35980782],[1.44410938],[5.60706609]
[5.283924],[1.43408847],[5.46980564]
[5.24681009],[1.42148321],[5.37890205]
[5.22829086],[1.40206203],[5.28733217]
[5.21510697],[1.37281569],[5.18585129]
[5.17828857],[1.33686218],[5.05031072]
[5.09208347],[1.31070987],[4.88989598]
[5.03554337],[1.28373941],[4.71701264]
[4.99090486],[1.25232243],[4.49628739]
[4.95147591],[1.22322786],[4.29581997]
[4.91311572],[1.19397674],[4.11953792]
[4.86294219],[1.16248769],[3.96497661]
[4.80973275],[1.13051972],[3.80293982]
[4.74523552],[1.09870718],[3.65779787]
[4.65544319],[1.06584849],[3.53026187]
[4.5202923],[1.02925066],[3.39419443]
[4.41786916],[0.99913732],[3.28543026]
[4.39096613],[0.98372786],[3.19407258]
[8.09383186],[2.24105823],[9.96926836]
[6.27706651],[1.97051392],[5.95269029]
[4.49179949],[1.51299281],[3.17660652]
[3.03412321],[0.98847214],[1.48048597]
[2.25054103],[0.58235513],[1.34721143]
[2.65966227],[0.9175371],[1.78606868]
[2.86050719],[1.02945596],[2.12098387]
[3.05872245],[1.21862274],[2.6869187]
[3.27928743],[1.35082954],[3.14184072]
[3.56460053],[1.42372061],[3.49077033]
[3.70871303],[1.47562938],[3.81999913]
[3.87207083],[1.48856605],[4.12614716]
[3.97372675],[1.50347636],[4.34939099]
[4.10813739],[1.516165],[4.57364938]
[4.28909199],[1.52857988],[4.75819296]
[4.42237888],[1.53356251],[4.97495891]
[4.54161321],[1.5389558],[5.20708775]
[4.62351984],[1.54231461],[5.37069326]
[4.65427453],[1.54643677],[5.50121645]
[4.74074328],[1.55054863],[5.59136775]
[4.7417805],[1.55484726],[5.74483686]
[4.8615542],[1.56158914],[5.82415012]
[4.84754166],[1.56833204],[5.98153149]
[5.00748866],[1.5791468],[6.07077004]
[4.94283757],[1.59097027],[6.23369594]
[5.14788533],[1.60105102],[6.33960086]
[5.06073288],[1.61211838],[6.49498527]
[5.25721015],[1.60976925],[6.62011607]
[5.21482271],[1.60702553],[6.73960935]
[5.38382301],[1.60359955],[6.81838339]
[5.38230029],[1.60029338],[6.90250279]
[5.51719092],[1.59288331],[6.92046503]
[5.60810448],[1.57012634],[6.97930255]
[5.67091879],[1.54782687],[6.98208084]
[5.78918109],[1.53593922],[6.97999123]
[5.83992704],[1.52306537],[6.9088073]
[5.97558348],[1.51131122],[6.84904181]
[5.97367419],[1.50246877],[6.68781056]
[5.93381749],[1.49242808],[6.52270464]
[5.80300491],[1.48273448],[6.32818166]
[5.74853254],[1.46573823],[6.18650908]
[5.70093549],[1.43847409],[6.0508037]
[5.64051246],[1.4060345],[5.88486978]
[5.52633412],[1.37807521],[5.68457803]
[5.43362006],[1.35090193],[5.44801959]
[5.35266428],[1.31992321],[5.1470646]
[5.28899917],[1.29059487],[4.87631818]
[5.21823967],[1.26086591],[4.64477195]
[5.14804143],[1.22842635],[4.42874701]
[5.07366994],[1.19672372],[4.21095176]
[4.98695812],[1.16591341],[4.0479487]
[4.94310397],[1.13407424],[3.90286954]
[4.88224908],[1.09853365],[3.74743011]
[4.80275714],[1.0655288],[3.61569979]
[4.67404417],[1.03235851],[3.47728779]
[8.19558371],[2.26770225],[10.31887298]
[6.43553513],[1.99027092],[6.12855125]
[4.67253009],[1.5411748],[3.29050023]
[3.2210819],[0.99599218],[1.5582419]
[2.28455306],[0.59796302],[1.43064962]
[2.68567335],[0.94389493],[1.83659349]
[2.9706282],[1.09985841],[2.30673914]
[3.17111992],[1.29517312],[2.97455996]
[3.3794186],[1.4220274],[3.43641058]
[3.68415638],[1.48894517],[3.76156873]
[3.83238866],[1.53447609],[4.13257928]
[3.96327043],[1.54594495],[4.50287193]
[4.12842603],[1.56381671],[4.83540211]
[4.30765391],[1.57995665],[5.11697852]
[4.45040755],[1.5945525],[5.40368548]
[4.561407],[1.60094991],[5.61428476]
[4.64503976],[1.65303061],[5.9529336]
[4.76820186],[1.67299973],[6.14244493]
[4.78200312],[1.68539785],[6.34476881]
[4.90457445],[1.69526673],[6.43154397]
[4.8855465],[1.70723519],[6.61218712]
[5.09395278],[1.71843327],[6.72732585]
[5.05851309],[1.73090892],[6.88585696]
[5.26596399],[1.74143671],[7.03803283]
[5.2548594],[1.75431838],[7.21872921]
[5.40624955],[1.76635383],[7.39294445]
[5.41456872],[1.77685989],[7.59765384]
[5.53606457],[1.77881361],[7.75997829]
[5.58328957],[1.7727944],[7.95662062]
[5.68043789],[1.7820466],[8.04470926]
[5.76852635],[1.76417926],[8.20243716]
[5.85699948],[1.78248913],[8.21955893]
[5.98587973],[1.76434408],[8.34377241]
[6.05174022],[1.73682952],[8.3487691]
[6.15671563],[1.70083292],[8.36401523]
[6.25969983],[1.66199556],[8.30802451]
[6.33724561],[1.6304766],[8.23650975]
[6.46947758],[1.59541809],[8.10312852]
[6.44480582],[1.5574999],[7.8887582]
[6.41858489],[1.5389236],[7.65688254]
[6.3040824],[1.52110767],[7.41235744]
[6.22665479],[1.50123222],[7.18495361]
[6.12482352],[1.47228642],[6.9446161]
[5.90703201],[1.44310064],[6.63407653]
[5.75972487],[1.41307718],[6.28699407]
[5.64187907],[1.38213237],[5.91379415]
[5.55250246],[1.35357342],[5.59342417]
[5.47575309],[1.32438983],[5.24716454]
[5.42704088],[1.29273356],[4.96805006]
[5.33932695],[1.26012346],[4.70507216]
[5.2008837],[1.22853586],[4.46248978]
[5.11493053],[1.19808368],[4.25506116]
[5.0355303],[1.16421636],[4.08171319]
[4.98976893],[1.1318871],[3.92921124]
[4.91007316],[1.09950995],[3.78455866]
[8.35043968],[2.26768675],[10.17145719]
[6.50950082],[1.97910263],[5.97352804]
[4.7597007],[1.4506427],[3.19932642]
[3.30461716],[0.94723667],[1.53904228]
[2.34894142],[0.64061662],[1.53981481]
[2.80754333],[0.97279152],[1.92895585]
[3.08618291],[1.17173742],[2.54853994]
[3.31468511],[1.34910746],[3.20569324]
[3.50832086],[1.46942589],[3.65824069]
[3.79113707],[1.53510603],[4.01315646]
[3.95224115],[1.58077829],[4.45746202]
[4.10393446],[1.59646827],[4.86274917]
[4.31393176],[1.61644808],[5.32865164]
[4.47916737],[1.63339905],[5.65457569]
[4.57835268],[1.65688095],[5.97319542]
[4.68007335],[1.70751643],[6.22223915]
[4.75198419],[1.75773114],[6.54389982]
[4.94398053],[1.77329827],[6.75576324]
[4.92635571],[1.79058371],[6.99953675]
[5.13982258],[1.80313631],[7.14158031]
[5.12262923],[1.81816184],[7.32420447]
[5.30773138],[1.83207884],[7.50496442]
[5.36752067],[1.84742722],[7.7255813]
[5.52650814],[1.86044531],[7.92672102]
[5.60002212],[1.8758753],[8.19152666]
[5.68185485],[1.88924918],[8.3605759]
[5.77598339],[1.89969961],[8.64428996]
[5.86045913],[1.90110532],[8.82144869]
[5.96327787],[1.9033928],[9.13241538]
[6.05557546],[1.90268077],[9.28552726]
[6.12785356],[1.90028948],[9.49453531]
[6.26100298],[1.9001747],[9.57370107]
[6.33870241],[1.89013646],[9.68440692]
[6.46962779],[1.87182789],[9.7602484]
[6.52428588],[1.84128218],[9.72966343]
[6.6872258],[1.81196688],[9.73924708]
[6.73871338],[1.78647244],[9.62013109]
[6.85487748],[1.75716167],[9.51747929]
[6.89781652],[1.72400474],[9.26999215]
[6.89390153],[1.69225439],[9.03293887]
[6.83449602],[1.65776976],[8.72574381]
[6.77865942],[1.62155851],[8.44199027]
[6.70931422],[1.5811527],[8.11331581]
[6.53236918],[1.50622088],[7.7345901]
[6.28026973],[1.46647026],[7.28686597]
[6.02144748],[1.43147812],[6.73270124]
[5.83409801],[1.4005325],[6.23466392]
[5.73522936],[1.3718461],[5.77998348]
[5.6572487],[1.34110817],[5.43216735]
[5.57325567],[1.30908582],[5.1055052]
[5.48278347],[1.27747432],[4.85439972]
[5.36854363],[1.24486011],[4.60839092]
[5.22169878],[1.21047935],[4.35747002]
[5.13507287],[1.17818642],[4.18679705]
[5.05106409],[1.14332804],[4.0456117]
[8.72877203],[2.28921263],[10.56090347]
[6.65867666],[1.99406851],[6.19061684]
[5.00334988],[1.47242035],[3.38031619]
[3.49020196],[0.96476514],[1.6685238]
[2.41894398],[0.67882813],[1.70361336]
[2.98127589],[1.00848601],[2.07626321]
[3.20416863],[1.25090678],[2.80901454]
[3.45151501],[1.40130134],[3.47408139]
[3.66587253],[1.514639],[3.95831206]
[3.89376883],[1.58134108],[4.31631391]
[4.10827085],[1.63062923],[4.87872694]
[4.26935395],[1.64477522],[5.29886484]
[4.46624982],[1.66265076],[5.86840192]
[4.60735682],[1.69411528],[6.25354223]
[4.68292924],[1.74931598],[6.57611159]
[4.8406568],[1.79496067],[6.81068793]
[4.89214477],[1.84006169],[7.12983478]
[5.16443041],[1.85479966],[7.41596938]
[5.17933079],[1.87188578],[7.68002762]
[5.34502179],[1.88430713],[7.90302265]
[5.4076718],[1.89929342],[8.15018253]
[5.56246152],[1.91370496],[8.37246978]
[5.69900677],[1.92959609],[8.67851484]
[5.85889999],[1.94308675],[8.90153598]
[5.98698882],[1.95933519],[9.27154217]
[6.09247204],[1.97340658],[9.49518065]
[6.15096201],[1.98471636],[9.81815486]
[6.29158289],[1.98989683],[10.08762854]
[6.33131097],[1.99462913],[10.40426622]
[6.49463113],[1.99939848],[10.68918503]
[6.52052484],[2.00277433],[10.88385543]
[6.71767612],[2.00045076],[11.08381822]
[6.77721244],[1.98489213],[11.16000644]
[6.88112135],[1.97032251],[11.2646051]
[6.94774703],[1.94547224],[11.27456477]
[7.02780359],[1.92522654],[11.27066202]
[7.13405473],[1.90313044],[11.2081721]
[7.19331366],[1.87823751],[11.04753694]
[7.33748733],[1.8508213],[10.8871195]
[7.35652006],[1.82429469],[10.57362788]
[7.34178871],[1.7944675],[10.28451178]
[7.24174973],[1.76346828],[9.92407798]
[7.18531139],[1.72842179],[9.54541437]
[7.07674325],[1.65938418],[9.11881312]
[6.87665475],[1.56051062],[8.60759512]
[6.65225893],[1.48460804],[7.93437561]
[6.40566339],[1.45180002],[7.31188724]
[6.15804099],[1.41903106],[6.71405466]
[5.933567],[1.38865355],[6.01040568]
[5.83442404],[1.35811503],[5.63579128]
[5.72381007],[1.32805693],[5.31619772]
[5.6044436],[1.29809277],[5.05400107]
[5.50290796],[1.26330512],[4.80269764]
[5.37101322],[1.23067669],[4.56166072]
[5.18988379],[1.19278092],[4.34725604]
[8.81765991],[2.32376983],[10.96909743]
[6.707959],[2.03115385],[6.41762976]
[5.05458818],[1.5236411],[3.5158487]
[3.53490495],[0.99183956],[1.73375313]
[2.49260053],[0.72551741],[1.84722196]
[3.17783199],[1.07452652],[2.25596174]
[3.32812293],[1.30128891],[3.03154344]
[3.59814633],[1.44339458],[3.68048714]
[3.78569464],[1.55748589],[4.24592562]
[4.01947557],[1.63041993],[4.66805146]
[4.26361755],[1.67191274],[5.28071428]
[4.42281499],[1.68557158],[5.77537576]
[4.57594389],[1.74612878],[6.43052026]
[4.73033195],[1.79148094],[6.79794165]
[4.80959229],[1.8448515],[7.16703519]
[5.02274031],[1.88622772],[7.46858537]
[5.08751839],[1.92529406],[7.78073977]
[5.33845594],[1.94142173],[8.178131]
[5.44884443],[1.95907954],[8.53438657]
[5.59348226],[1.97238387],[8.85608142]
[5.72340092],[1.98787126],[9.19529056]
[5.88836155],[2.00208519],[9.44322318]
[6.06513022],[2.01756928],[9.85354495]
[6.25843114],[2.03003578],[10.1431408]
[6.35837197],[2.04428141],[10.51891005]
[6.53121157],[2.05743146],[10.84325951]
[6.55082515],[2.06707452],[11.14055126]
[6.75461682],[2.07519256],[11.54896288]
[6.80027064],[2.08359123],[11.83138751]
[6.92047326],[2.0908864],[12.14129904]
[7.02508216],[2.09879343],[12.38437254]
[7.06969697],[2.09768856],[12.56133224]
[7.23177356],[2.07546428],[12.74383475]
[7.27296326],[2.06652636],[12.79098274]
[7.41005234],[2.04666734],[12.93990955]
[7.4573321],[2.0311136],[12.91933799]
[7.58719064],[2.0101807],[12.94979336]
[7.64112864],[1.99278685],[12.81126444]
[7.73954816],[1.97398493],[12.66150646]
[7.8022332],[1.95257101],[12.42322787]
[7.81688897],[1.92824245],[12.12536418]
[7.76632521],[1.90329098],[11.76598002]
[7.69805387],[1.87542514],[11.34560853]
[7.60581684],[1.81645113],[10.88603702]
[7.41410456],[1.7354526],[10.32500906]
[7.21186339],[1.64051831],[9.53021038]
[7.01086164],[1.53340122],[8.66626886]
[6.79666867],[1.47260379],[7.90072911]
[6.54451406],[1.43915436],[7.1139245]
[6.29290886],[1.40412706],[6.27002623]
[5.99214604],[1.37415259],[5.82153328]
[5.84264499],[1.34344921],[5.50367964]
[5.70907239],[1.30925495],[5.20688006]
[5.62382041],[1.27532329],[4.96221228]
[5.41935504],[1.23310019],[4.69729111]
[8.87179882],[2.38827733],[11.34850486]
[6.7499968],[2.06580518],[6.61851383]
[5.14496974],[1.54834103],[3.65781618]
[3.61117663],[1.01006124],[1.82348515]
[2.52956533],[0.74670462],[1.9515406]
[3.31957134],[1.13075653],[2.42032453]
[3.42696587],[1.34587118],[3.21369906]
[3.70826626],[1.48267288],[3.88603391]
[3.90579224],[1.60280063],[4.52440399]
[4.13297945],[1.67082162],[4.99707657]
[4.40703773],[1.71070326],[5.68126271]
[4.54360231],[1.72288314],[6.25725425]
[4.66251418],[1.82367669],[6.90288556]
[4.86967714],[1.86935509],[7.34034966]
[4.93564894],[1.92083329],[7.75115002]
[5.19685039],[1.95865208],[8.13468428]
[5.27128894],[1.99618261],[8.48590069]
[5.49225861],[2.01394206],[8.92858403]
[5.67609947],[2.0317426],[9.43226125]
[5.83839282],[2.04523958],[9.83046064]
[6.04365189],[2.06134794],[10.29113873]
[6.21264447],[2.07435501],[10.64178598]
[6.34966572],[2.08837202],[11.03309256]
[6.63145467],[2.1001985],[11.46679949]
[6.75139494],[2.11458619],[11.82360391]
[6.90582395],[2.13004422],[12.20529577]
[6.97223013],[2.14319365],[12.54574775]
[7.1073338],[2.15318789],[12.90782233]
[7.32646009],[2.16265922],[13.3127804]
[7.46937244],[2.17004005],[13.66625439]
[7.58488118],[2.17742108],[14.03563154]
[7.62285401],[2.17763807],[14.23772598]
[7.69868477],[2.16016292],[14.46073816]
[7.75948948],[2.14959521],[14.55296719]
[7.80411589],[2.13298032],[14.60952839]
[7.91366712],[2.11840204],[14.64627369]
[7.96742614],[2.10038518],[14.59507817]
[8.14302968],[2.08469133],[14.61877353]
[8.1829851],[2.06824773],[14.43349167]
[8.28703524],[2.05118941],[14.32520292]
[8.3593295],[2.03105019],[14.00194103]
[8.36495367],[2.00860184],[13.67680099]
[8.24499361],[1.98507139],[13.16677587]
[8.15729976],[1.9348021],[12.69665345]
[7.95353072],[1.86622865],[12.15887228]
[7.73924235],[1.78827826],[11.47051]
[7.5787077],[1.70524902],[10.52746868]
[7.35725423],[1.60087456],[9.46869211]
[7.14006864],[1.49414408],[8.52667774]
[6.92657436],[1.45671338],[7.54811368]
[6.67523193],[1.42251893],[6.63845722]
[6.19144832],[1.38963047],[6.03569161]
[5.93685309],[1.35593372],[5.67049012]
[5.8018307],[1.32218955],[5.3664366]
[5.61858605],[1.27861436],[5.09646362]
[8.90907528],[2.4042015],[11.29727959]
[6.7432996],[2.05453446],[6.48356722]
[5.15536314],[1.47931215],[3.60817739]
[3.65201739],[0.98263365],[1.833348]
[2.54306415],[0.79789029],[2.1026766]
[3.46213207],[1.19123034],[2.61877365]
[3.5475676],[1.39372798],[3.41466851]
[3.81507656],[1.52877324],[4.13516373]
[4.04508677],[1.64918659],[4.81870478]
[4.26174849],[1.71020376],[5.32683794]
[4.52676764],[1.74806152],[6.08749884]
[4.68686487],[1.79649715],[6.74000015]
[4.77865111],[1.89663193],[7.38145968]
[5.04273507],[1.94157778],[7.88378453]
[5.13383947],[1.99214716],[8.36559833]
[5.32957391],[2.02973535],[8.79644958]
[5.46738736],[2.06494927],[9.2519372]
[5.65375269],[2.08270703],[9.70354532]
[5.97807616],[2.0996347],[10.41602661]
[6.24002729],[2.1114847],[10.95766413]
[6.45173122],[2.12553301],[11.47021465]
[6.69814457],[2.13827237],[11.97859102]
[6.81528614],[2.15417118],[12.35557106]
[6.97198289],[2.16847428],[12.80227893]
[7.15787849],[2.18517374],[13.22255762]
[7.29283148],[2.2003723],[13.62398413]
[7.51865334],[2.21267266],[14.11055937]
[7.64852549],[2.22239775],[14.50417686]
[7.78387129],[2.23120817],[14.94557581]
[7.92592447],[2.23784127],[15.32639063]
[7.97771449],[2.24711844],[15.65587768]
[8.16189198],[2.25723786],[16.0025907]
[8.23916915],[2.26469788],[16.22079033]
[8.36371092],[2.27000529],[16.50255859]
[8.40827715],[2.28659602],[16.54183371]
[8.47488839],[2.23942099],[16.62378953]
[8.51377336],[2.19126122],[16.55215327]
[8.54243502],[2.16435073],[16.46462071]
[8.59265596],[2.14979548],[16.3241858]
[8.63423668],[2.13364888],[16.10180184]
[8.76483234],[2.11683047],[15.9179996]
[8.78435679],[2.09900542],[15.49781851]
[8.77602492],[2.07774168],[15.07206307]
[8.66804157],[2.0326482],[14.56050573]
[8.54013131],[1.97263307],[14.03920616]
[8.33312318],[1.90504964],[13.37353942]
[8.08505491],[1.83405725],[12.50699002]
[7.88772611],[1.75334515],[11.49018047]
[7.71698798],[1.66117924],[10.2884938]
[7.47756391],[1.54058893],[9.09705115]
[7.26679092],[1.47472234],[7.93982179]
[7.04367472],[1.43975075],[7.01952103]
[6.40498134],[1.40292907],[6.2264159]
[6.01971627],[1.36760886],[5.82881055]
[5.78832431],[1.32447637],[5.49152122]
[9.17865242],[2.44732874],[11.81370154]
[6.85578113],[2.09184881],[6.78873289]
[5.21847221],[1.53255101],[3.80674897]
[3.70270739],[1.02027413],[1.97647773]
[2.57395971],[0.83671759],[2.29552299]
[3.48568824],[1.25635594],[2.89254324]
[3.70117469],[1.44319363],[3.68256543]
[3.94207815],[1.57698886],[4.43839238]
[4.18065326],[1.68722515],[5.16399917]
[4.42764871],[1.74538489],[5.70778937]
[4.63534823],[1.79508542],[6.55916997]
[4.84261741],[1.8694208],[7.2196767]
[4.9160883],[1.96491679],[7.91039872]
[5.21173113],[2.01077611],[8.48685808]
[5.29599382],[2.06029592],[9.03778753]
[5.48454767],[2.09559402],[9.49045478]
[5.65727568],[2.12886242],[10.01319875]
[5.93900471],[2.14403609],[10.65457437]
[6.2549439],[2.16016081],[11.40148618]
[6.6295955],[2.17281677],[12.14637403]
[6.83463026],[2.18884455],[12.72163426]
[7.01190281],[2.20297905],[13.24383854]
[7.2006329],[2.21808724],[13.71150783]
[7.37778785],[2.23082243],[14.16176175]
[7.61317701],[2.24569282],[14.7640379]
[7.74103748],[2.25909992],[15.19692602]
[7.85805573],[2.27711014],[15.63962269]
[8.06220383],[2.29550454],[16.10823927]
[8.22200698],[2.32149252],[16.52926754]
[8.49902493],[2.34900373],[17.13582975]
[8.58259648],[2.38172727],[17.47894003]
[8.65297722],[2.41768808],[17.89790025]
[8.69984119],[2.4512162],[18.15482176]
[8.72492726],[2.46036281],[18.37143715]
[8.86226022],[2.47246643],[18.51903963]
[8.91249658],[2.43697321],[18.5106607]
[9.10742085],[2.39730361],[18.59454557]
[9.1552932],[2.35524343],[18.46293161]
[9.22926142],[2.31547668],[18.47462745]
[9.25262674],[2.27367412],[18.26968119]
[9.2846873],[2.23437019],[18.08301638]
[9.30900847],[2.19389269],[17.71238311]
[9.36128856],[2.15468078],[17.27372942]
[9.31340941],[2.11745508],[16.72657924]
[9.15657062],[2.07313227],[16.13422535]
[8.87140712],[2.01688305],[15.4049775]
[8.67720041],[1.94229956],[14.54052475]
[8.51745175],[1.8733997],[13.58041039]
[8.26551709],[1.79872981],[12.51239557]
[8.05293074],[1.70773365],[11.12618159]
[7.87020481],[1.59632265],[9.91130231]
[7.65670588],[1.49566569],[8.57545183]
[7.29299296],[1.45697022],[7.3836]
[6.58723701],[1.41883224],[6.53004386]
[5.9798947],[1.38363541],[6.04540048]
[9.5566956],[2.49442891],[12.50276829]
[7.28956307],[2.13303633],[7.15972618]
[5.22474331],[1.60592824],[4.0057047]
[3.69816738],[1.06783072],[2.09548524]
[2.59917982],[0.88952308],[2.46835918]
[3.49942532],[1.30722889],[3.10781727]
[3.87465493],[1.48603422],[3.9768707]
[4.06362456],[1.62022281],[4.73683366]
[4.33780764],[1.72132794],[5.4970181]
[4.59041667],[1.7829513],[6.11654935]
[4.77437101],[1.84521228],[7.04130991]
[5.01343923],[1.94027971],[7.72441831]
[5.10581887],[2.03099708],[8.4323413]
[5.34651576],[2.07747671],[9.09577868]
[5.48486211],[2.12472602],[9.71984707]
[5.6385854],[2.15877045],[10.19667906]
[5.98230441],[2.18818461],[10.94716888]
[6.27087461],[2.20366572],[11.67891149]
[6.55528836],[2.22121254],[12.49286683]
[6.92429311],[2.23692515],[13.3350211]
[7.18530155],[2.2559396],[14.0398539]
[7.40027886],[2.27711163],[14.65397713]
[7.62063325],[2.30062324],[15.25260662]
[7.75208909],[2.31997686],[15.73670423]
[7.87849624],[2.34386509],[16.25521615]
[8.12090717],[2.36564246],[16.82085806]
[8.25971398],[2.38937265],[17.2510441]
[8.52865174],[2.4196322],[17.91482346]
[8.64886715],[2.46886799],[18.33538268]
[8.77515635],[2.50767766],[18.88469765]
[8.90063368],[2.54908938],[19.3071809]
[9.06602069],[2.57750536],[19.68702806]
[9.25782693],[2.59520608],[20.15324043]
[9.33152641],[2.61700419],[20.38465453]
[9.4212563],[2.62867317],[20.63611314]
[9.47610042],[2.60669001],[20.67022185]
[9.50605295],[2.56757505],[20.72368597]
[9.53815156],[2.52551459],[20.66189527]
[9.53730792],[2.49475731],[20.5508914]
[9.77116703],[2.46172924],[20.49185682]
[9.82425093],[2.42911028],[20.25397495]
[9.93507293],[2.39341574],[20.04783509]
[9.86360041],[2.35520974],[19.51062306]
[9.75458472],[2.31320582],[19.02025294]
[9.55568552],[2.27226708],[18.29168797]
[9.43650972],[2.22419451],[17.61327575]
[9.25669179],[2.12059669],[16.8377265]
[8.98064181],[1.99923886],[15.89449745]
[8.79939634],[1.92622231],[14.74670527]
[8.66615924],[1.8551434],[13.49069356]
[8.48326121],[1.77745218],[12.12617643]
[8.24676101],[1.68301982],[10.74858818]
[8.01381086],[1.55817249],[9.13518612]
[7.45884117],[1.47550857],[7.78068477]
[6.62743338],[1.44256153],[6.82035755]
[9.9498511],[2.59712114],[13.40246594]
[7.79167586],[2.17135424],[7.61081369]
[5.25323111],[1.66331272],[4.2088916]
[3.78464306],[1.11419788],[2.22589186]
[2.60688336],[0.92157833],[2.59579539]
[3.50340546],[1.35025665],[3.2910416]
[4.03487686],[1.52556504],[4.23213989]
[4.16595272],[1.65710418],[5.00980129]
[4.48823375],[1.74946351],[5.81368968]
[4.73917539],[1.82618254],[6.53053787]
[4.89543504],[1.90957256],[7.45128558]
[5.21720223],[2.01570067],[8.2120972]
[5.33778501],[2.08791806],[8.99339487]
[5.51457415],[2.13647582],[9.69158883]
[5.71758496],[2.17825678],[10.33519016]
[5.90889667],[2.20838888],[10.97202191]
[6.22915222],[2.23748312],[11.80529429]
[6.60893124],[2.31041507],[12.72069106]
[6.89982554],[2.32743492],[13.59896112]
[7.16343607],[2.35922098],[14.43242673]
[7.56878284],[2.3776248],[15.38176557]
[7.76343228],[2.40292697],[16.12134694]
[7.88080467],[2.42513705],[16.72931462]
[8.09929857],[2.44649742],[17.31857286]
[8.25263455],[2.48978302],[17.81486829]
[8.54704715],[2.52135382],[18.59215213]
[8.65990891],[2.57059529],[19.0865551]
[8.78276087],[2.59141636],[19.64319744]
[8.92813899],[2.64350179],[20.15767347]
[9.22431868],[2.66129701],[20.74111467]
[9.41870005],[2.70283241],[21.35164982]
[9.54983105],[2.73664311],[21.802252]
[9.59424291],[2.77009955],[22.25891661]
[9.64094525],[2.79751236],[22.55191905]
[9.6624702],[2.81308638],[22.77798848]
[9.85862021],[2.81214501],[22.98052286]
[9.95184494],[2.78239254],[23.01321352]
[10.11029711],[2.73766025],[23.15222282]
[10.17472526],[2.70151548],[23.07187813]
[10.22520059],[2.66319016],[23.03017258]
[10.26775847],[2.62422302],[22.79944452]
[10.26128987],[2.58434498],[22.54351951]
[10.348731],[2.54222279],[22.08882555]
[10.23808354],[2.50202321],[21.58347332]
[10.15882133],[2.46780997],[20.93473665]
[10.04037538],[2.43340568],[20.13949836]
[9.93072624],[2.38015851],[19.34926971]
[9.68555472],[2.26893913],[18.35687618]
[9.35984882],[2.10763852],[17.11028236]
[9.06410419],[1.96363261],[15.806341]
[8.87664052],[1.89824809],[14.51512231]
[8.7688544],[1.8272846],[12.95502509]
[8.60568883],[1.73503185],[11.38839963]
[8.30130204],[1.63910583],[9.74977837]
[7.43735703],[1.53695776],[8.20273694]
[10.43586738],[2.63030821],[14.03394588]
[8.14033806],[2.17358414],[7.76070275]
[5.26782747],[1.63326819],[4.21297698]
[3.83631907],[1.11309727],[2.2892803]
[2.61339625],[0.97568395],[2.73049689]
[3.49940278],[1.39866447],[3.47116947]
[4.19443225],[1.56842198],[4.51950684]
[4.29813107],[1.69605208],[5.2964583]
[4.65522206],[1.78605245],[6.18664048]
[4.89603247],[1.86620703],[6.99858148]
[5.01659002],[1.98865714],[7.91563662]
[5.4249818],[2.08058107],[8.77514437]
[5.573733],[2.14136357],[9.61202082]
[5.68518871],[2.18891208],[10.28473822]
[6.02204686],[2.22707679],[11.09889692]
[6.27018367],[2.27545801],[11.90078069]
[6.52455878],[2.32649906],[12.75754341]
[6.92637668],[2.40880685],[13.80525645]
[7.18454904],[2.43054728],[14.70790036]
[7.52265682],[2.48279788],[15.67952121]
[7.84561017],[2.52277029],[16.73860734]
[8.11267855],[2.57677162],[17.60739912]
[8.26444507],[2.61132168],[18.27085468]
[8.55065051],[2.64708636],[19.03371439]
[8.6654381],[2.67778345],[19.56008178]
[8.80032795],[2.7033388],[20.21216234]
[8.97222583],[2.74072882],[20.79429604]
[9.25506563],[2.76160197],[21.41272073]
[9.44416831],[2.79891415],[22.1095257]
[9.61753632],[2.81873537],[22.71711583]
[9.72777915],[2.8663671],[23.29912385]
[9.91665076],[2.90488764],[23.86345835]
[10.00720205],[2.94771695],[24.32080871]
[10.19253439],[2.98343235],[24.91523587]
[10.27808505],[3.00850935],[25.22077762]
[10.35643892],[3.03255897],[25.49888419]
[10.40894148],[3.01186221],[25.59056047]
[10.42028278],[2.9705879],[25.64536402]
[10.52834228],[2.92987117],[25.56281554]
[10.59829316],[2.88506261],[25.45028553]
[10.721775],[2.84741361],[25.40587229]
[10.83294447],[2.79686762],[25.14166508]
[10.8975032],[2.74869896],[24.80392646]
[10.9394899],[2.70632527],[24.12972817]
[10.82555836],[2.66252106],[23.52486087]
[10.70867031],[2.61920483],[22.66672366]
[10.49028273],[2.57411141],[21.82068108]
[10.16691539],[2.49632097],[20.8743402]
[9.93167176],[2.39948264],[19.74653536]
[9.68924159],[2.19254355],[18.28491571]
[9.43529873],[1.9950661],[16.77832314]
[9.17060354],[1.93440668],[15.32069901]
[8.95259438],[1.86244711],[13.7046636]
[8.84657794],[1.79171794],[12.00293873]
[8.36387982],[1.70562974],[10.26794888]
[11.18152186],[2.67990157],[15.28599333]
[8.79185375],[2.21382978],[8.57936716]
[5.70951493],[1.697802],[4.43766091]
[4.04808098],[1.16403835],[2.49611146]
[2.63538718],[1.04787109],[2.92552011]
[3.51352966],[1.45158707],[3.7080542]
[4.28044221],[1.60964361],[4.83243072]
[4.54135283],[1.72562046],[5.65453652]
[4.82815038],[1.82317338],[6.63807525]
[5.08422667],[1.90178583],[7.49188955]
[5.32309278],[2.05687989],[8.44244546]
[5.63902317],[2.13101753],[9.35865434]
[5.82405337],[2.19377745],[10.25641098]
[5.97967818],[2.23518206],[10.99169522]
[6.31488436],[2.27695346],[11.99291118]
[6.64235559],[2.36310021],[12.91006553]
[6.87480291],[2.41839991],[13.83128776]
[7.16105302],[2.54332161],[14.83619805]
[7.54413128],[2.58413294],[15.97404476]
[7.84638587],[2.63452079],[17.01169165]
[8.06386366],[2.67053228],[17.96898708]
[8.51440159],[2.70481533],[19.03695342]
[8.66799111],[2.7398279],[19.80004432]
[8.80154643],[2.76543623],[20.53062033]
[8.95507408],[2.79654398],[21.152462]
[9.25540205],[2.81867108],[21.84908833]
[9.45832381],[2.8517502],[22.68553748]
[9.64173093],[2.88057582],[23.36681481]
[9.76491686],[2.92914125],[24.05621284]
[10.04062578],[2.97501609],[24.74437788]
[10.25090109],[3.02575417],[25.46963546]
[10.49580964],[3.0717376],[26.28317108]
[10.5914518],[3.1253721],[26.77264663]
[10.60304622],[3.17089825],[27.28122424]
[10.71521762],[3.21216553],[27.63571318]
[10.771519],[3.23468813],[27.94359438]
[10.83694919],[3.22377438],[28.31360273]
[10.94057578],[3.19239993],[28.44727904]
[11.05741299],[3.16046625],[28.60316714]
[11.14727284],[3.12581817],[28.51971858]
[11.18065856],[3.08798979],[28.4060994]
[11.32877842],[3.03746606],[28.18096799]
[11.39212357],[2.98682072],[27.88302403]
[11.49635059],[2.93872312],[27.44637693]
[11.61583647],[2.8907397],[26.70013961]
[11.48318238],[2.83881238],[25.79968021]
[11.31751],[2.79104923],[24.77499047]
[10.96605858],[2.72830531],[23.78806196]
[10.6330315],[2.64698921],[22.54917039]
[10.2168949],[2.49072499],[20.93860557]
[9.89107439],[2.31258301],[19.47280089]
[9.68865578],[2.05448791],[17.91891751]
[9.52691362],[1.96866602],[16.11351197]
[9.29868085],[1.90862093],[14.42626846]
[8.85954882],[1.84176867],[12.58026364]
[11.7795355],[2.72162238],[18.06357478]
[9.39270466],[2.25108693],[9.50259693]
[6.86730006],[1.79277959],[4.77168439]
[4.08374621],[1.2505793],[2.70327105]
[2.65640361],[1.12287654],[3.11302883]
[3.52814269],[1.49553636],[3.88594576]
[4.29214022],[1.64699334],[5.11509286]
[4.73595399],[1.75159089],[5.97420628]
[4.96729544],[1.86167504],[7.10930369]
[5.30031044],[1.99513004],[8.05043999]
[5.59433798],[2.11689609],[9.05132104]
[5.86216249],[2.18265281],[9.99526404]
[6.09132419],[2.24402114],[10.95707666]
[6.3109739],[2.29847925],[11.88889288]
[6.61746488],[2.37023277],[12.93969279]
[6.94830706],[2.46690402],[13.97857834]
[7.18136032],[2.57547484],[14.97802948]
[7.46925199],[2.65623134],[16.04752657]
[7.85771976],[2.69639617],[17.31197771]
[8.12594345],[2.7332307],[18.29136195]
[8.47262249],[2.76659915],[19.38404512]
[8.77433635],[2.8031398],[20.50752229]
[8.95683523],[2.84163894],[21.4710798]
[9.25837852],[2.87395486],[22.23652723]
[9.46797307],[2.90690803],[23.14412187]
[9.67689728],[2.93288307],[23.8131357]
[9.79967185],[2.98011218],[24.64567482]
[10.10458619],[3.02664928],[25.41629939]
[10.31116105],[3.08522629],[26.224823]
[10.57462732],[3.13550274],[27.18054656]
[10.71693449],[3.20037694],[27.92109416]
[10.87021543],[3.26406703],[28.65070344]
[11.06116527],[3.32725413],[29.29690094]
[11.19632367],[3.35986772],[29.87127881]
[11.30208742],[3.3913944],[30.48133782]
[11.38386016],[3.41269172],[30.87324564]
[11.38334719],[3.40116068],[31.14412911]
[11.47611204],[3.37010226],[31.39487121]
[11.51434233],[3.33336717],[31.66680084]
[11.63350805],[3.30376006],[31.91810239]
[11.76341401],[3.27783401],[32.00315867]
[11.86732124],[3.2425373],[31.9643394]
[12.03245849],[3.20515333],[31.86352698]
[12.13430695],[3.1681409],[31.55397823]
[12.26282887],[3.12973964],[31.11330878]
[12.41622981],[3.08001582],[30.22892888]
[12.27971603],[3.03164586],[28.96961746]
[12.1025813],[2.97556492],[27.62729586]
[11.62169592],[2.9074331],[26.09532172]
[11.03934503],[2.76876256],[24.20551137]
[10.60690501],[2.60726863],[22.51496299]
[10.22123304],[2.38535741],[20.64057329]
[9.8534293],[2.12348578],[18.86692148]
[9.76625826],[2.0198313],[17.12532491]
[9.4723329],[1.96283019],[15.23693027]
[12.47027728],[2.78608577],[21.37515511]
[9.98146718],[2.28107342],[10.51595236]
[8.04878513],[1.89008204],[5.42195388]
[4.23624149],[1.31790546],[2.88583961]
[2.65800539],[1.13635439],[3.21856266]
[3.53136449],[1.51289413],[3.97866399]
[4.29078087],[1.66444743],[5.2397162]
[4.8604468],[1.76561491],[6.15393698]
[5.04052645],[1.88370821],[7.37817993]
[5.41778038],[2.0471615],[8.37018314]
[5.75164705],[2.16279615],[9.43052948]
[6.02121182],[2.21709706],[10.41734352]
[6.24757153],[2.27869771],[11.43012691]
[6.51100178],[2.38538359],[12.50991529]
[6.82435682],[2.49681617],[13.67762842]
[7.11754652],[2.61140321],[14.80847413]
[7.39866745],[2.68937006],[16.01307568]
[7.73218871],[2.76134635],[17.1684064]
[8.00173299],[2.80534124],[18.37603116]
[8.40838799],[2.84005628],[19.5489579]
[8.69879026],[2.8809094],[20.85364458]
[8.92307766],[2.91718304],[21.83238984]
[9.34329867],[2.9568435],[23.15237838]
[9.60517222],[2.99060523],[23.97999505]
[9.75646438],[3.02752712],[24.94078825]
[9.91333549],[3.06776542],[25.68702899]
[10.14628332],[3.11794719],[26.52949785]
[10.52416637],[3.17247622],[27.59986143]
[10.692293],[3.27299549],[28.52757493]
[10.81929294],[3.34397209],[29.42476488]
[11.04740626],[3.41485963],[30.3394149]
[11.31427847],[3.4765294],[31.27701502]
[11.50547819],[3.53133478],[32.16290009]
[11.68082359],[3.55450129],[32.75348387]
[11.76327595],[3.57954904],[33.17714653]
[11.85171261],[3.60053994],[33.77591014]
[11.93267535],[3.59258294],[34.41237111]
[11.99325216],[3.57049861],[34.81674553]
[12.11529369],[3.53578704],[35.13320372]
[12.19840785],[3.49732556],[35.43058903]
[12.35627637],[3.46325474],[35.67424294]
[12.52386784],[3.42684529],[35.76399571]
[12.63677347],[3.38547193],[35.765476]
[12.79735505],[3.34586383],[35.71061615]
[12.90873375],[3.30649335],[35.50516262]
[13.03377858],[3.27122513],[34.96117773]
[13.18536383],[3.23705971],[34.20317611]
[13.07743671],[3.20205079],[32.90931016]
[12.86716941],[3.15384383],[31.43198196]
[12.25609047],[3.06608853],[29.60703135]
[11.87874158],[2.91002518],[27.13708832]
[11.11082546],[2.69846549],[24.26364948]
[10.60113636],[2.47835528],[22.19928265]
[10.31301877],[2.22303491],[19.88215998]
[9.87027853],[2.05994821],[17.84913693]
[12.99744701],[2.81090224],[25.30461835]
[10.37039562],[2.28476444],[11.59819373]
[8.60190674],[1.83829903],[5.91188934]
[4.31188901],[1.30721924],[2.95215039]
[2.65666829],[1.18019558],[3.31173461]
[3.52523762],[1.53501119],[4.06150897]
[4.28163028],[1.68390242],[5.38762956]
[4.98533481],[1.78091706],[6.36962996]
[5.17948868],[1.90487338],[7.66425118]
[5.54281784],[2.0957261],[8.69334154]
[5.89741909],[2.20439209],[9.8099556]
[6.19078266],[2.24697717],[10.83217937]
[6.41446671],[2.3166074],[11.92555917]
[6.70924538],[2.45113305],[13.06885911]
[6.9983858],[2.58859589],[14.30477784]
[7.29791395],[2.67629829],[15.48877279]
[7.62207608],[2.74750535],[16.7671668]
[7.90664861],[2.82367396],[17.94806421]
[8.15470986],[2.86820293],[19.19483316]
[8.64836518],[2.91368454],[20.50282183]
[8.89644719],[2.96281134],[21.85176255]
[9.2595675],[3.00142988],[22.94820729]
[9.60437798],[3.04378183],[24.35611066]
[9.80037913],[3.08587754],[25.24929565]
[9.9103974],[3.13145143],[26.20309447]
[10.32696173],[3.17951781],[27.20188645]
[10.51300116],[3.2729209],[28.17483015]
[10.70097762],[3.36498911],[29.24115144]
[10.86568515],[3.46475927],[30.29171663]
[11.07421265],[3.53891711],[31.21679235]
[11.31855676],[3.61216059],[32.50392046]
[11.55297729],[3.67315655],[33.43848751]
[11.71123255],[3.73532485],[34.19855094]
[11.92101358],[3.75448388],[34.88998592]
[12.06902171],[3.76544088],[35.58527266]
[12.1277664],[3.78596648],[36.4308499]
[12.24700434],[3.7876815],[37.04900769]
[12.36728864],[3.78778841],[37.65257935]
[12.51324748],[3.74580754],[38.21873524]
[12.62588661],[3.70396838],[38.58481282]
[12.78446992],[3.67130004],[38.922678]
[12.89287618],[3.63370093],[39.21633077]
[13.0289264],[3.59366707],[39.35865045]
[13.160133],[3.55351611],[39.32244675]
[13.32774793],[3.51294635],[39.17689555]
[13.42341192],[3.46954195],[38.87808458]
[13.57714707],[3.42694357],[38.2374733]
[13.68774501],[3.38739232],[37.44874258]
[13.5850183],[3.34804531],[36.23082938]
[13.39121578],[3.2810747],[34.66348875]
[13.25072664],[3.19171155],[32.9468754]
[13.08409191],[3.04944109],[30.52896583]
[12.44695431],[2.77962333],[26.38141135]
[10.89391054],[2.53967058],[23.11213095]
[10.47124435],[2.31378777],[20.63241128]
[13.56458677],[2.82540061],[28.94005472]
[10.94521713],[2.30330954],[16.01554658]
[9.13533524],[1.94757152],[6.91224856]
[4.47100584],[1.35491774],[3.18479907]
[2.67584673],[1.2173168],[3.50938784]
[3.53809238],[1.55828796],[4.2055963]
[4.28716563],[1.70446495],[5.54506679]
[5.014219],[1.79549482],[6.62972058]
[5.32400378],[1.95312542],[7.98493617]
[5.68241991],[2.14124364],[9.05471408]
[6.04323447],[2.24199174],[10.22106011]
[6.36922291],[2.28163558],[11.27013808]
[6.59138458],[2.36280647],[12.4455949]
[6.88041998],[2.55489878],[13.65987608]
[7.19585853],[2.65354822],[14.98013482]
[7.48510414],[2.73425154],[16.17857044]
[7.79522188],[2.81298143],[17.52993146]
[8.10639266],[2.87995404],[18.74639016]
[8.41436009],[2.9318994],[20.13039656]
[8.85281952],[2.9888427],[21.50332418]
[9.09455616],[3.03787781],[22.86019624]
[9.55528264],[3.07777639],[24.14897458]
[9.78715422],[3.12523692],[25.46349467]
[9.9755122],[3.17227415],[26.45357982]
[10.22579426],[3.26064759],[27.51550712]
[10.55968522],[3.34241828],[28.62664049]
[10.71317065],[3.42692695],[29.65604946]
[10.81732203],[3.51531047],[30.66367151]
[11.06683144],[3.61464129],[31.92085035]
[11.37476773],[3.69189248],[33.09572832]
[11.52735033],[3.76812718],[34.33577565]
[11.7549064],[3.83167447],[35.16995742]
[11.95342105],[3.89321027],[36.04162368]
[12.1454217],[3.91146611],[36.96152261]
[12.34785101],[3.91626769],[37.82125789]
[12.41866891],[3.9348113],[38.52153229]
[12.58662027],[3.95171067],[39.31837957]
[12.74726815],[3.96646059],[40.00414978]
[13.00235181],[3.92533053],[40.53932167]
[13.09140188],[3.88980302],[41.09940239]
[13.20868882],[3.85150997],[41.59598317]
[13.32469569],[3.80555449],[41.85077028]
[13.39008693],[3.76265846],[42.12233978]
[13.49936908],[3.71420152],[42.21309164]
[13.66384457],[3.67157363],[42.08163205]
[13.80076748],[3.62751762],[41.89774458]
[13.93471966],[3.58597202],[41.62755863]
[14.14847193],[3.54673156],[41.13343746]
[14.31217771],[3.50672607],[40.11352735]
[14.25172205],[3.4406978],[38.60143124]
[14.07123642],[3.35987513],[36.82114662]
[13.92662047],[3.25433966],[34.74266507]
[13.66889385],[3.05318621],[31.75431194]
[12.72862908],[2.76815698],[27.03385488]
[11.01199348],[2.49794821],[22.77128086]
[14.8679743],[2.83401087],[33.38698883]
[11.39548374],[2.4370848],[20.96080584]
[9.5622298],[2.03912828],[8.42427892]
[5.02186228],[1.42763543],[3.42646982]
[2.6949379],[1.26290859],[3.64935421]
[3.55193271],[1.57778742],[4.30257699]
[4.29301162],[1.72557832],[5.6887789]
[5.02059111],[1.81920352],[6.88249857]
[5.46835334],[2.02744458],[8.34729479]
[5.81950042],[2.19328574],[9.45231247]
[6.18228637],[2.28450068],[10.66366577]
[6.54435719],[2.3223745],[11.75737678]
[6.76158405],[2.40975543],[12.96968713]
[7.02058281],[2.62869933],[14.25437787]
[7.37936042],[2.71177758],[15.6798712]
[7.70116948],[2.79230846],[16.93759645]
[7.99005557],[2.87214674],[18.38015113]
[8.37237272],[2.93716343],[19.6586488]
[8.74021252],[3.01440463],[21.19839003]
[9.01718554],[3.05878038],[22.50863132]
[9.40941104],[3.11495913],[23.99346379]
[9.76662749],[3.16722521],[25.33339578]
[9.94198875],[3.25270668],[26.58609987]
[10.35633185],[3.33589642],[27.91186159]
[10.54880201],[3.42363251],[29.12091071]
[10.72946042],[3.50615712],[30.19955121]
[10.85735149],[3.58126335],[31.26802451]
[11.06461616],[3.66273515],[32.33033549]
[11.36536903],[3.75333816],[33.8396417]
[11.57607991],[3.81942029],[34.88229816]
[11.71426929],[3.89523787],[35.99739418]
[11.97435333],[3.93239369],[36.96443591]
[12.19934227],[3.99415764],[38.01674857]
[12.37681093],[4.02899404],[39.03906599]
[12.63164184],[4.06103567],[39.89698899]
[12.80267211],[4.08386259],[40.81356641]
[12.93878144],[4.10321822],[41.61772679]
[13.10845693],[4.11719709],[42.21989339]
[13.36917741],[4.08157978],[42.98497131]
[13.52577807],[4.04312224],[43.60931348]
[13.62224281],[4.00354471],[44.19055117]
[13.77017416],[3.96343716],[44.68828913]
[13.81763484],[3.92756124],[44.89938686]
[13.8893047],[3.88330642],[45.05794811]
[14.01283891],[3.8346527],[45.0664446]
[14.17066997],[3.78237649],[44.87431039]
[14.37948567],[3.73469883],[44.61724881]
[14.62270923],[3.68751825],[44.2480877]
[14.80361017],[3.64115011],[43.56513617]
[14.91864458],[3.58101519],[42.20144467]
[14.86532072],[3.51037923],[40.51592701]
[14.61471193],[3.41427644],[38.43279083]
[14.5159342],[3.23866138],[35.78428767]
[13.85602644],[3.0135029],[32.4442461]
[13.01090677],[2.70192477],[27.28081871]
[16.21562737],[3.08880674],[38.77505605]
[11.88567807],[2.64239281],[25.68583098]
[10.06381645],[2.09808443],[13.86816324]
[8.45888264],[1.49817096],[4.15186082]
[2.69844685],[1.2785383],[3.77010137]
[3.5564296],[1.591099],[4.38757031]
[4.29390772],[1.73766315],[5.78878859]
[5.01949064],[1.83560131],[7.07559268]
[5.59953887],[2.07618281],[8.65077215]
[5.93919297],[2.23123492],[9.78395221]
[6.29471824],[2.31813959],[11.02753395]
[6.66893242],[2.35696074],[12.20658396]
[6.9207762],[2.45806304],[13.4941653]
[7.16754752],[2.69437854],[14.85551092]
[7.55722319],[2.7788632],[16.42438117]
[7.91055767],[2.85723671],[17.74542065]
[8.23489694],[2.934209],[19.26775499]
[8.64590383],[2.99868485],[20.6802106]
[8.95468462],[3.08402073],[22.22352561]
[9.16751196],[3.14736597],[23.49573066]
[9.6503425],[3.23425322],[25.20041592]
[9.91108995],[3.32723736],[26.50324002]
[10.21021628],[3.41219296],[27.92238028]
[10.58324247],[3.49764264],[29.46557724]
[10.73063863],[3.58013308],[30.72373314]
[10.82712072],[3.66388605],[31.81502153]
[11.07023162],[3.7367381],[33.08450649]
[11.38369815],[3.79129797],[34.28109568]
[11.5412068],[3.87802315],[35.59250968]
[11.76522445],[3.91958037],[36.62188522]
[11.9481914],[3.99703144],[37.74639173]
[12.18336413],[4.04157731],[39.00541357]
[12.4366429],[4.12140671],[40.17254169]
[12.65796616],[4.18380062],[41.13743343]
[12.90784445],[4.22000138],[42.23901556]
[13.15616541],[4.2371251],[43.16410559]
[13.28991005],[4.25631789],[43.94152833]
[13.46864336],[4.27027062],[44.74798098]
[13.71517124],[4.24017391],[45.52220171]
[13.95041407],[4.200716],[46.18993499]
[14.05496389],[4.14735161],[46.77248294]
[14.18241026],[4.09864473],[47.30406906]
[14.29394481],[4.05228025],[47.73731556]
[14.30099957],[4.00925691],[47.85128809]
[14.44918811],[3.96947451],[48.01860086]
[14.6558988],[3.93092873],[47.96494626]
[14.83558463],[3.89439407],[47.77958418]
[15.03916756],[3.85420705],[47.42166206]
[15.25740098],[3.8109325],[46.98060447]
[15.38475672],[3.75679331],[46.0835978]
[15.46376392],[3.69284527],[44.54439037]
[15.34683945],[3.58273546],[42.55971667]
[15.13548341],[3.4188677],[39.95370688]
[14.74018886],[3.20322701],[36.90877123]
[14.00833532],[2.94626227],[33.14142644]
