meltWidth,meltDepth,meltArea
[1.56104773],[0.20655471],[0.2459396]
[1.71231863],[0.32916377],[0.3817613]
[1.75587366],[0.37656591],[0.44943306]
[1.82941304],[0.41410286],[0.5197046]
[1.87580001],[0.44427667],[0.57726505]
[1.97983026],[0.46672582],[0.64559205]
[2.03274117],[0.50538803],[0.71624497]
[2.1197887],[0.51899125],[0.77477666]
[2.12971658],[0.54161623],[0.81144353]
[2.15723122],[0.56500533],[0.85978761]
[2.15016621],[0.59652634],[0.90830656]
[2.19101007],[0.62168183],[0.9555021]
[2.17798709],[0.64187901],[0.97090562]
[2.23745493],[0.63954443],[1.00049583]
[2.20577203],[0.65281899],[1.00271424]
[2.27916061],[0.65268314],[1.02983743]
[2.23663146],[0.65044434],[1.01166581]
[2.30844501],[0.64667339],[1.03231474]
[2.25731951],[0.64995688],[1.01359514]
[2.31957037],[0.64569567],[1.03040004]
[2.26267637],[0.64759944],[1.01025018]
[2.33032143],[0.64864835],[1.03244842]
[2.27619897],[0.65695483],[1.0228582]
[2.3404763],[0.6581017],[1.04898686]
[2.28179756],[0.66287101],[1.03576174]
[2.34875892],[0.6639561],[1.06418665]
[2.28637566],[0.67309353],[1.0473101]
[2.35033861],[0.66866844],[1.07038524]
[2.28829421],[0.67788848],[1.05463858]
[2.35115008],[0.67477519],[1.07158202]
[2.31711726],[0.67908355],[1.07877214]
[2.34826734],[0.68080559],[1.07896706]
[2.31774068],[0.68320688],[1.07637644]
[2.31401084],[0.68421658],[1.07077517]
[2.31442138],[0.68286393],[1.07278762]
[2.31553419],[0.68492378],[1.07329681]
[2.31574414],[0.68596413],[1.07096592]
[2.3151801],[0.68285441],[1.06595036]
[2.31495497],[0.68311902],[1.06529921]
[2.31677863],[0.68346698],[1.06657115]
[2.31152951],[0.68382579],[1.05596356]
[2.31136451],[0.68024791],[1.04924048]
[2.30645463],[0.68322593],[1.04826002]
[2.30045276],[0.68536518],[1.04339668]
[2.2917789],[0.67582722],[1.03215267]
[2.28588573],[0.66774173],[1.02541746]
[2.28336111],[0.65922114],[1.01916672]
[2.27760307],[0.65091151],[1.01017154]
[2.27646265],[0.63508824],[1.00143209]
[2.28371445],[0.62496085],[1.00090043]
[2.29432721],[0.61015129],[0.99048119]
[2.29846066],[0.59658743],[0.98999589]
[2.14152567],[0.54852292],[0.89577402]
[0.],[0.],[0.]
[0.],[0.],[0.]
[1.50346403],[0.11827559],[0.05016509]
[1.75365722],[0.38658794],[0.42204685]
[1.84771963],[0.50600124],[0.62184367]
[1.99777726],[0.55321746],[0.81484171]
[2.11823587],[0.82084751],[1.20984951]
[2.23087844],[0.96829386],[1.49114545]
[2.27727841],[1.00041182],[1.64219437]
[2.335558],[1.00430759],[1.77033677]
[2.32783397],[1.00411082],[1.77851705]
[2.36006795],[0.9988356],[1.78211636]
[2.3500899],[0.99292697],[1.77364098]
[2.37703686],[0.99115555],[1.80151482]
[2.37003494],[0.98663672],[1.7580761]
[2.39259388],[0.9867574],[1.79381639]
[2.38346705],[0.98638584],[1.75977442]
[2.40575009],[0.98453107],[1.7898181]
[2.39421056],[0.9839141],[1.76657226]
[2.41503347],[0.98589479],[1.79930631]
[2.40345673],[0.98289132],[1.78498509]
[2.42259086],[0.97912608],[1.79362673]
[2.40668689],[0.97670326],[1.77463168]
[2.42487399],[0.9772264],[1.7876366]
[2.40967253],[0.9741524],[1.77754714]
[2.42555134],[0.96672056],[1.76503485]
[2.40801689],[0.95973921],[1.73137838]
[2.42590242],[0.95693599],[1.72536096]
[2.40770873],[0.94670656],[1.68362225]
[2.42546567],[0.94057721],[1.6612605]
[2.40738875],[0.93662479],[1.63731336]
[2.42324449],[0.92627744],[1.58673612]
[2.41733235],[0.9281018],[1.58617238]
[2.42108022],[0.90894771],[1.57195759]
[2.41337742],[0.89762224],[1.5587894]
[2.41022805],[0.88112495],[1.54464829]
[2.40906266],[0.87061498],[1.53441544]
[2.40864396],[0.86508198],[1.5293395]
[2.40963356],[0.85044444],[1.51954527]
[2.41076628],[0.84093262],[1.51083775]
[2.41218743],[0.83629519],[1.5055579]
[2.41347453],[0.82763293],[1.49651994]
[2.41439519],[0.81326853],[1.48173396]
[2.41663491],[0.80486418],[1.46342111]
[2.41954926],[0.79884243],[1.44538209]
[2.42658122],[0.79222759],[1.44857618]
[2.42812098],[0.78954164],[1.44658686]
[2.42613878],[0.80189731],[1.44196491]
[2.42582985],[0.81212871],[1.43571583]
[2.43074116],[0.82126399],[1.42852062]
[2.43367377],[0.83105155],[1.42062735]
[2.43792389],[0.83911597],[1.41214016]
[2.44599699],[0.82915219],[1.38940798]
[2.45161245],[0.82569644],[1.37517965]
[2.23437819],[0.8240191],[1.31306468]
[0.5915295],[0.10586858],[0.02806741]
[0.],[0.],[0.]
[1.33231018],[0.19344895],[0.16436676]
[1.83203277],[0.39294284],[0.44944403]
[1.98805814],[0.57291293],[0.76340333]
[2.14646223],[0.65964873],[1.02203732]
[2.23112089],[0.90610192],[1.36330368]
[2.34593799],[1.03667733],[1.70940253]
[2.3890844],[1.06634525],[1.92780553]
[2.42320374],[1.06813054],[2.00281416]
[2.42329195],[1.05874928],[2.00542177]
[2.44931507],[1.04450887],[2.01799876]
[2.44335852],[1.04518735],[1.9820061]
[2.46949191],[1.05014183],[2.03224341]
[2.46650419],[1.04630338],[2.02621346]
[2.48488575],[1.04427949],[2.05892942]
[2.48299443],[1.04184536],[2.04920544]
[2.50012049],[1.03896883],[2.08369961]
[2.49712653],[1.03938858],[2.07257549]
[2.55365852],[1.04369463],[2.12924281]
[2.50613131],[1.04417984],[2.10965151]
[2.6535387],[1.03938944],[2.18015522]
[2.51170984],[1.04010078],[2.10591651]
[2.64280256],[1.04539039],[2.18114386]
[2.51422622],[1.0464972],[2.12230944]
[2.6423429],[1.03682075],[2.17695195]
[2.51580601],[1.03011722],[2.08476095]
[2.64093905],[1.02957955],[2.1461781]
[2.51773252],[1.01718806],[2.04321278]
[2.63626509],[1.01041788],[2.09120067]
[2.51937601],[1.00788283],[1.9994565]
[2.62729987],[0.98974579],[2.01265511]
[2.5203104],[0.98596419],[1.88546141]
[2.63354273],[0.9634214],[1.89320476]
[2.51931443],[0.94844019],[1.79543398]
[2.51895577],[0.92921574],[1.77868447]
[2.5196585],[0.92522497],[1.76623783]
[2.51948569],[0.92310032],[1.75923839]
[2.52203428],[0.92128716],[1.74504552]
[2.52301078],[0.91709111],[1.73310915]
[2.52404003],[0.9128644],[1.72597915]
[2.52468291],[0.90725552],[1.71311476]
[2.52659003],[0.89970618],[1.69494719]
[2.52739235],[0.89098236],[1.67898045]
[2.52440732],[0.88332522],[1.65534608]
[2.52409624],[0.87333685],[1.62388665]
[2.52452869],[0.86327232],[1.60217684]
[2.52276223],[0.85516764],[1.59268601]
[2.5203492],[0.84769446],[1.57832766]
[2.52125492],[0.84019408],[1.55969068]
[2.52179479],[0.83162232],[1.54481658]
[2.5198689],[0.82367086],[1.53121024]
[2.53199309],[0.8155395],[1.51429088]
[2.58045264],[0.81619598],[1.51301221]
[2.35760237],[0.82865865],[1.44606024]
[1.75617531],[0.92592509],[0.93735838]
[0.],[0.],[0.]
[1.36238253],[0.23465209],[0.22395667]
[1.92107779],[0.50742032],[0.59324676]
[2.10181644],[0.67426442],[0.9466254]
[2.25282621],[0.77410583],[1.26627931]
[2.34205892],[0.95864568],[1.63072622]
[2.43240399],[1.08219488],[1.98510669]
[2.45755232],[1.11587901],[2.22642284]
[2.4842637],[1.12217972],[2.30410614]
[2.48931635],[1.11431572],[2.30962377]
[2.51248585],[1.09839833],[2.32700809]
[2.51900247],[1.10385583],[2.30205195]
[2.57955688],[1.11391537],[2.38181447]
[2.56221346],[1.11522441],[2.36240034]
[2.70955651],[1.12162891],[2.47466326]
[2.65064549],[1.12949054],[2.41205265]
[2.88330563],[1.12681432],[2.53710838]
[2.71649214],[1.12904913],[2.43388208]
[2.95551561],[1.13619831],[2.58867557]
[2.77724692],[1.13836117],[2.4860878]
[3.01182966],[1.13478544],[2.62284687]
[2.81346704],[1.13687137],[2.49490144]
[3.01606744],[1.14270331],[2.63030714]
[2.82564978],[1.14229997],[2.51265741]
[3.01905126],[1.13248035],[2.62407924]
[2.81739817],[1.12604916],[2.47284593]
[3.02235938],[1.12444964],[2.60024989]
[2.81055005],[1.11259896],[2.42653547]
[3.02159099],[1.10530116],[2.55796973]
[2.80337799],[1.10106662],[2.37042698]
[3.01356192],[1.08380318],[2.50806558]
[2.84619293],[1.07842749],[2.35282913]
[3.01490569],[1.05904879],[2.43555488]
[2.8473591],[1.04307741],[2.27459155]
[2.82354619],[1.02047065],[2.18967125]
[2.82277463],[1.00287295],[2.12375174]
[2.82223765],[0.99011671],[2.0623367]
[2.82286073],[0.9727129],[2.03544832]
[2.8423125],[0.96024591],[2.02209549]
[2.85545013],[0.95554439],[2.00819767]
[2.9015595],[0.95127734],[2.01706481]
[2.87326331],[0.94552173],[1.96355793]
[2.88211104],[0.93956472],[1.94154552]
[2.88712634],[0.93350442],[1.91694061]
[2.88686671],[0.9273536],[1.89331582]
[2.88479955],[0.9218672],[1.87442834]
[2.86797565],[0.91558166],[1.84646055]
[2.88739948],[0.90845005],[1.83538981]
[2.83341471],[0.90006156],[1.78320493]
[2.81531448],[0.89344011],[1.76104307]
[2.82059927],[0.88623498],[1.75269002]
[2.83635486],[0.87898943],[1.7379309]
[2.85595877],[0.87266316],[1.7285454]
[2.546612],[0.867918],[1.60926884]
[2.56648386],[0.98296787],[1.58852213]
[0.08006993],[0.05280291],[0.00157092]
[1.41540068],[0.25065958],[0.25120608]
[1.97069397],[0.5627196],[0.71368649]
[2.16094698],[0.7540311],[1.09719228]
[2.33226886],[0.85212712],[1.48595191]
[2.40817069],[1.01617448],[1.87617373]
[2.48049048],[1.1429929],[2.28394322]
[2.50827421],[1.18953296],[2.52546885]
[2.56771439],[1.20850602],[2.66528121]
[2.54769656],[1.2098964],[2.72649287]
[2.66680375],[1.201671],[2.78446992]
[2.65779084],[1.20470184],[2.7774098]
[2.76925839],[1.21601483],[2.85265101]
[2.76620474],[1.2142781],[2.84614692]
[2.97210105],[1.21617127],[2.94278687]
[2.86994531],[1.22210125],[2.86958703]
[3.09159373],[1.21983102],[2.96554788]
[2.94839193],[1.22044448],[2.87298525]
[3.14126789],[1.22495688],[3.00144303]
[3.01115046],[1.22617317],[2.90652207]
[3.17138126],[1.22344554],[3.01951796]
[3.0424484],[1.22444153],[2.90961911]
[3.17386396],[1.2292672],[3.03348255]
[3.05351569],[1.22547517],[2.9412167]
[3.17793817],[1.21827852],[3.03942909]
[3.05174195],[1.21356843],[2.92755277]
[3.1803692],[1.2124588],[3.03573352]
[3.04767134],[1.20260203],[2.90458868]
[3.17997622],[1.197177],[3.0224442]
[3.04603576],[1.19345903],[2.8787301]
[3.17408497],[1.17970677],[2.99694958]
[3.08187906],[1.16779347],[2.89248309]
[3.16971611],[1.15588617],[2.95744195]
[3.07651001],[1.14084858],[2.85547547]
[3.04015981],[1.12010324],[2.79925457]
[3.03420134],[1.10329379],[2.76796709]
[3.02786252],[1.0902464],[2.7385439]
[3.0170507],[1.06705154],[2.69810188]
[3.01036757],[1.04786166],[2.66322698]
[2.99917632],[1.03238491],[2.62679712]
[3.02212337],[1.00841667],[2.61462457]
[2.99510768],[0.98093697],[2.52472438]
[2.99482434],[0.96929845],[2.46311155]
[2.98939921],[0.96411075],[2.37696866]
[2.98040622],[0.95899245],[2.17633787]
[2.97813941],[0.95512893],[2.08078165]
[2.95364192],[0.95021215],[2.00625042]
[2.9555755],[0.94516415],[1.97825888]
[2.89284327],[0.93917414],[1.91043646]
[2.86595212],[0.93268763],[1.87750146]
[2.83702102],[0.92778213],[1.85216917]
[2.81078303],[0.9224164],[1.82521604]
[2.84884415],[0.91938767],[1.82725558]
[2.54939406],[0.91538156],[1.70157719]
[2.8788502],[1.08061758],[2.03742225]
[0.48468676],[0.29157499],[0.0650909]
[1.53303162],[0.32005712],[0.36606806]
[2.08053581],[0.62148637],[0.88512505]
[2.27652196],[0.82191298],[1.33553929]
[2.41129121],[0.90847211],[1.69890518]
[2.46186793],[1.09257955],[2.20847768]
[2.52150959],[1.23882721],[2.59831518]
[2.57238209],[1.29417939],[2.8743423]
[2.69142071],[1.31493979],[3.05526249]
[2.69004632],[1.31631098],[3.24724214]
[2.91684225],[1.31132841],[3.40431099]
[2.82058954],[1.3108642],[3.4391978]
[3.08353156],[1.31736766],[3.46520828]
[2.95395441],[1.31722708],[3.38706631]
[3.19324414],[1.31905847],[3.46199921]
[3.09280593],[1.32192655],[3.40120312]
[3.25915927],[1.31952793],[3.42379446]
[3.18971181],[1.3187344],[3.37168325]
[3.29061761],[1.32070633],[3.42319314]
[3.25405609],[1.32066099],[3.37798204]
[3.30797569],[1.31849075],[3.41592049]
[3.27066608],[1.318439],[3.35908485]
[3.30732965],[1.31830748],[3.40538012]
[3.27508976],[1.31586671],[3.35353692]
[3.30751854],[1.3108978],[3.38989383]
[3.27572699],[1.30745176],[3.32246907]
[3.30682138],[1.30622625],[3.36495695]
[3.26940882],[1.2978835],[3.28270276]
[3.30439921],[1.29291327],[3.3321596]
[3.26649093],[1.2892809],[3.26111441]
[3.29448789],[1.27802017],[3.29700884]
[3.30592013],[1.26702256],[3.25561037]
[3.29062033],[1.25692233],[3.26273138]
[3.29587187],[1.24371384],[3.21414947]
[3.24046359],[1.2258954],[3.15662274]
[3.23239351],[1.2115791],[3.13070109]
[3.22677848],[1.20018774],[3.10836987]
[3.21624235],[1.18029831],[3.07587772]
[3.21354473],[1.16366647],[3.04954495]
[3.20371808],[1.15098826],[3.0217255]
[3.20592289],[1.12950435],[2.99920011]
[3.18314907],[1.09936466],[2.93918337]
[3.1737073],[1.07307383],[2.89380059]
[3.16118669],[1.04290959],[2.84385797]
[3.14420493],[0.99833555],[2.76441512]
[3.1327063],[0.97616869],[2.68269083]
[3.11302601],[0.97090654],[2.5921259]
[3.09595423],[0.96545816],[2.50602181]
[3.03300882],[0.95939848],[2.28354996]
[2.99297957],[0.95434757],[2.10579498]
[2.95415854],[0.94966738],[2.01466903]
[2.9091855],[0.94621069],[1.96378702]
[2.87898915],[0.94335741],[1.93775032]
[2.53398144],[0.94047018],[1.79367087]
[3.04018341],[1.11256883],[2.29788141]
[0.51046703],[0.37781384],[0.08953612]
[1.53436961],[0.38616396],[0.37107285]
[2.16857792],[0.66089786],[1.00664713]
[2.3358721],[0.86049391],[1.47545557]
[2.45071703],[0.96832377],[2.17590361]
[2.49744614],[1.15620573],[2.46728985]
[2.55589905],[1.30835882],[2.8715428]
[2.72078256],[1.35440276],[3.20993104]
[2.99076781],[1.369092],[3.48492508]
[2.92424161],[1.37212712],[3.59089713]
[3.14977336],[1.36898015],[3.68128409]
[3.07646852],[1.36375168],[3.67069741]
[3.25068684],[1.36620324],[3.7090276]
[3.22443225],[1.36419872],[3.66807471]
[3.31907313],[1.3635812],[3.71018589]
[3.35740362],[1.36416521],[3.65881555]
[3.4054695],[1.36210967],[3.6751761]
[3.43094418],[1.36251316],[3.63768453]
[3.47602828],[1.36442524],[3.68406418]
[3.47672365],[1.36459685],[3.63710302]
[3.50269927],[1.36244334],[3.65693153]
[3.4814151],[1.35977632],[3.59135538]
[3.50357799],[1.35949574],[3.6023336]
[3.47992908],[1.35816795],[3.55048798]
[3.49989849],[1.3538447],[3.55660635]
[3.47900094],[1.35072393],[3.5021113]
[3.50075622],[1.34927983],[3.52046303]
[3.47225877],[1.34204392],[3.47099765]
[3.49539894],[1.33780471],[3.49822874]
[3.46984395],[1.33555506],[3.45340266]
[3.47945046],[1.32573763],[3.46855224]
[3.50830708],[1.31561443],[3.43600691]
[3.47702764],[1.30529971],[3.43612939]
[3.50098554],[1.29294198],[3.39462604]
[3.45794444],[1.27653343],[3.34792252]
[3.43976373],[1.26314709],[3.32041704]
[3.42764452],[1.25260727],[3.29630155]
[3.40896128],[1.23376151],[3.26234357]
[3.40283353],[1.21751003],[3.23253387]
[3.39106217],[1.20382536],[3.19839868]
[3.37741838],[1.1826882],[3.16408346]
[3.36189621],[1.15360079],[3.10928575]
[3.34727223],[1.12976804],[3.06125861]
[3.32857305],[1.10184706],[3.00618638]
[3.30810147],[1.0615222],[2.93342587]
[3.2964215],[1.02639635],[2.86942292]
[3.2797823],[1.00367252],[2.80847058]
[3.25359564],[0.98531447],[2.74428721]
[3.20545194],[0.97536181],[2.64829805]
[3.16876551],[0.97014469],[2.55810645]
[3.13009427],[0.96538239],[2.43682647]
[3.08849126],[0.96226623],[2.19567359]
[3.05495646],[0.95956592],[2.08679427]
[2.67657349],[0.95831229],[1.90633921]
[3.11123126],[1.16860211],[2.58769215]
[0.65410056],[0.44325133],[0.13732926]
[1.27964082],[0.41308787],[0.2720745]
[2.18822776],[0.65183401],[1.02427987]
[2.35789884],[0.88163411],[1.53942565]
[2.47128717],[1.00640204],[2.28575255]
[2.51825234],[1.20617673],[2.5603814]
[2.66582957],[1.33860585],[2.95661502]
[2.90897435],[1.38008391],[3.29232756]
[3.12518226],[1.39563662],[3.57798741]
[3.13896918],[1.39751387],[3.69349636]
[3.25700235],[1.39149836],[3.76206126]
[3.28389181],[1.37989676],[3.74253592]
[3.35062929],[1.38151395],[3.75897097]
[3.41362807],[1.37937978],[3.68762444]
[3.49569811],[1.37908538],[3.74649941]
[3.53432313],[1.37690251],[3.6993472]
[3.61411376],[1.37377919],[3.70629386]
[3.61755803],[1.37195484],[3.66058971]
[3.69673207],[1.3719135],[3.69146488]
[3.6627332],[1.37031874],[3.64835942]
[3.71264919],[1.36655333],[3.66889485]
[3.66640235],[1.36093974],[3.62401506]
[3.71825729],[1.35763732],[3.63811074]
[3.66866537],[1.35224048],[3.60809951]
[3.71433556],[1.34398971],[3.62252114]
[3.66704376],[1.33704267],[3.5856325]
[3.7148351],[1.3331967],[3.60499302]
[3.65831953],[1.3215614],[3.5605414]
[3.7074994],[1.31315087],[3.56845855]
[3.65791323],[1.3063503],[3.53320224]
[3.69637604],[1.29140069],[3.52040584]
[3.69645146],[1.28909048],[3.51251851]
[3.6962683],[1.28172858],[3.49441795]
[3.6916965],[1.27662745],[3.47798261]
[3.6783982],[1.26649398],[3.43772274]
[3.64964946],[1.25986072],[3.4118541]
[3.64140121],[1.25548247],[3.39135086]
[3.62608572],[1.24046148],[3.35865894]
[3.62046563],[1.22494833],[3.32332881]
[3.60914457],[1.21142233],[3.285761]
[3.59520105],[1.1906673],[3.24598993]
[3.57778375],[1.16236785],[3.18737556]
[3.56582636],[1.14572744],[3.14447779]
[3.54770574],[1.1257737],[3.09801602]
[3.52136594],[1.0999779],[3.03690787]
[3.503531],[1.07670875],[2.97991403]
[3.48292026],[1.05427288],[2.91712725]
[3.44779709],[1.03014628],[2.85423522]
[3.39508944],[1.00213693],[2.76538178]
[3.34863393],[0.98676768],[2.68468175]
[3.30658453],[0.98131471],[2.5961737]
[3.26342895],[0.9770292],[2.46548122]
[3.228938],[0.97325744],[2.34871604]
[2.8563727],[0.97076655],[2.13441684]
[3.22396526],[1.28421871],[2.82776608]
[0.73220837],[0.6616031],[0.23107381]
[1.10962677],[0.42850177],[0.2491602]
[2.18468844],[0.65545104],[1.04849885]
[2.3671962],[0.90005455],[1.60042181]
[2.47963537],[1.04681481],[2.32828065]
[2.52305149],[1.23728458],[2.60876112]
[2.73672376],[1.36315995],[3.03646395]
[3.0093019],[1.40390357],[3.38130594]
[3.18364785],[1.41708207],[3.64129615]
[3.22674384],[1.41707635],[3.73771681]
[3.30041343],[1.40710479],[3.79325858]
[3.35494971],[1.39071175],[3.76723775]
[3.42624109],[1.38517555],[3.77193744]
[3.47615619],[1.37392172],[3.68510652]
[3.56545062],[1.36513244],[3.70226588]
[3.59866276],[1.35844429],[3.64424039]
[3.68902317],[1.35353805],[3.63907203]
[3.68647247],[1.35013254],[3.60783371]
[3.77611587],[1.34908312],[3.6436722]
[3.73304689],[1.34537606],[3.62660634]
[3.79262159],[1.33927517],[3.65270445]
[3.73868139],[1.3326524],[3.62225509]
[3.80317849],[1.32741438],[3.64223164]
[3.7436912],[1.32063319],[3.61653383]
[3.8036291],[1.31005754],[3.61642922]
[3.74912096],[1.3005869],[3.58792845]
[3.81316979],[1.29372384],[3.58851179]
[3.74774142],[1.2777483],[3.55402636]
[3.81311269],[1.27041726],[3.54611947]
[3.75490495],[1.27111265],[3.5306847]
[3.81164231],[1.26546556],[3.50397021]
[3.79985119],[1.26663713],[3.49624453]
[3.82163685],[1.2560732],[3.46887045]
[3.80733581],[1.25076605],[3.45262513]
[3.81628057],[1.24324308],[3.41245324]
[3.78247338],[1.23763433],[3.38170321]
[3.77699923],[1.23378415],[3.35937662]
[3.76414281],[1.22574741],[3.32862686]
[3.75965343],[1.2194878],[3.30352686]
[3.75526488],[1.21328101],[3.27554762]
[3.74670957],[1.20448209],[3.24506755]
[3.73101939],[1.19098166],[3.20253845]
[3.71822931],[1.1800471],[3.16705013]
[3.70058295],[1.16331148],[3.13070137]
[3.67387011],[1.13742642],[3.06458397]
[3.6567869],[1.11367403],[2.99847227]
[3.63850962],[1.09094047],[2.93234251]
[3.61314211],[1.06675791],[2.86373887]
[3.56517335],[1.03939419],[2.77419926]
[3.52250422],[1.0139075],[2.69083688]
[3.47804978],[1.00137845],[2.58218803]
[3.42538144],[0.99553367],[2.45866247]
[3.38565716],[0.99007476],[2.37193569]
[3.01389618],[0.98537194],[2.16071829]
[3.38689905],[1.34825447],[3.00006733]
[1.02142397],[0.75053331],[0.36244144]
[1.11455394],[0.43875979],[0.26365127]
[2.19250747],[0.68837911],[1.10342427]
[2.37954643],[0.9149084],[2.04012997]
[2.48859935],[1.11756067],[2.47473706]
[2.53134863],[1.27540162],[2.75188666]
[2.80688027],[1.38717357],[3.18961092]
[3.07611598],[1.42532781],[3.48887757]
[3.22934286],[1.43664811],[3.70899465]
[3.27455017],[1.43767553],[3.80977368]
[3.33439752],[1.42745492],[3.85367745]
[3.40066201],[1.40979475],[3.84423892]
[3.47573562],[1.40213853],[3.85435466]
[3.51775934],[1.39169846],[3.79920204]
[3.61412021],[1.38443244],[3.79995003]
[3.64229529],[1.38035286],[3.7225855]
[3.73827645],[1.37607302],[3.71720796]
[3.72857587],[1.37250247],[3.68754213]
[3.82360337],[1.37176344],[3.73802251]
[3.7722998],[1.36942807],[3.72129286]
[3.83702126],[1.36376518],[3.75074811]
[3.77823816],[1.3566067],[3.7198512]
[3.84862362],[1.35129301],[3.74721458]
[3.78372843],[1.3441887],[3.71435945]
[3.85021379],[1.33421232],[3.72529135]
[3.78972723],[1.32500226],[3.69233843]
[3.86297088],[1.31858483],[3.70500243]
[3.79082104],[1.30336469],[3.66468456]
[3.86609432],[1.29612517],[3.66831825]
[3.80240218],[1.29705425],[3.64997311]
[3.86960426],[1.29206823],[3.63495487]
[3.85129096],[1.29303133],[3.62790651]
[3.88432675],[1.28272391],[3.59840051]
[3.87458385],[1.27692107],[3.58883011]
[3.87666215],[1.26908628],[3.53704069]
[3.83818231],[1.26352692],[3.50232645]
[3.83183218],[1.25983022],[3.4755826]
[3.81833893],[1.25192485],[3.44456369]
[3.81278137],[1.24545225],[3.41534759]
[3.8077374],[1.23844017],[3.384099]
[3.79720048],[1.22964867],[3.3508042]
[3.778099],[1.2159082],[3.30641369]
[3.76826538],[1.20492585],[3.27174745]
[3.75614433],[1.19269679],[3.23336327]
[3.73386046],[1.17164207],[3.17473047]
[3.71988569],[1.14953505],[3.11420568]
[3.70068306],[1.12744226],[3.04666954]
[3.67732475],[1.10402133],[2.9787133]
[3.63393315],[1.07727612],[2.89625318]
[3.59346351],[1.05802708],[2.82179037]
[3.54892288],[1.04054544],[2.74826953]
[3.49543596],[1.01932544],[2.68238555]
[3.45516072],[1.00491056],[2.64962543]
[3.08501097],[0.99948822],[2.46154423]
[3.51444155],[1.40042217],[3.28829143]
[1.20448556],[0.82112212],[0.4941589]
[1.1234747],[0.45819499],[0.27750522]
[2.19861611],[0.71412791],[1.15103927]
[2.39046704],[0.92755082],[2.13052788]
[2.49708573],[1.1358406],[2.52620791]
[2.53814052],[1.28646694],[2.80053963]
[2.86409133],[1.39763476],[3.24303957]
[3.12538217],[1.43430222],[3.52772872]
[3.26954424],[1.44335783],[3.73440258]
[3.31558576],[1.44176488],[3.83944739]
[3.38553738],[1.42956388],[3.87997667]
[3.44262909],[1.41120022],[3.86634443]
[3.52353884],[1.40026329],[3.86851349]
[3.55937071],[1.38869982],[3.76823395]
[3.66072256],[1.38100854],[3.75683197]
[3.68466304],[1.37796289],[3.70740452]
[3.78736284],[1.37346101],[3.74092259]
[3.77007896],[1.36972541],[3.72764082]
[3.87154235],[1.36951735],[3.78259834]
[3.81305719],[1.36650324],[3.76144645]
[3.88389881],[1.36052509],[3.79478673]
[3.8210819],[1.35225831],[3.76376715]
[3.8982004],[1.3467084],[3.79371998]
[3.82882398],[1.33911683],[3.76189391]
[3.90155432],[1.32846999],[3.77219584]
[3.83642303],[1.31819864],[3.73950992]
[3.9156304],[1.31678674],[3.75528275]
[3.83714645],[1.31496329],[3.72632951]
[3.9207957],[1.31447],[3.73656868]
[3.86021769],[1.31580462],[3.7233487]
[3.93459494],[1.31124601],[3.71424256]
[3.92735563],[1.31203723],[3.72492024]
[3.95852418],[1.30179633],[3.70276221]
[3.94440059],[1.2958507],[3.69036149]
[3.95657245],[1.28790477],[3.64794717]
[3.9173831],[1.28227634],[3.61086218]
[3.90752141],[1.27800799],[3.58146637]
[3.88856594],[1.26994417],[3.54223623]
[3.87223937],[1.26328374],[3.49844677]
[3.85620483],[1.25662198],[3.45816246]
[3.84629178],[1.2473419],[3.42158629]
[3.82736062],[1.23401694],[3.37551349]
[3.81770935],[1.22225598],[3.33302134]
[3.80406044],[1.21055178],[3.28867338]
[3.78100768],[1.18939444],[3.22947376]
[3.765609],[1.17051754],[3.17532384]
[3.75023284],[1.14961948],[3.1151348]
[3.73131722],[1.12615663],[3.05169348]
[3.69135874],[1.10151649],[2.97181729]
[3.65279273],[1.08246224],[2.89866123]
[3.61070166],[1.06375235],[2.83059782]
[3.55926344],[1.04174936],[2.75329801]
[3.51826608],[1.02345616],[2.68416982]
[3.14928998],[1.00812528],[2.43642311]
[3.62049279],[1.45005448],[3.53666967]
[1.38576904],[0.84654768],[0.62414998]
[1.12871511],[0.4671289],[0.28899502]
[2.20521429],[0.73900919],[1.19509998]
[2.40246859],[0.9397231],[2.156616]
[2.50520376],[1.1501017],[2.55455762]
[2.54414293],[1.29231284],[2.83445494]
[2.91200916],[1.40124627],[3.27786508]
[3.17279988],[1.43419647],[3.55906561]
[3.30226904],[1.44122584],[3.75401095]
[3.35916658],[1.44036769],[3.86471997]
[3.43284855],[1.426035],[3.90052176]
[3.48352126],[1.40791333],[3.87444783]
[3.57054416],[1.39320513],[3.87125733]
[3.60029235],[1.3806937],[3.73856695]
[3.70771635],[1.37113451],[3.73749928]
[3.72804458],[1.36974241],[3.73115096]
[3.84014562],[1.36507625],[3.78101891]
[3.81639103],[1.36182382],[3.77185479]
[3.9255944],[1.36168417],[3.824596]
[3.85749873],[1.35853361],[3.8037898]
[3.93364382],[1.35218573],[3.83663073]
[3.86542851],[1.34238909],[3.80515303]
[3.95169114],[1.336218],[3.83944525]
[3.8841232],[1.32700572],[3.80806003]
[3.96198719],[1.3267602],[3.83145346]
[3.9012896],[1.32683103],[3.80950629]
[3.98129453],[1.32820145],[3.83006755]
[3.91008991],[1.32615372],[3.80169353]
[3.9886504],[1.32575524],[3.8205547]
[3.92976603],[1.32718225],[3.80954229]
[3.99744895],[1.32361224],[3.81383502]
[3.98003819],[1.32504561],[3.81974052]
[4.01428404],[1.31521041],[3.80390403]
[3.99362971],[1.30953466],[3.78728443]
[4.01203794],[1.30207244],[3.75242102]
[3.978644],[1.29640595],[3.71712614]
[3.97119752],[1.29220997],[3.69048546]
[3.95751096],[1.28413722],[3.6518092]
[3.94485263],[1.27680409],[3.6073241]
[3.93128155],[1.26957655],[3.55850363]
[3.91155294],[1.25992965],[3.50532448]
[3.87949861],[1.24736882],[3.44696613]
[3.86681374],[1.23578639],[3.40103349]
[3.85009643],[1.22497251],[3.35418304]
[3.8247567],[1.20442502],[3.29471556]
[3.81022002],[1.18568693],[3.23714037]
[3.79839831],[1.16837845],[3.17968104]
[3.78234892],[1.14735035],[3.11892404]
[3.74269878],[1.12557243],[3.04371208]
[3.70838235],[1.10787008],[2.97804775]
[3.66768303],[1.08937825],[2.91193686]
[3.61774555],[1.06768847],[2.83794796]
[3.57974888],[1.04806491],[2.76971616]
[3.21281374],[1.02892824],[2.53712401]
[3.65817305],[1.48536382],[3.75451096]
[1.4219659],[0.87057125],[0.67553909]
[0.88764788],[0.46983293],[0.22377788]
[2.19647384],[0.72910583],[1.18867289]
[2.4004373],[0.95312395],[2.14961578]
[2.50405428],[1.16560115],[2.5848349]
[2.54641934],[1.29760083],[2.8727713]
[2.95570627],[1.40368187],[3.32335351]
[3.22951448],[1.43736024],[3.61280552]
[3.35462005],[1.44438383],[3.81592606]
[3.41942399],[1.44627283],[3.93425868]
[3.50124565],[1.43223425],[3.97990841]
[3.54516934],[1.4128984],[3.94259246]
[3.64237945],[1.39603408],[3.91489539]
[3.66593021],[1.38163609],[3.78114891]
[3.7839552],[1.37167724],[3.80234596]
[3.79616627],[1.37230491],[3.80430624]
[3.92508279],[1.36757076],[3.85814455]
[3.90239414],[1.36438841],[3.86137612]
[4.01378118],[1.36414895],[3.91540326]
[3.94443801],[1.36082605],[3.89846939]
[4.01944192],[1.35359816],[3.93127589]
[3.95710185],[1.34470737],[3.90711532]
[4.0338378],[1.34400772],[3.94121484]
[3.9685253],[1.34427793],[3.91822268]
[4.03736378],[1.3445744],[3.9339805]
[3.97873328],[1.34455623],[3.91442558]
[4.04926455],[1.34599618],[3.93399366]
[3.98270418],[1.34414041],[3.91460939]
[4.05123878],[1.34385731],[3.93318211]
[3.99569506],[1.34631433],[3.91928153]
[4.05690221],[1.34436681],[3.9347214]
[4.03272737],[1.34572548],[3.93700849]
[4.0684086],[1.33620467],[3.92401439]
[4.04313627],[1.33080491],[3.90616111]
[4.06570763],[1.32337087],[3.87756804]
[4.03790655],[1.31767536],[3.84368565]
[4.03324338],[1.31293372],[3.81778832]
[4.0232424],[1.30489349],[3.7789353]
[4.0150343],[1.29701119],[3.73645744]
[4.00842651],[1.28977738],[3.68974072]
[3.99711519],[1.27911345],[3.63836527]
[3.97624853],[1.26639058],[3.57652946]
[3.96101863],[1.255295],[3.51989298]
[3.93816145],[1.24484408],[3.46428097]
[3.90229643],[1.22584151],[3.39400059]
[3.87716471],[1.20726914],[3.32663098]
[3.86514636],[1.18996342],[3.26673407]
[3.84866294],[1.17302297],[3.20914423]
[3.82142534],[1.15582135],[3.1406894]
[3.78404924],[1.13898798],[3.07743711]
[3.74054145],[1.1210743],[3.01393315]
[3.68739158],[1.09997237],[2.94168425]
[3.64475255],[1.08090105],[2.87543548]
[3.28252556],[1.06258787],[2.64851906]
[3.69664214],[1.49891091],[3.84889542]
[1.48432966],[0.8958007],[0.70334805]
[0.90431978],[0.47273561],[0.24464883]
[2.21243619],[0.74885281],[1.22706215]
[2.40988221],[0.96584498],[2.20675355]
[2.51158341],[1.19133828],[2.65438587]
[2.55239604],[1.31232706],[2.94176172]
[3.00992835],[1.41475026],[3.41157094]
[3.26202124],[1.44861195],[3.687023]
[3.39891483],[1.45532814],[3.91810961]
[3.46123134],[1.45879052],[4.04223728]
[3.54970032],[1.44453638],[4.08331226]
[3.59052708],[1.42723238],[4.04212234]
[3.6958103],[1.41194516],[4.05342562]
[3.71233841],[1.39781832],[3.87264511]
[3.83646045],[1.3885657],[3.90062809]
[3.87642126],[1.39123314],[3.92766356]
[3.99383071],[1.38684878],[3.98216605]
[3.96158541],[1.38412721],[3.98158672]
[4.05822818],[1.38525517],[4.03827534]
[3.99353898],[1.38229724],[4.02272059]
[4.06023319],[1.37450226],[4.05303977]
[4.00241215],[1.37263453],[4.02781912]
[4.07096743],[1.36415282],[4.0571107]
[4.01014234],[1.37417204],[4.03290375]
[4.07177206],[1.3643213],[4.04916008]
[4.01722075],[1.37181229],[4.02389839]
[4.0828122],[1.36589735],[4.0487322]
[4.0194497],[1.36910334],[4.01964759]
[4.08351067],[1.36469513],[4.04461082]
[4.02933842],[1.36908185],[4.02588221]
[4.08930648],[1.36635828],[4.04291031]
[4.05926021],[1.36759852],[4.05897961]
[4.10216794],[1.35856267],[4.03644729]
[4.06843545],[1.35290131],[4.04408771]
[4.09910899],[1.34559076],[3.99716388]
[4.06741532],[1.33995455],[3.96725057]
[4.0642219],[1.33503643],[3.94305533]
[4.05624807],[1.32696747],[3.90405243]
[4.05018962],[1.31881492],[3.86499036]
[4.04642556],[1.31132096],[3.82180111]
[4.03857117],[1.30037833],[3.77198072]
[4.01852543],[1.28736511],[3.7114443]
[4.00752497],[1.27630671],[3.65647142]
[3.99018167],[1.26662934],[3.59860707]
[3.96358872],[1.2499966],[3.52683337]
[3.94403838],[1.23220676],[3.46503321]
[3.92580536],[1.21739237],[3.39712035]
[3.89996983],[1.20262008],[3.328233]
[3.86444693],[1.18593788],[3.25468231]
[3.83746414],[1.17124858],[3.19769362]
[3.79663869],[1.15768743],[3.1399452]
[3.74696532],[1.14054153],[3.07294216]
[3.70907181],[1.12470501],[3.01280377]
[3.34738856],[1.107561],[2.78965814]
[3.7008634],[1.50957545],[3.99486046]
[1.53464515],[0.94527402],[0.7827419]
[0.95919379],[0.4775134],[0.27650921]
[2.21870222],[0.77411957],[1.26222512]
[2.41658602],[0.97535185],[2.22298902]
[2.51855575],[1.19709831],[2.67925229]
[2.55776483],[1.31242641],[2.98318903]
[3.05903427],[1.41669014],[3.46595195]
[3.29365741],[1.45056698],[3.73437342]
[3.44382102],[1.45956511],[3.97921619]
[3.50634675],[1.46309815],[4.10801824]
[3.60214189],[1.44679248],[4.13868733]
[3.63666321],[1.42849111],[4.08885364]
[3.74876616],[1.41223362],[4.03534208]
[3.76757531],[1.39343613],[3.90873766]
[3.92234938],[1.38360734],[3.97923825]
[3.93692247],[1.38890442],[3.99853685]
[4.0398935],[1.38426529],[4.04693402]
[4.00489384],[1.38686294],[4.04565917]
[4.09388373],[1.38133043],[4.09145384]
[4.02976766],[1.39622972],[4.07902523]
[4.09551722],[1.37899163],[4.11021764]
[4.03610492],[1.3938969],[4.0894765]
[4.10816805],[1.37992127],[4.12269297]
[4.04175189],[1.3928434],[4.09118504]
[4.10867648],[1.37987215],[4.12029748]
[4.04678838],[1.39078756],[4.09917643]
[4.12044336],[1.38202177],[4.13694547]
[4.04747636],[1.39104476],[4.10882386]
[4.12011745],[1.38298831],[4.14924329]
[4.05531547],[1.39265254],[4.12797453]
[4.12616219],[1.38523626],[4.15848759]
[4.08890257],[1.38630057],[4.19788772]
[4.13802254],[1.37773574],[4.17855906]
[4.10375346],[1.37195231],[4.18943088]
[4.13571099],[1.36455513],[4.12492333]
[4.10261924],[1.35863939],[4.07623074]
[4.09596254],[1.35354236],[4.04820455]
[4.08469117],[1.34480823],[4.00409829]
[4.07744437],[1.336568],[3.96209025]
[4.07418073],[1.32815471],[3.91264142]
[4.06551586],[1.31731435],[3.8656523]
[4.0493061],[1.30423714],[3.80773827]
[4.04115843],[1.29160017],[3.75332012]
[4.02797975],[1.28125833],[3.69669286]
[4.00721095],[1.26539953],[3.62711605]
[3.99210663],[1.24884212],[3.56108272]
[3.97940551],[1.23475631],[3.49473529]
[3.96058988],[1.22004543],[3.43001772]
[3.92923461],[1.20298991],[3.35370511]
[3.88329616],[1.18819436],[3.26937482]
[3.84259709],[1.17455048],[3.21092455]
[3.79347972],[1.15740262],[3.14465291]
[3.7550291],[1.14250737],[3.08687681]
[3.39530556],[1.12841661],[2.86669312]
[3.65996845],[1.5289649],[4.05470811]
[1.61694108],[0.97518033],[0.83731472]
[0.73672162],[0.47305075],[0.23439854]
[2.20606326],[0.76577011],[1.24483399]
[2.40392824],[0.985654],[2.19508467]
[2.51453567],[1.20556989],[2.70306095]
[2.56637138],[1.31394659],[3.03747467]
[3.09652916],[1.41980006],[3.52962697]
[3.31520952],[1.4575263],[3.79440575]
[3.48997506],[1.46699004],[4.05519579]
[3.5705376],[1.46992925],[4.19382803]
[3.68056464],[1.4547805],[4.22889783]
[3.70631139],[1.43619819],[4.17394303]
[3.85164241],[1.42078895],[4.09332405]
[3.87938047],[1.39705959],[4.02487549]
[4.00240494],[1.38784591],[4.08005373]
[4.00118641],[1.4087384],[4.08837481]
[4.09762014],[1.38790471],[4.13084133]
[4.05561528],[1.41450864],[4.12701453]
[4.15451365],[1.3986124],[4.18932689]
[4.07263434],[1.41784236],[4.16321504]
[4.15686818],[1.4029312],[4.22661803]
[4.07644837],[1.41562113],[4.21685265]
[4.16829319],[1.3990818],[4.28577072]
[4.08342706],[1.41390011],[4.24618761]
[4.16726188],[1.39825067],[4.29682073]
[4.09010656],[1.41355102],[4.26689558]
[4.1785005],[1.40192074],[4.33024183]
[4.09109029],[1.41560093],[4.28769293]
[4.19571134],[1.40287427],[4.359746]
[4.10411981],[1.41723774],[4.31757245]
[4.23326165],[1.40536657],[4.39045197]
[4.18488194],[1.4079752],[4.39857917]
[4.27470742],[1.39931219],[4.4241264]
[4.23898635],[1.39354264],[4.40835704]
[4.29513033],[1.38667185],[4.39263936]
[4.27001724],[1.37974002],[4.33187207]
[4.25407391],[1.37455505],[4.29038106]
[4.21954681],[1.36572932],[4.21945878]
[4.16866911],[1.3575236],[4.14615831]
[4.12939658],[1.34832081],[4.05567087]
[4.11761894],[1.33703717],[3.99083991]
[4.09481623],[1.32392373],[3.9158617]
[4.08481824],[1.31153914],[3.86386402]
[4.07103699],[1.29999048],[3.8125027]
[4.05499977],[1.28552971],[3.74842937]
[4.04340348],[1.27047433],[3.68493877]
[4.03517807],[1.25630005],[3.61737748]
[4.02195249],[1.24162762],[3.54890565]
[4.00191036],[1.22533299],[3.48111619]
[3.98227962],[1.21130468],[3.4085137]
[3.93213374],[1.19808604],[3.32657419]
[3.86579115],[1.18133607],[3.24093018]
[3.82737594],[1.16616812],[3.18187804]
[3.46910031],[1.15200044],[2.96282327]
[3.63549185],[1.53531037],[4.09037206]
[1.59038583],[0.9987521],[0.86117732]
[0.97291601],[0.46998052],[0.3092788]
[2.21868223],[0.78824978],[1.27610289]
[2.40969004],[0.99693781],[2.25854258]
[2.51942826],[1.22703852],[2.77664953]
[2.60439357],[1.33077951],[3.12825065]
[3.13593411],[1.43281828],[3.62336183]
[3.34361652],[1.47188616],[3.8751769]
[3.53123343],[1.481038],[4.15867457]
[3.60863542],[1.48436777],[4.29491402]
[3.73154778],[1.47001192],[4.33931885]
[3.79268056],[1.4529008],[4.30263987]
[3.92950463],[1.43763119],[4.26983853]
[3.93721421],[1.43400625],[4.14074811]
[4.0420305],[1.4241264],[4.19351096]
[4.03444991],[1.4397434],[4.18650692]
[4.13899245],[1.43160313],[4.25914998]
[4.08538509],[1.44283789],[4.25582286]
[4.19205083],[1.43492984],[4.3688935]
[4.1127451],[1.44334397],[4.35384737]
[4.19363507],[1.43131809],[4.44273668]
[4.11902535],[1.44179608],[4.42577637]
[4.23304581],[1.42812203],[4.51248632]
[4.12601633],[1.43961715],[4.45542564]
[4.25658254],[1.42360269],[4.5336039]
[4.13192489],[1.44022325],[4.47643717]
[4.29654062],[1.42427492],[4.57793694]
[4.16438031],[1.44262777],[4.50622577]
[4.31406441],[1.4263141],[4.60360667]
[4.21553846],[1.44447308],[4.54938654]
[4.33850112],[1.42680264],[4.62636323]
[4.3144498],[1.43149706],[4.63015699]
[4.36641875],[1.4257358],[4.64995348]
[4.35064439],[1.42004269],[4.63157245]
[4.37996101],[1.41472239],[4.6174708]
[4.36936903],[1.40785215],[4.56730674]
[4.3539399],[1.39941835],[4.52905648]
[4.32269963],[1.38996469],[4.46387398]
[4.28722938],[1.37919364],[4.39932773]
[4.25281203],[1.36903035],[4.31938642]
[4.20733578],[1.35771236],[4.22322095]
[4.1420076],[1.3446463],[4.09902648]
[4.11886981],[1.33253001],[4.01735902]
[4.1032822],[1.32151153],[3.9548404]
[4.07956384],[1.30949306],[3.88195262]
[4.0677342],[1.29557881],[3.82716282]
[4.0611518],[1.28221029],[3.76866527]
[4.05046678],[1.26781655],[3.7019551]
[4.03393763],[1.25203184],[3.62933663]
[4.02223096],[1.23836683],[3.55372763]
[3.98797476],[1.22604078],[3.47556542]
[3.93174346],[1.20996862],[3.38607683]
[3.87142319],[1.19543362],[3.30070477]
[3.5137928],[1.18190049],[3.07902654]
[3.58868172],[1.54320769],[4.16375198]
[1.46855246],[1.04680462],[0.91006711]
[1.15897058],[0.47127992],[0.3563923]
[2.23507426],[0.82119626],[1.32672838]
[2.41948843],[1.00868971],[2.28421746]
[2.52328327],[1.2357869],[2.81353369]
[2.67162447],[1.33278148],[3.19289746]
[3.16402949],[1.4374662],[3.6760078]
[3.37262015],[1.47926767],[3.92636517]
[3.57125043],[1.4879902],[4.22298121]
[3.648112],[1.48918893],[4.35273477]
[3.82530986],[1.473313],[4.41696102]
[3.868363],[1.45522182],[4.35928573]
[3.98493447],[1.4391559],[4.2387569]
[3.98217561],[1.45354947],[4.20065898]
[4.07364697],[1.44755184],[4.25820702]
[4.06280608],[1.4588],[4.28397539]
[4.19126953],[1.45017362],[4.41046286]
[4.13159184],[1.46202052],[4.41748155]
[4.28333037],[1.45400773],[4.55861904]
[4.15743979],[1.46274567],[4.51893851]
[4.30502213],[1.45028205],[4.64309147]
[4.19813018],[1.4599348],[4.60338148]
[4.33894356],[1.44688289],[4.70523895]
[4.23400717],[1.45932548],[4.64406238]
[4.35319187],[1.44616001],[4.72752889]
[4.26411053],[1.46168454],[4.67745739]
[4.3801706],[1.44673757],[4.76222973]
[4.2835542],[1.46442854],[4.70127702]
[4.38985134],[1.44774828],[4.78139255]
[4.3160196],[1.46645226],[4.73723323]
[4.40590726],[1.44913558],[4.80034668]
[4.39086031],[1.45464899],[4.80584945]
[4.42501626],[1.44884226],[4.82883098]
[4.41664625],[1.44310907],[4.80279953]
[4.43526457],[1.43732127],[4.80157375]
[4.43032057],[1.43038321],[4.74208802]
[4.41663824],[1.42101161],[4.70315836]
[4.39088851],[1.41155337],[4.64161902]
[4.36775362],[1.39903496],[4.57937321]
[4.3433476],[1.38822173],[4.50594544]
[4.31217546],[1.37632478],[4.42274116]
[4.26633204],[1.36344128],[4.32189598]
[4.2337225],[1.35044746],[4.22928457]
[4.18979978],[1.340484],[4.1264529]
[4.12479081],[1.32700775],[4.01029363]
[4.09849777],[1.31276847],[3.93624153]
[4.088352],[1.29865551],[3.87297712]
[4.07302434],[1.28394586],[3.79858045]
[4.05903664],[1.26801214],[3.72761404]
[4.05151706],[1.25424671],[3.65496324]
[4.02771199],[1.24177473],[3.57693116]
[3.98540772],[1.22615712],[3.48699135]
[3.94159617],[1.21215295],[3.40559623]
[3.56643342],[1.19873746],[3.16077607]
[3.52353164],[1.55692223],[4.18432843]
[1.34502323],[1.06020938],[0.90668446]
[1.30148189],[0.46227337],[0.39716228]
[2.25362411],[0.85031672],[1.37875188]
[2.43091891],[1.01852061],[2.3119025]
[2.52807065],[1.24289905],[2.85208617]
[2.77707747],[1.33362479],[3.27709891]
[3.19196327],[1.43979814],[3.72176867]
[3.4028861],[1.48186452],[3.96922542]
[3.61279364],[1.49058815],[4.27820208]
[3.74433126],[1.48912314],[4.41910692]
[3.89482897],[1.47268148],[4.47328913]
[3.92544443],[1.46294549],[4.33239765]
[4.02694219],[1.45582538],[4.30739644]
[4.01767134],[1.47007075],[4.30702116]
[4.11666806],[1.46370958],[4.43030123]
[4.09661221],[1.47581963],[4.46357586]
[4.30177617],[1.46712568],[4.61846099]
[4.21540073],[1.47920679],[4.5999842]
[4.35912735],[1.47033363],[4.73475376]
[4.26374727],[1.4792229],[4.70042349]
[4.37278404],[1.46688429],[4.80543909]
[4.29068369],[1.47800938],[4.77129538]
[4.39758675],[1.46705874],[4.87432762]
[4.31694738],[1.47743125],[4.8103078]
[4.40629737],[1.46591129],[4.89868203]
[4.33789377],[1.47990347],[4.83761272]
[4.42738576],[1.46652104],[4.93878958]
[4.35198867],[1.48282533],[4.86334803]
[4.4338704],[1.46740385],[4.96366563]
[4.37577057],[1.48529643],[4.90713104]
[4.44651327],[1.46836122],[4.99272544]
[4.43817167],[1.47433594],[4.98885485]
[4.46215623],[1.4685484],[5.02256211]
[4.45886556],[1.46274468],[4.99566251]
[4.4706181],[1.4569529],[4.99152867]
[4.46837334],[1.44911695],[4.93682583]
[4.45493279],[1.43983278],[4.88834343]
[4.43184822],[1.4297781],[4.8187344]
[4.41358661],[1.41756962],[4.74921109]
[4.39759594],[1.40604981],[4.66720132]
[4.37701129],[1.39428475],[4.58931786]
[4.34493455],[1.38536146],[4.50281776]
[4.32474417],[1.37448789],[4.428079]
[4.29694285],[1.36401902],[4.34420332]
[4.25092363],[1.34428756],[4.22690178]
[4.21080599],[1.32698918],[4.123669]
[4.1731594],[1.31286353],[4.02298034]
[4.12272583],[1.2981046],[3.90606629]
[4.08367783],[1.28222257],[3.81570042]
[4.07425867],[1.26830568],[3.74715104]
[4.05701026],[1.25559012],[3.67308727]
[4.02362904],[1.23990445],[3.58631354]
[3.99027935],[1.22590077],[3.50249026]
[3.63124849],[1.21297921],[3.26059724]
[3.44446522],[1.57325626],[4.21089061]
[1.2760601],[1.07986891],[0.94478491]
[1.29953707],[0.43124287],[0.37912372]
[2.25238062],[0.84775398],[1.37850568]
[2.43439127],[1.02767029],[2.31388502]
[2.53823891],[1.2526807],[2.9009969]
[2.83500498],[1.33905935],[3.35435505]
[3.21040666],[1.44632782],[3.77719129]
[3.42458234],[1.49040816],[4.02065105]
[3.70901061],[1.49954843],[4.37626314]
[3.81618114],[1.49803359],[4.50173604]
[3.94459441],[1.48220821],[4.5550504]
[3.96802774],[1.4864434],[4.42646402]
[4.06594982],[1.47813344],[4.51747094]
[4.05817298],[1.49182806],[4.52571169]
[4.26105432],[1.48407773],[4.68732196]
[4.24274749],[1.4969568],[4.69701351]
[4.3964803],[1.4866865],[4.82350232]
[4.33721251],[1.50058273],[4.80973816]
[4.43669725],[1.48864728],[4.92364675]
[4.37028353],[1.50179071],[4.89779548]
[4.44634664],[1.4881395],[5.02061379]
[4.38770857],[1.50251601],[4.9927602]
[4.46516488],[1.48720868],[5.11065578]
[4.40868008],[1.50079411],[5.05176252]
[4.47293887],[1.48550971],[5.14295965]
[4.42492306],[1.50149099],[5.08623148]
[4.49065056],[1.48558564],[5.18785826]
[4.43708247],[1.5056806],[5.10945683]
[4.49680353],[1.48850491],[5.21853711]
[4.4559767],[1.51138894],[5.15973866]
[4.50749566],[1.49619914],[5.26797517]
[4.50557086],[1.50235341],[5.28356573]
[4.51903324],[1.49440147],[5.33966116]
[4.52169375],[1.48521455],[5.32234969]
[4.53130951],[1.47751027],[5.32456462]
[4.54682225],[1.46860275],[5.2685706]
[4.53411032],[1.45960891],[5.18979685]
[4.49968238],[1.44962354],[5.08325101]
[4.47385832],[1.43672043],[4.97693707]
[4.46138697],[1.4254735],[4.89267084]
[4.44600335],[1.41509546],[4.80761536]
[4.42100123],[1.40762803],[4.70852572]
[4.40545537],[1.39649588],[4.62563957]
[4.38607484],[1.38613748],[4.55223338]
[4.35464179],[1.37405183],[4.4622672]
[4.32967047],[1.35274297],[4.38335988]
[4.30773195],[1.33548653],[4.29842795]
[4.2792126],[1.32067152],[4.17265768]
[4.23447812],[1.30425645],[4.01768036]
[4.20091694],[1.29063486],[3.91191914]
[4.14394286],[1.27797114],[3.81301272]
[4.06795197],[1.26252547],[3.70996604]
[4.04355492],[1.24873729],[3.62892982]
[3.69721221],[1.23582116],[3.38671521]
[3.50135015],[1.59321709],[4.2993206]
[1.32684927],[1.08545833],[0.98589498]
[1.40629322],[0.43049331],[0.45384662]
[2.27163897],[0.87259056],[1.4244316]
[2.44065347],[1.03595111],[2.36462214]
[2.5451434],[1.26849423],[2.97410557]
[2.8757052],[1.37584359],[3.43986004]
[3.22645519],[1.46017701],[3.84674339]
[3.49029376],[1.50432194],[4.10767921]
[3.76766013],[1.51454151],[4.47317726]
[3.85585958],[1.51229821],[4.61618504]
[3.97342311],[1.49781795],[4.70699486]
[3.99044199],[1.51157106],[4.65791586]
[4.08316803],[1.50510892],[4.72168727]
[4.0678702],[1.51680925],[4.71226377]
[4.30877833],[1.51047151],[4.87221396]
[4.29542491],[1.52183396],[4.87603973]
[4.42284973],[1.51332537],[5.01157033]
[4.37579649],[1.52570512],[4.98929034]
[4.46190704],[1.51553715],[5.13994208]
[4.40796051],[1.52841334],[5.11527654]
[4.47301012],[1.5177677],[5.26425525]
[4.4256223],[1.53219815],[5.24267984]
[4.49163235],[1.5203114],[5.39414591]
[4.44477972],[1.53580851],[5.34653242]
[4.49889491],[1.52469706],[5.47562977]
[4.45899605],[1.54243197],[5.44805873]
[4.51520349],[1.53165253],[5.56465289]
[4.47041103],[1.55101979],[5.5239623]
[4.52157353],[1.54082726],[5.63959736]
[4.49633367],[1.56125372],[5.63226447]
[4.54711562],[1.55128944],[5.73149821]
[4.57418424],[1.55456737],[5.77351289]
[4.58064005],[1.54739899],[5.80500896]
[4.62740566],[1.53807521],[5.82366049]
[4.61970747],[1.52847078],[5.79360155]
[4.66836433],[1.5135553],[5.76973663]
[4.6499349],[1.49930757],[5.68575237]
[4.62135772],[1.48199191],[5.56528552]
[4.56038226],[1.46551909],[5.42140221]
[4.50291503],[1.45286708],[5.26486376]
[4.47070084],[1.44457764],[5.1209072]
[4.44426845],[1.43723196],[4.96997375]
[4.43077284],[1.42642124],[4.86466744]
[4.41412898],[1.4161848],[4.78381397]
[4.38662307],[1.40636144],[4.68900014]
[4.36492901],[1.38594783],[4.60293622]
[4.34598182],[1.36706892],[4.51912641]
[4.32191048],[1.34819334],[4.42305312]
[4.28429727],[1.32875995],[4.28490561]
[4.26027673],[1.31497422],[4.14563965]
[4.22827933],[1.30272865],[4.0080286]
[4.11068337],[1.28772586],[3.85373889]
[4.05877783],[1.27466465],[3.76879868]
[3.71666456],[1.26385936],[3.53715806]
[3.50294286],[1.60679558],[4.41666316]
[1.30819016],[1.09998457],[1.06440672]
[1.50202877],[0.4856831],[0.52979126]
[2.29020432],[0.8940008],[1.47639621]
[2.44809935],[1.04009316],[2.34363571]
[2.57100407],[1.25856165],[2.98020784]
[2.91734435],[1.38862756],[3.45500724]
[3.24117379],[1.47335265],[3.86252467]
[3.55245911],[1.50648431],[4.13191078]
[3.81559548],[1.51715192],[4.51334519]
[3.89042113],[1.51685344],[4.67893081]
[3.9978545],[1.51223651],[4.78107804]
[4.01031369],[1.52558956],[4.70571041]
[4.15408072],[1.51974458],[4.81046598]
[4.12348626],[1.53072517],[4.79825002]
[4.34863611],[1.52562643],[4.95874833]
[4.33846117],[1.53870812],[4.97845956]
[4.450337],[1.53167903],[5.14913813]
[4.41336444],[1.5458046],[5.14134205]
[4.48811277],[1.53894221],[5.30466697]
[4.44279862],[1.55391694],[5.30781866]
[4.49815815],[1.54607295],[5.49905868]
[4.45778567],[1.56214894],[5.51928571]
[4.51517072],[1.55238152],[5.67658654]
[4.47524939],[1.56762807],[5.66442982]
[4.52696674],[1.55875715],[5.78098615]
[4.50196956],[1.57657484],[5.765649]
[4.55613254],[1.56827615],[5.86581561]
[4.52980682],[1.58675804],[5.8444478]
[4.58443297],[1.57863559],[5.95112123]
[4.57872971],[1.59772522],[5.96856876]
[4.62837135],[1.59080668],[6.0671386]
[4.67737605],[1.59623783],[6.14279486]
[4.67078252],[1.58786401],[6.16775377]
[4.73046229],[1.5758168],[6.20655556]
[4.71024694],[1.56426599],[6.15510673]
[4.76986368],[1.54798762],[6.13664974]
[4.74082649],[1.53244345],[6.04701584]
[4.7185466],[1.51350267],[5.91714337]
[4.66142157],[1.49456403],[5.75091352]
[4.60086008],[1.47968434],[5.5579496]
[4.53954034],[1.46505374],[5.37620198]
[4.48197653],[1.45508236],[5.19781582]
[4.45363132],[1.44230948],[5.04383407]
[4.43402179],[1.43207688],[4.90871364]
[4.40878709],[1.42247358],[4.79169187]
[4.38909768],[1.40281231],[4.6996147]
[4.3721024],[1.38403429],[4.6156943]
[4.35064901],[1.36440984],[4.51297399]
[4.31690317],[1.34511008],[4.38097508]
[4.29534145],[1.32592626],[4.25588598]
[4.26992037],[1.31513166],[4.12053159]
[4.19075579],[1.30091825],[3.95971949]
[4.08053871],[1.28838104],[3.83540281]
[3.73238118],[1.2766393],[3.60131353]
[3.53043978],[1.63372444],[4.51082217]
[1.30224552],[1.09744591],[1.0740066]
[1.51855833],[0.52214798],[0.58865175]
[2.30481638],[0.90664796],[1.50864204]
[2.45440999],[1.04618539],[2.32345371]
[2.62581119],[1.24571803],[2.98559997]
[2.95167817],[1.3981036],[3.45864412]
[3.25024636],[1.48263474],[3.8579202]
[3.60255921],[1.50931877],[4.12208316]
[3.85574334],[1.51255684],[4.55859203]
[3.91986856],[1.52606298],[4.72346797]
[4.01891971],[1.52260772],[4.77526919]
[4.02681991],[1.5350539],[4.75368707]
[4.22838338],[1.53295551],[4.89132434]
[4.19346819],[1.54544434],[4.88191042]
[4.38225224],[1.54236672],[5.06865709]
[4.38096269],[1.55545355],[5.12930624]
[4.47593759],[1.55281009],[5.33519795]
[4.44739938],[1.56663581],[5.33979224]
[4.5122664],[1.5633382],[5.54386466]
[4.47639877],[1.57653413],[5.56325808]
[4.53175151],[1.57325708],[5.74823955]
[4.50873704],[1.58689017],[5.78332714]
[4.56133924],[1.58176322],[5.9321572]
[4.54043977],[1.59430388],[5.94115787]
[4.59002669],[1.58851933],[6.05218259]
[4.5858521],[1.60410235],[6.05782865]
[4.63935309],[1.59909014],[6.15760366]
[4.63268325],[1.61428685],[6.16067123]
[4.67631635],[1.61057929],[6.26775469]
[4.68081062],[1.62471053],[6.30470558]
[4.71940951],[1.62180272],[6.40185117]
[4.78045917],[1.62737824],[6.50683799]
[4.76137633],[1.62357325],[6.52280918]
[4.83350349],[1.61333251],[6.59836659]
[4.80115427],[1.59519151],[6.52284312]
[4.90950356],[1.57640609],[6.54414264]
[4.8321944],[1.55774196],[6.43206848]
[4.81914711],[1.53823043],[6.27300734]
[4.76251831],[1.52055636],[6.06581506]
[4.70228581],[1.50584239],[5.85587114]
[4.64204391],[1.49216698],[5.65789944]
[4.56869908],[1.47917474],[5.46210876]
[4.50949722],[1.46346739],[5.29862684]
[4.47476066],[1.44973873],[5.1528369]
[4.43701659],[1.43817515],[4.99511354]
[4.41624824],[1.41807831],[4.86802783]
[4.40383741],[1.39852678],[4.76032956]
[4.3871842],[1.38057097],[4.64874599]
[4.36028006],[1.3609579],[4.49862754]
[4.34451833],[1.34009995],[4.37419639]
[4.32453265],[1.32277099],[4.24809051]
[4.2673697],[1.30867256],[4.07793645]
[4.18793642],[1.29598774],[3.93518102]
[3.76042818],[1.28438439],[3.65482868]
[3.58226873],[1.65120905],[4.65107733]
[1.31823784],[1.10248999],[1.1592615]
[1.50799443],[0.48949513],[0.54634236]
[2.29423705],[0.89970741],[1.49158206]
[2.45124098],[1.05026681],[2.27640148]
[2.63761689],[1.2377509],[2.98045357]
[2.9498462],[1.40743281],[3.45472283]
[3.25891081],[1.49191187],[3.85610123]
[3.62740005],[1.51976502],[4.14929236]
[3.87332578],[1.52182789],[4.60935596]
[3.93626372],[1.53876636],[4.7821103]
[4.0308579],[1.53481242],[4.82764617]
[4.03972136],[1.55506482],[4.83513086]
[4.3010335],[1.5572522],[5.01207575]
[4.27452063],[1.57379108],[5.03301417]
[4.42915756],[1.56934087],[5.27703224]
[4.43795913],[1.58401012],[5.38407116]
[4.5275472],[1.58201734],[5.63502157]
[4.51704626],[1.5973935],[5.65206036]
[4.57421917],[1.593592],[5.83578967]
[4.56217392],[1.6082728],[5.87749332]
[4.61028341],[1.60445009],[6.0439803]
[4.60910265],[1.61846955],[6.10410503]
[4.66100786],[1.61298264],[6.26945007]
[4.66351855],[1.62452784],[6.31932155]
[4.69863773],[1.619705],[6.42801001]
[4.70695303],[1.63193313],[6.45799683]
[4.74818878],[1.62891061],[6.54720126]
[4.75397552],[1.64180424],[6.56663706]
[4.7845355],[1.63951767],[6.65868762]
[4.80106889],[1.6534525],[6.72479875]
[4.82597087],[1.66188653],[6.83515011]
[4.95359488],[1.67530547],[6.99746561]
[4.9074163],[1.68720634],[7.0181076]
[5.04718],[1.69268285],[7.13652743]
[5.01817156],[1.67104427],[7.12883725]
[5.13008022],[1.64956655],[7.15029426]
[5.10485345],[1.62722746],[7.09353137]
[5.05405576],[1.59990059],[6.95464217]
[4.99173986],[1.56348348],[6.72968772]
[4.86331398],[1.54259363],[6.42378833]
[4.79455797],[1.52887468],[6.15645555]
[4.72857838],[1.51519162],[5.94000847]
[4.67316876],[1.49926825],[5.75253405]
[4.62296732],[1.48336643],[5.57593286]
[4.56479406],[1.46923749],[5.39417363]
[4.5192609],[1.44646758],[5.23176307]
[4.49354809],[1.42293918],[5.08153841]
[4.46470696],[1.40135608],[4.9348203]
[4.42883131],[1.38066171],[4.75892137]
[4.4114148],[1.35754442],[4.57541618]
[4.39587842],[1.34040455],[4.41618586]
[4.35582013],[1.32441042],[4.25545701]
[4.30837191],[1.3119696],[4.09889202]
[3.91610463],[1.30028576],[3.80036148]
[3.66827667],[1.66701626],[4.80673595]
[1.38643883],[1.12414322],[1.25984704]
[1.52240015],[0.5199072],[0.59479871]
[2.30607122],[0.91287403],[1.51758105]
[2.46048664],[1.05800959],[2.29852896]
[2.67734665],[1.24156648],[3.02872762]
[2.97441769],[1.42653501],[3.49339586]
[3.28301002],[1.5100784],[3.89813497]
[3.65675027],[1.53882321],[4.2027752]
[3.89340277],[1.54124178],[4.69730884]
[3.94991779],[1.56052598],[4.88262041]
[4.05221996],[1.56216584],[4.95524638]
[4.07591625],[1.58379503],[4.98442634]
[4.3259319],[1.59301687],[5.20172641]
[4.30243141],[1.60871413],[5.27929875]
[4.45577624],[1.60720263],[5.59446853]
[4.4886934],[1.61878331],[5.71831603]
[4.56946657],[1.62004296],[5.94531402]
[4.57696341],[1.63167704],[5.98210144]
[4.6428064],[1.63112005],[6.15700745]
[4.65290378],[1.64059312],[6.21968234]
[4.69294217],[1.63948977],[6.39865566]
[4.70473424],[1.65044922],[6.48918031]
[4.74897337],[1.65853002],[6.65924482]
[4.76598907],[1.67851701],[6.72963439]
[4.79167187],[1.69669193],[6.84071343]
[4.80993764],[1.70289629],[6.90627842]
[4.83941263],[1.70767685],[7.028374]
[4.87580506],[1.7099853],[7.08933002]
[4.92564156],[1.72112846],[7.23902622]
[4.96535862],[1.73514565],[7.32049318]
[5.03509941],[1.74479289],[7.51522886]
[5.14577031],[1.77018555],[7.68701236]
[5.18619882],[1.77210171],[7.80184079]
[5.26684407],[1.79075384],[7.90414309]
[5.32082414],[1.77476287],[7.97646515]
[5.3867337],[1.75580938],[7.97963678]
[5.44108441],[1.73632735],[8.00190129]
[5.40325656],[1.71188858],[7.87093854]
[5.37218302],[1.67716789],[7.6671061]
[5.266663],[1.63496013],[7.33485458]
[5.12129214],[1.58229781],[6.97632119]
[4.95106307],[1.56248487],[6.61668365]
[4.82491258],[1.54719942],[6.31198532]
[4.77224348],[1.53154982],[6.09146849]
[4.71309551],[1.51592217],[5.87740212]
[4.66277558],[1.49445204],[5.68698909]
[4.6141655],[1.47105506],[5.50277937]
[4.57042745],[1.44744582],[5.32981015]
[4.51983912],[1.42269355],[5.15516495]
[4.49359918],[1.39552476],[4.94161342]
[4.4650223],[1.37088287],[4.73624233]
[4.4150821],[1.35068891],[4.52501699]
[4.36421788],[1.33429826],[4.36089256]
[3.98841618],[1.32101706],[4.0141004]
[3.72915606],[1.68644392],[5.03585722]
[1.54469681],[1.20318308],[1.44524965]
[1.53634329],[0.54874967],[0.64337782]
[2.31873059],[0.91926765],[1.53997379]
[2.46827257],[1.05775285],[2.26463105]
[2.71392464],[1.23159084],[3.01054816]
[2.99925702],[1.4370646],[3.47327002]
[3.30879947],[1.52084777],[3.90203357]
[3.68337089],[1.55266703],[4.22898677]
[3.91151598],[1.56022171],[4.74506676]
[3.96294445],[1.58279857],[4.88319414]
[4.10730832],[1.59032545],[5.06478754]
[4.1363608],[1.61309946],[5.15435563]
[4.34801099],[1.62556995],[5.45137514]
[4.35519818],[1.63574661],[5.56680522]
[4.50488958],[1.63720312],[5.91978563]
[4.5373496],[1.64543163],[6.07171225]
[4.6262167],[1.64956126],[6.30981541]
[4.65540238],[1.65779277],[6.36824508]
[4.71392822],[1.66202287],[6.55335202]
[4.73389111],[1.68483811],[6.62872329]
[4.76452393],[1.71231967],[6.81670637]
[4.78435818],[1.73901705],[6.93652879]
[4.82009122],[1.7590107],[7.16032037]
[4.85072753],[1.78129079],[7.28838204]
[4.97186392],[1.80115459],[7.48828252]
[4.9962798],[1.81067953],[7.58404604]
[5.14140272],[1.81879354],[7.81448273]
[5.14911153],[1.82371928],[7.87881419]
[5.3093213],[1.83231853],[8.11820129]
[5.29240854],[1.84334176],[8.18502932]
[5.46640439],[1.85141247],[8.46542366]
[5.50574797],[1.86783186],[8.61319717]
[5.59625423],[1.87200084],[8.8310961]
[5.62481872],[1.88357694],[8.89528389]
[5.6834867],[1.87484372],[9.02190783]
[5.74326038],[1.85924851],[9.04551854]
[5.78394754],[1.84347945],[9.05566362]
[5.85672332],[1.82335758],[8.94525121]
[5.84844964],[1.79170389],[8.75433471]
[5.70278863],[1.75667883],[8.42483831]
[5.52448052],[1.71830059],[8.00314089]
[5.34947263],[1.6749284],[7.57291392]
[5.19617596],[1.63297244],[7.19725678]
[5.05598109],[1.58956979],[6.85375269]
[4.90381149],[1.55581513],[6.48732398]
[4.81426325],[1.53526157],[6.19310462]
[4.76430089],[1.51257344],[5.96313602]
[4.71655148],[1.48936713],[5.7517693]
[4.65710314],[1.46458087],[5.536874]
[4.60912247],[1.43744153],[5.31697274]
[4.56650361],[1.41139945],[5.08689578]
[4.51563482],[1.38528142],[4.8366473]
[4.47199683],[1.36455647],[4.63244321]
[4.09802983],[1.34651923],[4.28568865]
[3.87634052],[1.74636965],[5.26709589]
[1.65031933],[1.25259662],[1.55599471]
[1.54956545],[0.5773986],[0.69141764]
[2.33084943],[0.92544049],[1.56192636]
[2.47560138],[1.05750839],[2.1502934]
[2.74815429],[1.2367614],[2.98205563]
[3.0276076],[1.44506621],[3.43449459]
[3.36134977],[1.53279052],[3.89949686]
[3.70835196],[1.57046929],[4.26147929]
[3.92914795],[1.58222472],[4.76336372]
[3.97777015],[1.60522735],[4.95086285]
[4.16518369],[1.61776364],[5.2278446]
[4.19051617],[1.63729356],[5.35455568]
[4.40216407],[1.64997413],[5.72533511]
[4.42528466],[1.66079342],[5.88006308]
[4.55052203],[1.66260186],[6.24171816]
[4.59114012],[1.69127435],[6.40348104]
[4.69391282],[1.72756054],[6.6711412]
[4.73378849],[1.75389195],[6.79390644]
[4.78628053],[1.77300384],[7.00718334]
[4.81933796],[1.79528829],[7.12642586]
[4.85139414],[1.81272381],[7.37599548]
[4.92339027],[1.83124698],[7.58584367]
[5.11812488],[1.84645152],[7.90245179]
[5.20656549],[1.86627432],[8.06518841]
[5.40785854],[1.88297793],[8.35665931]
[5.39335007],[1.89269327],[8.44154104]
[5.57227385],[1.90079847],[8.76425949]
[5.56383434],[1.90604173],[8.79241423]
[5.70340329],[1.91161854],[9.09891093]
[5.72336433],[1.92122107],[9.14203882]
[5.84084937],[1.92902178],[9.44200071]
[5.93401397],[1.94448448],[9.60993601]
[5.97816492],[1.94894711],[9.80486394]
[6.06393341],[1.95967897],[9.92219846]
[6.07079299],[1.95221707],[10.00756034]
[6.19350407],[1.937831],[10.10217655]
[6.20469605],[1.92319614],[10.08415621]
[6.29401114],[1.90122212],[10.05291964]
[6.32206535],[1.87306909],[9.87263356]
[6.23734842],[1.84352694],[9.57465155]
[6.03845411],[1.81127564],[9.11958311]
[5.82764061],[1.77225762],[8.61529818]
[5.64274493],[1.73500825],[8.18458259]
[5.46173252],[1.69626051],[7.77555447]
[5.28050368],[1.64508829],[7.34202303]
[5.14338895],[1.59004881],[6.95774206]
[5.02091898],[1.54917288],[6.58338502]
[4.90961546],[1.52654283],[6.22610871]
[4.80893853],[1.50255974],[5.95284098]
[4.75859913],[1.47666571],[5.73201223]
[4.71151462],[1.45161752],[5.4643054]
[4.64763695],[1.42487615],[5.20011091]
[4.58506439],[1.39700062],[4.94957146]
[4.20230159],[1.37732857],[4.56613636]
[4.06722491],[1.80168383],[5.54791801]
[1.77992074],[1.30359918],[1.73430378]
[1.54330435],[0.62413015],[0.69822138]
[2.32675243],[0.91972291],[1.55247002]
[2.47930502],[1.05756932],[2.04803187]
[2.75356576],[1.24073719],[2.94731094]
[3.02365568],[1.45334121],[3.40827055]
[3.37910922],[1.54733897],[3.90862632]
[3.72111272],[1.58987059],[4.31123604]
[3.94009825],[1.60402771],[4.82256108]
[3.9901681],[1.62860174],[5.10243146]
[4.24293721],[1.64226644],[5.47323808]
[4.30255359],[1.66738287],[5.68728995]
[4.47237678],[1.68000344],[6.11527258]
[4.50295746],[1.69602005],[6.31326985]
[4.60822889],[1.73866317],[6.64334371]
[4.70088518],[1.79255941],[6.85927197]
[4.80070275],[1.82729325],[7.18739891]
[4.87695558],[1.85240228],[7.36849425]
[4.97549434],[1.86769692],[7.63744728]
[5.04598773],[1.88448682],[7.84715658]
[5.13383235],[1.89980297],[8.18529582]
[5.17676305],[1.91632052],[8.38284259]
[5.43487716],[1.93015658],[8.75766259]
[5.52163323],[1.94626742],[8.92730132]
[5.69950331],[1.95881015],[9.28341862]
[5.73237697],[1.96671695],[9.38227624]
[5.86746617],[1.97443453],[9.71651123]
[5.92010976],[1.98002717],[9.78952151]
[6.03625506],[1.98478003],[10.07135542]
[6.11455264],[1.99364991],[10.17237416]
[6.19818181],[2.00138179],[10.41549703]
[6.35186432],[2.01578125],[10.65912568]
[6.38462563],[2.02018258],[10.81994993]
[6.47741049],[2.03057515],[11.02123137]
[6.52976482],[2.02514866],[11.09689]
[6.59490956],[2.01162078],[11.23320744]
[6.6773236],[1.99796499],[11.23426393]
[6.71187797],[1.97564775],[11.20254644]
[6.81159346],[1.94861249],[11.08167345]
[6.76327676],[1.92033029],[10.82180069]
[6.63465333],[1.89137719],[10.42170798]
[6.39966146],[1.85916021],[9.86250137]
[6.18172762],[1.82886574],[9.35986998]
[5.97352269],[1.79594187],[8.87478775]
[5.77613579],[1.75513702],[8.39089544]
[5.56041603],[1.70450357],[7.93617151]
[5.41298463],[1.63289806],[7.49154802]
[5.29478279],[1.56333506],[7.07625177]
[5.16181314],[1.54085938],[6.64206571]
[5.04668272],[1.51590666],[6.28646107]
[4.94272692],[1.4920985],[5.95258629]
[4.82566962],[1.4661085],[5.63820924]
[4.76601209],[1.43735656],[5.37696948]
[4.35686142],[1.41667746],[4.94932812]
[4.21235238],[1.82962019],[5.76453953]
[1.86576504],[1.33381264],[1.90789323]
[1.55717349],[0.86539609],[0.82569976]
[2.34112905],[0.92806791],[1.573912]
[2.48681242],[1.06652413],[2.08908504]
[2.77895667],[1.2800709],[2.99868467]
[3.06041779],[1.48701849],[3.48569546]
[3.42624749],[1.58025629],[4.01824749]
[3.75237108],[1.62402744],[4.47221938]
[3.98082825],[1.63772543],[5.06570645]
[4.07096333],[1.66356226],[5.40162044]
[4.36857147],[1.67747161],[5.96192914]
[4.41559412],[1.70157936],[6.18766336]
[4.55106076],[1.71368336],[6.53783353]
[4.58566613],[1.76706191],[6.74340519]
[4.71377648],[1.82010271],[7.09470108]
[4.82727227],[1.87136615],[7.36904401]
[4.97477695],[1.89725434],[7.75057958]
[5.07346295],[1.91837963],[8.04292422]
[5.21560377],[1.93352185],[8.41698113]
[5.27358738],[1.95098564],[8.63798075]
[5.42413439],[1.96722188],[9.01147657]
[5.49701448],[1.98444624],[9.21540395]
[5.72441569],[1.99877189],[9.66529515]
[5.82953974],[2.01534431],[9.87047663]
[6.00669537],[2.02779996],[10.23912244]
[6.082069],[2.0375375],[10.40544352]
[6.17791705],[2.04510456],[10.72764844]
[6.27979674],[2.05046333],[10.91436814]
[6.38618026],[2.05467236],[11.18414986]
[6.46159667],[2.0614774],[11.35639085]
[6.57316747],[2.06852826],[11.57670377]
[6.66578048],[2.08355113],[11.82610748]
[6.76410748],[2.08673528],[11.98952984]
[6.82288083],[2.0985253],[12.17221727]
[6.93916342],[2.08825463],[12.3016988]
[6.97930119],[2.07660871],[12.40799514]
[7.12562916],[2.06387543],[12.53790346]
[7.1600996],[2.04200706],[12.47414578]
[7.2431683],[2.01726693],[12.45777556]
[7.26442873],[1.98862594],[12.21469546]
[7.20056035],[1.9611571],[11.85907184]
[7.02718912],[1.93133084],[11.25157259]
[6.79941194],[1.90388113],[10.65791519]
[6.57890509],[1.87539219],[10.128997]
[6.34795884],[1.84325743],[9.57640439]
[6.13256084],[1.79880075],[9.05366643]
[5.93138642],[1.73608357],[8.54554097]
[5.7153554],[1.6631663],[8.03694899]
[5.46850773],[1.58418815],[7.50432453]
[5.35510428],[1.56075887],[7.08156351]
[5.24955987],[1.53845574],[6.6665796]
[5.13003372],[1.51309859],[6.18074786]
[5.02473637],[1.4834812],[5.87603963]
[4.4960212],[1.45498017],[5.39574415]
[4.33133269],[1.85617773],[6.02933624]
[2.08454183],[1.37486807],[2.14517016]
[1.57051513],[0.93810233],[1.03070721]
[2.35770135],[0.93903901],[1.60506978]
[2.49971371],[1.10270908],[2.1526666]
[2.82459137],[1.31641785],[3.05412653]
[3.12780752],[1.52253756],[3.60583266]
[3.51956874],[1.61405465],[4.1553508]
[3.82851734],[1.65400881],[4.68815231]
[4.12203883],[1.6690717],[5.3141529]
[4.2635121],[1.69406935],[5.83517083]
[4.47365282],[1.70907081],[6.40218322]
[4.51200474],[1.74887465],[6.62233826]
[4.62080666],[1.80143105],[6.97041413]
[4.70258153],[1.85968606],[7.22155031]
[4.8225185],[1.90490629],[7.59706727]
[5.01826395],[1.9471911],[7.96864465]
[5.18179311],[1.96973113],[8.45420863]
[5.28456818],[1.98983639],[8.84905955]
[5.47066165],[2.00463383],[9.24324701]
[5.51220152],[2.02105941],[9.4848825]
[5.71634127],[2.03558136],[9.95148757]
[5.80247843],[2.05096081],[10.16939029]
[5.99057625],[2.06431275],[10.56509797]
[6.13313697],[2.08051188],[10.85023131]
[6.32764705],[2.09344434],[11.26191023]
[6.43324976],[2.10489756],[11.56173111]
[6.53526781],[2.1137395],[11.86043527]
[6.59051419],[2.1205547],[12.13555906]
[6.74647969],[2.12734592],[12.45142255]
[6.78511622],[2.13556961],[12.65005275]
[6.96001652],[2.1425426],[12.97755649]
[7.00665821],[2.15733873],[13.2184304]
[7.16510708],[2.16064463],[13.51173099]
[7.208488],[2.17097677],[13.65161398]
[7.30207383],[2.15921602],[13.83147472]
[7.36316018],[2.14637304],[13.89134409]
[7.43709545],[2.130639],[13.96032543]
[7.54390446],[2.109768],[13.91802662]
[7.58584126],[2.08654469],[13.82927033]
[7.66356496],[2.06010342],[13.69052959]
[7.59808491],[2.03406001],[13.34077813]
[7.512992],[2.00719507],[12.83479293]
[7.30296066],[1.98167353],[12.20341882]
[7.08996644],[1.95557872],[11.54086065]
[6.86751677],[1.92776032],[10.89407759]
[6.65332171],[1.89439606],[10.33981347]
[6.44282374],[1.8473774],[9.79322167]
[6.25385657],[1.78798214],[9.24373617]
[6.05053571],[1.71525409],[8.6038506]
[5.81695951],[1.64029271],[8.02619179]
[5.54622589],[1.57531992],[7.50586296]
[5.40574855],[1.55004862],[6.98836804]
[5.29538667],[1.52078017],[6.45202733]
[4.79420857],[1.4913056],[5.87249488]
[4.4491072],[1.91732463],[6.25165933]
[2.17750894],[1.40034284],[2.29271344]
[1.58230387],[0.98128315],[1.21558099]
[2.38687687],[0.95954837],[1.66491893]
[2.52239431],[1.16745861],[2.31107889]
[2.88943263],[1.36217991],[3.19720118]
[3.23305642],[1.55772509],[3.76999605]
[3.6309825],[1.64509048],[4.33941017]
[3.89929843],[1.68164802],[4.92441658]
[4.26301582],[1.69850462],[5.63558742]
[4.4041128],[1.72214129],[6.28424837]
[4.55592692],[1.76682852],[6.78384978]
[4.59584351],[1.83333012],[7.04310753]
[4.71545542],[1.88066789],[7.40079377]
[4.82786244],[1.93248793],[7.73787583]
[5.00711513],[1.971628],[8.18585374]
[5.17257838],[2.01075652],[8.618808]
[5.41459227],[2.03095973],[9.16890826]
[5.50349374],[2.04958197],[9.63429677]
[5.72958405],[2.0635266],[10.15825164]
[5.8050473],[2.07981798],[10.41808843]
[5.99434927],[2.09486962],[10.85160221]
[6.12672738],[2.11281256],[11.17006222]
[6.28215887],[2.1283767],[11.56603337]
[6.45816763],[2.15536317],[11.97591467]
[6.64366985],[2.17884595],[12.3846381]
[6.74457652],[2.20313398],[12.74631986]
[6.92060252],[2.22108315],[13.17979987]
[6.93143896],[2.22921231],[13.47277798]
[7.14751895],[2.23746833],[13.93758107]
[7.16187527],[2.2591635],[14.11717065]
[7.33867717],[2.27779041],[14.50454033]
[7.39517596],[2.2980081],[14.72244373]
[7.47844056],[2.30585834],[14.96918538]
[7.57670198],[2.33388745],[15.16354065]
[7.63339885],[2.33066852],[15.28438098]
[7.75823948],[2.34866785],[15.4160268]
[7.80816637],[2.29304557],[15.40242397]
[7.96218285],[2.24251401],[15.45091992]
[8.00488985],[2.19028392],[15.32136695]
[8.04572934],[2.13436459],[15.18289382]
[8.01007982],[2.09636046],[14.85060006]
[7.97126917],[2.07067253],[14.38828726]
[7.80533306],[2.04718002],[13.78357332]
[7.56734632],[2.02284686],[13.07524736]
[7.3407973],[1.99639617],[12.3543841]
[7.12220197],[1.96638025],[11.67950938]
[6.90801909],[1.92416811],[10.99094576]
[6.68905182],[1.87406346],[10.38924907]
[6.48381167],[1.81245642],[9.7436424]
[6.29376843],[1.7467293],[9.06584608]
[6.0731673],[1.67308862],[8.42172417]
[5.78555704],[1.58836885],[7.80760229]
[5.57669528],[1.54911975],[7.18955973]
[5.10713114],[1.52021784],[6.47303556]
[4.71992971],[1.96245134],[6.506222]
[2.35814352],[1.42685648],[2.51179224]
[1.59007568],[1.02502071],[1.37489211]
[2.41258968],[0.97096931],[1.71357304]
[2.55508006],[1.22091176],[2.47280892]
[2.95453442],[1.40702851],[3.34350353]
[3.30758394],[1.59148686],[3.93753844]
[3.69302711],[1.67305766],[4.52785698]
[3.97814785],[1.71153176],[5.1745527]
[4.36493945],[1.72547553],[5.99186067]
[4.51499464],[1.78370331],[6.67688009]
[4.63131692],[1.8418438],[7.1842232]
[4.70421701],[1.90806174],[7.48638121]
[4.82917737],[1.95014064],[7.89605204]
[5.01691395],[1.99469778],[8.3615587]
[5.17965464],[2.03058683],[8.80475184]
[5.3514156],[2.0664677],[9.26183244]
[5.64768543],[2.08531286],[9.92736083]
[5.75592965],[2.10303874],[10.46359284]
[6.00052445],[2.11726453],[11.02855141]
[6.12734707],[2.13510477],[11.42288236]
[6.28185329],[2.15978544],[11.83869307]
[6.45793639],[2.18718492],[12.295426]
[6.62319093],[2.210818],[12.67824291]
[6.73445969],[2.23924867],[13.08264673]
[6.97832843],[2.26458438],[13.59628762]
[7.08890679],[2.2919802],[13.98389668]
[7.30822397],[2.31305424],[14.5335923]
[7.32282813],[2.37323422],[14.83922349]
[7.46202157],[2.40802162],[15.31553678]
[7.52259364],[2.42655708],[15.58296227]
[7.6521488],[2.44236028],[15.95440851]
[7.77926754],[2.46506997],[16.27842381]
[7.81907945],[2.4718477],[16.47346007]
[7.99121136],[2.49545827],[16.77868697]
[8.04150951],[2.49425553],[16.85709178]
[8.13897313],[2.50305231],[17.01618159]
[8.17431867],[2.46602535],[16.99654011]
[8.24398548],[2.4208144],[16.96427574]
[8.3537422],[2.37583412],[16.87319279]
[8.36610834],[2.31599689],[16.66658688]
[8.38287192],[2.22210932],[16.37288569]
[8.32130265],[2.13796474],[15.90383274]
[8.26538123],[2.10401633],[15.35097457]
[8.05456384],[2.08258989],[14.66281272]
[7.85847922],[2.05957794],[13.94970903]
[7.60573017],[2.03513458],[13.21864219]
[7.38683426],[1.99996808],[12.49589208]
[7.16581389],[1.95462374],[11.8077894]
[6.94843467],[1.90139837],[11.03683059]
[6.73934771],[1.84696035],[10.34870956]
[6.52549588],[1.78398212],[9.56460912]
[6.27984],[1.70701241],[8.80385431]
[6.01086413],[1.62581882],[8.14583774]
[5.47730879],[1.55256857],[7.21931749]
[5.11991081],[1.99805521],[6.85901613]
[2.476688],[1.44483344],[2.73240479]
[1.6039307],[1.05156744],[1.58782264]
[2.45247381],[0.9978219],[1.78975606]
[2.67623443],[1.28587481],[2.72169752]
[3.06250146],[1.46070264],[3.56738865]
[3.42471628],[1.6347034],[4.16149885]
[3.79407579],[1.70707727],[4.82135501]
[4.08033517],[1.74466052],[5.50255796]
[4.4582853],[1.75756404],[6.43370315]
[4.59485641],[1.85013256],[7.06652175]
[4.71699866],[1.91283279],[7.61055841]
[4.82153784],[1.97489423],[8.00714286]
[5.00529881],[2.01135768],[8.51601825]
[5.1650679],[2.05255835],[8.98418583]
[5.37011728],[2.08535209],[9.4550964]
[5.53362789],[2.11826118],[9.97755392]
[5.84952432],[2.13981263],[10.76058206]
[6.02543191],[2.1654416],[11.36371346]
[6.28972601],[2.18806063],[11.99930779]
[6.46209932],[2.21565843],[12.56411239]
[6.63087121],[2.24163222],[13.00513265]
[6.74792165],[2.27031189],[13.42461941]
[6.99283227],[2.2950593],[13.94876757]
[7.06017694],[2.32485495],[14.31612654]
[7.3498725],[2.35215429],[14.94859537]
[7.44201425],[2.40208092],[15.33602388]
[7.62713004],[2.44753301],[15.87389198]
[7.7053169],[2.49526866],[16.25257057]
[7.81280285],[2.52337585],[16.70099481]
[7.94509101],[2.54107406],[17.09042577]
[8.0694367],[2.55785856],[17.45709861]
[8.18817716],[2.57947284],[17.84335067]
[8.23405126],[2.58781159],[18.04182808]
[8.29752398],[2.61057356],[18.30723561]
[8.38491054],[2.61623081],[18.44333563]
[8.4436597],[2.61784236],[18.54300433]
[8.58320698],[2.58843847],[18.61232104]
[8.64596979],[2.54907918],[18.54664265]
[8.80344678],[2.51442002],[18.5577016]
[8.81725018],[2.46564337],[18.31371982]
[8.83227957],[2.38918202],[18.06020629]
[8.79187519],[2.30933282],[17.59110463]
[8.76387821],[2.23152188],[17.01857071]
[8.60232101],[2.1649387],[16.30527228]
[8.33055488],[2.10967252],[15.49622511]
[8.1109785],[2.08768713],[14.7568743]
[7.92462526],[2.05368422],[14.04279214]
[7.68573449],[2.01196292],[13.25650273]
[7.4422741],[1.96396252],[12.42202494]
[7.23297342],[1.91693489],[11.66701645]
[7.02823779],[1.8637707],[10.82418249]
[6.79454913],[1.79865456],[9.92002678]
[6.56498106],[1.72603429],[9.17943019]
[6.12972169],[1.65155204],[8.19901706]
[5.47845261],[2.03911864],[7.31794249]
[2.67193885],[1.46416947],[3.01561813]
[1.61622228],[1.08678907],[1.84163713]
[2.49041311],[1.02347273],[1.8618074]
[2.78972793],[1.33888671],[2.92123413]
[3.16579522],[1.50578985],[3.75517527]
[3.53139733],[1.6725078],[4.38185387]
[3.91503477],[1.73775508],[5.12372365]
[4.22764188],[1.77457471],[5.90637157]
[4.53660075],[1.83243898],[6.86311041]
[4.69436813],[1.92220471],[7.49965097]
[4.81498216],[1.98341725],[8.12805225]
[4.99314105],[2.03917147],[8.65541422]
[5.159583],[2.07242606],[9.14003071]
[5.31319192],[2.11172848],[9.60604901]
[5.56007352],[2.14309706],[10.19296358]
[5.75307906],[2.18488539],[10.86569362]
[6.05773475],[2.21851205],[11.64854563]
[6.33458945],[2.24827714],[12.43557161]
[6.59273169],[2.27202724],[13.12037386]
[6.75600625],[2.30059543],[13.70140282]
[6.99544056],[2.32749013],[14.29260769]
[7.06791712],[2.3572008],[14.67809525]
[7.36324977],[2.38543224],[15.31776612]
[7.43668542],[2.43127191],[15.68380256]
[7.63381501],[2.47366288],[16.26735963]
[7.79119584],[2.51944826],[16.73876745]
[8.02823396],[2.55790992],[17.29245081]
[8.14004974],[2.5968392],[17.76614977]
[8.23938372],[2.62386367],[18.21231104]
[8.29865876],[2.65286922],[18.62782468]
[8.40355333],[2.68304078],[19.04787899]
[8.47554071],[2.70765609],[19.42486466]
[8.60253486],[2.72417585],[19.74315929]
[8.66537738],[2.74911416],[19.96713939]
[8.83542029],[2.76515887],[20.26561643]
[8.89725036],[2.76189772],[20.35297575]
[8.98858146],[2.73463236],[20.48290127]
[9.03237933],[2.69299038],[20.3746249]
[9.08335225],[2.65270815],[20.27857653]
[9.13913673],[2.59608433],[20.06199472]
[9.08884992],[2.52791581],[19.7170969]
[9.10156692],[2.44986055],[19.32054472]
[9.0535516],[2.37599997],[18.75458827]
[9.01037514],[2.30993032],[18.07092253]
[8.86840562],[2.24611696],[17.26937865]
[8.64932965],[2.18575106],[16.44674055]
[8.36923557],[2.13164883],[15.65806486]
[8.15000143],[2.07552888],[14.89066]
[7.94654139],[2.03148711],[14.07160083]
[7.72458553],[1.98850829],[13.22899529]
[7.47553755],[1.94250794],[12.31594488]
[7.2471313],[1.88710306],[11.29160752]
[7.04229282],[1.8224433],[10.34466978]
[6.83018673],[1.75432648],[9.31300142]
[5.9549652],[2.09986256],[7.84139159]
[2.79225131],[1.48320761],[3.20494719]
[1.63400423],[1.11507721],[2.0362189]
[2.51546005],[1.05910447],[1.95803256]
[2.91359211],[1.38784566],[3.11310568]
[3.26661437],[1.54995514],[3.94681276]
[3.62377055],[1.70485595],[4.65488199]
[4.02738134],[1.76540053],[5.44235135]
[4.350171],[1.80577937],[6.3281683]
[4.61598696],[1.89707639],[7.24519963]
[4.81224308],[1.98572496],[7.93493376]
[4.98254783],[2.04441881],[8.6925254]
[5.13916689],[2.09753148],[9.26154495]
[5.31259461],[2.12883122],[9.74256119]
[5.47742596],[2.1730813],[10.3099081]
[5.80353552],[2.22042876],[11.10967017]
[6.00859137],[2.2719883],[11.79580518]
[6.29823896],[2.31013512],[12.63037558]
[6.61990578],[2.34173672],[13.54465973]
[6.91628477],[2.36705327],[14.32574113]
[7.07763758],[2.39754479],[14.95082907]
[7.36988945],[2.43070759],[15.66871063]
[7.44582018],[2.47185594],[16.07496057]
[7.65144903],[2.51309882],[16.66292218]
[7.81441699],[2.56114312],[17.16281979]
[8.01501269],[2.6052837],[17.70733749]
[8.19237003],[2.6491632],[18.29016544]
[8.34931197],[2.67984315],[18.8174517]
[8.41630287],[2.70919096],[19.29801282]
[8.59227395],[2.74335537],[19.85529694]
[8.59875289],[2.78037383],[20.26465301]
[8.85136761],[2.81893626],[20.89286644]
[8.92882506],[2.84362781],[21.29147953]
[9.04332428],[2.86542296],[21.71758117]
[9.09698658],[2.88969311],[21.98295017]
[9.14969762],[2.90898052],[22.20211918]
[9.20185981],[2.90415261],[22.31774122]
[9.24405104],[2.88097605],[22.39030201]
[9.41097894],[2.84397512],[22.42813849]
[9.47917991],[2.8045025],[22.29897244]
[9.61689099],[2.75085676],[22.2507101]
[9.56822564],[2.68704022],[21.89070936]
[9.58961749],[2.61156069],[21.49345207]
[9.53447059],[2.53526805],[20.82145151]
[9.50904608],[2.466396],[20.07960751]
[9.29235439],[2.40322953],[19.12320609]
[9.05547009],[2.34313694],[18.22438288]
[8.90179053],[2.27980775],[17.39286028]
[8.70275433],[2.21453482],[16.55636018]
[8.39211497],[2.12464604],[15.64271125]
[8.17219123],[2.04561595],[14.77444613]
[7.96520891],[2.00256292],[13.8621143]
[7.74320472],[1.95154393],[12.8317568]
[7.49130402],[1.89260957],[11.64343591]
[7.26105322],[1.82913369],[10.43670689]
[6.49016095],[2.14428433],[8.49915723]
[3.28803795],[1.50180457],[3.52154206]
[1.64951682],[1.14580081],[1.97421853]
[2.52027743],[0.81575912],[1.5765881]
[3.0067521],[1.09222041],[2.68468385]
[3.34116942],[1.24080397],[3.43017143]
[3.68518303],[1.35450629],[4.1499593]
[4.1065576],[1.50322399],[4.93319331]
[4.42360487],[1.68862369],[5.86928888]
[4.71550369],[1.81837186],[6.70250722]
[4.96767184],[1.93098011],[7.44850777]
[5.14184214],[1.99540785],[8.24923429]
[5.26090813],[2.04054136],[8.82528457]
[5.48989892],[2.07433257],[9.42830004]
[5.71416729],[2.12305764],[10.074017]
[6.01437318],[2.166517],[10.84347066]
[6.28167555],[2.22081461],[11.66398136]
[6.60417963],[2.25678143],[12.53935581]
[6.84389982],[2.3477446],[13.41364093]
[7.26111109],[2.39707981],[14.33819585]
[7.4325266],[2.43670765],[15.02530876]
[7.65331963],[2.46788855],[15.7251177]
[7.80573586],[2.50617997],[16.26408655]
[8.01426536],[2.53788288],[16.79209662]
[8.20896163],[2.5718298],[17.42383847]
[8.35356804],[2.60989691],[17.94993252]
[8.43748245],[2.65347188],[18.48249071]
[8.665829],[2.69330832],[19.08627713]
[8.82149799],[2.74157686],[19.61640854]
[9.04556757],[2.77902041],[20.31684604]
[9.06909728],[2.82300756],[20.75587134]
[9.18228503],[2.86586053],[21.37042539]
[9.2350345],[2.88614006],[21.83367315]
[9.28083982],[2.91182768],[22.23866831]
[9.40772984],[2.93347468],[22.65050553]
[9.47911325],[2.96382031],[22.86307601]
[9.68526991],[2.96218144],[23.18631195]
[9.74989235],[2.94990985],[23.23303063]
[9.84315082],[2.92474202],[23.31016446]
[9.89218907],[2.88878522],[23.16853916]
[9.92225415],[2.84727678],[23.03967082]
[9.91764698],[2.79293941],[22.75116633]
[9.8993184],[2.73016111],[22.39094997]
[9.88954073],[2.63284259],[21.81849749]
[9.86390193],[2.53633394],[21.03163306]
[9.82556945],[2.46975273],[20.08872037]
[9.68165951],[2.41025428],[19.11725404]
[9.40100125],[2.35302635],[18.10340633]
[9.10207721],[2.29574128],[17.17022047]
[8.93024662],[2.22141752],[16.26453734]
[8.74398724],[2.13089698],[15.37151817]
[8.45449646],[2.00781411],[14.3953533]
[8.18243168],[1.8883232],[13.3387586]
[7.97907863],[1.84178084],[12.23964861]
[7.75765844],[1.79110396],[10.87814918]
