meltWidth,meltDepth,meltArea
[1.87815257],[0.54262004],[0.59319323]
[2.07397403],[0.58128004],[0.71335266]
[2.25716625],[0.62505966],[0.8261718]
[2.35554451],[0.66161443],[0.95031031]
[2.37140865],[0.70249724],[1.05150917]
[2.46939514],[0.73631882],[1.16388337]
[2.52099218],[0.75538826],[1.23679326]
[2.53595106],[0.77307238],[1.29195018]
[2.54457016],[0.80111937],[1.33076748]
[2.58226276],[0.81432822],[1.38052637]
[2.6096336],[0.82729067],[1.40620737]
[2.65582782],[0.83519389],[1.43882748]
[2.65936766],[0.84769797],[1.4340769]
[2.63265725],[0.85866761],[1.43952165]
[2.64267159],[0.87701156],[1.43574249]
[2.62956751],[0.90171604],[1.4520046]
[2.62089889],[0.93147171],[1.45670934]
[2.58561377],[0.95187932],[1.47767259]
[2.59458998],[0.97559917],[1.48800057]
[2.58985917],[0.98518275],[1.52527192]
[2.5955348],[0.99483036],[1.53001126]
[2.58085945],[0.99934487],[1.5732202]
[2.58223839],[1.00311857],[1.55229561]
[2.57271396],[1.00630367],[1.60161491]
[2.56049393],[1.00983427],[1.58203329]
[2.55142984],[1.00964037],[1.63058696]
[2.55884915],[1.0078814],[1.60185966]
[2.5433475],[1.00554596],[1.65714838]
[2.6848048],[1.00324928],[1.66759186]
[2.56397809],[1.00124457],[1.70000717]
[2.5794478],[0.99921004],[1.69572589]
[2.55434878],[0.99775111],[1.69660379]
[2.55249391],[0.99684917],[1.69479879]
[2.55948749],[0.99630605],[1.68866127]
[2.54358818],[0.9973757],[1.68583563]
[2.53535168],[0.99873705],[1.66678722]
[2.53506123],[1.00035365],[1.6477155]
[2.52666252],[1.00213228],[1.63455483]
[2.51181597],[1.00386889],[1.61579525]
[2.50328324],[1.00542394],[1.59913242]
[2.50253863],[1.00700638],[1.58477913]
[2.48768704],[1.00839476],[1.57522577]
[2.48096675],[1.01159968],[1.57297602]
[2.47864079],[1.01978348],[1.59020478]
[2.47130885],[1.02469967],[1.60894771]
[2.45552033],[1.03141826],[1.62293054]
[2.44470301],[1.03850134],[1.65327844]
[2.45289454],[1.05602341],[1.71575321]
[2.45734638],[1.07179888],[1.78605025]
[2.46881032],[1.08421703],[1.83998316]
[2.49927959],[1.09725589],[1.90245376]
[2.16944135],[1.10318347],[1.74903794]
[1.42270167],[1.10639693],[0.96702568]
[0.],[0.],[0.]
[1.6831753],[0.42215379],[0.55194569]
[2.2353958],[0.56284985],[0.87734129]
[2.46096379],[0.6355511],[1.09384179]
[2.64271615],[0.69622473],[1.28119911]
[2.73783286],[0.74487371],[1.42237247]
[2.89270964],[0.78949268],[1.58713169]
[3.04603018],[0.80572152],[1.72238563]
[3.11188849],[0.82552546],[1.82210365]
[3.11573807],[0.83816738],[1.8531943]
[3.09592712],[0.83494213],[1.87362463]
[3.12151131],[0.83075271],[1.88071616]
[3.09223781],[0.82516905],[1.8496318]
[3.12388008],[0.84801007],[1.87229362]
[3.13905804],[0.82877688],[1.85908975]
[3.21251225],[0.86912989],[1.92647682]
[3.21588695],[0.84479128],[1.9191135]
[3.29981741],[0.89679763],[2.00354822]
[3.29873359],[0.86206005],[2.01254775]
[3.34800221],[0.893786],[2.05420901]
[3.31074604],[0.87609729],[2.0495773]
[3.38832552],[0.88773088],[2.07726433]
[3.33427408],[0.88385888],[2.07767758]
[3.39114042],[0.89700374],[2.09498692]
[3.32843725],[0.89096848],[2.08317018]
[3.4148278],[0.89938671],[2.09714721]
[3.31792545],[0.89835933],[2.07317234]
[3.40871269],[0.90156975],[2.09435845]
[3.33356372],[0.90488265],[2.07530587]
[3.42138958],[0.90788046],[2.10198013]
[3.44844773],[0.91130536],[2.1367989]
[3.45130744],[0.91449804],[2.13786055]
[3.4027825],[0.91769901],[2.13493253]
[3.44925018],[0.91977228],[2.13979235]
[3.40452206],[0.91857296],[2.12398853]
[3.41348038],[0.91628301],[2.12273445]
[3.40229835],[0.91279721],[2.11543054]
[3.38959697],[0.90935481],[2.10947182]
[3.38261087],[0.90548184],[2.10347957]
[3.36568328],[0.90145191],[2.09662961]
[3.3376132],[0.90275636],[2.08394614]
[3.32658113],[0.91136589],[2.07406558]
[3.31105222],[0.91823471],[2.06454722]
[3.28456465],[0.9306574],[2.0546641]
[3.26779397],[0.94693116],[2.05886163]
[3.2585259],[0.97413733],[2.08331127]
[3.24054847],[1.00501722],[2.11103501]
[3.21517929],[1.02991926],[2.13363661]
[3.19746205],[1.05149213],[2.1561565]
[3.17771177],[1.06763319],[2.18389504]
[3.15458081],[1.0901103],[2.22771552]
[3.15332644],[1.11836116],[2.31650701]
[3.16412469],[1.15300781],[2.4183175]
[2.8212832],[1.1801378],[2.34488008]
[2.06564789],[1.18954648],[1.60309408]
[0.],[0.],[0.]
[1.7253901],[0.49914547],[0.62203016]
[2.49382848],[0.65437902],[1.10854188]
[2.83773752],[0.72404632],[1.36937098]
[2.97748178],[0.7751608],[1.5541838]
[3.09263027],[0.80428496],[1.6737212]
[3.2163575],[0.83512318],[1.84084444]
[3.33558208],[0.85589841],[1.94347566]
[3.33373151],[0.8682125],[1.97898291]
[3.39970451],[0.86672025],[2.00919347]
[3.39454863],[0.87180652],[2.03671469]
[3.5275504],[0.88031795],[2.08710849]
[3.48705926],[0.88974509],[2.09694742]
[3.62952747],[0.89761479],[2.17579111]
[3.62821838],[0.90755296],[2.21000253]
[3.67801766],[0.91613805],[2.28470067]
[3.6328054],[0.93153303],[2.32879322]
[3.76863356],[0.94531641],[2.41900167]
[3.74741871],[0.95935752],[2.46904429]
[3.83399155],[0.97069361],[2.51927284]
[3.76938406],[0.97932733],[2.5052527]
[3.92417198],[0.98531664],[2.59285347]
[3.84125044],[0.99013036],[2.56787822]
[3.89908425],[0.99466013],[2.62256238]
[3.81981959],[0.99965972],[2.58743527]
[3.95391821],[1.00418373],[2.67558679]
[3.82706263],[1.0091815],[2.608184]
[3.9283073],[1.01342979],[2.68771123]
[3.89677888],[1.01772953],[2.66193337]
[3.94910278],[1.02251257],[2.72016285]
[4.09214845],[1.02867479],[2.86870258]
[4.01044495],[1.03427133],[2.77447082]
[4.03367641],[1.04008009],[2.77873954]
[4.0064912],[1.0432317],[2.77845942]
[4.01693453],[1.04078201],[2.75862927]
[4.01623473],[1.03490184],[2.74948644]
[3.98758951],[1.02772596],[2.72030205]
[3.98700219],[1.02178018],[2.70449997]
[3.99705021],[1.01605752],[2.69343505]
[3.98636805],[1.01105212],[2.68298551]
[3.95346725],[1.00602316],[2.66533288]
[3.93650046],[1.00076471],[2.6515479]
[3.92727299],[0.99512281],[2.6348814]
[3.89248008],[0.99035597],[2.61348581]
[3.87301646],[0.99016326],[2.61594358]
[3.86799432],[1.0162173],[2.62422574]
[3.85263348],[1.03936222],[2.62264776]
[3.81862822],[1.05784719],[2.60622123]
[3.80498657],[1.07620958],[2.59787694]
[3.79627868],[1.09263901],[2.58848008]
[3.76459684],[1.11370907],[2.58074298]
[3.74292526],[1.13030566],[2.58696784]
[3.73360085],[1.14495452],[2.61098181]
[3.19005106],[1.18047649],[2.45105283]
[2.41936444],[1.22003246],[1.81595542]
[0.],[0.],[0.]
[1.73535664],[0.53416084],[0.68658979]
[2.5278496],[0.70317491],[1.22145503]
[2.78332084],[0.76610804],[1.47667308]
[2.88725718],[0.83668245],[1.65381111]
[3.0172283],[0.85838275],[1.7745008]
[3.21089417],[0.87258725],[1.90884192]
[3.4896587],[0.8959716],[2.03597298]
[3.49948479],[0.91237008],[2.12087311]
[3.66604538],[0.92020533],[2.22296308]
[3.6360355],[0.92879883],[2.2579205]
[3.76686162],[0.93705249],[2.35003178]
[3.7142653],[0.95047569],[2.38561061]
[3.80704655],[0.96838311],[2.49916403]
[3.80445763],[0.99049439],[2.54026828]
[3.89044941],[1.00485485],[2.64480134]
[3.8702936],[1.019907],[2.66930783]
[4.03419789],[1.03073878],[2.81871716]
[4.04402646],[1.0419245],[2.86705222]
[4.14164117],[1.04890678],[2.99846048]
[4.15900434],[1.05699999],[3.02074157]
[4.27885588],[1.07541376],[3.15899895]
[4.29625077],[1.07240222],[3.16784907]
[4.31784229],[1.09792549],[3.25598192]
[4.32444643],[1.09495654],[3.24434709]
[4.39064343],[1.11098593],[3.34273274]
[4.37495707],[1.12795426],[3.31142063]
[4.40215746],[1.14112685],[3.38831073]
[4.44023995],[1.15355655],[3.37684345]
[4.44197449],[1.16382181],[3.43658173]
[4.6121749],[1.1755593],[3.60249227]
[4.49710025],[1.18636474],[3.50368503]
[4.54038751],[1.19640657],[3.52501054]
[4.47633574],[1.20245269],[3.51484334]
[4.50844351],[1.19721396],[3.51537614]
[4.49061313],[1.18521343],[3.48734231]
[4.45312097],[1.17221276],[3.45207361]
[4.44698679],[1.15867019],[3.42486842]
[4.45927341],[1.1429316],[3.40028348]
[4.46443856],[1.12927856],[3.37657548]
[4.43863675],[1.11530747],[3.33720634]
[4.43323527],[1.10090604],[3.30987279]
[4.44467539],[1.08967033],[3.2850213]
[4.41815821],[1.08765401],[3.25343353]
[4.41020877],[1.08762226],[3.23783906]
[4.40330417],[1.11071585],[3.23859179]
[4.37958671],[1.13362487],[3.22598996]
[4.33221624],[1.14829615],[3.19314824]
[4.29989556],[1.16051762],[3.16626346]
[4.27601801],[1.17070618],[3.13871162]
[4.22363909],[1.18499647],[3.10277563]
[4.18635505],[1.1977131],[3.07074664]
[4.14996989],[1.20923703],[3.04699124]
[3.61173732],[1.22139283],[2.80558464]
[2.83290402],[1.2290368],[2.09484843]
[0.],[0.],[0.]
[1.75233894],[0.52383855],[0.70007315]
[2.5386496],[0.73520044],[1.2885187]
[2.79615044],[0.8009652],[1.55758734]
[2.94831035],[0.86950177],[1.75995325]
[3.10217874],[0.897347],[1.90756449]
[3.29738353],[0.92067984],[2.06581575]
[3.61415432],[0.94480889],[2.22582343]
[3.57477674],[0.96618814],[2.31583257]
[3.72533197],[0.98006501],[2.44245201]
[3.69252306],[0.9957581],[2.49834001]
[3.82715922],[1.01205026],[2.63630563]
[3.77174444],[1.02882842],[2.65772244]
[3.88800854],[1.04258882],[2.81528656]
[3.92012054],[1.05705136],[2.87039433]
[4.01620361],[1.06811762],[3.02132499]
[4.00708207],[1.08015831],[3.04251568]
[4.16384573],[1.11247875],[3.23481021]
[4.22942713],[1.13945819],[3.28646334]
[4.30457756],[1.17033748],[3.44334264]
[4.37397837],[1.19575547],[3.49991386]
[4.47160612],[1.21158385],[3.64985046]
[4.52530541],[1.22785653],[3.67398696]
[4.53968517],[1.24179172],[3.75560211]
[4.55160079],[1.25726142],[3.75961765]
[4.62692357],[1.27002139],[3.85618134]
[4.57778584],[1.28227101],[3.82623055]
[4.61133232],[1.29239965],[3.89408577]
[4.61004292],[1.2963102],[3.89573079]
[4.61922712],[1.29954207],[3.93543558]
[4.77438139],[1.30350471],[4.15603688]
[4.63731054],[1.30723164],[4.01007125]
[4.66280772],[1.31052591],[4.04364603]
[4.61582115],[1.31139566],[4.02548801]
[4.62745016],[1.30770533],[4.02795806]
[4.62559803],[1.29968494],[3.99371575]
[4.58084389],[1.29190768],[3.95255048]
[4.57645817],[1.28367944],[3.92277797]
[4.58464633],[1.27455815],[3.89156548]
[4.58641053],[1.26604686],[3.86382594]
[4.56550453],[1.2576711],[3.82101881]
[4.56110821],[1.2501378],[3.79001145]
[4.56952568],[1.24173452],[3.75712304]
[4.54688624],[1.2359246],[3.71530827]
[4.53907846],[1.23095458],[3.6896799]
[4.53140763],[1.21755629],[3.667046]
[4.51911922],[1.21468266],[3.65238439]
[4.48695396],[1.22943179],[3.61849391]
[4.4709992],[1.2420034],[3.5892808]
[4.46211533],[1.25336939],[3.55731652]
[4.42066909],[1.26532743],[3.53381336]
[4.39167166],[1.27453971],[3.51537479]
[4.36742778],[1.28163203],[3.49616139]
[3.88269248],[1.29006337],[3.25248495]
[3.10957827],[1.30084421],[2.43257352]
[0.],[0.],[0.]
[1.86617392],[0.57652575],[0.81587443]
[2.64455612],[0.75651524],[1.37628096]
[2.88426384],[0.83179335],[1.64993005]
[3.04618269],[0.90535869],[1.89238848]
[3.23022503],[0.93546397],[2.07008249]
[3.41578213],[0.96808057],[2.26639721]
[3.76357274],[0.99848341],[2.46500417]
[3.7399974],[1.02350965],[2.58695512]
[3.85456401],[1.03752663],[2.76512447]
[3.82588242],[1.05311136],[2.8264785]
[3.9765168],[1.06619857],[3.04370867]
[3.9473324],[1.0784466],[3.0556365]
[4.09024001],[1.1175145],[3.22422329]
[4.10631741],[1.13953138],[3.29272385]
[4.18813213],[1.17483018],[3.42528167]
[4.21573581],[1.21238862],[3.47253297]
[4.35006815],[1.24111689],[3.68553783]
[4.46152011],[1.26987448],[3.79317269]
[4.52072793],[1.29266627],[3.91972653]
[4.57503309],[1.30954996],[4.00976338]
[4.68084157],[1.32252011],[4.15020556]
[4.67662182],[1.33625346],[4.19240786]
[4.69558858],[1.34481867],[4.23779435]
[4.66624435],[1.35230763],[4.25512454]
[4.72900655],[1.35807841],[4.31456937]
[4.66288369],[1.36381346],[4.31254759]
[4.69381326],[1.36892528],[4.36721601]
[4.67599352],[1.37284261],[4.3834062]
[4.68594684],[1.37616874],[4.4348315]
[4.83256017],[1.38083664],[4.64493798]
[4.71213147],[1.38523946],[4.50572321]
[4.73150933],[1.38958509],[4.57135099]
[4.70090149],[1.39005627],[4.5363305]
[4.70868915],[1.38620317],[4.54694658]
[4.7234623],[1.37841604],[4.51926172]
[4.67601203],[1.37079494],[4.47785766]
[4.67155996],[1.36154975],[4.4424546]
[4.68425864],[1.35138002],[4.39815506]
[4.67964875],[1.34188135],[4.35561269]
[4.6486533],[1.33338872],[4.29309939]
[4.64155071],[1.32492698],[4.24127066]
[4.65439409],[1.3158458],[4.1922633]
[4.63021726],[1.31167172],[4.14641569]
[4.62484327],[1.30819526],[4.11315071]
[4.62497689],[1.29903541],[4.06795293]
[4.60929187],[1.29088711],[4.0164665]
[4.57576101],[1.28314798],[3.96474867]
[4.55682498],[1.28986157],[3.92342133]
[4.54929298],[1.30085788],[3.89158462]
[4.50742711],[1.313396],[3.85997571]
[4.48530738],[1.32299505],[3.83632377]
[4.46697726],[1.32980767],[3.80960148]
[3.95313128],[1.33700494],[3.52745269]
[3.19198885],[1.34555381],[2.63480798]
[0.],[0.],[0.]
[2.00133487],[0.64535622],[0.98395951]
[2.76172095],[0.79585861],[1.48922397]
[2.99983617],[0.87381226],[1.79646528]
[3.15489444],[0.93199891],[2.06904865]
[3.36800533],[0.95991],[2.27484845]
[3.56100367],[0.99544921],[2.52132509]
[3.89138213],[1.02893592],[2.8016057]
[3.87046259],[1.05941685],[2.99676838]
[3.97335172],[1.10019889],[3.17379258]
[3.97042178],[1.12663221],[3.26495488]
[4.13598682],[1.15787182],[3.49482724]
[4.11881326],[1.18067802],[3.52603728]
[4.24078303],[1.21009777],[3.70861]
[4.28882627],[1.22572674],[3.80395274]
[4.3752616],[1.26198457],[3.93682354]
[4.44171082],[1.26884822],[4.00199667]
[4.5517043],[1.30726687],[4.23556713]
[4.65953551],[1.32389521],[4.39648615]
[4.72379121],[1.35857746],[4.52657816]
[4.74605256],[1.3550516],[4.60215261]
[4.8156007],[1.38188103],[4.73832676]
[4.80936997],[1.38282808],[4.7641476]
[4.81624216],[1.40065122],[4.76744834]
[4.77954957],[1.40703554],[4.77214088]
[4.83261849],[1.41796765],[4.86984616]
[4.76930127],[1.42556438],[4.83686108]
[4.79700838],[1.4315011],[4.8919169]
[4.78585371],[1.43686279],[4.91894824]
[4.78713842],[1.44553087],[4.95769198]
[4.91450037],[1.44657664],[5.2016942]
[4.81396199],[1.45680351],[5.05802445]
[4.83453473],[1.45770785],[5.12281971]
[4.79865185],[1.46081212],[5.09249824]
[4.80913032],[1.45882981],[5.11091689]
[4.8257967],[1.45226068],[5.08442461]
[4.77675595],[1.44887276],[5.03879823]
[4.76981214],[1.44234299],[4.99864945]
[4.78855673],[1.43365558],[4.95530145]
[4.79307679],[1.42668296],[4.91238009]
[4.75941542],[1.41885011],[4.84774291]
[4.74939606],[1.41001136],[4.79315387]
[4.76298319],[1.39996714],[4.75253782]
[4.72173439],[1.39693254],[4.70104676]
[4.7139946],[1.39357882],[4.66608702]
[4.72096489],[1.38662338],[4.62468214]
[4.70513782],[1.38030656],[4.57413471]
[4.66474144],[1.38721179],[4.5201079]
[4.64740979],[1.39307124],[4.47901524]
[4.64213632],[1.39869701],[4.43385452]
[4.60405627],[1.40358457],[4.36666446]
[4.57927129],[1.41192393],[4.31071309]
[4.56213185],[1.4194327],[4.25584283]
[4.00219039],[1.42662367],[3.9135007]
[3.24245276],[1.43282901],[2.94741845]
[0.52313629],[0.0516825],[0.01264791]
[2.04110303],[0.71045074],[1.08689691]
[2.8105601],[0.84563287],[1.6063479]
[3.02327671],[0.91400495],[1.94021349]
[3.21295385],[0.95828679],[2.24927071]
[3.46665247],[0.9922975],[2.50624912]
[3.66158869],[1.02605071],[2.75338754]
[3.94584908],[1.06583174],[3.0963826]
[3.94590718],[1.14851259],[3.26723346]
[4.0570983],[1.18066804],[3.4786438]
[4.06772106],[1.21473018],[3.59313177]
[4.21328784],[1.24068969],[3.81387689]
[4.19436773],[1.266127],[3.77341859]
[4.29555851],[1.29279198],[3.96292815]
[4.3867252],[1.31082836],[4.09615287]
[4.43238709],[1.33878762],[4.26991687]
[4.51292246],[1.35497462],[4.45424358]
[4.65054996],[1.38589681],[4.66330821]
[4.73303373],[1.40148096],[4.82858407]
[4.78384502],[1.43220513],[4.92532801]
[4.77592389],[1.42862793],[5.00327826]
[4.86916972],[1.45274834],[5.10496743]
[4.83400078],[1.44845901],[5.1481413]
[4.86798061],[1.47128894],[5.19010593]
[4.81408385],[1.46392746],[5.21716593]
[4.88121828],[1.48295472],[5.27784835]
[4.8136479],[1.48143001],[5.29328234]
[4.86324915],[1.50068511],[5.34430501]
[4.82346337],[1.49573235],[5.37524087]
[4.86204855],[1.51770057],[5.42273997]
[4.94526969],[1.51493216],[5.57521084]
[4.88755481],[1.53012194],[5.52236174]
[4.89156801],[1.53289939],[5.58310708]
[4.89292736],[1.53669542],[5.57048028]
[4.88336737],[1.53525448],[5.58951337]
[4.90903448],[1.53046343],[5.57135078]
[4.85734648],[1.52804911],[5.52810984]
[4.85112981],[1.52208806],[5.49242547]
[4.85596253],[1.5148428],[5.44657763]
[4.85422651],[1.5084078],[5.40256348]
[4.82509742],[1.50116436],[5.33974939]
[4.81370518],[1.49359831],[5.28572455]
[4.81417653],[1.48778807],[5.24957058]
[4.78664774],[1.48394057],[5.2138696]
[4.77420621],[1.48043168],[5.18760907]
[4.76784062],[1.476177],[5.15370318]
[4.74890411],[1.4730473],[5.11283627]
[4.71247435],[1.47107451],[5.05839402]
[4.69000128],[1.47344771],[5.01006081]
[4.67935495],[1.48155121],[4.96275909]
[4.63944025],[1.48823631],[4.89326375]
[4.61082495],[1.49412814],[4.83408289]
[4.58778101],[1.49950848],[4.77343623]
[4.06645995],[1.50330273],[4.41396221]
[3.30847243],[1.50595824],[3.41275547]
[0.85833194],[0.19886043],[0.1297738]
[2.13165939],[0.76796221],[1.21111682]
[2.93322603],[0.88354939],[1.80961153]
[3.09420271],[0.94868767],[2.17378162]
[3.28437107],[0.99827871],[2.50965728]
[3.51689563],[1.02996589],[2.76268991]
[3.7182272],[1.11159274],[3.06261208]
[3.99848488],[1.18003571],[3.3907789]
[4.00256567],[1.24748169],[3.57189528]
[4.13696561],[1.27730197],[3.80600266]
[4.14430377],[1.30585797],[3.93662138]
[4.29317248],[1.33607095],[4.18252815]
[4.30918485],[1.34855917],[4.1952277]
[4.39938787],[1.37433241],[4.41934162]
[4.5095971],[1.38437089],[4.6333112]
[4.59965736],[1.4099242],[4.81583234]
[4.70012622],[1.41329228],[5.03012678]
[4.87281463],[1.44293673],[5.20766012]
[4.9023168],[1.4508741],[5.33508015]
[5.02743889],[1.48025759],[5.47401139]
[4.98059474],[1.47682945],[5.54289464]
[5.11031143],[1.50161608],[5.68254352]
[5.0423358],[1.50517284],[5.69425435]
[5.12729558],[1.51999843],[5.77655321]
[5.0264685],[1.52657899],[5.76872357]
[5.13224191],[1.53497259],[5.86664881]
[5.02487863],[1.54674193],[5.85553883]
[5.12032262],[1.55285117],[5.95464894]
[5.03926972],[1.55768436],[5.95287366]
[5.11414912],[1.57172644],[6.04268562]
[5.16866329],[1.56991491],[6.18462686]
[5.14366693],[1.58857552],[6.14152993]
[5.109864],[1.5922682],[6.18345646]
[5.15496069],[1.59820629],[6.20755603]
[5.1127957],[1.59875089],[6.21051474]
[5.17146625],[1.59792332],[6.2294168]
[5.10746879],[1.59588216],[6.18209055]
[5.10031694],[1.59064262],[6.15791004]
[5.10493783],[1.58439571],[6.1231474]
[5.10139235],[1.5773618],[6.0837116]
[5.0742957],[1.57003506],[6.02576047]
[5.05231047],[1.56202441],[5.97131153]
[5.04213398],[1.55575233],[5.93604636]
[5.00440112],[1.55100846],[5.89692059]
[4.98999528],[1.55216649],[5.8746584]
[4.98262759],[1.55508848],[5.84926937]
[4.96063344],[1.5552978],[5.81306743]
[4.92290087],[1.5590258],[5.76276095]
[4.89733052],[1.56166591],[5.7111811]
[4.87780904],[1.56435667],[5.6603457]
[4.83540077],[1.56601697],[5.59967317]
[4.80356154],[1.56750591],[5.56737565]
[4.77938341],[1.56899013],[5.54003293]
[4.20133419],[1.57011795],[5.04900248]
[3.42673515],[1.57131894],[3.93335224]
[0.94452658],[0.35090912],[0.27390425]
[2.2934653],[0.82514357],[1.42781748]
[3.01795],[0.91340951],[2.03613693]
[3.15760962],[0.97318074],[2.36577797]
[3.36312465],[1.03082221],[2.77810055]
[3.60589584],[1.10464402],[3.0358554]
[3.7946448],[1.17646701],[3.29794613]
[4.0736046],[1.24637554],[3.69463554]
[4.09819799],[1.2944706],[3.90284219]
[4.23714559],[1.33099499],[4.16245839]
[4.27490736],[1.34803957],[4.33354951]
[4.4261954],[1.38002741],[4.62078243]
[4.48384486],[1.38866413],[4.74788238]
[4.59504271],[1.41524364],[4.97047592]
[4.7476574],[1.42455232],[5.22473739]
[4.88998506],[1.45202798],[5.4078958]
[4.98532126],[1.46277922],[5.57845146]
[5.20624714],[1.4887068],[5.81409252]
[5.22582528],[1.51252019],[5.9260561]
[5.33263741],[1.53014697],[6.06205268]
[5.25249156],[1.54617071],[6.08637802]
[5.38379561],[1.55801279],[6.26103415]
[5.31678351],[1.57001539],[6.24548476]
[5.3941374],[1.57679399],[6.31812209]
[5.30577647],[1.58375822],[6.27025231]
[5.4130969],[1.59065053],[6.42560563]
[5.29895941],[1.59740438],[6.35182472]
[5.38572572],[1.603904],[6.4792816]
[5.32140721],[1.60775248],[6.455813]
[5.37961245],[1.62211031],[6.57238939]
[5.4653208],[1.61941489],[6.74914753]
[5.43510911],[1.63662382],[6.72080816]
[5.42582506],[1.639056],[6.75622189]
[5.44963537],[1.64466546],[6.82757152]
[5.43676057],[1.64882444],[6.83994969]
[5.49706142],[1.64939595],[6.92457713]
[5.44049422],[1.64722164],[6.86693367]
[5.43272468],[1.64283693],[6.84770813]
[5.44939886],[1.63839088],[6.81660599]
[5.44254575],[1.63309009],[6.76566761]
[5.40858918],[1.62776137],[6.69306877]
[5.39090766],[1.62211247],[6.63966661]
[5.39163838],[1.6187309],[6.60724523]
[5.3488065],[1.61391365],[6.56392271]
[5.32853506],[1.61312617],[6.53457902]
[5.31962634],[1.616266],[6.50467652]
[5.29380565],[1.61194764],[6.46425199]
[5.2491092],[1.60751489],[6.41027476]
[5.21976574],[1.61065951],[6.35162393]
[5.20129695],[1.6128652],[6.30785084]
[5.15816865],[1.61423957],[6.2635785]
[5.12343778],[1.6161642],[6.22130537]
[5.09615048],[1.61789024],[6.18803953]
[4.44161751],[1.61780788],[5.57278774]
[3.65403219],[1.61782518],[4.39495816]
[1.02114586],[0.47472455],[0.40628764]
[2.37045647],[0.85208116],[1.64299368]
[3.07924567],[0.93826171],[2.2083024]
[3.2399275],[1.01256643],[2.56095886]
[3.49651348],[1.07556923],[3.02951755]
[3.72783546],[1.15641664],[3.27815095]
[3.85683185],[1.21528244],[3.61404185]
[4.16905645],[1.28687993],[4.03960535]
[4.2116054],[1.33192023],[4.25653415]
[4.37902575],[1.37017348],[4.57122447]
[4.4698506],[1.38869236],[4.81603076]
[4.62472351],[1.42087724],[5.10619338]
[4.73056231],[1.42838062],[5.29047322]
[4.87901456],[1.45635349],[5.50437883]
[5.00752516],[1.47983478],[5.73315032]
[5.17091258],[1.50346244],[5.92991946]
[5.23287421],[1.53034971],[6.08095389]
[5.47498645],[1.55291313],[6.33093899]
[5.4370351],[1.57231328],[6.39467131]
[5.54054438],[1.58713207],[6.56791605]
[5.48354394],[1.60032386],[6.58879608]
[5.59645843],[1.60955323],[6.77292678]
[5.54303452],[1.61837807],[6.73952551]
[5.61412063],[1.62430301],[6.86659775]
[5.54429371],[1.62977331],[6.80454124]
[5.63205627],[1.63620714],[6.97082602]
[5.53781371],[1.64299899],[6.89256437]
[5.6069041],[1.64784296],[7.05747607]
[5.54908506],[1.65359594],[7.01944537]
[5.59701484],[1.65783233],[7.16696929]
[5.67851291],[1.66282153],[7.30744389]
[5.65525403],[1.67097241],[7.35500571]
[5.64872279],[1.67304218],[7.39401835]
[5.66459548],[1.67977553],[7.47313007]
[5.65673615],[1.68433013],[7.50014377]
[5.69960561],[1.68371048],[7.58534118]
[5.65477456],[1.68051319],[7.55607544]
[5.64390503],[1.67599929],[7.53295799]
[5.65623839],[1.67199892],[7.51279943]
[5.64854638],[1.66741726],[7.46406877]
[5.60901854],[1.66366744],[7.37253858]
[5.58991543],[1.65971064],[7.31778676]
[5.58630421],[1.65658554],[7.28567731]
[5.53836468],[1.65241327],[7.19898561]
[5.51604658],[1.65151001],[7.14393048]
[5.51148802],[1.65318017],[7.12305204]
[5.48276483],[1.65028686],[7.05972575]
[5.43110057],[1.64737571],[6.94967813]
[5.40124055],[1.64521704],[6.87687937]
[5.39116812],[1.64748199],[6.80585119]
[5.32627837],[1.64909138],[6.73123687]
[5.28944815],[1.64931757],[6.66899275]
[5.26604858],[1.64900539],[6.61579916]
[4.55403798],[1.65013836],[5.90309255]
[3.76856968],[1.65106605],[4.67843537]
[1.03112085],[0.55003148],[0.47383571]
[2.35212983],[0.88102534],[1.69511582]
[3.05335627],[0.97122046],[2.23197408]
[3.29900818],[1.04314948],[2.69148284]
[3.56462236],[1.11746665],[3.18907658]
[3.78930324],[1.19973974],[3.54584236]
[3.90475204],[1.26033596],[3.90506531]
[4.24726832],[1.32934834],[4.31148937]
[4.341747],[1.37199595],[4.58547555]
[4.4864011],[1.4125852],[4.91223594]
[4.61032808],[1.43667851],[5.17496881]
[4.76073903],[1.46599638],[5.45354754]
[4.84122799],[1.49379975],[5.6331408]
[5.00799],[1.51910793],[5.84840972]
[5.10400098],[1.54544919],[6.04516885]
[5.28162658],[1.56391654],[6.2445117]
[5.33066825],[1.58471768],[6.38991429]
[5.51462857],[1.60295178],[6.63674687]
[5.49253637],[1.61917241],[6.68840511]
[5.55963315],[1.63125273],[6.87820586]
[5.49893559],[1.64075694],[6.87919084]
[5.60533904],[1.64864119],[7.09545179]
[5.56337284],[1.65684979],[7.06125483]
[5.60771493],[1.66131815],[7.19483304]
[5.54671974],[1.66680717],[7.15465202]
[5.6133896],[1.67318268],[7.3266541]
[5.53742518],[1.6799052],[7.28664398]
[5.59607266],[1.68447715],[7.45159554]
[5.55312094],[1.69004295],[7.43574467]
[5.5977335],[1.69414054],[7.57941336]
[5.68778679],[1.6989803],[7.69949439]
[5.63786503],[1.70363379],[7.74445576]
[5.6354211],[1.70947842],[7.80218574]
[5.6463854],[1.7256302],[7.88943993]
[5.64631457],[1.73826618],[7.9388537]
[5.67266833],[1.73723863],[8.00002538]
[5.64283252],[1.72859714],[7.97033146]
[5.62427897],[1.72057009],[7.93249455]
[5.63280199],[1.71243572],[7.8957452]
[5.62927065],[1.70250317],[7.84979534]
[5.61130182],[1.69757533],[7.79586271]
[5.60181566],[1.6935153],[7.75310046]
[5.59301109],[1.69088743],[7.71759451]
[5.56092549],[1.68637432],[7.65470782]
[5.52745543],[1.6827384],[7.60223467]
[5.4922504],[1.68210335],[7.54539766]
[5.4539517],[1.67904163],[7.47316921]
[5.40419604],[1.67560295],[7.37235633]
[5.37287823],[1.6721912],[7.27746315]
[5.35126304],[1.67326768],[7.17518687]
[5.3001256],[1.67455867],[7.05849866]
[5.26892846],[1.67469149],[6.97029892]
[5.24264796],[1.67468744],[6.8907375]
[4.57295751],[1.67362769],[6.14336135]
[3.78370713],[1.67251056],[4.8804837]
[1.06453167],[0.59949266],[0.52810645]
[2.37891992],[0.90324895],[1.78943607]
[3.10864395],[1.00532428],[2.36790373]
[3.39581676],[1.0707128],[3.02271075]
[3.68321354],[1.19306205],[3.57302548]
[3.88112442],[1.27243551],[3.93625425]
[4.08087667],[1.34203963],[4.32865439]
[4.38895224],[1.41001176],[4.72057899]
[4.5514975],[1.45080911],[5.03838452]
[4.66137526],[1.48688304],[5.33938585]
[4.7856774],[1.51618599],[5.61379319]
[4.94408764],[1.53770764],[5.88878]
[5.00610037],[1.55998754],[6.05718455]
[5.17603872],[1.57881303],[6.27976453]
[5.22770956],[1.60010131],[6.42764087]
[5.41225808],[1.61599111],[6.66314582]
[5.42227657],[1.6340452],[6.75251287]
[5.59253783],[1.64867275],[7.0119859]
[5.56648583],[1.65868501],[7.04743875]
[5.63778986],[1.66681993],[7.26436121]
[5.60020893],[1.67488541],[7.27571738]
[5.69692007],[1.68131628],[7.52165425]
[5.65922498],[1.68841368],[7.52641511]
[5.69877275],[1.69218176],[7.65981653]
[5.65159841],[1.69777116],[7.63886244]
[5.71880539],[1.70372783],[7.81036982]
[5.65176104],[1.7101852],[7.76975558]
[5.69992679],[1.71433768],[7.91154181]
[5.67088329],[1.71944691],[7.92019155]
[5.70660805],[1.72779143],[8.0530751]
[5.81250292],[1.74597675],[8.21098607]
[5.74922509],[1.76000602],[8.23174624]
[5.75722315],[1.77663712],[8.30253011]
[5.75848258],[1.79235443],[8.36898487]
[5.76317894],[1.81615957],[8.41971318]
[5.78113997],[1.81425559],[8.47159278]
[5.76056081],[1.80085957],[8.43658154]
[5.7460307],[1.78859265],[8.40278915]
[5.75720567],[1.7798158],[8.37337179]
[5.7549336],[1.76944129],[8.33011927]
[5.73682904],[1.76036139],[8.27268131]
[5.73088613],[1.75116988],[8.23129792]
[5.72198722],[1.74271094],[8.19170834]
[5.68574531],[1.73267554],[8.12024457]
[5.6657415],[1.72407696],[8.06790026]
[5.65471521],[1.7176007],[8.01957225]
[5.61239168],[1.70505147],[7.94280215]
[5.53421562],[1.70166792],[7.83417039]
[5.48171834],[1.69859304],[7.74841522]
[5.45062489],[1.6964017],[7.65984712]
[5.39997133],[1.69705989],[7.54025889]
[5.36485659],[1.69756066],[7.42191283]
[5.34091906],[1.69793027],[7.31515485]
[4.6370204],[1.69797306],[6.46664097]
[3.84840641],[1.69728951],[5.14777532]
[1.11699071],[0.63598061],[0.58323308]
[2.43740225],[0.93074299],[1.92563964]
[3.18223329],[1.03187067],[2.51882914]
[3.52470107],[1.12901476],[3.31739029]
[3.80227261],[1.24727926],[3.82818074]
[4.02013084],[1.32036495],[4.23189978]
[4.2604813],[1.40053861],[4.6455227]
[4.55557012],[1.4648596],[5.0674731]
[4.72826065],[1.50673541],[5.38316813]
[4.83622881],[1.54132171],[5.68881043]
[4.93641567],[1.56568754],[5.98633224]
[5.1007673],[1.5841505],[6.25395183]
[5.15202516],[1.60279957],[6.41700665]
[5.33239283],[1.61881837],[6.64039297]
[5.37857033],[1.63726168],[6.77602404]
[5.52225465],[1.65110552],[7.00362805]
[5.53995568],[1.66550229],[7.08394353]
[5.70777037],[1.67704859],[7.37505244]
[5.69754284],[1.68622356],[7.42948582]
[5.76132237],[1.69375384],[7.66177417]
[5.73651209],[1.70181005],[7.71675935]
[5.82674485],[1.70865159],[7.95875852]
[5.81100089],[1.71551918],[7.9939955]
[5.84541845],[1.71948623],[8.11712178]
[5.8069709],[1.72545165],[8.12448085]
[5.86328649],[1.73178253],[8.27226211]
[5.80057813],[1.74247163],[8.26158879]
[5.83447896],[1.75765933],[8.38640785]
[5.82120152],[1.77480564],[8.41323241]
[5.83963646],[1.7933145],[8.52827953]
[5.95495059],[1.82325638],[8.69400853]
[5.88412648],[1.84719771],[8.70262916]
[5.89594976],[1.87400502],[8.76196445]
[5.88333529],[1.89385355],[8.81606724]
[5.89779994],[1.91131165],[8.86075879]
[5.92434001],[1.91119101],[8.91754587]
[5.90491932],[1.9053828],[8.86963348]
[5.89729388],[1.89690669],[8.84130889]
[5.92552914],[1.88684929],[8.829668]
[5.93009569],[1.87375326],[8.79449902]
[5.90806624],[1.86251036],[8.73454641]
[5.90585601],[1.85119575],[8.69620494]
[5.90692295],[1.8409821],[8.6697453]
[5.86043662],[1.8272907],[8.60085019]
[5.8304305],[1.8158815],[8.55267454]
[5.82654608],[1.80502323],[8.51211176]
[5.80025411],[1.78746324],[8.44475186]
[5.74282811],[1.76562148],[8.332106]
[5.69503091],[1.74732745],[8.2354653]
[5.65522754],[1.73065514],[8.14148899]
[5.56711335],[1.71151892],[7.98832621]
[5.516245],[1.71172936],[7.86551944]
[5.48910333],[1.71181031],[7.76058966]
[4.71340421],[1.71156758],[6.80582411]
[3.92723332],[1.71110793],[5.44127244]
[1.10072628],[0.6551918],[0.59454098]
[2.40698412],[0.95446579],[1.93462426]
[3.16792475],[1.05015102],[2.55967879]
[3.55102743],[1.19059033],[3.48282723]
[3.81319986],[1.30343341],[4.00636522]
[4.0680427],[1.37298372],[4.42923398]
[4.3209356],[1.45303249],[4.84950554]
[4.62103157],[1.51105348],[5.28773119]
[4.7718813],[1.55167386],[5.60273781]
[4.88427349],[1.58050574],[5.90268593]
[4.96298707],[1.60040438],[6.18652143]
[5.13709667],[1.6169544],[6.48252007]
[5.15455519],[1.63475558],[6.61203828]
[5.36190363],[1.64984529],[6.86122154]
[5.35855774],[1.66734334],[6.96898999]
[5.48835737],[1.67852084],[7.21114071]
[5.50442069],[1.6918717],[7.28782967]
[5.6754632],[1.70323649],[7.58540348]
[5.6756254],[1.71313478],[7.66330683]
[5.73296779],[1.7207262],[7.88988952]
[5.71227078],[1.72831009],[7.96535581]
[5.79495088],[1.7348579],[8.19958019]
[5.77638798],[1.74105279],[8.26179371]
[5.80486145],[1.74436315],[8.36761467]
[5.77604932],[1.75043706],[8.39290493]
[5.82245352],[1.76492367],[8.53014255]
[5.77951316],[1.7816679],[8.53239187]
[5.80854028],[1.79875409],[8.65324813]
[5.79758658],[1.83032818],[8.67356268]
[5.81828435],[1.84621002],[8.78872578]
[5.92923443],[1.88315208],[8.9411524]
[5.8652845],[1.90607429],[8.95770671]
[5.88603352],[1.93005396],[9.01564354]
[5.87892647],[1.94747497],[9.07578547]
[5.90267365],[1.96110938],[9.11679438]
[5.91527108],[1.96021695],[9.15480031]
[5.91540369],[1.95402678],[9.12263486]
[5.90808682],[1.94772252],[9.09718203]
[5.93040903],[1.94142226],[9.08084782]
[5.93905757],[1.93281824],[9.05191142]
[5.93137096],[1.92381972],[9.01172231]
[5.93564438],[1.91510654],[8.97828011]
[5.93248476],[1.90686847],[8.94077408]
[5.89214486],[1.89581183],[8.88026292]
[5.86711925],[1.88646087],[8.83105358]
[5.85566949],[1.87800482],[8.78181246]
[5.81898959],[1.86357657],[8.71215625]
[5.76670371],[1.83802595],[8.61675391]
[5.73049554],[1.81177875],[8.52824453]
[5.68745425],[1.78559944],[8.42587136]
[5.61673067],[1.75927774],[8.29808074]
[5.57530405],[1.73990448],[8.16862349]
[5.51424019],[1.72169781],[8.03290472]
[4.76084588],[1.72198865],[7.01329582]
[3.960551],[1.72161087],[5.65692907]
[1.12158288],[0.66128679],[0.60824806]
[2.43141619],[0.97615105],[2.02097243]
[3.2026992],[1.06788295],[2.75182268]
[3.613584],[1.25826122],[3.75858068]
[3.88797027],[1.36735387],[4.29780534]
[4.183195],[1.43191753],[4.73716721]
[4.4341477],[1.50902006],[5.14923831]
[4.72616399],[1.55948314],[5.60108199]
[4.87593479],[1.59552179],[5.92119902]
[5.00716506],[1.6225859],[6.23143267]
[5.07302111],[1.63994634],[6.51757083]
[5.24904177],[1.6549658],[6.81236331]
[5.27315646],[1.67052896],[6.936929]
[5.42284964],[1.68135477],[7.18434418]
[5.43199155],[1.69450859],[7.26699169]
[5.5565146],[1.70520239],[7.50451072]
[5.59634049],[1.71812806],[7.60188385]
[5.76033993],[1.72744009],[7.92411666]
[5.75981584],[1.73592121],[7.99679334]
[5.80964993],[1.74249106],[8.23211851]
[5.80356179],[1.7492278],[8.34098329]
[5.8822479],[1.75587501],[8.56616221]
[5.8807068],[1.76197616],[8.63617597]
[5.90272459],[1.76904441],[8.74889483]
[5.88981311],[1.78434593],[8.78198962]
[5.92248084],[1.79985701],[8.90365252]
[5.89610462],[1.83235394],[8.90428794]
[5.91596728],[1.84471869],[9.01159108]
[5.93645018],[1.8783778],[9.05031365]
[5.94147715],[1.8954842],[9.14740508]
[6.07873248],[1.93096415],[9.31370891]
[6.0041645],[1.95054899],[9.30843405]
[6.06854132],[1.9733237],[9.37370462]
[6.06114992],[1.98954909],[9.42283876]
[6.11122891],[1.99989637],[9.45918095]
[6.12667988],[1.99881734],[9.48422272]
[6.1380213],[1.99077713],[9.45281721]
[6.14085801],[1.98468998],[9.42409102]
[6.15260766],[1.97874015],[9.41085163]
[6.16837351],[1.97119265],[9.3869861]
[6.16028522],[1.9644872],[9.34924483]
[6.17254942],[1.95652777],[9.31926488]
[6.16457174],[1.94862809],[9.28249831]
[6.10276622],[1.93833309],[9.21766199]
[6.05218179],[1.92953676],[9.16686547]
[6.00992243],[1.92164415],[9.11895241]
[5.96111213],[1.91041381],[9.05106435]
[5.90377866],[1.89209607],[8.95721101]
[5.86326742],[1.869834],[8.86846971]
[5.83589734],[1.8475528],[8.77737417]
[5.77401418],[1.8198671],[8.65893102]
[5.71808915],[1.79361288],[8.53734991]
[5.67288435],[1.76770346],[8.40366384]
[4.90764492],[1.74902236],[7.32676631]
[4.10039224],[1.7401565],[5.9318561]
[1.17944562],[0.68626727],[0.65228472]
[2.48256517],[0.99576509],[2.14091787]
[3.25503189],[1.07580215],[2.97796079]
[3.71750926],[1.29277857],[3.98584147]
[3.99076396],[1.40946555],[4.53505321]
[4.32024421],[1.4718916],[5.00169405]
[4.58410249],[1.55040907],[5.42534009]
[4.85821904],[1.59641787],[5.8686018]
[5.00767559],[1.62747241],[6.1999869]
[5.15983915],[1.65230413],[6.5392821]
[5.19136589],[1.66787137],[6.7912553]
[5.41251355],[1.68069805],[7.14683495]
[5.38375076],[1.69243811],[7.23008814]
[5.53502332],[1.70193777],[7.51103623]
[5.54881289],[1.71527266],[7.58431043]
[5.6810694],[1.7269783],[7.87466726]
[5.74151021],[1.73856338],[7.9715651]
[5.89699347],[1.74747599],[8.28974297]
[5.91108538],[1.75698759],[8.39459355]
[5.96012841],[1.76580242],[8.62553505]
[5.97540498],[1.77354399],[8.73795732]
[6.04193691],[1.78107229],[8.95571275]
[6.05785353],[1.80291056],[9.02414539]
[6.07241442],[1.81067892],[9.12353886]
[6.09480387],[1.83989223],[9.16629243]
[6.14953066],[1.85350301],[9.28034763]
[6.1333412],[1.88982471],[9.29354889]
[6.17719906],[1.90761956],[9.39477576]
[6.21196717],[1.94901784],[9.48456258]
[6.24751867],[1.97461385],[9.5991989]
[6.37500677],[2.00965045],[9.80003848]
[6.34254098],[2.03201762],[9.83809417]
[6.37486389],[2.05654638],[9.93319856]
[6.3858751],[2.07496451],[10.01580405]
[6.40266654],[2.08256298],[10.08224384]
[6.4383036],[2.07968787],[10.12085077]
[6.40991594],[2.06059575],[10.05527875]
[6.4353261],[2.04225071],[9.98809809]
[6.43914364],[2.02639343],[9.92686395]
[6.44863544],[2.01816054],[9.85672926]
[6.43235638],[2.01169967],[9.76946876]
[6.4428407],[2.00524391],[9.72142056]
[6.45411734],[1.99899321],[9.68822029]
[6.3887931],[1.98973555],[9.60991701]
[6.33888943],[1.98137604],[9.55239886]
[6.30089507],[1.97367467],[9.50647766]
[6.23515747],[1.96316214],[9.43425835]
[6.1334647],[1.94931138],[9.32773822]
[6.06401375],[1.9294308],[9.23891586]
[6.02318619],[1.90915907],[9.15495934]
[5.95392703],[1.88413784],[9.02801352]
[5.91228992],[1.85994939],[8.91931745]
[5.87310641],[1.83578134],[8.76768008]
[5.07446255],[1.80768239],[7.63942459]
[4.2739696],[1.78098875],[6.2299139]
[1.25510981],[0.7113437],[0.70294236]
[2.5198575],[1.01091602],[2.22868143]
[3.28130414],[1.09600757],[3.14716524]
[3.81982324],[1.32834116],[4.16646307]
[4.11013085],[1.4433806],[4.72787278]
[4.45429868],[1.50570773],[5.24746631]
[4.7409156],[1.58136208],[5.67031404]
[4.98740046],[1.62157802],[6.10027922]
[5.13001003],[1.65144279],[6.44065341]
[5.28794289],[1.6742369],[6.79320178]
[5.32839908],[1.68719627],[7.05929044]
[5.50329656],[1.698008],[7.41843135]
[5.47818034],[1.70946278],[7.5105995]
[5.63651819],[1.7186892],[7.81031317]
[5.66578318],[1.73366967],[7.87044183]
[5.80917482],[1.74409083],[8.16652836]
[5.89076666],[1.75538262],[8.26800144]
[6.04626024],[1.76651101],[8.58452005]
[6.07276011],[1.7777775],[8.70318901]
[6.1056651],[1.78778538],[8.92826055]
[6.14672759],[1.80313907],[9.07961587]
[6.23903636],[1.82685093],[9.30965766]
[6.3158711],[1.86793423],[9.43702199]
[6.40855331],[1.88026585],[9.60547531]
[6.41002026],[1.91793454],[9.68923302]
[6.49847806],[1.93779353],[9.86804071]
[6.44705408],[1.97499558],[9.93399326]
[6.52892091],[1.99558733],[10.11683483]
[6.51929796],[2.03372515],[10.23848054]
[6.59267523],[2.05890561],[10.4236156]
[6.66462908],[2.08957654],[10.6318726]
[6.71392307],[2.11059005],[10.75582187]
[6.72992181],[2.13301608],[10.89017356]
[6.80669468],[2.14981959],[11.02279108]
[6.8013341],[2.15574402],[11.1011098]
[6.87039316],[2.15315006],[11.17435154]
[6.80062218],[2.13340782],[11.08026686]
[6.84999791],[2.11498584],[11.0229386]
[6.82042505],[2.09506595],[10.89579937]
[6.82272008],[2.07632495],[10.78400521]
[6.79743882],[2.06095737],[10.65753733]
[6.79255799],[2.0455765],[10.52773477]
[6.80141641],[2.03188527],[10.35524805]
[6.70955644],[2.02478063],[10.12752882]
[6.62052588],[2.0187352],[9.95343743]
[6.57709624],[2.01126543],[9.88262826]
[6.51519119],[2.00134655],[9.80175491]
[6.43282074],[1.98944384],[9.6962685]
[6.36676952],[1.97054086],[9.6012044]
[6.31401687],[1.95153639],[9.50873468]
[6.22421513],[1.92794531],[9.37850734]
[6.15454811],[1.90464719],[9.26660485]
[6.00454482],[1.88153207],[9.07812688]
[5.21457499],[1.85467778],[7.90381291]
[4.42815327],[1.82968179],[6.47062537]
[1.20942362],[0.71957481],[0.69630789]
[2.48341861],[1.01880493],[2.20990882]
[3.24122567],[1.15080853],[3.21974854]
[3.85673363],[1.36751052],[4.29428924]
[4.14449735],[1.47450016],[4.83432182]
[4.47318003],[1.53707953],[5.3716702]
[4.77174233],[1.61148952],[5.80779601]
[5.04471514],[1.64714697],[6.26022313]
[5.1621953],[1.67607636],[6.5903062]
[5.33885411],[1.69398142],[6.95329555]
[5.32073172],[1.70564967],[7.20418311]
[5.49427888],[1.71633043],[7.59572472]
[5.47060558],[1.7285373],[7.66085254]
[5.63036384],[1.73843265],[7.97804707]
[5.67552229],[1.75233807],[8.03869412]
[5.81217751],[1.76345221],[8.34079473]
[5.9042183],[1.77765829],[8.46449246]
[6.05754783],[1.79527668],[8.79336535]
[6.10027081],[1.81320536],[8.97106205]
[6.17378499],[1.82950023],[9.23667532]
[6.26261156],[1.89433381],[9.46881171]
[6.41778838],[1.91794356],[9.79508541]
[6.46024014],[1.95741962],[10.02389339]
[6.60692176],[1.97423676],[10.3365819]
[6.64744057],[2.00840652],[10.53162409]
[6.81899973],[2.02824905],[10.80461622]
[6.81660765],[2.06264053],[10.87482594]
[6.94905487],[2.08522943],[11.12852112]
[6.94305267],[2.11848882],[11.22561129]
[7.07060547],[2.14222362],[11.45335891]
[7.07933852],[2.16861728],[11.6436266]
[7.16893206],[2.18821293],[11.78744086]
[7.22120833],[2.20831237],[11.91678292]
[7.27302134],[2.22172927],[12.06898339]
[7.33492644],[2.22963937],[12.16033734]
[7.35647307],[2.22482517],[12.22235032]
[7.42119919],[2.20383159],[12.16855483]
[7.37446811],[2.18466019],[12.06938023]
[7.37505601],[2.16399659],[11.95515084]
[7.31490862],[2.14296114],[11.7781803]
[7.29350306],[2.12431094],[11.5929235]
[7.28320316],[2.10872741],[11.45980748]
[7.23871554],[2.0928343],[11.30606621]
[7.12066878],[2.07623091],[11.08808884]
[6.98383886],[2.06123427],[10.8499001]
[6.85312065],[2.04600831],[10.59441345]
[6.72446887],[2.0346373],[10.34191264]
[6.57481796],[2.02513657],[10.07627274]
[6.49282212],[2.00719346],[9.89048113]
[6.43522474],[1.98907091],[9.76490163]
[6.34237422],[1.96781837],[9.62320185]
[6.26246125],[1.94575319],[9.49487153]
[6.19010899],[1.92349028],[9.32026093]
[5.36999521],[1.89823508],[8.16077421]
[4.54967362],[1.87295404],[6.72279771]
[1.22453395],[0.72749869],[0.70937813]
[2.49045621],[1.02765426],[2.25041105]
[3.24731049],[1.21834273],[3.34526291]
[3.95493759],[1.41193636],[4.50430829]
[4.23902589],[1.51311736],[5.04944491]
[4.56969826],[1.57559501],[5.62026351]
[4.86497675],[1.64606386],[6.09081826]
[5.12751603],[1.67439217],[6.50638662]
[5.25914047],[1.69961375],[6.84046763]
[5.40347637],[1.71601372],[7.20886254]
[5.38199838],[1.72685327],[7.46476554]
[5.55535243],[1.73917587],[7.87666238]
[5.54673598],[1.75205713],[7.92959384]
[5.7095962],[1.76134657],[8.26474966]
[5.77655759],[1.78197647],[8.37862045]
[5.91675343],[1.79894927],[8.69505909]
[6.04719217],[1.81866695],[8.89932793]
[6.25331035],[1.83512434],[9.26404345]
[6.35777708],[1.88443444],[9.51813848]
[6.48199427],[1.93377472],[9.88139108]
[6.55835883],[1.992126],[10.2350112]
[6.82513585],[2.01579647],[10.73457833]
[6.87613595],[2.05078377],[11.05257058]
[7.09123502],[2.06823578],[11.4325339]
[7.25951167],[2.09760655],[11.66706754]
[7.44348721],[2.11715076],[11.97506056]
[7.53237134],[2.14913206],[12.10448778]
[7.58032702],[2.17238666],[12.34984057]
[7.63786154],[2.20031707],[12.5028493]
[7.68614789],[2.22314281],[12.7224386]
[7.74757177],[2.24457677],[12.95304639]
[7.75664795],[2.26329502],[13.09941768]
[7.82287174],[2.28181806],[13.25980851]
[7.83216498],[2.29399266],[13.3775361]
[7.89447711],[2.3038995],[13.52324135]
[7.8978365],[2.29606408],[13.57459796]
[7.94418376],[2.27723788],[13.58624875]
[7.92729518],[2.25769907],[13.43990581]
[7.91417914],[2.23674468],[13.33066992]
[7.87969893],[2.21641438],[13.12803788]
[7.8430519],[2.19626553],[12.89343641]
[7.82652518],[2.17595721],[12.70163031]
[7.80700187],[2.1581271],[12.50317739]
[7.76237645],[2.14325847],[12.26816719]
[7.64962266],[2.12825276],[12.0090919]
[7.50400203],[2.11230528],[11.75065256]
[7.3675878],[2.09750895],[11.50099421]
[7.22902991],[2.08234689],[11.22399252]
[7.09624423],[2.06049879],[10.95676589]
[6.95783797],[2.0362914],[10.68734183]
[6.81956803],[2.01230043],[10.37661681]
[6.63445957],[1.99134313],[10.09948762]
[6.43245],[1.96962906],[9.83544128]
[5.61234326],[1.94501843],[8.62539908]
[4.79590102],[1.92114273],[7.16455366]
[1.28990811],[0.76411464],[0.76812092]
[2.50384396],[1.03862877],[2.30390036]
[3.26077558],[1.27488065],[3.47135209]
[4.01538115],[1.44936538],[4.68179005]
[4.31740199],[1.54299204],[5.24120743]
[4.66806053],[1.60509607],[5.85072177]
[4.93441324],[1.66842431],[6.30673806]
[5.23112336],[1.69544504],[6.73079628]
[5.33210417],[1.72141634],[7.070228]
[5.48603298],[1.73604017],[7.46729798]
[5.46552722],[1.74788759],[7.74491957]
[5.64664283],[1.76546737],[8.21296493]
[5.66517771],[1.78798343],[8.3400923]
[5.83680313],[1.80366244],[8.72504915]
[5.92797627],[1.82449989],[8.91128845]
[6.08141133],[1.84065595],[9.26968101]
[6.28213067],[1.87886664],[9.54698699]
[6.58220565],[1.933354],[9.99016625]
[6.72521305],[2.00246196],[10.36632779]
[6.95602406],[2.04721728],[10.85277153]
[7.00584039],[2.09363994],[11.28999819]
[7.22531728],[2.11733447],[11.82145854]
[7.39720025],[2.14472722],[12.21260993]
[7.61599937],[2.16281879],[12.65502294]
[7.81083091],[2.18732482],[12.99812475]
[7.9442354],[2.20961313],[13.32854865]
[8.03020566],[2.23873579],[13.50648272]
[8.09338406],[2.26069621],[13.74766672]
[8.10250749],[2.28300946],[13.90150819]
[8.17414814],[2.30457257],[14.14089252]
[8.18320351],[2.32291625],[14.35944306]
[8.25060112],[2.34269376],[14.57521016]
[8.26081195],[2.35860241],[14.75601847]
[8.32388592],[2.36567815],[14.93784442]
[8.33239451],[2.37198367],[15.07570575]
[8.39506571],[2.36204545],[15.19139123]
[8.37925531],[2.34580828],[15.18173361]
[8.43198908],[2.3262059],[15.10685233]
[8.35641077],[2.30533733],[14.92636488]
[8.37462849],[2.28597705],[14.75460202]
[8.30989965],[2.26694271],[14.50890781]
[8.29092616],[2.24939871],[14.26336088]
[8.26945996],[2.2307207],[13.99659535]
[8.25043062],[2.21420794],[13.7184292]
[8.18362095],[2.2019423],[13.45463206]
[8.04812526],[2.18850617],[13.17735454]
[7.92452607],[2.17665123],[12.90157713]
[7.81317269],[2.16310647],[12.60248781]
[7.70490967],[2.14570228],[12.31534493]
[7.58673625],[2.12398346],[12.04574844]
[7.47871824],[2.10243962],[11.77050959]
[7.37322543],[2.07683011],[11.50991664]
[7.15138954],[2.04855071],[11.11371037]
[6.30440329],[2.01877174],[9.70425111]
[5.4542082],[1.99008581],[8.06396347]
[1.35543826],[0.79323976],[0.82212892]
[2.51422795],[1.04965238],[2.35264414]
[3.27063],[1.32599817],[3.59048561]
[4.02457398],[1.48076621],[4.82481936]
[4.39533832],[1.56593355],[5.44482058]
[4.73605669],[1.62764387],[6.0529133]
[5.01389372],[1.68804869],[6.50382841]
[5.30003193],[1.71388192],[6.93442776]
[5.3977978],[1.74464124],[7.32257275]
[5.55751683],[1.7658532],[7.76143853]
[5.55610134],[1.78704828],[8.10179912]
[5.74415079],[1.80711801],[8.63773324]
[5.78162869],[1.82696648],[8.85827709]
[5.96636241],[1.84227971],[9.266142]
[6.11594723],[1.88180526],[9.52671099]
[6.34149116],[1.9236667],[9.91504696]
[6.64680125],[1.98603183],[10.31174583]
[7.02407391],[2.03711057],[10.85987722]
[7.13047115],[2.09844283],[11.35631611]
[7.32436084],[2.13915151],[11.89126898]
[7.4235218],[2.18047584],[12.36476097]
[7.58923841],[2.20393046],[12.93191369]
[7.90177608],[2.22950501],[13.44195803]
[8.06898105],[2.24770509],[13.88061301]
[8.21692443],[2.27018595],[14.28334683]
[8.38820439],[2.2921037],[14.75367696]
[8.47626578],[2.317668],[14.95274639]
[8.57934788],[2.34139191],[15.26873911]
[8.54841284],[2.36103822],[15.41128894]
[8.6547932],[2.38225395],[15.72215915]
[8.64189724],[2.39111811],[15.90873197]
[8.72395442],[2.41048817],[16.19142952]
[8.73306042],[2.41812269],[16.34565852]
[8.7823481],[2.4254027],[16.60371922]
[8.8108292],[2.43156338],[16.76260683]
[8.8447952],[2.45450492],[16.97001327]
[8.87297778],[2.45704692],[17.00841365]
[8.87927839],[2.42821827],[17.02138793]
[8.85470824],[2.40119337],[16.85155602]
[8.82709923],[2.37589353],[16.71445794]
[8.80444688],[2.34964499],[16.47748595]
[8.77712746],[2.33080463],[16.26296795]
[8.76948697],[2.31069135],[15.97667667]
[8.76908146],[2.29273311],[15.68321601]
[8.76114393],[2.27504497],[15.37587479]
[8.68074118],[2.25906023],[15.0518932]
[8.57309365],[2.24759075],[14.71908179]
[8.46526438],[2.23482017],[14.37265728]
[8.35714239],[2.2190344],[14.04228391]
[8.23838247],[2.19864086],[13.69824587]
[8.12943386],[2.17866964],[13.36427703]
[8.02097949],[2.1566978],[13.03833354]
[7.78053965],[2.13073015],[12.55839309]
[6.93082215],[2.10363337],[11.06122301]
[6.07947167],[2.07518195],[9.36117464]
[1.2919799],[0.78540399],[0.7968658]
[2.48067798],[1.0666042],[2.34486615]
[3.23475351],[1.36627604],[3.65706347]
[3.98864333],[1.50284367],[4.8897227]
[4.35354858],[1.58686309],[5.55333824]
[4.69146098],[1.65179891],[6.1707251]
[4.96832132],[1.71449177],[6.64412005]
[5.28008615],[1.74607308],[7.13544191]
[5.37539948],[1.78314811],[7.57745645]
[5.5328354],[1.80458139],[8.08806783]
[5.53019378],[1.82590145],[8.51998936]
[5.73082938],[1.84356219],[9.07310524]
[5.83205852],[1.88191956],[9.3476484]
[6.00247372],[1.92922963],[9.76418045]
[6.21090309],[1.9783581],[10.09706418]
[6.52551881],[2.020377],[10.55466653]
[6.79851361],[2.08354364],[11.0742157]
[7.16900346],[2.13148619],[11.73553255]
[7.34271833],[2.18532566],[12.26320603]
[7.50655473],[2.22506826],[12.82381534]
[7.79832827],[2.26000329],[13.4063125]
[7.99865635],[2.2830293],[13.94926006]
[8.28477437],[2.3057155],[14.4983669]
[8.52146308],[2.32371034],[15.071748]
[8.64092391],[2.34490739],[15.5427856]
[8.79700495],[2.36912977],[16.08764241]
[8.94391499],[2.38614211],[16.3735195]
[9.02214193],[2.40851284],[16.75629068]
[9.06992055],[2.42058179],[16.96693212]
[9.10460167],[2.44311819],[17.33972751]
[9.16011229],[2.45148091],[17.62061706]
[9.17822842],[2.47929062],[17.91401054]
[9.24554901],[2.50740871],[18.18162174]
[9.23843783],[2.54411495],[18.4561305]
[9.31755615],[2.58364798],[18.73893802]
[9.3208427],[2.60082651],[18.96374911]
[9.41422889],[2.60340616],[19.12243166]
[9.40254304],[2.58181738],[19.13772584]
[9.42403511],[2.548829],[19.09402908]
[9.37315714],[2.51791628],[18.89115489]
[9.39697264],[2.48466175],[18.71921322]
[9.36723875],[2.44417975],[18.46020151]
[9.34807859],[2.40616753],[18.20008797]
[9.34524628],[2.37428758],[17.87745007]
[9.34547979],[2.35302421],[17.52069075]
[9.32485326],[2.33339629],[17.16675437]
[9.22860904],[2.31506779],[16.76841088]
[9.11617722],[2.29961939],[16.34654286]
[9.00557929],[2.28353236],[15.92691691]
[8.8862125],[2.26393098],[15.52155406]
[8.77602467],[2.24532212],[15.12605402]
[8.67069085],[2.2251797],[14.75041991]
[8.40769487],[2.20161893],[14.2191659]
[7.55605658],[2.17805369],[12.68423077]
[6.70737036],[2.15366728],[10.85503835]
[1.31416133],[0.78397547],[0.80403197]
[2.48416473],[1.07428901],[2.36135642]
[3.24044429],[1.38199371],[3.71492301]
[3.99350181],[1.52206978],[4.96935135]
[4.36656398],[1.61365883],[5.68793039]
[4.70744448],[1.68247807],[6.32608148]
[4.98602925],[1.74200224],[6.82419692]
[5.30086573],[1.77825735],[7.37160088]
[5.40082127],[1.81719413],[7.86003333]
[5.5619342],[1.83732733],[8.47134412]
[5.60087048],[1.85950056],[8.94637699]
[5.80300894],[1.91189299],[9.50448894]
[5.96326393],[1.97183497],[9.84499644]
[6.0986407],[2.01231493],[10.28936145]
[6.36219964],[2.06822271],[10.73046222]
[6.69391942],[2.10914292],[11.22966984]
[6.94117059],[2.16694326],[11.83306773]
[7.28164549],[2.21331485],[12.45583734]
[7.49674563],[2.2622407],[13.09428427]
[7.70672341],[2.29929601],[13.68469972]
[8.03265445],[2.33129031],[14.26003011]
[8.24701234],[2.35962885],[14.9244261]
[8.49212896],[2.37891826],[15.56389675]
[8.74617609],[2.4027596],[16.25991283]
[8.93140104],[2.42841284],[16.85344312]
[9.05824567],[2.44982427],[17.58969786]
[9.24178434],[2.47196616],[18.06032785]
[9.31926987],[2.51252512],[18.55771166]
[9.41085824],[2.5394698],[18.94647955]
[9.44244042],[2.57840569],[19.33929751]
[9.52614582],[2.60527144],[19.77020912]
[9.56921468],[2.64224462],[20.0670566]
[9.63677242],[2.66714806],[20.43746068]
[9.68501512],[2.7082882],[20.73170848]
[9.73823462],[2.73661628],[21.01226005]
[9.801891],[2.74317161],[21.19251117]
[9.84168325],[2.74525844],[21.33679992]
[9.91130967],[2.73228647],[21.41185843]
[9.87154693],[2.70229075],[21.38980712]
[9.89207508],[2.67428104],[21.24418116]
[9.84912539],[2.64438721],[21.05129662]
[9.8671827],[2.60932108],[20.78462908]
[9.82123018],[2.56722769],[20.49491157]
[9.81707547],[2.52674651],[20.18958825]
[9.81738834],[2.48409428],[19.84647625]
[9.81571399],[2.43740204],[19.47427471]
[9.79180852],[2.3996565],[19.07970779]
[9.68170518],[2.3721637],[18.5807512]
[9.57409576],[2.35340142],[18.09950986]
[9.4569015],[2.331025],[17.61025796]
[9.34705977],[2.31065745],[17.159987]
[9.24080785],[2.29117489],[16.7444713]
[8.96910452],[2.26951846],[16.14018392]
[8.11912574],[2.24790435],[14.47467546]
[7.27004955],[2.22575903],[12.55549616]
[1.39019838],[0.80604472],[0.8532972]
[2.5000433],[1.09602254],[2.40121607]
[3.25734098],[1.40218912],[3.78655837]
[4.01217225],[1.54492309],[5.05412457]
[4.41525221],[1.63832412],[5.82483867]
[4.75108495],[1.70367412],[6.4843836]
[5.03358015],[1.76522377],[7.05100487]
[5.3415764],[1.80252177],[7.63779249]
[5.45164123],[1.84145369],[8.18301222]
[5.64452664],[1.86576127],[8.83514958]
[5.70401094],[1.93658671],[9.34898619]
[5.91092049],[1.98622721],[9.90559281]
[6.07938376],[2.04853304],[10.30184101]
[6.21491288],[2.08682709],[10.81348704]
[6.55169667],[2.1409906],[11.34647008]
[6.9048244],[2.18225668],[11.87907119]
[7.12295303],[2.23725477],[12.51041406]
[7.42115362],[2.28544184],[13.18119318]
[7.72641275],[2.34111009],[13.89950655]
[7.92934795],[2.37826919],[14.53660846]
[8.25791116],[2.41080884],[15.2288658]
[8.47564091],[2.43429166],[15.98081641]
[8.73246796],[2.46010026],[16.73268698]
[8.96050816],[2.50875342],[17.57827684]
[9.25195386],[2.54721375],[18.41941738]
[9.32320471],[2.59023458],[19.17304316]
[9.57572454],[2.62435426],[19.93657565]
[9.6752585],[2.65854516],[20.48139509]
[9.79883111],[2.68468894],[20.98192971]
[9.86277408],[2.72582483],[21.37883652]
[9.91260073],[2.75383521],[21.84680012]
[9.98408168],[2.7843888],[22.18953011]
[10.00817917],[2.8032524],[22.5376431]
[10.10416548],[2.83517219],[22.86335609]
[10.11494153],[2.85371465],[23.10144952]
[10.20761407],[2.85932037],[23.30884096]
[10.24225978],[2.86119738],[23.38186967]
[10.3138692],[2.84933449],[23.48209901]
[10.29582456],[2.82099916],[23.42718412]
[10.30708707],[2.79681504],[23.35323592]
[10.27912853],[2.77216231],[23.11416634]
[10.28473718],[2.74186268],[22.93816723]
[10.25191536],[2.70625482],[22.61087547]
[10.2261067],[2.6756886],[22.30668308]
[10.21682385],[2.64095433],[21.98498657]
[10.20559686],[2.6023903],[21.59176111]
[10.20104284],[2.56315491],[21.18738189]
[10.10777222],[2.51640856],[20.65121279]
[9.98842256],[2.46742506],[20.1264208]
[9.87005445],[2.41070006],[19.57860287]
[9.75955059],[2.37243899],[19.07085433]
[9.65322612],[2.35024835],[18.59493877]
[9.35995426],[2.32684239],[17.90440646]
[8.51090968],[2.30441839],[16.09801786]
[7.66044332],[2.28370471],[14.05100351]
[1.43578084],[0.82800004],[0.89132993]
[2.51388651],[1.12151363],[2.44886812]
[3.27263862],[1.42835545],[3.87115066]
[4.02889469],[1.56534746],[5.14682911]
[4.45625286],[1.65765545],[5.96101239]
[4.79517588],[1.72300723],[6.64847101]
[5.08368958],[1.78418809],[7.24809112]
[5.40080569],[1.82217302],[7.8847779]
[5.53645011],[1.86256892],[8.46524511]
[5.74133154],[1.92950574],[9.16893374]
[5.81389252],[2.00451261],[9.72092522]
[6.01850792],[2.05872284],[10.30254383]
[6.20755603],[2.1195978],[10.87338198]
[6.42542355],[2.16219787],[11.36647007]
[6.72028068],[2.21419094],[11.9820842]
[7.06982716],[2.25638503],[12.57340372]
[7.28500608],[2.31318552],[13.25454902]
[7.57686378],[2.36458719],[14.04829871]
[8.00061196],[2.41686495],[14.85169667]
[8.15691547],[2.44690192],[15.51729887]
[8.50948419],[2.47343506],[16.34709053]
[8.72239028],[2.52962773],[17.18676931]
[9.04207759],[2.59186622],[18.13521567]
[9.21029117],[2.63588694],[19.05108325]
[9.57447804],[2.67244379],[20.03415652]
[9.67820106],[2.71873499],[20.88590814]
[9.91553294],[2.750764],[21.65067335]
[10.05344242],[2.78305298],[22.29858627]
[10.19700125],[2.80747688],[22.83446932]
[10.2765965],[2.83978357],[23.29580838]
[10.32700536],[2.86015056],[23.70605008]
[10.38291255],[2.88339854],[24.07622808]
[10.42448286],[2.90059891],[24.37790499]
[10.49091164],[2.92300469],[24.71262611]
[10.55979054],[2.93550074],[24.95231738]
[10.61176767],[2.94174872],[25.21005675]
[10.70255087],[2.94354641],[25.32722151]
[10.7387222],[2.93406918],[25.45734769]
[10.78895537],[2.91066611],[25.46831634]
[10.73318152],[2.88875844],[25.35063635]
[10.76681392],[2.86610959],[25.11983494]
[10.70877874],[2.84078898],[24.87154767]
[10.7300266],[2.80988997],[24.57674583]
[10.67393214],[2.77870583],[24.23181575]
[10.66001674],[2.74949077],[23.90777768]
[10.64394849],[2.71823626],[23.54628687]
[10.63149251],[2.68636628],[23.1311316]
[10.59782277],[2.64829274],[22.63753123]
[10.44181645],[2.60704393],[22.03854718]
[10.30258384],[2.5590608],[21.41668323]
[10.18174706],[2.50933786],[20.82248968]
[10.069509],[2.45425545],[20.26948452]
[9.75081565],[2.3943557],[19.50839601]
[8.90333085],[2.35222728],[17.65582083]
[8.05286539],[2.32940813],[15.50053595]
[1.32748851],[0.80953203],[0.8351908]
[2.48229449],[1.157047],[2.45906599]
[3.24262192],[1.45457981],[3.91379292]
[3.99915742],[1.58531724],[5.2004588]
[4.43677482],[1.67891994],[6.05709087]
[4.76576484],[1.74147792],[6.77816008]
[5.06450701],[1.80321315],[7.39112478]
[5.42509385],[1.84110932],[8.10789396]
[5.55958091],[1.89910163],[8.78731154]
[5.75721055],[1.99659635],[9.47291072]
[5.92856941],[2.07097561],[10.06972824]
[6.113426],[2.12803425],[10.7438128]
[6.37700391],[2.18805789],[11.38612698]
[6.5407512],[2.23162431],[11.88110204]
[6.93346221],[2.28018555],[12.60437104]
[7.21758353],[2.33008647],[13.30583999]
[7.63186086],[2.38729359],[14.13058283]
[7.84910684],[2.43390266],[14.87409632]
[8.25160297],[2.47565318],[15.73497811]
[8.41445709],[2.50346913],[16.53338537]
[8.76546431],[2.56663339],[17.49133086]
[8.96039822],[2.64675753],[18.49672913]
[9.34474924],[2.70214945],[19.53451512]
[9.44849286],[2.74977473],[20.42925389]
[9.85083211],[2.78283969],[21.52373831]
[9.97653989],[2.82026885],[22.29026429]
[10.21750458],[2.84880628],[23.17373339]
[10.32956827],[2.87298294],[23.8471552]
[10.54467822],[2.89554713],[24.44959762]
[10.5960328],[2.91907731],[24.96014882]
[10.71055852],[2.9380566],[25.43501823]
[10.72498555],[2.96026328],[25.81957866]
[10.82167796],[2.97794148],[26.16008118]
[10.873329],[2.98690446],[26.47936612]
[11.01075251],[2.99645069],[26.7652694]
[11.06991521],[3.01209566],[27.01649514]
[11.17240401],[3.02167099],[27.21331274]
[11.24592066],[3.0208672],[27.33690195]
[11.27087869],[2.99729684],[27.42569827]
[11.25685295],[2.96489186],[27.3148059]
[11.23329537],[2.93568934],[27.13594895]
[11.22530006],[2.91182271],[26.83430624]
[11.19887901],[2.88408329],[26.56572009]
[11.18799104],[2.85831231],[26.18364025]
[11.14819942],[2.83320122],[25.7929718]
[11.12912396],[2.80492566],[25.38882559]
[11.11386051],[2.77512239],[24.96104208]
[11.10019122],[2.74173412],[24.46407739]
[10.99096661],[2.70774256],[23.86395279]
[10.7669874],[2.66643779],[23.19495873]
[10.62763535],[2.62327001],[22.55013056]
[10.50127177],[2.57488569],[21.92992004]
[10.1484413],[2.50446892],[21.10163881]
[9.2917611],[2.4286259],[19.18896435]
[8.44341353],[2.36964842],[16.94209579]
[1.32891596],[0.80355701],[0.82943967]
[2.4901827],[1.19381804],[2.52721814]
[3.2535341],[1.48790364],[4.02537243]
[4.01101651],[1.61545806],[5.35973405]
[4.51890992],[1.71033976],[6.29631634]
[4.83453177],[1.77073408],[7.04046948]
[5.13612278],[1.82788471],[7.71101896]
[5.50874732],[1.87018194],[8.48535818]
[5.67131117],[1.9677052],[9.21202498]
[5.87023873],[2.05934534],[9.87665163]
[6.07544067],[2.13419976],[10.52825717]
[6.21975057],[2.19501201],[11.27117256]
[6.52951504],[2.25132453],[11.95157281]
[6.79891353],[2.29411704],[12.56375548]
[7.25616773],[2.34824139],[13.36318314]
[7.48485216],[2.39552278],[14.13472243]
[7.95846677],[2.44594985],[14.99237962]
[8.09075607],[2.48621951],[15.7401275]
[8.46899642],[2.53648762],[16.79578956]
[8.64729406],[2.60626417],[17.71319758]
[8.99041536],[2.69668666],[18.78568278]
[9.16998974],[2.7613566],[19.8469646]
[9.55511233],[2.80742597],[20.93817482]
[9.69827793],[2.84616433],[21.86877781]
[10.04124913],[2.87547883],[22.87513253]
[10.22413457],[2.90475497],[23.83957805]
[10.4680448],[2.92959702],[24.6884881]
[10.56418933],[2.94902613],[25.46232572]
[10.83147701],[2.97378694],[26.21148715]
[10.86256436],[2.99864461],[26.75911156]
[11.0097072],[3.01760875],[27.29234991]
[11.02849022],[3.03572541],[27.69898957]
[11.14943873],[3.05250412],[28.11744619]
[11.23472525],[3.07020289],[28.40728987]
[11.33835934],[3.09115601],[28.77567509]
[11.4540396],[3.11027288],[29.02318021]
[11.5134825],[3.11868497],[29.26163758]
[11.64566765],[3.1129047],[29.4119372]
[11.65424123],[3.09827866],[29.52852534]
[11.69482733],[3.06362232],[29.4734846]
[11.64867295],[3.02748338],[29.27348486]
[11.69196272],[3.00180718],[29.01503646]
[11.64768169],[2.97189811],[28.68529614]
[11.68523565],[2.94192714],[28.34255258]
[11.65450708],[2.91290744],[27.95589802]
[11.63308055],[2.88087712],[27.54781239]
[11.6170871],[2.85509586],[27.13258601]
[11.6000443],[2.82714145],[26.58630633]
[11.5870046],[2.79649453],[26.03750302]
[11.44000648],[2.76140833],[25.33298084]
[11.22899422],[2.72511502],[24.58265271]
[11.04748231],[2.68360015],[23.85481263]
[10.64981574],[2.62534415],[22.9439802]
[9.7460911],[2.5605622],[20.93058349]
[8.87891453],[2.49253997],[18.61913141]
[1.38074462],[0.83082826],[0.87457742]
[2.51254188],[1.24966159],[2.65405868]
[3.27543039],[1.53063636],[4.17258913]
[4.0324221],[1.6507893],[5.55331123]
[4.64477234],[1.74528989],[6.6210462]
[4.94731436],[1.79975157],[7.39253631]
[5.26665316],[1.85189136],[8.16507901]
[5.63353939],[1.92144062],[8.99753235]
[5.82926275],[2.05324706],[9.73350687]
[6.02481763],[2.1284851],[10.38915341]
[6.26715158],[2.19981116],[11.18873842]
[6.43958058],[2.26113001],[11.84549788]
[6.84005938],[2.30830496],[12.64060839]
[7.12977671],[2.35640733],[13.40913063]
[7.59367699],[2.41674342],[14.31073108]
[7.77794792],[2.4562393],[15.00879363]
[8.23763192],[2.5022548],[15.96045647]
[8.3670759],[2.56194511],[16.93555282]
[8.74626133],[2.65512678],[18.09295041]
[8.88853861],[2.73351151],[19.11804504]
[9.29525779],[2.81390137],[20.3071592]
[9.40644608],[2.85768568],[21.3000072]
[9.83869847],[2.89490356],[22.48567778]
[9.96505338],[2.92716302],[23.30735563]
[10.32467358],[2.95824501],[24.43705189]
[10.47691532],[2.98588207],[25.38298002]
[10.80605704],[3.00905807],[26.34271021]
[10.83852914],[3.03158718],[27.19506794]
[11.18164258],[3.0661432],[28.10962702]
[11.2392901],[3.09243816],[28.67340589]
[11.38436776],[3.1145252],[29.32838885]
[11.45507573],[3.13048283],[29.76432656]
[11.52159888],[3.14546101],[30.2269643]
[11.66077937],[3.16206528],[30.60461306]
[11.72307365],[3.18445686],[30.99334042]
[11.86681939],[3.20578075],[31.33797564]
[11.92709507],[3.21694348],[31.56231514]
[12.02649268],[3.23383439],[31.80352908]
[12.09027105],[3.21981989],[31.90598478]
[12.0766646],[3.17838528],[31.94834372]
[12.07236556],[3.153537],[31.72107842]
[12.05898696],[3.09722408],[31.46146635]
[12.05925353],[3.06296638],[31.0617067]
[12.04617975],[3.0328663],[30.70267945]
[12.05675514],[3.00391028],[30.28432506]
[12.0281034],[2.97249455],[29.83835443]
[12.02703091],[2.93931244],[29.38738881]
[12.02750691],[2.90583213],[28.86794594]
[12.02783121],[2.87049777],[28.2817963]
[11.99083666],[2.8394692],[27.60309453]
[11.8361433],[2.80842843],[26.86956359]
[11.64607988],[2.77120217],[26.1261798]
[11.18896228],[2.7197906],[25.04219787]
[10.28391574],[2.6641277],[22.86146311]
[9.3792292],[2.60533273],[20.38757586]
[1.45393535],[0.87252921],[0.94717807]
[2.53269161],[1.30375457],[2.78746365]
[3.29120542],[1.57059058],[4.31186438]
[4.04883305],[1.68240313],[5.73220062]
[4.73556974],[1.77357808],[6.92520168]
[5.06452775],[1.82378184],[7.75370749]
[5.40093265],[1.89078905],[8.60955489]
[5.76839299],[2.00020358],[9.46780473]
[5.98500969],[2.12164985],[10.22683271]
[6.19700199],[2.18924751],[10.9338783]
[6.46073671],[2.25876319],[11.79125482]
[6.73912164],[2.3150912],[12.46479286]
[7.15547563],[2.37049607],[13.38782647]
[7.42857161],[2.41737718],[14.2374188]
[7.92647748],[2.46753305],[15.18679309]
[8.0657066],[2.50493817],[15.89186206]
[8.50242559],[2.57580223],[17.09256645]
[8.65186537],[2.66712677],[18.12029561]
[9.02264708],[2.76847299],[19.38373059]
[9.14541238],[2.84622989],[20.46037418]
[9.60546354],[2.90786387],[21.70430302]
[9.69177851],[2.94775932],[22.69965764]
[10.12597276],[2.98474163],[23.87359593]
[10.24979196],[3.02119939],[24.82286462]
[10.64521382],[3.05517462],[25.98159355]
[10.74150326],[3.07593231],[26.93486785]
[11.15433511],[3.09836932],[28.10770885]
[11.159497],[3.12597539],[28.91674507]
[11.51788382],[3.16187958],[30.04773265]
[11.65775485],[3.19175732],[30.72644152]
[11.78961231],[3.21977311],[31.46361727]
[11.88584316],[3.24755847],[32.06561984]
[11.94047404],[3.26589245],[32.55176242]
[12.06318223],[3.29266616],[33.04124]
[12.16502847],[3.31226822],[33.46358261]
[12.25475996],[3.35271387],[33.83028413]
[12.36378744],[3.34976425],[34.00988234]
[12.41007267],[3.35807058],[34.1747462]
[12.52770789],[3.34957617],[34.29050301]
[12.47892799],[3.31402056],[34.28219172]
[12.50969964],[3.29264718],[34.20753936]
[12.45243502],[3.24527931],[33.89712541]
[12.48806355],[3.19049512],[33.58300225]
[12.43497344],[3.13998302],[33.15172435]
[12.47942166],[3.10874006],[32.73676207]
[12.44089214],[3.07435812],[32.26305435]
[12.43315538],[3.04080704],[31.7778903]
[12.43970197],[3.00635781],[31.28404875]
[12.44406293],[2.97160891],[30.70740463]
[12.44692216],[2.9343343],[30.02387156]
[12.33606695],[2.89920847],[29.24072384]
[12.13435091],[2.85679234],[28.37283884]
[11.66427874],[2.81619016],[27.21949446]
[10.74439254],[2.76742929],[24.95354719]
[9.85523485],[2.71643991],[22.41413619]
[1.36233943],[0.86975453],[0.91310831]
[2.50641416],[1.35407541],[2.86776974]
[3.26857765],[1.60949813],[4.45915344]
[4.02532026],[1.71768895],[5.88346217]
[4.85862357],[1.7986398],[7.18077189]
[5.12438689],[1.84643149],[8.07065676]
[5.53417828],[1.95416783],[9.0562366]
[5.82361866],[2.07065189],[9.84988153]
[6.07457129],[2.18304501],[10.66626976]
[6.27129619],[2.2492592],[11.44993324]
[6.62322709],[2.318347],[12.28559725]
[6.92235122],[2.37149796],[13.05698064]
[7.47465794],[2.42565666],[14.09750064]
[7.72238898],[2.46478338],[14.93465846]
[8.25181842],[2.51203489],[15.99346465]
[8.35363524],[2.57393718],[16.89096678]
[8.78408676],[2.67914465],[18.14713659]
[8.92511281],[2.77214191],[19.27278694]
[9.33537993],[2.8591817],[20.61061362]
[9.40267524],[2.93187313],[21.58971279]
[9.89145933],[2.98276061],[22.92766931]
[9.97874086],[3.0206954],[23.8688406]
[10.41362018],[3.05631278],[25.18109178]
[10.51206622],[3.08819587],[26.14828547]
[10.96709791],[3.12384636],[27.38536143]
[11.00694331],[3.15861464],[28.42530229]
[11.48124947],[3.19589428],[29.75463344]
[11.52760532],[3.23430701],[30.68477903]
[11.89091558],[3.28963604],[31.95092585]
[12.0403449],[3.33384653],[32.87392152]
[12.24932654],[3.35943601],[33.69708142]
[12.29288209],[3.38416682],[34.29067847]
[12.39628865],[3.42332873],[34.81645348]
[12.46830774],[3.45156461],[35.33042502]
[12.61649804],[3.48797307],[35.8551093]
[12.68702622],[3.50827483],[36.25784705]
[12.81872279],[3.50329448],[36.53269882]
[12.92067728],[3.47820334],[36.66701195]
[13.01741286],[3.46886558],[36.79264588]
[13.03065882],[3.44275901],[36.75049721]
[13.00208261],[3.42076424],[36.63388059]
[13.01243595],[3.38175333],[36.36404211]
[12.98287459],[3.33693208],[36.06776901]
[13.00011179],[3.29289069],[35.67063568]
[12.97312917],[3.25052624],[35.27190985]
[12.99859913],[3.20959312],[34.80309128]
[12.95890365],[3.16904825],[34.31596383]
[12.96885047],[3.13104565],[33.76017168]
[12.97750659],[3.09804171],[33.16170812]
[12.98224995],[3.06206119],[32.42083085]
[12.98296986],[3.02607991],[31.67368296]
[12.80983385],[2.98610106],[30.76011857]
[12.20416503],[2.92611073],[29.41829785]
[11.19272311],[2.86015836],[27.02614189]
[10.28563731],[2.80093459],[24.33089728]
[1.39303229],[0.88352731],[0.94467542]
[2.51509587],[1.39470795],[2.97307278]
[3.27532861],[1.64194603],[4.61991656]
[4.03196644],[1.74580332],[6.0531392]
[4.95616236],[1.82024857],[7.44979478]
[5.25172305],[1.8725992],[8.43062044]
[5.66948423],[2.024088],[9.49077668]
[5.93094095],[2.13189534],[10.26289791]
[6.24523377],[2.23871432],[11.19420228]
[6.4752078],[2.3036461],[11.92368483]
[6.88433428],[2.37673245],[12.86009248]
[7.17721915],[2.42605915],[13.7310113]
[7.75606487],[2.47222122],[14.85230115]
[7.94109439],[2.50925355],[15.64949461]
[8.48960582],[2.58739359],[17.00082387]
[8.57597243],[2.673683],[17.92847764]
[9.010916],[2.77654488],[19.24408269]
[9.12388056],[2.86055622],[20.4343252]
[9.58506496],[2.95055106],[21.75754141]
[9.61083488],[3.00299056],[22.72945838]
[10.0963432],[3.04633377],[24.03175939]
[10.19583891],[3.07887278],[25.09376491]
[10.60364247],[3.12548835],[26.41578279]
[10.70426108],[3.16566114],[27.45232794]
[11.17056027],[3.20772623],[28.82566298]
[11.26619633],[3.25984287],[29.98609363]
[11.70459893],[3.32440329],[31.4880769]
[11.83054753],[3.37343147],[32.58505409]
[12.18588363],[3.44075736],[33.91726108]
[12.32460345],[3.46669909],[34.91115186]
[12.61205906],[3.50754762],[35.82217178]
[12.63373656],[3.53325551],[36.45356119]
[12.78008615],[3.56074859],[37.17797705]
[12.88569438],[3.58311269],[37.78963395]
[13.01819883],[3.60865048],[38.37393674]
[13.16154223],[3.62014567],[38.74660566]
[13.24980425],[3.61631095],[39.0713952]
[13.44262034],[3.60029112],[39.29470169]
[13.5913842],[3.59391372],[39.54899642]
[13.6339567],[3.57719304],[39.65502931]
[13.64009758],[3.55467396],[39.63883871]
[13.62476001],[3.51209115],[39.4499886]
[13.63393283],[3.46029414],[39.07482446]
[13.61598168],[3.41609025],[38.66967286]
[13.63486182],[3.37683355],[38.2299684]
[13.61669354],[3.34070251],[37.77201202]
[13.62890971],[3.30486454],[37.22909791]
[13.60147106],[3.26791802],[36.6317113]
[13.60839281],[3.23005611],[36.04470844]
[13.6128004],[3.18802389],[35.4003938]
[13.62471448],[3.14813979],[34.61062944]
[13.62262047],[3.1067062],[33.70826836]
[13.13972145],[3.05540612],[32.10974994]
[12.02736656],[3.01099765],[29.47726118]
[10.96901327],[2.93092884],[26.59220051]
[1.45698338],[0.92754541],[1.01987248]
[2.53219658],[1.43979258],[3.09978551]
[3.29209503],[1.6783936],[4.811161]
[4.06124503],[1.77879047],[6.26555295]
[5.07364736],[1.84243191],[7.79373377]
[5.38247001],[1.92970568],[8.95394215]
[5.82541969],[2.09967533],[10.01520366]
[6.109772],[2.19989836],[10.84754429]
[6.52247346],[2.29889424],[11.88876493]
[6.73814795],[2.36178785],[12.53850792]
[7.20760801],[2.43504078],[13.57128873]
[7.46999167],[2.47608013],[14.54256344]
[8.06114848],[2.51861995],[15.72767861]
[8.2216928],[2.58198117],[16.70482902]
[8.73028646],[2.68817939],[18.1817687]
[8.86394342],[2.78045465],[19.18302326]
[9.27406328],[2.86907081],[20.57666569]
[9.3920935],[2.94890541],[21.64463717]
[9.8470095],[3.01857975],[23.05820382]
[9.90280448],[3.06423899],[23.93023651]
[10.34607635],[3.10078629],[25.33864352]
[10.47273514],[3.14914379],[26.49350273]
[10.90190188],[3.1948351],[27.87306635]
[10.9665711],[3.24944704],[28.93253771]
[11.47369553],[3.3189835],[30.51331541]
[11.59537161],[3.37539222],[31.74862425]
[12.05817696],[3.43476961],[33.31280993]
[12.16304447],[3.48717935],[34.4930074]
[12.61292868],[3.54637423],[35.89967924]
[12.71369992],[3.57590531],[36.86062644]
[13.0592464],[3.62283779],[38.0689947]
[13.17805328],[3.6602199],[38.89313469]
[13.27934729],[3.68645895],[39.68558686]
[13.4698394],[3.7103977],[40.35929433]
[13.61320933],[3.73417074],[41.13276492]
[13.7717407],[3.74441554],[41.78972569]
[13.9467497],[3.74195402],[42.17790425]
[14.0613755],[3.72966186],[42.58069651]
[14.26234894],[3.7362091],[42.91107803]
[14.33757949],[3.73068154],[43.11008298]
[14.34031449],[3.70944942],[43.25645745]
[14.33354069],[3.67023189],[43.13089843]
[14.32822124],[3.61433059],[42.85806136]
[14.31777643],[3.55287088],[42.2645005]
[14.31402608],[3.50116877],[41.74541287]
[14.3196921],[3.45521937],[41.13800643]
[14.30891187],[3.41895454],[40.53930325]
[14.31927564],[3.38431895],[39.91207033]
[14.29486475],[3.34911342],[39.25008579]
[14.29432384],[3.31159413],[38.47372113]
[14.29757573],[3.27607402],[37.71423972]
[14.30340995],[3.23971001],[36.86269091]
[13.97110919],[3.19880568],[35.441785]
[13.01299723],[3.16028386],[32.52438184]
[11.89732642],[3.10412075],[29.30843575]
[1.50893109],[0.9639123],[1.12802975]
[2.54807166],[1.48596682],[3.22899516]
[3.32212528],[1.71081237],[5.00279574]
[4.10578287],[1.8021958],[6.44998016]
[5.14318825],[1.8607205],[8.11524412]
[5.50737914],[2.00981217],[9.41968681]
[5.97044064],[2.16315291],[10.50515717]
[6.26405538],[2.2575442],[11.49917901]
[6.72088318],[2.35220815],[12.50368464]
[7.00931196],[2.42050144],[13.21457039]
[7.50966377],[2.48383944],[14.39896181]
[7.75908262],[2.52216028],[15.37903696]
[8.33198699],[2.60292011],[16.71901841]
[8.51735262],[2.69420622],[17.86799113]
[8.97178207],[2.79628639],[19.34016147]
[9.13623684],[2.87891383],[20.46708383]
[9.53698521],[2.96059485],[21.79390234]
[9.65543768],[3.02297692],[22.93150016]
[10.09227362],[3.08248501],[24.29587166]
[10.20396245],[3.11908287],[25.3090793]
[10.59333397],[3.1788145],[26.74387533]
[10.74566598],[3.22832084],[27.92698474]
[11.18543841],[3.26756914],[29.39206839]
[11.26545331],[3.36631906],[30.58216295]
[11.76166759],[3.42485589],[32.29006972]
[11.93202921],[3.48294633],[33.59853112]
[12.4007862],[3.54529438],[35.20096644]
[12.51008542],[3.60344274],[36.40477752]
[12.98708535],[3.66785361],[37.90481968]
[13.16801677],[3.71029548],[39.14775285]
[13.52210149],[3.75631736],[40.50168946]
[13.7655773],[3.79236523],[41.50370809]
[13.96769602],[3.8142241],[42.57677572]
[14.11231574],[3.83622676],[43.50267593]
[14.31176249],[3.85292892],[44.3093013]
[14.43759041],[3.86355384],[45.16700186]
[14.58268528],[3.86061493],[45.79340315]
[14.75492237],[3.86621225],[46.23206048]
[14.88864544],[3.88558563],[46.72754176]
[15.02753266],[3.88556991],[47.00867019]
[15.03593095],[3.88047936],[47.14467321]
[15.03765312],[3.88314222],[47.30706205]
[15.02129876],[3.82909001],[47.07425173]
[15.02337563],[3.74941555],[46.77848827]
[15.0130058],[3.67108357],[46.02345934]
[15.01808145],[3.59639949],[45.32835681]
[15.00870617],[3.54461118],[44.58495499]
[15.0115629],[3.49799218],[43.75675101]
[15.01534466],[3.456223],[42.91317493]
[14.98989946],[3.42075095],[42.07046684]
[14.98843824],[3.38723253],[41.16237067]
[14.98988054],[3.35389851],[40.22718815]
[14.65520938],[3.31677749],[38.67514391]
[13.88426176],[3.27965873],[35.93024792]
[12.88624795],[3.23880188],[32.57504317]
[3.58320889],[0.9479529],[2.67881842]
[2.52386452],[1.19341816],[2.61525913]
[3.39661117],[1.3818005],[4.25861016]
[4.15461222],[1.45651872],[5.56880744]
[5.19995596],[1.69626334],[7.34377163]
[5.66803261],[1.84303657],[8.64473096]
[6.13636227],[1.93599486],[9.75811903]
[6.49625827],[2.00484776],[10.73720779]
[6.92201041],[2.0768704],[11.70499926]
[7.2406394],[2.1357425],[12.53295015]
[7.77935202],[2.22384268],[13.77330984]
[8.04980035],[2.36714956],[14.74145004]
[8.54993689],[2.4880151],[16.20831313]
[8.79891495],[2.56328575],[17.33342531]
[9.20680025],[2.63855211],[18.88771904]
[9.4323069],[2.69607254],[19.94282531]
[9.79368065],[2.74939984],[21.3651135]
[9.97513684],[2.80325302],[22.41997264]
[10.32826098],[2.86605189],[23.77004975]
[10.51691975],[2.93300508],[24.90207356]
[10.86600337],[3.00389856],[26.28061477]
[11.03206983],[3.09005852],[27.52498881]
[11.45224336],[3.21332371],[29.21413558]
[11.60803699],[3.2896631],[30.47681605]
[12.05155757],[3.35517957],[32.133702]
[12.25309274],[3.4189941],[33.54143099]
[12.74473086],[3.47497955],[35.17940049]
[12.87118957],[3.52213089],[36.37858565]
[13.36441256],[3.58229639],[38.15219269]
[13.6513081],[3.62495745],[39.40402644]
[14.05923409],[3.67037638],[41.04996676]
[14.3616424],[3.71002751],[42.37019793]
[14.62157029],[3.75486315],[43.54833344]
[14.82489191],[3.78624138],[44.74509154]
[14.95182911],[3.81722072],[45.81329061]
[15.13103385],[3.85553028],[46.78137985]
[15.25619633],[3.88868483],[47.61173891]
[15.38205332],[3.92236117],[48.28054266]
[15.57434993],[3.95495791],[48.84476764]
[15.6899403],[3.98144552],[49.27158824]
[15.80997851],[4.00625993],[49.57506575]
[15.78974085],[3.99755646],[49.72137744]
[15.80164159],[3.98101509],[49.80163151]
[15.78362061],[3.91805286],[49.54777148]
[15.79843811],[3.84592433],[49.22120438]
[15.78892433],[3.755358],[48.3014403]
[15.79618935],[3.67291365],[47.51546286]
[15.79573225],[3.59512731],[46.61444968]
[15.80801252],[3.52138323],[45.69834947]
[15.81029317],[3.46113992],[44.49559363]
[15.78939479],[3.41981947],[43.45177071]
[15.79542104],[3.38256759],[42.28644919]
[15.44134267],[3.351358],[40.67240465]
[14.71167712],[3.32000806],[38.01438785]
[13.9328328],[3.28746447],[34.94119858]
[5.09655707],[1.18436],[4.12458716]
[2.34219745],[0.46512679],[0.86812883]
[3.42987796],[0.64190762],[1.80257704]
[4.15515082],[0.71344932],[2.52816717]
[5.23657686],[0.98251787],[3.78257972]
[5.69634918],[1.11899481],[4.64664256]
[6.35569112],[1.20922201],[5.55465494]
[6.56579957],[1.27548643],[6.18716283]
[7.19310768],[1.34483852],[6.9065552]
[7.45260692],[1.40443275],[7.5222639]
[8.02605839],[1.52119933],[8.52233521]
[8.22321225],[1.69381263],[9.39329876]
[8.75328164],[1.80289009],[10.69005867]
[8.9846888],[1.87060153],[11.63888335]
[9.43878431],[1.93949193],[12.97999701]
[9.60752819],[1.99448572],[13.87649087]
[10.02538425],[2.04477889],[15.09672615]
[10.17384076],[2.1162258],[16.01262089]
[10.54837786],[2.18114917],[17.25196248]
[10.69228062],[2.24383698],[18.16801797]
[11.11376206],[2.33594453],[19.4566884]
[11.21465123],[2.46070964],[20.69400176]
[11.68873194],[2.56363908],[22.19166593]
[11.86335956],[2.64157725],[23.35421751]
[12.31184478],[2.71086445],[24.8693174]
[12.48107509],[2.77044697],[26.12919129]
[12.99559344],[2.82926674],[27.60226939]
[13.14714982],[2.87717319],[28.75740703]
[13.69702927],[2.93266236],[30.37807871]
[14.03341847],[2.9762574],[31.66170299]
[14.48775327],[3.03196843],[33.27050404]
[14.81758096],[3.08068893],[34.67904335]
[15.12142774],[3.13838752],[36.06126476]
[15.37647529],[3.17803976],[37.18643855]
[15.5344055],[3.21266422],[38.30562089]
[15.65517192],[3.24771231],[39.38872691]
[15.83987507],[3.27954631],[40.24561045]
[15.98930732],[3.31654418],[40.97704505]
[16.17924168],[3.34971469],[41.64298447]
[16.40308003],[3.3786892],[42.16454456]
[16.59476602],[3.40529796],[42.77380878]
[16.68128993],[3.40639787],[43.23185753]
[16.6885179],[3.38543198],[43.59933014]
[16.68609102],[3.34848193],[43.77103197]
[16.70190373],[3.28203832],[43.65384532]
[16.70182415],[3.21126921],[43.23563518]
[16.7205105],[3.15026304],[42.45513043]
[16.71418773],[3.08207036],[41.39011075]
[16.75225133],[2.99386609],[40.15100185]
[16.73709968],[2.90746341],[38.91924264]
[16.7767201],[2.83284495],[37.50744251]
[16.75085435],[2.76323276],[36.09697911]
[16.40572087],[2.69687317],[34.39660282]
[15.67866569],[2.6526589],[32.08488652]
[14.95175074],[2.60793206],[29.19065338]
