meltWidth,meltDepth,meltArea
[0.],[0.],[0.]
[0.],[0.],[0.]
[0.],[0.],[0.]
[0.],[0.],[0.]
[0.],[0.],[0.]
[0.],[0.],[0.]
[0.],[0.],[0.]
[0.],[0.],[0.]
[0.],[0.],[0.]
[0.],[0.],[0.]
[0.],[0.],[0.]
[0.],[0.],[0.]
[0.],[0.],[0.]
[0.],[0.],[0.]
[0.],[0.],[0.]
[0.],[0.],[0.]
[0.],[0.],[0.]
[0.],[0.],[0.]
[0.],[0.],[0.]
[0.],[0.],[0.]
[0.],[0.],[0.]
[0.],[0.],[0.]
[0.],[0.],[0.]
[0.],[0.],[0.]
[0.],[0.],[0.]
[0.],[0.],[0.]
[0.],[0.],[0.]
[0.],[0.],[0.]
[0.],[0.],[0.]
[0.],[0.],[0.]
[0.],[0.],[0.]
[0.],[0.],[0.]
[0.],[0.],[0.]
[0.],[0.],[0.]
[0.],[0.],[0.]
[0.],[0.],[0.]
[0.],[0.],[0.]
[0.],[0.],[0.]
[0.],[0.],[0.]
[0.],[0.],[0.]
[0.],[0.],[0.]
[0.],[0.],[0.]
[0.],[0.],[0.]
[0.],[0.],[0.]
[0.],[0.],[0.]
[0.],[0.],[0.]
[0.],[0.],[0.]
[0.],[0.],[0.]
[0.],[0.],[0.]
[0.],[0.],[0.]
[0.],[0.],[0.]
[0.],[0.],[0.]
[0.],[0.],[0.]
[0.],[0.],[0.]
[0.],[0.],[0.]
[0.],[0.],[0.]
[0.],[0.],[0.]
[0.],[0.],[0.]
[0.],[0.],[0.]
[0.],[0.],[0.]
[0.],[0.],[0.]
[0.],[0.],[0.]
[0.],[0.],[0.]
[0.],[0.],[0.]
[0.],[0.],[0.]
[0.],[0.],[0.]
[0.],[0.],[0.]
[0.],[0.],[0.]
[0.],[0.],[0.]
[0.],[0.],[0.]
[0.],[0.],[0.]
[0.],[0.],[0.]
[0.],[0.],[0.]
[0.],[0.],[0.]
[0.],[0.],[0.]
[0.],[0.],[0.]
[0.],[0.],[0.]
[0.],[0.],[0.]
[0.],[0.],[0.]
[0.],[0.],[0.]
[0.],[0.],[0.]
[0.],[0.],[0.]
[0.],[0.],[0.]
[0.],[0.],[0.]
[0.],[0.],[0.]
[0.],[0.],[0.]
[0.],[0.],[0.]
[0.],[0.],[0.]
[0.],[0.],[0.]
[0.],[0.],[0.]
[0.],[0.],[0.]
[0.],[0.],[0.]
[0.],[0.],[0.]
[0.],[0.],[0.]
[0.],[0.],[0.]
[0.],[0.],[0.]
[0.],[0.],[0.]
[0.],[0.],[0.]
[0.],[0.],[0.]
[0.],[0.],[0.]
[0.],[0.],[0.]
[0.],[0.],[0.]
[0.],[0.],[0.]
[0.],[0.],[0.]
[0.],[0.],[0.]
[0.],[0.],[0.]
[0.],[0.],[0.]
[0.],[0.],[0.]
[0.],[0.],[0.]
[0.],[0.],[0.]
[0.],[0.],[0.]
[0.],[0.],[0.]
[0.],[0.],[0.]
[0.],[0.],[0.]
[1.08128388],[0.15954502],[0.09567713]
[1.93811309],[0.34307429],[0.42825076]
[2.33987136],[0.4760971],[0.70605249]
[2.53641296],[0.5339355],[0.88405176]
[2.73125591],[0.54114202],[0.9922398]
[2.94125089],[0.5479657],[1.06879439]
[3.05545135],[0.55128669],[1.0686961]
[3.06527297],[0.55442297],[1.08297924]
[3.17825733],[0.56406611],[1.0992542]
[3.13238391],[0.56974163],[1.09419755]
[3.24256865],[0.57122874],[1.10709013]
[3.25950708],[0.57196248],[1.11892004]
[3.3926975],[0.55921086],[1.12000121]
[3.40579376],[0.54229023],[1.09953084]
[3.5612693],[0.53830668],[1.09624387]
[3.54715204],[0.53514525],[1.08023185]
[3.63722469],[0.52949006],[1.07345525]
[3.62244241],[0.52831245],[1.05133586]
[3.63219308],[0.52340467],[1.02860164]
[3.58781703],[0.52267092],[1.01065914]
[3.57482492],[0.52029846],[0.98911884]
[3.53568609],[0.52036638],[0.97175535]
[3.52862148],[0.51374962],[0.94851293]
[3.46934978],[0.5186881],[0.93799238]
[3.45358652],[0.50704744],[0.90905658]
[3.42071524],[0.51522578],[0.91897117]
[3.39480597],[0.50410096],[0.88116043]
[3.395214],[0.5060899],[0.90548072]
[3.40388703],[0.49564062],[0.90667489]
[3.36417983],[0.49130747],[0.89502564]
[3.37430376],[0.48875708],[0.89782837]
[3.33557662],[0.48719395],[0.88429608]
[3.3088105],[0.48511814],[0.88292791]
[3.29191374],[0.47896222],[0.87573171]
[3.27331592],[0.47037849],[0.86301064]
[3.26453384],[0.46244093],[0.85325429]
[3.23113761],[0.45455437],[0.84030314]
[3.18688938],[0.44826572],[0.82455741]
[3.14695436],[0.44324188],[0.80957279]
[3.10013239],[0.43823918],[0.80091477]
[3.05291552],[0.43367042],[0.79257599]
[3.00607294],[0.42860445],[0.77813405]
[2.98001013],[0.42415987],[0.76645795]
[2.94517903],[0.41953388],[0.75658397]
[2.91856439],[0.41554087],[0.74713927]
[2.8923931],[0.40992585],[0.73161708]
[2.85292012],[0.3900464],[0.69955565]
[2.8080814],[0.37172198],[0.65775822]
[2.74353394],[0.35617658],[0.60845886]
[2.79455783],[0.47574065],[0.77783407]
[1.76393143],[0.32443742],[0.337716]
[0.],[0.],[0.]
[0.],[0.],[0.]
[0.],[0.],[0.]
[0.],[0.],[0.]
[2.20192328],[0.25259011],[0.30711047]
[2.42924427],[0.41281301],[0.67384769]
[2.77349065],[0.57065751],[0.98795259]
[2.88255591],[0.63010249],[1.1490102]
[3.11983489],[0.64651435],[1.33979379]
[3.22157227],[0.66004793],[1.42068801]
[3.45201192],[0.66997658],[1.53814603]
[3.4038571],[0.67526328],[1.53115967]
[3.61787],[0.68410144],[1.6532512]
[3.52173991],[0.69026684],[1.61610891]
[3.70502618],[0.69769978],[1.70537227]
[3.60741094],[0.70391846],[1.6768563]
[3.78760094],[0.69861616],[1.736917]
[3.68711556],[0.70303746],[1.7026677]
[3.8668007],[0.70530125],[1.76442208]
[3.81493444],[0.6990104],[1.74150438]
[3.93748987],[0.7011916],[1.79079267]
[3.90544165],[0.6938411],[1.75712752]
[3.93776996],[0.69938801],[1.76201166]
[3.87070549],[0.69210259],[1.71728638]
[3.87050509],[0.70090965],[1.71739417]
[3.8128695],[0.69167041],[1.67628093]
[3.82383495],[0.69813572],[1.67676593]
[3.72956562],[0.69307265],[1.63744866]
[3.7356763],[0.69519587],[1.63373538]
[3.661385],[0.69655778],[1.61590102]
[3.63502643],[0.69586312],[1.61098115]
[3.6264784],[0.69868963],[1.60979759]
[3.61343377],[0.69805076],[1.64249786]
[3.57824351],[0.69894017],[1.60720809]
[3.56326743],[0.70055095],[1.62818038]
[3.51986976],[0.70216355],[1.60313838]
[3.477582],[0.70344402],[1.5966343]
[3.456343],[0.69849056],[1.5883442]
[3.4360048],[0.69117028],[1.56822001]
[3.423658],[0.68193344],[1.54900991]
[3.38790424],[0.67236753],[1.51401373]
[3.34772588],[0.66328838],[1.47930486]
[3.31152974],[0.65387808],[1.44547016]
[3.26473307],[0.64464876],[1.40878261]
[3.22450299],[0.63618932],[1.38062592]
[3.17825832],[0.62834361],[1.35191342]
[3.13619848],[0.6206216],[1.32831524]
[3.09088809],[0.61474482],[1.30665478]
[3.04773377],[0.61449148],[1.27969941]
[3.00810372],[0.6156018],[1.23019991]
[2.97834882],[0.60094157],[1.18292656]
[2.95319886],[0.57652536],[1.1292016]
[2.89662324],[0.55230407],[1.04951922]
[3.79447029],[1.2789256],[4.65664334]
[3.33436608],[0.88988252],[1.81325432]
[1.78265739],[0.6414388],[0.65802656]
[0.],[0.],[0.]
[0.],[0.],[0.]
[0.],[0.],[0.]
[2.39572844],[0.26067153],[0.4182306]
[2.81711393],[0.42240334],[0.80637667]
[3.05530203],[0.62541229],[1.198201]
[3.22156662],[0.6915099],[1.36778828]
[3.4374502],[0.70723818],[1.64767037]
[3.55494907],[0.72362253],[1.71834386]
[3.75195937],[0.73607003],[1.85420193]
[3.74520281],[0.74337078],[1.84675325]
[3.86121466],[0.75239334],[1.95531607]
[3.8105063],[0.75655641],[1.90907522]
[3.94103181],[0.7600941],[2.00178529]
[3.89289027],[0.75824301],[1.95855531]
[4.00946193],[0.76476369],[2.04544019]
[3.96937143],[0.76412011],[1.99335765]
[4.09899156],[0.77052981],[2.09795743]
[4.09088003],[0.76359646],[2.07255888]
[4.19691927],[0.77106434],[2.14168818]
[4.15861005],[0.76187376],[2.08712634]
[4.1942386],[0.77045873],[2.09950417]
[4.09634348],[0.76278293],[2.03892354]
[4.11140249],[0.77330936],[2.04773991]
[4.02218367],[0.76521697],[1.99321657]
[4.04450047],[0.7721919],[2.00237178]
[3.89041239],[0.76925048],[1.93926537]
[3.91891199],[0.77237886],[1.94499456]
[3.78773147],[0.77647182],[1.90477648]
[3.76521626],[0.77709283],[1.90316451]
[3.73844521],[0.77906559],[1.89199135]
[3.71383214],[0.77963043],[1.9210478]
[3.66569383],[0.7804043],[1.87859845]
[3.64149486],[0.78070457],[1.89480375]
[3.594406],[0.78100573],[1.86161806]
[3.55758065],[0.78113649],[1.849269]
[3.52726502],[0.77660105],[1.81936152]
[3.50076799],[0.77026637],[1.76751709]
[3.48310335],[0.76361323],[1.73433876]
[3.4475233],[0.75676833],[1.68717636]
[3.40869234],[0.74718681],[1.63713404]
[3.37386354],[0.73663832],[1.58049347]
[3.3264025],[0.72395296],[1.52458879]
[3.2804183],[0.71361962],[1.48289652]
[3.23561101],[0.70336619],[1.4480314]
[3.19412164],[0.69310554],[1.4197747]
[3.14843117],[0.68192974],[1.38914123]
[3.1081493],[0.67473006],[1.35573194]
[3.07076318],[0.65948216],[1.31094923]
[3.02911912],[0.64097906],[1.25950087]
[2.99887804],[0.62303584],[1.20940011]
[2.95936187],[0.60013409],[1.14014841]
[5.85400146],[1.65737438],[8.39320133]
[4.12876433],[1.55006964],[5.39667578]
[2.96547734],[1.08686008],[2.51165163]
[1.71847913],[0.63521419],[0.72619897]
[0.],[0.],[0.]
[0.],[0.],[0.]
[1.57134908],[0.26977],[0.22796761]
[2.73540627],[0.46823588],[0.89314404]
[3.099816],[0.65888528],[1.33021042]
[3.43617262],[0.73152221],[1.58195342]
[3.61965688],[0.74821595],[1.83357523]
[3.7538655],[0.76070663],[1.92127491]
[3.94748142],[0.76709941],[2.05864576]
[3.93720618],[0.7685926],[2.04884945]
[4.05907949],[0.775503],[2.16936174]
[4.03546299],[0.78802946],[2.14563899]
[4.14997501],[0.79557446],[2.26972154]
[4.13429994],[0.80524892],[2.23083783]
[4.21276125],[0.81660676],[2.33127781]
[4.19667887],[0.81649604],[2.27670973]
[4.27732149],[0.82677132],[2.38899806]
[4.28264461],[0.82111788],[2.34184116]
[4.33826524],[0.82809584],[2.42280608]
[4.30438559],[0.82053517],[2.34397461]
[4.31779161],[0.82789387],[2.38548448]
[4.22750852],[0.82501966],[2.30404615]
[4.24921491],[0.83344893],[2.32644856]
[4.11542056],[0.83041881],[2.24548708]
[4.16884928],[0.83723448],[2.26684278]
[3.97569983],[0.83673623],[2.1891196]
[3.98563178],[0.83991663],[2.19402609]
[3.86403495],[0.83992991],[2.14358379]
[3.83340886],[0.84152466],[2.14851667]
[3.79863029],[0.8410005],[2.12046476]
[3.76522726],[0.84213742],[2.15115237]
[3.71285138],[0.84081331],[2.09172387]
[3.68247928],[0.83005855],[2.07377309]
[3.62922634],[0.81966912],[1.97605984]
[3.58939649],[0.80883496],[1.90267588]
[3.5516209],[0.80060411],[1.84842669]
[3.52154977],[0.79163247],[1.79273125]
[3.49965827],[0.78233424],[1.73959204]
[3.45261895],[0.77305149],[1.68134653]
[3.40195221],[0.7636373],[1.62843656]
[3.35786564],[0.75372792],[1.58157689]
[3.29100913],[0.74301516],[1.53123569]
[3.23449073],[0.73303052],[1.49271135]
[3.19818336],[0.72345695],[1.45889251]
[3.16718458],[0.71442282],[1.42847059]
[3.12187858],[0.70421987],[1.3907531]
[3.08225305],[0.69376903],[1.35629341]
[3.04520814],[0.68359221],[1.31828935]
[3.004876],[0.67093173],[1.28263299]
[2.973345],[0.65650023],[1.24447275]
[2.94003446],[0.63637729],[1.19107923]
[10.45162033],[1.63028679],[11.43330166]
[8.74386053],[1.60306617],[8.23786782]
[4.04483655],[1.49550784],[5.59231266]
[2.84523197],[1.10506282],[2.89233315]
[0.],[0.],[0.]
[0.],[0.],[0.]
[1.1429875],[0.26808727],[0.16697837]
[2.65408319],[0.54176592],[0.9533836]
[3.04178849],[0.72853676],[1.52790154]
[3.52659916],[0.79270859],[1.83489612]
[3.81939631],[0.80146877],[2.09644486]
[3.9423877],[0.81126328],[2.19735575]
[4.13628308],[0.82016851],[2.33460923]
[4.14418037],[0.83665163],[2.35070655]
[4.23503407],[0.84160474],[2.47347184]
[4.22320286],[0.85512524],[2.46903344]
[4.28172318],[0.85969387],[2.58028589]
[4.26340636],[0.85918969],[2.51138038]
[4.32812896],[0.86241299],[2.62444674]
[4.29939811],[0.85856473],[2.53149446]
[4.37440208],[0.86612067],[2.66133085]
[4.36281278],[0.85964732],[2.57583288]
[4.41226654],[0.86624486],[2.66628622]
[4.37239386],[0.85874303],[2.54888209]
[4.36086425],[0.86385889],[2.60761728]
[4.29105523],[0.85884347],[2.50380265]
[4.27434776],[0.86498504],[2.54284857]
[4.14176264],[0.86596999],[2.44283565]
[4.18580587],[0.86913491],[2.46450048]
[3.99183558],[0.87190962],[2.37581723]
[3.99380254],[0.87272522],[2.3780987]
[3.87309354],[0.87364958],[2.31854386]
[3.84247578],[0.86239339],[2.28009793]
[3.80262102],[0.8535667],[2.227443]
[3.77777136],[0.84430028],[2.220521]
[3.71518636],[0.83460535],[2.09333728]
[3.71158094],[0.82569794],[2.05299261]
[3.64197611],[0.8169587],[1.94875032]
[3.59405821],[0.80748709],[1.86715764]
[3.55215578],[0.80218836],[1.81572774]
[3.51415553],[0.79831224],[1.77013554]
[3.48886678],[0.79465381],[1.732857]
[3.42980844],[0.79004424],[1.68714511]
[3.35760123],[0.78224424],[1.64212806]
[3.28563033],[0.77446997],[1.59926821]
[3.23509105],[0.76610048],[1.55630897]
[3.19567336],[0.75837938],[1.52195681]
[3.15717159],[0.75060252],[1.48587814]
[3.12207332],[0.74102826],[1.44826449]
[3.07743797],[0.73051676],[1.40913275]
[3.04319539],[0.71261286],[1.37359224]
[3.00632356],[0.70222374],[1.33693613]
[2.96284459],[0.69238515],[1.29616235]
[2.93218704],[0.68285062],[1.25824354]
[2.91867691],[0.66375796],[1.22329914]
[12.57629586],[1.68201165],[12.99174313]
[9.21182837],[1.61597671],[9.61915346]
[5.10098384],[1.62042183],[7.2865458]
[4.07732907],[1.40805951],[5.09728633]
[2.68774663],[1.02190304],[2.53078205]
[0.00947532],[0.00057834],[0.]
[0.04662072],[0.01020329],[0.00012508]
[2.16762177],[0.55536148],[0.7291146]
[2.88932494],[0.7712874],[1.51618425]
[3.29183262],[0.82941591],[1.91225526]
[3.85901146],[0.83906461],[2.25951853]
[4.05761847],[0.85673125],[2.40170665]
[4.27435426],[0.87054942],[2.56812786]
[4.30836186],[0.88617865],[2.62039155]
[4.37672967],[0.89181448],[2.74878242]
[4.36674999],[0.90032376],[2.73256868]
[4.41031074],[0.90298329],[2.83850185]
[4.37978156],[0.90016084],[2.74276783]
[4.41864958],[0.90203554],[2.84413252]
[4.39990448],[0.89715577],[2.75003934]
[4.44217278],[0.9046119],[2.86028942]
[4.4582],[0.89461192],[2.78474004]
[4.47639026],[0.90305568],[2.85509485]
[4.44695985],[0.89297979],[2.74153619]
[4.40305133],[0.89957336],[2.78896588]
[4.36316976],[0.89260888],[2.68236252]
[4.31345139],[0.8997376],[2.72726714]
[4.20668986],[0.89647773],[2.62022788]
[4.22477541],[0.90069662],[2.65877668]
[4.05198639],[0.88567901],[2.53685332]
[4.0417004],[0.87222804],[2.49355452]
[3.91970728],[0.86015016],[2.38957391]
[3.88769517],[0.84779617],[2.33236589]
[3.84032781],[0.83862634],[2.21702555]
[3.8249857],[0.82966701],[2.18071551]
[3.75769149],[0.82100262],[2.0400844]
[3.75093404],[0.81327022],[1.97157813]
[3.67183304],[0.80582897],[1.88095152]
[3.61962085],[0.79818017],[1.82599914]
[3.57110701],[0.79440323],[1.78592774]
[3.52710801],[0.79173939],[1.74977512]
[3.49355344],[0.78895797],[1.71852041]
[3.42439529],[0.78567275],[1.682575]
[3.33045377],[0.78263626],[1.648749]
[3.27576066],[0.77971831],[1.61448002]
[3.22887895],[0.7767582],[1.57923447]
[3.17545622],[0.77335781],[1.54915818]
[3.10384369],[0.76675815],[1.51085426]
[3.04440589],[0.76015116],[1.47343152]
[2.99699764],[0.74815612],[1.43181578]
[2.95908641],[0.73034276],[1.39287418]
[2.91073967],[0.72120792],[1.34048483]
[2.883489],[0.71179746],[1.29704025]
[2.87016077],[0.70355032],[1.27139314]
[2.87149773],[0.69164732],[1.24681841]
[12.88926532],[1.72439839],[14.21624729]
[9.51443587],[1.65704888],[10.2439156]
[8.09108223],[1.65400709],[7.87567142]
[4.21064483],[1.60908273],[5.38256485]
[3.16004702],[1.22266101],[2.95886919]
[0.84078668],[0.80181754],[0.57843502]
[1.02637773],[0.19228505],[0.12512065]
[2.46621455],[0.63664969],[0.94173332]
[3.00451695],[0.79369292],[1.6778232]
[3.45246802],[0.84905008],[2.03752124]
[4.01050645],[0.85997974],[2.38802508]
[4.1612312],[0.88028068],[2.55587473]
[4.35811879],[0.89497556],[2.72440096]
[4.4056882],[0.90856653],[2.79133701]
[4.45045215],[0.91415807],[2.91967222]
[4.44808541],[0.92319785],[2.89967804]
[4.47015041],[0.92602619],[2.99148276]
[4.45687281],[0.92476017],[2.90640055]
[4.48207829],[0.92656035],[3.00390044]
[4.48225536],[0.92200216],[2.91530038]
[4.51091309],[0.92862623],[3.01948769]
[4.54049958],[0.91937755],[2.95238533]
[4.5529101],[0.92764897],[3.01900214]
[4.53248728],[0.9202454],[2.91466514]
[4.4716039],[0.93172842],[2.95682895]
[4.4439534],[0.92451524],[2.85811682]
[4.38087307],[0.93330421],[2.89415942]
[4.28969201],[0.92749932],[2.76684271]
[4.29194179],[0.93343454],[2.8191192]
[4.12501189],[0.90834682],[2.67447577]
[4.12003259],[0.89427889],[2.650969]
[3.99157195],[0.88117604],[2.53175443]
[3.95289835],[0.86842639],[2.47075332]
[3.91161346],[0.85786183],[2.35575575]
[3.88488719],[0.84822989],[2.30263833]
[3.82609537],[0.83917294],[2.16640283]
[3.80799671],[0.83107179],[2.07649733]
[3.7393215],[0.82338847],[1.97644383]
[3.68735717],[0.81482933],[1.90428905]
[3.64249072],[0.80987937],[1.85627211]
[3.60153812],[0.80672594],[1.81826994]
[3.56819252],[0.80355599],[1.78721208]
[3.50815123],[0.80031714],[1.74840304]
[3.41936256],[0.79743886],[1.71201986]
[3.32096936],[0.79429274],[1.67592301]
[3.27055448],[0.79080738],[1.64266973]
[3.2143119],[0.78772323],[1.61186085]
[3.14131389],[0.78516407],[1.57820316]
[3.07716297],[0.77950364],[1.53361209]
[3.02718927],[0.76851399],[1.48925028]
[2.98565993],[0.75075515],[1.44879067]
[2.93103714],[0.73738168],[1.38880621]
[2.87147599],[0.72607748],[1.31798123]
[2.8342931],[0.7178358],[1.27623889]
[2.81305104],[0.70805837],[1.23606368]
[12.86558468],[1.79988664],[15.04046304]
[9.38974206],[1.68130574],[10.57930423]
[7.95798341],[1.66744703],[8.09097503]
[4.40198077],[1.61945276],[5.47768026]
[3.19999829],[1.40401376],[3.08200149]
[1.49302427],[0.92457515],[1.04666607]
[1.34740585],[0.32163087],[0.30915937]
[2.70347074],[0.64785695],[1.12867939]
[3.14362507],[0.79210334],[1.76348834]
[3.72021802],[0.83918203],[2.15601866]
[4.09032466],[0.85684326],[2.44627706]
[4.2379747],[0.87821088],[2.63761347]
[4.42631866],[0.89542337],[2.81275381]
[4.48847987],[0.90749284],[2.8902892]
[4.51044351],[0.91471945],[3.01158518]
[4.51830767],[0.92222105],[2.98777053]
[4.52789047],[0.92884249],[3.0836247]
[4.53105766],[0.92687906],[3.01309592]
[4.54438724],[0.93187689],[3.10682109]
[4.55915573],[0.92531508],[3.03030276]
[4.57237139],[0.93626667],[3.12351194]
[4.60805173],[0.92963925],[3.06467205]
[4.60893135],[0.94242988],[3.13221408]
[4.59612558],[0.93585998],[3.03778088]
[4.52739961],[0.94808684],[3.08233915]
[4.50664806],[0.94213913],[2.98359802]
[4.43401507],[0.95203017],[3.01742071]
[4.3601348],[0.94706291],[2.87924253]
[4.34868051],[0.95494206],[2.94743776]
[4.1915698],[0.95083623],[2.80725485]
[4.18433014],[0.94601787],[2.79523617]
[4.05223857],[0.90928398],[2.69358722]
[4.01210155],[0.89667783],[2.63369851]
[3.97381919],[0.88540196],[2.55955071]
[3.92841562],[0.87596971],[2.49491182]
[3.87524819],[0.86603364],[2.35320688]
[3.84597515],[0.8564924],[2.27107907]
[3.78533212],[0.84711678],[2.13431573]
[3.73377077],[0.8373799],[2.03615634]
[3.69077895],[0.83155895],[1.96659458]
[3.65278706],[0.82762803],[1.91019395]
[3.62176533],[0.82373403],[1.87106548]
[3.56915373],[0.81988605],[1.82769505]
[3.48952665],[0.81652495],[1.78477788]
[3.40470612],[0.81311647],[1.7440081]
[3.30466537],[0.80956542],[1.70644204]
[3.26337124],[0.8059236],[1.67632074]
[3.22011066],[0.80274457],[1.64031958]
[3.17542298],[0.79958955],[1.60027936]
[3.1073059],[0.78733292],[1.55383232]
[3.06919409],[0.77049142],[1.51666107]
[3.02924886],[0.75320725],[1.46341248]
[2.9768775],[0.74155866],[1.3961576]
[2.94005473],[0.73077832],[1.35215077]
[2.91436767],[0.72200898],[1.31381541]
[12.87635586],[1.86893206],[15.291117]
[9.27195509],[1.72055607],[10.4869591]
[6.81678769],[1.68139081],[7.82842192]
[4.48111015],[1.62587765],[5.19322285]
[3.17348861],[1.33323822],[2.81395558]
[2.24435302],[0.99955388],[1.14319835]
[1.61523075],[0.46098152],[0.52759001]
[2.82102002],[0.70174677],[1.3681965]
[3.31905067],[0.83086312],[1.94598242]
[3.99130277],[0.86791539],[2.36992532]
[4.13731108],[0.88409973],[2.58070807]
[4.28598279],[0.90326306],[2.77346231]
[4.47057124],[0.9188046],[2.94653257]
[4.52235687],[0.92845546],[3.01060422]
[4.52425743],[0.93594514],[3.11912597]
[4.52613869],[0.94229652],[3.09325185]
[4.53220476],[0.94774075],[3.17525683]
[4.54259038],[0.94464416],[3.11338186]
[4.55164216],[0.95027191],[3.19646047]
[4.57334152],[0.94304249],[3.12577537]
[4.58166923],[0.9549448],[3.21744408]
[4.61744479],[0.94924502],[3.15387737]
[4.61665738],[0.96167252],[3.22203932]
[4.61538381],[0.95510311],[3.12971128]
[4.54644306],[0.96670751],[3.17513366]
[4.52884092],[0.96059781],[3.07395445]
[4.45456431],[0.97072728],[3.10683283]
[4.36708532],[0.9656412],[2.95306331]
[4.35651144],[0.97420922],[3.01857107]
[4.20848215],[0.97032565],[2.88328204]
[4.19973332],[0.97684043],[2.88537342]
[4.0813717],[0.96961696],[2.80412929]
[4.04027011],[0.94147959],[2.76714706]
[4.00499799],[0.91009386],[2.69896099]
[3.95214222],[0.90029254],[2.6469816]
[3.90016362],[0.8892289],[2.55393807]
[3.86495703],[0.8789494],[2.45750049]
[3.8031945],[0.86905546],[2.32870786]
[3.75667833],[0.85878928],[2.2129832]
[3.72097528],[0.85245376],[2.1123764]
[3.68669732],[0.84834769],[2.0348989]
[3.66097307],[0.8440405],[1.97922049]
[3.61464937],[0.83984085],[1.92262533]
[3.54698879],[0.83597008],[1.86974188]
[3.46723147],[0.83223833],[1.82308353]
[3.35513411],[0.82837298],[1.77883232]
[3.28897284],[0.82491029],[1.74652748]
[3.24784668],[0.82128828],[1.71079554]
[3.2053174],[0.81710817],[1.67023758]
[3.15637473],[0.80569024],[1.62230992]
[3.13336534],[0.78836164],[1.5846101]
[3.11369651],[0.77050984],[1.53026822]
[3.08228122],[0.7547898],[1.46270841]
[3.04469227],[0.74329835],[1.41631167]
[3.02198581],[0.73090742],[1.37540231]
[12.50196224],[1.92326231],[15.25453811]
[8.1356286],[1.78361535],[10.44041313]
[5.97831293],[1.68545296],[7.67217609]
[4.58551073],[1.61994388],[5.20675346]
[3.27426839],[1.32143807],[2.83786182]
[2.21621102],[1.12658661],[1.31491085]
[1.70160613],[0.5259528],[0.63653449]
[2.95086179],[0.73215039],[1.5153436]
[3.60343492],[0.85435919],[2.12038658]
[4.03362489],[0.88946685],[2.45894155]
[4.18146114],[0.9055361],[2.67540341]
[4.33676727],[0.92204485],[2.87357696]
[4.50894704],[0.93287421],[3.0434509]
[4.5629383],[0.94216884],[3.10227668]
[4.55080364],[0.95164374],[3.20299548]
[4.56720908],[0.95563193],[3.17907573]
[4.56597004],[0.96071944],[3.25079091]
[4.58252036],[0.95797066],[3.19416958]
[4.58628827],[0.96379649],[3.27374167]
[4.61521806],[0.96035407],[3.20796696]
[4.62198962],[0.97292649],[3.30251723]
[4.67665251],[0.96844259],[3.25002753]
[4.66728395],[0.97955997],[3.31696139]
[4.69190024],[0.97376107],[3.23883215]
[4.59625012],[0.98479304],[3.27213101]
[4.58498859],[0.97922252],[3.17397533]
[4.50384652],[0.99048695],[3.20690319]
[4.42836336],[0.98382892],[3.04877225]
[4.41080086],[0.99437977],[3.12267246]
[4.2708179],[0.9882565],[2.98068712]
[4.26284081],[0.99738641],[2.99141562]
[4.14678422],[0.99208491],[2.92003104]
[4.10341408],[0.99660929],[2.89744275]
[4.07905015],[0.9737286],[2.84409196]
[4.00338308],[0.9529343],[2.85521651]
[3.96581279],[0.92254263],[2.77152892]
[3.9103897],[0.90778726],[2.76130343]
[3.85443726],[0.89597674],[2.60507211]
[3.807599],[0.88491129],[2.44166781]
[3.77430846],[0.87780541],[2.36516714]
[3.74418125],[0.8729844],[2.2325622]
[3.72090264],[0.86816832],[2.13972024]
[3.68182283],[0.86349961],[2.0636939]
[3.62464769],[0.85918362],[1.99386444]
[3.55791561],[0.85502555],[1.92810445]
[3.46577429],[0.85030247],[1.86660963]
[3.36321774],[0.84600795],[1.82523705]
[3.29014499],[0.84188419],[1.78606837]
[3.24944564],[0.8382078],[1.74789549]
[3.2008668],[0.82843936],[1.70050996]
[3.15906505],[0.8112484],[1.65482721]
[3.13603797],[0.79350695],[1.59541205]
[3.11040873],[0.77378642],[1.52391489]
[3.09490555],[0.7617981],[1.47843408]
[3.08206269],[0.7429323],[1.43447582]
[10.69314438],[1.97605175],[14.86118161]
[7.69548216],[1.8439266],[10.56327212]
[5.75129847],[1.72164426],[7.55752639]
[4.52030146],[1.61971942],[5.20857839]
[3.19580344],[1.37328507],[2.73297715]
[2.13344756],[0.97341098],[1.16384799]
[1.76861697],[0.58121302],[0.72007144]
[3.1781316],[0.75382562],[1.69748866]
[3.87516417],[0.87033171],[2.26615908]
[4.06971627],[0.9030365],[2.52801026]
[4.21867052],[0.92133567],[2.74494973]
[4.37821731],[0.93942456],[2.94608008]
[4.54276315],[0.94743571],[3.11738547]
[4.5977855],[0.95397318],[3.16881195]
[4.57631569],[0.9625798],[3.25958556]
[4.60225584],[0.96596343],[3.23722356]
[4.59507892],[0.96625919],[3.30407632]
[4.61679733],[0.96738461],[3.25254664]
[4.61700191],[0.9716125],[3.33352287]
[4.66543977],[0.97376742],[3.28590454]
[4.67013412],[0.98348762],[3.37769578]
[4.75512064],[0.9835878],[3.3522908]
[4.71589143],[0.99005267],[3.4001909]
[4.76194845],[0.98935735],[3.34318164]
[4.64562194],[0.99542848],[3.35307961]
[4.6622512],[0.99478611],[3.27112617]
[4.55472739],[1.00100818],[3.28415165]
[4.4852935],[0.99812841],[3.12724953]
[4.46194589],[1.00458512],[3.19887102]
[4.33019326],[1.00243758],[3.06176731]
[4.31982296],[1.00787729],[3.07162914]
[4.20605187],[1.00628547],[3.00540723]
[4.158479],[1.01127301],[3.00306955]
[4.14034405],[1.00954189],[2.96897023]
[4.05762817],[1.01441747],[2.96905409]
[4.03325949],[0.98700782],[2.91111794]
[3.94794324],[0.95604248],[2.93466148]
[3.906848],[0.98994483],[2.88381383]
[3.85393845],[1.032446],[2.84321109]
[3.82202179],[0.90545888],[2.69837101]
[3.79564991],[0.8943956],[2.53930054]
[3.77515373],[0.8896005],[2.47670035]
[3.74326582],[0.88483814],[2.30300978]
[3.69461229],[0.88001119],[2.18412593]
[3.63835059],[0.87500863],[2.08458179]
[3.56289762],[0.86979426],[1.99509974]
[3.47926096],[0.86512457],[1.92706517]
[3.37079897],[0.86072396],[1.86582244]
[3.29365054],[0.85629496],[1.826614]
[3.24731349],[0.84897322],[1.78289775]
[3.2037102],[0.8319355],[1.73233016]
[3.16024508],[0.81421517],[1.66353153]
[3.13596873],[0.79466176],[1.59306374]
[3.11996356],[0.77454957],[1.53985685]
[3.10718927],[0.75592131],[1.49653265]
[8.9544442],[2.02802285],[14.7744315]
[7.3253807],[1.90240634],[10.55593852]
[5.68678],[1.74753383],[7.51519487]
[4.41339919],[1.62089781],[5.12379358]
[3.09602667],[1.26433111],[2.51541791]
[2.00423487],[0.86860769],[0.89340651]
[1.94690834],[0.59982711],[0.80509136]
[3.43302311],[0.75352767],[1.82822352]
[3.91943281],[0.86334118],[2.28967383]
[4.1094065],[0.89895611],[2.55362152]
[4.26122427],[0.91765593],[2.77252882]
[4.42375081],[0.93506218],[2.96918807]
[4.57657151],[0.94184291],[3.14318979]
[4.63828627],[0.9493035],[3.19318203]
[4.60850269],[0.95648559],[3.27588759]
[4.64164146],[0.9591641],[3.26682297]
[4.62853041],[0.962663],[3.3335941]
[4.66277712],[0.96756151],[3.29537312]
[4.66766164],[0.97829599],[3.3846526]
[4.72509941],[0.98212207],[3.36018617]
[4.71888446],[0.99118294],[3.45021809]
[4.82854956],[0.99095158],[3.44551214]
[4.79366998],[0.99703951],[3.48316737]
[4.82663496],[0.99633579],[3.43356235]
[4.70595079],[1.00233618],[3.42858849]
[4.73532144],[1.00059923],[3.36199926]
[4.60616787],[1.00700998],[3.35836426]
[4.5759715],[1.00438479],[3.21257071]
[4.51614482],[1.01015865],[3.27704748]
[4.39425144],[1.00808368],[3.13191014]
[4.38097456],[1.01344872],[3.14301144]
[4.26469016],[1.01276465],[3.07921201]
[4.21559216],[1.01622226],[3.08011319]
[4.20107733],[1.0171001],[3.05941015]
[4.11474271],[1.02000075],[3.05644251]
[4.09468174],[1.0217593],[3.00679227]
[4.00419277],[1.01266927],[3.031498]
[3.97299039],[0.98563084],[3.01346056]
[3.89606711],[1.03113684],[2.98704959]
[3.86428595],[1.06964603],[2.95609446]
[3.83969885],[1.10245148],[2.94856282]
[3.82113388],[0.99846278],[2.86009331]
[3.79382083],[0.89858144],[2.72740778]
[3.75150854],[0.89389942],[2.6280904]
[3.70133236],[0.88942066],[2.43380537]
[3.63763787],[0.8847321],[2.21670343]
[3.56782185],[0.88055953],[2.08594929]
[3.48172378],[0.87639767],[1.98926228]
[3.38409405],[0.87197278],[1.91846944]
[3.291551],[0.86601421],[1.86282423]
[3.24638565],[0.85073332],[1.80550763]
[3.19951756],[0.83414899],[1.73118927]
[3.1582196],[0.81568726],[1.65830492]
[3.14224009],[0.78879746],[1.60004829]
[3.12927043],[0.76768928],[1.55598411]
[8.72281956],[2.05727827],[13.0874809]
[6.93240545],[1.90370745],[9.75921531]
[5.65750367],[1.60192081],[6.17332761]
[4.3876406],[1.28167535],[3.58889796]
[3.05370872],[0.93841259],[1.64141194]
[1.96208705],[0.62210878],[0.65807656]
[2.5448398],[0.65557152],[1.06883267]
[3.71785325],[0.79295666],[2.01580746]
[3.96247268],[0.8882363],[2.38262219]
[4.14018675],[0.922988],[2.64179448]
[4.28788102],[0.93989873],[2.85513741]
[4.44929143],[0.9548116],[3.03847053]
[4.57918514],[0.9590404],[3.2000425]
[4.63369126],[0.96179916],[3.24937555]
[4.60534273],[0.96458329],[3.32074641]
[4.64970679],[0.96711189],[3.32044269]
[4.64487781],[0.97332702],[3.39692752]
[4.69408181],[0.97977171],[3.36912597]
[4.69342559],[0.99017478],[3.45674632]
[4.76525889],[0.99371859],[3.44387837]
[4.74475177],[1.00222767],[3.52585832]
[4.87892179],[1.00126392],[3.54184141]
[4.83683747],[1.00761686],[3.56742456]
[4.86673063],[1.00473797],[3.5183505]
[4.75408211],[1.01106149],[3.51684776]
[4.76071142],[1.00800974],[3.42682238]
[4.64098002],[1.01451639],[3.44338624]
[4.60933688],[1.01111923],[3.27779193]
[4.53310824],[1.01676536],[3.33671097]
[4.43058493],[1.01456994],[3.19495537]
[4.39987057],[1.01929401],[3.20305915]
[4.28992545],[1.01889178],[3.14012663]
[4.23797824],[1.02188872],[3.14202601]
[4.22209001],[1.02276357],[3.12026252]
[4.13540901],[1.02525629],[3.12170105]
[4.11531063],[1.02698864],[3.08982253]
[4.01995956],[1.02858993],[3.11243432]
[3.99611596],[1.02999475],[3.11047693]
[3.92266398],[1.03114772],[3.1039297]
[3.8925253],[1.07081497],[3.1050875]
[3.87142426],[1.10469723],[3.0789066]
[3.852119],[1.12521364],[3.07480447]
[3.82734405],[1.12853428],[3.050987]
[3.79222184],[1.06730784],[2.97958695]
[3.74980626],[0.97118571],[2.92283583]
[3.69350178],[0.89659163],[2.850688]
[3.63297669],[0.8926293],[2.7637385]
[3.55742926],[0.88895385],[2.41328765]
[3.47564903],[0.88542358],[2.12725025]
[3.34651605],[0.88000933],[1.98523079]
[3.27563692],[0.86793671],[1.90508383]
[3.22976888],[0.85063594],[1.8412038]
[3.18598244],[0.82222981],[1.72227676]
[3.1681375],[0.79430105],[1.66045423]
[3.16039468],[0.76732831],[1.61202801]
[8.82007381],[2.0731015],[12.88962187]
[7.0054857],[1.86565995],[9.03316804]
[5.74825246],[1.47299915],[5.65346983]
[4.50313129],[1.20416723],[3.34874757]
[3.12296084],[0.88290162],[1.59196864]
[2.06509807],[0.60362433],[0.70338718]
[2.83247095],[0.68415941],[1.11691145]
[3.72085421],[0.80960827],[2.0493031]
[3.99676658],[0.90161238],[2.44819442]
[4.17172922],[0.93854883],[2.70981754]
[4.32218273],[0.95508646],[2.92446929]
[4.48091114],[0.967091],[3.10341161]
[4.600519],[0.97036531],[3.26419588]
[4.66378445],[0.97195075],[3.31608281]
[4.64358941],[0.97198602],[3.39358081]
[4.7012393],[0.97400106],[3.39659858]
[4.69001489],[0.98340169],[3.47448625]
[4.74748478],[0.99030438],[3.45767672]
[4.73942603],[0.99986188],[3.54415871]
[4.84088352],[1.00263128],[3.55262293]
[4.79792868],[1.01111587],[3.61535122]
[4.94116056],[1.00897757],[3.66051528]
[4.90895477],[1.01567244],[3.6888893]
[4.92683849],[1.01280238],[3.64458367]
[4.83554552],[1.01924351],[3.64153213]
[4.82492815],[1.01642547],[3.55076174]
[4.72165235],[1.02284404],[3.5600842]
[4.68404128],[1.01951128],[3.39942547]
[4.58477221],[1.02512716],[3.44089626]
[4.5173981],[1.02279295],[3.31049727]
[4.4555741],[1.02751109],[3.30525053]
[4.3628916],[1.02770803],[3.2470581]
[4.28755341],[1.03025396],[3.24575062]
[4.27693279],[1.03139066],[3.22844221]
[4.1834716],[1.03348001],[3.23546531]
[4.16678527],[1.03690394],[3.22037456]
[4.0675658],[1.04076946],[3.28686846]
[4.05262491],[1.07053022],[3.30612754]
[3.971465],[1.11526054],[3.312337]
[3.93092758],[1.14639149],[3.32519833]
[3.91143516],[1.17329268],[3.33544407]
[3.89347494],[1.18775988],[3.34344561]
[3.87620188],[1.18695819],[3.31047001]
[3.8489314],[1.18734795],[3.30454987]
[3.81371513],[1.1861707],[3.31914778]
[3.76913142],[1.1322262],[3.28735721]
[3.72159719],[1.06062472],[3.2591684]
[3.66330957],[0.9726362],[3.22329223]
[3.60131751],[0.96633562],[3.1901803]
[3.51372823],[0.93971987],[3.08798225]
[3.41093141],[0.89119158],[2.9575116]
[3.30168192],[0.86925204],[2.2435802]
[3.24416247],[0.84155097],[2.11520334]
[3.21014085],[0.81391504],[2.0464659]
[3.19761739],[0.78875454],[1.97652631]
[8.83057287],[2.10110696],[12.8407536]
[7.05474885],[1.76958484],[8.71151659]
[5.70859873],[1.42839404],[5.42833266]
[4.46762138],[1.18923061],[3.22006917]
[3.08371955],[0.85912309],[1.53789716]
[2.00946074],[0.60153637],[0.70090335]
[2.98750794],[0.69365958],[1.12771278]
[3.73421507],[0.80735068],[2.05936881]
[4.04197736],[0.89772409],[2.48151143]
[4.214147],[0.93508606],[2.74254534]
[4.36903884],[0.95093502],[2.95919113]
[4.52259631],[0.96186597],[3.13480212]
[4.63572468],[0.96473752],[3.30419192]
[4.7220798],[0.96585708],[3.36793788]
[4.69464406],[0.97246463],[3.44811747]
[4.7615359],[0.98004574],[3.45937669]
[4.73875048],[0.9897604],[3.53643319]
[4.80471586],[0.99640041],[3.5331499]
[4.78931693],[1.00571418],[3.61507542]
[4.91147353],[1.00707927],[3.64273846]
[4.88366769],[1.01545441],[3.70264574]
[4.99953822],[1.01301961],[3.75663137]
[4.97089707],[1.01987534],[3.7816434]
[4.97995058],[1.01701684],[3.73958194]
[4.90423887],[1.02343726],[3.73529895]
[4.8861033],[1.02098341],[3.64704135]
[4.80549381],[1.02733291],[3.65734772]
[4.75471374],[1.02439785],[3.49998661]
[4.66979772],[1.02938782],[3.53356153]
[4.59713774],[1.0275918],[3.40034005]
[4.511127],[1.03129969],[3.38914913]
[4.44950256],[1.03147382],[3.33546062]
[4.33948654],[1.03405623],[3.31384241]
[4.3587319],[1.03519051],[3.30809192]
[4.23242412],[1.04028384],[3.29849982]
[4.21829108],[1.04482582],[3.2801026]
[4.11362258],[1.04876691],[3.35385747]
[4.10430373],[1.08260033],[3.37851264]
[4.02475664],[1.1254428],[3.39685342]
[3.98434208],[1.15796878],[3.41639078]
[3.95061267],[1.18582811],[3.43203472]
[3.92865988],[1.20099782],[3.44931915]
[3.91356545],[1.20134742],[3.43705601]
[3.89117531],[1.20136601],[3.43567563]
[3.86235007],[1.20080676],[3.44968369]
[3.82791375],[1.1997585],[3.4531805]
[3.79097135],[1.1997964],[3.46475644]
[3.74548685],[1.16537583],[3.4538573]
[3.69902139],[1.10051128],[3.42180944]
[3.63490373],[1.02302879],[3.39294967]
[3.56468681],[1.00253948],[3.3667906]
[3.4859831],[1.01755793],[3.3080805]
[3.36979038],[0.95903799],[3.13807131]
[3.26411537],[0.86173352],[2.98197754]
[3.2449955],[0.80554678],[2.25914863]
[8.8399129],[2.06889353],[12.19290422]
[7.09796062],[1.66502331],[7.91216268]
[5.68595225],[1.36017832],[4.94644355]
[4.41910736],[1.1480053],[2.99174399]
[3.02968053],[0.82899977],[1.43527867]
[1.92074699],[0.58220759],[0.71895515]
[3.08197269],[0.73993494],[1.2652417]
[3.79012004],[0.84015755],[2.16441969]
[4.07041449],[0.92075727],[2.57037115]
[4.24105724],[0.95740284],[2.82080937]
[4.39536774],[0.97185123],[3.04419858]
[4.54167627],[0.98041214],[3.21422545]
[4.6502156],[0.98148989],[3.38416855]
[4.74711694],[0.98164397],[3.44621208]
[4.71716444],[0.98357175],[3.52247641]
[4.79227727],[0.99009235],[3.54002627]
[4.76276572],[0.99950945],[3.6099112]
[4.84564499],[1.00419976],[3.61659964]
[4.8067058],[1.01280709],[3.68378285]
[4.95332384],[1.01366205],[3.73814419]
[4.92681685],[1.02143774],[3.7978834]
[5.03602669],[1.01913028],[3.85909018]
[5.00733087],[1.02494281],[3.87461933]
[5.01592893],[1.02289084],[3.83872042]
[4.9463163],[1.02792824],[3.83104835]
[4.91145541],[1.02620753],[3.72476917]
[4.84591269],[1.0308879],[3.74377424]
[4.78353578],[1.02934355],[3.57507144]
[4.71396234],[1.03325965],[3.61578627]
[4.62823865],[1.03232958],[3.47568602]
[4.54513706],[1.03530551],[3.45161634]
[4.48079372],[1.03563284],[3.40429857]
[4.37664069],[1.04029689],[3.3807156]
[4.39296382],[1.04268536],[3.37954219]
[4.23639355],[1.0480881],[3.36335789]
[4.23521891],[1.05819339],[3.35147959]
[4.1258052],[1.0757346],[3.404889]
[4.12546529],[1.09248018],[3.44002445]
[4.04659022],[1.13553661],[3.46383782]
[4.0047705],[1.16976225],[3.4842009]
[3.97114043],[1.19899039],[3.49178029]
[3.95123582],[1.21553816],[3.51860076]
[3.94188962],[1.21752521],[3.5284396]
[3.92354596],[1.21882346],[3.53102009]
[3.89910477],[1.22027936],[3.56749868]
[3.87232271],[1.21832086],[3.5907477]
[3.84255003],[1.21773201],[3.6073602]
[3.80603229],[1.2185833],[3.61208656]
[3.76791426],[1.21826468],[3.6210266]
[3.71550698],[1.19489697],[3.60789892]
[3.66214093],[1.13931805],[3.571528]
[3.60339331],[1.07771458],[3.52199158]
[3.51675818],[1.03251],[3.43671304]
[3.43233173],[1.03373376],[3.34689915]
[3.39530515],[0.99322049],[3.21978319]
[8.90917488],[2.09169003],[12.25518427]
[7.17211974],[1.66495604],[7.89765218]
[5.76083283],[1.35583468],[4.94328359]
[4.48196364],[1.15052838],[3.00154747]
[3.0273873],[0.82873108],[1.43542716]
[1.98029825],[0.57396649],[0.76282326]
[3.08467743],[0.75753892],[1.28739127]
[3.80106724],[0.85392948],[2.20778]
[4.10454105],[0.93700716],[2.63251937]
[4.27117194],[0.97162041],[2.87818563]
[4.43400156],[0.9849599],[3.1141075]
[4.57086594],[0.99274627],[3.2839584]
[4.67241703],[0.99476464],[3.45452256]
[4.78510915],[0.99511802],[3.5218443]
[4.75030957],[0.9927627],[3.59709506]
[4.83374589],[0.99867836],[3.61908024]
[4.79723194],[1.00816049],[3.68575283]
[4.90509209],[1.01316416],[3.71778199]
[4.84752319],[1.02309617],[3.76955178]
[4.99619661],[1.02503763],[3.85447364]
[4.97561811],[1.03455662],[3.92962675]
[5.06985813],[1.029064],[3.99344455]
[5.04537689],[1.03465595],[4.00388781]
[5.05087036],[1.03003538],[3.96406216]
[4.99037076],[1.03701547],[3.95050344]
[4.95101973],[1.0343063],[3.84445492]
[4.89754981],[1.04088058],[3.86212393]
[4.82949609],[1.03834493],[3.69335625]
[4.77521802],[1.04425628],[3.73869539]
[4.67854179],[1.04394048],[3.58894927]
[4.61594616],[1.05059427],[3.58910331]
[4.53531679],[1.05123418],[3.53860843]
[4.45048191],[1.07101124],[3.52630194]
[4.45669788],[1.08640905],[3.53720533]
[4.28927603],[1.10654795],[3.50902013]
[4.30785561],[1.12171249],[3.53012653]
[4.16140115],[1.13709672],[3.57619681]
[4.16475395],[1.16553972],[3.60885559]
[4.08578494],[1.20250857],[3.62705048]
[4.04205223],[1.23344078],[3.64828775]
[4.00762985],[1.25484535],[3.67220947]
[3.97935185],[1.26750978],[3.69577291]
[3.96209758],[1.26465132],[3.72495199]
[3.94622968],[1.26782223],[3.77891411]
[3.92657589],[1.26611775],[3.82906015]
[3.90375469],[1.26297807],[3.86914332]
[3.8771424],[1.26101593],[3.89296672]
[3.84511811],[1.26058508],[3.91304313]
[3.81330639],[1.25901696],[3.92353314]
[3.77098965],[1.25608472],[3.92820412]
[3.72581309],[1.25525149],[3.92543556]
[3.67744226],[1.24372285],[3.89650209]
[3.60810099],[1.16144773],[3.80083118]
[3.54337444],[1.08372116],[3.72787424]
[3.51737923],[1.04401739],[3.63719629]
[8.9600556],[2.09297657],[12.21072671]
[7.16532076],[1.66893115],[7.85552401]
[5.72394594],[1.36130271],[4.94986925]
[4.43088238],[1.16979942],[3.01403053]
[2.97861624],[0.85474414],[1.42685797]
[1.91223099],[0.57498817],[0.74542719]
[3.02896648],[0.76575009],[1.25785617]
[3.78671572],[0.85864409],[2.21775295]
[4.13150836],[0.944052],[2.66836577]
[4.29657856],[0.97719528],[2.91047084]
[4.45851069],[0.98963513],[3.15176773]
[4.58864239],[0.99885252],[3.32365485]
[4.68717479],[1.00336725],[3.49406532]
[4.81590473],[0.9988979],[3.56704337]
[4.77960838],[0.99812435],[3.64354042]
[4.87202402],[1.00336831],[3.67893249]
[4.83134278],[1.01370806],[3.74477397]
[4.95796882],[1.02156031],[3.79968121]
[4.90655424],[1.03489892],[3.86627416]
[5.03837683],[1.04291426],[3.97667857]
[5.01966486],[1.05189867],[4.05421021]
[5.10518872],[1.0464169],[4.13460207]
[5.09270532],[1.05120176],[4.15739063]
[5.09537744],[1.04512608],[4.11464238]
[5.04426455],[1.04946009],[4.09627373]
[4.9955376],[1.04426757],[3.97612623]
[4.94995359],[1.04896329],[3.98580626]
[4.872297],[1.04491738],[3.80042043]
[4.82727392],[1.05028034],[3.83993775]
[4.7191331],[1.04968211],[3.67012624]
[4.6759799],[1.0568288],[3.68079149]
[4.58153007],[1.07422618],[3.62530616]
[4.50604567],[1.1011925],[3.61855193]
[4.50470755],[1.11693649],[3.63223776]
[4.35066192],[1.13565566],[3.60298875]
[4.36022636],[1.15119121],[3.62556485]
[4.18669181],[1.16585413],[3.65349478]
[4.2259138],[1.19105033],[3.69935797]
[4.11530537],[1.22736776],[3.70476466]
[4.07325698],[1.25397309],[3.71845523]
[4.03951494],[1.27510383],[3.74206101]
[4.0114452],[1.28829946],[3.76627693]
[3.98758252],[1.28695792],[3.79509469]
[3.96348255],[1.29097166],[3.8451025]
[3.9439968],[1.28899512],[3.90288582]
[3.92467693],[1.28566702],[3.94527129]
[3.89995734],[1.28347843],[3.98433032]
[3.87079425],[1.28254783],[3.99708128]
[3.84206134],[1.28028581],[4.02545646]
[3.80491073],[1.2772543],[4.02854573]
[3.76654062],[1.27678162],[4.01686217]
[3.7256026],[1.26262151],[3.99189818]
[3.6668269],[1.21743235],[3.93203016]
[3.61250264],[1.14953982],[3.86007442]
[3.59107115],[1.05732859],[3.76859111]
[8.99053245],[2.11938265],[12.17130602]
[7.11673372],[1.68024971],[7.71525896]
[5.61758197],[1.36397567],[4.83545713]
[4.33735634],[1.1670524],[2.91827122]
[2.91943092],[0.82415893],[1.34388936]
[1.74411866],[0.55582367],[0.69751412]
[3.03602254],[0.75596755],[1.25297164]
[3.80759539],[0.84998165],[2.2158509]
[4.16337425],[0.93666714],[2.67964141]
[4.32976417],[0.96742512],[2.919957]
[4.49553466],[0.98006205],[3.16867442]
[4.61698948],[0.99046688],[3.34825952]
[4.71079336],[0.99245038],[3.51942934]
[4.86028045],[0.99245835],[3.60744175]
[4.82217396],[1.00316803],[3.69080526]
[4.92011185],[1.01056202],[3.74368346]
[4.87154185],[1.0226989],[3.80993989]
[5.01225737],[1.03224275],[3.90204163]
[4.96611148],[1.0526816],[3.99035617]
[5.08362376],[1.06015568],[4.11241577]
[5.07526995],[1.08051167],[4.2272358]
[5.15256345],[1.10130576],[4.31845712]
[5.14408197],[1.10108128],[4.34008154]
[5.14229172],[1.09915287],[4.30037766]
[5.09980867],[1.0960551],[4.2812432]
[5.04963665],[1.09313187],[4.16595572]
[5.01107348],[1.09019988],[4.16573753]
[4.92841452],[1.08750305],[3.98022196]
[4.89145014],[1.08454851],[4.00799922]
[4.77374607],[1.09414646],[3.82467396]
[4.73766789],[1.10355396],[3.83444557]
[4.63041192],[1.11192881],[3.75026077]
[4.56439557],[1.12594764],[3.72244628]
[4.55345956],[1.13725821],[3.72436619]
[4.41132176],[1.15466239],[3.68671456]
[4.41235191],[1.16985704],[3.69931908]
[4.25336155],[1.18439676],[3.71568255]
[4.2845512],[1.19805048],[3.76797758]
[4.14472525],[1.23497326],[3.75633269]
[4.10346803],[1.25886494],[3.76783411]
[4.06979509],[1.28071818],[3.77952802]
[4.04093594],[1.29463317],[3.80334406]
[4.01830809],[1.29385766],[3.8153819]
[3.98634445],[1.2983787],[3.86270813]
[3.95891185],[1.29788002],[3.91636145]
[3.94049351],[1.29449867],[3.96494003]
[3.91880053],[1.2922421],[4.00625916]
[3.89183491],[1.29123004],[4.02780192]
[3.8653632],[1.2888429],[4.04213685]
[3.83186206],[1.28556198],[4.07582667]
[3.79659504],[1.28475082],[4.0457215]
[3.76191939],[1.26427075],[4.01747351]
[3.71068441],[1.2175799],[3.97096127]
[3.66456937],[1.18153368],[3.92875688]
[3.64229101],[1.09851878],[3.84763411]
[8.97002063],[1.99765639],[11.51508438]
[7.05361079],[1.59577313],[7.19000727]
[5.52561617],[1.32290755],[4.56794649]
[4.23930887],[1.12937433],[2.7552168]
[2.85694373],[0.790394],[1.25813865]
[1.64260685],[0.52932348],[0.70639363]
[3.12834043],[0.78373729],[1.39630991]
[3.84750967],[0.86858621],[2.30595636]
[4.18070971],[0.94903888],[2.73873397]
[4.33391765],[0.9772117],[2.96806223]
[4.5007339],[0.98950054],[3.21013004]
[4.63221678],[0.99961388],[3.40212335]
[4.72768791],[1.00180852],[3.57257869]
[4.8775343],[1.00028718],[3.66628947]
[4.83790576],[1.01311724],[3.74914752]
[4.94294056],[1.02129034],[3.81593738]
[4.89161623],[1.03322868],[3.88971551]
[5.03910663],[1.0506177],[4.02639438]
[5.00206931],[1.07107271],[4.11799748]
[5.12135257],[1.10478176],[4.30565964]
[5.11559525],[1.15326716],[4.43897079]
[5.19310267],[1.17267092],[4.5325268]
[5.18237058],[1.17372412],[4.54706331]
[5.17619725],[1.17238555],[4.5050996]
[5.14144069],[1.16846527],[4.48580072]
[5.0835088],[1.16474002],[4.36210158]
[5.04670003],[1.16266932],[4.36323463]
[4.95964859],[1.1592849],[4.17117105]
[4.92916908],[1.16000098],[4.20810108]
[4.80155923],[1.16617057],[4.00247438]
[4.76429198],[1.1730218],[4.00442225]
[4.65628569],[1.17811665],[3.91960761]
[4.58945785],[1.18466607],[3.88186004]
[4.56071896],[1.18984157],[3.86650663]
[4.42227684],[1.19549688],[3.81172675]
[4.4205591],[1.20420219],[3.8098862]
[4.26623507],[1.21248479],[3.79954651]
[4.29465958],[1.22160338],[3.83677075]
[4.14299458],[1.24749605],[3.80452838]
[4.10296114],[1.26656634],[3.80996755]
[4.07193269],[1.28762607],[3.80804046]
[4.04738182],[1.30226795],[3.83395498]
[4.02649791],[1.30338733],[3.84404618]
[3.99646732],[1.3080733],[3.88029626]
[3.97480934],[1.3084881],[3.93429018]
[3.95176606],[1.30523888],[3.9799486]
[3.92943347],[1.30395149],[4.02346296]
[3.90495778],[1.3028643],[4.05602364]
[3.87984501],[1.30039396],[4.06572247]
[3.84942667],[1.29703079],[4.0816881]
[3.8174295],[1.29614182],[4.07292807]
[3.78556923],[1.27223969],[4.05560342]
[3.74206406],[1.22348065],[4.0080815]
[3.7009771],[1.18963877],[3.97556585]
[3.67765573],[1.11936493],[3.89002637]
[9.07044336],[2.00225327],[11.57088615]
[7.09384018],[1.596221],[7.20249592]
[5.55564853],[1.32201394],[4.55311885]
[4.27346247],[1.12246378],[2.73948718]
[2.86253661],[0.78255403],[1.25370742]
[1.64006682],[0.52436422],[0.74451337]
[3.15030079],[0.80348837],[1.47150253]
[3.87497044],[0.88194754],[2.36666571]
[4.21864515],[0.96038139],[2.79645916]
[4.37217859],[0.98531724],[3.02531145]
[4.54612791],[0.99910742],[3.27126287]
[4.67404218],[1.01317963],[3.4735407]
[4.76145546],[1.01387484],[3.64454197]
[4.92186361],[1.01256683],[3.74803985]
[4.87694231],[1.02567873],[3.83609181]
[5.00095945],[1.03525035],[3.93275999]
[4.93278565],[1.05556766],[4.01948838]
[5.10267234],[1.07385556],[4.19313028]
[5.07174712],[1.14190816],[4.38025181]
[5.17939392],[1.20119651],[4.60061519]
[5.17632374],[1.23993806],[4.71510677]
[5.23978185],[1.25539091],[4.8010522]
[5.23567634],[1.2575628],[4.81957069]
[5.23174409],[1.25908598],[4.80112258]
[5.19499256],[1.25548954],[4.7652981]
[5.14115623],[1.25305953],[4.65467757]
[5.11027605],[1.2531709],[4.63952512]
[5.02229998],[1.25244252],[4.46211426]
[5.0010251],[1.25630299],[4.49738668]
[4.8748386],[1.25989241],[4.28150483]
[4.84788314],[1.2636934],[4.29897039]
[4.72897126],[1.26628948],[4.19281291]
[4.67395648],[1.26982428],[4.17036203]
[4.63750499],[1.27326889],[4.1517422]
[4.50736888],[1.28304871],[4.11979832]
[4.49279498],[1.28030026],[4.10924098]
[4.35182176],[1.30630739],[4.05683203]
[4.36672573],[1.31553905],[4.07268709]
[4.2135753],[1.32261329],[4.00301675]
[4.13302977],[1.33113297],[4.00285017]
[4.10066334],[1.34329425],[4.00908179]
[4.07425724],[1.34985228],[4.05069653]
[4.05379095],[1.34208358],[4.08266376]
[4.02556672],[1.3413902],[4.11806955]
[3.99135871],[1.33959398],[4.15449357]
[3.97031437],[1.33467767],[4.19697818]
[3.94493407],[1.33377924],[4.24327829]
[3.92145381],[1.33570735],[4.27553197]
[3.89876341],[1.33577398],[4.33269323]
[3.87058188],[1.33090182],[4.3418593]
[3.84084896],[1.33131508],[4.35118919]
[3.81330984],[1.29979952],[4.27587121]
[3.77687966],[1.25345723],[4.21615979]
[3.74473804],[1.21572173],[4.15882577]
[3.71618785],[1.18167255],[4.09997138]
[9.10942317],[2.00707019],[11.67438878]
[7.08882636],[1.60578014],[7.25976793]
[5.53865479],[1.33697103],[4.58539322]
[4.22305576],[1.13556693],[2.74521579]
[2.81494621],[0.80479102],[1.23963872]
[1.56539704],[0.53574446],[0.74952939]
[3.12275853],[0.81772559],[1.5001297]
[3.89107505],[0.89106771],[2.41367477]
[4.26336082],[0.96544541],[2.84542142]
[4.40861076],[0.99258403],[3.07273552]
[4.58305754],[1.00789237],[3.32076333]
[4.70693799],[1.02302169],[3.533393]
[4.78905816],[1.02156927],[3.70786176]
[4.96159398],[1.02264132],[3.82439015]
[4.91279458],[1.03612492],[3.9178835]
[5.05967368],[1.05261759],[4.06135173]
[4.98706697],[1.07302589],[4.14150327]
[5.15871865],[1.13568106],[4.43433674]
[5.13085559],[1.21310418],[4.62869819]
[5.23028102],[1.26917091],[4.84038094]
[5.22874456],[1.30632311],[4.94452764]
[5.29495964],[1.32081347],[5.06061125]
[5.2941894],[1.32418093],[5.07920588]
[5.28985062],[1.32448716],[5.06735138]
[5.26384331],[1.32246368],[5.03532979]
[5.2096026],[1.32126276],[4.93633452]
[5.18150443],[1.32008954],[4.9079124]
[5.09705373],[1.31968961],[4.74666572]
[5.07251232],[1.32245962],[4.75956107]
[4.95834903],[1.32510242],[4.54029753]
[4.92632178],[1.32782473],[4.55598487]
[4.80910286],[1.32950501],[4.44390067]
[4.75457605],[1.33196442],[4.42131096]
[4.71606927],[1.33436931],[4.40747905]
[4.59127898],[1.34889262],[4.35202724]
[4.56723572],[1.35363986],[4.34266011]
[4.44089092],[1.36793514],[4.27585794]
[4.44456168],[1.37481441],[4.29076078]
[4.31101601],[1.37801994],[4.22616451]
[4.2317164],[1.38375297],[4.25156527]
[4.16210302],[1.39197712],[4.27230289]
[4.10457813],[1.39431108],[4.29810545]
[4.08431492],[1.38276429],[4.31106727]
[4.05807623],[1.37933314],[4.32640106]
[4.01318473],[1.37319819],[4.33843531]
[3.99050362],[1.3666281],[4.37582968]
[3.96477183],[1.36148989],[4.39725609]
[3.93754836],[1.35898164],[4.41031667]
[3.91641536],[1.35480942],[4.44221828]
[3.89274234],[1.34866632],[4.42879819]
[3.86592931],[1.34850588],[4.42152117]
[3.84177729],[1.31344129],[4.37755131]
[3.81388029],[1.26687805],[4.31793815]
[3.78584261],[1.22172306],[4.24750584]
[3.75453207],[1.18811302],[4.18151689]
[9.12711102],[2.0434948],[11.79649511]
[7.04915174],[1.62303653],[7.2237938]
[5.46466136],[1.35235933],[4.52604109]
[4.13029712],[1.13416026],[2.67034595]
[2.7362835],[0.7910301],[1.17461428]
[1.46841486],[0.5596703],[0.74398311]
[3.16467212],[0.81890624],[1.55728775]
[3.94154676],[0.889744],[2.46944737]
[4.31079328],[0.9631627],[2.88819037]
[4.44854562],[0.98872079],[3.10866993]
[4.62479893],[1.00192008],[3.36908635]
[4.74484117],[1.01840704],[3.59189127]
[4.824567],[1.02502944],[3.7731161]
[5.01074612],[1.03309164],[3.90868071]
[4.95804968],[1.05397316],[4.02000797]
[5.12337717],[1.07064119],[4.20061413]
[5.05857521],[1.13360585],[4.36729043]
[5.22035992],[1.20862992],[4.70512357]
[5.19116288],[1.28150385],[4.87166932]
[5.28262964],[1.33232254],[5.07562198]
[5.28467378],[1.36262635],[5.17997669]
[5.35122696],[1.37560569],[5.31589478]
[5.35778329],[1.37939847],[5.35014682]
[5.3421161],[1.38117342],[5.34231045]
[5.32792068],[1.38028564],[5.32510048]
[5.26982564],[1.37798755],[5.22895038]
[5.25866631],[1.37573497],[5.20249461]
[5.16459945],[1.37464474],[5.04099879]
[5.16171489],[1.375924],[5.05156606]
[5.03989163],[1.37730052],[4.8288239]
[5.02792367],[1.37869592],[4.8529645]
[4.89837715],[1.37931998],[4.71820754]
[4.8629484],[1.38017112],[4.69042372]
[4.81566321],[1.38507905],[4.66529311]
[4.70105203],[1.39258047],[4.60734364]
[4.67145345],[1.40672737],[4.58332749]
[4.54679456],[1.40753952],[4.53386259]
[4.54593401],[1.41364915],[4.57375793]
[4.41519149],[1.41647881],[4.53205908]
[4.32999519],[1.42162158],[4.53851669]
[4.2596123],[1.42929456],[4.53602655]
[4.19774921],[1.43135935],[4.55551195]
[4.12251159],[1.4214297],[4.57515613]
[4.088538],[1.41514236],[4.57175441]
[4.0437048],[1.4066563],[4.56485158]
[4.02058548],[1.39534244],[4.57148608]
[3.99630419],[1.38794394],[4.58282713]
[3.96888334],[1.3836674],[4.586587]
[3.9408968],[1.37719095],[4.59718372]
[3.91422647],[1.36840615],[4.57307199]
[3.88753122],[1.36223277],[4.53108551]
[3.8639363],[1.32209376],[4.48012375]
[3.83889787],[1.26977181],[4.40394494]
[3.81865382],[1.22238207],[4.3252628]
[3.78568326],[1.18579473],[4.22360209]
[9.1650652],[1.9893374],[11.60982952]
[7.00470886],[1.5837774],[6.93248458]
[5.39439361],[1.32909364],[4.35256512]
[4.04133156],[1.10911743],[2.54944844]
[2.65217888],[0.76708749],[1.09947908]
[1.47547501],[0.62154591],[0.81678489]
[3.26116278],[0.85731142],[1.73555069]
[4.00606752],[0.91684481],[2.59403965]
[4.31458774],[0.97709525],[2.94121311]
[4.45373471],[1.00134785],[3.16766668]
[4.63570691],[1.01519821],[3.43591829]
[4.76112682],[1.02967144],[3.66190488]
[4.83878585],[1.03602907],[3.84062483]
[5.02557317],[1.05089026],[4.00678195]
[4.97463991],[1.07273485],[4.13763268]
[5.1536563],[1.12902824],[4.42756075]
[5.08935443],[1.21191692],[4.62490391]
[5.25196733],[1.27922047],[4.94766264]
[5.22488597],[1.34628786],[5.09512429]
[5.33324046],[1.39148419],[5.32466695]
[5.34514286],[1.41578374],[5.44689226]
[5.39871548],[1.42588582],[5.58645378]
[5.40840373],[1.43070356],[5.61599329]
[5.38451369],[1.43354353],[5.60873811]
[5.38207565],[1.43300178],[5.60103556]
[5.31477359],[1.43095062],[5.50207476]
[5.31549704],[1.42892287],[5.48508299]
[5.20679886],[1.42815373],[5.31405655]
[5.2216007],[1.42891845],[5.33724484]
[5.08379366],[1.42912185],[5.10084167]
[5.09580275],[1.4292889],[5.1492606]
[4.95086088],[1.42893649],[4.99565848]
[4.92756334],[1.42828532],[4.95507563]
[4.86284055],[1.43973543],[4.93273158]
[4.76706449],[1.43498677],[4.86840382]
[4.73053921],[1.44947485],[4.8426376]
[4.63098321],[1.44612361],[4.82778376]
[4.61685833],[1.45059897],[4.84984206]
[4.51519086],[1.45225787],[4.80729317]
[4.43179742],[1.45801378],[4.80830448]
[4.36970467],[1.46458664],[4.82055383]
[4.31421347],[1.46697997],[4.84009386]
[4.25024511],[1.45684092],[4.84825447]
[4.16836487],[1.45082476],[4.83879362]
[4.06401271],[1.44279329],[4.80210605]
[4.04570217],[1.43204394],[4.80214969]
[4.0234567],[1.42333767],[4.81402019]
[3.99893017],[1.41655545],[4.81503792]
[3.97466569],[1.40732572],[4.81751765]
[3.94653967],[1.39560089],[4.77949027]
[3.92057357],[1.3831248],[4.72450257]
[3.89907303],[1.34165668],[4.63956984]
[3.869826],[1.27815504],[4.54353799]
[3.84188591],[1.22137449],[4.43830205]
[3.80416143],[1.18019074],[4.28231172]
[9.28721767],[2.00612179],[11.79323973]
[7.08843749],[1.59357357],[6.98539708]
[5.47511098],[1.3365722],[4.38717424]
[4.07313623],[1.10776821],[2.55570641]
[2.66052743],[0.76253739],[1.11333365]
[1.56658517],[0.66698668],[0.91077443]
[3.31344171],[0.88636965],[1.8408682]
[4.0559469],[0.93557488],[2.68506062]
[4.35366834],[0.99067811],[3.02646334]
[4.49389951],[1.01548685],[3.25225257]
[4.68101397],[1.02966701],[3.52799102]
[4.80489884],[1.04509201],[3.75462037]
[4.87855802],[1.05843851],[3.95076917]
[5.06905046],[1.07735295],[4.1589167]
[5.01592786],[1.16293575],[4.42284995]
[5.21625892],[1.2322925],[4.78446688]
[5.16112698],[1.30566514],[4.9501088]
[5.31159086],[1.35999678],[5.24721438]
[5.28964778],[1.4191981],[5.39823377]
[5.40118755],[1.45713816],[5.64941003]
[5.41502702],[1.47783404],[5.78252849]
[5.44770767],[1.48612038],[5.89769535]
[5.46004202],[1.49178867],[5.92937181]
[5.43165216],[1.49429954],[5.9486045]
[5.43259319],[1.49326042],[5.93185126]
[5.36467204],[1.4903838],[5.86362076]
[5.37555668],[1.48890502],[5.82530592]
[5.26404708],[1.48854609],[5.68811498]
[5.29038216],[1.48812792],[5.69077724]
[5.14928978],[1.48878092],[5.49356142]
[5.17548051],[1.49002803],[5.52778405]
[5.02368063],[1.49401815],[5.3468967]
[5.01153054],[1.49149625],[5.29352647]
[4.94140271],[1.50222945],[5.28991448]
[4.85669924],[1.49225871],[5.25571235]
[4.8105103],[1.50638061],[5.25381131]
[4.7219323],[1.49911326],[5.21338269]
[4.69709478],[1.5013735],[5.23913016]
[4.62095004],[1.50142374],[5.22506311]
[4.55123428],[1.50366814],[5.2505078]
[4.49922291],[1.50794506],[5.29539664]
[4.4550574],[1.50935991],[5.33203826]
[4.40899441],[1.49965258],[5.35589263]
[4.35237929],[1.49336194],[5.34832816]
[4.15928224],[1.48485385],[5.26994317]
[4.07183469],[1.47392409],[5.23834734]
[4.0512084],[1.46546646],[5.23321712]
[4.02946906],[1.45915819],[5.21169493]
[4.00790484],[1.45028351],[5.19006831]
[3.98421057],[1.43812653],[5.14441363]
[3.95945455],[1.42288395],[5.09178496]
[3.93461944],[1.38079563],[5.01576963]
[3.90953429],[1.32411409],[4.90524177]
[3.88157208],[1.27455254],[4.78108611]
[3.84649851],[1.23286917],[4.6021445]
[9.34672708],[2.02478885],[12.03168132]
[7.12169553],[1.61345199],[7.08008425]
[5.46525486],[1.35054974],[4.45600251]
[4.03586233],[1.12387716],[2.58195098]
[2.60754965],[0.77682348],[1.1080595]
[1.64724021],[0.69297254],[0.97214168]
[3.31873824],[0.90746163],[1.90438372]
[4.06607836],[0.94765815],[2.74015929]
[4.38434203],[0.99761136],[3.09047381]
[4.53400845],[1.022798],[3.3259488]
[4.71807726],[1.03714674],[3.59509824]
[4.83930891],[1.06117046],[3.8331394]
[4.92102444],[1.0783419],[4.05708698]
[5.12592823],[1.15403482],[4.4004302]
[5.05098444],[1.25207488],[4.70098093]
[5.27355813],[1.3087662],[5.05527466]
[5.22671287],[1.3764138],[5.21791516]
[5.37505985],[1.42416867],[5.52326785]
[5.36864189],[1.4774629],[5.71659409]
[5.45454665],[1.51273843],[5.93943751]
[5.47128129],[1.53031787],[6.06807096]
[5.49163238],[1.53599563],[6.18586972]
[5.50726002],[1.5417447],[6.22814783]
[5.47330164],[1.54415794],[6.2694344]
[5.48007677],[1.54325121],[6.24552808]
[5.40975891],[1.53980795],[6.23362721]
[5.4291418],[1.53799681],[6.15668393]
[5.31391872],[1.53741523],[6.0469353]
[5.35018972],[1.53700926],[6.03236233]
[5.2049048],[1.53717312],[5.83217162]
[5.2435053],[1.53727863],[5.85995427]
[5.08678287],[1.53683784],[5.65047273]
[5.08389285],[1.53744797],[5.61610659]
[5.00864124],[1.54535851],[5.62715421]
[4.93157721],[1.53961041],[5.56992198]
[4.87801449],[1.54729599],[5.56137444]
[4.80070792],[1.54013063],[5.5134638]
[4.76744007],[1.54046424],[5.61174347]
[4.71110697],[1.54043867],[5.60718276]
[4.64716254],[1.54130374],[5.63717185]
[4.60231418],[1.54304937],[5.66636076]
[4.56569212],[1.54388438],[5.68507732]
[4.53135621],[1.53483478],[5.69345493]
[4.49402843],[1.52773907],[5.68387466]
[4.37270268],[1.5192875],[5.60445682]
[4.23158087],[1.50823317],[5.54482241]
[4.08330852],[1.50352199],[5.48962396]
[4.05653425],[1.49937006],[5.45706228]
[4.03797431],[1.48864226],[5.42689227]
[4.01836658],[1.47590345],[5.37705732]
[3.99792656],[1.46255847],[5.33869174]
[3.97797502],[1.42271865],[5.27861097]
[3.97424853],[1.37166696],[5.18542717]
[3.96702156],[1.32110722],[5.07239997]
[3.89190133],[1.27520044],[4.93068295]
[9.39324257],[2.05921292],[12.24626106]
[7.09662764],[1.62891032],[7.07821081]
[5.40318766],[1.36237753],[4.41921222]
[3.95480969],[1.12465323],[2.52502399]
[2.52167439],[0.76297075],[1.0500947]
[1.76235605],[0.71694905],[1.03024836]
[3.3976323],[0.90652403],[1.98611227]
[4.10145967],[0.94750735],[2.7957816]
[4.42778041],[0.99329108],[3.15413748]
[4.58929327],[1.01755058],[3.40251558]
[4.76497206],[1.03554736],[3.66043258]
[4.88419604],[1.07467164],[3.92257701]
[4.96801982],[1.16480011],[4.23826862]
[5.19211203],[1.24075493],[4.69150673]
[5.11976821],[1.32813195],[4.96718302]
[5.33475522],[1.37681931],[5.30973288]
[5.295718],[1.43644833],[5.49328658]
[5.44860546],[1.47984457],[5.83052711]
[5.44375366],[1.52762698],[6.02093623]
[5.50566896],[1.55972892],[6.20896006]
[5.52274901],[1.57376978],[6.32937422]
[5.5318821],[1.5776877],[6.45467269]
[5.56074317],[1.58152368],[6.50036819]
[5.52896304],[1.58384221],[6.6211237]
[5.55428347],[1.58309154],[6.59723936]
[5.48431054],[1.5797001],[6.59528732]
[5.51023204],[1.5782729],[6.52184747]
[5.38591022],[1.57718098],[6.42671452]
[5.42493502],[1.57587851],[6.37744325]
[5.27313468],[1.57527547],[6.21757725]
[5.315468],[1.57573351],[6.20410635]
[5.15234702],[1.57448718],[6.01355478]
[5.16563244],[1.57409508],[5.9492685]
[5.07649631],[1.57373516],[5.95677983]
[5.00343867],[1.57351488],[5.86023756]
[4.94195458],[1.57447656],[5.895623]
[4.87132901],[1.57292151],[5.86507618]
[4.8288518],[1.57269698],[5.94057211]
[4.78456169],[1.5721337],[5.9285148]
[4.72356485],[1.5728832],[5.93524708]
[4.68326753],[1.57738694],[5.95061144]
[4.64777971],[1.57533984],[5.95761771]
[4.6205311],[1.57072784],[5.962251]
[4.59188795],[1.56720887],[5.9438296]
[4.51048624],[1.56399299],[5.87946489]
[4.40210288],[1.5608177],[5.813466]
[4.30445114],[1.5569813],[5.7707714]
[4.1793657],[1.55302664],[5.70671582]
[4.06831763],[1.54087049],[5.64833342]
[4.07619866],[1.50779383],[5.61254545]
[4.10384489],[1.4926012],[5.59926669]
[4.10782005],[1.4575787],[5.54257673]
[4.10331122],[1.41204698],[5.45088869]
[4.12025326],[1.36640438],[5.35519809]
[4.10480047],[1.32130915],[5.23427326]
[9.45172377],[2.01330087],[12.19100965]
[7.06717101],[1.59228065],[6.9263699]
[5.33468701],[1.34381224],[4.30943613]
[3.8662676],[1.11239865],[2.44181868]
[2.42571538],[0.74169437],[0.98813763]
[1.9165372],[0.76923143],[1.14895289]
[3.51145679],[0.92664062],[2.15621158]
[4.14238184],[0.96454123],[2.87942836]
[4.44348107],[1.00849122],[3.22993153]
[4.6074676],[1.03272967],[3.47273916]
[4.78529991],[1.05618256],[3.73212558]
[4.92260978],[1.14980378],[4.03967721]
[4.99819928],[1.24889617],[4.46593866]
[5.22128834],[1.3181101],[4.95637948]
[5.15582416],[1.39618967],[5.21123638]
[5.39407031],[1.44106665],[5.59346262]
[5.36637713],[1.49344191],[5.82330937]
[5.48871728],[1.5338607],[6.12503304]
[5.49297739],[1.57603923],[6.3095179]
[5.54202494],[1.60418956],[6.49062254]
[5.56105894],[1.61651042],[6.60950676]
[5.57757743],[1.62002806],[6.80199054]
[5.6792884],[1.62163706],[6.87356455]
[5.67522559],[1.62409001],[6.96784394]
[5.71867465],[1.62363055],[6.98616214]
[5.68454294],[1.61973968],[6.98048831]
[5.68338287],[1.61768125],[6.93007783]
[5.54930144],[1.61716276],[6.80729113]
[5.56134106],[1.61505918],[6.76511412]
[5.39372028],[1.61376152],[6.57538085]
[5.43062268],[1.61219182],[6.5735751]
[5.23348466],[1.61043482],[6.36237838]
[5.2795628],[1.60977517],[6.31256855]
[5.14092357],[1.6092439],[6.28980332]
[5.08920704],[1.60882553],[6.20770642]
[4.99272076],[1.60916601],[6.24060435]
[4.95440066],[1.6096092],[6.21862141]
[4.88479271],[1.61016951],[6.25065073]
[4.86195469],[1.61195763],[6.24959912]
[4.78261394],[1.61850865],[6.2478048]
[4.74549715],[1.62397184],[6.25283504]
[4.71872397],[1.62294648],[6.25396334]
[4.69901319],[1.61829312],[6.23868737]
[4.68014768],[1.61419912],[6.20933441]
[4.63020384],[1.61048185],[6.1562738]
[4.57000149],[1.60677726],[6.10615887]
[4.50651996],[1.60330084],[6.06623589]
[4.42868093],[1.5980801],[6.00608932]
[4.33672003],[1.5852196],[5.96085241]
[4.21283759],[1.55257657],[5.90535189]
[4.2275172],[1.51421933],[5.84781004]
[4.2297343],[1.47251225],[5.77477731]
[4.22954399],[1.43004269],[5.67480538]
[4.24863209],[1.38844953],[5.57105847]
[4.26450741],[1.34873367],[5.45048756]
[9.57493065],[2.01703411],[12.35205018]
[7.22059234],[1.59875838],[7.02430928]
[5.4123918],[1.35635666],[4.37482067]
[3.96005097],[1.11766097],[2.48293297]
[2.4473856],[0.73620803],[1.02363231]
[1.98600403],[0.79617685],[1.23990821]
[3.55511426],[0.93924165],[2.23912059]
[4.1709823],[0.97933798],[2.95690017]
[4.48674552],[1.02071048],[3.32677301]
[4.66343668],[1.04956727],[3.5824491]
[4.83640456],[1.0876784],[3.84237495]
[4.97904078],[1.2596551],[4.29377604]
[5.04051284],[1.35357171],[4.82982413]
[5.2882524],[1.41414801],[5.30391875]
[5.24088116],[1.4807348],[5.55645875]
[5.4831876],[1.51958725],[5.99913675]
[5.46250335],[1.56337581],[6.22579969]
[5.54821688],[1.59659674],[6.47686132]
[5.5529199],[1.63122942],[6.64592651]
[5.58527464],[1.65504406],[6.85582112]
[5.62630057],[1.66618779],[6.99241411]
[5.70810384],[1.66877106],[7.22728263]
[5.83113799],[1.6683191],[7.33191154]
[5.8376989],[1.66949457],[7.39218771]
[5.85749365],[1.67015945],[7.45592768]
[5.82629983],[1.66730645],[7.44640031]
[5.82855906],[1.66466684],[7.43096006]
[5.71814373],[1.6629979],[7.28819338]
[5.72426748],[1.66075778],[7.26482113]
[5.58204821],[1.66017091],[7.0752551]
[5.61065785],[1.65916465],[7.10269741]
[5.43992323],[1.65791643],[6.87612424]
[5.46841093],[1.65873683],[6.89359871]
[5.33659601],[1.6576214],[6.86919962]
[5.30074243],[1.65788803],[6.8391273]
[5.16770167],[1.66123342],[6.79322762]
[5.15433658],[1.66498467],[6.77167412]
[5.04478156],[1.66848705],[6.69723444]
[5.05723586],[1.67147516],[6.71888368]
[4.94056475],[1.6752356],[6.6567878]
[4.89927979],[1.67822438],[6.62922237]
[4.86970658],[1.67623847],[6.60216502]
[4.84647395],[1.67176168],[6.5732967]
[4.83248216],[1.66791531],[6.5485359]
[4.80197405],[1.66407299],[6.50100369]
[4.69692501],[1.66005109],[6.43075526]
[4.63590407],[1.65636999],[6.39581821]
[4.58093436],[1.65111716],[6.3660217]
[4.5184807],[1.63802374],[6.3255063]
[4.444014],[1.61110922],[6.27090193]
[4.39146769],[1.57475021],[6.21497914]
[4.3905006],[1.53655769],[6.12711571]
[4.38798611],[1.49532803],[6.01823365]
[4.41224502],[1.45847895],[5.92028724]
[4.43209991],[1.42173109],[5.8089218]
[9.65219309],[2.03265153],[12.60712945]
[7.31194788],[1.61557521],[7.25344613]
[5.42547057],[1.37845316],[4.50469382]
[3.95499165],[1.14380642],[2.55782013]
[2.39005069],[0.74911351],[1.03656261]
[1.99689672],[0.80307935],[1.25126697]
[3.54723679],[0.9438096],[2.25384971]
[4.15865842],[0.98773049],[2.99081922]
[4.50899576],[1.02727945],[3.3899104]
[4.69308608],[1.06346827],[3.65147328]
[4.88332417],[1.17248363],[3.96587163]
[5.01762125],[1.3343778],[4.50172614]
[5.07205179],[1.42569522],[5.09091916]
[5.35479451],[1.4824283],[5.56577685]
[5.35767666],[1.54262331],[5.89875834]
[5.55401781],[1.57741174],[6.31596107]
[5.53547628],[1.61628739],[6.54841906]
[5.59723657],[1.64554946],[6.78611714]
[5.60299203],[1.67228483],[6.95664668]
[5.63852305],[1.69735973],[7.23161552]
[5.75041534],[1.72513577],[7.42786773]
[5.87309973],[1.73194647],[7.66234348]
[5.95413429],[1.73264304],[7.79339866]
[5.96249538],[1.73720247],[7.89141935]
[5.96964794],[1.74045729],[7.97979555]
[5.93688247],[1.73272266],[8.01582417]
[5.94315795],[1.72505274],[8.04524134]
[5.85173032],[1.71878901],[7.92131912]
[5.86291307],[1.7116074],[7.87986271]
[5.74299937],[1.70859584],[7.69815049]
[5.77345296],[1.70699907],[7.7033443]
[5.63003077],[1.70510549],[7.49481294]
[5.64567937],[1.70425333],[7.51478621]
[5.54182037],[1.70607009],[7.43024542]
[5.48370651],[1.70801017],[7.39645876]
[5.39720264],[1.71050871],[7.30329535]
[5.35456522],[1.7124067],[7.2998913]
[5.28777295],[1.71420781],[7.16373816]
[5.2686897],[1.71558856],[7.19471761]
[5.19360462],[1.7177764],[7.06192872]
[5.14305761],[1.71933141],[7.02863452]
[5.10587117],[1.71699026],[6.99556272]
[5.07550609],[1.7101732],[6.95339414]
[5.05833001],[1.70601789],[6.93565815]
[5.03791905],[1.70210873],[6.8873436]
[4.92126299],[1.69805611],[6.78833197]
[4.80865177],[1.69517144],[6.72047036]
[4.71561745],[1.68972266],[6.6722249]
[4.66284405],[1.6768279],[6.63268945]
[4.61156087],[1.65057163],[6.57577909]
[4.56225703],[1.61964061],[6.50712616]
[4.50086795],[1.58431795],[6.41917744]
[4.49335224],[1.5470978],[6.30888682]
[4.51881391],[1.51303131],[6.20431522]
[4.54108068],[1.48036674],[6.0883222]
[9.79307591],[2.08085693],[12.92040709]
[7.33802513],[1.64126852],[7.36721371]
[5.38238616],[1.40328014],[4.52712258]
[3.89439382],[1.15429852],[2.53766003]
[2.29080784],[0.73732944],[1.00625251]
[2.0158574],[0.79552018],[1.22615041]
[3.55080893],[0.93256342],[2.25334372]
[4.156663],[0.97640662],[2.99419856]
[4.51361433],[1.02249566],[3.40566432]
[4.70105661],[1.06790506],[3.67972901]
[4.89739346],[1.22605029],[4.05252604]
[5.0289301],[1.38071439],[4.64867663]
[5.08176899],[1.47001373],[5.2510399]
[5.38366585],[1.5263669],[5.74355118]
[5.39578977],[1.58438758],[6.11741437]
[5.57754946],[1.61727563],[6.52673841]
[5.55965553],[1.65597758],[6.78842596]
[5.61560714],[1.68540664],[7.03846194]
[5.62443321],[1.71823809],[7.30214678]
[5.67683027],[1.76124351],[7.6200272]
[5.8391264],[1.7920344],[7.88337614]
[5.96260004],[1.80470786],[8.13387803]
[6.0287921],[1.80937192],[8.34159378]
[6.04243242],[1.80953222],[8.4831177]
[6.05319436],[1.81216513],[8.61956385]
[6.02300633],[1.81850814],[8.6783533]
[6.03654807],[1.82908766],[8.70756194]
[5.97747843],[1.81132065],[8.60503639]
[5.96882012],[1.78855817],[8.54936095]
[5.86929088],[1.77131323],[8.36071574]
[5.8897926],[1.76209169],[8.3389602]
[5.75820192],[1.75681553],[8.12186413]
[5.76485644],[1.74924883],[8.10055441]
[5.67711333],[1.74969431],[7.99757697]
[5.61009295],[1.74657299],[7.92517471]
[5.54793334],[1.74750034],[7.84428959]
[5.49145668],[1.74825494],[7.80684529]
[5.44910925],[1.74895112],[7.69663351]
[5.41891513],[1.74928041],[7.68398348]
[5.36628764],[1.75043725],[7.5674587]
[5.31655756],[1.75110171],[7.48651839]
[5.28082725],[1.74887724],[7.43896077]
[5.25097757],[1.74205301],[7.38789582]
[5.23217288],[1.736863],[7.35618473]
[5.21437696],[1.73203556],[7.29393881]
[5.14365675],[1.72806337],[7.19500628]
[5.05099431],[1.72375519],[7.10536479]
[4.9362813],[1.71808803],[6.99692984]
[4.81469321],[1.70502807],[6.90042974]
[4.72791011],[1.68077783],[6.8231329]
[4.69168815],[1.65418393],[6.75921221]
[4.64566738],[1.62098246],[6.67022872]
[4.58728597],[1.58677765],[6.55313394]
[4.60974889],[1.55334445],[6.45337859]
[4.63386645],[1.52274338],[6.32914684]
[10.12543639],[2.06464228],[13.12552176]
[7.26362736],[1.62504884],[7.24624635]
[5.26220404],[1.40057723],[4.42015702]
[3.76260879],[1.14853459],[2.43242794]
[2.18660083],[0.71484924],[0.99613934]
[2.107603],[0.81133359],[1.25693576]
[3.59248347],[0.93324638],[2.32184427]
[4.17755389],[0.9794305],[3.02536847]
[4.48964594],[1.02717624],[3.40841097]
[4.6742607],[1.07540487],[3.67441785]
[4.88697766],[1.26944793],[4.09173068]
[5.02127464],[1.41588913],[4.75663902]
[5.07521795],[1.50819048],[5.37942734]
[5.38109052],[1.5682431],[5.89274617]
[5.39787314],[1.6235992],[6.3284433]
[5.56393929],[1.65480974],[6.72218497]
[5.55785695],[1.69154074],[7.04707956]
[5.61541467],[1.72269859],[7.34570642]
[5.65910659],[1.7732253],[7.70595441]
[5.76465597],[1.80905571],[7.97569094]
[5.93164923],[1.83929196],[8.28972453]
[6.04020468],[1.84990939],[8.58343853]
[6.08300381],[1.86877423],[8.86380481]
[6.08494824],[1.8703288],[8.98182679]
[6.09643084],[1.89676098],[9.10603046]
[6.09567429],[1.91510164],[9.14706496]
[6.09208353],[1.92216269],[9.16382458]
[6.07355071],[1.90550236],[9.09732773]
[6.03341141],[1.88058214],[9.00510457]
[5.97125229],[1.86317596],[8.83748463]
[5.95603839],[1.84307662],[8.78956651]
[5.8375614],[1.82491778],[8.52763641]
[5.81620686],[1.80396421],[8.46009289]
[5.760531],[1.79829519],[8.40182276]
[5.6653289],[1.79063556],[8.30518625]
[5.6349155],[1.78925562],[8.23366244]
[5.55935432],[1.78549792],[8.17072524]
[5.5488213],[1.78207597],[8.08565438]
[5.4854063],[1.77842432],[8.03996495]
[5.46488404],[1.77623335],[7.94325295]
[5.39618729],[1.7771586],[7.85414919]
[5.36513733],[1.77551188],[7.78304981]
[5.34259128],[1.76909341],[7.72773139]
[5.32857018],[1.76345889],[7.69209309]
[5.31408688],[1.75838317],[7.62321258]
[5.26727677],[1.75274597],[7.51900079]
[5.20255941],[1.74840522],[7.41833385]
[5.12428998],[1.74113248],[7.30876144]
[5.0320303],[1.72269834],[7.19783843]
[4.90515669],[1.69620374],[7.05532986]
[4.79992951],[1.67011559],[6.95419565]
[4.71619285],[1.63733993],[6.84430382]
[4.6828513],[1.60463796],[6.71610023]
[4.6958004],[1.57571091],[6.59808986]
[4.71826667],[1.54685902],[6.43019491]
[10.41958339],[2.0777775],[13.42401206]
[7.33718925],[1.63983694],[7.29110904]
[5.33269463],[1.40806208],[4.42154837]
[3.78537108],[1.14198384],[2.40547193]
[2.18429099],[0.69764381],[1.01166632]
[2.12898507],[0.8208476],[1.28052378]
[3.59554103],[0.93944371],[2.3437085]
[4.18118318],[0.98800524],[3.05568952]
[4.49946331],[1.03447715],[3.45771849]
[4.69039766],[1.11971955],[3.73285393]
[4.91159768],[1.36252841],[4.26955608]
[5.04134309],[1.47703359],[5.02318955]
[5.09288228],[1.56651183],[5.624819]
[5.43368744],[1.62204756],[6.17664763]
[5.45831333],[1.67051907],[6.64862911]
[5.59878888],[1.69621871],[7.00402649]
[5.59505531],[1.73732455],[7.35990649]
[5.64037229],[1.78670358],[7.73972415]
[5.71375955],[1.83674974],[8.11801489]
[5.8730518],[1.8658473],[8.38544262]
[6.00535661],[1.91833351],[8.84264532]
[6.10157],[1.93241953],[9.14869768]
[6.13007575],[1.9508178],[9.43817757]
[6.16220782],[1.96891656],[9.53253652]
[6.14816815],[1.98925537],[9.60752709]
[6.17291849],[2.00174086],[9.69360299]
[6.1628912],[2.00607847],[9.70443908]
[6.16146988],[1.98965051],[9.6641944]
[6.11193546],[1.96361619],[9.56089247]
[6.05848222],[1.9452642],[9.38933048]
[6.03347798],[1.92496268],[9.30401968]
[5.92298386],[1.90663429],[9.05509658]
[5.89051028],[1.88512478],[8.94113479]
[5.84919974],[1.87108314],[8.89107729]
[5.74706221],[1.85057001],[8.75808492]
[5.73267616],[1.83637257],[8.68318606]
[5.64867242],[1.82325195],[8.57736066]
[5.65316965],[1.82009506],[8.51780604]
[5.58042549],[1.81555461],[8.42294185]
[5.57593485],[1.81212779],[8.34453779]
[5.50222077],[1.80869587],[8.2167535]
[5.47306295],[1.80396662],[8.1314046]
[5.44671666],[1.7919562],[8.0456882]
[5.4286947],[1.7865999],[7.98436973]
[5.4137505],[1.78137163],[7.89959736]
[5.37187773],[1.77459067],[7.79093803]
[5.28945771],[1.7693456],[7.67492398]
[5.22686389],[1.75957925],[7.55607637]
[5.15519059],[1.74077021],[7.43445261]
[5.06023326],[1.71747222],[7.30777207]
[4.95946707],[1.69554009],[7.19112173]
[4.80279586],[1.66652503],[7.04382816]
[4.76915993],[1.6361792],[6.9064471]
[4.7917302],[1.60858036],[6.79959985]
[4.81571196],[1.5819564],[6.62768406]
[10.86119413],[2.10743527],[13.7889576]
[7.34852785],[1.66079827],[7.44022329]
[5.33809987],[1.42537972],[4.49309803]
[3.72887968],[1.1582072],[2.41690523]
[2.12531086],[0.6935227],[0.9972044]
[2.13225944],[0.82367385],[1.26696336]
[3.58251339],[0.94453235],[2.34302334]
[4.16419611],[0.99377033],[3.06493277]
[4.51007352],[1.03945904],[3.49672812]
[4.71018062],[1.17030153],[3.78695338]
[4.93252883],[1.41091539],[4.38993565]
[5.0571163],[1.51747675],[5.18840311]
[5.10352351],[1.60578644],[5.79462905]
[5.47907021],[1.66035998],[6.38507193]
[5.5072279],[1.70688139],[6.87831377]
[5.62400619],[1.74228759],[7.24369863]
[5.62310422],[1.80474058],[7.69615698]
[5.68300177],[1.85378685],[8.09798694]
[5.80766382],[1.91462627],[8.52311122]
[5.96059048],[1.97079654],[8.95690796]
[6.06722434],[2.01767715],[9.45693968]
[6.15041541],[2.02841296],[9.73920602]
[6.17244972],[2.06330675],[10.03346387]
[6.23998583],[2.07781761],[10.13385049]
[6.21877007],[2.08848042],[10.19463238]
[6.25124157],[2.09232947],[10.26467378]
[6.23628423],[2.09380345],[10.26984176]
[6.26471763],[2.07817184],[10.25941563]
[6.19665779],[2.05160852],[10.14553337]
[6.15805882],[2.03196468],[9.98241801]
[6.11707535],[2.01182174],[9.87635449]
[6.01394331],[1.9935904],[9.64141322]
[5.96576967],[1.97179265],[9.49729747]
[5.9424906],[1.95817033],[9.45321751]
[5.82956515],[1.93731354],[9.28884724]
[5.8247239],[1.92301973],[9.21271592]
[5.73077668],[1.90327094],[9.06970031]
[5.74779407],[1.89140568],[9.01368516]
[5.66538579],[1.87929488],[8.88110743]
[5.67122127],[1.86761376],[8.8047697]
[5.59429783],[1.85587853],[8.6512535]
[5.57032926],[1.84339545],[8.55333242]
[5.54865049],[1.83316964],[8.44569446]
[5.53301963],[1.82038656],[8.35533601]
[5.52035622],[1.8024645],[8.22572435]
[5.49249518],[1.79524814],[8.09356308]
[5.42126107],[1.78741426],[7.95477985]
[5.32876455],[1.77556132],[7.79885894]
[5.25800053],[1.75680741],[7.65712457]
[5.18640974],[1.73444271],[7.52708322]
[5.10758224],[1.71373632],[7.40816664]
[4.97533268],[1.68585512],[7.25434496]
[4.82440843],[1.65639927],[7.06946151]
[4.8482523],[1.62983985],[6.93052413]
[4.87396544],[1.6050005],[6.75819619]
