meltWidth,meltDepth,meltArea
[0.],[0.],[0.]
[0.33363014],[0.0915872],[0.01490469]
[0.73046258],[0.2526147],[0.09153168]
[1.17312775],[0.29983106],[0.18285098]
[1.19149218],[0.32730986],[0.19207257]
[1.48404496],[0.34967681],[0.30104308]
[1.59582378],[0.37792727],[0.3234753]
[1.66754977],[0.38907561],[0.38896692]
[1.7700801],[0.39552626],[0.3876624]
[1.78086093],[0.3980559],[0.4288492]
[1.85818208],[0.39067727],[0.41471023]
[1.78881412],[0.38465684],[0.43808681]
[1.89045153],[0.37623577],[0.42340773]
[1.78597594],[0.36935553],[0.4278904]
[1.90983398],[0.36050543],[0.4261797]
[1.76239325],[0.36258667],[0.41525732]
[1.91244229],[0.36481659],[0.43129742]
[1.75666266],[0.36670528],[0.42428038]
[1.92061573],[0.36815367],[0.4416906]
[1.75063537],[0.37195921],[0.43089983]
[1.94555699],[0.37653866],[0.45973137]
[1.75788416],[0.37761039],[0.4431615]
[1.9387177],[0.37805234],[0.46702629]
[1.76916095],[0.37742833],[0.4528957]
[2.00767516],[0.37605424],[0.49154713]
[1.83770627],[0.37538428],[0.47858793]
[2.09591749],[0.37411546],[0.51924289]
[1.9590496],[0.37724368],[0.50435127]
[2.18609886],[0.37283756],[0.54064135]
[2.11832738],[0.37623766],[0.53503781]
[2.20561977],[0.37119156],[0.56396592]
[2.16474494],[0.37064703],[0.54663955]
[2.16000359],[0.37038411],[0.5499764]
[2.18027585],[0.36946768],[0.55583736]
[2.17848794],[0.3695625],[0.55630877]
[2.16994575],[0.3693002],[0.55669838]
[2.169921],[0.36846142],[0.55380697]
[2.16036232],[0.36848556],[0.5507937]
[2.15453386],[0.36818693],[0.54988538]
[2.14310651],[0.36804814],[0.54968684]
[2.14629226],[0.36975048],[0.55249577]
[2.13894642],[0.37197733],[0.55383434]
[2.12295045],[0.37362733],[0.55445103]
[2.12108687],[0.37461399],[0.55513254]
[2.11547284],[0.3768098],[0.55690322]
[2.11330243],[0.37840555],[0.55983135]
[2.10412655],[0.37980074],[0.56045632]
[2.11308111],[0.38083176],[0.56221825]
[2.13215839],[0.38283944],[0.56919241]
[2.15023297],[0.38518599],[0.57854476]
[2.18071198],[0.38904982],[0.58844996]
[2.20886214],[0.39217952],[0.59677843]
[1.84310127],[0.39307511],[0.53025218]
[0.],[0.],[0.]
[0.],[0.],[0.]
[0.],[0.],[0.]
[1.05477544],[0.313044],[0.16360126]
[1.44125696],[0.34826748],[0.33085241]
[1.56612865],[0.4187387],[0.44563972]
[1.76155156],[0.42876853],[0.51903459]
[1.724889],[0.48395193],[0.57703169]
[1.91496899],[0.50089377],[0.65017383]
[1.80013622],[0.53390127],[0.66111697]
[1.94102328],[0.53098377],[0.71074011]
[1.78763112],[0.55709908],[0.69906766]
[1.94098615],[0.56604894],[0.74590228]
[1.93798799],[0.57915989],[0.76408932]
[2.11191945],[0.58802329],[0.82201754]
[2.0675454],[0.59184764],[0.82989583]
[2.1997028],[0.58959993],[0.88251038]
[2.150035],[0.59332015],[0.88713176]
[2.27477279],[0.59363152],[0.94613996]
[2.25644212],[0.61552324],[0.98319233]
[2.35820477],[0.62718977],[1.05079053]
[2.32583285],[0.6571974],[1.07500001]
[2.41695922],[0.64675204],[1.11614189]
[2.36386752],[0.67264004],[1.13710169]
[2.43974697],[0.65506025],[1.15835411]
[2.38210524],[0.66846227],[1.1624257]
[2.47031453],[0.65968898],[1.1979251]
[2.40212626],[0.67356841],[1.20212579]
[2.47670551],[0.66253846],[1.22097776]
[2.41641053],[0.67767199],[1.21544071]
[2.4682037],[0.66512823],[1.22370135]
[2.45179425],[0.68015467],[1.22890473]
[2.44580454],[0.67418454],[1.2361751]
[2.45073535],[0.6753542],[1.22792156]
[2.43593235],[0.67594641],[1.22459531]
[2.43717206],[0.67556352],[1.22352498]
[2.43663504],[0.67713486],[1.22533569]
[2.43227981],[0.67779316],[1.22676806]
[2.43462424],[0.67777581],[1.22678661]
[2.43373584],[0.67930502],[1.22888508]
[2.43341597],[0.67992115],[1.23132976]
[2.42987195],[0.67497232],[1.2265308]
[2.4329222],[0.66552007],[1.21769945]
[2.43138656],[0.66111761],[1.2120723]
[2.42644206],[0.65918908],[1.20873109]
[2.42618988],[0.65728114],[1.20289687]
[2.42345896],[0.65571284],[1.1982819]
[2.42126677],[0.6541577],[1.19532238]
[2.41529264],[0.65316338],[1.19008196]
[2.41197118],[0.65218095],[1.183795]
[2.40832433],[0.65211819],[1.17959595]
[2.40716401],[0.65185161],[1.17733991]
[2.4105624],[0.65045246],[1.17012823]
[2.41278285],[0.6515369],[1.16661619]
[2.14323606],[0.6526709],[1.08877877]
[0.],[0.],[0.]
[0.],[0.],[0.]
[0.08081593],[0.01784068],[0.00057918]
[1.20654379],[0.36968761],[0.22124424]
[1.56763605],[0.40021541],[0.40043199]
[1.66851078],[0.46548003],[0.50129094]
[1.83803704],[0.47579541],[0.57366704]
[1.81343531],[0.53294566],[0.63154823]
[2.08783991],[0.53261065],[0.71485686]
[2.19548391],[0.56282379],[0.78672206]
[2.39063864],[0.56086738],[0.87616004]
[2.32042975],[0.58029122],[0.88857996]
[2.48107329],[0.57392404],[0.96249025]
[2.38165002],[0.60344806],[0.9895616]
[2.54680966],[0.61369459],[1.08794007]
[2.43848287],[0.6546621],[1.1201331]
[2.57189152],[0.66818576],[1.20975354]
[2.47978862],[0.69845437],[1.22015873]
[2.58958119],[0.69989578],[1.2764306]
[2.506363],[0.72343324],[1.28954718]
[2.60828898],[0.72448557],[1.34047303]
[2.5325503],[0.73947088],[1.34469573]
[2.64285661],[0.73901866],[1.39400092]
[2.55277255],[0.75138637],[1.38429786]
[2.65428226],[0.75058434],[1.42555162]
[2.64219755],[0.76637057],[1.43680072]
[2.6791101],[0.76161291],[1.45964439]
[2.73370136],[0.77676784],[1.4893062]
[2.68198065],[0.76838233],[1.47656669]
[2.70936457],[0.78068681],[1.48545838]
[2.66599708],[0.77165357],[1.47582245]
[2.72722813],[0.78319181],[1.49303889]
[2.64976789],[0.77985249],[1.4758344]
[2.70462051],[0.78114238],[1.48657224]
[2.66784141],[0.78242561],[1.47763506]
[2.66981633],[0.78291535],[1.47963363]
[2.67744778],[0.78515179],[1.48361323]
[2.67895344],[0.78652263],[1.48576185]
[2.69046524],[0.78674265],[1.48911689]
[2.69795386],[0.78860104],[1.49205741]
[2.70410638],[0.78769071],[1.49135251]
[2.71135398],[0.78287112],[1.48627792]
[2.71681344],[0.77628052],[1.47832886]
[2.7272143],[0.77039775],[1.47330374]
[2.72961936],[0.76401239],[1.46585119]
[2.73887145],[0.75686696],[1.45746655]
[2.74379101],[0.75089416],[1.44840881]
[2.74355558],[0.74457943],[1.44025865]
[2.74688259],[0.73841281],[1.43287676]
[2.74724665],[0.73123769],[1.42189445]
[2.74568644],[0.7257503],[1.41156156]
[2.73672993],[0.72012193],[1.40018542]
[2.72682972],[0.71309219],[1.38365357]
[2.72866227],[0.70756584],[1.37564856]
[2.46340586],[0.70260416],[1.29356187]
[0.],[0.],[0.]
[0.],[0.],[0.]
[0.],[0.],[0.]
[1.24221922],[0.34327988],[0.21132783]
[1.60177151],[0.39138902],[0.4173705]
[1.69693844],[0.45672045],[0.51437639]
[1.84342605],[0.48080795],[0.5942833]
[1.91856057],[0.53924186],[0.67127026]
[2.28767598],[0.5489975],[0.80719479]
[2.37615074],[0.57513579],[0.87512093]
[2.50599291],[0.59531991],[0.98473303]
[2.48435069],[0.63308291],[1.05102677]
[2.58310726],[0.65377827],[1.15123151]
[2.53356481],[0.68630556],[1.20899083]
[2.62907995],[0.70517134],[1.29691109]
[2.57206188],[0.72983091],[1.32344917]
[2.65073824],[0.73393842],[1.38595511]
[2.60029862],[0.75486382],[1.40290465]
[2.66856008],[0.75831453],[1.45064147]
[2.62805915],[0.78176048],[1.46979237]
[2.68608266],[0.77786477],[1.49381252]
[2.74765449],[0.80404155],[1.52155331]
[2.78301438],[0.79409747],[1.53856209]
[2.79740857],[0.82024497],[1.56522321]
[2.82308891],[0.81140724],[1.59244157]
[2.82500239],[0.83608764],[1.62025069]
[2.87061658],[0.82878152],[1.65298654]
[2.85079854],[0.85235777],[1.66920915]
[2.90483918],[0.83722462],[1.68896524]
[2.87829486],[0.85814938],[1.69473116]
[2.91168311],[0.84184942],[1.69641612]
[2.93417785],[0.85970204],[1.7202897]
[2.92138646],[0.85318509],[1.70990832]
[2.94882018],[0.8543418],[1.72532626]
[2.94482834],[0.85549366],[1.71554837]
[2.93804171],[0.855422],[1.71710908]
[2.94751162],[0.85859828],[1.72305488]
[2.94836882],[0.86020405],[1.7254623]
[2.95834258],[0.86032613],[1.72913419]
[2.968108],[0.86332623],[1.73354713]
[2.96974626],[0.86347866],[1.72735917]
[2.97129939],[0.85704457],[1.71661942]
[2.97966949],[0.84820831],[1.70680605]
[2.98711344],[0.84183117],[1.698535]
[2.98622746],[0.83418655],[1.68589289]
[2.99020889],[0.82446466],[1.67330452]
[2.99537976],[0.81681644],[1.66164907]
[2.99564579],[0.80811216],[1.64903511]
[2.98703792],[0.79945269],[1.63234659]
[2.98322797],[0.792734],[1.61578808]
[2.97732299],[0.78705363],[1.60039487]
[2.97001689],[0.78080032],[1.58450908]
[2.9651571],[0.7738479],[1.56675565]
[2.95637669],[0.7681142],[1.54981734]
[2.66113897],[0.7622264],[1.44326037]
[0.],[0.],[0.]
[0.],[0.],[0.]
[0.],[0.],[0.]
[1.31334815],[0.36334531],[0.25811797]
[1.64099018],[0.43603275],[0.47102509]
[1.72538557],[0.48750131],[0.55489574]
[2.11474777],[0.52875225],[0.72008291]
[2.30623762],[0.6094632],[0.87702324]
[2.4916391],[0.6438741],[1.03845412]
[2.54010247],[0.68199685],[1.13797849]
[2.60809065],[0.71081603],[1.24173718]
[2.5793626],[0.73995298],[1.30239413]
[2.64651342],[0.75335366],[1.38106897]
[2.60113964],[0.77420208],[1.41899313]
[2.67551218],[0.77718833],[1.47356991]
[2.66551741],[0.8036868],[1.50513696]
[2.70413563],[0.79916725],[1.5598172]
[2.78173904],[0.83219338],[1.6119556]
[2.7964358],[0.83107941],[1.63800254]
[2.89039869],[0.86097497],[1.68926986]
[2.9388167],[0.8565064],[1.71043245]
[2.98026326],[0.88068901],[1.7316807]
[3.00762953],[0.87613133],[1.74091392]
[3.00912407],[0.89479969],[1.76536383]
[3.01966528],[0.89003214],[1.78354144]
[3.03260772],[0.90843452],[1.8187707]
[3.04755919],[0.90423839],[1.83212679]
[3.04641414],[0.92282486],[1.8668168]
[3.07325447],[0.91393798],[1.87542716]
[3.06706293],[0.93072505],[1.89942109]
[3.09842303],[0.91889572],[1.90020499]
[3.12061176],[0.93237322],[1.93242325]
[3.12911488],[0.92812295],[1.9328055]
[3.13324635],[0.92942505],[1.94452966]
[3.12882069],[0.93072122],[1.93475208]
[3.11081609],[0.93078948],[1.93467029]
[3.11850096],[0.93299873],[1.93949666]
[3.11901987],[0.93411979],[1.94034205]
[3.13027853],[0.93416983],[1.94302097]
[3.1424042],[0.93620914],[1.94627659]
[3.15022139],[0.93587198],[1.94633415]
[3.15340643],[0.9297895],[1.93868954]
[3.16147762],[0.92124899],[1.92333597]
[3.16487259],[0.91418841],[1.90945065]
[3.16188914],[0.90727031],[1.89275921]
[3.16313087],[0.89888659],[1.87714556]
[3.16759426],[0.89259161],[1.86140633]
[3.16383733],[0.8854699],[1.84231952]
[3.15566102],[0.87829268],[1.82041361]
[3.15380784],[0.86948601],[1.79647581]
[3.1520418],[0.86313257],[1.78039586]
[3.14495191],[0.85500045],[1.76396082]
[3.13020369],[0.84536877],[1.74402266]
[3.1233065],[0.83833217],[1.72793849]
[2.8103028],[0.83035458],[1.60260388]
[0.],[0.],[0.]
[0.],[0.],[0.]
[0.],[0.],[0.]
[1.30282924],[0.37349277],[0.26019133]
[1.75539652],[0.45108449],[0.49788256]
[2.06854841],[0.52713751],[0.68717078]
[2.32948181],[0.61591645],[0.91559012]
[2.43779446],[0.69346738],[1.08725457]
[2.55989959],[0.73150223],[1.23898118]
[2.59310043],[0.77346984],[1.33916151]
[2.64476622],[0.78902778],[1.41977944]
[2.62530151],[0.81410845],[1.47661903]
[2.697441],[0.81292937],[1.54059519]
[2.71894982],[0.84543492],[1.58896707]
[2.73550622],[0.84094354],[1.63156965]
[2.85039987],[0.87282513],[1.68695701]
[2.86988442],[0.8713793],[1.71898009]
[2.97043079],[0.89938902],[1.77422781]
[3.04633883],[0.89989804],[1.80369517]
[3.08728834],[0.9142377],[1.82979271]
[3.18962074],[0.91282067],[1.87295097]
[3.17881282],[0.92177],[1.87497497]
[3.25320089],[0.92723872],[1.9082713]
[3.19322062],[0.93358856],[1.91893893]
[3.25725042],[0.94291587],[1.96657913]
[3.22808249],[0.95273477],[1.98448789]
[3.30749822],[0.95850716],[2.02338123]
[3.25035798],[0.96554176],[2.03626598]
[3.31334401],[0.96740645],[2.06778825]
[3.27436363],[0.97230847],[2.08469648]
[3.32134019],[0.97127562],[2.09287484]
[3.31186407],[0.97481708],[2.11988895]
[3.34387325],[0.97703305],[2.12432233]
[3.31038202],[0.9781196],[2.13201469]
[3.33605023],[0.9790159],[2.12755579]
[3.304213],[0.97921121],[2.12734716]
[3.30538831],[0.98046729],[2.13445144]
[3.30004924],[0.98115489],[2.1403156]
[3.30140468],[0.98134336],[2.14733436]
[3.30402724],[0.98254731],[2.15390564]
[3.29690244],[0.98227865],[2.15459476]
[3.27667909],[0.97928232],[2.14485689]
[3.28390855],[0.97602543],[2.13565686]
[3.29043085],[0.97357624],[2.12518769]
[3.29334257],[0.96893775],[2.11051259]
[3.29924052],[0.96050706],[2.09074942]
[3.30832633],[0.95370545],[2.06954185]
[3.30923248],[0.94620082],[2.04803158]
[3.30539836],[0.93841136],[2.0247351]
[3.31122807],[0.92925414],[1.99887273]
[3.30392052],[0.92179794],[1.97458507]
[3.27795968],[0.91398767],[1.94617649]
[3.25492156],[0.90520521],[1.91833466]
[3.24213673],[0.89918082],[1.894163]
[2.90363917],[0.89227161],[1.74365081]
[0.],[0.],[0.]
[0.],[0.],[0.]
[0.4154316],[0.09455769],[0.01885027]
[1.68525512],[0.39036508],[0.38599729]
[2.16259375],[0.5153273],[0.72274495]
[2.32305045],[0.59712314],[0.9240899]
[2.48292783],[0.68237603],[1.13495757]
[2.5273105],[0.75118674],[1.27725773]
[2.6431219],[0.79921249],[1.43057354]
[2.65097341],[0.82348501],[1.50439575]
[2.72544423],[0.82771987],[1.57610633]
[2.76211296],[0.86201257],[1.62958833]
[2.80641634],[0.86005305],[1.67238013]
[2.87818554],[0.8927042],[1.72331521]
[2.97042976],[0.89039533],[1.7774896]
[3.03078457],[0.91763223],[1.82469838]
[3.16927247],[0.91754394],[1.88595221]
[3.19827184],[0.92941869],[1.91417012]
[3.3548664],[0.9314848],[1.97646681]
[3.33348219],[0.93971467],[2.00402708]
[3.47772335],[0.9464044],[2.06447774]
[3.42655909],[0.95140496],[2.0746819]
[3.54022296],[0.96029953],[2.1260942]
[3.47577365],[0.96030217],[2.14042131]
[3.55748423],[0.97075458],[2.18695236]
[3.49364281],[0.9717051],[2.19722174]
[3.56857223],[0.98094885],[2.23390425]
[3.50188443],[0.98224081],[2.24366805]
[3.56365714],[0.98979536],[2.2675568]
[3.51157679],[0.98856886],[2.27411692]
[3.56431005],[0.99330259],[2.28594701]
[3.5363954],[0.99101071],[2.29435431]
[3.57748859],[0.99463616],[2.30754152]
[3.5461348],[0.9956226],[2.30217405]
[3.57168077],[0.99660551],[2.30077221]
[3.53990152],[0.99751574],[2.28674033]
[3.52629476],[0.99785012],[2.28401175]
[3.50702846],[0.99849697],[2.27826697]
[3.49889193],[0.99921682],[2.2812975]
[3.49674887],[0.99951442],[2.28518211]
[3.48772716],[0.99873227],[2.2849254]
[3.46834489],[0.99536371],[2.27761217]
[3.4627374],[0.9931041],[2.26795907]
[3.44424753],[0.99046634],[2.2539591]
[3.42315861],[0.98800264],[2.23887902]
[3.39958725],[0.98568804],[2.2239483]
[3.37290184],[0.98306264],[2.20533094]
[3.34436744],[0.9807293],[2.18615197]
[3.33677999],[0.97756655],[2.16681395]
[3.34512678],[0.9710357],[2.14431422]
[3.33967977],[0.96409907],[2.11680714]
[3.31793254],[0.95664261],[2.08652937]
[3.29841994],[0.94810087],[2.05451694]
[3.28697333],[0.94155316],[2.02601147]
[2.93462149],[0.93297327],[1.85598589]
[0.],[0.],[0.]
[0.],[0.],[0.]
[1.10441826],[0.25051601],[0.13634706]
[2.02864199],[0.47029921],[0.59583379]
[2.34539165],[0.57952458],[0.90099103]
[2.43580616],[0.65059255],[1.067529]
[2.60119416],[0.7304108],[1.29276666]
[2.61799771],[0.80438896],[1.43340407]
[2.72858143],[0.83081441],[1.56057326]
[2.82661596],[0.85908251],[1.6310113]
[2.91630523],[0.86392102],[1.69632722]
[2.98577341],[0.89647814],[1.75983255]
[3.08705457],[0.8974142],[1.82129205]
[3.12109278],[0.92232908],[1.87454083]
[3.30772028],[0.92146528],[1.95631952]
[3.3124015],[0.93644352],[1.98571783]
[3.51119331],[0.93907178],[2.06415448]
[3.46384871],[0.94830706],[2.09085938]
[3.62574709],[0.95649151],[2.17463041]
[3.60576206],[0.96052636],[2.2029751]
[3.71334126],[0.97051994],[2.27114887]
[3.68497472],[0.96828999],[2.28322044]
[3.76438985],[0.97939527],[2.34906185]
[3.73429539],[0.97736525],[2.35985804]
[3.78320117],[0.98941388],[2.41364298]
[3.75207452],[0.98865068],[2.42321393]
[3.7925061],[0.99973894],[2.46847542]
[3.75865873],[0.99847545],[2.4814677]
[3.78724648],[1.00992845],[2.51253002]
[3.76065242],[1.00503773],[2.52236605]
[3.79713419],[1.01253676],[2.5436667]
[3.80236454],[1.00721421],[2.55266334]
[3.81037747],[1.01104451],[2.56788094]
[3.81068056],[1.01191432],[2.56185632]
[3.79256173],[1.012941],[2.55891954]
[3.78853593],[1.0140797],[2.54162391]
[3.75901839],[1.01406508],[2.53671927]
[3.74131227],[1.01410365],[2.53058374]
[3.73372394],[1.01439294],[2.52709893]
[3.72985537],[1.01416825],[2.5254394]
[3.72350525],[1.01324356],[2.52085071]
[3.70695969],[1.00961227],[2.5085337]
[3.69830572],[1.00708936],[2.4851357]
[3.68325065],[1.00414791],[2.45755313]
[3.66194777],[1.0015935],[2.42707672]
[3.64264374],[0.999279],[2.39816842]
[3.61361405],[0.99668937],[2.37040546]
[3.57698656],[0.994139],[2.34374197]
[3.5334232],[0.99162564],[2.31575769]
[3.49434671],[0.98932554],[2.28419371]
[3.45473131],[0.9864916],[2.25396326]
[3.40385359],[0.98311183],[2.21979629]
[3.35214137],[0.9799647],[2.18657637]
[3.31650543],[0.9741348],[2.15324982]
[2.95993352],[0.96609825],[1.97777698]
[0.],[0.],[0.]
[0.],[0.],[0.]
[1.60826217],[0.36911059],[0.32414179]
[2.17908602],[0.54322966],[0.77290952]
[2.47169613],[0.64110187],[1.07111098]
[2.51975885],[0.71440912],[1.24280985]
[2.7083392],[0.78857156],[1.46483446]
[2.65211519],[0.84942488],[1.55619303]
[2.8035474],[0.85998054],[1.677047]
[2.94430345],[0.8954659],[1.74686298]
[3.11157078],[0.90141899],[1.83040055]
[3.13763772],[0.92615125],[1.88576231]
[3.3365859],[0.92640466],[1.98593277]
[3.32117541],[0.94032893],[2.01600513]
[3.56514461],[0.9433087],[2.11151381]
[3.54523395],[0.95840957],[2.15128878]
[3.69706533],[0.96557805],[2.24010245]
[3.70706179],[0.97427531],[2.27580753]
[3.82695888],[0.98345314],[2.36545351]
[3.86405193],[0.98322198],[2.40065661]
[3.91901046],[0.99450409],[2.46981544]
[3.93325262],[0.99153254],[2.49686208]
[3.96961918],[1.00262007],[2.57295961]
[3.98977321],[1.00027375],[2.60184662]
[3.9960978],[1.01256118],[2.66105747]
[4.00612053],[1.01096056],[2.68791263]
[4.01342483],[1.02226079],[2.74012385]
[4.01305959],[1.02030655],[2.76395784]
[4.02282363],[1.02977241],[2.81231418]
[4.01650837],[1.02740628],[2.84595072]
[4.03490713],[1.03138519],[2.859417]
[4.05964966],[1.0294936],[2.90285767]
[4.02686527],[1.03412434],[2.88226093]
[4.06426994],[1.03293389],[2.93062947]
[4.01659246],[1.03374826],[2.8908909]
[4.04185014],[1.03472731],[2.87804645]
[3.99803487],[1.03547988],[2.87667077]
[3.9843967],[1.03580429],[2.87840691]
[3.97584001],[1.03603901],[2.88089643]
[3.9700897],[1.03732802],[2.88567189]
[3.96566806],[1.04007461],[2.88606888]
[3.95069569],[1.04032199],[2.89176078]
[3.93688199],[1.02655667],[2.86831318]
[3.92611347],[1.02235561],[2.81386079]
[3.90636109],[1.01850639],[2.75852933]
[3.888677],[1.01585172],[2.71499883]
[3.86917729],[1.0127179],[2.67138834]
[3.83907622],[1.01002369],[2.61987421]
[3.79223498],[1.00726006],[2.57377052]
[3.74964421],[1.00477088],[2.52659327]
[3.71226059],[1.00166343],[2.48449998]
[3.66682802],[0.99897968],[2.44470689]
[3.61861059],[0.99662169],[2.40297521]
[3.57640299],[0.99272493],[2.36465528]
[3.18977529],[0.98825654],[2.1723943]
[0.],[0.],[0.]
[0.],[0.],[0.]
[1.66215534],[0.41776105],[0.40971693]
[2.28394694],[0.59343835],[0.89574048]
[2.57710479],[0.70027961],[1.2187902]
[2.58715654],[0.76841172],[1.37002467]
[2.7640308],[0.82935248],[1.56960186]
[2.69023817],[0.88612756],[1.64486683]
[2.88965289],[0.89410069],[1.76849878]
[3.05494002],[0.92050188],[1.84363077]
[3.27623167],[0.92887124],[1.94678885]
[3.28530244],[0.94438168],[2.01048057]
[3.54625066],[0.94878355],[2.13863762]
[3.49954386],[0.96264257],[2.15937719]
[3.72957008],[0.969186],[2.28226159]
[3.70011151],[0.97692236],[2.30748614]
[3.85544627],[0.98605811],[2.40814792]
[3.86189352],[0.99085341],[2.44510978]
[3.97412598],[1.00232247],[2.54862462]
[4.02046745],[1.00092588],[2.59351625]
[4.06607175],[1.01173389],[2.68609469]
[4.0910899],[1.00868701],[2.74759686]
[4.12042956],[1.01813747],[2.84273161]
[4.14814994],[1.02004874],[2.9231913]
[4.15481424],[1.04005649],[2.92682447]
[4.17105949],[1.05297708],[3.03245723]
[4.18680846],[1.06922694],[3.00819356]
[4.18211935],[1.08436471],[3.12143172]
[4.20112647],[1.0985936],[3.10506728]
[4.19220445],[1.10913135],[3.20261989]
[4.21590657],[1.11447174],[3.1754923]
[4.24893401],[1.11461966],[3.27093517]
[4.20505643],[1.12133164],[3.24583571]
[4.26110297],[1.11799899],[3.3044807]
[4.20306933],[1.11901641],[3.26651598]
[4.24709749],[1.11887858],[3.26547035]
[4.20289079],[1.11989487],[3.25824469]
[4.19269821],[1.12220543],[3.26142222]
[4.1889106],[1.12205875],[3.2668492]
[4.18506544],[1.12307384],[3.2720401]
[4.18625049],[1.12492191],[3.27478871]
[4.17425425],[1.12456866],[3.27250246]
[4.16172952],[1.11208682],[3.25356934]
[4.15350775],[1.10028971],[3.21789047]
[4.13451898],[1.08825715],[3.16882149]
[4.12140216],[1.07387398],[3.11220786]
[4.10914266],[1.06097932],[3.0535325]
[4.09255403],[1.04870134],[2.99417489]
[4.05008027],[1.03571071],[2.93396022]
[4.01094933],[1.02341798],[2.85982638]
[3.97524689],[1.01941298],[2.80930162]
[3.92842264],[1.0164599],[2.75499913]
[3.88386691],[1.01378476],[2.69483953]
[3.84048479],[1.00972583],[2.631709]
[3.43455529],[1.00571197],[2.40538335]
[0.],[0.],[0.]
[0.],[0.],[0.]
[1.70732425],[0.47090109],[0.49756017]
[2.38847891],[0.65094708],[1.02392148]
[2.64548427],[0.74583254],[1.32255304]
[2.6367262],[0.81060046],[1.45908552]
[2.81438171],[0.86331861],[1.65180333]
[2.78241147],[0.90396704],[1.70924207]
[3.08808619],[0.91361216],[1.85923419]
[3.18272823],[0.93486163],[1.92474424]
[3.49773787],[0.94872799],[2.0830862]
[3.45404267],[0.96161866],[2.1372175]
[3.75578804],[0.96671892],[2.28964914]
[3.68180731],[0.97356535],[2.30395429]
[3.89718332],[0.98060631],[2.43859927]
[3.87521285],[0.98608229],[2.45943028]
[4.01199242],[0.99623303],[2.5749146]
[4.01879871],[1.00002901],[2.61453442]
[4.12996101],[1.01142952],[2.74694025]
[4.17954216],[1.01429778],[2.81407723]
[4.22081215],[1.02071224],[2.92661426]
[4.23766946],[1.05010703],[3.0456251]
[4.27309071],[1.07356284],[3.10435847]
[4.28304091],[1.09282195],[3.23633624]
[4.31420227],[1.11158524],[3.23287898]
[4.30227675],[1.12420146],[3.3263388]
[4.34691222],[1.13937932],[3.33612341]
[4.31014901],[1.15344959],[3.41453541]
[4.36038784],[1.16705096],[3.43380015]
[4.31959659],[1.17654036],[3.49475068]
[4.37510991],[1.18276267],[3.50136352]
[4.38872061],[1.18256192],[3.56716494]
[4.36007236],[1.18973108],[3.55860051]
[4.39906558],[1.18614],[3.60340782]
[4.35316143],[1.18712554],[3.57106435]
[4.38079166],[1.18686093],[3.57742806]
[4.34602546],[1.18773232],[3.56097845]
[4.32135269],[1.1898621],[3.55802076]
[4.32055933],[1.18959127],[3.56202855]
[4.31432504],[1.19048051],[3.56314874]
[4.30978969],[1.19266811],[3.56268624]
[4.29340896],[1.19336421],[3.54819397]
[4.28253008],[1.18190477],[3.52248304]
[4.27329672],[1.17104634],[3.48696885]
[4.25192739],[1.15935077],[3.43872767]
[4.23675404],[1.14538052],[3.3869986]
[4.22156753],[1.13269678],[3.34026365]
[4.2069653],[1.1204385],[3.2892101]
[4.16324382],[1.10762983],[3.23163555]
[4.12320762],[1.09320551],[3.16003251]
[4.08945225],[1.08022309],[3.09574853]
[4.04411192],[1.06763706],[3.0265469]
[4.00118281],[1.05288148],[2.95010802]
[3.95668208],[1.04016182],[2.87494033]
[3.52779999],[1.02706701],[2.61926593]
[0.],[0.],[0.]
[0.],[0.],[0.]
[1.78793253],[0.52181162],[0.60691495]
[2.47633049],[0.70461736],[1.15156073]
[2.71894976],[0.78497501],[1.41739046]
[2.68464577],[0.83773696],[1.5252966]
[2.89073447],[0.87583215],[1.71697969]
[2.93882593],[0.91634819],[1.78465201]
[3.30550978],[0.92765499],[1.96601908]
[3.34114998],[0.94929368],[2.03259459]
[3.72248426],[0.96237729],[2.23433963]
[3.64568166],[0.96911728],[2.26744774]
[3.95918564],[0.97661828],[2.46050268]
[3.85498748],[0.98126431],[2.46005649]
[4.08425579],[0.99099226],[2.61513971]
[4.04892964],[0.99650857],[2.63731309]
[4.17940454],[1.0073175],[2.77985123]
[4.19027321],[1.01237647],[2.84002846]
[4.2928855],[1.02248789],[2.98910039]
[4.32073974],[1.04847725],[3.11475252]
[4.38425987],[1.08389012],[3.21706871]
[4.37052632],[1.11137101],[3.35695849]
[4.43684965],[1.13258038],[3.42077423]
[4.41205271],[1.15115604],[3.50509946]
[4.46324124],[1.16901876],[3.53456766]
[4.40918375],[1.18194511],[3.5883867]
[4.48413054],[1.19622313],[3.63173539]
[4.40656486],[1.20934289],[3.67072797]
[4.48799574],[1.22178832],[3.72292809]
[4.40838603],[1.23059975],[3.74647613]
[4.48832314],[1.23701212],[3.78379339]
[4.48544052],[1.23686062],[3.8247745]
[4.45899193],[1.24329699],[3.82265897]
[4.4873248],[1.23993661],[3.86046765]
[4.4479859],[1.24080548],[3.82925085]
[4.46980936],[1.24060781],[3.84257377]
[4.44156255],[1.24147642],[3.82190696]
[4.41130683],[1.24388751],[3.81651205]
[4.41197398],[1.24367398],[3.81955841]
[4.40611866],[1.24443624],[3.81932933]
[4.40150864],[1.24673574],[3.81908327]
[4.38326319],[1.24687214],[3.80066131]
[4.37507644],[1.2376377],[3.77552012]
[4.36489771],[1.22786229],[3.74047929]
[4.33949136],[1.21857527],[3.6931444]
[4.32696422],[1.20676554],[3.64391084]
[4.30836441],[1.19580014],[3.59236165]
[4.29604638],[1.18513781],[3.54145716]
[4.25451914],[1.17329233],[3.48008453]
[4.21616517],[1.15978896],[3.41689641]
[4.18162846],[1.14759179],[3.36263645]
[4.13490681],[1.13514339],[3.30165054]
[4.09695433],[1.12066734],[3.23758242]
[4.05923464],[1.10752538],[3.17320007]
[3.60146005],[1.09326889],[2.89035343]
[0.],[0.],[0.]
[0.],[0.],[0.]
[1.88799883],[0.57068019],[0.79877113]
[2.52153053],[0.74147473],[1.26450473]
[2.83174375],[0.80675168],[1.53192988]
[2.72593194],[0.85703192],[1.60375154]
[3.04995594],[0.89350961],[1.82511336]
[3.10381449],[0.9299032],[1.88795253]
[3.54365391],[0.94380737],[2.13011587]
[3.52300307],[0.96323081],[2.17618325]
[3.92665887],[0.97605454],[2.42787753]
[3.84402421],[0.98211126],[2.44115108]
[4.14018343],[0.99099399],[2.67752102]
[4.04350975],[0.99798223],[2.65661622]
[4.26778634],[1.00860419],[2.83549656]
[4.2186191],[1.01370544],[2.87677974]
[4.33984973],[1.0247628],[3.03335267]
[4.33740656],[1.04744563],[3.16297284]
[4.4309763],[1.08387154],[3.27358435]
[4.43502276],[1.11658606],[3.43631852]
[4.50417493],[1.14981512],[3.53496132]
[4.45946031],[1.1740371],[3.63228454]
[4.54221683],[1.19444385],[3.70907684]
[4.47963531],[1.21232727],[3.7574129]
[4.56124132],[1.2292165],[3.81872543]
[4.48058641],[1.24139305],[3.84483104]
[4.58254838],[1.25456061],[3.91484526]
[4.48088854],[1.26659018],[3.92864003]
[4.58764421],[1.27800033],[4.0013487]
[4.48162014],[1.28647225],[4.00425407]
[4.58668931],[1.29244123],[4.06088899]
[4.55913057],[1.29172454],[4.08563132]
[4.54252824],[1.29689753],[4.08246549]
[4.55698569],[1.29299875],[4.12100128]
[4.52692213],[1.29358155],[4.08618365]
[4.53914847],[1.29274478],[4.10248856]
[4.520295],[1.29275736],[4.07634895]
[4.48718159],[1.29359384],[4.0673944]
[4.48735507],[1.29268289],[4.06753429]
[4.47733896],[1.29305181],[4.06321705]
[4.47187615],[1.29481441],[4.05985675]
[4.45284566],[1.29383873],[4.03939866]
[4.44452256],[1.28562785],[4.01147591]
[4.43320082],[1.27548924],[3.97280262]
[4.41270022],[1.26555028],[3.92344908]
[4.39936085],[1.25448821],[3.87141713]
[4.38399493],[1.24370512],[3.81704225]
[4.37116814],[1.23353477],[3.76670947]
[4.33506407],[1.22215695],[3.70366608]
[4.2987837],[1.20907106],[3.63628633]
[4.26586327],[1.19713797],[3.57358552]
[4.2207538],[1.18532638],[3.50911233]
[4.18498728],[1.17152176],[3.44678113]
[4.14905855],[1.15882118],[3.39179548]
[3.6958123],[1.14560092],[3.11492073]
[0.],[0.],[0.]
[0.],[0.],[0.]
[1.96341122],[0.61361148],[0.90345934]
[2.58190141],[0.7572117],[1.32662958]
[2.93072835],[0.82174464],[1.61660357]
[2.84682306],[0.86980575],[1.68187468]
[3.23663652],[0.9100326],[1.9538823]
[3.28370512],[0.94391885],[2.00836052]
[3.72749634],[0.96190351],[2.32740626]
[3.72027247],[0.97557447],[2.34254404]
[4.09371993],[0.98983175],[2.65356702]
[4.04118929],[0.99622441],[2.65488904]
[4.30604609],[1.00702734],[2.97587308]
[4.22922691],[1.0118726],[2.92828112]
[4.41723616],[1.02707244],[3.1589668]
[4.33675265],[1.05803407],[3.22888453]
[4.46430419],[1.09657254],[3.36617277]
[4.42471992],[1.12467911],[3.49793041]
[4.54000653],[1.1571884],[3.63048354]
[4.51655162],[1.18674915],[3.75060567]
[4.60625211],[1.21546833],[3.84674557]
[4.54206159],[1.23283519],[3.91304414]
[4.65002864],[1.24907946],[4.0013676]
[4.56135429],[1.26451949],[4.02398135]
[4.66688748],[1.27896375],[4.08876475]
[4.55941331],[1.28942528],[4.09728682]
[4.6896908],[1.30021186],[4.17680748]
[4.55881322],[1.31008081],[4.17387958]
[4.69455589],[1.3197075],[4.25318736]
[4.56011638],[1.32689396],[4.24566742]
[4.69112984],[1.33075202],[4.30935819]
[4.65394498],[1.33033376],[4.33954464]
[4.64375685],[1.33637973],[4.33871509]
[4.65156746],[1.33091328],[4.37705777]
[4.62640748],[1.33087463],[4.34268145]
[4.63116119],[1.32971944],[4.35944565]
[4.61865492],[1.32962102],[4.33361071]
[4.580996],[1.33079934],[4.32433215]
[4.58339768],[1.32968834],[4.32625589]
[4.57291585],[1.33084202],[4.32346296]
[4.56573366],[1.33291712],[4.32071822]
[4.54567372],[1.33302112],[4.30181705]
[4.53930612],[1.32791867],[4.27540531]
[4.5273472],[1.31876689],[4.23632]
[4.49502643],[1.31017333],[4.18199279]
[4.48467937],[1.30008039],[4.12907373]
[4.46912474],[1.2908464],[4.0705106]
[4.45749198],[1.28120486],[4.01644874]
[4.42439338],[1.27085532],[3.95208415]
[4.39043599],[1.25921822],[3.88334977]
[4.35645437],[1.24851309],[3.81918649]
[4.31034121],[1.23793625],[3.74992468]
[4.27459078],[1.22523599],[3.68232306]
[4.23902937],[1.21309276],[3.6177985]
[3.763134],[1.20036932],[3.32419812]
[0.],[0.],[0.]
[0.22586047],[0.1089967],[0.01188657]
[2.02307179],[0.62698803],[0.95929546]
[2.65580201],[0.76609881],[1.383306]
[2.9950538],[0.83305647],[1.7112145]
[3.02511494],[0.87939887],[1.76946656]
[3.40458389],[0.92090659],[2.08656748]
[3.45633354],[0.9536131],[2.12714374]
[3.87462734],[0.97061476],[2.49817464]
[3.8920186],[0.98599669],[2.48266797]
[4.22489368],[1.00068722],[2.85551147]
[4.18749617],[1.00662954],[2.85417678]
[4.42103768],[1.01830434],[3.2338464]
[4.33364093],[1.05384458],[3.21589779]
[4.51523003],[1.08993176],[3.5135913]
[4.42589032],[1.11869952],[3.49549656]
[4.57879328],[1.15219285],[3.66909243]
[4.5103028],[1.17458537],[3.7426189]
[4.65581102],[1.20163039],[3.88291541]
[4.59895317],[1.22617957],[3.96388284]
[4.72042765],[1.25112934],[4.06839847]
[4.62274611],[1.26672233],[4.10507619]
[4.76650081],[1.28160036],[4.20576125]
[4.64507072],[1.29607722],[4.20995929]
[4.78182529],[1.30992399],[4.28894727]
[4.65158768],[1.32061331],[4.2908216]
[4.80775421],[1.33087831],[4.38826152]
[4.64486864],[1.34029248],[4.37658617]
[4.81049004],[1.34920627],[4.47731382]
[4.64836735],[1.35444923],[4.46034797]
[4.80381639],[1.35823968],[4.53654611]
[4.75859229],[1.35710727],[4.56437968]
[4.7548157],[1.36402044],[4.56643089]
[4.75328814],[1.35811055],[4.60315839]
[4.7343447],[1.35802044],[4.5697733]
[4.73269465],[1.35680333],[4.58647974]
[4.72544946],[1.35671898],[4.56193634]
[4.68017113],[1.35822582],[4.54966996]
[4.68364224],[1.35888463],[4.55359243]
[4.67244059],[1.3599125],[4.55045814]
[4.6627735],[1.36195312],[4.54443118]
[4.63730506],[1.36192472],[4.52036526]
[4.63185582],[1.35861425],[4.49456269]
[4.61999152],[1.35176681],[4.45587363]
[4.58812341],[1.34380727],[4.39958717]
[4.57569149],[1.33491354],[4.34685281]
[4.55568756],[1.32551466],[4.28750124]
[4.53751842],[1.31643725],[4.22687645]
[4.50133278],[1.30652532],[4.15579007]
[4.46847032],[1.29503441],[4.0809707]
[4.43160562],[1.2844051],[4.01037797]
[4.38240208],[1.27370192],[3.93738527]
[4.3447842],[1.26148004],[3.86695687]
[4.30578115],[1.25063903],[3.80040642]
[3.8100389],[1.23885126],[3.48748784]
[0.],[0.],[0.]
[0.33800548],[0.18515252],[0.03069193]
[2.13765134],[0.64447517],[1.05478826]
[2.71636963],[0.78149278],[1.46097881]
[3.04721077],[0.85046918],[1.84223577]
[3.1570845],[0.89311195],[1.87368029]
[3.55095814],[0.93889156],[2.25688328]
[3.58881842],[0.96960621],[2.26233075]
[4.00391811],[0.98599571],[2.68341465]
[4.03385921],[1.00172255],[2.65190264]
[4.35194305],[1.0157014],[3.11386574]
[4.33588076],[1.04515218],[3.16706055]
[4.53374031],[1.07827909],[3.57689374]
[4.42492824],[1.111123],[3.49215633]
[4.60641106],[1.14086335],[3.7939867]
[4.50761079],[1.16418165],[3.72104979]
[4.68089006],[1.19384268],[3.9602193]
[4.5822528],[1.21528054],[3.94082652]
[4.76713649],[1.24032767],[4.11662358]
[4.66521049],[1.2629041],[4.14695026]
[4.82661267],[1.28629965],[4.2722187]
[4.69739909],[1.3006473],[4.29386227]
[4.87032278],[1.31508339],[4.42656537]
[4.72475376],[1.32913234],[4.41012419]
[4.88182352],[1.34266525],[4.5070182]
[4.72251497],[1.35361405],[4.49834667]
[4.8974935],[1.36332907],[4.62610131]
[4.71049802],[1.3717356],[4.58455754]
[4.89761178],[1.37764099],[4.72907728]
[4.71070514],[1.38311277],[4.67577316]
[4.88727339],[1.38677789],[4.76916799]
[4.81585487],[1.385731],[4.78100831]
[4.81673499],[1.3917894],[4.78642122]
[4.80061041],[1.38604026],[4.8142473]
[4.78862843],[1.38562733],[4.78642686]
[4.77685228],[1.38427686],[4.80024011]
[4.776462],[1.38394338],[4.77789291]
[4.72274099],[1.38602969],[4.76031685]
[4.71427732],[1.38661292],[4.75939376]
[4.70190525],[1.38728049],[4.74646794]
[4.6939524],[1.38853436],[4.73563623]
[4.66610728],[1.38809415],[4.70362791]
[4.65822812],[1.38329704],[4.66817387]
[4.64236159],[1.37678489],[4.62015535]
[4.61223598],[1.36976297],[4.5642467]
[4.59866486],[1.36130234],[4.51233622]
[4.58126766],[1.35438113],[4.45637124]
[4.5676644],[1.34680855],[4.39708943]
[4.54049066],[1.33756776],[4.32782302]
[4.51113752],[1.32680462],[4.25067887]
[4.47395144],[1.31688069],[4.17955407]
[4.42621142],[1.30612606],[4.0997747]
[4.388417],[1.29394853],[4.0193709]
[4.35168768],[1.2823716],[3.94443981]
[3.86945665],[1.27063101],[3.63191054]
[0.],[0.],[0.]
[0.40192744],[0.2054834],[0.04057999]
[2.20645737],[0.65968936],[1.10891272]
[2.79218365],[0.79214478],[1.52679192]
[3.12595756],[0.86360594],[1.94055631]
[3.30143542],[0.90393854],[1.99215589]
[3.67297814],[0.95323779],[2.41058723]
[3.73695379],[0.98047508],[2.40359556]
[4.11071597],[0.99757162],[2.8656851]
[4.17318968],[1.0122271],[2.88883339]
[4.45543568],[1.06281929],[3.39246485]
[4.44577229],[1.09734497],[3.43189448]
[4.60132836],[1.13023752],[3.84441043]
[4.50145329],[1.16142594],[3.70640377]
[4.67846675],[1.1880128],[4.07206918]
[4.57530555],[1.20912064],[3.93654582]
[4.75192776],[1.2358685],[4.23744473]
[4.64497028],[1.25542661],[4.14846045]
[4.84189126],[1.27840445],[4.41407101]
[4.72209093],[1.29913359],[4.35959643]
[4.89985783],[1.32066093],[4.55144428]
[4.75337583],[1.33272682],[4.51702101]
[4.93617392],[1.34679885],[4.73813247]
[4.78385042],[1.36016481],[4.63701184]
[4.94938428],[1.37321132],[4.8012111]
[4.78318513],[1.38177107],[4.73894773]
[4.96283702],[1.38814336],[4.95182953]
[4.77091697],[1.39489062],[4.83812699]
[4.96563326],[1.40067695],[5.05602104]
[4.77371991],[1.40672618],[4.93034061]
[4.95882832],[1.41097342],[5.09584377]
[4.88976273],[1.41015779],[5.04313857]
[4.89431063],[1.41676665],[5.08305613]
[4.87101386],[1.40963113],[5.07379006]
[4.86134225],[1.40858087],[5.07394221]
[4.84412692],[1.40662768],[5.0551672]
[4.84686757],[1.40664004],[5.03499431]
[4.78452167],[1.40906471],[5.00988587]
[4.77950303],[1.40905152],[5.00221331]
[4.76545849],[1.40958762],[4.99229705]
[4.75569322],[1.41041036],[4.97987119]
[4.73004438],[1.41002143],[4.93384569]
[4.72404991],[1.40437823],[4.87469833]
[4.70669608],[1.39783141],[4.81624353]
[4.66717594],[1.39046679],[4.75131797]
[4.65507248],[1.38202836],[4.69600534]
[4.63398834],[1.37500597],[4.63655235]
[4.61845035],[1.36893737],[4.57988553]
[4.58985465],[1.36173893],[4.5079137]
[4.56444161],[1.35271906],[4.43591902]
[4.5301519],[1.34450196],[4.36489664]
[4.48178105],[1.33646156],[4.28617265]
[4.44466928],[1.32549666],[4.2074593]
[4.40731764],[1.31492755],[4.13009984]
[3.90496273],[1.30392136],[3.79966685]
[0.],[0.],[0.]
[0.41585713],[0.20363269],[0.04157567]
[2.23521613],[0.66735053],[1.12609054]
[2.85177075],[0.79926344],[1.56205296]
[3.22457927],[0.86966157],[2.00895155]
[3.42933417],[0.90942116],[2.07798694]
[3.77937318],[0.96018324],[2.50766275]
[3.87063176],[0.98637706],[2.50164044]
[4.1896641],[1.00477779],[2.98490875]
[4.29170437],[1.02114351],[3.04872447]
[4.53183145],[1.09291194],[3.56537135]
[4.51257175],[1.12469336],[3.55941838]
[4.64812278],[1.15806005],[3.98854836]
[4.56499191],[1.18901142],[3.83949997]
[4.73862266],[1.21365387],[4.23446248]
[4.63803645],[1.23400518],[4.06780293]
[4.81827941],[1.25978252],[4.40955954]
[4.70591724],[1.27891588],[4.2831629]
[4.91347463],[1.30133112],[4.61507966]
[4.78198036],[1.32183725],[4.50306616]
[4.96909316],[1.34329723],[4.77828901]
[4.81222073],[1.35502903],[4.66861642]
[5.00345559],[1.36869802],[4.95796693]
[4.84415997],[1.38218321],[4.81007565]
[5.02199152],[1.39321072],[5.04251997]
[4.85179922],[1.40031917],[4.91848194]
[5.03213902],[1.40715675],[5.17002551]
[4.83628091],[1.41534721],[5.02076203]
[5.03409574],[1.42573056],[5.27708132]
[4.84069359],[1.42954606],[5.12851793]
[5.02804282],[1.43599561],[5.34870952]
[4.96352675],[1.43433814],[5.25722909]
[4.97592766],[1.440211],[5.30096066]
[4.94541092],[1.4333264],[5.29232296]
[4.93784265],[1.43192555],[5.29048966]
[4.91818525],[1.43166448],[5.27340346]
[4.92563736],[1.4327655],[5.25831301]
[4.85925589],[1.43522423],[5.23031736]
[4.85605675],[1.43467581],[5.22261054]
[4.84142326],[1.43492036],[5.2086286]
[4.82886856],[1.43526668],[5.192576]
[4.79969689],[1.43454214],[5.14624807]
[4.79611921],[1.42769567],[5.08923386]
[4.78361136],[1.42117146],[5.02004392]
[4.74587109],[1.41324267],[4.93717092]
[4.73456785],[1.40333053],[4.86545342]
[4.70971644],[1.39529277],[4.79558224]
[4.68816175],[1.38782312],[4.72967645]
[4.64942301],[1.380585],[4.64950554]
[4.624836],[1.37211193],[4.57380945]
[4.59048573],[1.36410288],[4.50050491]
[4.54009012],[1.35645304],[4.42039745]
[4.50248776],[1.34660318],[4.34102282]
[4.46185691],[1.33745964],[4.26230895]
[3.94046988],[1.32858207],[3.92184617]
[0.],[0.],[0.]
[0.4300014],[0.20284417],[0.04280516]
[2.25688653],[0.67132983],[1.14932397]
[2.92207834],[0.80463521],[1.60767014]
[3.32236005],[0.87545466],[2.07868329]
[3.53411409],[0.91513841],[2.17494328]
[3.88841829],[0.9684109],[2.59680658]
[3.97977164],[0.99172724],[2.62152985]
[4.26591072],[1.01148347],[3.10959408]
[4.39082598],[1.04840379],[3.21146176]
[4.57942585],[1.11875779],[3.69791346]
[4.58429984],[1.14806051],[3.68838563]
[4.70075726],[1.18089652],[4.11950719]
[4.63627862],[1.21074297],[3.96361374]
[4.80435537],[1.23420131],[4.37747371]
[4.70594746],[1.25373863],[4.1945198]
[4.88508052],[1.27917468],[4.57578049]
[4.77041975],[1.29766028],[4.42322948]
[4.98353702],[1.31989849],[4.80080616]
[4.84806923],[1.34081863],[4.65719724]
[5.03757074],[1.36272863],[4.98496642]
[4.87797495],[1.37454898],[4.84258707]
[5.07528478],[1.38820638],[5.15678502]
[4.91213941],[1.39939558],[4.99254444]
[5.0949636],[1.40984097],[5.26446672]
[4.91894954],[1.41663288],[5.11027267]
[5.10351121],[1.42564002],[5.39355263]
[4.91236566],[1.43269977],[5.22090374]
[5.10527118],[1.4471152],[5.5014079]
[4.91465803],[1.44726733],[5.33135833]
[5.09883771],[1.45897803],[5.57724538]
[5.05129662],[1.45350269],[5.47359579]
[5.07222399],[1.45923304],[5.50919942]
[5.06235468],[1.45294287],[5.52554975]
[5.04601217],[1.45230983],[5.50686881]
[5.03302181],[1.45254043],[5.50947495]
[5.03454979],[1.45360364],[5.48798603]
[4.96219492],[1.45551529],[5.4533989]
[4.95760692],[1.45457124],[5.44262334]
[4.93706759],[1.45475442],[5.42447231]
[4.91284963],[1.45469976],[5.40297127]
[4.87570981],[1.45283183],[5.35138521]
[4.8714194],[1.44611169],[5.29089101]
[4.85850287],[1.4394984],[5.22301182]
[4.82890365],[1.43006196],[5.14331846]
[4.82295126],[1.41950751],[5.06457156]
[4.79919435],[1.41072675],[4.97402054]
[4.77613609],[1.40273815],[4.88657507]
[4.72912392],[1.39451221],[4.7962318]
[4.70845879],[1.3855934],[4.71689815]
[4.66650956],[1.37825935],[4.63631809]
[4.60262051],[1.37125786],[4.54693397]
[4.56068304],[1.36156771],[4.46461]
[4.51773183],[1.35310894],[4.38412367]
[3.97488718],[1.34465141],[4.03161537]
[0.],[0.],[0.]
[0.48095959],[0.20252489],[0.04780083]
[2.28474562],[0.68231733],[1.24302942]
[2.95231663],[0.81583039],[1.66202304]
[3.40763694],[0.88671472],[2.1694014]
[3.62661556],[0.92759037],[2.26372141]
[3.97285091],[0.98181419],[2.71985498]
[4.06267997],[1.00132651],[2.73921311]
[4.34861837],[1.02143136],[3.27426558]
[4.45725116],[1.08145216],[3.36302036]
[4.64703423],[1.14922141],[3.85743627]
[4.6406823],[1.17660551],[3.82365675]
[4.77510666],[1.20909805],[4.28257585]
[4.69657901],[1.23769329],[4.10755326]
[4.86566664],[1.25930178],[4.52866486]
[4.76640164],[1.27816489],[4.34275185]
[4.94836025],[1.30248633],[4.74014476]
[4.83164162],[1.32158194],[4.58210318]
[5.05019424],[1.34492244],[4.98581794]
[4.9123131],[1.36635032],[4.8445657]
[5.10635385],[1.3871236],[5.16761808]
[4.94094792],[1.39763784],[5.03629257]
[5.14412451],[1.41034297],[5.3691298]
[4.98426742],[1.42332967],[5.21352578]
[5.165619],[1.4380962],[5.48926964]
[4.9995973],[1.44642052],[5.35691293]
[5.18013324],[1.46581141],[5.6445219]
[4.98893151],[1.46836264],[5.48745737]
[5.19546278],[1.4926446],[5.78720956]
[4.99794767],[1.48872869],[5.63064784]
[5.2048266],[1.50771439],[5.90052146]
[5.14251575],[1.49716723],[5.82361863]
[5.14649759],[1.49973222],[5.84298172]
[5.10931234],[1.4904974],[5.90227056]
[5.1076461],[1.4882886],[5.86460654]
[5.09454258],[1.48559695],[5.85704909]
[5.10899917],[1.48355376],[5.79883496]
[5.02971619],[1.48288699],[5.73051122]
[5.02030475],[1.48119254],[5.68900808]
[5.00409644],[1.48081205],[5.66441589]
[4.98445366],[1.48084467],[5.644436]
[4.94815957],[1.47824372],[5.58714589]
[4.93326744],[1.47231302],[5.52068518]
[4.90256862],[1.46565518],[5.44228671]
[4.85151554],[1.45660696],[5.35010794]
[4.83450937],[1.44476036],[5.26523269]
[4.81256461],[1.43431174],[5.18061641]
[4.79214681],[1.42531879],[5.08080476]
[4.75826905],[1.41665073],[4.95964857]
[4.73813102],[1.4072684],[4.86373663]
[4.70619709],[1.39895155],[4.78191796]
[4.64840963],[1.39124333],[4.6912657]
[4.60245518],[1.38202774],[4.60462523]
[4.55956494],[1.37363782],[4.52209188]
[4.03403658],[1.36549705],[4.17777666]
[0.],[0.],[0.]
[0.53780862],[0.20327592],[0.0536444]
[2.29935384],[0.69923049],[1.29059922]
[3.00873515],[0.82273848],[1.73035471]
[3.47551672],[0.89637958],[2.24967064]
[3.7047333],[0.94096161],[2.40173976]
[4.03093189],[0.99248628],[2.83766136]
[4.14457636],[1.00983436],[2.97257429]
[4.40437835],[1.05938813],[3.4743467]
[4.53693391],[1.12269053],[3.60671748]
[4.69944015],[1.1831077],[4.04590071]
[4.7063921],[1.20908138],[4.06633846]
[4.82959065],[1.24106961],[4.46746172]
[4.77318596],[1.26761227],[4.30640089]
[4.93003632],[1.28764977],[4.7454689]
[4.8399478],[1.30699216],[4.55218737]
[5.01488207],[1.33203549],[4.97879479]
[4.90354342],[1.35114737],[4.83745151]
[5.12336888],[1.37529813],[5.23358869]
[4.98711261],[1.39496597],[5.11101486]
[5.1783255],[1.43039543],[5.47520233]
[5.0222583],[1.43334743],[5.3758208]
[5.22322011],[1.4676737],[5.72373713]
[5.08310451],[1.46617088],[5.60421295]
[5.26467168],[1.49826937],[5.90924624]
[5.10509123],[1.49406959],[5.82795698]
[5.30344046],[1.52561576],[6.11859239]
[5.12536989],[1.51869871],[6.05747238]
[5.33241486],[1.55214997],[6.3428135]
[5.14531983],[1.54496457],[6.25041416]
[5.34306775],[1.56487858],[6.50325047]
[5.27872132],[1.54423033],[6.52343554]
[5.34061009],[1.55004637],[6.5650993]
[5.27262602],[1.54703285],[6.56960739]
[5.34797993],[1.54398854],[6.50479636]
[5.25522577],[1.54197217],[6.46736097]
[5.35519048],[1.53700505],[6.43454654]
[5.18030859],[1.53257585],[6.34276996]
[5.17440091],[1.52712508],[6.29243949]
[5.14974778],[1.51811717],[6.23250908]
[5.11760649],[1.51370079],[6.17314459]
[5.0611686],[1.50544481],[6.07544444]
[5.03489628],[1.49745867],[5.94996978]
[5.00638147],[1.48886409],[5.82005445]
[4.95662218],[1.48104817],[5.69463095]
[4.9407449],[1.46971228],[5.58074261]
[4.9092125],[1.45902212],[5.49109075]
[4.87800634],[1.44819922],[5.38874145]
[4.82289708],[1.43785226],[5.26050412]
[4.80302766],[1.42827152],[5.13713731]
[4.76548915],[1.41987674],[5.01198932]
[4.70802544],[1.41203153],[4.89529297]
[4.661164],[1.40214697],[4.79817933]
[4.61409164],[1.39383563],[4.70831304]
[4.0678216],[1.38699451],[4.35262213]
[0.],[0.],[0.]
[0.61097694],[0.19457243],[0.05825851]
[2.31243985],[0.71602191],[1.33247953]
[3.03850709],[0.84027618],[1.8155665]
[3.5273694],[0.90682616],[2.30680117]
[3.77758108],[0.95674084],[2.50697177]
[4.09083152],[0.99785387],[2.93304974]
[4.22164697],[1.01504496],[3.15845911]
[4.46148109],[1.08581851],[3.61374652]
[4.60667726],[1.14751113],[3.77481993]
[4.753582],[1.20436156],[4.17870267]
[4.77101974],[1.23063581],[4.24204538]
[4.88595951],[1.26317048],[4.61061373]
[4.84351121],[1.28992201],[4.54309515]
[4.99411492],[1.31090165],[4.91650646]
[4.91743238],[1.33025189],[4.76390293]
[5.08920317],[1.356428],[5.18832167]
[4.99902535],[1.38078564],[5.09416639]
[5.20664268],[1.42865562],[5.50934079]
[5.09353701],[1.43938687],[5.45093414]
[5.26484732],[1.48862243],[5.8356806]
[5.14832618],[1.49115754],[5.790509]
[5.35238856],[1.52743302],[6.1655642]
[5.22810921],[1.52369485],[6.18720323]
[5.42675139],[1.55685208],[6.51510526]
[5.30538725],[1.55254605],[6.46252323]
[5.49504138],[1.5837687],[6.74739771]
[5.36396898],[1.57887729],[6.65964441]
[5.56572929],[1.60965359],[6.96255072]
[5.45284609],[1.60539006],[6.88840106]
[5.62245226],[1.62050995],[7.13144221]
[5.61499344],[1.60543383],[7.14315549]
[5.71657537],[1.60713172],[7.22274113]
[5.70410621],[1.60249288],[7.20378752]
[5.80569383],[1.59887767],[7.25720007]
[5.81999498],[1.5967687],[7.21871575]
[5.85709451],[1.59180949],[7.21384626]
[5.78546918],[1.5875672],[7.04974261]
[5.6896762],[1.58216728],[6.96573505]
[5.59361987],[1.57430332],[6.84761114]
[5.38467547],[1.56243569],[6.7216424]
[5.24607289],[1.55084358],[6.60523235]
[5.18458252],[1.54003454],[6.47839937]
[5.15262048],[1.52799798],[6.33509291]
[5.09280855],[1.51580918],[6.1755258]
[5.06652096],[1.5005263],[6.02541151]
[5.01583685],[1.48762243],[5.86411743]
[4.98175167],[1.47673591],[5.70225542]
[4.92551329],[1.46552149],[5.52482141]
[4.89813916],[1.45318153],[5.39453887]
[4.83567521],[1.44377768],[5.25585146]
[4.76734596],[1.43613025],[5.12080345]
[4.71947825],[1.42608604],[4.99039419]
[4.67182955],[1.41701209],[4.86712504]
[4.10546567],[1.40833093],[4.48915869]
[0.],[0.],[0.]
[0.68664417],[0.19308686],[0.06494254]
[2.31376807],[0.72410349],[1.34821152]
[3.05866531],[0.84839074],[1.86862531]
[3.53505595],[0.91380988],[2.32674157]
[3.81412276],[0.96461256],[2.57378355]
[4.10316531],[1.00042891],[2.97670047]
[4.2560934],[1.03143947],[3.27437997]
[4.47206538],[1.10512761],[3.69523525]
[4.63867737],[1.16575017],[3.8946818]
[4.77125098],[1.22093228],[4.26621138]
[4.80921721],[1.2484493],[4.37061075]
[4.90489437],[1.28313484],[4.71299636]
[4.88567764],[1.30811502],[4.71998701]
[5.02142143],[1.33224504],[5.07000229]
[4.97398155],[1.35983954],[5.07214027]
[5.13547529],[1.40194536],[5.41547755]
[5.06392209],[1.42159015],[5.43301643]
[5.25403483],[1.47938577],[5.83742353]
[5.17447236],[1.49510842],[5.87747173]
[5.35314646],[1.54135387],[6.21824191]
[5.25578773],[1.54732273],[6.34608615]
[5.45585217],[1.58214707],[6.70778605]
[5.42634458],[1.58198315],[6.75238163]
[5.65439744],[1.61235323],[7.0503064]
[5.58778188],[1.60977766],[7.05058687]
[5.7439969],[1.63810765],[7.31660457]
[5.6594754],[1.63476346],[7.2743843]
[5.8189527],[1.65808486],[7.55297195]
[5.7842686],[1.65609406],[7.54507397]
[5.94256186],[1.67116103],[7.82201541]
[5.97961764],[1.65716895],[7.9050351]
[6.01138348],[1.65763522],[8.05488311]
[6.04687693],[1.65242513],[8.06839409]
[6.04259778],[1.64722583],[8.12740297]
[6.08785904],[1.64312324],[8.10201779]
[6.07676857],[1.63684025],[8.08282519]
[6.07588255],[1.63258092],[7.95991281]
[6.02125939],[1.62734568],[7.85959538]
[5.96828922],[1.61892502],[7.75469651]
[5.87969962],[1.60764519],[7.62351299]
[5.71818159],[1.59610517],[7.38875528]
[5.50926563],[1.58283374],[7.07436099]
[5.34490457],[1.56737464],[6.84387777]
[5.21420727],[1.55486756],[6.67806718]
[5.19999996],[1.53842808],[6.52734237]
[5.15414355],[1.52357982],[6.35195666]
[5.09904958],[1.50812044],[6.17461622]
[5.01054887],[1.49274652],[5.97679977]
[4.97278137],[1.47687682],[5.74156815]
[4.92349242],[1.46343889],[5.52034411]
[4.83068912],[1.45326951],[5.34794846]
[4.78439628],[1.44235513],[5.20414176]
[4.73249243],[1.43331698],[5.04909838]
[4.1330722],[1.42463017],[4.61094281]
[0.],[0.],[0.]
[0.87228384],[0.20748463],[0.1105585]
[2.33486288],[0.75976158],[1.42079714]
[3.06409152],[0.8714108],[1.91099053]
[3.5549915],[0.93660027],[2.37231838]
[3.82934038],[0.9834009],[2.60552031]
[4.13379548],[1.01249617],[3.04175462]
[4.28268574],[1.04174501],[3.32215489]
[4.50178255],[1.11523112],[3.75711272]
[4.66016838],[1.17609176],[3.94688955]
[4.80912735],[1.23308311],[4.33282408]
[4.83834166],[1.26130869],[4.43111419]
[4.94472421],[1.29960458],[4.81455556]
[4.92381536],[1.33141989],[4.87022154]
[5.06683425],[1.36159858],[5.22236396]
[5.01869912],[1.38923206],[5.25323647]
[5.1759185],[1.4408073],[5.60921155]
[5.11339357],[1.46170599],[5.69085868]
[5.31956067],[1.51996177],[6.08362296]
[5.25114171],[1.53833061],[6.16932747]
[5.437482],[1.58568041],[6.55497265]
[5.36252325],[1.59322029],[6.70008235]
[5.63139465],[1.62702467],[7.05377268]
[5.63164246],[1.62765552],[7.1400404]
[5.84017436],[1.65316506],[7.46666412]
[5.8170001],[1.65122244],[7.51952936]
[5.97665177],[1.67578864],[7.86299648]
[5.92805948],[1.67228103],[7.89253714]
[6.07505129],[1.6964003],[8.23746425]
[6.01955248],[1.69955315],[8.27388073]
[6.13410892],[1.71742873],[8.54961044]
[6.1457894],[1.74155008],[8.62967047]
[6.13958842],[1.73554415],[8.72868117]
[6.20104095],[1.72473462],[8.76368619]
[6.17007557],[1.71421483],[8.76251709]
[6.27351921],[1.70141798],[8.75345854]
[6.28708848],[1.68898331],[8.70195063]
[6.39662151],[1.67524163],[8.63907062]
[6.31356845],[1.66147851],[8.50412686]
[6.1882542],[1.65281723],[8.38856803]
[6.03274933],[1.64421036],[8.26467204]
[5.93304696],[1.63375058],[8.06686499]
[5.84367808],[1.62238041],[7.83376404]
[5.703942],[1.60558799],[7.52440726]
[5.47842362],[1.58986877],[7.19014905]
[5.28552949],[1.57508035],[6.88492312]
[5.1531418],[1.56006939],[6.69235675]
[5.10483158],[1.54409056],[6.50587811]
[5.03660151],[1.52838139],[6.29964853]
[5.00065882],[1.51126492],[6.07704761]
[4.94340879],[1.49497314],[5.84026632]
[4.86386247],[1.48003769],[5.58086617]
[4.79427065],[1.46568246],[5.38442934]
[4.74762888],[1.45252234],[5.2044792]
[4.172565],[1.44297652],[4.72647324]
[0.],[0.],[0.]
[0.95640192],[0.20522583],[0.12760545]
[2.33649566],[0.76680592],[1.4359712]
[3.08337811],[0.87861265],[1.96131525]
[3.56136765],[0.94571104],[2.39791951]
[3.85658923],[0.9922944],[2.67191806]
[4.14052845],[1.0177517],[3.13553347]
[4.31198851],[1.06359561],[3.44107312]
[4.51078106],[1.13423185],[3.83794615]
[4.69018124],[1.19312911],[4.06351147]
[4.8241571],[1.2500956],[4.42234804]
[4.87671054],[1.28182573],[4.6008718]
[4.96652085],[1.32579038],[4.97488506]
[4.9732315],[1.35923308],[5.10388095]
[5.09242117],[1.4017447],[5.41984697]
[5.06928469],[1.42069456],[5.51508786]
[5.21723346],[1.48250402],[5.88139167]
[5.21089157],[1.50434625],[6.01707876]
[5.41289177],[1.56028853],[6.38401163]
[5.33503316],[1.58018779],[6.56780639]
[5.59403531],[1.62369181],[6.95005141]
[5.59700234],[1.63174213],[7.05480805]
[5.83315045],[1.66032573],[7.46104642]
[5.89638123],[1.6606148],[7.57884798]
[6.09985345],[1.68609513],[8.0915123]
[6.08232462],[1.68280228],[8.1846311]
[6.18599749],[1.70718315],[8.50636154]
[6.13358053],[1.70745903],[8.54301955]
[6.23472556],[1.73073668],[8.85136091]
[6.21969634],[1.76578285],[8.89120327]
[6.29097582],[1.78441012],[9.14676318]
[6.35302547],[1.80293728],[9.2289189]
[6.36860214],[1.8023632],[9.31462824]
[6.51500296],[1.79234792],[9.4764704]
[6.53680117],[1.78400256],[9.48816672]
[6.62103606],[1.77016122],[9.58153737]
[6.65246924],[1.75830353],[9.54115292]
[6.66641497],[1.74486445],[9.44760906]
[6.67262483],[1.73030285],[9.28092464]
[6.59539266],[1.71656969],[9.11049616]
[6.46398101],[1.69923175],[8.92507517]
[6.2300014],[1.67966781],[8.67273895]
[6.0482459],[1.65091119],[8.43600088]
[5.96772321],[1.63573552],[8.20233816]
[5.83720049],[1.61870534],[7.907197]
[5.68437048],[1.60108676],[7.59043837]
[5.43600724],[1.58267401],[7.2105496]
[5.26498081],[1.56744644],[6.86055096]
[5.12768436],[1.55168684],[6.63778699]
[5.09740784],[1.53432287],[6.43054308]
[5.04714693],[1.51830509],[6.20482684]
[4.96526036],[1.50238632],[5.95698267]
[4.88920186],[1.48539838],[5.67629046]
[4.79721578],[1.47111523],[5.45964002]
[4.18783024],[1.45959408],[4.89834805]
[0.],[0.],[0.]
[1.03245125],[0.20175236],[0.14468561]
[2.33824419],[0.7729609],[1.44894654]
[3.09412628],[0.88373935],[1.98978247]
[3.56778049],[0.95074289],[2.40733122]
[3.87429206],[0.99498364],[2.6951976]
[4.1470281],[1.01996543],[3.16353858]
[4.33969849],[1.06784851],[3.49145051]
[4.51937029],[1.13975627],[3.86816607]
[4.71971003],[1.20122266],[4.13990415]
[4.84374776],[1.26588449],[4.50981894]
[4.92009317],[1.30291903],[4.74805044]
[4.98994977],[1.34947119],[5.10910336]
[5.02036911],[1.38347608],[5.30126818]
[5.12047073],[1.4403515],[5.61287847]
[5.13546298],[1.46041593],[5.7716727]
[5.30092892],[1.51847537],[6.12774186]
[5.31021175],[1.54309258],[6.30463929]
[5.48812706],[1.59900601],[6.6993117]
[5.53843941],[1.61941147],[6.90819594]
[5.77859033],[1.6591978],[7.29448946]
[5.83896459],[1.6646839],[7.43973381]
[6.0574687],[1.69310524],[7.91995458]
[6.12288141],[1.6918916],[8.22024829]
[6.25903701],[1.71718132],[8.67619472]
[6.29199755],[1.73427093],[8.80225017]
[6.36411591],[1.7539846],[9.10672593]
[6.35679678],[1.78707602],[9.1694494]
[6.44947295],[1.81081133],[9.45684378]
[6.51070667],[1.83735386],[9.62786089]
[6.58521153],[1.85697075],[9.83356857]
[6.69145984],[1.87737609],[10.10857703]
[6.73368974],[1.88151882],[10.22924424]
[6.7729732],[1.87974151],[10.36257221]
[6.79909261],[1.8778915],[10.38552169]
[6.8210814],[1.8660382],[10.41895391]
[6.85699232],[1.85372882],[10.36489364]
[6.84842365],[1.84074348],[10.26144506]
[6.87785669],[1.82629661],[10.12554868]
[6.82031568],[1.81372683],[9.96071221]
[6.74495479],[1.79972574],[9.77930196]
[6.61440905],[1.77092551],[9.52011306]
[6.45590484],[1.73897441],[9.19596238]
[6.21342597],[1.70938017],[8.80315033]
[6.04641866],[1.67943876],[8.51278774]
[5.97059596],[1.64904723],[8.25949466]
[5.84992601],[1.61457526],[7.96589705]
[5.67332166],[1.59645942],[7.60539014]
[5.38390021],[1.57836949],[7.15394545]
[5.21461053],[1.56140248],[6.78822711]
[5.14497883],[1.54519586],[6.54992584]
[5.06923036],[1.52845816],[6.29549513]
[5.01868672],[1.51131129],[6.03020459]
[4.93351749],[1.49669974],[5.72763376]
[4.22661616],[1.4828985],[5.0970946]
[0.],[0.],[0.]
[1.04828319],[0.18500651],[0.1384388]
[2.3362503],[0.77352558],[1.44946729]
[3.09679351],[0.88619826],[2.00156516]
[3.57056941],[0.95263955],[2.41260993]
[3.88168473],[0.99582997],[2.70578914]
[4.1504323],[1.02232566],[3.18904689]
[4.35230073],[1.07243022],[3.5264026]
[4.5290835],[1.15002846],[3.92594794]
[4.75219793],[1.21771013],[4.25198066]
[4.86372611],[1.28573156],[4.62754816]
[4.95887834],[1.3244899],[4.91674557]
[5.01313245],[1.38984477],[5.27600768]
[5.07572204],[1.4111993],[5.51589197]
[5.19098146],[1.47559563],[5.84589118]
[5.24851536],[1.49750924],[6.0472627]
[5.39707383],[1.55208035],[6.40493148]
[5.39462893],[1.57945498],[6.63223889]
[5.63977553],[1.63318517],[7.05709171]
[5.75960202],[1.65366507],[7.25092016]
[5.96522489],[1.68978072],[7.65348443]
[6.09817623],[1.69357373],[7.87463628]
[6.23210955],[1.72141812],[8.47443088]
[6.31808721],[1.72137824],[8.76069208]
[6.46846996],[1.75314745],[9.18862301]
[6.55731199],[1.79734962],[9.48729317]
[6.61799439],[1.81695452],[9.7430202]
[6.67951981],[1.84424434],[9.98066544]
[6.77953374],[1.86745738],[10.24859159]
[6.78045279],[1.89439678],[10.43750158]
[6.88279585],[1.91449895],[10.68419976]
[6.89658954],[1.93255236],[10.85356581]
[6.93456963],[1.93872848],[10.96006438]
[6.93812965],[1.94335758],[11.05384198]
[6.9627619],[1.94131439],[11.07568867]
[6.96040403],[1.93133104],[11.08865231]
[7.12291403],[1.92116491],[11.07875097]
[7.13344188],[1.9078429],[10.98929259]
[7.26649001],[1.89384324],[10.93446303]
[7.2293498],[1.88078737],[10.72419504]
[7.02693859],[1.86732737],[10.49716815]
[6.8376842],[1.83700069],[10.23095765]
[6.7483904],[1.80155314],[9.92152957]
[6.62434921],[1.76965438],[9.58152129]
[6.44078177],[1.74128242],[9.22389255]
[6.17703401],[1.70930643],[8.80615151]
[6.06793096],[1.67186528],[8.50051262]
[5.97587077],[1.62772274],[8.2321703]
[5.8204473],[1.60919036],[7.8722203]
[5.62781641],[1.59334525],[7.49297991]
[5.34676322],[1.5746312],[7.02662198]
[5.16816208],[1.55783056],[6.6835346]
[5.13865953],[1.54191924],[6.45479937]
[5.08103563],[1.52663402],[6.19228504]
[4.34490826],[1.51126299],[5.44241211]
[0.],[0.],[0.]
[1.11824669],[0.18745496],[0.16954134]
[2.35045734],[0.79882534],[1.49857746]
[3.1058633],[0.90138127],[2.04299569]
[3.5841367],[0.96074145],[2.44189735]
[3.89761137],[1.00173318],[2.73933393]
[4.16712176],[1.03077715],[3.24721713]
[4.37589103],[1.09134737],[3.59576449]
[4.55277067],[1.17426809],[4.04104742]
[4.76840691],[1.24164526],[4.38380549]
[4.89071064],[1.31558038],[4.78038065]
[4.98554415],[1.35564844],[5.09105848]
[5.07357428],[1.43198996],[5.48675144]
[5.14148892],[1.45596859],[5.74856488]
[5.27686368],[1.51416029],[6.11514743]
[5.32764382],[1.53707493],[6.3209534]
[5.47958072],[1.59083987],[6.71019307]
[5.51284444],[1.61901703],[6.97837321]
[5.79188272],[1.66957397],[7.40325859]
[5.96729495],[1.68694375],[7.62270747]
[6.1717439],[1.7221569],[8.07342484]
[6.26774208],[1.72660778],[8.42215333]
[6.39729887],[1.75164636],[8.96506068]
[6.50699581],[1.78348346],[9.28634245]
[6.75431867],[1.81969825],[9.84304521]
[6.81201622],[1.85748412],[10.22746623]
[6.91351574],[1.87639303],[10.55484705]
[6.86759791],[1.90173705],[10.71869056]
[6.98177286],[1.92442251],[11.02175694]
[6.9254747],[1.9508392],[11.14552043]
[7.03353904],[1.97000771],[11.40640565]
[7.01333427],[1.98677875],[11.52651662]
[7.17020382],[1.9971093],[11.69569053]
[7.19919842],[2.00515342],[11.79296756]
[7.32183703],[2.00286223],[11.95759076]
[7.35449365],[1.99440091],[11.98969304]
[7.43050909],[1.9839774],[12.03235868]
[7.45166037],[1.97147721],[11.95264558]
[7.49125889],[1.95848228],[11.86115857]
[7.5022797],[1.94618831],[11.67138711]
[7.40507116],[1.93157022],[11.43663228]
[7.23631839],[1.90863288],[11.14485344]
[6.99562393],[1.88148033],[10.72691311]
[6.81688436],[1.85355746],[10.37030317]
[6.70730984],[1.82499097],[10.04069527]
[6.58834574],[1.80033508],[9.73848421]
[6.41538939],[1.77171602],[9.4084681]
[6.21987153],[1.72777921],[9.04073702]
[6.00187537],[1.68160278],[8.60580145]
[5.92196923],[1.6358903],[8.23128928]
[5.81178478],[1.61942485],[7.90869479]
[5.66080235],[1.60370971],[7.51629229]
[5.41013448],[1.58573465],[6.97160075]
[5.21024942],[1.56545558],[6.65441497]
[4.47443718],[1.54800465],[5.90588378]
[0.],[0.],[0.]
[1.1337237],[0.18417403],[0.1617229]
[2.34792502],[0.7984598],[1.49718211]
[3.10425865],[0.90358421],[2.04738776]
[3.58495269],[0.96728451],[2.46000114]
[3.8962384],[1.00809981],[2.77468852]
[4.1703364],[1.04071],[3.35285043]
[4.38238999],[1.12338423],[3.73796533]
[4.55855435],[1.21261675],[4.2061179]
[4.78060002],[1.28812875],[4.56909365]
[4.91072047],[1.36463629],[4.97117895]
[5.03296172],[1.40929136],[5.33051998]
[5.13081011],[1.47710399],[5.75475277]
[5.20760314],[1.50239539],[6.04921873]
[5.34994436],[1.55342945],[6.44467336]
[5.39420518],[1.57992643],[6.68528526]
[5.52622431],[1.6289169],[7.10180733]
[5.65055083],[1.65874595],[7.36472354]
[5.91641286],[1.7038655],[7.77718114]
[6.1564201],[1.72150657],[8.07654829]
[6.2867262],[1.75153632],[8.63126315]
[6.43773658],[1.7573265],[8.98735161]
[6.58632488],[1.79349434],[9.48535859]
[6.78137395],[1.84537808],[10.03741702]
[6.95440427],[1.87892703],[10.59041128]
[6.96614046],[1.91081547],[10.90315796]
[7.0692663],[1.92987481],[11.2505221]
[7.04007462],[1.95254332],[11.3941269]
[7.15298885],[1.97480838],[11.72455998]
[7.22330234],[2.00046259],[11.94627814]
[7.35668625],[2.01920241],[12.26915288]
[7.43072541],[2.03503464],[12.45790604]
[7.4990679],[2.04837672],[12.63879311]
[7.53796237],[2.05709608],[12.74353866]
[7.56917714],[2.05575493],[12.83594362]
[7.60416282],[2.05187095],[12.89131542]
[7.62365186],[2.04447812],[12.92730788]
[7.64900123],[2.03525666],[12.88159422]
[7.65965566],[2.02551503],[12.81074009]
[7.72803884],[2.01616512],[12.69695936]
[7.63183861],[2.00120322],[12.49716807]
[7.53146853],[1.98241059],[12.2689227]
[7.43892047],[1.95831797],[11.97934355]
[7.30806063],[1.93440534],[11.6268045]
[7.15363592],[1.90945812],[11.20575705]
[6.96895683],[1.88091366],[10.75510899]
[6.79945777],[1.85281273],[10.41521782]
[6.70602919],[1.81372973],[10.11107331]
[6.57737204],[1.77281789],[9.76862669]
[6.46410005],[1.72614063],[9.37825228]
[6.3288012],[1.67964792],[8.93344037]
[6.11161403],[1.64607879],[8.43124636]
[5.9218178],[1.62952493],[7.93816019]
[5.71866993],[1.60560525],[7.4892982]
[4.71784935],[1.58231481],[6.39573988]
[0.],[0.],[0.]
[1.14723521],[0.18203258],[0.15393818]
[2.34672326],[0.79589371],[1.49448918]
[3.1042349],[0.90520983],[2.05057499]
[3.58784229],[0.97181029],[2.47393666]
[3.90144367],[1.01295289],[2.80917226]
[4.17398094],[1.04795021],[3.40774624]
[4.38415672],[1.13889627],[3.81313617]
[4.56848298],[1.24072325],[4.30686852]
[4.8119631],[1.31844972],[4.69592909]
[4.96012611],[1.39439871],[5.11680125]
[5.08868346],[1.44287667],[5.49552758]
[5.18854136],[1.50924801],[5.96277144]
[5.2873376],[1.53666569],[6.27591652]
[5.41902716],[1.58924109],[6.70371818]
[5.44496252],[1.61876472],[7.00792044]
[5.62146716],[1.66610424],[7.42507676]
[5.77884754],[1.69301557],[7.68970992]
[6.0691267],[1.73415131],[8.17568869]
[6.28628351],[1.75200982],[8.59303769]
[6.44086763],[1.77898436],[9.11460494]
[6.59702515],[1.81373801],[9.53995044]
[6.81922582],[1.86900029],[10.1498757]
[6.9277525],[1.90968415],[10.74772462]
[7.06001785],[1.94029609],[11.26801176]
[7.13014322],[1.968554],[11.59903559]
[7.36818465],[1.98768475],[12.11491306]
[7.465917],[2.01227293],[12.37646336]
[7.52210012],[2.03867927],[12.74371581]
[7.59499835],[2.06416634],[12.96808739]
[7.62768903],[2.08316089],[13.27091233]
[7.68154205],[2.10002158],[13.47456658]
[7.69281801],[2.11497236],[13.64095875]
[7.73493167],[2.12418299],[13.77800913]
[7.73430312],[2.12731932],[13.8725129]
[7.86519053],[2.12425976],[14.01073075]
[7.90241969],[2.11736513],[14.06605712]
[8.05922907],[2.10797393],[14.20874978]
[8.10099994],[2.09772074],[14.15573988]
[8.18246887],[2.08862664],[14.12723492]
[8.16000326],[2.07347463],[13.93032536]
[8.03081678],[2.05694504],[13.66485156]
[7.85535363],[2.03529985],[13.27745209]
[7.64077006],[2.01508173],[12.8536609]
[7.54636595],[1.99422313],[12.47612437]
[7.44899579],[1.97161909],[12.11548473]
[7.33528237],[1.94391135],[11.73590176]
[7.22474871],[1.90792234],[11.31948508]
[7.07773813],[1.87239843],[10.87240735]
[6.86489376],[1.83303285],[10.45642024]
[6.70579096],[1.79325346],[10.03814697]
[6.55317896],[1.75031817],[9.56862293]
[6.3853492],[1.70133032],[9.02338588]
[6.07806595],[1.65013073],[8.351992]
[5.10718139],[1.62069281],[7.18210699]
[0.],[0.],[0.]
[1.16438124],[0.18588486],[0.15020242]
[2.34429264],[0.79483229],[1.49380397]
[3.11060043],[0.9101203],[2.07010589]
[3.59504797],[0.97794263],[2.4975147]
[3.90745166],[1.01979661],[2.86201174]
[4.18010604],[1.05584361],[3.47288013]
[4.40578342],[1.1536589],[3.90755319]
[4.60995305],[1.26990545],[4.41974702]
[4.85206764],[1.34888516],[4.82085158]
[5.01158901],[1.42321111],[5.26116584]
[5.14421262],[1.47347872],[5.65307525]
[5.24641937],[1.53807847],[6.16012703]
[5.35491302],[1.57012023],[6.49816001]
[5.47635509],[1.62114094],[6.92125111]
[5.49030738],[1.65012674],[7.26834207]
[5.72182917],[1.69101607],[7.67681178]
[5.90995095],[1.71962247],[7.99177425]
[6.2010612],[1.75745989],[8.54087805]
[6.41037208],[1.77632524],[8.98318726]
[6.60234172],[1.81889432],[9.5381319]
[6.82033372],[1.87815516],[10.11325115]
[6.98732218],[1.92995376],[10.81871704]
[7.02250278],[1.96947223],[11.34740392]
[7.20582771],[2.00135229],[11.94337815]
[7.49698084],[2.02899179],[12.55670552]
[7.64553316],[2.05028829],[13.06164345]
[7.73383943],[2.07497677],[13.37064811]
[7.76956213],[2.10070513],[13.74407693]
[7.84751552],[2.12271791],[13.9781663]
[7.855492],[2.14710559],[14.25427628]
[8.08143344],[2.1608073],[14.55086455]
[8.13330527],[2.17407346],[14.74561116]
[8.23814673],[2.1813725],[15.05655108]
[8.28601833],[2.18416527],[15.21649684]
[8.33529712],[2.18162444],[15.39987823]
[8.37474913],[2.17516929],[15.47258836]
[8.39286622],[2.16698081],[15.52190654]
[8.43252653],[2.15834342],[15.47431085]
[8.43343925],[2.14867151],[15.37530699]
[8.44484796],[2.13371169],[15.22305759]
[8.38740924],[2.11665417],[14.99029741]
[8.31609192],[2.09548264],[14.69901811]
[8.20916926],[2.07601841],[14.32092074]
[8.07442485],[2.05690002],[13.84826689]
[7.89540618],[2.03656951],[13.32831996]
[7.69445764],[2.00993517],[12.85839811]
[7.56960716],[1.97874219],[12.4696958]
[7.46005967],[1.94353179],[12.08339304]
[7.37471382],[1.90722713],[11.68453013]
[7.26728805],[1.87145856],[11.20417635]
[7.10495527],[1.83266847],[10.61101191]
[6.81168149],[1.78958316],[9.98825827]
[6.57725934],[1.74105409],[9.39137871]
[5.43481941],[1.69136525],[7.81071786]
[0.],[0.],[0.]
[1.20334123],[0.2249915],[0.17356577]
[2.36354552],[0.81156996],[1.54874174]
[3.12487428],[0.92184445],[2.12174125]
[3.61505406],[0.98669643],[2.5442932]
[3.93182813],[1.03000676],[2.95284955]
[4.22342644],[1.06573888],[3.56553744]
[4.4652074],[1.17224545],[4.02556939]
[4.66784909],[1.29954566],[4.55267423]
[4.90248283],[1.37805643],[4.95063521]
[5.07501963],[1.4522023],[5.41126269]
[5.20155258],[1.5020482],[5.82136101]
[5.33887645],[1.56889096],[6.36934921]
[5.41784428],[1.60193489],[6.70962734]
[5.53677422],[1.65272787],[7.19736024]
[5.61535896],[1.68104009],[7.51166266]
[5.83630281],[1.72013751],[7.97241869]
[6.08438258],[1.7505837],[8.34767556]
[6.28651153],[1.78744521],[8.97184966]
[6.52463298],[1.8252054],[9.48935007]
[6.78209564],[1.88442502],[10.12600932]
[6.93899374],[1.95384084],[10.85691902]
[7.09462022],[2.00115275],[11.57652196]
[7.20013384],[2.03695452],[12.05768686]
[7.50932907],[2.07291704],[12.9434136]
[7.73052801],[2.09652036],[13.49434479]
[7.82253877],[2.13613711],[14.00227598]
[8.05111463],[2.15127434],[14.37892906]
[8.08788334],[2.19325815],[14.73617411]
[8.28741021],[2.20482215],[15.20118803]
[8.34637823],[2.23686173],[15.50460841]
[8.43301445],[2.23308348],[15.90440449]
[8.48510618],[2.2443118],[16.1310315]
[8.50239942],[2.24784386],[16.34173969]
[8.54186555],[2.24750077],[16.49818972]
[8.54636018],[2.23744846],[16.61689068]
[8.71483587],[2.22881851],[16.74368174]
[8.7669044],[2.21910336],[16.76617921]
[8.90568905],[2.21089093],[16.92906752]
[8.95220705],[2.20063937],[16.86483144]
[9.00769872],[2.18778003],[16.82777632]
[8.98715113],[2.17256408],[16.5802005]
[8.86080659],[2.15351213],[16.18539166]
[8.66235529],[2.13539664],[15.69222707]
[8.4179297],[2.11644231],[15.18528142]
[8.31625972],[2.09642911],[14.74628248]
[8.21755202],[2.0734809],[14.3079336]
[8.10930286],[2.04589733],[13.83726455]
[7.98626998],[2.01369947],[13.31295946]
[7.81413074],[1.97789966],[12.81415588]
[7.57687027],[1.9435714],[12.33213697]
[7.45665052],[1.90941596],[11.78354167]
[7.33996636],[1.87176618],[11.18491106]
[7.02677915],[1.83034363],[10.42200053]
[5.96077132],[1.7869481],[8.86439977]
[0.],[0.],[0.]
[1.24477472],[0.2283721],[0.17098878]
[2.36793172],[0.8146769],[1.56863674]
[3.13276765],[0.92976528],[2.15688707]
[3.64700974],[0.99698599],[2.59693911]
[3.9711177],[1.04015228],[3.08430782]
[4.26252257],[1.08914926],[3.68820439]
[4.50956944],[1.22063114],[4.19166409]
[4.70668089],[1.34234137],[4.72151602]
[4.94526727],[1.4171264],[5.12152657]
[5.12586949],[1.48862136],[5.62400423]
[5.27750497],[1.53992885],[6.08761362]
[5.40894602],[1.60970988],[6.63675732]
[5.47020718],[1.64357845],[7.06665327]
[5.60340433],[1.68841217],[7.54791174]
[5.73929893],[1.71442301],[7.8965702]
[5.99330287],[1.7531769],[8.39730312]
[6.23507129],[1.78115291],[8.92291151]
[6.43649787],[1.83055194],[9.5321114]
[6.75983764],[1.87952059],[10.10024551]
[7.02275149],[1.97150275],[10.89135054]
[7.12887348],[2.01630482],[11.61042782]
[7.33538831],[2.08960792],[12.30030282]
[7.5734264],[2.12303329],[13.08247384]
[7.74094778],[2.16677487],[13.81054501]
[7.9545851],[2.18966491],[14.39528678]
[8.22932345],[2.22759518],[15.0509742]
[8.42031927],[2.24535163],[15.63722838]
[8.49008082],[2.27580512],[16.05379277]
[8.54114117],[2.28928832],[16.48985685]
[8.60855123],[2.31302274],[16.83561516]
[8.62458635],[2.31408052],[17.13962535]
[8.73738255],[2.33091249],[17.40383854]
[8.79711964],[2.33522567],[17.5931177]
[8.96108549],[2.33338935],[17.92573985]
[9.02336678],[2.32144975],[18.08764125]
[9.0990742],[2.31075511],[18.31801107]
[9.14680003],[2.29717751],[18.34901743]
[9.18343637],[2.28269933],[18.41858623]
[9.22929896],[2.2686906],[18.36579728]
[9.23915532],[2.25065897],[18.25570179]
[9.27641286],[2.23129281],[18.08795542]
[9.21018055],[2.20259742],[17.78480175]
[9.1315212],[2.18488556],[17.38480511]
[9.03702493],[2.16776082],[16.86248125]
[8.90629651],[2.14944638],[16.27303592]
[8.73950284],[2.12719904],[15.71207758]
[8.50426938],[2.1013269],[15.16658175]
[8.33257492],[2.07088052],[14.68167574]
[8.25817795],[2.03780875],[14.21079218]
[8.16420079],[2.00575557],[13.67746444]
[8.04545759],[1.97042291],[13.04803314]
[7.89165241],[1.93554391],[12.40717544]
[7.48069206],[1.90055373],[11.55916066]
[6.57156547],[1.86228732],[9.98101092]
[0.],[0.],[0.]
[1.29412003],[0.23458705],[0.17096914]
[2.37244817],[0.81738338],[1.58529436]
[3.14088587],[0.93667459],[2.19115639]
[3.68783699],[1.00622332],[2.64098574]
[4.01074761],[1.04682506],[3.17195468]
[4.30387442],[1.10689284],[3.79120558]
[4.55576428],[1.25828047],[4.34130624]
[4.74794328],[1.38417386],[4.90850385]
[4.99765866],[1.45821266],[5.3238565]
[5.1963973],[1.5291046],[5.91618643]
[5.37156926],[1.582595],[6.41294843]
[5.49421351],[1.65499962],[6.95329777]
[5.55122718],[1.68306594],[7.44331716]
[5.76150823],[1.72234969],[7.96083605]
[5.93643587],[1.74952792],[8.34438671]
[6.19431404],[1.78357094],[8.96621011]
[6.4094693],[1.82300067],[9.5193512]
[6.66094655],[1.87664212],[10.13456152]
[6.96241547],[1.97493212],[10.9237714]
[7.21079725],[2.07909452],[11.74357096]
[7.42115933],[2.12508775],[12.38672526]
[7.65246493],[2.18163627],[13.28236121]
[7.7732005],[2.21152601],[13.97181852]
[7.89288343],[2.24717928],[14.65593589]
[8.3334729],[2.26880771],[15.53816737]
[8.53304253],[2.29940062],[16.22249563]
[8.62438046],[2.31752139],[16.7682667]
[8.7072779],[2.34189903],[17.21416488]
[8.76493086],[2.35744626],[17.60175819]
[8.94192185],[2.37655916],[18.0951211]
[9.06849415],[2.3832628],[18.50037547]
[9.1641308],[2.42008727],[18.96678899]
[9.21126486],[2.42604538],[19.19279741]
[9.24399302],[2.42230857],[19.48373779]
[9.28752088],[2.40877087],[19.65458625]
[9.30014777],[2.39774271],[19.79828487]
[9.33684861],[2.39081461],[19.88432915]
[9.35518584],[2.37957486],[19.90034536]
[9.65674283],[2.36725685],[20.15766776]
[9.7429789],[2.34998557],[20.10354837]
[9.86781114],[2.33303589],[20.05114587]
[9.88149384],[2.30490887],[19.74076973]
[9.64046136],[2.26463153],[19.17915518]
[9.2671195],[2.22966062],[18.4868006]
[9.17322876],[2.20486316],[17.91651471]
[9.09375294],[2.1817257],[17.39113344]
[8.99859323],[2.15903289],[16.84031928]
[8.88108267],[2.13215267],[16.26750003]
[8.72511928],[2.10198889],[15.68183834]
[8.54095909],[2.07268827],[15.08958649]
[8.33413397],[2.03996014],[14.45583767]
[8.23657281],[2.00563023],[13.76488396]
[8.07268868],[1.97068428],[12.88800945]
[7.01444558],[1.9391699],[11.07835655]
[0.],[0.],[0.]
[1.37365919],[0.24892378],[0.18229986]
[2.38033008],[0.82504394],[1.61023392]
[3.1528212],[0.94946244],[2.24917085]
[3.76365755],[1.01804766],[2.72930468]
[4.07692634],[1.05752821],[3.32136127]
[4.37697922],[1.14139621],[3.9698137]
[4.65552651],[1.30460463],[4.56879142]
[4.83394885],[1.427217],[5.15007796]
[5.08062553],[1.49810875],[5.57638101]
[5.31688539],[1.56848462],[6.24534085]
[5.46135188],[1.62454552],[6.71742199]
[5.57073826],[1.68908807],[7.30674662]
[5.71598696],[1.71538066],[7.78010638]
[5.9222085],[1.75396965],[8.36494535]
[6.17849033],[1.7793586],[8.8836625]
[6.3238422],[1.81982411],[9.5157953]
[6.6269809],[1.87789697],[10.07776481]
[6.9496771],[1.97873147],[10.83039482]
[7.12473137],[2.07922239],[11.69204993]
[7.45277938],[2.15654482],[12.46936214]
[7.7316821],[2.20379181],[13.28515253]
[7.81753423],[2.2498872],[14.09245936]
[7.99354641],[2.27923929],[14.77694285]
[8.26757233],[2.30719268],[15.66578008]
[8.55759984],[2.33013435],[16.53044573]
[8.72530279],[2.35549727],[17.24847345]
[8.98999793],[2.37406291],[17.89526263]
[9.12893231],[2.39467054],[18.5318575]
[9.22589696],[2.42872057],[19.06417739]
[9.28886809],[2.4647456],[19.65904948]
[9.35763802],[2.51979464],[20.1019663]
[9.38646361],[2.58352831],[20.48544611]
[9.42434765],[2.60190759],[20.73313287]
[9.418603],[2.58544106],[20.93751875]
[9.63401876],[2.56005206],[21.24719333]
[9.73298967],[2.54820499],[21.47603919]
[9.87868763],[2.53743607],[21.76522215]
[9.96283624],[2.52279491],[21.84518628]
[10.0300757],[2.508159],[21.9411764]
[10.24729577],[2.49486808],[21.96981981]
[10.25411133],[2.4815534],[21.81914725]
[10.54798256],[2.46057519],[21.81454689]
[10.25044493],[2.42705384],[21.23767033]
[9.97599239],[2.39196528],[20.66247521]
[9.80571945],[2.35165037],[19.92989101]
[9.56762314],[2.30532575],[19.11343115]
[9.22424158],[2.25858029],[18.41095698]
[9.13278593],[2.21263283],[17.8404571]
[9.04572883],[2.16343414],[17.23415937]
[8.93655077],[2.12721015],[16.59565698]
[8.82356148],[2.09624388],[15.92127202]
[8.68347178],[2.06318291],[15.13258571]
[8.43026836],[2.02978765],[14.14297624]
[7.39169535],[1.99660696],[12.27953559]
[0.],[0.],[0.]
[1.45263415],[0.22420745],[0.17556059]
[2.4018104],[0.59762125],[1.23836588]
[3.16888949],[0.67059792],[1.73900318]
[3.85805822],[0.71887168],[2.17230774]
[4.15640978],[0.82146893],[2.74023017]
[4.46029349],[0.98862285],[3.36350598]
[4.74313856],[1.09092724],[3.94138199]
[4.9358296],[1.17672244],[4.50805772]
[5.19503572],[1.23931133],[4.97393106]
[5.43825763],[1.3100463],[5.57843334]
[5.54373447],[1.3646499],[6.0250104]
[5.72963024],[1.41595732],[6.61358164]
[5.88708664],[1.48075693],[7.07643258]
[6.14566641],[1.57158157],[7.75621634]
[6.31152031],[1.64948498],[8.295163]
[6.52279836],[1.71522789],[8.86907919]
[6.88132308],[1.78353831],[9.54099999]
[7.09816656],[1.83829749],[10.39931038]
[7.33662102],[1.88992518],[11.11191581]
[7.6857518],[1.94553304],[11.94017824]
[7.89562758],[1.99805745],[12.75474435]
[8.0192201],[2.05384582],[13.44635373]
[8.32368728],[2.1102507],[14.36197556]
[8.55033567],[2.15401346],[15.19876303]
[8.70367459],[2.19367414],[15.96993714]
[9.07056375],[2.24397509],[16.88316413]
[9.30316759],[2.27323086],[17.63784277]
[9.38754498],[2.34611066],[18.34333893]
[9.4510508],[2.38816809],[18.8838777]
[9.47967699],[2.44204732],[19.42079245]
[9.60048393],[2.48821008],[19.88865189]
[9.71048933],[2.53824179],[20.31710797]
[9.90639215],[2.56263627],[20.84804404]
[9.97842491],[2.5669965],[21.13204356]
[10.06323574],[2.57341292],[21.41819012]
[10.12875734],[2.57348699],[21.61149917]
[10.17033942],[2.56390956],[21.76398081]
[10.42186735],[2.55380268],[22.003958]
[10.62046471],[2.54345828],[22.17405607]
[10.76233034],[2.53321789],[22.34772993]
[10.87054512],[2.52307833],[22.34519864]
[10.99106608],[2.50647861],[22.15226169]
[11.15866798],[2.47972884],[21.92385847]
[10.87813835],[2.45132478],[21.3250397]
[10.56828249],[2.4180336],[20.49550143]
[10.10191431],[2.38618057],[19.67107778]
[9.9160772],[2.35323785],[19.00175302]
[9.75400723],[2.31908586],[18.27295548]
[9.51000389],[2.27801352],[17.44836891]
[9.17512094],[2.20621179],[16.74914882]
[9.06343279],[2.10822113],[16.05487881]
[8.98287288],[1.99719027],[15.2947142]
[8.80000608],[1.96793558],[14.31182163]
[7.8347873],[1.94182923],[12.57084524]
