meltWidth,meltDepth,meltArea
[0.],[0.],[0.]
[0.],[0.],[0.]
[0.],[0.],[0.]
[0.],[0.],[0.]
[0.],[0.],[0.]
[0.],[0.],[0.]
[0.],[0.],[0.]
[0.],[0.],[0.]
[0.],[0.],[0.]
[0.],[0.],[0.]
[0.],[0.],[0.]
[0.],[0.],[0.]
[0.],[0.],[0.]
[0.],[0.],[0.]
[0.],[0.],[0.]
[0.],[0.],[0.]
[0.],[0.],[0.]
[0.],[0.],[0.]
[0.],[0.],[0.]
[0.],[0.],[0.]
[0.],[0.],[0.]
[0.],[0.],[0.]
[0.],[0.],[0.]
[0.],[0.],[0.]
[0.],[0.],[0.]
[0.],[0.],[0.]
[0.],[0.],[0.]
[0.],[0.],[0.]
[0.],[0.],[0.]
[0.],[0.],[0.]
[0.],[0.],[0.]
[0.],[0.],[0.]
[0.],[0.],[0.]
[0.],[0.],[0.]
[0.],[0.],[0.]
[0.],[0.],[0.]
[0.],[0.],[0.]
[0.],[0.],[0.]
[0.],[0.],[0.]
[0.],[0.],[0.]
[0.],[0.],[0.]
[0.],[0.],[0.]
[0.],[0.],[0.]
[0.],[0.],[0.]
[0.],[0.],[0.]
[0.],[0.],[0.]
[0.],[0.],[0.]
[0.],[0.],[0.]
[0.],[0.],[0.]
[0.],[0.],[0.]
[0.],[0.],[0.]
[0.],[0.],[0.]
[0.],[0.],[0.]
[0.],[0.],[0.]
[0.],[0.],[0.]
[0.01285304],[0.00320217],[8.24917424e-06]
[1.49444488],[0.13337253],[0.12083184]
[2.23097864],[0.24396563],[0.30639953]
[2.4240457],[0.29857252],[0.46945533]
[2.46842485],[0.3382483],[0.55295382]
[2.43573073],[0.3376501],[0.51306467]
[2.31990208],[0.28859391],[0.4217865]
[2.19740766],[0.29159193],[0.38363569]
[2.11153845],[0.29163015],[0.35829056]
[2.06702203],[0.28911311],[0.34127174]
[2.0350776],[0.28947288],[0.32746472]
[1.99084171],[0.28710794],[0.31465077]
[1.87455101],[0.29945627],[0.30022096]
[1.76364436],[0.30339029],[0.2877844]
[1.64748106],[0.28777073],[0.25352684]
[1.55988482],[0.30183724],[0.24580413]
[1.44630181],[0.28183184],[0.21405327]
[1.3957776],[0.30435024],[0.21832662]
[1.30617238],[0.27909806],[0.19023283]
[1.26587311],[0.30021108],[0.19441628]
[1.19446868],[0.26235116],[0.16377326]
[1.1640783],[0.27889398],[0.16607638]
[1.09777258],[0.24151143],[0.13830658]
[1.08360226],[0.2621748],[0.14527851]
[1.02870507],[0.22218451],[0.11911287]
[1.01383326],[0.24170973],[0.12513045]
[0.97333139],[0.20668469],[0.10431114]
[0.96822972],[0.2262124],[0.11197297]
[0.92749543],[0.18773774],[0.09020771]
[0.93129719],[0.21569361],[0.1023934]
[0.95083411],[0.1895876],[0.09664956]
[0.8841883],[0.18236287],[0.08223109]
[0.86705157],[0.17442645],[0.07676524]
[0.85523697],[0.16803396],[0.07267932]
[0.83945847],[0.15771076],[0.06656498]
[0.81827839],[0.15031655],[0.06070353]
[0.80294506],[0.1433712],[0.05656498]
[0.68885632],[0.10879377],[0.03657643]
[0.42933076],[0.07410154],[0.01532306]
[0.2238694],[0.04166326],[0.00434444]
[0.],[0.],[0.]
[0.],[0.],[0.]
[0.],[0.],[0.]
[0.],[0.],[0.]
[0.],[0.],[0.]
[0.],[0.],[0.]
[0.],[0.],[0.]
[0.],[0.],[0.]
[0.],[0.],[0.]
[0.],[0.],[0.]
[0.],[0.],[0.]
[0.],[0.],[0.]
[0.],[0.],[0.]
[4.91028558],[0.11860556],[0.31617394]
[4.43918684],[0.1129134],[0.28965503]
[2.77335276],[0.07489285],[0.11300979]
[1.39744096],[0.28496516],[0.24605219]
[2.40914354],[0.46400159],[0.70308887]
[2.52492043],[0.52954219],[1.0057236]
[2.53470375],[0.8166977],[1.79902677]
[2.53762018],[0.82181983],[1.83737437]
[2.37088061],[0.87323706],[1.90761084]
[2.39069014],[0.89605819],[1.98098695]
[2.23736018],[0.8220896],[2.01594568]
[2.35139185],[0.92789972],[2.13823327]
[2.21987237],[0.85470426],[2.11794125]
[2.35036283],[0.93758137],[2.19147798]
[2.36665598],[0.86828992],[2.13464451]
[2.47544024],[0.95256702],[2.18570213]
[2.50428632],[0.87482945],[2.10423828]
[2.56515101],[0.93292317],[2.11662955]
[2.60245328],[0.83694337],[2.0294423]
[2.6867985],[0.8731791],[2.05287133]
[2.75714286],[0.81679528],[1.99285354]
[2.75508512],[0.84981409],[2.00415665]
[2.72787303],[0.80509819],[1.92678617]
[2.71126717],[0.81962989],[1.91944872]
[2.67687591],[0.77400778],[1.84074934]
[2.65187163],[0.78009546],[1.83880116]
[2.62320753],[0.74186316],[1.76625112]
[2.62399969],[0.73700278],[1.75314948]
[2.61136268],[0.70536188],[1.68365211]
[2.61280905],[0.68715626],[1.66965832]
[2.62183681],[0.67491086],[1.62393309]
[2.63291538],[0.65298247],[1.59540537]
[2.64439562],[0.64408358],[1.58616452]
[2.65240549],[0.62980249],[1.55555804]
[2.71317509],[0.62053599],[1.54673855]
[2.69714651],[0.61382735],[1.52931566]
[2.74695787],[0.60701983],[1.49224479]
[2.72111527],[0.60153953],[1.46329062]
[2.73472586],[0.59534167],[1.44570419]
[2.74473618],[0.58813004],[1.39333827]
[2.74569768],[0.56556988],[1.23955914]
[2.75519904],[0.53375848],[0.86313583]
[2.76632783],[0.50997314],[0.8161173]
[2.78625008],[0.48678597],[0.79289942]
[2.81884931],[0.47116077],[0.78017396]
[2.84455986],[0.45262026],[0.76971084]
[2.85491756],[0.44414149],[0.7668205]
[2.81662638],[0.44515054],[0.76282502]
[2.76790549],[0.45025884],[0.75762548]
[2.70363461],[0.47074009],[0.76099419]
[2.64323667],[0.48045554],[0.75769364]
[2.57067882],[0.47943063],[0.74348098]
[2.50704159],[0.47361369],[0.72535245]
[2.43198864],[0.45364009],[0.69908456]
[2.29593127],[0.42984368],[0.65248103]
[6.39256166],[0.86152315],[5.02215007]
[5.02525794],[0.86153859],[3.7384662]
[5.40567915],[0.83214471],[2.66726467]
[3.87379786],[0.35269043],[0.97494196]
[2.45273612],[0.47583649],[0.81853991]
[2.62041983],[0.5592702],[1.18944735]
[2.61544926],[0.89157411],[1.99659688]
[2.60601053],[0.90411727],[2.07712886]
[2.43062024],[0.95890337],[2.19289258]
[2.4745574],[1.01157245],[2.36682773]
[2.37954431],[1.04015443],[2.47253135]
[2.44934975],[1.09386572],[2.60534238]
[2.4871988],[1.09770373],[2.61530052]
[2.64256946],[1.11529949],[2.69508273]
[2.66429344],[1.11773933],[2.6611398]
[2.7355416],[1.12686532],[2.70579508]
[2.76080083],[1.13098638],[2.6741026]
[2.83212175],[1.12523198],[2.6842742]
[2.90695049],[1.09874466],[2.65580406]
[3.0152801],[1.11893666],[2.68672215]
[3.05308994],[1.05954734],[2.64411446]
[3.03528707],[1.10012818],[2.63852433]
[3.00194616],[1.02804745],[2.54600459]
[2.97886381],[1.0480856],[2.51874734]
[2.95333818],[0.98362023],[2.43474398]
[2.91759852],[0.99032739],[2.41532149]
[2.9031581],[0.9431868],[2.33904061]
[2.8934345],[0.93927137],[2.31504161]
[2.89507356],[0.89785842],[2.24240132]
[2.88994087],[0.88337796],[2.21453]
[2.90596844],[0.86443957],[2.16942746]
[2.90758623],[0.8503731],[2.13612872]
[2.91970896],[0.83978599],[2.11945796]
[2.92036771],[0.82547089],[2.09238727]
[2.99035817],[0.8153542],[2.09829707]
[2.96256562],[0.80810721],[2.0625445]
[3.0188464],[0.7991928],[2.03226066]
[2.99730719],[0.79091046],[1.99564474]
[3.00564861],[0.78092967],[1.98089288]
[3.01441689],[0.76955724],[1.93431239]
[3.01652315],[0.74679238],[1.81281257]
[3.02977698],[0.72132978],[1.62442321]
[3.04497754],[0.70703809],[1.2768814]
[3.06565931],[0.68439742],[1.23472383]
[3.08793304],[0.6609171],[1.2164855]
[3.10981389],[0.63493352],[1.19161875]
[3.14366017],[0.6174371],[1.1872672]
[3.16541745],[0.60081984],[1.18375361]
[3.12370447],[0.57891166],[1.14863077]
[3.08407402],[0.5833187],[1.13428551]
[3.00933149],[0.60232324],[1.12454634]
[2.91767747],[0.62217002],[1.11818123]
[2.8413593],[0.62751376],[1.1026801]
[2.75945836],[0.62444736],[1.07971432]
[2.66160775],[0.60392122],[1.03425162]
[8.2053964],[1.23582016],[8.65328494]
[5.43818519],[0.91195432],[4.9888204]
[4.37457771],[0.87012173],[3.62104153]
[4.43922407],[0.82447196],[2.33968803]
[3.79092344],[0.48857285],[1.44191539]
[2.69280227],[0.57939581],[1.31858401]
[2.6836701],[0.94572811],[1.89772129]
[2.66303456],[0.98665721],[2.24543524]
[2.53890768],[1.03343185],[2.41607926]
[2.52959187],[1.10271113],[2.61125506]
[2.47462557],[1.13285809],[2.63484515]
[2.72302762],[1.1682969],[2.79502867]
[2.8575615],[1.18195713],[2.85453064]
[2.97551188],[1.18942718],[2.97081279]
[3.0948705],[1.19515743],[2.9917745]
[3.09061851],[1.19827345],[2.99948296]
[3.20702103],[1.19171324],[2.99694338]
[3.23677197],[1.1914888],[3.00973674]
[3.33581138],[1.17931171],[3.01752258]
[3.3587478],[1.17943964],[3.02456663]
[3.3715278],[1.14564661],[2.97654637]
[3.35850701],[1.16895825],[2.9676376]
[3.32084104],[1.10803491],[2.88112561]
[3.30936758],[1.14563228],[2.87658666]
[3.26555819],[1.06589811],[2.7792753]
[3.2315946],[1.08995389],[2.7628899]
[3.20141744],[1.02961515],[2.68877457]
[3.19793547],[1.04260663],[2.66244127]
[3.18507224],[0.99006798],[2.60061797]
[3.20135201],[0.99196324],[2.56531882]
[3.18695655],[0.96159191],[2.51779696]
[3.21069138],[0.95853875],[2.48195938]
[3.19153478],[0.94128085],[2.47016937]
[3.2226529],[0.92857922],[2.44011999]
[3.26149601],[0.91232517],[2.4497395]
[3.25198672],[0.90344082],[2.40591441]
[3.2829534],[0.89308907],[2.37345095]
[3.2790495],[0.88320934],[2.33663019]
[3.27417929],[0.87131228],[2.31515006]
[3.27616145],[0.85902306],[2.26462649]
[3.28120662],[0.83595426],[2.18298312]
[3.29574003],[0.79771306],[2.09208243]
[3.31010695],[0.77882373],[1.54658881]
[3.33266358],[0.76056238],[1.49474994]
[3.35910802],[0.74301472],[1.45669555]
[3.38662787],[0.7198259],[1.433916]
[3.4248738],[0.70705114],[1.44178555]
[3.44356405],[0.69541864],[1.44387157]
[3.44019222],[0.6774432],[1.44515094]
[3.38382629],[0.66375212],[1.40275767]
[3.32801176],[0.64739747],[1.35805048]
[3.26446242],[0.65183398],[1.32573627]
[3.17253258],[0.65242042],[1.28882687]
[3.07877632],[0.65580691],[1.2563535]
[2.99484942],[0.66891707],[1.23043683]
[11.7047866],[1.35204783],[10.60756559]
[7.82297119],[1.07661225],[7.13758557]
[5.0224946],[0.8863082],[5.29103293]
[4.36363152],[0.80420873],[3.68484813]
[3.35537533],[0.49058625],[1.43568458]
[2.8459702],[0.53059895],[1.43374045]
[2.57003869],[0.86142724],[1.40774965]
[2.45358241],[1.03976909],[2.00342729]
[2.34623656],[1.08523453],[2.36754557]
[2.78453353],[1.14541741],[2.5908185]
[2.89124441],[1.15773487],[2.667255]
[3.11189513],[1.19333292],[2.8958019]
[3.28621425],[1.1969722],[2.95402676]
[3.38749771],[1.20255657],[3.10635653]
[3.52994331],[1.20116226],[3.12338509]
[3.49255391],[1.20412509],[3.15333833]
[3.66130162],[1.19752797],[3.18520811]
[3.60320745],[1.20542393],[3.21616441]
[3.6712895],[1.15410876],[3.17307419]
[3.59608308],[1.19292058],[3.15617769]
[3.64312785],[1.11721094],[3.10843124]
[3.57461283],[1.15961558],[3.06658439]
[3.54736741],[1.09281889],[2.98935012]
[3.50108942],[1.11423662],[2.93762129]
[3.47441501],[1.05897789],[2.86071899]
[3.43241901],[1.06317192],[2.8129364]
[3.4168377],[1.03291599],[2.74821071]
[3.40453424],[1.015116],[2.68522923]
[3.41021907],[1.01411006],[2.64165603]
[3.40800534],[1.01004295],[2.52309919]
[3.40252797],[0.99612574],[2.54002346]
[3.4162551],[0.99536591],[2.36263389]
[3.40637801],[0.95721924],[2.34508351]
[3.4360392],[0.97337803],[2.28071468]
[3.45793017],[0.96593259],[2.26824598]
[3.45745973],[0.96360231],[2.23496878]
[3.47038891],[0.95584226],[2.19119931]
[3.47318818],[0.94151046],[2.14116015]
[3.44420986],[0.92341997],[2.10185613]
[3.4435819],[0.90415192],[2.0540799]
[3.442138],[0.84065536],[1.87857654]
[3.44993398],[0.80764908],[1.78594914]
[3.46438265],[0.78870109],[1.73361814]
[3.49312701],[0.77131817],[1.69653508]
[3.53347557],[0.75521559],[1.66178588]
[3.58632779],[0.74011669],[1.64888763]
[3.63662377],[0.7267658],[1.64749336]
[3.68761996],[0.71427342],[1.64647545]
[3.66668495],[0.69887701],[1.63573164]
[3.62160795],[0.6874583],[1.60650785]
[3.55918084],[0.67631528],[1.5574691]
[3.4945851],[0.66164509],[1.49911791]
[3.41727302],[0.65936054],[1.43393667]
[3.33064737],[0.6552046],[1.36799878]
[3.22444848],[0.64743537],[1.29904094]
[12.30620335],[1.41363062],[11.59262002]
[9.25989297],[1.22942521],[7.87151122]
[8.11460879],[1.0565978],[6.05312254]
[5.27654449],[0.92814307],[4.6593197]
[3.47307548],[0.63312058],[2.93475904]
[2.67089113],[0.54230423],[1.35649466]
[2.63699007],[0.65407666],[1.49305987]
[2.38557108],[1.09094381],[2.03525347]
[2.63184157],[1.13914051],[2.57433188]
[3.24748254],[1.18677474],[2.94407656]
[3.29098685],[1.20952125],[3.02646309]
[3.49373067],[1.23115406],[3.2344633]
[3.67125778],[1.2345076],[3.32018207]
[3.762314],[1.24044548],[3.43534539]
[3.89951085],[1.240681],[3.48972958]
[3.8230424],[1.25331905],[3.48137698]
[4.00171693],[1.24500566],[3.55226856]
[3.85406785],[1.26037144],[3.51974892]
[4.01109633],[1.24591549],[3.52107288]
[3.83586141],[1.26151964],[3.45888775]
[3.90471791],[1.24061274],[3.4253947]
[3.80168521],[1.25375622],[3.37341853]
[3.78888654],[1.22471192],[3.31285551]
[3.72262886],[1.23723723],[3.25178123]
[3.71076273],[1.19826475],[3.17841909]
[3.66819052],[1.21438012],[3.14119127]
[3.66248174],[1.18243772],[3.07340864]
[3.65095451],[1.18136045],[2.99722038]
[3.65197326],[1.17066759],[2.98323911]
[3.63632519],[1.16615501],[2.824427]
[3.63198823],[1.15526676],[2.81259598]
[3.63031067],[1.15448638],[2.70718195]
[3.63129361],[1.12884132],[2.68110576]
[3.65100683],[1.14003638],[2.65835418]
[3.65747591],[1.13502281],[2.63152314]
[3.66171768],[1.13357371],[2.61191557]
[3.65760918],[1.12631509],[2.57515407]
[3.65541395],[1.10561692],[2.52158428]
[3.62127831],[1.09199655],[2.4918519]
[3.61718583],[1.07432742],[2.44669856]
[3.61307599],[1.02982301],[2.35832221]
[3.61929364],[0.97897469],[2.25518842]
[3.630655],[0.88112583],[2.1442927]
[3.65503494],[0.85281791],[2.07397973]
[3.69210281],[0.83258624],[2.01684714]
[3.73894139],[0.81505529],[1.97942582]
[3.78776353],[0.80129433],[1.9656035]
[3.81226144],[0.78619766],[1.94644791]
[3.78135679],[0.76832606],[1.91224069]
[3.73444851],[0.75485272],[1.85783231]
[3.68631382],[0.73686685],[1.80480447]
[3.63192976],[0.71245521],[1.73214962]
[3.57190496],[0.69174077],[1.65329456]
[3.51163746],[0.68310789],[1.574372]
[3.44250609],[0.6688918],[1.49373143]
[11.5404908],[1.45788917],[11.84438391]
[9.1729676],[1.29415121],[8.25335635]
[8.11425832],[1.1706844],[6.49079072]
[7.17797052],[1.04589826],[5.06669309]
[4.05733535],[0.84085728],[3.85352345]
[2.85008434],[0.53175941],[2.11332948]
[2.6537357],[0.66567878],[1.49299632]
[2.3229266],[0.87492253],[1.67585693]
[2.62744686],[1.16112863],[2.570895]
[3.37312048],[1.22035196],[3.10048171]
[3.4574121],[1.25464613],[3.2256877]
[3.6355347],[1.26848507],[3.41087761]
[3.82632647],[1.27476474],[3.53951523]
[3.86592039],[1.27426424],[3.56499423]
[4.02286313],[1.2767976],[3.66782351]
[3.98055743],[1.281987],[3.6292376]
[4.08412834],[1.27325637],[3.68194394]
[4.07396998],[1.28760887],[3.65527799]
[4.11383017],[1.27499378],[3.64609009]
[4.03722132],[1.28921958],[3.57917493]
[4.12258523],[1.27622047],[3.57363402]
[3.94043807],[1.28909772],[3.48845604]
[3.96166656],[1.27354318],[3.4499621]
[3.82233537],[1.28422794],[3.3592654]
[3.83447451],[1.23820267],[3.31920622]
[3.76433457],[1.26513343],[3.22666482]
[3.76860151],[1.212629],[3.20350844]
[3.75638532],[1.24486495],[3.04927768]
[3.7568467],[1.21000586],[3.08414844]
[3.74333083],[1.21595916],[2.94006543]
[3.74497078],[1.20703619],[2.90959566]
[3.73786795],[1.20989297],[2.85621345]
[3.74428554],[1.19438863],[2.83428327]
[3.76675178],[1.20627484],[2.82610502]
[3.76826451],[1.20558663],[2.79350492]
[3.77100441],[1.20047836],[2.76759581]
[3.75141713],[1.18977675],[2.72739546]
[3.7569595],[1.1749097],[2.68616531]
[3.71924875],[1.16509074],[2.65621148]
[3.71616691],[1.15394633],[2.6224718]
[3.71498158],[1.1178047],[2.54410039]
[3.72357119],[1.08438547],[2.46090141]
[3.73702637],[0.99686957],[2.37658704]
[3.7632362],[0.90745946],[2.30587483]
[3.80685143],[0.88190596],[2.25410656]
[3.86050096],[0.86036328],[2.22215884]
[3.91479314],[0.84836108],[2.21024087]
[3.93871196],[0.83763529],[2.19168125]
[3.89616843],[0.81885253],[2.14201738]
[3.84243868],[0.80520801],[2.07649268]
[3.78842337],[0.7854327],[2.01329698]
[3.73039001],[0.76223877],[1.92762575]
[3.66870454],[0.72534244],[1.81990083]
[3.60528735],[0.69205661],[1.71722324]
[3.53807457],[0.66917963],[1.62795847]
[11.62782078],[1.53429781],[12.52282337]
[9.19732355],[1.3788074],[8.87650111]
[8.13324185],[1.22899155],[7.03414295]
[7.20254081],[1.13355036],[5.46279713]
[5.94330872],[1.03107434],[4.29149735]
[4.73193879],[0.94699307],[3.47503955]
[2.88498357],[0.6587152],[1.83913949]
[2.32523509],[0.8982073],[1.79591448]
[2.5490737],[1.13990533],[2.50729367]
[3.15086202],[1.25580645],[3.08015971]
[3.49731614],[1.29474079],[3.33876309]
[3.64396341],[1.29902123],[3.44562704]
[3.85851771],[1.29892625],[3.54293617]
[3.93366744],[1.30086017],[3.58435832]
[4.05057905],[1.2981839],[3.64829183]
[4.02430233],[1.30595065],[3.64645484]
[4.0991907],[1.29018031],[3.66074841]
[4.11301621],[1.31239434],[3.6597917]
[4.13041487],[1.2848985],[3.61816116]
[4.10240295],[1.31257373],[3.56957162]
[4.12716255],[1.28002513],[3.54173484]
[4.02149326],[1.31457179],[3.4868625]
[4.04436165],[1.28118781],[3.44569567]
[3.90022988],[1.31104078],[3.30132604]
[3.92490455],[1.25367599],[3.32281318]
[3.83270043],[1.29196493],[3.12930031]
[3.84679995],[1.23246279],[3.14119386]
[3.81936669],[1.27781186],[3.02600209]
[3.81740221],[1.22882424],[2.9983129]
[3.80654339],[1.25068951],[2.95100483]
[3.80050164],[1.22227406],[2.89643545]
[3.79667731],[1.22293581],[2.89835748]
[3.80912733],[1.20232074],[2.86703628]
[3.81544792],[1.21346757],[2.86572274]
[3.80776056],[1.20727656],[2.82788471]
[3.79977028],[1.19916403],[2.79271515]
[3.77939561],[1.18747137],[2.75563865]
[3.77790853],[1.17083025],[2.70482183]
[3.7394929],[1.16179512],[2.67108465]
[3.7272253],[1.14704609],[2.63240621]
[3.7168526],[1.1159061],[2.5708837]
[3.71895513],[1.08399412],[2.49135939]
[3.7290011],[0.95855961],[2.39735183]
[3.75205717],[0.92753809],[2.3280723]
[3.79397472],[0.89987542],[2.26883425]
[3.85714229],[0.87958964],[2.2576379]
[3.92138944],[0.86716387],[2.25773403]
[3.92135585],[0.85773839],[2.24497864]
[3.87618563],[0.84310667],[2.18458075]
[3.8187322],[0.83105489],[2.10575307]
[3.75376486],[0.81062002],[2.0168839]
[3.69343148],[0.77133374],[1.91194696]
[3.61868028],[0.69912004],[1.75032583]
[3.5210974],[0.61932445],[1.57606777]
[3.4124971],[0.54821059],[1.37818655]
[11.75211011],[1.59310762],[12.96898004]
[9.26479398],[1.4301376],[9.22678277]
[8.18985452],[1.28451717],[7.37423414]
[7.25065725],[1.19608347],[5.75460708]
[5.95954791],[1.07077581],[4.2656024]
[4.78333767],[0.97786901],[3.40430973]
[3.34418975],[0.72095321],[2.21051419]
[2.25747562],[0.91438002],[1.92177333]
[2.7478485],[1.13575127],[2.72433085]
[3.40774871],[1.22688147],[3.04838738]
[3.56205295],[1.26800961],[3.19428679]
[3.67573007],[1.27244175],[3.27857522]
[3.89563924],[1.27403448],[3.37577316]
[3.97481486],[1.26687025],[3.40503944]
[4.0864345],[1.25598883],[3.45278571]
[4.06035809],[1.25040005],[3.41895643]
[4.12930811],[1.24627372],[3.42486141]
[4.13823073],[1.2455783],[3.40917357]
[4.14400765],[1.24212899],[3.35954297]
[4.13175904],[1.23782997],[3.19540935]
[4.12921021],[1.23276629],[3.2257885]
[4.02278101],[1.22772935],[3.04909668]
[4.0455278],[1.21975826],[3.02282201]
[3.91315849],[1.20622156],[2.90087904]
[3.92842647],[1.19518157],[2.8575706]
[3.83495511],[1.19313452],[2.79330538]
[3.8596529],[1.1876944],[2.75354152]
[3.8233562],[1.18181053],[2.7323765]
[3.824791],[1.18330127],[2.68018878]
[3.80978783],[1.18232193],[2.69144526]
[3.80810917],[1.17685722],[2.63938558]
[3.80079978],[1.1764914],[2.65215612]
[3.81802032],[1.1552432],[2.63221075]
[3.81733492],[1.14678584],[2.62627721]
[3.81507881],[1.13444923],[2.60364427]
[3.81263449],[1.12881042],[2.58495361]
[3.79828228],[1.10819173],[2.55697607]
[3.79559911],[1.07165057],[2.51108687]
[3.75821847],[1.05280675],[2.47971918]
[3.74745382],[1.02553995],[2.45118512]
[3.73801959],[0.95654209],[2.39171618]
[3.73894091],[0.92548772],[2.33383543]
[3.74804204],[0.89935357],[2.28127029]
[3.77050403],[0.87231423],[2.23671965]
[3.81907853],[0.85156083],[2.21716]
[3.88550157],[0.8393458],[2.21870851]
[3.94828351],[0.82953571],[2.224509]
[3.96383776],[0.82049699],[2.22087569]
[3.91976523],[0.80997417],[2.17144745]
[3.86437173],[0.8029689],[2.10364001]
[3.79851614],[0.78937267],[2.01981299]
[3.73412768],[0.74958716],[1.91211416]
[3.64790852],[0.67560395],[1.73412524]
[3.54910862],[0.60424247],[1.5498913]
[3.43708854],[0.53671688],[1.34431593]
[11.92626392],[1.64852054],[13.4097118]
[9.39674865],[1.46646351],[9.60029173]
[8.29715939],[1.32420407],[7.64811558]
[7.35051374],[1.23783535],[5.99151276]
[6.06258354],[1.1269288],[4.50365802]
[4.809233],[0.98772436],[3.60969017]
[3.48141152],[0.77520938],[2.46385377]
[2.36422573],[0.97129409],[2.54012548]
[2.99465559],[1.16685975],[3.01372125]
[3.48679134],[1.24696821],[3.15593845]
[3.62566838],[1.30401541],[3.3045388]
[3.73895673],[1.30828832],[3.39395729]
[3.95757894],[1.30584609],[3.48921081]
[4.02765835],[1.28878589],[3.49963404]
[4.13487366],[1.27772633],[3.53472821]
[4.10871262],[1.27142887],[3.49141257]
[4.17304838],[1.26671816],[3.49335177]
[4.17199941],[1.26578872],[3.45968266]
[4.1770107],[1.26237156],[3.41460421]
[4.19274974],[1.25807929],[3.22043247]
[4.16140294],[1.25390501],[3.25360686]
[4.07926771],[1.24957012],[3.09128779]
[4.08987874],[1.24165899],[3.06084811]
[3.97813705],[1.23295499],[2.95330579]
[3.99231789],[1.2267466],[2.912782]
[3.90191239],[1.22447799],[2.85972665]
[3.92479101],[1.21766217],[2.81913226]
[3.88244748],[1.2110803],[2.78936549]
[3.89127042],[1.21097198],[2.74394354]
[3.87476027],[1.20949264],[2.74933889]
[3.87156932],[1.1953766],[2.70122116]
[3.85535674],[1.19652122],[2.70970827]
[3.87140556],[1.17144021],[2.69719668]
[3.87019146],[1.16213325],[2.68433311]
[3.86123588],[1.15182006],[2.66568286]
[3.86386148],[1.15042898],[2.64570518]
[3.85133828],[1.14051154],[2.62874895]
[3.86112046],[1.12124483],[2.59786165]
[3.82910126],[1.11639946],[2.57919653]
[3.82013929],[1.09361242],[2.55347609]
[3.81606393],[1.02405242],[2.49581386]
[3.81870919],[0.97483264],[2.44472319]
[3.82975026],[0.93322884],[2.4035545]
[3.85221712],[0.8939459],[2.36873587]
[3.90124793],[0.87339509],[2.34917956]
[3.96565224],[0.85797171],[2.35427398]
[4.02792438],[0.84710672],[2.36152755]
[4.03941982],[0.83675875],[2.35852837]
[3.99533452],[0.82475136],[2.30928257]
[3.94253981],[0.82085501],[2.24301664]
[3.8849756],[0.81498636],[2.17547788]
[3.82899388],[0.79678067],[2.09385302]
[3.76961285],[0.76425704],[1.96986449]
[3.68957469],[0.70680042],[1.81412833]
[3.60303045],[0.62983858],[1.63653576]
[11.88337605],[1.71008588],[13.81047155]
[9.36596456],[1.49701476],[9.86255563]
[8.27140855],[1.35582764],[7.86884697]
[7.32681179],[1.27167515],[6.17138112]
[6.03294202],[1.17352481],[4.66582633]
[4.76425552],[0.98974887],[3.82653501]
[3.40900456],[0.80483435],[2.73925357]
[2.58245015],[1.03277354],[2.91892138]
[3.22341297],[1.1808659],[3.09479759]
[3.5291054],[1.26982011],[3.22163768]
[3.6774284],[1.32974818],[3.38578126]
[3.77596092],[1.33289962],[3.46666866]
[4.00385908],[1.31529932],[3.54492778]
[4.07891679],[1.29787567],[3.55396465]
[4.17852479],[1.28675551],[3.57844196]
[4.16126163],[1.28347258],[3.54301278]
[4.20016221],[1.27862758],[3.52869597]
[4.19986973],[1.27780391],[3.45589173]
[4.20213682],[1.27395593],[3.43624214]
[4.19391237],[1.26897578],[3.21766075]
[4.15816382],[1.26405299],[3.2273015]
[4.08818955],[1.25942626],[3.09072299]
[4.08917463],[1.25280614],[3.05803969]
[3.9857288],[1.24413472],[2.96210883]
[4.00253993],[1.23638962],[2.92049287]
[3.91353674],[1.23156439],[2.86591257]
[3.93269071],[1.22393945],[2.82116339]
[3.88165346],[1.21618634],[2.79145473]
[3.90021374],[1.21690296],[2.76012426]
[3.87216789],[1.21082891],[2.75886741]
[3.86934485],[1.18426137],[2.7078698]
[3.84894706],[1.18661153],[2.71389214]
[3.8703489],[1.16436877],[2.70789757]
[3.86328204],[1.15437111],[2.68747032]
[3.85686416],[1.14504783],[2.6748167]
[3.85746108],[1.14497887],[2.65075012]
[3.84632793],[1.13625799],[2.64037729]
[3.85685331],[1.10710648],[2.60151235]
[3.82684733],[1.10092585],[2.58365401]
[3.81902921],[1.07702875],[2.5583938]
[3.81383085],[1.01694442],[2.5078934]
[3.81617328],[0.97330034],[2.45998477]
[3.82669391],[0.93541491],[2.42227851]
[3.84744336],[0.90033138],[2.39356158]
[3.90041133],[0.88403086],[2.3834319]
[3.97043462],[0.86893323],[2.39293092]
[4.03296914],[0.85885534],[2.40670019]
[4.08240046],[0.84965371],[2.41198557]
[4.03981055],[0.83792461],[2.37598503]
[3.98877858],[0.83362895],[2.31052903]
[3.93594477],[0.82602498],[2.24983677]
[3.88845085],[0.81508489],[2.18441366]
[3.83718757],[0.79560286],[2.09417625]
[3.775286],[0.75947588],[1.97355925]
[3.70200942],[0.71451571],[1.83992652]
[11.89240042],[1.79037381],[14.23248359]
[9.36795342],[1.52853857],[10.08268726]
[8.26801361],[1.37928644],[8.01664944]
[7.32203265],[1.29788485],[6.26622023]
[6.02277638],[1.20494595],[4.66584822]
[4.75733786],[0.98297811],[3.87030857]
[3.32894825],[0.83934963],[2.83569637]
[2.79786157],[1.02582816],[3.08381537]
[3.31543127],[1.18981026],[3.0959304]
[3.56890302],[1.2796837],[3.23718428]
[3.72394343],[1.3405496],[3.40179386]
[3.8129903],[1.33316459],[3.46254913]
[4.05394343],[1.31408595],[3.54248658]
[4.12254813],[1.29611497],[3.55004046]
[4.22058185],[1.28394477],[3.56343688]
[4.21404577],[1.28125708],[3.51983359]
[4.22594934],[1.2762587],[3.50066888]
[4.2375903],[1.275991],[3.31824704]
[4.23714112],[1.27246831],[3.33649859]
[4.20689342],[1.2676477],[3.1384744]
[4.1695494],[1.2624223],[3.11832655]
[4.11182691],[1.25716339],[3.02837959]
[4.10426291],[1.2502867],[2.98508842]
[4.01066297],[1.23785212],[2.90898269]
[4.02912715],[1.21730306],[2.8697217]
[3.93388826],[1.21338016],[2.83144697]
[3.95208345],[1.19465721],[2.78807575]
[3.89386541],[1.17240787],[2.75667006]
[3.91924306],[1.16939831],[2.73160799]
[3.88428402],[1.16181695],[2.72581601]
[3.88683637],[1.14022429],[2.68436519]
[3.85687201],[1.14185908],[2.68383042]
[3.87966867],[1.12139371],[2.68048332]
[3.87073881],[1.10938718],[2.65750214]
[3.86749866],[1.08953061],[2.6392862]
[3.86806735],[1.08521783],[2.61291305]
[3.85631253],[1.07401085],[2.60243832]
[3.86500322],[1.05526982],[2.57258306]
[3.83439467],[1.05074858],[2.55584597]
[3.82730831],[1.03093606],[2.53464458]
[3.82409791],[0.98339889],[2.49454846]
[3.82413682],[0.94534209],[2.45091717]
[3.832561],[0.91757424],[2.41553432]
[3.85520426],[0.89745425],[2.39803414]
[3.91060378],[0.88453018],[2.40402562]
[3.98272461],[0.87130741],[2.4151911]
[4.04516115],[0.86104056],[2.42985468]
[4.11368552],[0.85171485],[2.4451865]
[4.08688121],[0.84204092],[2.42833327]
[4.03654413],[0.84109916],[2.37494847]
[3.98654043],[0.83585482],[2.31886071]
[3.94032132],[0.8307483],[2.26044242]
[3.89278019],[0.81840068],[2.1810143]
[3.83855486],[0.80040898],[2.09428312]
[3.78030664],[0.76665942],[1.98807879]
[11.85969488],[1.85300986],[14.45446664]
[9.33906481],[1.5417334],[10.21598901]
[8.24559605],[1.39411425],[8.11747193]
[7.29128155],[1.31330118],[6.28830562]
[5.9711323],[1.22286926],[4.51482247]
[4.70731531],[0.99497715],[3.66919905]
[3.27688767],[0.86762717],[2.66869148]
[3.03570615],[1.00967024],[3.0179836]
[3.35741217],[1.15648743],[2.82670459]
[3.60376689],[1.23934629],[3.03162103]
[3.77176763],[1.287529],[3.17673393]
[3.85355216],[1.27123769],[3.21495575]
[4.09747401],[1.20666586],[3.20044172]
[4.16449456],[1.14929152],[3.08921395]
[4.25957569],[1.10789087],[3.13694827]
[4.24464468],[1.10212498],[3.0112031]
[4.24944946],[1.08845774],[2.99900562]
[4.27568336],[1.08714028],[2.91937658]
[4.2413807],[1.07848538],[2.89106647]
[4.20555966],[1.06211447],[2.81797682]
[4.16909783],[1.04786957],[2.78671192]
[4.12511174],[1.04426983],[2.74257955]
[4.10222808],[1.0385665],[2.71645701]
[4.01859309],[1.01308734],[2.65941756]
[4.04470393],[0.99773165],[2.63167011]
[3.93998218],[0.99372778],[2.59451532]
[3.97205951],[0.97796726],[2.56342789]
[3.89731166],[0.98054028],[2.53792227]
[3.93084138],[0.96117148],[2.51755743]
[3.87953631],[0.96900909],[2.50911844]
[3.89228633],[0.94874],[2.4840358]
[3.85489922],[0.95707114],[2.47587297]
[3.87939815],[0.94552614],[2.48005945]
[3.8682131],[0.94836703],[2.46539382]
[3.86442325],[0.93483536],[2.46507773]
[3.86282285],[0.92978778],[2.44359739]
[3.85230313],[0.92452985],[2.43953097]
[3.85929966],[0.91869773],[2.41638818]
[3.82919009],[0.91208698],[2.40275304]
[3.82242302],[0.90507514],[2.38804423]
[3.81807319],[0.89337135],[2.36084196]
[3.81759113],[0.87599695],[2.33133246]
[3.8263789],[0.86035045],[2.3072211]
[3.85385658],[0.8486847],[2.3109655]
[3.91786127],[0.84009859],[2.3329714]
[3.98962602],[0.83401955],[2.35725503]
[4.05166023],[0.82940668],[2.38178473]
[4.1187782],[0.82517902],[2.40728505]
[4.12980472],[0.82221122],[2.41220803]
[4.08183702],[0.82152174],[2.37715305]
[4.03229705],[0.8159946],[2.32420081]
[3.98655134],[0.81048869],[2.26974493]
[3.9406499],[0.80581786],[2.19964241]
[3.88923929],[0.79334136],[2.11882347]
[3.83865536],[0.77626273],[2.03505248]
[11.97058013],[1.87454041],[14.7715245]
[9.42988914],[1.55531292],[10.40014953]
[8.31488148],[1.40918749],[8.2764252]
[7.36469548],[1.32869639],[6.39513995]
[6.04599414],[1.23740305],[4.61363724]
[4.78086506],[1.01020474],[3.78599738]
[3.33333899],[0.94676141],[3.04181793]
[3.20646199],[1.06134195],[3.22533166]
[3.42549249],[1.19373825],[2.92303727]
[3.65361926],[1.27242499],[3.12258842]
[3.82570824],[1.30244557],[3.23591343]
[3.90086526],[1.27866734],[3.25390661]
[4.13724488],[1.21032413],[3.2500812]
[4.20371044],[1.15959109],[3.14471981]
[4.29774356],[1.12352677],[3.19514001]
[4.28396701],[1.11874673],[3.06755042]
[4.28570349],[1.10147195],[3.0484243]
[4.32253269],[1.10053656],[2.97302453]
[4.27134763],[1.09285275],[2.9473506]
[4.24600124],[1.08026061],[2.88740523]
[4.20707192],[1.07421695],[2.86629919]
[4.17371169],[1.07678874],[2.82837831]
[4.14026975],[1.05705953],[2.79588513]
[4.07282434],[1.03316509],[2.73983705]
[4.09725162],[1.01804326],[2.71822074]
[4.00404874],[1.01232395],[2.68228086]
[4.0406718],[1.00015706],[2.65083254]
[3.9690766],[0.99060994],[2.62979676]
[4.00069941],[0.98097895],[2.59436907]
[3.94666503],[0.97750907],[2.58834917]
[3.96044913],[0.96389062],[2.55491315]
[3.91247526],[0.96706387],[2.55130562]
[3.93079706],[0.95126653],[2.54714927]
[3.92516849],[0.9584471],[2.53912209]
[3.91449781],[0.94819844],[2.53049553]
[3.91727803],[0.94838736],[2.50997118]
[3.90228555],[0.94675937],[2.50473145]
[3.91461069],[0.9431036],[2.48716234]
[3.88277449],[0.94557392],[2.47650133]
[3.87575603],[0.93473974],[2.46409159]
[3.87137405],[0.90914493],[2.43954503]
[3.87235289],[0.8904054],[2.41134686]
[3.87935064],[0.87603407],[2.38832222]
[3.90432876],[0.86536281],[2.39190513]
[3.96619819],[0.858285],[2.41464756]
[4.03844056],[0.85193063],[2.43855742]
[4.09860736],[0.84816417],[2.45967136]
[4.16285821],[0.84530473],[2.48176632]
[4.17716709],[0.84478645],[2.4957378]
[4.12835613],[0.84479034],[2.4705426]
[4.07489868],[0.84064346],[2.42209097]
[4.0263943],[0.83603032],[2.36917689]
[3.97796413],[0.83078156],[2.29977798]
[3.92478885],[0.82599729],[2.22630377]
[3.87413669],[0.8117333],[2.14469787]
[11.9796645],[1.902639],[15.18241738]
[9.47127688],[1.57601832],[10.68117897]
[8.30901365],[1.43351122],[8.51426098]
[7.36811948],[1.35434433],[6.60631081]
[6.03907371],[1.26314548],[4.70979703]
[4.77393624],[1.0516997],[3.87324593]
[3.32551113],[0.99763781],[3.14012034]
[3.21845941],[1.09306263],[3.30128013]
[3.47731734],[1.21777162],[2.93440247]
[3.69318691],[1.27285707],[3.12100184]
[3.86596093],[1.28655381],[3.22423102]
[3.93804753],[1.23634183],[3.16176973]
[4.17129267],[1.17863669],[3.20871956]
[4.23874605],[1.12975008],[3.1191662]
[4.31676862],[1.09979543],[3.15767539]
[4.31584347],[1.09192934],[3.05083873]
[4.31524588],[1.08112122],[3.04133514]
[4.32918107],[1.07940355],[2.97515534]
[4.28113857],[1.07032178],[2.95121581]
[4.26353814],[1.06327915],[2.90732616]
[4.22613206],[1.05566884],[2.88739235]
[4.2041442],[1.04690682],[2.84909978]
[4.16495988],[1.02935763],[2.81832822]
[4.10661022],[1.01074479],[2.7650275]
[4.13620914],[0.99379278],[2.75268855]
[4.04482669],[0.99261018],[2.71395369]
[4.08415391],[0.97706837],[2.68277617]
[4.00603327],[0.98157987],[2.66596815]
[4.03724342],[0.96481254],[2.63409488]
[3.97880769],[0.96826996],[2.62554179]
[3.99513255],[0.9534756],[2.59940387]
[3.9380335],[0.95585609],[2.58552579]
[3.95087566],[0.94549341],[2.57952118]
[3.95329495],[0.94809667],[2.57626533]
[3.93894005],[0.94470467],[2.57526373]
[3.94900951],[0.94826177],[2.55661046]
[3.92924908],[0.949236],[2.55239009]
[3.94610811],[0.9475233],[2.53574352]
[3.91336568],[0.94646355],[2.5199415]
[3.90635086],[0.93660192],[2.50796182]
[3.90170015],[0.91258302],[2.48544306]
[3.90074738],[0.89619831],[2.4576318]
[3.90465237],[0.88207774],[2.42928315]
[3.93002593],[0.87362851],[2.4391958]
[3.99608896],[0.86682115],[2.46415839]
[4.0665011],[0.86069901],[2.48497026]
[4.12696829],[0.85696758],[2.50696726]
[4.18863816],[0.85383453],[2.53105151]
[4.24340672],[0.85428548],[2.56332784]
[4.19070693],[0.85345038],[2.54680849]
[4.1347145],[0.84937431],[2.50693659]
[4.08664623],[0.84653574],[2.45512626]
[4.03922759],[0.84270066],[2.38798221]
[3.98665372],[0.83825487],[2.31513509]
[3.93652221],[0.83053983],[2.23838202]
[11.96040984],[1.94276106],[15.54279073]
[9.47869376],[1.61754336],[10.8867627]
[8.28574001],[1.47197778],[8.64401538]
[7.35656532],[1.37750862],[6.69314228]
[5.98853104],[1.27901517],[4.61141031]
[4.72391369],[1.06412527],[3.62104694]
[3.2844035],[1.02237057],[2.84662955]
[3.24931942],[1.09197972],[3.03287755]
[3.53780172],[1.20400982],[2.74929257]
[3.7368653],[1.12121114],[2.7378964]
[3.90909651],[1.12399972],[2.87623936]
[3.9792786],[1.08861064],[2.82450574]
[4.21342312],[1.04705991],[2.94428415]
[4.27409281],[1.02005645],[2.94807041]
[4.33130932],[1.00279511],[2.97102907]
[4.34512406],[0.99722229],[2.90384298]
[4.34536607],[0.98850988],[2.90166698]
[4.34263628],[0.97798706],[2.8476975]
[4.30106744],[0.96340381],[2.82637112]
[4.28719556],[0.9667394],[2.79022324]
[4.2431825],[0.95361541],[2.77373144]
[4.22305647],[0.9630969],[2.74415336]
[4.187242],[0.95141933],[2.72736127]
[4.1301194],[0.95868767],[2.6816733]
[4.1695302],[0.94350153],[2.69068992]
[4.06748992],[0.94663804],[2.65060212]
[4.11599258],[0.9346908],[2.63741975]
[4.02417766],[0.93895547],[2.61002448]
[4.06542402],[0.92771255],[2.59576644]
[3.99415923],[0.93158961],[2.58038548]
[4.0207156],[0.92188884],[2.5671201]
[3.95350363],[0.92616258],[2.55074891]
[3.96516783],[0.92012669],[2.54057635]
[3.96749832],[0.92096751],[2.54637899]
[3.95247351],[0.91367262],[2.54894766]
[3.96459613],[0.90976337],[2.53113047]
[3.94282822],[0.90662117],[2.52686819]
[3.96212124],[0.90349975],[2.5098289]
[3.92412832],[0.90002144],[2.49428813]
[3.91808474],[0.89634517],[2.48190592]
[3.91533199],[0.88883486],[2.46162687]
[3.91539375],[0.87541834],[2.4365578]
[3.92228133],[0.86424234],[2.413271]
[3.95224605],[0.85831145],[2.42380077]
[4.01741057],[0.85331915],[2.44853221]
[4.08382493],[0.84994387],[2.47110448]
[4.14104436],[0.84719965],[2.49394882]
[4.20339256],[0.84512578],[2.52105789]
[4.2593707],[0.84498569],[2.55410869]
[4.25222258],[0.84150694],[2.5592507]
[4.19462323],[0.83588321],[2.5233545]
[4.14466966],[0.83173455],[2.4754279]
[4.09739782],[0.82811964],[2.41076744]
[4.04529319],[0.82463603],[2.34023325]
[3.99619475],[0.819575],[2.26732709]
[12.05471761],[1.96805738],[15.8439728]
[9.58710775],[1.63226702],[11.05087051]
[8.37497568],[1.48100893],[8.75548204]
[7.44623381],[1.38082204],[6.7792331]
[6.06321541],[1.2792729],[4.68294085]
[4.79807687],[1.05603855],[3.72817069]
[3.34177324],[1.08179481],[3.11687756]
[3.29331297],[1.13802376],[3.24089285]
[3.60207363],[1.24341926],[2.90664936]
[3.78287223],[1.15745974],[2.86538557]
[3.95028005],[1.15931918],[2.9956371]
[4.01715693],[1.12558174],[2.93339867]
[4.24901909],[1.08685056],[3.06006448]
[4.31000257],[1.0596756],[3.0561029]
[4.3609641],[1.04145007],[3.07359963]
[4.39039664],[1.03422736],[3.01987623]
[4.40841466],[1.02166728],[3.03119412]
[4.41348607],[1.01727874],[2.98820813]
[4.36957237],[1.01344217],[2.9783444]
[4.36679765],[1.00084461],[2.93559075]
[4.31811105],[0.98626214],[2.92528305]
[4.30587147],[0.99268755],[2.90332826]
[4.2605431],[0.98006817],[2.89578364]
[4.21447834],[0.99084711],[2.85239]
[4.25290048],[0.97221374],[2.86957793]
[4.15786736],[0.97438377],[2.8082321]
[4.20742302],[0.96095186],[2.80073165]
[4.1133329],[0.96550656],[2.75359941]
[4.15208907],[0.9536336],[2.73635182]
[4.07090469],[0.95936487],[2.71251959]
[4.09576308],[0.94863233],[2.69724624]
[4.02669691],[0.95370806],[2.67932542]
[4.03684871],[0.94567938],[2.66679949]
[4.04148314],[0.94637279],[2.67044153]
[4.01202868],[0.93870254],[2.66673188]
[4.02506711],[0.94183372],[2.64922516]
[3.99420457],[0.93822648],[2.64015074]
[4.01626926],[0.93180448],[2.62133723]
[3.9765757],[0.93016927],[2.60356619]
[3.97201242],[0.92173092],[2.59201323]
[3.97049529],[0.9137438],[2.57261875]
[3.97178488],[0.89986314],[2.54960653]
[3.97747831],[0.88861364],[2.52447226]
[4.00130283],[0.88305145],[2.52804172]
[4.06110221],[0.87729569],[2.54114899]
[4.12558564],[0.87284273],[2.55669418]
[4.1815018],[0.86993697],[2.58129381]
[4.24560737],[0.86872217],[2.61140444]
[4.29847025],[0.86839103],[2.64392208]
[4.29008099],[0.86485068],[2.64812064]
[4.23468571],[0.86002686],[2.61621485]
[4.18126131],[0.85605075],[2.56691585]
[4.13633392],[0.85224451],[2.51020896]
[4.08657957],[0.84906321],[2.44417011]
[4.04154545],[0.84486021],[2.3768905]
[12.06646144],[1.9859725],[16.0825119]
[9.58712909],[1.64718672],[11.18682349]
[8.38643388],[1.49356847],[8.85606585]
[7.44244205],[1.38938319],[6.83820683]
[6.00944132],[1.28352692],[4.72611541]
[4.74430296],[1.06073618],[3.77981534]
[3.30389596],[1.09661353],[3.16244707]
[3.31367951],[1.16050714],[3.3162164]
[3.63581046],[1.26509988],[2.98271089]
[3.81152736],[1.17744423],[2.9461588]
[3.98071957],[1.17608702],[3.07435275]
[4.06245974],[1.14230153],[3.01920467]
[4.28430134],[1.10579015],[3.14639519]
[4.34389455],[1.07861088],[3.15337294]
[4.39201558],[1.06229711],[3.16796578]
[4.45087654],[1.05722059],[3.12874508]
[4.46698296],[1.0477974],[3.14443955]
[4.46400565],[1.05457047],[3.11962324]
[4.41605608],[1.0522349],[3.1274945]
[4.41889904],[1.03662026],[3.09932361]
[4.36702567],[1.02191604],[3.09442205]
[4.3614432],[1.02313876],[3.07671081]
[4.31645283],[1.01574905],[3.07188841]
[4.28547738],[1.01902207],[3.03659998]
[4.3213471],[0.99784796],[3.05715557]
[4.23482966],[1.00402244],[2.98721113]
[4.28074042],[0.9871458],[2.98768657]
[4.17922987],[0.99204855],[2.91565459]
[4.21094601],[0.97748728],[2.88739954]
[4.11510141],[0.98046292],[2.83963237]
[4.1385845],[0.96760966],[2.80937995]
[4.05886754],[0.97016301],[2.77641465]
[4.06356172],[0.96163142],[2.75460326]
[4.06662311],[0.9620395],[2.75152559]
[4.02965859],[0.95413642],[2.73694507]
[4.04077671],[0.95588953],[2.7134152]
[4.00596347],[0.95502668],[2.70219088]
[4.0277344],[0.94860054],[2.68211029]
[3.98891303],[0.94872133],[2.66584342]
[3.98531224],[0.9388455],[2.6531966]
[3.98366047],[0.92885375],[2.63353473]
[3.98471263],[0.91518034],[2.61080992]
[3.99149874],[0.90642976],[2.59123847]
[4.01984932],[0.89994273],[2.59639427]
[4.078477],[0.89382318],[2.60944342]
[4.14344825],[0.88820607],[2.62439033]
[4.19922171],[0.88454951],[2.64368929]
[4.26428739],[0.88440541],[2.67419619]
[4.31647173],[0.88422312],[2.70638201]
[4.3324213],[0.88093509],[2.71997869]
[4.28085934],[0.87632281],[2.69306737]
[4.22746315],[0.87260042],[2.64409836]
[4.17778211],[0.86885546],[2.58929804]
[4.12855114],[0.86559976],[2.52348505]
[4.0842761],[0.86250138],[2.45835247]
[12.15383743],[2.01414182],[16.43185426]
[9.61230536],[1.69555871],[11.36740208]
[8.4430441],[1.52189144],[8.96295155]
[7.45734551],[1.40609916],[6.88280002]
[6.00303195],[1.28730366],[4.73462075]
[4.73789276],[1.05868804],[3.78782489]
[3.30169035],[1.09761764],[3.13586902]
[3.31298363],[1.16632071],[3.29806876]
[3.66630105],[1.26970748],[2.97552018]
[3.83753027],[1.16408016],[2.93782458]
[4.00689881],[1.16771451],[3.07602181]
[4.1017611],[1.13880366],[3.04993056]
[4.32177309],[1.10790333],[3.19003203]
[4.38735191],[1.08405097],[3.21781409]
[4.44409175],[1.08188989],[3.2512634]
[4.52360235],[1.07938885],[3.23028123]
[4.52515157],[1.07848911],[3.26044354]
[4.53106959],[1.08552052],[3.25826407]
[4.48102742],[1.07754999],[3.26702094]
[4.49002567],[1.06178749],[3.23468462]
[4.43304884],[1.04573165],[3.23252284]
[4.43635647],[1.04207215],[3.213138]
[4.39629317],[1.03330011],[3.21701402]
[4.37863887],[1.03496773],[3.18691429]
[4.40127431],[1.01359774],[3.20441968]
[4.32563011],[1.02090671],[3.13766775]
[4.36734663],[1.00255694],[3.14367143]
[4.26576515],[1.0096612],[3.05666833]
[4.30061788],[0.99304748],[3.03881453]
[4.19528638],[0.99904252],[2.97628672]
[4.21707795],[0.98458085],[2.94279327]
[4.12604056],[0.9872416],[2.89864521]
[4.13158883],[0.97568275],[2.87170019]
[4.12451228],[0.97421312],[2.85128446]
[4.07883424],[0.96460842],[2.83101358]
[4.08473141],[0.95964576],[2.79294733]
[4.04725827],[0.95482263],[2.77623719]
[4.06064803],[0.95082631],[2.73978369]
[4.01793138],[0.95148655],[2.71721883]
[4.01193477],[0.94598135],[2.701264]
[4.00825854],[0.93693363],[2.67717499]
[4.00814961],[0.92384007],[2.65427476]
[4.01400787],[0.91657322],[2.63891747]
[4.04309662],[0.91042415],[2.64480245]
[4.10107407],[0.90470383],[2.65855848]
[4.16637439],[0.89877472],[2.67270578]
[4.22615986],[0.89460954],[2.6927085]
[4.28877014],[0.8940192],[2.71927065]
[4.33864823],[0.89260119],[2.7496336]
[4.3659432],[0.88909454],[2.76774193]
[4.31733175],[0.88462522],[2.74146068]
[4.26749839],[0.88103344],[2.69472327]
[4.21105144],[0.8773501],[2.63642991]
[4.16238212],[0.87415997],[2.5735307]
[4.11845636],[0.87109985],[2.50976853]
[12.19841941],[2.03487702],[16.60658836]
[9.61459518],[1.71280141],[11.45135384]
[8.47833276],[1.52915918],[8.98795946]
[7.41842768],[1.41156895],[6.82910899]
[5.94471434],[1.2837981],[4.58207694]
[4.68199666],[1.04406581],[3.44560342]
[3.25616981],[1.0526576],[2.84674169]
[3.33175468],[1.06745617],[2.93199916]
[3.69746866],[1.09487819],[2.65832458]
[3.86567759],[1.07178615],[2.74683947]
[4.04002232],[1.10101001],[2.92929235]
[4.15953781],[1.08032243],[2.97756028]
[4.36981188],[1.06463788],[3.14499624]
[4.42869832],[1.05469821],[3.19320026]
[4.49850845],[1.0557017],[3.24540292]
[4.59738142],[1.05280419],[3.25323675]
[4.57573039],[1.05111404],[3.28192139]
[4.59263973],[1.05028208],[3.28470088]
[4.54312],[1.04037515],[3.30005051]
[4.55695367],[1.02740486],[3.27404117]
[4.49976298],[1.01410598],[3.28103628]
[4.50464781],[1.01949369],[3.26170898]
[4.46576416],[1.00690521],[3.27182787]
[4.45161727],[1.01832113],[3.25066905]
[4.46652655],[1.00114838],[3.26424612]
[4.40193361],[1.00547099],[3.20786876]
[4.43890281],[0.98995912],[3.21497117]
[4.3390662],[0.99452198],[3.11589854]
[4.3784361],[0.97994533],[3.11163681]
[4.26837031],[0.98330315],[3.03158013]
[4.29635221],[0.96889222],[3.00093597]
[4.19827973],[0.97248429],[2.9513084]
[4.19636309],[0.96489028],[2.92466261]
[4.18529167],[0.96229831],[2.90137416]
[4.13219376],[0.95457901],[2.87937001]
[4.13704276],[0.95010441],[2.84122899]
[4.09169503],[0.94571852],[2.8196085]
[4.10390734],[0.94144181],[2.78194596]
[4.0532931],[0.93684796],[2.749887]
[4.04305645],[0.93305384],[2.72695685]
[4.03620031],[0.92463162],[2.69624083]
[4.03438762],[0.91357138],[2.66917741]
[4.04158276],[0.9077647],[2.64579107]
[4.06621542],[0.90266524],[2.64803327]
[4.12154075],[0.89802837],[2.66031034]
[4.18535056],[0.89329199],[2.6733543]
[4.24765562],[0.89102054],[2.69538894]
[4.30841626],[0.89069921],[2.72082085]
[4.35726469],[0.88790596],[2.74518691]
[4.39760398],[0.8825372],[2.76697115]
[4.35140103],[0.87671385],[2.74065926]
[4.30444275],[0.87133247],[2.69526498]
[4.251566],[0.86630201],[2.63448601]
[4.19537293],[0.86184728],[2.57024422]
[4.14886736],[0.85831532],[2.50592565]
[12.28815411],[2.04688332],[16.82005544]
[9.72972857],[1.7270101],[11.5791246]
[8.60275667],[1.5306516],[9.08137007]
[7.47471893],[1.41245667],[6.87249918]
[6.02172578],[1.27935863],[4.63921235]
[4.75634263],[1.02762096],[3.51638453]
[3.31870612],[1.0738642],[2.97405771]
[3.36018831],[1.13391812],[3.08602427]
[3.73398584],[1.13401943],[2.79145244]
[3.90394164],[1.10212163],[2.85893377]
[4.08183715],[1.13144643],[3.04708789]
[4.20823507],[1.12106918],[3.10839433]
[4.42825839],[1.10899995],[3.30162558]
[4.48687174],[1.0998241],[3.35677564]
[4.56691624],[1.10288408],[3.42925232]
[4.67741679],[1.10735113],[3.45231914]
[4.66039229],[1.1007969],[3.47914586]
[4.68999363],[1.09375279],[3.49200899]
[4.63408623],[1.0816121],[3.50439742]
[4.65227872],[1.06776225],[3.48079843]
[4.59060844],[1.05510391],[3.48987388]
[4.60167252],[1.05055381],[3.47086051]
[4.55733534],[1.04205692],[3.48310673]
[4.55340593],[1.05210108],[3.46100292]
[4.55747611],[1.02918918],[3.47013915]
[4.49961773],[1.03576933],[3.41887431]
[4.52786211],[1.01060101],[3.41307994]
[4.44420792],[1.02158983],[3.31766091]
[4.47673858],[0.99886942],[3.30905247]
[4.37042347],[1.01058216],[3.21336145]
[4.39997368],[0.98879939],[3.19474807]
[4.29798926],[1.00022223],[3.12648166]
[4.29427934],[0.99185483],[3.09504788]
[4.28317332],[0.99020129],[3.06974233]
[4.2216379],[0.98172087],[3.03796682]
[4.22548626],[0.97576895],[2.99768371]
[4.16855379],[0.97195323],[2.96994783]
[4.1833563],[0.96837322],[2.93532787]
[4.13281846],[0.96435552],[2.90204484]
[4.11486117],[0.96070143],[2.87523457]
[4.1065419],[0.95290265],[2.84321457]
[4.10226807],[0.94186674],[2.81506573]
[4.10661606],[0.9351648],[2.78646308]
[4.12081122],[0.92843142],[2.76402183]
[4.16974744],[0.92187036],[2.76143142]
[4.24222595],[0.91498767],[2.77771984]
[4.30700309],[0.91208966],[2.8024516]
[4.35916428],[0.9110981],[2.82109817]
[4.40103431],[0.90714284],[2.84077427]
[4.4131508],[0.90146398],[2.84164916]
[4.36426722],[0.89588909],[2.80608194]
[4.31248712],[0.89073298],[2.75301892]
[4.25907371],[0.88525093],[2.69448807]
[4.20469713],[0.88093844],[2.636447]
[4.16331493],[0.87760451],[2.57903922]
[12.31973161],[2.06258621],[17.08420177]
[9.69163738],[1.74750413],[11.72154373]
[8.58153483],[1.54221659],[9.17533389]
[7.40644665],[1.42494951],[6.91843474]
[5.95271958],[1.29192387],[4.66108973]
[4.70162866],[1.03883717],[3.47297731]
[3.27435143],[1.08573614],[2.95417075]
[3.38273481],[1.13835789],[3.06967065]
[3.78113397],[1.15363378],[2.846428]
[3.96118805],[1.12665376],[2.95462791]
[4.13525802],[1.16101371],[3.14617963]
[4.28079166],[1.15127191],[3.24268518]
[4.48737831],[1.1387618],[3.44325139]
[4.54970755],[1.12943908],[3.51425475]
[4.64144055],[1.13350588],[3.58680123]
[4.76505401],[1.13466174],[3.61906237]
[4.73449066],[1.1263434],[3.66684583]
[4.75214132],[1.12013456],[3.67397099]
[4.70089808],[1.10812468],[3.69510516]
[4.70966993],[1.09437503],[3.66420366]
[4.64612044],[1.08192089],[3.67524099]
[4.6572938],[1.0852206],[3.65780367]
[4.61365691],[1.06919473],[3.66826283]
[4.6137294],[1.08171389],[3.65006556]
[4.61528862],[1.05570869],[3.65745103]
[4.56294468],[1.06491413],[3.61373322]
[4.58762308],[1.0386412],[3.60582396]
[4.50795849],[1.04859498],[3.50614704]
[4.54032648],[1.02285538],[3.49124887]
[4.43405035],[1.03342951],[3.38370141]
[4.46610669],[1.00868571],[3.3659959]
[4.35906234],[1.02055383],[3.28251978]
[4.3584308],[1.00838638],[3.24409118]
[4.34487516],[1.01124524],[3.22176971]
[4.27831693],[0.99968992],[3.17966429]
[4.28211157],[0.99481478],[3.1411588]
[4.2182811],[0.99013502],[3.10436371]
[4.23200407],[0.98692466],[3.06681461]
[4.17872949],[0.98403817],[3.02907663]
[4.1573961],[0.98164278],[2.99909142]
[4.14173254],[0.97530853],[2.96354369]
[4.13689324],[0.96466838],[2.93656249]
[4.14504214],[0.95770153],[2.9102167]
[4.15849302],[0.95065669],[2.88513064]
[4.20356271],[0.94378645],[2.86862898]
[4.28475844],[0.93690321],[2.87301153]
[4.34463682],[0.93450341],[2.89829582]
[4.39262822],[0.93314626],[2.91726165]
[4.4338921],[0.92597112],[2.93614115]
[4.45540967],[0.91789961],[2.9408628]
[4.41030942],[0.91067413],[2.90011043]
[4.36290409],[0.90414807],[2.84495115]
[4.31031347],[0.89839456],[2.78019375]
[4.24799606],[0.89451188],[2.71636605]
[4.20368193],[0.89102623],[2.65565917]
[12.4748079],[2.09579512],[17.5664158]
[9.73422335],[1.80766827],[11.9711604]
[8.5839237],[1.57956254],[9.30084577]
[7.34367882],[1.44513108],[6.94499434]
[5.86929359],[1.31180044],[4.62026549]
[4.61053346],[1.04463454],[3.28674825]
[3.20568341],[1.07145241],[2.73029569]
[3.40443352],[1.02847364],[2.83660977]
[3.83099604],[1.12914277],[2.83420578]
[4.01608649],[1.13697006],[3.01526602]
[4.18488655],[1.17095829],[3.21655986]
[4.3513485],[1.16679294],[3.34963991]
[4.55379058],[1.15624737],[3.56369313]
[4.62339566],[1.14746659],[3.6503223]
[4.71548691],[1.15025346],[3.73030759]
[4.85537997],[1.14855046],[3.77703863]
[4.80805097],[1.13991574],[3.83431082]
[4.81699864],[1.13472763],[3.83011241]
[4.77408059],[1.12293915],[3.86307708]
[4.77289453],[1.10953132],[3.82542699]
[4.72672762],[1.09316494],[3.84970085]
[4.72395225],[1.10516508],[3.8191317]
[4.68713354],[1.0860486],[3.84203352]
[4.67911957],[1.10484269],[3.8205508]
[4.67832031],[1.07820786],[3.84121801]
[4.64889616],[1.08866787],[3.80002146]
[4.6477832],[1.06672748],[3.78906758]
[4.61092993],[1.07196379],[3.69830728]
[4.61009392],[1.04564523],[3.67071838]
[4.5372804],[1.05735217],[3.56804522]
[4.53426275],[1.03205481],[3.53738904]
[4.43786175],[1.0430613],[3.44087757]
[4.42835478],[1.0282319],[3.39152371]
[4.41367652],[1.03038612],[3.36598773]
[4.33900868],[1.01589022],[3.31096607]
[4.34269637],[1.00952871],[3.2719147]
[4.27208706],[1.00528858],[3.22873396]
[4.28590898],[1.00351459],[3.1934797]
[4.23293003],[1.00061039],[3.1546923]
[4.20952315],[0.99776432],[3.12392699]
[4.19337599],[0.99417258],[3.09287494]
[4.18362714],[0.98578127],[3.0649261]
[4.19184757],[0.97912374],[3.03811515]
[4.20103067],[0.97270365],[3.01461661]
[4.25781274],[0.96645935],[3.00369103]
[4.35035976],[0.95985378],[3.01551156]
[4.40681736],[0.95789397],[3.02548247]
[4.45177727],[0.95572403],[3.03639876]
[4.4890457],[0.94869663],[3.05569862]
[4.51686262],[0.94008696],[3.06440862]
[4.47197134],[0.93116129],[3.01899386]
[4.42526309],[0.9220275],[2.95777531]
[4.37589322],[0.91457135],[2.88774987]
[4.3184819],[0.90846846],[2.81988569]
[4.25824773],[0.90376656],[2.74787233]
[12.57292486],[2.12189492],[17.83389356]
[9.75621133],[1.83065546],[12.06239267]
[8.56700758],[1.59892324],[9.3042763]
[7.24724948],[1.45312543],[6.87513922]
[5.74230151],[1.31936148],[4.46984029]
[4.46846369],[1.0391805],[2.87499675]
[3.05187603],[0.80593411],[2.27349964]
[3.45460427],[0.83623978],[2.46352664]
[3.88540871],[1.05057363],[2.69440175]
[4.073802],[1.0923618],[2.96217008]
[4.24546457],[1.12564877],[3.17546341]
[4.4345793],[1.12465112],[3.34473231]
[4.62243791],[1.12201399],[3.56574886]
[4.70009808],[1.11884205],[3.67650627]
[4.79442711],[1.12330237],[3.77667934]
[4.94651001],[1.11724535],[3.84975613]
[4.86654813],[1.10353245],[3.87983461]
[4.90444206],[1.09478932],[3.90147853]
[4.83472925],[1.08456061],[3.91904707]
[4.85329979],[1.09426951],[3.90459404]
[4.78643409],[1.07882964],[3.93458732]
[4.79856072],[1.09533308],[3.90820603]
[4.74999378],[1.07825672],[3.9407145]
[4.80106578],[1.1058773],[3.9337572]
[4.76608784],[1.10898844],[3.97879744]
[4.79935258],[1.13877504],[3.94881146]
[4.74863621],[1.12284435],[3.95079015]
[4.79137035],[1.12074054],[3.86919482]
[4.70095945],[1.08872669],[3.813108]
[4.71323872],[1.0858993],[3.72442094]
[4.62398488],[1.05653834],[3.6706261]
[4.56956393],[1.05336947],[3.5705684]
[4.52392472],[1.03123194],[3.51385797]
[4.53666436],[1.03351674],[3.48064517]
[4.41281811],[1.02249961],[3.41370586]
[4.44191166],[1.01798855],[3.3889279]
[4.33050568],[1.01440025],[3.33626319]
[4.36994489],[1.01120012],[3.30948222]
[4.2869316],[1.00820481],[3.26638713]
[4.26218055],[1.00554653],[3.23703774]
[4.2479512],[0.99549089],[3.2041017]
[4.24236297],[0.98975459],[3.18157942]
[4.24809151],[0.98345237],[3.14852868]
[4.2514451],[0.97919568],[3.11464971]
[4.3426873],[0.9746046],[3.11286087]
[4.4252837],[0.97042068],[3.12621339]
[4.47388901],[0.96809669],[3.133075]
[4.5139988],[0.96504392],[3.13614634]
[4.54765259],[0.95709379],[3.13691824]
[4.58048205],[0.94854724],[3.14012941]
[4.54049385],[0.93937741],[3.09602529]
[4.49630797],[0.93113965],[3.03816528]
[4.44844147],[0.92234931],[2.9670149]
[4.39160484],[0.9143542],[2.8919639]
[4.33328377],[0.90672491],[2.81980766]
[12.73202941],[2.13672144],[18.15607945]
[10.05391316],[1.85633712],[12.34488137]
[8.62811631],[1.62190716],[9.38816075]
[7.24509401],[1.45772816],[6.89183397]
[5.7397241],[1.32150047],[4.4715988]
[4.45214112],[1.03032886],[2.91032753]
[3.02707952],[0.7914806],[2.32710429]
[3.50956301],[0.88172681],[2.54285937]
[3.94097092],[1.08101925],[2.78593289]
[4.13322693],[1.11661814],[3.08370626]
[4.30350735],[1.14217787],[3.29603556]
[4.51970769],[1.14283645],[3.4934227]
[4.69271739],[1.14001354],[3.72051827]
[4.78720364],[1.13803877],[3.86965166]
[4.87252609],[1.13495868],[3.95800427]
[5.06100268],[1.13100555],[4.07873069]
[4.95391057],[1.12296594],[4.09323654]
[5.03273672],[1.12332559],[4.16578083]
[4.91939784],[1.11452564],[4.15519288]
[5.04986234],[1.12570095],[4.20048671]
[4.87959065],[1.11543307],[4.1902212]
[5.04530365],[1.13665667],[4.23841758]
[4.86755653],[1.13638902],[4.22743875]
[5.05289242],[1.1699959],[4.28804551]
[4.97394513],[1.17789259],[4.30289754]
[5.03867661],[1.20509332],[4.29958349]
[4.99246645],[1.19396343],[4.29387081]
[5.0026987],[1.19211265],[4.21301893]
[4.98205176],[1.16517937],[4.18557946]
[4.94544098],[1.16155928],[4.07815014]
[4.85763489],[1.13933045],[4.01746862]
[4.83885907],[1.1368342],[3.93687835]
[4.76966881],[1.1195618],[3.8566844]
[4.81003996],[1.11384172],[3.85187524]
[4.65531901],[1.09645908],[3.73315456]
[4.70669753],[1.08931121],[3.73267441]
[4.57116747],[1.07298907],[3.64915818]
[4.62638579],[1.06169351],[3.6413363]
[4.52175142],[1.04879444],[3.5626667]
[4.48893322],[1.04088943],[3.52265911]
[4.46861935],[1.03297281],[3.48173386]
[4.46153936],[1.01833558],[3.44125042]
[4.4699303],[1.00800215],[3.39504192]
[4.47248187],[1.00313057],[3.35306175]
[4.48273856],[0.99898732],[3.32168237]
[4.5249135],[0.99701578],[3.31683482]
[4.56356709],[0.99617181],[3.32016127]
[4.5956062],[0.99387274],[3.3196859]
[4.62154654],[0.9856863],[3.31451643]
[4.63359863],[0.97744062],[3.29458441]
[4.59259635],[0.96845006],[3.23264132]
[4.54815404],[0.95937093],[3.16708639]
[4.50310193],[0.9510637],[3.10026022]
[4.44675888],[0.94343588],[3.02537145]
[4.38818875],[0.93587188],[2.95111235]
[12.92732711],[2.15769593],[18.52493652]
[10.16204771],[1.89088281],[12.69274449]
[8.65760504],[1.65516171],[9.57393343]
[7.14955666],[1.47510363],[6.94457531]
[5.58943983],[1.34633418],[4.45959689]
[4.27456323],[1.0457832],[2.90268567]
[2.83828031],[0.79447368],[2.33232943]
[3.5498728],[0.92759872],[2.53493562]
[4.00120619],[1.10517258],[2.88619161]
[4.19720525],[1.13902061],[3.1868472]
[4.38065621],[1.16077452],[3.40525089]
[4.59823969],[1.16541172],[3.63446743]
[4.76158767],[1.15795717],[3.87542847]
[4.86353682],[1.15144706],[4.0447923]
[4.94193907],[1.15110135],[4.13078829]
[5.13112871],[1.14707875],[4.3158027]
[5.01093475],[1.14089533],[4.32195133]
[5.11142344],[1.16429638],[4.4134449]
[5.01681664],[1.16688349],[4.40557901]
[5.18833793],[1.19187019],[4.50625959]
[5.02411301],[1.19384223],[4.48649905]
[5.18582541],[1.22331971],[4.59006533]
[5.04834316],[1.22362274],[4.58186645]
[5.19644066],[1.25106389],[4.67510713]
[5.15808401],[1.26508369],[4.70524778]
[5.19601471],[1.28966022],[4.71595675]
[5.18849408],[1.28539344],[4.73492818]
[5.17294529],[1.28187536],[4.66736062]
[5.19161489],[1.26066292],[4.63254957]
[5.11912532],[1.25370667],[4.5042314]
[5.10769956],[1.23574431],[4.46597413]
[5.03336286],[1.22964258],[4.36226404]
[5.00149421],[1.21495103],[4.28343703]
[4.9976499],[1.20719649],[4.26897799]
[4.88162298],[1.19246612],[4.14350729]
[4.87133671],[1.18333216],[4.11675032]
[4.77357297],[1.1688216],[4.02923268]
[4.78364335],[1.15773351],[4.01193212]
[4.71382733],[1.14523914],[3.93182796]
[4.67221045],[1.13418072],[3.8876558]
[4.64893019],[1.12446203],[3.83809145]
[4.64161918],[1.11503865],[3.78674858]
[4.64056671],[1.09134423],[3.7240101]
[4.6355592],[1.05753297],[3.65055305]
[4.63966302],[1.02350626],[3.58085329]
[4.64405549],[1.02040466],[3.5416869]
[4.64195897],[1.01858703],[3.50665966]
[4.66325999],[1.01575887],[3.48997256]
[4.68543479],[1.00896861],[3.48143581]
[4.69899438],[1.00066925],[3.46103535]
[4.66065207],[0.99143698],[3.39556981]
[4.61949813],[0.98229434],[3.32143323]
[4.57805081],[0.97253673],[3.2386177]
[4.52611988],[0.96584727],[3.16502306]
[4.47106665],[0.95932591],[3.08836903]
[13.25435727],[2.19263358],[19.18475165]
[10.3315659],[1.95388315],[13.19597575]
[8.76312881],[1.7317496],[9.845496]
[7.09568085],[1.50424091],[7.01399623]
[5.48285285],[1.37159772],[4.44306618]
[4.15829566],[1.05268788],[2.83202336]
[2.72173317],[0.77829913],[2.28564005]
[3.57275677],[0.94988123],[2.50819497]
[4.05793137],[1.11364494],[2.95408287]
[4.25785231],[1.14762585],[3.26808426]
[4.45409496],[1.1831223],[3.50243895]
[4.664185],[1.1868617],[3.76648989]
[4.82698463],[1.17742542],[4.02286306]
[4.93286748],[1.16493127],[4.23857726]
[5.00732581],[1.16357375],[4.35570356]
[5.21069607],[1.21018301],[4.56984137]
[5.10277383],[1.20832419],[4.57527115]
[5.25941603],[1.23580286],[4.73371438]
[5.20237677],[1.23871323],[4.74502444]
[5.33407078],[1.2670557],[4.86984781]
[5.23268245],[1.27222213],[4.86988581]
[5.34194179],[1.29937404],[4.99240085]
[5.26218101],[1.30828171],[5.00303963]
[5.35836068],[1.33960591],[5.11558615]
[5.34142699],[1.3646405],[5.18999797]
[5.35797638],[1.38080902],[5.23387267]
[5.36383121],[1.37866677],[5.26482213]
[5.33328371],[1.36913419],[5.22382442]
[5.35662254],[1.35043831],[5.16363684]
[5.29388255],[1.33817022],[5.04349384]
[5.29638869],[1.3236541],[4.97240355]
[5.19713745],[1.31407129],[4.84894884]
[5.19439938],[1.30113058],[4.77350157]
[5.16314988],[1.29102378],[4.71724752]
[5.07824138],[1.27800121],[4.59555223]
[5.03719011],[1.26810383],[4.5256787]
[4.93685248],[1.25538892],[4.41908798]
[4.91829329],[1.245022],[4.37300408]
[4.87283033],[1.23354655],[4.28998912]
[4.82730075],[1.2230602],[4.24379047]
[4.80309814],[1.21372064],[4.19408812]
[4.78995165],[1.20480092],[4.1358972]
[4.7823632],[1.18562573],[4.05874387]
[4.76939783],[1.15300707],[3.97085274]
[4.76919561],[1.11998149],[3.88627193]
[4.76941316],[1.08327167],[3.81065361]
[4.75793544],[1.05038237],[3.73981431]
[4.75461066],[1.03561018],[3.69052373]
[4.75208671],[1.02824394],[3.64660132]
[4.76243289],[1.02101742],[3.61479377]
[4.72620338],[1.01141979],[3.54655535]
[4.68879941],[1.0027384],[3.47338502]
[4.65021913],[0.99342749],[3.38940713]
[4.60128679],[0.98530971],[3.29248958]
[4.55081697],[0.97870196],[3.21509642]
[13.65458176],[2.22429178],[19.70052238]
[10.49774679],[1.99026537],[13.51913284]
[8.85886415],[1.77232367],[9.97927503]
[6.98628469],[1.53145946],[6.9751065]
[5.34413595],[1.38275835],[4.34552414]
[3.99569161],[1.04419586],[2.65263153]
[2.59274253],[0.75399085],[2.12795704]
[3.61407513],[0.89490185],[2.36968392]
[4.11837255],[1.06903837],[2.93190375]
[4.31052292],[1.12499656],[3.25480289]
[4.51993071],[1.17107783],[3.52496251]
[4.74006386],[1.17366686],[3.84215485]
[4.89676922],[1.16651805],[4.18856413]
[5.01421522],[1.18871444],[4.45314233]
[5.08868002],[1.23062656],[4.59188647]
[5.31064447],[1.26903357],[4.83018669]
[5.24078397],[1.27933831],[4.87004145]
[5.40816291],[1.29225493],[5.05830135]
[5.37810726],[1.30786054],[5.09409697]
[5.46853252],[1.32975887],[5.19976767]
[5.40613692],[1.34833152],[5.24912187]
[5.47163433],[1.37773615],[5.37837972]
[5.43056133],[1.39922503],[5.45711251]
[5.48198523],[1.42859855],[5.60358357]
[5.48228868],[1.44708393],[5.69160942]
[5.50551297],[1.46456977],[5.76631975]
[5.53921683],[1.46531658],[5.81242945]
[5.50622363],[1.45250816],[5.79115192]
[5.55584798],[1.43536411],[5.74506184]
[5.49980141],[1.41441947],[5.596591]
[5.52213569],[1.39925648],[5.5007158]
[5.40419483],[1.38385018],[5.35227905]
[5.43363797],[1.37178457],[5.27866671]
[5.35350344],[1.35974417],[5.19904904]
[5.30256978],[1.3485976],[5.08326406]
[5.21059562],[1.33703581],[4.98785092]
[5.12453365],[1.32541732],[4.86219649]
[5.05055434],[1.31493163],[4.78485484]
[5.02999764],[1.30352661],[4.69292546]
[4.95939767],[1.2932295],[4.62219449]
[4.93140166],[1.28428155],[4.55713466]
[4.91055631],[1.27529212],[4.48407654]
[4.8940397],[1.259008],[4.39114989]
[4.87719831],[1.22818916],[4.27979209]
[4.87414752],[1.19699518],[4.15594661]
[4.87182468],[1.16321773],[4.06382061]
[4.85564548],[1.13254382],[3.97090812]
[4.8455102],[1.10064506],[3.88513698]
[4.84214955],[1.06608357],[3.81728649]
[4.8337668],[1.0270146],[3.75063237]
[4.793546],[1.01925661],[3.65603383]
[4.75908905],[1.00986432],[3.57849452]
[4.7234008],[0.99932416],[3.49256179]
[4.67708601],[0.99094938],[3.39695403]
[4.62980627],[0.98328994],[3.30092078]
[14.61147276],[2.24581054],[20.37530654]
[11.43612052],[2.01686908],[14.0284043]
[9.52975059],[1.8034373],[10.30038051]
[7.03182556],[1.55929126],[7.04255228]
[5.34628258],[1.38593371],[4.34211392]
[3.99402091],[1.02994155],[2.69863297]
[2.42595168],[0.74821611],[2.21305307]
[3.67514414],[0.96287821],[2.55764506]
[4.19840417],[1.11269899],[3.10398792]
[4.36284445],[1.16974808],[3.40687845]
[4.58138103],[1.25430971],[3.71952732]
[4.83748],[1.26094372],[4.16906532]
[4.9676402],[1.24931334],[4.54862578]
[5.07644111],[1.28381879],[4.81035373]
[5.15892321],[1.32795926],[4.96607963]
[5.45298656],[1.36256409],[5.27392035]
[5.4192877],[1.37445849],[5.33199784]
[5.53656168],[1.3928598],[5.54038931]
[5.52741336],[1.4019352],[5.63555298]
[5.58885876],[1.43015067],[5.76835965]
[5.55682346],[1.44313599],[5.85195098]
[5.59365798],[1.4714524],[6.00962976]
[5.60002552],[1.50446874],[6.1391196]
[5.64571685],[1.54343436],[6.3175697]
[5.69702915],[1.57803639],[6.44284478]
[5.7154369],[1.59647279],[6.542443]
[5.79292365],[1.60903613],[6.59581337]
[5.7673666],[1.59061192],[6.59389828]
[5.83693935],[1.57508272],[6.57766858]
[5.80297939],[1.52420656],[6.42461805]
[5.83512445],[1.51437165],[6.29906278]
[5.7057858],[1.47555587],[6.11010944]
[5.7354342],[1.46282179],[6.01042142]
[5.62415922],[1.4445184],[5.87888659]
[5.6089729],[1.43215101],[5.75352507]
[5.45346055],[1.41747397],[5.59972894]
[5.41601525],[1.406814],[5.48128191]
[5.24195842],[1.3957657],[5.33456903]
[5.24863793],[1.38472628],[5.24685789]
[5.15497367],[1.37457809],[5.16032616]
[5.12387248],[1.36545352],[5.08137091]
[5.0969402],[1.35655681],[4.99513126]
[5.07209178],[1.34246084],[4.89542487]
[5.05015581],[1.31283328],[4.77698342]
[5.03683047],[1.28355799],[4.62567523]
[5.00393791],[1.25219851],[4.44813141]
[4.95112727],[1.2222887],[4.30393404]
[4.93579028],[1.19074015],[4.19723028]
[4.92317955],[1.15810013],[4.09409068]
[4.90888391],[1.12037979],[3.99053231]
[4.87040341],[1.08118196],[3.87118046]
[4.82693716],[1.0399136],[3.7593073]
[4.78132205],[1.02572585],[3.64770179]
[4.73545267],[1.01662412],[3.54650929]
[4.6875646],[1.00850538],[3.44662364]
[16.28455005],[2.26914384],[21.19746589]
[11.93804126],[2.04525473],[14.59115978]
[10.05183459],[1.84966926],[10.75169017]
[7.02681521],[1.59907837],[7.20481595]
[5.22124142],[1.41111525],[4.36833094]
[3.84873899],[1.05403483],[2.71660079]
[3.0934669],[0.8016814],[2.32693855]
[3.72105231],[1.00196826],[2.65109851]
[4.28497984],[1.14913497],[3.25073944]
[4.42296841],[1.24396798],[3.54080147]
[4.69838797],[1.34002405],[3.98420463]
[4.93116346],[1.34688146],[4.5428863]
[5.03436773],[1.34577768],[4.89946533]
[5.15080593],[1.38782303],[5.17533149]
[5.32667289],[1.43207596],[5.42164714]
[5.56170407],[1.46584352],[5.73089728]
[5.5430528],[1.48055604],[5.88467146]
[5.63245313],[1.49188137],[6.12419335]
[5.63209072],[1.5084081],[6.30391914]
[5.67856589],[1.54882593],[6.46575309]
[5.68771552],[1.5745689],[6.58804377]
[5.72346951],[1.61491259],[6.75018789]
[5.76991579],[1.65055643],[6.9156202]
[5.81587043],[1.6883303],[7.1171252]
[5.90886219],[1.72453047],[7.28107346]
[5.94988693],[1.74506208],[7.42584345]
[6.01024245],[1.75614405],[7.49901603]
[5.99645867],[1.74620113],[7.5206046]
[6.05696293],[1.73654721],[7.53540135]
[6.02905138],[1.70729515],[7.39986936]
[6.06765143],[1.67236131],[7.26373502]
[5.97307882],[1.64302852],[7.0578946]
[5.9832641],[1.6279584],[6.94103946]
[5.90470035],[1.57684362],[6.77997899]
[5.87785522],[1.56536801],[6.65218016]
[5.76152011],[1.5204729],[6.44871268]
[5.69888392],[1.50474041],[6.28599901]
[5.55896979],[1.48319083],[6.09123626]
[5.49394739],[1.46697683],[5.93608492]
[5.39065608],[1.45685688],[5.80464076]
[5.35514514],[1.44716645],[5.70597277]
[5.32316456],[1.43795936],[5.5986246]
[5.28883731],[1.42613536],[5.47337532]
[5.26148316],[1.39795885],[5.34936331]
[5.24329702],[1.37042976],[5.1882637]
[5.18221452],[1.34202372],[4.97677147]
[5.08893545],[1.31461855],[4.78275336]
[5.03784517],[1.2842615],[4.59723698]
[4.99535091],[1.25366924],[4.42128151]
[4.98080441],[1.21780792],[4.2920006]
[4.94597503],[1.18125255],[4.14113902]
[4.91272258],[1.14176518],[3.99731173]
[4.87353001],[1.08090611],[3.86614704]
[4.81796624],[1.04093964],[3.73478603]
[4.76777495],[1.03253886],[3.62269959]
[19.36200356],[2.30306585],[22.54159511]
[12.97008857],[2.0956294],[15.45885716]
[10.63151163],[1.93123147],[11.41048553]
[7.13380299],[1.68817314],[7.44773218]
[5.18733093],[1.44283138],[4.42745222]
[3.79170585],[1.06949701],[2.75367235]
[3.08606713],[0.83963629],[2.41602444]
[3.74736156],[1.02656047],[2.739231]
[4.36292036],[1.17874458],[3.3764102]
[4.48940847],[1.31329147],[3.68393657]
[4.80936369],[1.40126117],[4.23490721]
[5.00918677],[1.41253182],[4.84877883]
[5.09357389],[1.43406631],[5.20657473]
[5.30607334],[1.47240849],[5.54460731]
[5.47751144],[1.51601672],[5.88429907]
[5.65958251],[1.54947733],[6.19464459]
[5.65287864],[1.56261927],[6.41619009]
[5.71909791],[1.62348683],[6.7369209]
[5.74734751],[1.66325503],[6.98246415]
[5.80979026],[1.69733224],[7.19488043]
[5.84842516],[1.733159],[7.35364607]
[5.89798906],[1.77065941],[7.5682821]
[5.98149499],[1.81175126],[7.79197158]
[6.03007059],[1.84258435],[8.00820759]
[6.09603881],[1.87516846],[8.20895646]
[6.1320268],[1.8899355],[8.33717716]
[6.18340381],[1.89708315],[8.44251119]
[6.17105805],[1.90148239],[8.46655014]
[6.21653695],[1.88934858],[8.48336966]
[6.19572595],[1.86229899],[8.41956821]
[6.22835521],[1.8305212],[8.27069755]
[6.18926922],[1.80326386],[8.07818124]
[6.16102069],[1.79265012],[7.9267032]
[6.11161841],[1.76238438],[7.76346626]
[6.07437464],[1.75316787],[7.63244478]
[5.99532912],[1.72001572],[7.43045059]
[5.92747294],[1.71091322],[7.26019773]
[5.81982195],[1.68037644],[7.04687016]
[5.74920271],[1.65524786],[6.86418814]
[5.6001995],[1.62341692],[6.6243907]
[5.55547914],[1.59315376],[6.473706]
[5.52123502],[1.57156005],[6.32922659]
[5.48771046],[1.54511573],[6.18452657]
[5.45864409],[1.52068943],[6.03207282]
[5.43901534],[1.45632402],[5.85002025]
[5.40746124],[1.42955103],[5.59494022]
[5.33062504],[1.40298025],[5.32894114]
[5.2373129],[1.37280311],[5.09772139]
[5.11652728],[1.34357194],[4.86769489]
[5.06601274],[1.30892901],[4.64623988]
[5.01293055],[1.27284794],[4.42431227]
[4.98512449],[1.23368183],[4.26422817]
[4.95756454],[1.17508418],[4.10126453]
[4.91671213],[1.0975846],[3.95025603]
[4.86731973],[1.05430588],[3.81397493]
[21.14402064],[2.33568106],[24.02654314]
[14.60954921],[2.12800463],[16.23859693]
[11.55592384],[1.97354817],[11.89562948]
[7.23171778],[1.74018978],[7.57692917]
[5.1342598],[1.45949982],[4.4213706]
[3.69278838],[1.06772927],[2.73703939]
[3.1840721],[0.83062212],[2.47776832]
[3.81442138],[1.00744836],[2.74778272]
[4.45652751],[1.16826706],[3.44657404]
[4.60199142],[1.34692322],[3.81747139]
[4.94694011],[1.43449458],[4.53357]
[5.11192195],[1.45055557],[5.13003655]
[5.16667384],[1.49789592],[5.48165316]
[5.47548176],[1.53756796],[5.90530975]
[5.61392782],[1.57962366],[6.31808142]
[5.75132258],[1.60987283],[6.71036641]
[5.75207051],[1.67169084],[7.0159081]
[5.81741537],[1.77285971],[7.38464751]
[5.9010394],[1.82235242],[7.70475178]
[6.00202035],[1.8517544],[7.96358092]
[6.06014848],[1.88288962],[8.16647672]
[6.11039796],[1.91097121],[8.37741948]
[6.15508314],[1.94690297],[8.62036998]
[6.20874381],[1.96910824],[8.82477945]
[6.25031356],[1.99789264],[9.03611729]
[6.29124377],[2.01514524],[9.17623845]
[6.32530234],[2.02119446],[9.28068475]
[6.36193635],[2.01759627],[9.35139149]
[6.37130979],[2.01091385],[9.34993649]
[6.41515465],[1.98531077],[9.36967631]
[6.41169091],[1.95132273],[9.212626]
[6.44195684],[1.92322192],[9.07816746]
[6.3706268],[1.90396366],[8.87402979]
[6.3607772],[1.87641005],[8.74178379]
[6.27865573],[1.86547826],[8.57058022]
[6.24679557],[1.83838623],[8.38839406]
[6.13689733],[1.82836759],[8.1927052]
[6.06926302],[1.80214712],[7.98688925]
[5.96363431],[1.78191204],[7.79515586]
[5.84063009],[1.76410802],[7.5381509]
[5.73135061],[1.74668476],[7.29402948]
[5.67465128],[1.7297377],[7.09869632]
[5.64315957],[1.71003316],[6.92187658]
[5.60983595],[1.69062999],[6.72802437]
[5.58669346],[1.62577314],[6.51180444]
[5.56667943],[1.53657955],[6.22755744]
[5.51246239],[1.47089101],[5.91187282]
[5.45934097],[1.44178964],[5.62000681]
[5.38011079],[1.4131091],[5.35112286]
[5.26399414],[1.38119855],[5.07075445]
[5.12378906],[1.34532854],[4.78652135]
[5.06500952],[1.30713609],[4.53575235]
[5.0289757],[1.2498689],[4.31484558]
[4.99768003],[1.1769996],[4.13851663]
[4.95802317],[1.094207],[3.97540476]
[23.86007947],[2.35525422],[26.02771799]
[17.36401477],[2.15236452],[17.57757079]
[14.5579814],[2.00648084],[12.77419921]
[10.85947808],[1.78668225],[8.17042719]
[5.20145068],[1.47298691],[4.51987352]
[3.73350024],[1.06204565],[2.89549154]
[3.2937982],[0.88774037],[2.72728629]
[3.89848353],[1.06773554],[2.99536001]
[4.53630466],[1.24662983],[3.62816114]
[4.79169975],[1.42321832],[4.1303385]
[5.06374117],[1.5095432],[4.94057386]
[5.1981014],[1.52722843],[5.49006581]
[5.27686132],[1.57577515],[5.87768945]
[5.61388306],[1.61818032],[6.40278687]
[5.71451799],[1.65693321],[6.92202086]
[5.8381469],[1.71997417],[7.36626137]
[5.87364353],[1.82235269],[7.73625823]
[5.95053994],[1.91019402],[8.16422359]
[6.12234966],[1.95703046],[8.56736824]
[6.21363614],[1.97920379],[8.8470955]
[6.23532613],[2.01302079],[9.11882748]
[6.28940317],[2.04247664],[9.28109811]
[6.30638622],[2.07387737],[9.61032114]
[6.3677074],[2.09886868],[9.77612376]
[6.38087605],[2.12772583],[10.01171608]
[6.493713],[2.14365639],[10.2046394]
[6.49885323],[2.13910873],[10.32222657]
[6.60666064],[2.13188122],[10.39212172]
[6.54855952],[2.1213571],[10.38389998]
[6.76068008],[2.09838875],[10.44980124]
[6.66184537],[2.06711891],[10.32150226]
[6.85316999],[2.0389942],[10.24032493]
[6.75716333],[2.01801271],[9.98102411]
[6.76104225],[1.99136796],[9.84209357]
[6.58555026],[1.97320439],[9.60495399]
[6.59620431],[1.94777865],[9.4559835]
[6.380161],[1.93748231],[9.22992285]
[6.35446132],[1.91501497],[9.05593428]
[6.21010152],[1.89734274],[8.84658647]
[6.11334156],[1.88141129],[8.61160142]
[5.96668786],[1.86433564],[8.34965039]
[5.87331868],[1.84836821],[8.10853285]
[5.823212],[1.83134171],[7.87279555]
[5.78850989],[1.81565821],[7.63995321]
[5.76350795],[1.77212678],[7.39814564]
[5.74564125],[1.71591267],[7.08161365]
[5.69820171],[1.66572113],[6.67776405]
[5.63017941],[1.58785307],[6.30462117]
[5.55491816],[1.50945452],[5.97506621]
[5.48149983],[1.46105732],[5.65345353]
[5.38446378],[1.42497735],[5.33505033]
[5.27122945],[1.3883073],[5.01256675]
[5.13281783],[1.33266805],[4.70204497]
[5.06582917],[1.2627775],[4.44493544]
[5.03213572],[1.18436716],[4.22791553]
[25.4350089],[2.38602309],[28.40676472]
[19.12180999],[2.18027526],[19.23364167]
[15.8453438],[2.04251427],[13.93100532]
[13.32773252],[1.83829579],[9.12011892]
[5.16855593],[1.49499113],[4.63389009]
[3.65260522],[1.09644317],[3.03321945]
[3.40136879],[0.9276532],[2.90844609]
[4.0252831],[1.09668552],[3.12071443]
[4.6573112],[1.34195525],[3.83583754]
[4.98160581],[1.50016422],[4.49953883]
[5.18773171],[1.57867656],[5.36720431]
[5.32401614],[1.60597695],[5.90299389]
[5.42280885],[1.65225424],[6.35362919]
[5.78045277],[1.69484294],[7.00177587]
[5.87642192],[1.77140656],[7.70668612]
[5.97679897],[1.87065238],[8.18607828]
[6.02784787],[1.96153147],[8.63784765]
[6.17387034],[2.03461177],[9.03838856]
[6.29118622],[2.0780526],[9.54126849]
[6.37437353],[2.14208062],[9.83797176]
[6.38114162],[2.17916596],[10.19759972]
[6.44177961],[2.2066485],[10.34461187]
[6.4360511],[2.23663765],[10.7298595]
[6.57032765],[2.26190029],[10.81205972]
[6.54725248],[2.28780096],[11.17579972]
[6.78090443],[2.30411359],[11.25837784]
[6.73796753],[2.29136407],[11.36215677]
[6.97719844],[2.29312256],[11.48470264]
[6.91936005],[2.25386667],[11.52478991]
[7.06472289],[2.24460611],[11.618278]
[7.08235715],[2.17037295],[11.62095626]
[7.16486723],[2.13692279],[11.54060637]
[7.22342159],[2.11572021],[11.35153455]
[7.13919641],[2.09144569],[11.0971348]
[7.07562988],[2.07331083],[10.8952006]
[7.00331106],[2.04787831],[10.67550217]
[6.88462699],[2.03663523],[10.44363053]
[6.81643445],[2.01886441],[10.22424903]
[6.63496972],[2.00172803],[9.96821671]
[6.53943351],[1.98439604],[9.73777134]
[6.3168871],[1.96725243],[9.42666052]
[6.16717591],[1.95245966],[9.17090196]
[6.03280881],[1.93659885],[8.90691182]
[5.95464572],[1.92235481],[8.64423396]
[5.93061825],[1.88600884],[8.38558339]
[5.91701474],[1.83643868],[8.06820723]
[5.87754685],[1.78799721],[7.65872026]
[5.81583528],[1.74189786],[7.1815301]
[5.7284018],[1.7023696],[6.7701846]
[5.62636874],[1.63805216],[6.36763121]
[5.55242103],[1.54700801],[5.99441599]
[5.47295851],[1.46837809],[5.63739648]
[5.37091832],[1.41690289],[5.27489462]
[5.23964231],[1.3543037],[4.93505495]
[5.11426459],[1.28397198],[4.6221412]
[25.75896744],[2.42933983],[31.15529664]
[21.33357598],[2.21790091],[21.68012409]
[16.5981197],[2.09576557],[15.45809253]
[14.41053],[1.91174002],[10.46022629]
[5.19592448],[1.53558026],[4.98656796]
[3.62159377],[1.1163291],[3.16208141]
[3.43718597],[0.94960758],[3.01159816]
[4.14410832],[1.1213708],[3.26079819]
[4.75889855],[1.41009993],[4.02331854]
[5.1174255],[1.55854502],[4.80435889]
[5.28978319],[1.63271167],[5.74714382]
[5.44458144],[1.67478664],[6.2714856]
[5.62773855],[1.74705895],[6.94713649]
[5.91690015],[1.82071561],[7.69579303]
[6.03122508],[1.92073025],[8.53267335]
[6.14713928],[2.00167569],[9.1098678]
[6.28418796],[2.0804244],[9.61118746]
[6.38168714],[2.13944604],[10.05788088]
[6.42443516],[2.2425192],[10.55979124]
[6.52571748],[2.31429804],[10.94336387]
[6.50777139],[2.34791516],[11.34179605]
[6.64046223],[2.3764393],[11.58293598]
[6.60374157],[2.40745854],[11.94512007]
[6.85686053],[2.4326082],[12.14872143]
[6.81128036],[2.46052484],[12.46231044]
[7.05715804],[2.50791334],[12.47814101]
[7.08859208],[2.49681579],[12.79269186]
[7.25882093],[2.54679383],[12.84740857]
[7.31868633],[2.51451829],[12.96816636]
[7.36715743],[2.51052131],[13.01214863]
[7.48537092],[2.44833721],[13.09102328]
[7.55711797],[2.37582228],[13.05306547]
[7.67025204],[2.2906073],[12.92360267]
[7.61680439],[2.22702142],[12.58782469]
[7.56922467],[2.15834472],[12.35844381]
[7.4383559],[2.13887976],[12.03830333]
[7.38460868],[2.1266805],[11.86050474]
[7.22064348],[2.11465512],[11.55374104]
[7.14764976],[2.10245784],[11.37476584]
[6.98779963],[2.08910193],[11.06921451]
[6.85704735],[2.07420329],[10.79470409]
[6.69034962],[2.06014309],[10.49083694]
[6.54583172],[2.04513969],[10.18365336]
[6.36874464],[2.02365327],[9.83414797]
[6.28217318],[1.99496306],[9.52402245]
[6.23913022],[1.95146369],[9.19015799]
[6.1885608],[1.90895411],[8.7569174]
[6.07450917],[1.86627397],[8.16455026]
[5.92201336],[1.82314338],[7.6438948]
[5.81820353],[1.78426486],[7.17104327]
[5.70975285],[1.74181457],[6.73510386]
[5.62558232],[1.69099269],[6.3253269]
[5.55594646],[1.57404624],[5.91623645]
[5.46407171],[1.46474345],[5.53883142]
[5.35375437],[1.37338549],[5.14024059]
