meltWidth,meltDepth,meltArea
[0.],[0.],[0.]
[0.],[0.],[0.]
[0.],[0.],[0.]
[0.],[0.],[0.]
[0.],[0.],[0.]
[0.],[0.],[0.]
[0.],[0.],[0.]
[0.],[0.],[0.]
[0.],[0.],[0.]
[0.],[0.],[0.]
[0.],[0.],[0.]
[0.],[0.],[0.]
[0.],[0.],[0.]
[0.],[0.],[0.]
[0.],[0.],[0.]
[0.],[0.],[0.]
[0.],[0.],[0.]
[0.],[0.],[0.]
[0.],[0.],[0.]
[0.],[0.],[0.]
[0.],[0.],[0.]
[0.],[0.],[0.]
[0.],[0.],[0.]
[0.],[0.],[0.]
[0.],[0.],[0.]
[0.],[0.],[0.]
[0.],[0.],[0.]
[0.],[0.],[0.]
[0.],[0.],[0.]
[0.],[0.],[0.]
[0.],[0.],[0.]
[0.],[0.],[0.]
[0.],[0.],[0.]
[0.],[0.],[0.]
[0.],[0.],[0.]
[0.],[0.],[0.]
[0.],[0.],[0.]
[0.],[0.],[0.]
[0.],[0.],[0.]
[0.],[0.],[0.]
[0.],[0.],[0.]
[0.],[0.],[0.]
[0.],[0.],[0.]
[0.],[0.],[0.]
[0.],[0.],[0.]
[0.],[0.],[0.]
[0.],[0.],[0.]
[0.],[0.],[0.]
[0.],[0.],[0.]
[0.],[0.],[0.]
[0.],[0.],[0.]
[0.],[0.],[0.]
[0.],[0.],[0.]
[0.],[0.],[0.]
[0.],[0.],[0.]
[0.],[0.],[0.]
[0.],[0.],[0.]
[1.38201761],[0.27830838],[0.23570433]
[1.75786446],[0.30817818],[0.35190124]
[1.83210586],[0.36683683],[0.45446567]
[1.93994349],[0.45661041],[0.59264472]
[2.01950052],[0.53146298],[0.71285546]
[2.10075825],[0.55327457],[0.77620503]
[2.2155216],[0.57740967],[0.84023107]
[2.23464634],[0.59311312],[0.86462558]
[2.28575027],[0.61041048],[0.91839103]
[2.29860879],[0.6254179],[0.93266399]
[2.3477762],[0.63891618],[0.97925947]
[2.3855433],[0.64972322],[1.00053688]
[2.45319419],[0.660044],[1.028281]
[2.47315582],[0.66574776],[1.05458381]
[2.57896617],[0.67073518],[1.07696038]
[2.60245925],[0.67570427],[1.09936119]
[2.65558953],[0.6807252],[1.11666908]
[2.67275161],[0.68246054],[1.1367033]
[2.71431962],[0.68403969],[1.14095028]
[2.71759098],[0.68386801],[1.15426045]
[2.73791878],[0.6822142],[1.15068391]
[2.73538399],[0.68043038],[1.15689164]
[2.75687548],[0.67771591],[1.14256396]
[2.7506633],[0.67581289],[1.14928596]
[2.76624151],[0.67368351],[1.13766801]
[2.76736804],[0.67278392],[1.14668279]
[2.78078674],[0.67139019],[1.1359088]
[2.78538491],[0.67037712],[1.15088461]
[2.81648141],[0.67362017],[1.15954985]
[2.82151198],[0.67620865],[1.18472797]
[2.83318554],[0.6816051],[1.18569561]
[2.83463211],[0.68703738],[1.1874671]
[2.81964325],[0.68712451],[1.19246084]
[2.82613213],[0.69010154],[1.20315951]
[2.82749618],[0.69433185],[1.2153589]
[2.83503113],[0.6961504],[1.2208459]
[2.84136219],[0.69504409],[1.22094317]
[2.84439612],[0.69020159],[1.21853101]
[2.83821417],[0.68695161],[1.20295813]
[2.82180826],[0.6840188],[1.19052884]
[2.79668506],[0.68105799],[1.17912005]
[2.76986909],[0.67833836],[1.17100015]
[2.75538185],[0.67177923],[1.15936689]
[2.7292634],[0.6622192],[1.13237575]
[2.6839019],[0.65561973],[1.0966141]
[2.63258633],[0.64748673],[1.05723911]
[2.59060335],[0.63935964],[1.01357663]
[2.53652094],[0.63196655],[0.97163803]
[2.45097363],[0.61971543],[0.92883307]
[2.37606791],[0.6071429],[0.8784513]
[2.31053094],[0.594752],[0.83200425]
[3.35621365],[0.08992219],[0.17804841]
[0.],[0.],[0.]
[0.],[0.],[0.]
[0.],[0.],[0.]
[1.83999099],[0.29016836],[0.35959852]
[1.9639931],[0.41392273],[0.55651335]
[2.05916636],[0.52174418],[0.75958486]
[2.17519048],[0.64337203],[0.96434158]
[2.27615201],[0.72569364],[1.13702193]
[2.36103993],[0.75099077],[1.22658767]
[2.42827457],[0.7715883],[1.30421553]
[2.44115446],[0.78537001],[1.33691811]
[2.49396255],[0.79810584],[1.38344418]
[2.52499162],[0.80802708],[1.4212798]
[2.6529124],[0.82044445],[1.49194498]
[2.73110583],[0.82982885],[1.56273274]
[2.82913864],[0.8355647],[1.63189989]
[2.87588689],[0.83979797],[1.68568764]
[2.95514113],[0.84330499],[1.74868021]
[2.98043652],[0.84590337],[1.77386399]
[3.0142084],[0.84891347],[1.81255953]
[3.01897406],[0.85170523],[1.83106665]
[3.0443574],[0.85455088],[1.85791704]
[3.05901073],[0.85696831],[1.87467357]
[3.0619571],[0.85828883],[1.8896805]
[3.09550794],[0.85711781],[1.89650625]
[3.0657829],[0.85521783],[1.89194382]
[3.11198618],[0.85318272],[1.89030623]
[3.06240832],[0.85136246],[1.88044838]
[3.11052776],[0.84965249],[1.87652434]
[3.06365044],[0.84696909],[1.87066216]
[3.11421696],[0.84549793],[1.86490744]
[3.11373665],[0.83952808],[1.89271631]
[3.1399817],[0.84082659],[1.87835019]
[3.1222556],[0.83913266],[1.88850111]
[3.13650119],[0.83761149],[1.85326832]
[3.09763586],[0.83602826],[1.83586109]
[3.09944631],[0.83411437],[1.83039726]
[3.09278402],[0.83251048],[1.82001323]
[3.09543225],[0.82969027],[1.81460129]
[3.09931868],[0.8250992],[1.80262663]
[3.09503948],[0.82117452],[1.78462798]
[3.08071038],[0.8143296],[1.75160739]
[3.05818776],[0.80548872],[1.71483136]
[3.02650842],[0.79573749],[1.67716588]
[2.9856557],[0.78690365],[1.63385957]
[2.96197999],[0.77896489],[1.60289916]
[2.93631216],[0.77308452],[1.56862703]
[2.90375248],[0.76981172],[1.53645159]
[2.88782234],[0.7703729],[1.51328301]
[2.8698357],[0.7720331],[1.48578022]
[2.85606766],[0.77118747],[1.46500613]
[2.83153006],[0.77189036],[1.43893244]
[2.80249263],[0.77024701],[1.40179131]
[2.75225578],[0.76574929],[1.34721733]
[5.0873164],[0.84965724],[3.4092148]
[3.6844268],[0.28066538],[0.64742196]
[1.08892102],[0.01989954],[0.01381433]
[0.1611921],[0.04409697],[0.00330139]
[1.98356252],[0.33739718],[0.46456688]
[2.10994525],[0.47394017],[0.6902182]
[2.21418401],[0.61072576],[0.95030128]
[2.33352966],[0.72309496],[1.17820401]
[2.41976257],[0.80116834],[1.33611274]
[2.48543553],[0.82311975],[1.44193973]
[2.5422681],[0.84201902],[1.49825792]
[2.5929816],[0.85255965],[1.56564264]
[2.71627565],[0.85865384],[1.62693327]
[2.79778737],[0.86329296],[1.696912]
[2.86547125],[0.86812742],[1.75011391]
[2.94436888],[0.87173686],[1.81469286]
[3.00050056],[0.87584311],[1.8678273]
[3.0421277],[0.87910264],[1.90081876]
[3.07829669],[0.88240069],[1.95116634]
[3.10052824],[0.88544477],[1.96683437]
[3.10643936],[0.88883494],[1.99138181]
[3.12173179],[0.89160048],[2.00564813]
[3.1252302],[0.89501809],[2.02477716]
[3.13443823],[0.89831191],[2.03048678]
[3.13189854],[0.89905092],[2.04255704]
[3.13888481],[0.8975086],[2.0418277]
[3.13269614],[0.8952809],[2.0403743]
[3.15312323],[0.89348377],[2.03193459]
[3.12918951],[0.89105638],[2.0229572]
[3.14613472],[0.88924668],[2.011758]
[3.12677581],[0.8872555],[2.00716299]
[3.14260277],[0.88517355],[1.99354776]
[3.15031727],[0.88167135],[2.02785661]
[3.15710664],[0.88136722],[1.99964905]
[3.14696289],[0.87954332],[2.01557875]
[3.15177007],[0.87730342],[1.97671815]
[3.11603225],[0.87548627],[1.9590685]
[3.11549784],[0.87366902],[1.95231182]
[3.10784321],[0.87107303],[1.94005447]
[3.10900672],[0.86784408],[1.9341155]
[3.11134224],[0.86389919],[1.92344593]
[3.11049629],[0.8610232],[1.91293397]
[3.10280807],[0.85844113],[1.89532694]
[3.0861258],[0.85640615],[1.87056014]
[3.06635137],[0.85460311],[1.84495539]
[3.04605718],[0.8520307],[1.81485879]
[3.03493985],[0.84691088],[1.79125254]
[3.02040773],[0.83973758],[1.7618096]
[3.0107545],[0.83285344],[1.74273192]
[2.9990148],[0.82605397],[1.71554613]
[2.97983122],[0.81914459],[1.67987807]
[2.96374352],[0.8171948],[1.65368665]
[2.94379501],[0.81271478],[1.62037159]
[2.92979195],[0.80862823],[1.59487557]
[2.91134466],[0.80502789],[1.56579361]
[6.66129559],[0.94446363],[4.4916777]
[4.87460656],[0.63413578],[1.67443889]
[3.32798416],[0.26763211],[0.5397388]
[0.25959532],[0.07765071],[0.0096584]
[2.12869382],[0.37303113],[0.55200217]
[2.25034483],[0.53816762],[0.84581538]
[2.3467356],[0.66994475],[1.10236713]
[2.4549022],[0.77150792],[1.35124534]
[2.4946578],[0.84872042],[1.48342116]
[2.54236476],[0.86959838],[1.59074406]
[2.58889591],[0.88433671],[1.651773]
[2.69852959],[0.88876919],[1.71456401]
[2.81190925],[0.89372395],[1.78490341]
[2.90746637],[0.89743789],[1.84031241]
[2.96148066],[0.90113],[1.89588074]
[3.04224461],[0.90411794],[1.94960746]
[3.07467433],[0.90778556],[2.00115088]
[3.11786824],[0.9096882],[2.03254582]
[3.14097095],[0.91213554],[2.08499464]
[3.17309348],[0.91478079],[2.09979417]
[3.16851138],[0.91715435],[2.12508093]
[3.1889585],[0.91867205],[2.13388154]
[3.18139381],[0.92104064],[2.15031722]
[3.19548264],[0.92309867],[2.1466882]
[3.18146841],[0.92358051],[2.16364626]
[3.19143768],[0.92223451],[2.15162112]
[3.17960552],[0.92041855],[2.1557454]
[3.19054469],[0.91931527],[2.13751495]
[3.17362177],[0.91691852],[2.13333017]
[3.18497623],[0.91539067],[2.12059759]
[3.1744516],[0.91407478],[2.12192225]
[3.1784377],[0.91199737],[2.10155128]
[3.19881264],[0.9116132],[2.14485366]
[3.18810841],[0.90942275],[2.10771359]
[3.19646843],[0.90762874],[2.13236708]
[3.19054793],[0.90536364],[2.08784181]
[3.16819748],[0.90327814],[2.07300225]
[3.16597489],[0.90151694],[2.06568241]
[3.1622941],[0.89891326],[2.05353149]
[3.16545916],[0.89613079],[2.0484987]
[3.16828623],[0.89192513],[2.03723485]
[3.16877081],[0.88910134],[2.02586979]
[3.16472278],[0.8860693],[2.00900209]
[3.14651839],[0.883794],[1.98571318]
[3.1264978],[0.8819365],[1.96613611]
[3.1051139],[0.87988448],[1.94242441]
[3.09488835],[0.87829183],[1.92457644]
[3.08129547],[0.87562192],[1.90081858]
[3.0687684],[0.87272598],[1.88147824]
[3.05854369],[0.86950505],[1.8612128]
[3.05152529],[0.8644914],[1.84192918]
[3.04055533],[0.85686999],[1.81521721]
[3.02281246],[0.84971008],[1.78557155]
[3.01640194],[0.84542727],[1.76422395]
[3.00634337],[0.83946863],[1.73506482]
[6.73391497],[1.02827473],[4.7209585]
[4.86962776],[0.8710768],[2.33018382]
[3.5633947],[0.54518859],[1.12122719]
[2.40680049],[0.22081911],[0.36530077]
[2.27175538],[0.39124681],[0.65601456]
[2.42684656],[0.59872074],[1.04198855]
[2.4463039],[0.72918987],[1.26321151]
[2.53734012],[0.81828019],[1.51143305]
[2.55458168],[0.88187104],[1.61573582]
[2.57512085],[0.90210941],[1.71044931]
[2.62783475],[0.91662405],[1.75731462]
[2.80210651],[0.91970771],[1.82398115]
[2.91236266],[0.92253338],[1.91215414]
[3.00789151],[0.92527174],[1.95912063]
[3.0465567],[0.9277265],[2.02624169]
[3.11834895],[0.92975357],[2.06687888]
[3.15051578],[0.93251794],[2.13890864]
[3.18602069],[0.93430992],[2.14755878]
[3.20789155],[0.93660443],[2.23000826]
[3.23374628],[0.93927951],[2.22723408]
[3.2335948],[0.94177969],[2.28771751]
[3.24606758],[0.94355467],[2.27282239]
[3.24196152],[0.94561114],[2.32467106]
[3.24714053],[0.94711777],[2.30402932]
[3.23612834],[0.94777268],[2.3492263]
[3.24322808],[0.94648068],[2.32026245]
[3.23424967],[0.94467042],[2.3418909]
[3.24178586],[0.94344263],[2.29614667]
[3.22823623],[0.94110735],[2.30501489]
[3.23590879],[0.93953024],[2.27156551]
[3.22655351],[0.93805211],[2.2804527]
[3.22988642],[0.93606088],[2.23608002]
[3.24108185],[0.936192],[2.27364469]
[3.2355099],[0.93369357],[2.22912738]
[3.23833634],[0.93198803],[2.247423]
[3.2301133],[0.92946775],[2.19726571]
[3.21697113],[0.92748075],[2.17982999]
[3.21486789],[0.92589934],[2.16833688]
[3.20854392],[0.92353224],[2.15438373]
[3.20856164],[0.92107823],[2.15017146]
[3.20760814],[0.9182539],[2.13884329]
[3.20813621],[0.91663476],[2.12832114]
[3.20435291],[0.91445046],[2.11067567]
[3.18677958],[0.91212763],[2.08516073]
[3.16925758],[0.91036175],[2.06309106]
[3.15040553],[0.90851796],[2.03725563]
[3.13908677],[0.90618003],[2.02243564]
[3.12557248],[0.90328541],[2.00368936]
[3.11449555],[0.90007874],[1.99074634]
[3.10431256],[0.89481484],[1.97320687]
[3.09341189],[0.89037124],[1.94996257]
[3.08304864],[0.88476355],[1.92487648]
[3.06309931],[0.87841138],[1.89183755]
[3.05440128],[0.87637536],[1.87076494]
[3.04333485],[0.87121906],[1.84487798]
[6.88911018],[1.06935144],[4.9988343]
[5.04379552],[0.91892785],[2.40880107]
[3.62381885],[0.66411289],[1.2271802]
[2.44056666],[0.42524104],[0.58854309]
[2.05356591],[0.39080819],[0.70179964]
[2.48243417],[0.64284136],[1.14376821]
[2.52087629],[0.77104824],[1.39331922]
[2.58015398],[0.84736159],[1.60562743]
[2.59045523],[0.91291329],[1.71273713]
[2.60257684],[0.9312406],[1.7797179]
[2.8358395],[0.94153353],[1.89795815]
[2.99372052],[0.94361035],[2.02555375]
[3.05348167],[0.94625744],[2.15558715]
[3.12230109],[0.94883174],[2.16272199]
[3.14364051],[0.95117334],[2.22906006]
[3.19822887],[0.95274198],[2.248969]
[3.22337404],[0.95509486],[2.34505531]
[3.25247229],[0.95661343],[2.3284702]
[3.26458296],[0.96343657],[2.44211004]
[3.28562471],[0.96170963],[2.43248425]
[3.28475758],[0.97849771],[2.50620925]
[3.29596008],[0.97462227],[2.48776469]
[3.28669103],[0.99809446],[2.55286516]
[3.29035594],[0.9847992],[2.52211979]
[3.27952407],[1.00558574],[2.58048094]
[3.28404307],[0.98489375],[2.52718909]
[3.27555102],[0.99440812],[2.55257671]
[3.28150593],[0.97109057],[2.47958821]
[3.26982105],[0.97295091],[2.49344648]
[3.27459963],[0.9609542],[2.43098796]
[3.26550895],[0.9592311],[2.44966481]
[3.26806159],[0.95717123],[2.38499058]
[3.27251661],[0.95724267],[2.42620239]
[3.27417317],[0.95460446],[2.37225258]
[3.2692033],[0.95289709],[2.39067376]
[3.26728675],[0.95051797],[2.33701862]
[3.25180586],[0.94851031],[2.3125552]
[3.24877404],[0.94676867],[2.29426176]
[3.24290484],[0.9442283],[2.27189198]
[3.24101117],[0.94168099],[2.26085198]
[3.23951794],[0.93852493],[2.24450726]
[3.24173607],[0.93674476],[2.22907237]
[3.23982082],[0.93451576],[2.2043729]
[3.22258147],[0.93330384],[2.17851305]
[3.20750265],[0.93296967],[2.1578821]
[3.18912121],[0.93154781],[2.13341318]
[3.17714572],[0.92863618],[2.11772719]
[3.16463115],[0.92569223],[2.09898598]
[3.15329637],[0.92213459],[2.08340028]
[3.13916349],[0.91824444],[2.06469928]
[3.12682863],[0.91385293],[2.04509234]
[3.11337624],[0.90811707],[2.02537613]
[3.09343592],[0.90165382],[1.99717174]
[3.08820594],[0.89572874],[1.97591942]
[3.07847134],[0.89152983],[1.94848269]
[6.92877941],[1.13419921],[5.34225673]
[5.12706499],[0.9510569],[2.61994192]
[3.69927816],[0.65245],[1.32137671]
[2.39240743],[0.44792252],[0.59826716]
[1.74943814],[0.31694657],[0.50452627]
[2.33905405],[0.67479169],[1.14104698]
[2.51067931],[0.79762855],[1.4550418]
[2.54907109],[0.87625275],[1.62927173]
[2.58347178],[0.93800502],[1.76193902]
[2.58903425],[0.95435937],[1.80128009]
[2.90101083],[0.96403565],[1.966013]
[3.07256762],[0.96565762],[2.09818036]
[3.12354501],[0.9666928],[2.24269784]
[3.18584839],[0.96741619],[2.24603664]
[3.2017271],[0.96759587],[2.33002142]
[3.24380198],[0.9696117],[2.34762285]
[3.26220781],[0.98840796],[2.43475328]
[3.2917894],[0.9914333],[2.41352816]
[3.30015986],[1.02201515],[2.52513982]
[3.3841146],[1.01155878],[2.51997879]
[3.34913971],[1.04218244],[2.58531659]
[3.41576547],[1.03257942],[2.57990624]
[3.35479401],[1.05916147],[2.63544518]
[3.41064772],[1.04920433],[2.6236097]
[3.33790501],[1.06511629],[2.66897855]
[3.39208645],[1.05135476],[2.63685671]
[3.32383593],[1.05719579],[2.65271519]
[3.38498818],[1.02966188],[2.59654635]
[3.30977294],[1.04061662],[2.60141227]
[3.36272246],[1.00509462],[2.53873126]
[3.30456889],[1.01774356],[2.56123466]
[3.34082933],[0.98865394],[2.49313734]
[3.300257],[0.98700943],[2.52188137]
[3.330981],[0.9746126],[2.47863501]
[3.29703096],[0.97221242],[2.48925766]
[3.30454288],[0.96936787],[2.44519107]
[3.28897693],[0.96739858],[2.42049682]
[3.28646449],[0.9657044],[2.40388717]
[3.28289827],[0.96264838],[2.3818423]
[3.27974954],[0.95954971],[2.36793408]
[3.27814912],[0.95628033],[2.35125038]
[3.27721082],[0.95388076],[2.33104785]
[3.27523323],[0.9510079],[2.30312871]
[3.25911999],[0.94944297],[2.26589349]
[3.24648299],[0.94825966],[2.23765524]
[3.23066137],[0.94622936],[2.21115962]
[3.21792886],[0.94317669],[2.19353252]
[3.20652841],[0.93968342],[2.17432732]
[3.19628915],[0.93533229],[2.15645334]
[3.18522259],[0.93029307],[2.14003088]
[3.17402422],[0.92448625],[2.11942929]
[3.16349002],[0.91877967],[2.10149447]
[3.14679145],[0.91338701],[2.07736877]
[3.1376954],[0.90764856],[2.0600947]
[3.12795759],[0.90021367],[2.03420558]
[7.00043397],[1.21253055],[5.61788812]
[5.18170635],[0.95397429],[2.80515556]
[3.77834882],[0.68182926],[1.50269573]
[2.53384063],[0.47082575],[0.69925314]
[1.62061985],[0.29770092],[0.4137649]
[2.31789762],[0.68415388],[1.13267535]
[2.51840857],[0.81189942],[1.50377495]
[2.54373533],[0.89462343],[1.65625859]
[2.58621975],[0.95222474],[1.79399978]
[2.62082684],[0.96916953],[1.83153776]
[2.94133056],[0.98346678],[2.03021446]
[3.1114859],[0.98475685],[2.20251685]
[3.14946925],[0.98733231],[2.38813731]
[3.21152435],[0.98987898],[2.40365585]
[3.2240944],[0.99424201],[2.45643061]
[3.26379872],[0.99848639],[2.44568876]
[3.27966571],[1.02051442],[2.504415]
[3.34235112],[1.02200256],[2.50914777]
[3.32654019],[1.0426724],[2.59439942]
[3.43339779],[1.03926375],[2.6030432]
[3.40988554],[1.05814929],[2.66634531]
[3.46831296],[1.05497591],[2.66570865]
[3.41478058],[1.07134961],[2.71341001]
[3.46285205],[1.06736242],[2.70321864]
[3.40002858],[1.07802202],[2.74524587]
[3.44556182],[1.06510708],[2.71011666]
[3.3854133],[1.07104483],[2.72400223]
[3.43976015],[1.05015697],[2.67198707]
[3.36717178],[1.0545929],[2.67100993]
[3.41907769],[1.03203113],[2.61642663]
[3.34844419],[1.03738138],[2.62121491]
[3.39868261],[1.01344029],[2.56682933]
[3.36020045],[1.01224726],[2.58226632]
[3.39421274],[0.99972414],[2.55570686]
[3.34173102],[0.99562012],[2.54840306]
[3.38419946],[0.99022919],[2.52010174]
[3.31509262],[0.98551946],[2.48470015]
[3.30243477],[0.98095626],[2.46899416]
[3.29987684],[0.97599743],[2.44861573]
[3.2970471],[0.97164937],[2.43379673]
[3.30203184],[0.96819026],[2.42092797]
[3.30483062],[0.96567111],[2.40111116]
[3.30407847],[0.96320855],[2.36961887]
[3.29024969],[0.96166988],[2.32945133]
[3.27104255],[0.96032789],[2.29507896]
[3.25527229],[0.95747955],[2.26043107]
[3.2428178],[0.95394241],[2.24315522]
[3.23238353],[0.95077531],[2.22500249]
[3.22281216],[0.94720332],[2.20634605]
[3.2124615],[0.94275569],[2.18737322]
[3.20211829],[0.93686826],[2.16419672]
[3.19212862],[0.93074456],[2.14454849]
[3.17827901],[0.92472366],[2.12075233]
[3.16896967],[0.91968843],[2.10307176]
[3.1590409],[0.91507243],[2.08229426]
[7.0356567],[1.26025059],[5.86623799]
[5.17009312],[0.96410263],[2.93955863]
[3.79072437],[0.72860472],[1.6325055]
[2.62743929],[0.53918208],[0.80111031]
[1.76925931],[0.33109112],[0.55907724]
[2.37145393],[0.71189316],[1.21828072]
[2.52623425],[0.83299952],[1.55004126]
[2.54904796],[0.91382127],[1.69705107]
[2.58417439],[0.96583938],[1.82735692]
[2.67768885],[0.98302023],[1.87835793]
[2.97132728],[1.00147208],[2.09338905]
[3.11731305],[1.00496705],[2.29040845]
[3.15770658],[1.00727514],[2.51148445]
[3.23304784],[1.00977568],[2.51234253]
[3.23937516],[1.01240498],[2.53150722]
[3.29183612],[1.01437505],[2.50717687]
[3.2986423],[1.03562026],[2.57947352]
[3.39123962],[1.03714485],[2.59064897]
[3.38255875],[1.05697698],[2.6697586]
[3.48017098],[1.05339687],[2.68363808]
[3.46219463],[1.0726747],[2.74372766]
[3.5092891],[1.069507],[2.74258974]
[3.4592743],[1.08772278],[2.78890153]
[3.50303669],[1.08112674],[2.7793744]
[3.44640613],[1.09250402],[2.81718144]
[3.48707243],[1.07914425],[2.7859786]
[3.43297571],[1.08647596],[2.79890329]
[3.48300038],[1.06493429],[2.75035036]
[3.41710216],[1.06976117],[2.7476195]
[3.46442656],[1.04651729],[2.69400982]
[3.39966022],[1.0523831],[2.69599859]
[3.44381379],[1.02795857],[2.63995681]
[3.41130987],[1.02698384],[2.64781964]
[3.43797337],[1.01250012],[2.61251307]
[3.39223366],[1.00880087],[2.60296114]
[3.41103725],[1.00434489],[2.56912526]
[3.36472449],[1.00062538],[2.5349913]
[3.34901199],[0.9974371],[2.51643895]
[3.33140968],[0.99284287],[2.49303965]
[3.31854622],[0.9888905],[2.47726091]
[3.31287145],[0.98374317],[2.46481686]
[3.31915453],[0.98049052],[2.44541918]
[3.31266856],[0.97840873],[2.41461271]
[3.29736259],[0.97709194],[2.37616786]
[3.28362129],[0.97599501],[2.34089329]
[3.26789766],[0.97257865],[2.30242497]
[3.25285004],[0.9692651],[2.27899623]
[3.2411863],[0.96616229],[2.26041881]
[3.22973713],[0.96265485],[2.24319805]
[3.21844366],[0.95867901],[2.22601738]
[3.20751577],[0.95405013],[2.20298774]
[3.19743194],[0.94852897],[2.18257456]
[3.18355967],[0.94236767],[2.15622685]
[3.17540309],[0.93699588],[2.13957758]
[3.16502903],[0.93231267],[2.11830152]
[7.13469265],[1.30162153],[6.17933641]
[5.19904378],[0.98362009],[3.15579244]
[3.87905981],[0.77365002],[1.82464203]
[2.74487142],[0.609569],[0.91364394]
[1.79675212],[0.37986295],[0.66394027]
[2.40156295],[0.72956947],[1.27649863]
[2.53075316],[0.84861451],[1.58641103]
[2.55194555],[0.92834007],[1.73039601]
[2.58822725],[0.97761379],[1.85837084]
[2.72393247],[0.99809692],[1.92589593]
[3.00945968],[1.01709737],[2.17327133]
[3.15501446],[1.02064483],[2.47169391]
[3.16834807],[1.02377478],[2.5933152]
[3.2556362],[1.02637895],[2.58812069]
[3.26022738],[1.034987],[2.61142285]
[3.32801743],[1.03837678],[2.60370566]
[3.32143309],[1.05993654],[2.68274809]
[3.42679938],[1.06102709],[2.70395161]
[3.42349834],[1.08010078],[2.78010418]
[3.51382304],[1.07629787],[2.7883669]
[3.50008506],[1.09508115],[2.85038686]
[3.54142598],[1.09213306],[2.84713454]
[3.49606081],[1.11028123],[2.89522513]
[3.53623529],[1.10253883],[2.8830734]
[3.4847486],[1.11409633],[2.92080852]
[3.52081033],[1.10117053],[2.89123024]
[3.4711636],[1.10951971],[2.90453442]
[3.51677016],[1.08833543],[2.85499836]
[3.45531231],[1.09360746],[2.85521185]
[3.49882034],[1.07118699],[2.79745623]
[3.4388207],[1.07723485],[2.80011271]
[3.50350941],[1.05320453],[2.74898472]
[3.45078413],[1.05250086],[2.74652454]
[3.53014737],[1.03466288],[2.73275657]
[3.43159557],[1.03339909],[2.68932738]
[3.5267642],[1.02367046],[2.68095305]
[3.43771232],[1.01667679],[2.6207654]
[3.4374132],[1.01344881],[2.60257226]
[3.43091173],[1.00900863],[2.58094514]
[3.43640998],[1.00558701],[2.56592403]
[3.44936262],[1.00178362],[2.56005101]
[3.4563334],[0.99892425],[2.54279469]
[3.4505068],[0.99574685],[2.51207658]
[3.42124684],[0.99288867],[2.47022236]
[3.33786863],[0.99059567],[2.41881335]
[3.28772143],[0.98619342],[2.37013855]
[3.26756523],[0.98247361],[2.33702482]
[3.25736011],[0.97875381],[2.3075717]
[3.24701101],[0.97501312],[2.29003422]
[3.23483564],[0.97106293],[2.27256653]
[3.22354139],[0.96645165],[2.25242486]
[3.21270745],[0.96146604],[2.23466574]
[3.19834513],[0.95660609],[2.21045612]
[3.18901671],[0.95174936],[2.19285861]
[3.17945425],[0.94634339],[2.1708578]
[7.236824],[1.34319331],[6.58632248]
[5.23765956],[1.0699182],[3.42130921]
[3.96030656],[0.82226244],[1.99786601]
[2.83236441],[0.67655657],[1.00901385]
[1.83141521],[0.37800937],[0.72118972]
[2.45170956],[0.74354045],[1.33522189]
[2.53379731],[0.8623441],[1.61248654]
[2.554352],[0.94130687],[1.75515959]
[2.59256077],[0.98642361],[1.87891565]
[2.77913873],[1.00737305],[1.96150974]
[3.04352547],[1.02539884],[2.20617927]
[3.1911521],[1.02909066],[2.45897595]
[3.20338898],[1.03321161],[2.59443605]
[3.28382181],[1.03571739],[2.58067825]
[3.2861046],[1.04705921],[2.64301147]
[3.36433868],[1.04987508],[2.66844274]
[3.36248979],[1.07348442],[2.75673467]
[3.46360168],[1.07407959],[2.77909858]
[3.46522849],[1.09375503],[2.85315047]
[3.5499925],[1.08959125],[2.8614454]
[3.54097211],[1.10918862],[2.92277843]
[3.57668743],[1.10599847],[2.92133207]
[3.5342873],[1.12478883],[2.96665757]
[3.57020986],[1.11572591],[2.95615214]
[3.52275648],[1.12781274],[2.98981751]
[3.55910528],[1.11498113],[2.9677713]
[3.50841935],[1.12484369],[2.9756563]
[3.60898201],[1.10290968],[2.95489098]
[3.49318564],[1.10847385],[2.92513529]
[3.63513654],[1.08495695],[2.91639105]
[3.47738718],[1.0919447],[2.86696002]
[3.62861218],[1.06675078],[2.85886732]
[3.54143346],[1.06655037],[2.82439235]
[3.6422518],[1.04849982],[2.83831937]
[3.55803369],[1.04784225],[2.78067156]
[3.63073408],[1.03827723],[2.78197394]
[3.56441268],[1.02871025],[2.70998752]
[3.55253509],[1.02361488],[2.68910883]
[3.54707332],[1.01940868],[2.66608572]
[3.5503524],[1.01720014],[2.65259676]
[3.56345739],[1.01489519],[2.64851706]
[3.56887455],[1.01279577],[2.63155976]
[3.56376091],[1.0099708],[2.60047503]
[3.54199587],[1.00704881],[2.55829018]
[3.4774355],[1.00357895],[2.50314575]
[3.37900854],[0.99819781],[2.43950647]
[3.30298163],[0.99387381],[2.39210409]
[3.27970763],[0.98986152],[2.35537067]
[3.26352584],[0.9856683],[2.32432182]
[3.25274012],[0.98102086],[2.3061794]
[3.24179719],[0.97669174],[2.28450939]
[3.2297234],[0.97126737],[2.26440541]
[3.2138926],[0.96615129],[2.23806349]
[3.20419716],[0.96189281],[2.22223688]
[3.19407622],[0.9578249],[2.20160955]
[7.26118227],[1.37682127],[6.86557501]
[5.27729933],[1.12048057],[3.59590444]
[3.95430683],[0.84887864],[2.07495217]
[2.83043379],[0.7140102],[1.03148895]
[1.85242336],[0.36030575],[0.69663354]
[2.45208225],[0.75479611],[1.35614927]
[2.5352249],[0.87398043],[1.62912856]
[2.5555022],[0.95104537],[1.77055331]
[2.5957365],[0.99477736],[1.89525099]
[2.82336899],[1.01708622],[1.99299319]
[3.07560232],[1.03461282],[2.25116704]
[3.22846909],[1.03750035],[2.48187447]
[3.23976061],[1.04174544],[2.60969297]
[3.31774636],[1.04492899],[2.62953555]
[3.30806116],[1.0592328],[2.72472901]
[3.40299282],[1.0620599],[2.74674604]
[3.40859761],[1.08737543],[2.83630985]
[3.50407511],[1.08816633],[2.8600562]
[3.51151331],[1.10713825],[2.93146894]
[3.59464595],[1.10338929],[2.94243765]
[3.58448351],[1.12237244],[2.99957769]
[3.64808634],[1.11977972],[3.01606906]
[3.57756129],[1.13899735],[3.04523491]
[3.66265461],[1.12969414],[3.06359407]
[3.59167722],[1.14196854],[3.07715168]
[3.68665866],[1.12933521],[3.09559931]
[3.60573383],[1.14029791],[3.07448872]
[3.72902358],[1.1188565],[3.08677225]
[3.61556519],[1.12423575],[3.03163989]
[3.74438221],[1.1008686],[3.04319799]
[3.62864137],[1.107932],[2.9827574]
[3.7412917],[1.08260804],[2.98676005]
[3.70864913],[1.08260603],[2.95704394]
[3.75506932],[1.06447342],[2.96410568]
[3.71187347],[1.06455393],[2.9111068]
[3.74605895],[1.05501089],[2.91060643]
[3.70600827],[1.04542389],[2.84168193]
[3.69033663],[1.03560403],[2.81326414]
[3.68013715],[1.03165689],[2.77957043]
[3.67776241],[1.03102449],[2.76791369]
[3.68408545],[1.02867985],[2.76214854]
[3.68444394],[1.02654622],[2.74225209]
[3.67153902],[1.02397194],[2.70824533]
[3.63606053],[1.02177589],[2.65614914]
[3.58586649],[1.01838885],[2.60193803]
[3.50791086],[1.01377049],[2.53845577]
[3.43134378],[1.00909648],[2.47996711]
[3.34811067],[1.00463178],[2.42665456]
[3.29331256],[1.00017646],[2.38614506]
[3.26985877],[0.99565231],[2.35135373]
[3.25953608],[0.99060046],[2.32432172]
[3.24921881],[0.98527107],[2.30441336]
[3.23598672],[0.9797166],[2.27872577]
[3.22490323],[0.97477956],[2.259919]
[3.2136504],[0.97013035],[2.23846959]
[7.27052675],[1.39627537],[6.98054009]
[5.33411751],[1.1367821],[3.63259139]
[3.902193],[0.84924518],[2.05402174]
[2.78083811],[0.7151879],[1.01716026]
[1.96189967],[0.36358205],[0.72792455]
[2.45491511],[0.7724928],[1.38692579]
[2.5374493],[0.89168286],[1.65503642]
[2.56171624],[0.96340528],[1.79718362]
[2.60027744],[1.00511978],[1.91714775]
[2.88745357],[1.02728303],[2.03865174]
[3.11473933],[1.04377012],[2.29987154]
[3.27625213],[1.04692277],[2.50154338]
[3.27922233],[1.05107315],[2.67398915]
[3.36768295],[1.05956672],[2.7206664]
[3.35349453],[1.0736339],[2.80561282]
[3.45788981],[1.07633683],[2.83681728]
[3.46596908],[1.10169356],[2.92251058]
[3.55618763],[1.10339112],[2.95147035]
[3.57331732],[1.12110549],[3.01741472]
[3.70884334],[1.11881565],[3.07148319]
[3.69248995],[1.13688322],[3.10762289]
[3.74480151],[1.13673683],[3.13749865]
[3.70632613],[1.15310491],[3.16026018]
[3.75339283],[1.14395398],[3.18080119]
[3.71600408],[1.15559023],[3.19068091]
[3.76920182],[1.14984913],[3.20828707]
[3.71983612],[1.15476472],[3.18741271]
[3.79633516],[1.13446514],[3.19769312]
[3.72415575],[1.1388771],[3.1412966]
[3.80865818],[1.11691328],[3.1510533]
[3.74496458],[1.12277695],[3.09577471]
[3.80998682],[1.09900339],[3.09474161]
[3.79591526],[1.09829535],[3.06446048]
[3.82040119],[1.0804294],[3.06552334]
[3.80025408],[1.07992084],[3.01978466]
[3.8159836],[1.07049066],[3.01280086]
[3.79521227],[1.0610018],[2.95064782]
[3.77883536],[1.05128026],[2.92266007]
[3.77145155],[1.04610444],[2.89282966]
[3.76844127],[1.04622853],[2.88109531]
[3.77089241],[1.04343374],[2.87152454]
[3.77009756],[1.04165856],[2.84768639]
[3.76048199],[1.04010173],[2.81594696]
[3.73662287],[1.03846703],[2.76827368]
[3.66130469],[1.03533242],[2.69202494]
[3.56055618],[1.03085839],[2.61321726]
[3.48724683],[1.02611812],[2.55448879]
[3.41391487],[1.02130784],[2.5021105]
[3.31707834],[1.01649918],[2.45100161]
[3.28929538],[1.01127291],[2.41321438]
[3.27825513],[1.00539511],[2.37511109]
[3.26632566],[0.99968749],[2.34190248]
[3.25254009],[0.99411756],[2.31368507]
[3.24201753],[0.98918146],[2.29500162]
[3.23149193],[0.98460943],[2.2733187]
[7.34130054],[1.4123435],[7.13762424]
[5.4642792],[1.15471235],[3.76758984]
[4.00482435],[0.85725421],[2.13989751]
[2.82253648],[0.72415314],[1.06250837]
[1.96691444],[0.35815154],[0.72257821]
[2.46609889],[0.78223738],[1.41132767]
[2.54612741],[0.90450586],[1.67840991]
[2.5696865],[0.97183664],[1.81868202]
[2.63270234],[1.01289491],[1.93876337]
[2.92836662],[1.0376417],[2.08138785]
[3.15700415],[1.05323184],[2.42086456]
[3.30676547],[1.06116153],[2.63666135]
[3.30875042],[1.07075963],[2.78967056]
[3.40730111],[1.07927236],[2.83703124]
[3.39538182],[1.0975998],[2.92246365]
[3.49444016],[1.1120983],[2.95699962]
[3.50647519],[1.14170476],[3.04331955]
[3.65538721],[1.15247696],[3.10456519]
[3.68796365],[1.16352696],[3.16698562]
[3.77568413],[1.17304462],[3.2111317]
[3.77471413],[1.18395654],[3.24630193]
[3.80659874],[1.19178667],[3.27354765]
[3.7819643],[1.19531805],[3.29559427]
[3.82751321],[1.19450417],[3.32564476]
[3.7870528],[1.19270629],[3.31757846]
[3.83484142],[1.18918685],[3.34203827]
[3.79214727],[1.18089667],[3.31753502]
[3.85142051],[1.17181069],[3.33625446]
[3.81325103],[1.16212833],[3.29574135]
[3.86388017],[1.1435274],[3.29517595]
[3.83471128],[1.14690788],[3.25171801]
[3.86804009],[1.12376632],[3.23473175]
[3.86845982],[1.12297004],[3.20509302]
[3.87787619],[1.10595773],[3.19957129]
[3.87162196],[1.10539539],[3.16034414]
[3.87542148],[1.09636868],[3.14752818]
[3.86748053],[1.08729187],[3.09251725]
[3.85183665],[1.07799787],[3.06354463]
[3.84600463],[1.07079261],[3.03740077]
[3.84286172],[1.07276547],[3.02949882]
[3.84352807],[1.07143874],[3.02106834]
[3.84162063],[1.05526738],[2.99879036]
[3.83489603],[1.0535184],[2.95878033]
[3.81890729],[1.05194767],[2.90352204]
[3.77302031],[1.04949619],[2.83385073]
[3.69062227],[1.04645561],[2.74964781]
[3.5953826],[1.04228158],[2.66943608]
[3.53739039],[1.03759788],[2.6192677]
[3.46363988],[1.03281451],[2.5646145]
[3.35441474],[1.02767288],[2.50670596]
[3.29682956],[1.02196622],[2.46395674]
[3.28559603],[1.01551016],[2.42898735]
[3.27302053],[1.00890247],[2.39045046]
[3.26082064],[1.00429231],[2.35875064]
[3.2499356],[0.99986304],[2.32796173]
[7.37716238],[1.43895406],[7.36171753]
[5.51052554],[1.20133722],[3.96012506]
[4.06919388],[0.91047143],[2.22904121]
[2.82755318],[0.7464752],[1.08937025]
[1.90540433],[0.35246539],[0.6505912]
[2.47182428],[0.78922912],[1.42308387]
[2.55061956],[0.91524021],[1.69483124]
[2.57352301],[0.97866348],[1.83279927]
[2.66628116],[1.02044257],[1.96169037]
[2.99040807],[1.04456092],[2.13950676]
[3.20218632],[1.0666223],[2.52628509]
[3.34468571],[1.07478127],[2.72753738]
[3.3390982],[1.0842224],[2.87819092]
[3.44781542],[1.10168215],[2.93047238]
[3.43954668],[1.13228855],[3.0116429]
[3.55714238],[1.15553273],[3.05829042]
[3.59266777],[1.18238786],[3.14721584]
[3.73518072],[1.19149324],[3.22106077]
[3.77306054],[1.20153537],[3.28237378]
[3.83423471],[1.20886298],[3.32071119]
[3.84097726],[1.21437882],[3.3502528]
[3.86877682],[1.21684067],[3.3828175]
[3.8434745],[1.21991617],[3.39938013]
[3.87969732],[1.22317219],[3.44469232]
[3.85347405],[1.2265251],[3.45095959]
[3.88308295],[1.22763964],[3.48382983]
[3.86744212],[1.2207171],[3.48186965]
[3.90410569],[1.20787247],[3.49086415]
[3.89784056],[1.19412736],[3.45919164]
[3.92308948],[1.17644373],[3.43892933]
[3.92231012],[1.17002146],[3.4015512]
[3.92864498],[1.14904657],[3.36618923]
[3.93344789],[1.14013594],[3.3283429]
[3.92747064],[1.12326936],[3.30969333]
[3.92434252],[1.12246823],[3.26977537]
[3.92038088],[1.11349306],[3.24982864]
[3.91967755],[1.10444419],[3.19968556]
[3.90486676],[1.09517324],[3.17130249]
[3.89976912],[1.09375375],[3.15461779]
[3.89709576],[1.09583955],[3.15156584]
[3.89677605],[1.09559325],[3.14339289]
[3.89624967],[1.0769146],[3.11875502]
[3.89139605],[1.06433256],[3.07681894]
[3.88135313],[1.06123075],[3.02465816]
[3.85157941],[1.05958577],[2.95349004]
[3.79750453],[1.05692953],[2.87534914]
[3.73459782],[1.05348951],[2.80255558]
[3.65775149],[1.04964148],[2.73272788]
[3.58143553],[1.04595525],[2.67009888]
[3.49727811],[1.04120341],[2.61125023]
[3.4168134],[1.0361067],[2.55664554]
[3.31794181],[1.02969615],[2.50395304]
[3.29172304],[1.02323084],[2.46475499]
[3.28045349],[1.01718824],[2.42567089]
[3.27054654],[1.01189407],[2.39410625]
[7.28648655],[1.45296379],[7.34904557]
[5.40199557],[1.21913327],[3.89757293]
[3.93017048],[0.9204313],[2.15590347]
[2.70186028],[0.73765092],[1.03255966]
[1.93626474],[0.34667883],[0.65084264]
[2.47350687],[0.80615591],[1.44773768]
[2.5498143],[0.93185646],[1.71890097]
[2.57475633],[0.98677153],[1.85509716]
[2.72315832],[1.03017835],[2.00135493]
[3.07591995],[1.05344962],[2.24093187]
[3.24605444],[1.08089304],[2.63507265]
[3.39318545],[1.08889737],[2.82805533]
[3.39680288],[1.11694557],[2.97332262]
[3.5011333],[1.14278406],[3.02701189]
[3.49722857],[1.1720935],[3.10167073]
[3.67788486],[1.19567537],[3.19313164]
[3.7186546],[1.2255072],[3.28449446]
[3.81080388],[1.23485883],[3.36580479]
[3.85225558],[1.24498218],[3.44713461]
[3.90043426],[1.2543482],[3.49838242]
[3.92325237],[1.26411892],[3.54254851]
[3.93343302],[1.26969895],[3.57815538]
[3.93413634],[1.27416727],[3.61042623]
[3.94868565],[1.27842576],[3.64563854]
[3.94854992],[1.28284064],[3.66245583]
[3.96903836],[1.28407877],[3.69803843]
[3.99442706],[1.27900196],[3.70491152]
[4.01406024],[1.26718275],[3.72600299]
[4.04598721],[1.25110827],[3.69693171]
[4.06387732],[1.2377752],[3.68282076]
[4.11910358],[1.22349367],[3.64807038]
[4.10978818],[1.20654047],[3.60711902]
[4.15613605],[1.19206272],[3.58645302]
[4.05012796],[1.17448656],[3.52708715]
[4.10489732],[1.1655926],[3.49132465]
[4.02126035],[1.15221716],[3.43400492]
[4.04001886],[1.1386305],[3.37973411]
[3.99275126],[1.12592347],[3.32861238]
[3.97328808],[1.12230083],[3.30106805]
[3.95892572],[1.11946133],[3.28583325]
[3.94692244],[1.11718479],[3.26319669]
[3.93980751],[1.09878894],[3.22885601]
[3.93131122],[1.08268781],[3.1830624]
[3.92443391],[1.07612284],[3.13071444]
[3.90304764],[1.07092095],[3.06357771]
[3.86103138],[1.06692826],[2.98726499]
[3.81566085],[1.06397313],[2.91637301]
[3.76006466],[1.06103067],[2.85306655]
[3.68507206],[1.05791839],[2.7794275]
[3.55572239],[1.05474015],[2.69033397]
[3.48478219],[1.05041685],[2.63680019]
[3.39219636],[1.04497497],[2.58019567]
[3.31820362],[1.03952849],[2.53352305]
[3.29738921],[1.03401859],[2.49373973]
[3.28825514],[1.02879726],[2.46079474]
[7.32701636],[1.46726679],[7.45197255]
[5.3928733],[1.23936251],[3.95848346]
[3.85960659],[0.95287409],[2.16641233]
[2.59802248],[0.7386271],[1.00738707]
[1.92345543],[0.3388952],[0.59950037]
[2.48167877],[0.8163324],[1.46158917]
[2.55870436],[0.94394175],[1.74366445]
[2.58419319],[0.99372741],[1.87852342]
[2.82798122],[1.04074303],[2.07204925]
[3.13144014],[1.07421177],[2.34606011]
[3.27452514],[1.13050212],[2.77030762]
[3.42631198],[1.15456868],[2.9661732]
[3.43944933],[1.17735066],[3.10139875]
[3.60892217],[1.20647775],[3.19344231]
[3.62762888],[1.23883276],[3.29143492]
[3.76102129],[1.26452106],[3.40790505]
[3.82370709],[1.2897918],[3.52809227]
[3.899186],[1.29870346],[3.61152716]
[3.95752658],[1.30799234],[3.69447067]
[3.99199749],[1.31679546],[3.73953843]
[4.06145399],[1.32602281],[3.79579398]
[4.0630455],[1.33108255],[3.84388618]
[4.113211],[1.33569885],[3.8906348]
[4.14012454],[1.34024628],[3.95096215]
[4.18834245],[1.34507836],[3.99634379]
[4.20911802],[1.34678652],[4.03339328]
[4.24532696],[1.3441889],[4.0642485]
[4.28382064],[1.3336528],[4.08409542]
[4.30540197],[1.31933557],[4.07583462]
[4.33854388],[1.3073502],[4.06235666]
[4.35592504],[1.29267703],[4.03293198]
[4.37593028],[1.27918696],[3.99042228]
[4.39038168],[1.26071331],[3.95952665]
[4.34436373],[1.2506751],[3.89321371]
[4.35542487],[1.23603934],[3.85387499]
[4.29467546],[1.22550931],[3.78218235]
[4.30745418],[1.21528253],[3.73784487]
[4.24885743],[1.20653376],[3.66614373]
[4.20520147],[1.20570322],[3.62653724]
[4.17648334],[1.20424059],[3.60135398]
[4.14733984],[1.1861477],[3.56593811]
[4.12509569],[1.1643323],[3.51570308]
[4.08145099],[1.14446068],[3.44269346]
[4.05126174],[1.12355181],[3.37221095]
[4.01438324],[1.10466678],[3.29143649]
[3.93656645],[1.08475074],[3.19389102]
[3.89402133],[1.08118588],[3.11136264]
[3.84569399],[1.07763316],[3.03113033]
[3.79407456],[1.07349131],[2.95523008]
[3.71511604],[1.06829359],[2.86567911]
[3.62322286],[1.06439259],[2.77645889]
[3.53234771],[1.05909],[2.70773716]
[3.42720981],[1.05368887],[2.64129722]
[3.34170202],[1.0484218],[2.58152065]
[3.30681913],[1.04507627],[2.54564076]
[7.382522],[1.49486786],[7.68614763]
[5.34286182],[1.2755915],[4.08929532]
[3.72890328],[1.03548317],[2.18883826]
[2.44280582],[0.73566805],[0.96512609]
[1.91909749],[0.33142586],[0.55383437]
[2.49159568],[0.82664007],[1.48140638]
[2.5679109],[0.95326766],[1.76462294]
[2.59092277],[0.99962684],[1.89564204]
[2.896188],[1.04803724],[2.12909717]
[3.16945825],[1.08862866],[2.42704013]
[3.29764542],[1.17648128],[2.87492265]
[3.46617024],[1.20583268],[3.09325391]
[3.50789308],[1.23570216],[3.2615424]
[3.70929279],[1.26371894],[3.40710303]
[3.77061902],[1.29464405],[3.53144157]
[3.86379095],[1.31901011],[3.63595591]
[3.93030297],[1.34195681],[3.75454423]
[3.97465713],[1.35057257],[3.82095239]
[4.10124546],[1.35914575],[3.93119678]
[4.20732287],[1.36616853],[4.03963028]
[4.28809557],[1.3744068],[4.11845169]
[4.30813307],[1.37915381],[4.1798773]
[4.33144391],[1.38418032],[4.2316362]
[4.36572125],[1.38908368],[4.32846677]
[4.3869653],[1.39505132],[4.37171315]
[4.41261013],[1.39741332],[4.42695937]
[4.42571721],[1.3948827],[4.44428038]
[4.46200398],[1.38498272],[4.48331656]
[4.46833442],[1.37210806],[4.45598822]
[4.50058031],[1.3618495],[4.45819546]
[4.50351727],[1.34892177],[4.3987664]
[4.53166038],[1.33705457],[4.36306734]
[4.53733085],[1.31984838],[4.31259928]
[4.52124697],[1.31050538],[4.25484113]
[4.5146314],[1.29941982],[4.20141861]
[4.49168089],[1.2898646],[4.1366702]
[4.4846547],[1.2806845],[4.09220193]
[4.46299264],[1.27606445],[4.03046483]
[4.42677163],[1.27485965],[3.99398678]
[4.40758851],[1.2734476],[3.96642874]
[4.38853985],[1.25040439],[3.92622415]
[4.37446391],[1.22634249],[3.87420617]
[4.34747816],[1.2069222],[3.79827708]
[4.32443036],[1.18616995],[3.70319641]
[4.27586229],[1.16721871],[3.59862513]
[4.14326007],[1.14550266],[3.46522231]
[4.01547378],[1.1239549],[3.35047188]
[3.94735823],[1.10158988],[3.25149789]
[3.90540019],[1.08252943],[3.15596985]
[3.84207962],[1.07691947],[3.05007941]
[3.76786945],[1.07080267],[2.94678987]
[3.67670124],[1.06733516],[2.84529553]
[3.56115601],[1.06372656],[2.74843494]
[3.48389152],[1.06010213],[2.68318737]
[3.38925087],[1.0573628],[2.62397927]
[7.47637549],[1.53024238],[7.90501466]
[5.41815779],[1.29438597],[4.16412475]
[3.69003653],[1.0517991],[2.19505724]
[2.38077739],[0.7299458],[0.94203043]
[1.85479566],[0.31443359],[0.49068711]
[2.48841017],[0.83026707],[1.48702416]
[2.56895008],[0.95762381],[1.77268284]
[2.59709942],[1.00435578],[1.9057774]
[2.92459087],[1.05619989],[2.16772812]
[3.18743504],[1.13349367],[2.52735543]
[3.31101572],[1.22129135],[2.99942977]
[3.54542008],[1.25128969],[3.25861889]
[3.63764785],[1.28002483],[3.44311522]
[3.78800521],[1.30654397],[3.58182502]
[3.85023545],[1.3370157],[3.70591127]
[3.91559468],[1.36078597],[3.79780263]
[3.98117908],[1.38127927],[3.91418394]
[4.05014414],[1.38882892],[4.02451629]
[4.24343674],[1.39624466],[4.18419987]
[4.33339562],[1.40319615],[4.32615274]
[4.38843215],[1.41153273],[4.39251992]
[4.41739048],[1.41797035],[4.47918576]
[4.43179866],[1.42502111],[4.53522635]
[4.46538127],[1.43178508],[4.63009293]
[4.47812067],[1.43924983],[4.69343129]
[4.50380877],[1.44349039],[4.7608994]
[4.50871905],[1.44111155],[4.78917118]
[4.54295643],[1.43149248],[4.83264997]
[4.54502457],[1.41875699],[4.81903686]
[4.57799304],[1.40802707],[4.82339642]
[4.57460483],[1.39500948],[4.77714602]
[4.63084344],[1.38353141],[4.73480363]
[4.62267894],[1.36863775],[4.68138897]
[4.63040179],[1.36201887],[4.6129616]
[4.59005382],[1.35412872],[4.54585336]
[4.58969461],[1.34582986],[4.46987066]
[4.56491294],[1.33777659],[4.40388607]
[4.55464848],[1.33553677],[4.33614802]
[4.52171534],[1.33447812],[4.29863308]
[4.50682408],[1.33228565],[4.26928101]
[4.49073873],[1.31150573],[4.22953511]
[4.47805574],[1.28835944],[4.17521584]
[4.45893047],[1.26487251],[4.10018894]
[4.4426322],[1.24557317],[4.01107005]
[4.410157],[1.22981141],[3.90696238]
[4.31767449],[1.21084346],[3.76209202]
[4.19103708],[1.19220964],[3.62426039]
[4.04688417],[1.16964997],[3.50390386]
[3.97237281],[1.14563207],[3.40413588]
[3.93045058],[1.12235998],[3.30872966]
[3.88370313],[1.09978612],[3.21078023]
[3.8241876],[1.07803321],[3.10965218]
[3.72884139],[1.07385129],[2.993988]
[3.60500445],[1.07096178],[2.86791664]
[3.50987346],[1.06858086],[2.7769223]
[7.56436836],[1.53966284],[7.99619605]
[5.44642316],[1.30015335],[4.14870932]
[3.60812374],[1.04656085],[2.14518774]
[2.26650362],[0.71800538],[0.89292163]
[1.90077866],[0.36622871],[0.5505188]
[2.48597154],[0.84692107],[1.51529979]
[2.56840319],[0.96853091],[1.79298151]
[2.62024867],[1.01505912],[1.93404628]
[2.96722143],[1.0723987],[2.24510752]
[3.21242432],[1.17389257],[2.67560983]
[3.33252289],[1.2548049],[3.12515098]
[3.6569266],[1.28429266],[3.41699041]
[3.75820065],[1.3121855],[3.60116005]
[3.86359646],[1.33897049],[3.72596003]
[3.9254398],[1.36836451],[3.84815585]
[3.9683611],[1.39038252],[3.93360086]
[4.07627018],[1.40966726],[4.07408257]
[4.22621147],[1.41738028],[4.24780165]
[4.37076031],[1.42532121],[4.40835873]
[4.44486267],[1.43266859],[4.54235473]
[4.47928857],[1.44272612],[4.60814541]
[4.5111897],[1.45053798],[4.6978147]
[4.51778827],[1.45911464],[4.76861623]
[4.54853682],[1.466867],[4.86880784]
[4.55630851],[1.47535884],[4.94147566]
[4.5852154],[1.48099161],[5.01142496]
[4.58301478],[1.47956353],[5.05114927]
[4.64382891],[1.47046904],[5.11256224]
[4.61740087],[1.4560843],[5.09119683]
[4.70038127],[1.44438205],[5.10902743]
[4.66367073],[1.43196302],[5.05033905]
[4.75390986],[1.41839755],[5.01795175]
[4.74696078],[1.40483234],[4.95992886]
[4.77160397],[1.39687054],[4.89736239]
[4.7138201],[1.3890173],[4.82247328]
[4.73192792],[1.38156533],[4.75309922]
[4.67754251],[1.37695744],[4.68243853]
[4.69355935],[1.37684701],[4.6272118]
[4.63047606],[1.3775603],[4.58718581]
[4.61101828],[1.37729307],[4.5664725]
[4.5913005],[1.36011379],[4.53624587]
[4.57849798],[1.34137235],[4.49486738]
[4.56191603],[1.32089289],[4.42736039]
[4.55021643],[1.30203645],[4.32424822]
[4.53377378],[1.28565123],[4.20446293]
[4.4815843],[1.26543783],[4.07236019]
[4.40407784],[1.24487397],[3.93077746]
[4.3078227],[1.22195935],[3.77829379]
[4.18577487],[1.19801894],[3.64165015]
[4.03324279],[1.17564369],[3.51144977]
[3.96975365],[1.15272233],[3.40585383]
[3.92656487],[1.13004663],[3.30541207]
[3.86028696],[1.09489547],[3.18753685]
[3.77782496],[1.08200396],[3.06865024]
[3.6504197],[1.07853992],[2.94410384]
[7.71392873],[1.54824565],[8.14680574]
[5.58162013],[1.30497072],[4.21254991]
[3.62003835],[1.03888522],[2.16056432]
[2.28102688],[0.71460987],[0.91533883]
[1.89485953],[0.37006389],[0.56358838]
[2.50184268],[0.85614608],[1.5409718]
[2.5852496],[0.97984335],[1.82444257]
[2.70291319],[1.02550496],[1.98497864]
[3.02529073],[1.09229959],[2.35503237]
[3.25390875],[1.23667011],[2.8445795]
[3.44677291],[1.30772587],[3.29777439]
[3.73745868],[1.33496689],[3.59403697]
[3.84225208],[1.35818145],[3.78167343]
[3.91858599],[1.37854587],[3.88620343]
[3.97948503],[1.40529253],[4.0023488]
[4.03850219],[1.42604986],[4.12450666]
[4.21535575],[1.44645836],[4.3075534]
[4.35044205],[1.45456038],[4.52604538]
[4.46152726],[1.46281738],[4.6693659]
[4.52604078],[1.47094936],[4.78593984]
[4.54938607],[1.48135769],[4.87988803]
[4.58300357],[1.48865289],[4.96804528]
[4.58339869],[1.49812467],[5.04838597]
[4.63841822],[1.50635423],[5.14817903]
[4.61930415],[1.51592281],[5.22555563]
[4.6942562],[1.52199445],[5.32122565]
[4.66056442],[1.52211229],[5.37028676]
[4.75158335],[1.51494358],[5.46039506]
[4.71243689],[1.50222843],[5.44940411]
[4.81007218],[1.49095488],[5.47429743]
[4.76049464],[1.47769189],[5.41611188]
[4.88010311],[1.46691948],[5.38732951]
[4.8662522],[1.45381634],[5.3365836]
[4.91595038],[1.45096477],[5.29022677]
[4.8228969],[1.44495385],[5.21174217]
[4.87653363],[1.43880171],[5.16974739]
[4.80236686],[1.43474061],[5.10353548]
[4.84601986],[1.43363474],[5.06881999]
[4.77891727],[1.43389857],[5.02736889]
[4.76670011],[1.4329671],[5.00426587]
[4.75330604],[1.41691776],[4.97168405]
[4.74050426],[1.3996312],[4.9272258]
[4.72561601],[1.38306753],[4.86141501]
[4.71122843],[1.36696903],[4.76224872]
[4.69453622],[1.34778568],[4.6172443]
[4.63456016],[1.32641541],[4.44549291]
[4.53708824],[1.30512837],[4.2832122]
[4.46987357],[1.28305846],[4.12584139]
[4.38792041],[1.26038059],[3.97936461]
[4.26900218],[1.23912989],[3.81250547]
[4.1214032],[1.21609804],[3.66260213]
[4.00739698],[1.19501618],[3.54914308]
[3.96225753],[1.15819948],[3.43538196]
[3.90811102],[1.11611135],[3.31421702]
[3.83673604],[1.09455109],[3.19056367]
[7.78787544],[1.56052564],[8.36483854]
[5.64644577],[1.32008607],[4.33387862]
[3.58343041],[1.05935086],[2.1667508]
[2.17489435],[0.7164895],[0.88830188]
[1.91281308],[0.37955808],[0.58108251]
[2.52588705],[0.86890664],[1.58102511]
[2.61152275],[0.98845515],[1.85945633]
[2.81104306],[1.03448447],[2.0495402]
[3.08666778],[1.12968199],[2.5085691]
[3.32093761],[1.28254125],[3.00627514]
[3.56466307],[1.3476966],[3.45287602]
[3.80592377],[1.37460208],[3.74723181]
[3.91182894],[1.39562804],[3.9389518]
[3.96742457],[1.41523999],[4.0458734]
[4.05807066],[1.44005367],[4.18343263]
[4.17241732],[1.46270894],[4.39057752]
[4.33450531],[1.48124526],[4.58968121]
[4.45130592],[1.48849558],[4.76991821]
[4.53805157],[1.49665162],[4.92063877]
[4.60234862],[1.50476266],[5.05325493]
[4.61051352],[1.51600536],[5.14703557]
[4.69341988],[1.52414038],[5.25063882]
[4.66142283],[1.53570891],[5.32659645]
[4.74671524],[1.54716864],[5.45240283]
[4.71539921],[1.56041624],[5.55841248]
[4.80374024],[1.56922298],[5.7020665]
[4.758072],[1.58504956],[5.79845258]
[4.87783769],[1.60713566],[5.94181616]
[4.81327443],[1.60355807],[5.94613541]
[4.96628492],[1.58551031],[6.01987187]
[4.89541456],[1.56167375],[5.94513255]
[5.04045585],[1.54303845],[5.9763388]
[5.04531196],[1.51144451],[5.87434616]
[5.09099673],[1.50601189],[5.83747574]
[5.03360948],[1.49760515],[5.71543642]
[5.06683585],[1.48899796],[5.67018819]
[5.00537929],[1.48555492],[5.58102098]
[5.04183548],[1.48401401],[5.55876716]
[4.97733733],[1.48319602],[5.49391713]
[4.96080078],[1.4810323],[5.46525323]
[4.94383107],[1.4664267],[5.42529133]
[4.92613826],[1.44984662],[5.3739596]
[4.90840389],[1.43207425],[5.2923866]
[4.8907663],[1.41357616],[5.17090173]
[4.87371987],[1.39550869],[5.00921048]
[4.80717482],[1.37524108],[4.8267844]
[4.70704179],[1.35454627],[4.63861673]
[4.60170726],[1.33242227],[4.45499102]
[4.53105384],[1.3118141],[4.29787775]
[4.45010695],[1.29009563],[4.12225656]
[4.35385532],[1.26579543],[3.95662932]
[4.23174625],[1.24211917],[3.79051334]
[4.05523843],[1.20043228],[3.62417618]
[4.00325719],[1.15937114],[3.5058397]
[3.95970999],[1.11582197],[3.38224812]
[7.87105985],[1.58686345],[8.58116728]
[5.75555532],[1.33676997],[4.46528554]
[3.62582174],[1.07112755],[2.17921346]
[2.11088659],[0.72175854],[0.87639033]
[1.85360604],[0.36542582],[0.5523097]
[2.54817642],[0.87936577],[1.61357235]
[2.63458482],[0.99698693],[1.88884826]
[2.89386164],[1.04602382],[2.11079405]
[3.14096914],[1.17517905],[2.65781471]
[3.4026435],[1.32309802],[3.15665222]
[3.66031838],[1.3847567],[3.60100804]
[3.86342512],[1.4108622],[3.8892235]
[3.96947938],[1.43100631],[4.08337964]
[4.02863818],[1.45404642],[4.25304542]
[4.18480218],[1.48159353],[4.43997883]
[4.3089567],[1.50325342],[4.66349461]
[4.43555911],[1.52194338],[4.860045]
[4.53615387],[1.52824222],[5.03725705]
[4.6041641],[1.53776203],[5.22133933]
[4.71895851],[1.54877049],[5.40201509]
[4.70353099],[1.56341857],[5.51600696]
[4.81091147],[1.57339624],[5.66337054]
[4.76741619],[1.58800657],[5.77186728]
[4.89300077],[1.60151872],[5.94688438]
[4.83478413],[1.61593406],[6.06215665]
[4.98327271],[1.64294289],[6.2814676]
[4.91612785],[1.6888138],[6.37252802]
[5.06064834],[1.71332424],[6.572597]
[5.0163422],[1.71212802],[6.58499677]
[5.12944097],[1.6916817],[6.68408416]
[5.0959961],[1.6685838],[6.60988805]
[5.18461891],[1.64813391],[6.65134973]
[5.19503619],[1.61773515],[6.5524539]
[5.23032198],[1.61192712],[6.49933477]
[5.2004036],[1.57038403],[6.35960773]
[5.21247743],[1.56534079],[6.28671809]
[5.17231201],[1.54940625],[6.17289427]
[5.19156638],[1.53611044],[6.12967052]
[5.14959995],[1.5323288],[6.04479362]
[5.13488189],[1.52903037],[5.99688101]
[5.12021111],[1.51297728],[5.94152744]
[5.1046856],[1.4973114],[5.88326846]
[5.08905793],[1.47850363],[5.79463735]
[5.07374396],[1.46049642],[5.67589589]
[5.05937354],[1.44247305],[5.49659043]
[5.00627852],[1.42472965],[5.26772297]
[4.9109475],[1.4063629],[5.06157643]
[4.79170594],[1.38537775],[4.8531106]
[4.68672429],[1.36438139],[4.65647352]
[4.58734233],[1.3388777],[4.47142835]
[4.52231516],[1.31396803],[4.2969202]
[4.44318513],[1.28927231],[4.11383187]
[4.32923474],[1.24689736],[3.91947146]
[4.19804217],[1.20658192],[3.74182102]
[4.05012949],[1.16849861],[3.58499422]
[7.94379741],[1.59964009],[8.74025474]
[5.7833617],[1.34370921],[4.50269166]
[3.62314956],[1.06537672],[2.13431053]
[2.01108019],[0.72251043],[0.84081564]
[1.90371202],[0.40821482],[0.61780329]
[2.55710321],[0.90103164],[1.65868169]
[2.65212884],[1.00909091],[1.92200868]
[2.9750874],[1.06003125],[2.19581048]
[3.19001999],[1.22686307],[2.80676932]
[3.51819248],[1.36467151],[3.32666466]
[3.74765786],[1.42486417],[3.75791647]
[3.92109394],[1.45062507],[4.04699964]
[4.05021543],[1.47882276],[4.29913073]
[4.16504429],[1.5049018],[4.57379292]
[4.33271997],[1.53484763],[4.79973247]
[4.43936431],[1.55814059],[5.00651277]
[4.54079313],[1.57849996],[5.23768718]
[4.62928165],[1.5868336],[5.44992691]
[4.70253581],[1.59624583],[5.67859689]
[4.88819823],[1.60759247],[5.95161587]
[4.84702122],[1.62080765],[6.06743891]
[5.01689924],[1.62962403],[6.26444987]
[4.95950636],[1.64294661],[6.34245209]
[5.08849784],[1.66332857],[6.56271241]
[5.05221958],[1.70747915],[6.68481189]
[5.15313224],[1.75373509],[6.9117932]
[5.1193731],[1.79795767],[7.04230749]
[5.2080339],[1.81598584],[7.21458694]
[5.18847017],[1.82003312],[7.2390968]
[5.26632403],[1.80129479],[7.36644622]
[5.2661565],[1.78113817],[7.30095283]
[5.33427554],[1.76180539],[7.37313831]
[5.37095761],[1.72902909],[7.29488986]
[5.40079349],[1.72572949],[7.23466779]
[5.39925909],[1.70116558],[7.06625677]
[5.383529],[1.69620205],[6.98313203]
[5.36299282],[1.6702063],[6.85752755]
[5.35290825],[1.6541016],[6.78490208]
[5.32816492],[1.63492459],[6.66536213]
[5.30023615],[1.60915417],[6.58109486]
[5.28137203],[1.58759917],[6.50366382]
[5.2624006],[1.57235311],[6.42509102]
[5.2407053],[1.53674728],[6.30964608]
[5.22275676],[1.50886326],[6.18055523]
[5.20390543],[1.49061706],[6.00307601]
[5.16041953],[1.47127484],[5.75826332]
[5.09796174],[1.45238896],[5.51838581]
[5.01558237],[1.42996524],[5.28145586]
[4.90689351],[1.40887796],[5.05823879]
[4.77383046],[1.38463558],[4.83007628]
[4.66672476],[1.35953483],[4.62746312]
[4.5934921],[1.33117517],[4.45648369]
[4.51990195],[1.28943448],[4.25555596]
[4.43967123],[1.24982616],[4.05888896]
[4.34344471],[1.21912927],[3.87086139]
[8.05246491],[1.62675045],[8.95522688]
[5.93394181],[1.35480718],[4.63460026]
[3.76802979],[1.07026186],[2.20553761]
[2.04414064],[0.73531622],[0.87170842]
[1.87440954],[0.4079549],[0.61344289]
[2.58506836],[0.91331393],[1.69776818]
[2.74999033],[1.02011982],[1.9754296]
[3.03912174],[1.07495395],[2.29048427]
[3.24464088],[1.29533074],[3.00987094]
[3.59666907],[1.42415779],[3.53452131]
[3.82131113],[1.48553109],[3.97503343]
[3.97360252],[1.51731678],[4.32248524]
[4.17484103],[1.54370898],[4.71923442]
[4.32524586],[1.56861293],[5.00273762]
[4.4613726],[1.59798692],[5.23883049]
[4.56057268],[1.62143719],[5.47124337]
[4.63710387],[1.64088669],[5.74589112]
[4.78195719],[1.64806794],[6.04148401]
[4.83972616],[1.65735712],[6.30526947]
[5.06031776],[1.67272064],[6.56178581]
[5.04971213],[1.69814605],[6.73435099]
[5.1668776],[1.72519205],[6.9098129]
[5.14130984],[1.75522542],[7.04520637]
[5.22231872],[1.78000594],[7.22506804]
[5.20798318],[1.82051886],[7.41844607]
[5.28217078],[1.85768803],[7.60635264]
[5.28520201],[1.89483709],[7.83652172]
[5.35716798],[1.91176482],[7.95298021]
[5.37335967],[1.91952575],[8.10599059]
[5.43290854],[1.90324266],[8.13803393]
[5.4590783],[1.88674607],[8.1993562]
[5.50329975],[1.87064536],[8.15259882]
[5.55614807],[1.83014788],[8.13956427]
[5.57393253],[1.82803703],[8.05848099]
[5.59516852],[1.80230469],[7.93027832]
[5.55311487],[1.79511651],[7.80550237]
[5.54742992],[1.77289563],[7.68642275]
[5.51905736],[1.75811242],[7.58713038]
[5.50787114],[1.74109949],[7.45650213]
[5.47211858],[1.7259128],[7.33678796]
[5.45170337],[1.71197543],[7.22183991]
[5.43115911],[1.69656722],[7.10192898]
[5.40893869],[1.66876542],[6.95927789]
[5.38923091],[1.60634474],[6.7949391]
[5.3661696],[1.55076605],[6.58855685]
[5.31680741],[1.53065238],[6.31047723]
[5.24571531],[1.51229241],[6.06397898]
[5.16479433],[1.48961891],[5.81090895]
[5.09125765],[1.46762154],[5.56548413]
[4.98603994],[1.43835438],[5.30639601]
[4.85223235],[1.41283913],[5.06177298]
[4.73775336],[1.38219394],[4.85419385]
[4.63960149],[1.35128645],[4.64232016]
[4.58570063],[1.32321799],[4.47329625]
[4.52208869],[1.29480186],[4.29472541]
[8.13717424],[1.65575186],[9.2311868]
[5.96175621],[1.37243087],[4.80702428]
[3.80141247],[1.10978471],[2.26889916]
[2.0527421],[0.75352981],[0.86405012]
[1.89725847],[0.4302438],[0.61823654]
[2.62599019],[0.93075333],[1.75152905]
[2.87799219],[1.03280507],[2.0592675]
[3.13757886],[1.09541701],[2.43423079]
[3.346771],[1.35299698],[3.24863846]
[3.70396538],[1.48601634],[3.76830294]
[3.90821145],[1.54602119],[4.21444516]
[4.08204033],[1.57712127],[4.68452792]
[4.32343786],[1.60267587],[5.10990989]
[4.45433461],[1.62716204],[5.44981479]
[4.5619103],[1.65583044],[5.78829877]
[4.65521793],[1.6747623],[6.03371313]
[4.73206025],[1.69346479],[6.38762561]
[4.93262395],[1.73800096],[6.61098549]
[5.00576926],[1.77345897],[6.92204082]
[5.18247459],[1.7983225],[7.19789178]
[5.19537311],[1.8263076],[7.43865922]
[5.28692136],[1.85162742],[7.62947311]
[5.30863855],[1.87904028],[7.82760977]
[5.37708354],[1.90151313],[7.99211572]
[5.40474477],[1.93367897],[8.25771541]
[5.46307449],[1.96632573],[8.4373666]
[5.49869506],[1.99799571],[8.7282477]
[5.53904798],[2.01388989],[8.83733758]
[5.58489542],[2.02438582],[9.05278117]
[5.61709647],[2.01093373],[9.07210505]
[5.71881958],[1.99656068],[9.24305986]
[5.79486589],[1.98294013],[9.19912816]
[5.89271628],[1.94505178],[9.26261656]
[5.96693892],[1.94545384],[9.22037357]
[6.02805812],[1.90766465],[9.08445182]
[6.01321622],[1.90813801],[8.90885961]
[5.93613117],[1.89114158],[8.73019646]
[5.8428876],[1.87243742],[8.52576434]
[5.79076725],[1.85439477],[8.37321287]
[5.69436511],[1.83374513],[8.16989171]
[5.63547347],[1.82097208],[8.03943742]
[5.60311283],[1.80761689],[7.91048928]
[5.57889081],[1.7863935],[7.74209561]
[5.55770584],[1.73681743],[7.55232738]
[5.53460439],[1.68473867],[7.30491431]
[5.47862526],[1.64142277],[6.95288692]
[5.41589364],[1.57959588],[6.59880404]
[5.32045936],[1.53611037],[6.31802167]
[5.22893781],[1.51219433],[6.05726068]
[5.15463371],[1.4822586],[5.78082107]
[5.06826622],[1.45655852],[5.52892001]
[4.94984405],[1.42507943],[5.26790387]
[4.80350626],[1.39559112],[5.01100339]
[4.70650467],[1.36850854],[4.79751064]
[4.64818492],[1.33938653],[4.61674784]
[8.24838542],[1.71119049],[9.52495055]
[6.1029813],[1.39353336],[4.96708299]
[3.91454665],[1.14041863],[2.36638346]
[2.13743242],[0.76917066],[0.87741396]
[1.88668533],[0.44375315],[0.61111818]
[2.66335421],[0.94583286],[1.79695867]
[2.98594173],[1.04692938],[2.14445773]
[3.25735525],[1.14008092],[2.60866197]
[3.45824747],[1.40285994],[3.45163332]
[3.79395197],[1.53735028],[3.97333464]
[4.00471484],[1.59708748],[4.45552569]
[4.22859943],[1.6286639],[4.99514424]
[4.4534489],[1.65231887],[5.50275276]
[4.56525858],[1.67409841],[5.931835]
[4.64850011],[1.69937448],[6.37111315]
[4.79486329],[1.74383319],[6.57813626]
[4.84918901],[1.79560491],[6.92903506]
[5.07798246],[1.83816915],[7.22277536]
[5.14933334],[1.87617185],[7.56863413]
[5.2860894],[1.90038646],[7.8986823]
[5.34217136],[1.92649479],[8.17499787]
[5.42932789],[1.95015691],[8.36994356]
[5.48165603],[1.97441511],[8.62265027]
[5.52570082],[1.99344785],[8.80611932]
[5.57673405],[2.01982692],[9.11755655]
[5.61180809],[2.05019692],[9.32720227]
[5.82497081],[2.07885115],[9.70262598]
[5.89460724],[2.09567584],[9.91249647]
[6.01408086],[2.10996588],[10.15857679]
[6.04669836],[2.09797867],[10.29348847]
[6.14371463],[2.08612507],[10.44665008]
[6.20398515],[2.07455271],[10.54321364]
[6.28196903],[2.04403946],[10.55881254]
[6.41559274],[2.0423548],[10.63336085]
[6.47531316],[2.01006809],[10.50313375]
[6.56963507],[2.00772447],[10.37927345]
[6.47743133],[1.99093469],[10.11380026]
[6.44975424],[1.97373237],[9.95816113]
[6.31859742],[1.95697723],[9.70221732]
[6.27408773],[1.93663247],[9.47546762]
[6.14859474],[1.91875688],[9.22079263]
[6.07793294],[1.9008395],[8.98551968]
[6.0034417],[1.88253279],[8.73725981]
[5.93623757],[1.83746698],[8.50321817]
[5.86987107],[1.78948532],[8.2100651]
[5.71724211],[1.73755597],[7.77086813]
[5.58632944],[1.69410321],[7.30767167]
[5.4946028],[1.64798241],[6.9194829]
[5.40768608],[1.58662214],[6.58601433]
[5.30665737],[1.52741487],[6.28939449]
[5.23008167],[1.50033155],[6.02849849]
[5.1499548],[1.47024242],[5.76289866]
[5.04650786],[1.44305733],[5.49397438]
[4.93181251],[1.41630873],[5.23622914]
[4.80290888],[1.38865521],[4.99421448]
[8.81703491],[1.73870374],[9.879383]
[6.15320736],[1.40942802],[5.01790165]
[3.95099872],[1.15347808],[2.39464985]
[2.21292293],[0.77471554],[0.89388993]
[1.99278495],[0.52830724],[0.72842842]
[2.68690179],[0.96960986],[1.85481366]
[3.0867045],[1.0651437],[2.24913443]
[3.38754497],[1.21055281],[2.84773731]
[3.62183208],[1.46288857],[3.68847353]
[3.89072652],[1.59112561],[4.22864081]
[4.13828839],[1.64840746],[4.76150214]
[4.39541989],[1.67479793],[5.33374777]
[4.56547615],[1.69650455],[5.99488863]
[4.6749283],[1.74192843],[6.46514145]
[4.7582856],[1.79988266],[6.8896188]
[4.97691801],[1.84366134],[7.1459301]
[5.0288336],[1.8935417],[7.51163569]
[5.20939097],[1.93491553],[7.85763087]
[5.27728642],[1.97397918],[8.23324983]
[5.41140453],[1.99655751],[8.58939169]
[5.50382911],[2.02115458],[8.94662026]
[5.57771291],[2.04219873],[9.19948456]
[5.65787648],[2.06566759],[9.49675629]
[5.73712037],[2.08450572],[9.75242414]
[5.90253348],[2.10691242],[10.13888703]
[6.06814443],[2.13371566],[10.48117559]
[6.25234915],[2.15877952],[10.85188473]
[6.47748476],[2.17482496],[11.23759171]
[6.53942118],[2.18272597],[11.44789166]
[6.61420976],[2.17251764],[11.76442559]
[6.67968922],[2.16267698],[11.92638065]
[6.70501386],[2.1529921],[12.14241716]
[6.83214738],[2.12856396],[12.21054112]
[6.8778314],[2.12478916],[12.21867368]
[6.98999064],[2.09919073],[12.14860701]
[6.96832575],[2.09570974],[12.01865777]
[6.98469366],[2.08210716],[11.81588379]
[6.89264318],[2.06813219],[11.57900633]
[6.83913446],[2.05423094],[11.32767773]
[6.77704257],[2.03647908],[11.07030267]
[6.72244997],[2.02026048],[10.7762144]
[6.63336676],[2.0022414],[10.4641553]
[6.54489651],[1.97253278],[10.14748775]
[6.46329542],[1.93265197],[9.82105364]
[6.39776751],[1.88939782],[9.50700787]
[6.23697598],[1.84256033],[9.03802084]
[6.05290325],[1.78511596],[8.21603041]
[5.83906238],[1.73769337],[7.6551067]
[5.59386923],[1.69116063],[7.21120522]
[5.49757863],[1.6413477],[6.83407826]
[5.40673848],[1.57985534],[6.52415362]
[5.30246559],[1.51283983],[6.24612044]
[5.22427066],[1.485302],[5.9585909]
[5.15035394],[1.45878648],[5.70578053]
[5.05987921],[1.430962],[5.4601007]
[10.06502031],[1.77466427],[10.52952657]
[6.3534888],[1.42796896],[5.17011339]
[4.08382042],[1.16882114],[2.50179217]
[2.39546999],[0.78673356],[0.97786418]
[2.05547099],[0.57354715],[0.80560809]
[2.72795184],[0.98972522],[1.91096887]
[3.20404566],[1.08218059],[2.37163646]
[3.54046478],[1.28821307],[3.12543264]
[3.74904422],[1.52196407],[3.97478904]
[3.9926678],[1.64287206],[4.51519713]
[4.29177047],[1.6905221],[5.15233846]
[4.52482267],[1.71676565],[5.7411923]
[4.65912255],[1.75999691],[6.50787277]
[4.81651123],[1.82830945],[6.96962874]
[4.88607952],[1.88956344],[7.41193137]
[5.12328985],[1.93478898],[7.76702671]
[5.17633696],[1.98515281],[8.1412483]
[5.30851296],[2.02722358],[8.54296883]
[5.4126433],[2.06852164],[8.97452179]
[5.54546838],[2.0899351],[9.39270657]
[5.69251806],[2.11162654],[9.82492723]
[5.84343793],[2.13123693],[10.14889409]
[5.9614394],[2.15215607],[10.54895962]
[6.10107942],[2.16934757],[10.93985315]
[6.24853979],[2.18929849],[11.32861175]
[6.49499749],[2.21182264],[11.81548075]
[6.66935],[2.24894932],[12.21055833]
[6.82799252],[2.27041064],[12.72017441]
[6.96160594],[2.32325189],[13.04289934]
[7.01450658],[2.35181638],[13.41154232]
[7.15203754],[2.33682078],[13.66120054]
[7.23068284],[2.29568304],[13.88869441]
[7.40963117],[2.25733109],[14.10247356]
[7.45849957],[2.2192416],[14.08484033]
[7.54340337],[2.18487133],[14.06512928]
[7.58110974],[2.17062305],[13.89796303]
[7.5638097],[2.15880997],[13.73843114]
[7.49989805],[2.14669904],[13.45872037]
[7.45491882],[2.13469866],[13.22559491]
[7.34087407],[2.120505],[12.90117663]
[7.26935737],[2.10739338],[12.66600333]
[7.109316],[2.09178588],[12.27814442]
[7.03044193],[2.06928986],[11.91774004]
[6.96033726],[2.03420231],[11.57106298]
[6.89049129],[1.99525653],[11.20501958]
[6.74903438],[1.95006771],[10.72205909]
[6.57404382],[1.89867833],[9.99885726]
[6.39667921],[1.84034118],[8.93100228]
[6.07687447],[1.78290751],[8.07100044]
[5.75978829],[1.7305192],[7.53158083]
[5.57910504],[1.6839991],[7.15540731]
[5.48189355],[1.64028938],[6.83771108]
[5.37089476],[1.56747186],[6.51835443]
[5.28959447],[1.51787911],[6.26257398]
[5.22596338],[1.49096855],[5.99607568]
[10.98156393],[1.82631145],[11.34099497]
[6.38558968],[1.44921421],[5.32937461]
[4.12340176],[1.2065253],[2.60464891]
[2.47589697],[0.81299802],[1.04520661]
[2.1348183],[0.61880094],[0.87877849]
[2.86277915],[1.0088757],[1.98892356]
[3.33191605],[1.10360037],[2.5106156]
[3.67735994],[1.35419284],[3.38920871]
[3.85927933],[1.5746573],[4.25173538]
[4.10547784],[1.68746521],[4.8411006]
[4.42214254],[1.73021115],[5.50893195]
[4.63097441],[1.75543475],[6.20522874]
[4.75532546],[1.85746952],[6.99751616]
[4.97731237],[1.92239022],[7.50004647]
[5.06158935],[1.98495334],[8.00660028]
[5.24020699],[2.02686514],[8.41681631]
[5.2935932],[2.07392975],[8.82244598]
[5.41520405],[2.11376829],[9.23570007]
[5.55013362],[2.15144761],[9.71485487]
[5.75586663],[2.17008939],[10.17907016]
[5.96114358],[2.19151958],[10.82961398]
[6.17454114],[2.21050108],[11.34292972]
[6.27030778],[2.25165701],[11.77895046]
[6.47664139],[2.27382264],[12.2965671]
[6.63002265],[2.33014016],[12.72843623]
[6.83466078],[2.37684493],[13.37106075]
[6.98333153],[2.43007697],[13.81424695]
[7.13444746],[2.4733525],[14.36436556]
[7.40678619],[2.51646479],[14.85101932]
[7.48574751],[2.54893721],[15.23553534]
[7.59439236],[2.54173763],[15.5813594]
[7.63370912],[2.50493203],[15.85192765]
[7.71265367],[2.45507848],[16.08780541]
[7.80575849],[2.4075152],[16.174396]
[7.85423543],[2.3603959],[16.0964229]
[8.04883366],[2.31962216],[16.02332041]
[8.11180168],[2.28153815],[15.79038443]
[8.10605824],[2.2451169],[15.58743768]
[7.94824909],[2.217382],[15.17126318]
[7.90081557],[2.20137713],[14.8995633]
[7.74812689],[2.18920346],[14.54961733]
[7.70292423],[2.1757151],[14.24922668]
[7.57123281],[2.15941486],[13.8668027]
[7.46331728],[2.12968493],[13.50700459]
[7.35770422],[2.09335113],[13.12283173]
[7.24658055],[2.05096235],[12.63511882]
[7.09757772],[2.00578285],[12.00203424]
[6.92846075],[1.95397889],[11.02235025]
[6.58822277],[1.89909366],[9.63413388]
[6.14728589],[1.83996536],[8.52851336]
[5.89025706],[1.7874326],[7.91547862]
[5.69964381],[1.73895708],[7.48269014]
[5.54517371],[1.69020005],[7.10273927]
[5.45221246],[1.64727578],[6.8094533]
[5.35938544],[1.54555439],[6.47811737]
[11.5557973],[1.91830284],[12.40278463]
[6.47898146],[1.47651899],[5.54902254]
[4.2267016],[1.24176026],[2.73733606]
[2.59184098],[0.83451699],[1.14159596]
[2.18051374],[0.64316282],[0.94713361]
[3.02057242],[1.02398916],[2.06127249]
[3.43752761],[1.17045173],[2.66216117]
[3.78285437],[1.40947044],[3.61350336]
[3.98928957],[1.61843121],[4.52167714]
[4.22341034],[1.7222244],[5.16177107]
[4.52067175],[1.76396052],[5.87202815]
[4.75194952],[1.81987981],[6.64845728]
[4.87299334],[1.93247581],[7.41840263]
[5.12600756],[1.99859508],[8.0325526]
[5.20549024],[2.06301797],[8.59315016]
[5.3348294],[2.10206307],[9.04022611]
[5.4140799],[2.14661339],[9.48203946]
[5.53548658],[2.18739423],[9.93144446]
[5.74032035],[2.22390265],[10.48986707]
[6.01078861],[2.2765165],[11.16233301]
[6.2403695],[2.36588743],[11.94291075]
[6.50232828],[2.41591497],[12.70234326]
[6.60121254],[2.46369096],[13.17621594]
[6.82237341],[2.50386885],[13.86125748]
[6.96247217],[2.5447171],[14.33341804]
[7.13043931],[2.57825911],[14.92512902]
[7.38156828],[2.61734789],[15.49316708]
[7.57366845],[2.65072757],[16.08466835]
[7.73197964],[2.68900727],[16.60170977]
[7.81006807],[2.70936169],[17.00977332]
[7.85312575],[2.71339674],[17.30314742]
[8.02447396],[2.68735521],[17.70413442]
[8.13773652],[2.65441318],[17.96901116]
[8.29684762],[2.6277761],[18.29321423]
[8.36093675],[2.59169026],[18.29986884]
[8.44452691],[2.5483002],[18.28554124]
[8.50120897],[2.50238689],[18.11822008]
[8.51316256],[2.45461995],[17.91694044]
[8.46501233],[2.40574972],[17.5370746]
[8.3984412],[2.37690669],[17.21812645]
[8.31617182],[2.34894166],[16.80154803]
[8.25222203],[2.32552671],[16.48128728]
[8.15795082],[2.30081149],[16.01712365]
[8.05349224],[2.27791423],[15.61210311]
[7.96198265],[2.23238483],[15.19449489]
[7.87205343],[2.16794205],[14.69672069]
[7.73988738],[2.1054484],[14.04903866]
[7.59696902],[2.05638362],[13.25128445]
[7.30442832],[2.00645661],[12.03974999]
[6.70005282],[1.95146308],[10.34112944]
[6.23092057],[1.89377464],[9.13575356]
[5.99360025],[1.84345202],[8.36614463]
[5.79965059],[1.78866215],[7.79969921]
[5.63817108],[1.73548493],[7.39370713]
[5.52384662],[1.66781851],[7.06991516]
[12.04523698],[1.96004627],[13.70208151]
[9.07121093],[1.49159749],[5.98620608]
[4.26616354],[1.26697856],[2.82126024]
[2.65553028],[0.85284655],[1.19744637]
[2.29034207],[0.70211399],[1.08320095]
[3.10476874],[1.04168303],[2.12874658]
[3.53191609],[1.22883555],[2.81760416]
[3.85037687],[1.45792348],[3.8394501]
[4.08292388],[1.66000738],[4.75889731]
[4.33547335],[1.75485182],[5.4420631]
[4.58152491],[1.79668143],[6.2413196]
[4.85933392],[1.8951545],[7.09768999]
[4.97959559],[2.00765596],[7.84854641]
[5.22307568],[2.07226276],[8.56595609]
[5.3007692],[2.13185787],[9.19300988]
[5.41933481],[2.16758267],[9.67570559]
[5.53523913],[2.20880535],[10.14742837]
[5.65159241],[2.24845281],[10.66225403]
[5.95885846],[2.3335429],[11.39900123]
[6.24797432],[2.4101694],[12.2047181]
[6.51024285],[2.51504657],[13.06898626]
[6.7998389],[2.56263414],[14.02005076]
[6.95011166],[2.61070813],[14.64289922]
[7.12078817],[2.64992774],[15.27045656]
[7.35498276],[2.68941409],[15.88229875]
[7.5710498],[2.71991662],[16.55261475]
[7.75662387],[2.76279178],[17.20954848]
[7.86791493],[2.78151051],[17.74660078]
[7.98420007],[2.81731007],[18.22852414]
[8.30275601],[2.82821339],[18.81745774]
[8.36299985],[2.83509188],[19.09364921]
[8.47461334],[2.8181532],[19.62372127]
[8.54509565],[2.79608502],[19.88029967]
[8.59455667],[2.7755686],[20.17003563]
[8.64293924],[2.74488636],[20.28057246]
[8.68691984],[2.71103247],[20.20811745]
[8.9426121],[2.67920068],[20.26796057]
[9.04535895],[2.64559408],[20.02064364]
[9.05809116],[2.60431731],[19.7849536]
[8.89446523],[2.57593325],[19.30879982]
[8.84693921],[2.54466695],[19.01316867]
[8.61099727],[2.516278],[18.56170616]
[8.57708537],[2.48576123],[18.2038992]
[8.42986529],[2.45623462],[17.74185132]
[8.34513304],[2.42464611],[17.31584305]
[8.26188699],[2.36178711],[16.81631348]
[8.16819561],[2.26703479],[16.19591672]
[8.06381478],[2.19096085],[15.41129076]
[7.90092968],[2.0999706],[14.39234136]
[7.62743672],[2.04504649],[12.90905635]
[6.79323864],[1.99352954],[10.86289784]
[6.29393999],[1.94041127],[9.54007857]
[6.07667891],[1.88705682],[8.73751776]
[5.89427814],[1.83629095],[8.1211283]
[5.76225608],[1.76495919],[7.69118961]
[12.72383795],[2.00453836],[15.32450944]
[9.62268447],[1.50972585],[6.68263911]
[4.35598527],[1.2917361],[2.93944476]
[2.75777039],[0.87479262],[1.2822234]
[2.35729868],[0.7242244],[1.16910268]
[3.20820941],[1.05126888],[2.18398342]
[3.61841158],[1.27943967],[2.96514361]
[3.91736473],[1.4939625],[4.02158433]
[4.15364415],[1.68853971],[4.96652614]
[4.40824781],[1.77544589],[5.65709485]
[4.62872674],[1.82673371],[6.51173078]
[4.93701098],[1.94100734],[7.37365111]
[5.06817835],[2.05482615],[8.14601256]
[5.27765944],[2.11642528],[8.92228212]
[5.35190424],[2.17409485],[9.5709038]
[5.48448134],[2.2112249],[10.07383798]
[5.60694828],[2.24998594],[10.61330692]
[5.82562624],[2.31667553],[11.26653267]
[6.07678891],[2.44565315],[12.10659861]
[6.39760455],[2.53798277],[13.02849568]
[6.66454604],[2.62820315],[13.94994722]
[6.95874005],[2.6714194],[14.92164601]
[7.17650257],[2.71643161],[15.6723609]
[7.35007739],[2.74799674],[16.35238552]
[7.63765135],[2.78682354],[17.14427249]
[7.79437646],[2.81831457],[17.79753494]
[7.91937205],[2.85441209],[18.42752845]
[8.15056936],[2.88538905],[19.10160033]
[8.33298306],[2.91823409],[19.62186457]
[8.55495926],[2.93833558],[20.33622127]
[8.63069162],[2.95558587],[20.70951718]
[8.66931365],[2.95718719],[21.19627516]
[8.7532006],[2.94295033],[21.54489314]
[8.83830453],[2.92167901],[21.85650766]
[9.09013763],[2.90062639],[22.31168877]
[9.17590915],[2.86732937],[22.36219879]
[9.28555645],[2.83362144],[22.40210977]
[9.36089768],[2.79912553],[22.18760639]
[9.38892939],[2.76485708],[21.9895198]
[9.34526082],[2.73271179],[21.5862518]
[9.277601],[2.70349449],[21.24197209]
[9.21264516],[2.68080868],[20.78187925]
[9.14399735],[2.65660439],[20.40367135]
[9.05426715],[2.63268873],[19.88088879]
[8.95761996],[2.60818353],[19.42116543]
[8.85831028],[2.56280655],[18.91262139]
[8.74226371],[2.49494148],[18.36093422]
[8.65537622],[2.42164714],[17.72992302]
[8.42069042],[2.29753557],[16.68082278]
[8.17340584],[2.17115244],[15.39064631]
[7.8058105],[2.08230314],[13.70274252]
[6.97844893],[2.03474853],[11.46172939]
[6.32065255],[1.98200321],[9.87558418]
[6.12767762],[1.93039864],[9.10330084]
[5.95094366],[1.86297654],[8.47291691]
[13.068822],[2.04284972],[16.64543699]
[10.06008385],[1.51940155],[7.40369919]
[4.30263469],[1.30987827],[3.01367832]
[2.73717565],[0.90428356],[1.30974639]
[2.4268674],[0.74557592],[1.21612637]
[3.31456807],[1.06013225],[2.2485763]
[3.71004295],[1.31601515],[3.09469345]
[3.9817358],[1.52404317],[4.1865765]
[4.22804846],[1.71157266],[5.15737112]
[4.47281206],[1.79533223],[5.87311572]
[4.68553594],[1.87308294],[6.81175902]
[5.02772097],[1.99644435],[7.69249008]
[5.14265068],[2.10379536],[8.48104556]
[5.3250448],[2.16227756],[9.28841355]
[5.41725137],[2.21763695],[9.95382582]
[5.54969015],[2.25385041],[10.49628713]
[5.75978991],[2.30660661],[11.08934468]
[5.98286323],[2.39485772],[11.88179719]
[6.22144986],[2.55171188],[12.77229863]
[6.58006277],[2.62430845],[13.7171043]
[6.84855435],[2.69797994],[14.7030473]
[7.10678879],[2.73546405],[15.65484344]
[7.4026592],[2.78012328],[16.54271012]
[7.62084311],[2.81961502],[17.34847409]
[7.80858348],[2.86050981],[18.06896438]
[7.95870774],[2.89430922],[18.74516794]
[8.0789998],[2.93213071],[19.38449968]
[8.43240101],[2.96434684],[20.21933216]
[8.56479257],[2.99933954],[20.76810958]
[8.69778439],[3.01964318],[21.44254931]
[8.77129366],[3.03618707],[21.86798799]
[8.84582021],[3.05296855],[22.35540864]
[9.12290551],[3.0579738],[22.93868289]
[9.21254794],[3.09923734],[23.34179634]
[9.31789622],[3.09134977],[23.73860621]
[9.38206166],[3.06279201],[23.84747093]
[9.42959553],[3.01075621],[23.8420383]
[9.48817675],[2.94547709],[23.7094871]
[9.51167384],[2.89175754],[23.42159058]
[9.57030345],[2.84860032],[23.13473741]
[9.42530325],[2.82397427],[22.75674195]
[9.38627991],[2.8012564],[22.37909901]
[9.3178805],[2.77658445],[21.97636024]
[9.2610953],[2.7520343],[21.50014322]
[9.18276415],[2.72657775],[21.03586627]
[9.11047236],[2.68724376],[20.53097858]
[9.02033065],[2.63142763],[19.95752336]
[8.9308392],[2.56765759],[19.32070419]
[8.77473767],[2.48147228],[18.53296595]
[8.55323858],[2.37245725],[17.30587863]
[8.25780174],[2.22323321],[15.73822027]
[7.66527188],[2.1302028],[13.60786465]
[6.67914279],[2.05793479],[11.2498911]
[6.2572356],[2.01062986],[9.96003606]
[6.06585912],[1.94674789],[9.22199495]
[13.48683989],[2.09333666],[18.07141002]
[10.55314228],[1.53434756],[8.59701223]
[4.32420655],[1.32707457],[3.09712431]
[2.77161111],[0.9254643],[1.35265304]
[2.45698307],[0.75099586],[1.23309802]
[3.39221564],[1.06521612],[2.27887958]
[3.78888514],[1.34382892],[3.19927686]
[4.03390697],[1.54637092],[4.31378145]
[4.30261344],[1.72872673],[5.32686625]
[4.51909358],[1.81897073],[6.07358831]
[4.73989053],[1.91812294],[7.049123]
[5.09344283],[2.03741623],[7.97091954]
[5.20623369],[2.14124638],[8.77724444]
[5.36662642],[2.19915061],[9.60888072]
[5.49626438],[2.25778546],[10.31802376]
[5.65297138],[2.30536109],[10.92929821]
[5.94437192],[2.39472854],[11.67807235]
[6.13746043],[2.5014221],[12.54555983]
[6.3844913],[2.64676585],[13.43452776]
[6.74639906],[2.71016862],[14.45390575]
[7.00546503],[2.77189774],[15.43026286]
[7.28964943],[2.81788203],[16.46955182]
[7.62994844],[2.8595013],[17.52239382]
[7.8062496],[2.89463739],[18.28592701]
[7.93734936],[2.93179065],[18.98705452]
[8.17701119],[2.96295496],[19.77319836]
[8.35182861],[2.99776308],[20.40491848]
[8.62225002],[3.02801976],[21.31052584]
[8.72330542],[3.06124267],[21.85176119]
[8.808196],[3.08426024],[22.44138712]
[9.09214615],[3.10098578],[23.04894821]
[9.24481879],[3.14251699],[23.65160299]
[9.35865664],[3.1890388],[24.28628555]
[9.42430914],[3.22714132],[24.68219702]
[9.46915432],[3.2338979],[25.04767121]
[9.52131492],[3.21240988],[25.3041949]
[9.53793422],[3.18295837],[25.41261948]
[9.81705875],[3.14916008],[25.61555178]
[9.9336828],[3.1190784],[25.36077591]
[10.0198314],[3.06633398],[25.11259549]
[9.94441714],[3.00637444],[24.58461719]
[9.88895516],[2.93921576],[24.20034559]
[9.72044328],[2.87693175],[23.51986037]
[9.6703814],[2.85181062],[23.12124753]
[9.4375596],[2.82748196],[22.47710382]
[9.28957096],[2.78739941],[21.93874721]
[9.1958815],[2.72287699],[21.33053777]
[9.11660284],[2.66799022],[20.68671512]
[8.99503767],[2.60267427],[19.94086207]
[8.84331653],[2.52234386],[19.00538085]
[8.66051617],[2.43444364],[17.68210196]
[8.33482627],[2.31078836],[15.67383685]
[7.40387024],[2.16398566],[13.07253605]
[6.47381919],[2.06464299],[10.9539117]
[6.19971243],[2.00189314],[9.84172783]
