meltWidth,meltDepth,meltArea
[0.45077644],[0.10617783],[0.02308668]
[1.76567535],[0.48172398],[0.54840051]
[1.99100677],[0.49043165],[0.70020395]
[1.97093807],[0.52959431],[0.7484493]
[2.12242036],[0.52417894],[0.80270907]
[2.10363069],[0.54752071],[0.82840688]
[2.25612858],[0.53601158],[0.88678373]
[2.20246183],[0.55360534],[0.88926985]
[2.28269993],[0.54250657],[0.89562454]
[2.24278105],[0.55227546],[0.86989168]
[2.28805399],[0.56876043],[0.87371212]
[2.24304118],[0.57384417],[0.84915469]
[2.27217165],[0.55317578],[0.81702944]
[2.25903221],[0.56293082],[0.80661404]
[2.29038379],[0.55015796],[0.79722991]
[2.33026545],[0.55806849],[0.80975508]
[2.36389939],[0.55281111],[0.81431345]
[2.39581668],[0.56114964],[0.82811775]
[2.3991026],[0.55751114],[0.82416429]
[2.43414479],[0.56496006],[0.83188331]
[2.41732822],[0.55951027],[0.82290075]
[2.43387725],[0.56557824],[0.82860136]
[2.42486373],[0.56019126],[0.82025889]
[2.43414583],[0.56665394],[0.822606]
[2.44349057],[0.55579077],[0.81233179]
[2.43451032],[0.56409296],[0.81587357]
[2.464163],[0.55270431],[0.80839654]
[2.44558445],[0.56287203],[0.8118609]
[2.47926907],[0.55015955],[0.80694153]
[2.49423709],[0.56073823],[0.81525293]
[2.47816761],[0.55432517],[0.81685522]
[2.52419704],[0.55522605],[0.81982378]
[2.50858915],[0.5554916],[0.8210197]
[2.52840633],[0.55367456],[0.82325233]
[2.538203],[0.55098716],[0.82397661]
[2.53608459],[0.54882338],[0.82574346]
[2.54418106],[0.5463477],[0.82721608]
[2.54227013],[0.54347374],[0.82620953]
[2.54028133],[0.54047308],[0.82589307]
[2.53724292],[0.53732128],[0.82397856]
[2.54142644],[0.53386451],[0.82259647]
[2.55653802],[0.53011736],[0.83314491]
[2.57126719],[0.52461199],[0.84672551]
[2.59926418],[0.51807894],[0.86486004]
[2.61114512],[0.512946],[0.87633305]
[2.62909048],[0.50840801],[0.88520506]
[2.64944219],[0.50384223],[0.89167462]
[2.66030998],[0.49918255],[0.89246377]
[2.676187],[0.49130728],[0.88876173]
[2.68546558],[0.47850193],[0.87915351]
[2.69585509],[0.46421511],[0.8604994]
[2.69630914],[0.44532777],[0.83443158]
[2.21231342],[0.42093802],[0.69676463]
[0.],[0.],[0.]
[0.],[0.],[0.]
[0.5287562],[0.1252677],[0.03200181]
[1.907375],[0.50982153],[0.64994514]
[2.18144342],[0.56742653],[0.86844582]
[2.13155717],[0.65267668],[0.98265898]
[2.32492413],[0.66842076],[1.10524027]
[2.24252939],[0.73048387],[1.17017487]
[2.3865108],[0.73747945],[1.21797925]
[2.28882432],[0.76960242],[1.21097475]
[2.40844156],[0.77690784],[1.24038455]
[2.3517032],[0.79065773],[1.23822324]
[2.42135638],[0.7894341],[1.2554646]
[2.38832807],[0.79952918],[1.26158624]
[2.44877393],[0.80255845],[1.28856257]
[2.46260473],[0.81351307],[1.30890102]
[2.47764837],[0.81236644],[1.32092407]
[2.52981179],[0.8152805],[1.34251401]
[2.5342864],[0.81386873],[1.34954323]
[2.56007595],[0.81302161],[1.36296609]
[2.5609928],[0.81801873],[1.37547738]
[2.58160366],[0.8189186],[1.38083448]
[2.59244556],[0.82212459],[1.39320823]
[2.6181354],[0.82082663],[1.39998079]
[2.6000379],[0.82488179],[1.40356187]
[2.62626088],[0.82237295],[1.4046164]
[2.61267429],[0.82422027],[1.40748372]
[2.62767533],[0.81887611],[1.40694266]
[2.62266321],[0.8225547],[1.41047804]
[2.64612278],[0.81641013],[1.40976131]
[2.62709981],[0.81655367],[1.41205723]
[2.71170956],[0.81531297],[1.43341491]
[2.64536379],[0.81258873],[1.4353262]
[2.72721244],[0.81216586],[1.44963361]
[2.66026411],[0.81190858],[1.43430519]
[2.66196024],[0.81126586],[1.43180543]
[2.66837334],[0.80895196],[1.42701094]
[2.66503107],[0.8071503],[1.42163973]
[2.67623861],[0.80606636],[1.4154774]
[2.68107318],[0.80502369],[1.41069117]
[2.68633936],[0.80424237],[1.40815677]
[2.69323176],[0.80272794],[1.40281197]
[2.69515309],[0.80105665],[1.39361078]
[2.69995086],[0.79679228],[1.38669525]
[2.71265423],[0.79368015],[1.3857979]
[2.74628008],[0.7906449],[1.3907045]
[2.77305402],[0.78407451],[1.39539666]
[2.80152197],[0.77764529],[1.40602715]
[2.82330896],[0.77303197],[1.41241099]
[2.85970761],[0.76509568],[1.41872779]
[2.90674824],[0.7543159],[1.42167132]
[2.92432473],[0.74440363],[1.42227337]
[2.9409117],[0.73367694],[1.42190132]
[2.94573396],[0.72835132],[1.42114842]
[2.3701704],[0.72807441],[1.2350917]
[0.],[0.],[0.]
[0.],[0.],[0.]
[0.94277375],[0.19141882],[0.08812486]
[2.04602386],[0.54758352],[0.77461238]
[2.24534371],[0.64476171],[1.01114402]
[2.22781231],[0.79946634],[1.1811461]
[2.41006652],[0.83459501],[1.32796596]
[2.36767315],[0.90108941],[1.38816901]
[2.50921951],[0.89408908],[1.45416482]
[2.42570784],[0.91868121],[1.46119526]
[2.5511632],[0.91105106],[1.50640367]
[2.48940079],[0.92152393],[1.50681083]
[2.6234715],[0.91642761],[1.56211488]
[2.57039647],[0.91967642],[1.56597589]
[2.68309524],[0.91427288],[1.61348033]
[2.65144604],[0.91890278],[1.61873659]
[2.75322938],[0.91280175],[1.6614798]
[2.85448213],[0.91590717],[1.70329679]
[2.8338269],[0.90658338],[1.69506253]
[2.93426659],[0.90977756],[1.74315298]
[2.9077173],[0.90843609],[1.72578817]
[2.98793945],[0.91131979],[1.77634197]
[3.0008845],[0.91206118],[1.76109536]
[3.03400828],[0.91429229],[1.80962199]
[3.04526069],[0.91515958],[1.78450342]
[3.04633258],[0.91645366],[1.81594718]
[3.08228916],[0.91469943],[1.79687866]
[3.05215931],[0.91434503],[1.81983568]
[3.09972898],[0.90905824],[1.79761199]
[3.07673846],[0.91219896],[1.82365132]
[3.10876602],[0.90317988],[1.80104623]
[3.18998207],[0.90594899],[1.86248187]
[3.12235882],[0.90206533],[1.83186995]
[3.21891147],[0.90222219],[1.88251303]
[3.14656623],[0.90293779],[1.84004638]
[3.15708406],[0.90099149],[1.84138044]
[3.16896315],[0.89691058],[1.83963307]
[3.16183168],[0.89369289],[1.82978838]
[3.17580816],[0.89065825],[1.81856834]
[3.17734952],[0.88830532],[1.80745855]
[3.17984267],[0.88635556],[1.79979591]
[3.19736745],[0.88429316],[1.8003498]
[3.20749529],[0.88329803],[1.79250954]
[3.22225185],[0.88088277],[1.79001189]
[3.21879626],[0.87874315],[1.78205836]
[3.2401963],[0.87703613],[1.78300325]
[3.24378603],[0.87462801],[1.77688975]
[3.24380505],[0.86919919],[1.77056283]
[3.24699777],[0.86256411],[1.7668522]
[3.24639238],[0.85899215],[1.76112209]
[3.25445082],[0.85625722],[1.7596379]
[3.22791946],[0.85296724],[1.74029665]
[3.21332097],[0.85124935],[1.719929]
[3.21100441],[0.84496819],[1.70400208]
[2.53577422],[0.83621361],[1.45242375]
[0.],[0.],[0.]
[0.],[0.],[0.]
[1.3300725],[0.26762812],[0.23489685]
[2.12352898],[0.57796415],[0.84717453]
[2.38713938],[0.71440428],[1.15393863]
[2.38296724],[0.84208616],[1.33310766]
[2.58596735],[0.8943789],[1.53038591]
[2.52542484],[0.92210652],[1.56978528]
[2.69427368],[0.93197573],[1.66837342]
[2.58178243],[0.94256804],[1.65756036]
[2.75117802],[0.93954544],[1.72985144]
[2.66753549],[0.94641756],[1.71905924]
[2.83149402],[0.94465206],[1.79089775]
[2.9346361],[0.95219013],[1.84497379]
[3.09051078],[0.94737779],[1.90090294]
[3.1235427],[0.95322178],[1.9593322]
[3.31229918],[0.94869483],[2.02071321]
[3.24371283],[0.9489197],[2.0457799]
[3.46718418],[0.94522552],[2.10504815]
[3.29800839],[0.94455808],[2.07608732]
[3.49425507],[0.94530453],[2.13351172]
[3.3340298],[0.94831004],[2.10473305]
[3.55726469],[0.94873722],[2.17414722]
[3.36840429],[0.94891275],[2.14002279]
[3.58199014],[0.94764364],[2.20340894]
[3.3907982],[0.94813189],[2.15590409]
[3.61432552],[0.94238604],[2.24589048]
[3.40139001],[0.94136237],[2.16724216]
[3.62808189],[0.9366909],[2.2680412]
[3.44117776],[0.93493518],[2.18015612]
[3.63522758],[0.9304739],[2.27641143]
[3.61390954],[0.92977019],[2.25805881]
[3.62619369],[0.92832136],[2.27399256]
[3.63711149],[0.92877624],[2.2998509]
[3.6374844],[0.92943582],[2.29350987]
[3.63622431],[0.92852301],[2.30204081]
[3.64017558],[0.92484722],[2.29903949]
[3.63497988],[0.92251258],[2.27950484]
[3.64437425],[0.92140924],[2.27520779]
[3.64543939],[0.92033901],[2.26288423]
[3.64382683],[0.91886554],[2.25142181]
[3.63480168],[0.91707368],[2.2299275]
[3.63895333],[0.91572977],[2.22419603]
[3.63607763],[0.91267479],[2.21149646]
[3.62453135],[0.9092849],[2.18763745]
[3.62599927],[0.90633887],[2.17778627]
[3.62011126],[0.90230317],[2.15564288]
[3.61300097],[0.89591777],[2.13414783]
[3.61147297],[0.89037367],[2.11737528]
[3.60549341],[0.88769218],[2.0963683]
[3.60021814],[0.88268559],[2.0782548]
[3.58873359],[0.87792984],[2.05768482]
[3.58929699],[0.87464758],[2.05013125]
[3.52112484],[0.86974356],[2.01601916]
[2.77168385],[0.86561798],[1.65296488]
[0.03703426],[0.01888948],[0.0001197]
[0.],[0.],[0.]
[1.35414041],[0.33625771],[0.31671245]
[2.21356317],[0.64511682],[0.97727349]
[2.45566909],[0.79380807],[1.31100326]
[2.47244124],[0.8990393],[1.5019783]
[2.67275612],[0.94145416],[1.70842564]
[2.6181099],[0.96608791],[1.74611889]
[2.78520049],[0.96992132],[1.85869554]
[2.84850769],[0.98012028],[1.89787112]
[2.82211822],[0.97959846],[1.9172354]
[3.09969812],[0.98646153],[2.04246108]
[3.13307309],[0.9854327],[2.03180445]
[3.22948507],[0.98774324],[2.14007793]
[3.40387998],[0.98655807],[2.17438819]
[3.34112071],[0.98643898],[2.22636069]
[3.54873767],[0.98464246],[2.27786193]
[3.41668907],[0.98435873],[2.29125621]
[3.65345687],[0.97733947],[2.36256347]
[3.46038682],[0.97871986],[2.31532576]
[3.67796223],[0.9740724],[2.38242222]
[3.4896201],[0.97783243],[2.33640216]
[3.72353653],[0.97320895],[2.43649281]
[3.52143366],[0.97596178],[2.36828899]
[3.73807973],[0.97250294],[2.46366396]
[3.54626671],[0.97210406],[2.38764936]
[3.76560235],[0.96692393],[2.50582564]
[3.56054922],[0.96639046],[2.39861696]
[3.77781823],[0.96316067],[2.52788535]
[3.59684601],[0.96123051],[2.41054071]
[3.79822656],[0.95954166],[2.55517568]
[3.75391171],[0.95867519],[2.52131057]
[3.78181137],[0.95906784],[2.55031432]
[3.78711098],[0.95994523],[2.57594091]
[3.80351784],[0.96070313],[2.58244496]
[3.80278203],[0.9599635],[2.59143164]
[3.8071277],[0.95642678],[2.58638063]
[3.80397881],[0.9536536],[2.56227931]
[3.81438791],[0.95148559],[2.55355212]
[3.81820353],[0.94990268],[2.53762862]
[3.81818645],[0.94897073],[2.52132221]
[3.80969339],[0.94817641],[2.49628006]
[3.81495036],[0.94748312],[2.48930831]
[3.81246861],[0.94467865],[2.47238939]
[3.80283444],[0.94305515],[2.44782303]
[3.80643672],[0.94186854],[2.44382491]
[3.8060573],[0.93774896],[2.42941199]
[3.80201438],[0.93203443],[2.4122854]
[3.79706444],[0.92490805],[2.3920812]
[3.8080913],[0.91600391],[2.37933837]
[3.79814944],[0.90860783],[2.34991688]
[3.78494018],[0.9046682],[2.31549674]
[3.77333935],[0.9009501],[2.29064707]
[3.63230195],[0.90000226],[2.24934795]
[2.88051988],[0.89981434],[1.80593447]
[0.39554073],[0.1725755],[0.03150712]
[0.],[0.],[0.]
[1.35952545],[0.44185366],[0.41721473]
[2.33476564],[0.73732677],[1.15043545]
[2.55987633],[0.85641492],[1.49245158]
[2.56670798],[0.93544745],[1.6658173]
[2.7374309],[0.97239587],[1.87513709]
[2.71270288],[1.00199833],[1.93270966]
[2.82678704],[1.00966019],[2.01621503]
[3.14823813],[1.01220851],[2.17286714]
[3.07560052],[1.01607807],[2.12605874]
[3.30766515],[1.01665745],[2.32254583]
[3.36428226],[1.01809744],[2.28268086]
[3.39395832],[1.0180245],[2.40378152]
[3.53907782],[1.01496866],[2.40908978]
[3.47840765],[1.01421232],[2.47614031]
[3.64255547],[1.00944493],[2.50097011]
[3.53725955],[1.00998385],[2.53392501]
[3.7187115],[1.0045966],[2.56119428]
[3.57384323],[1.00502198],[2.55954994]
[3.75340693],[1.00185158],[2.58687238]
[3.64847663],[1.00431961],[2.57461564]
[3.83727103],[1.00157349],[2.6241084]
[3.72084662],[1.00344244],[2.62560171]
[3.8602584],[1.00028342],[2.64855052]
[3.7513727],[0.99891618],[2.66926881]
[3.89530338],[0.99701732],[2.69525841]
[3.77125925],[0.99323086],[2.6909024]
[3.91717201],[0.99540215],[2.72879252]
[3.81247673],[0.99002511],[2.71629407]
[3.95727818],[0.9927219],[2.77791252]
[3.91461514],[0.98896758],[2.81231272]
[3.97577096],[0.99894479],[2.8215535]
[3.96943596],[0.99607766],[2.89260576]
[4.0083882],[0.99884988],[2.87805453]
[3.99964485],[0.99981465],[2.88056501]
[4.00291844],[0.99271438],[2.88232318]
[4.00853249],[0.98364382],[2.86229896]
[4.0170939],[0.98113244],[2.84577216]
[4.02819576],[0.97877755],[2.82514918]
[4.02864512],[0.97660085],[2.80531524]
[4.01551529],[0.97539378],[2.78520596]
[4.00520933],[0.97421257],[2.75397373]
[3.99355432],[0.97117324],[2.72200919]
[3.97752519],[0.96885476],[2.69118232]
[3.960516],[0.96691192],[2.67042047]
[3.95228246],[0.96325268],[2.64721472]
[3.93750392],[0.95944162],[2.62627748]
[3.91812475],[0.95346809],[2.60041287]
[3.90509022],[0.94773256],[2.574948]
[3.89870522],[0.94131453],[2.54696229]
[3.90768286],[0.93201149],[2.53614864]
[3.9073913],[0.92168791],[2.51457687]
[3.72225934],[0.91392841],[2.43735288]
[2.96101439],[0.90854011],[1.92210167]
[0.64832147],[0.28566424],[0.08806588]
[0.],[0.],[0.]
[1.41860076],[0.50936064],[0.50326089]
[2.48213864],[0.8218378],[1.34511983]
[2.67528779],[0.90797012],[1.71363202]
[2.67096614],[0.98892969],[1.87927081]
[2.8150309],[1.01831798],[2.04798405]
[3.01672153],[1.0432057],[2.1710143]
[3.05687573],[1.04554978],[2.20701997]
[3.37373394],[1.04606604],[2.44952868]
[3.4246874],[1.04505313],[2.40935191]
[3.4797865],[1.04343215],[2.57410925]
[3.59822467],[1.03984143],[2.54746078]
[3.54078419],[1.03547459],[2.63451605]
[3.71639964],[1.03180543],[2.65513572]
[3.64285211],[1.02722052],[2.73232441]
[3.85917434],[1.02747146],[2.75657323]
[3.80604166],[1.02461718],[2.84103669]
[3.99855143],[1.02627424],[2.87160403]
[3.94026453],[1.02232825],[2.90183964]
[4.07666029],[1.02812555],[2.9319456]
[4.02262749],[1.03413275],[2.95477088]
[4.14854551],[1.05170733],[3.00763264]
[4.08751865],[1.06814102],[3.03393101]
[4.16975213],[1.0771],[3.08058671]
[4.10797345],[1.08147067],[3.09347137]
[4.19919298],[1.08739884],[3.11978426]
[4.13535903],[1.09375734],[3.11817074]
[4.21962819],[1.09739921],[3.1579906]
[4.18482681],[1.09854912],[3.14398759]
[4.25189246],[1.09871604],[3.19714074]
[4.28957285],[1.09862879],[3.25768663]
[4.29035339],[1.10485104],[3.25828354]
[4.32020406],[1.10579137],[3.30955811]
[4.30973885],[1.10852232],[3.2923555]
[4.33160042],[1.10827819],[3.28078202]
[4.30171873],[1.09932922],[3.2592963]
[4.29629836],[1.0801529],[3.2180768]
[4.29838657],[1.0590392],[3.18415054]
[4.30704522],[1.03939972],[3.15068493]
[4.31134675],[1.01951547],[3.11279965]
[4.29808525],[0.99937613],[3.0748946]
[4.29278377],[0.99015112],[3.04326765]
[4.28919193],[0.9861096],[3.01232483]
[4.27724205],[0.98335732],[2.97619789]
[4.2711358],[0.98107546],[2.95281345]
[4.26669638],[0.97725531],[2.92772763]
[4.25910859],[0.97330579],[2.90071817]
[4.24029052],[0.96708411],[2.86154693]
[4.22871679],[0.9610428],[2.81132339]
[4.21568961],[0.9550397],[2.75796488]
[4.19642004],[0.9492548],[2.70652921]
[4.18029684],[0.94247116],[2.68425458]
[3.96564363],[0.93363741],[2.61914812]
[3.17475653],[0.92413436],[2.06464747]
[0.72453811],[0.38362265],[0.13303263]
[0.],[0.],[0.]
[1.4550611],[0.53416323],[0.5402923]
[2.55229172],[0.82694436],[1.43720715]
[2.73541167],[0.91700935],[1.80667111]
[2.73683459],[0.99056809],[1.95352238]
[2.86988614],[1.01972123],[2.11282291]
[3.14595676],[1.04270418],[2.28359818]
[3.29384184],[1.04305507],[2.3318559]
[3.49882183],[1.03531867],[2.55612794]
[3.64255203],[1.03174687],[2.55110608]
[3.59363847],[1.02345111],[2.68913213]
[3.80290189],[1.02883246],[2.68075876]
[3.76705156],[1.03988607],[2.82305575]
[3.97512173],[1.05449597],[2.87150599]
[3.9700346],[1.06903502],[2.9873594]
[4.1502659],[1.08842887],[3.06766937]
[4.16353231],[1.0990626],[3.14268648]
[4.31153895],[1.10559342],[3.21781769]
[4.32671078],[1.11226832],[3.22779445]
[4.40827873],[1.11827215],[3.29477045]
[4.40919169],[1.12307006],[3.29189506]
[4.47852872],[1.13881701],[3.37862362]
[4.46219491],[1.15365369],[3.37052192]
[4.49237538],[1.16375089],[3.46122932]
[4.48925507],[1.16830512],[3.42760577]
[4.52317136],[1.17451391],[3.51794668]
[4.52476013],[1.18047064],[3.46285129]
[4.53878411],[1.18344537],[3.55681488]
[4.56677701],[1.18456719],[3.53114111]
[4.56297745],[1.18497799],[3.59823018]
[4.62535706],[1.1848522],[3.63581318]
[4.5893242],[1.18951962],[3.65297621]
[4.64555677],[1.19118598],[3.69559226]
[4.6075063],[1.19331604],[3.68781707]
[4.6507342],[1.19024332],[3.67798264]
[4.61963424],[1.18363983],[3.65087642]
[4.6181875],[1.16865479],[3.61681601]
[4.61759111],[1.1508916],[3.57780599]
[4.61976243],[1.13404745],[3.53786596]
[4.62497412],[1.1158425],[3.48679891]
[4.61805059],[1.0975693],[3.43893361]
[4.61061216],[1.07694061],[3.39069372]
[4.61575296],[1.05732392],[3.35081795]
[4.61252065],[1.03739414],[3.30756713]
[4.61214551],[1.01511971],[3.26834733]
[4.60621671],[0.9937499],[3.22062911]
[4.60149372],[0.98148733],[3.17235475]
[4.57901331],[0.97212737],[3.11313354]
[4.55461599],[0.96587317],[3.05415542]
[4.53574609],[0.95950795],[2.98677793]
[4.50275856],[0.95405348],[2.91368309]
[4.47157639],[0.94795045],[2.85312866]
[4.25978922],[0.94086219],[2.75201389]
[3.44930477],[0.9339414],[2.18467348]
[0.77859127],[0.45490685],[0.16888367]
[0.],[0.],[0.]
[1.55908934],[0.6052825],[0.64929136]
[2.56026135],[0.83544331],[1.50202262]
[2.75999304],[0.92959858],[1.85750506]
[2.76128629],[0.99593301],[1.99685973]
[2.89856545],[1.02704565],[2.16006248]
[3.2197038],[1.04947687],[2.36821573]
[3.46346869],[1.05353124],[2.45309264]
[3.57420628],[1.06486378],[2.68482545]
[3.7912303],[1.07393748],[2.73910279]
[3.76408121],[1.0798734],[2.88926349]
[3.96195151],[1.08987718],[2.89688309]
[3.94075058],[1.1034011],[3.03308231]
[4.13314052],[1.11948771],[3.106904]
[4.14924485],[1.13351914],[3.21517762]
[4.31926044],[1.15194586],[3.32130698]
[4.35953637],[1.16205331],[3.367829]
[4.49423854],[1.16861853],[3.46977086]
[4.52616972],[1.17523769],[3.46697832]
[4.61555769],[1.18120932],[3.56215552]
[4.61533745],[1.18527271],[3.54910329]
[4.69235498],[1.19819739],[3.64927862]
[4.6663126],[1.21220294],[3.62827496]
[4.71665566],[1.22120337],[3.7316955]
[4.70484174],[1.22558788],[3.6884377]
[4.74529528],[1.23177778],[3.78203147]
[4.74102281],[1.23817016],[3.72624237]
[4.76693741],[1.24003534],[3.8265422]
[4.77412847],[1.23989718],[3.79253266]
[4.79399807],[1.23784343],[3.86818372]
[4.83494954],[1.23489424],[3.90234252]
[4.83391857],[1.24085056],[3.9142937]
[4.85267338],[1.23636003],[3.95785503]
[4.85290366],[1.23703875],[3.94681377]
[4.86055932],[1.23336803],[3.94622332]
[4.85990701],[1.22663794],[3.91924717]
[4.84071839],[1.21605278],[3.89003295]
[4.83878299],[1.20303033],[3.85872487]
[4.83996557],[1.1917689],[3.82788137]
[4.84323626],[1.17716628],[3.78741915]
[4.83904878],[1.16091613],[3.73764501]
[4.8304465],[1.14151447],[3.68067471]
[4.82851962],[1.12289982],[3.6278171]
[4.82711235],[1.10405902],[3.57973396]
[4.83063702],[1.08339163],[3.54824035]
[4.83113206],[1.06387904],[3.51011047]
[4.83020863],[1.04341531],[3.46797812]
[4.81614882],[1.02326162],[3.41077547]
[4.80277956],[0.99229546],[3.35635053]
[4.79261465],[0.98048586],[3.29052823]
[4.77282459],[0.97541796],[3.21434065]
[4.75601657],[0.97016986],[3.14703833]
[4.56319411],[0.96346001],[3.0336837]
[3.78025289],[0.95733961],[2.43180357]
[0.91288184],[0.50608999],[0.2209027]
[0.],[0.],[0.]
[1.61576119],[0.65418623],[0.73027396]
[2.58904045],[0.8501441],[1.55441945]
[2.79379778],[0.9449417],[1.91829847]
[2.78843772],[1.00838028],[2.05043476]
[2.93138528],[1.03667486],[2.22213528]
[3.29314143],[1.05829153],[2.46753651]
[3.62375241],[1.0836436],[2.65815833]
[3.70263335],[1.12533458],[2.88819607]
[3.94188741],[1.13824179],[2.96949339]
[3.92440003],[1.14488333],[3.1270877]
[4.09787196],[1.15555069],[3.14532926]
[4.09484699],[1.16946863],[3.26847281]
[4.25498047],[1.18471995],[3.36684623]
[4.2969938],[1.19784515],[3.43960603]
[4.42937717],[1.21633761],[3.56880861]
[4.48537515],[1.22548063],[3.59224724]
[4.5905185],[1.2318183],[3.72370247]
[4.62928735],[1.23794067],[3.70319582]
[4.71043195],[1.24335894],[3.81087547]
[4.71852036],[1.24716767],[3.77935155]
[4.77987363],[1.25842025],[3.89130561]
[4.76780564],[1.2709711],[3.85098701]
[4.79580468],[1.27805326],[3.9556493]
[4.79211212],[1.28212843],[3.91301729]
[4.8192137],[1.28790372],[4.00247921]
[4.81589261],[1.29137255],[3.95103042]
[4.83537256],[1.28918883],[4.04052835]
[4.84084363],[1.28780625],[4.00643298]
[4.85687513],[1.2858379],[4.07747705]
[4.89155928],[1.28300219],[4.10388273]
[4.89686536],[1.28711426],[4.11484617]
[4.91050371],[1.28327731],[4.15554852]
[4.91542209],[1.28367314],[4.14221037]
[4.92813142],[1.27961988],[4.1447442]
[4.92177398],[1.27237684],[4.11718196]
[4.90849843],[1.26124864],[4.08664006]
[4.90752592],[1.24737177],[4.05582149]
[4.90806538],[1.2359853],[4.02402993]
[4.91185533],[1.22543792],[3.98753827]
[4.90900275],[1.21444399],[3.94466944]
[4.89740196],[1.19735136],[3.8938767]
[4.89482746],[1.18000459],[3.84473397]
[4.89187482],[1.1623023],[3.79032089]
[4.88564801],[1.14355863],[3.73746089]
[4.88765771],[1.12546775],[3.69499192]
[4.88805606],[1.10590726],[3.65427613]
[4.87766312],[1.08646047],[3.59671575]
[4.86681675],[1.05955468],[3.54069755]
[4.86018154],[1.03091907],[3.47948677]
[4.84574866],[1.00138507],[3.40694579]
[4.83244585],[0.98395759],[3.33622384]
[4.63791288],[0.9771849],[3.2131566]
[3.858077],[0.97130344],[2.58958283]
[0.98727801],[0.59024989],[0.27428053]
[0.],[0.],[0.]
[1.63141086],[0.67908328],[0.77736187]
[2.61339039],[0.86547089],[1.60700246]
[2.83165571],[0.96711178],[1.97046588]
[2.81094636],[1.01985053],[2.08342716]
[3.00824428],[1.04231196],[2.27709409]
[3.33431993],[1.07553959],[2.55993086]
[3.7318603],[1.12982205],[2.79900876]
[3.80951765],[1.16670986],[3.05481865]
[4.03054321],[1.180329],[3.15404859]
[4.02647703],[1.18510182],[3.28900297]
[4.18003836],[1.19661689],[3.34437332]
[4.19316286],[1.2093918],[3.42914633]
[4.32755839],[1.2226424],[3.55462599]
[4.39528222],[1.23353915],[3.59400084]
[4.50734294],[1.24755662],[3.748071]
[4.57471977],[1.25552465],[3.75842729]
[4.66561802],[1.26266075],[3.89602866]
[4.71624942],[1.26927445],[3.86459242]
[4.7807882],[1.27591838],[3.9820828]
[4.79908773],[1.2813317],[3.94651716]
[4.84086957],[1.29071302],[4.05386965]
[4.83699698],[1.30198773],[4.01886341]
[4.85668568],[1.30791168],[4.10977088]
[4.8520453],[1.31029576],[4.06918289]
[4.87633591],[1.31274866],[4.15262216]
[4.87221014],[1.31496493],[4.10260189]
[4.89573188],[1.31271544],[4.1874182]
[4.90290537],[1.31131731],[4.15438631]
[4.92204654],[1.30879573],[4.22417249]
[4.95593223],[1.30657866],[4.2508109]
[4.95409912],[1.30671263],[4.27103634]
[4.98132463],[1.30553023],[4.30874427]
[4.98101008],[1.30488828],[4.30589202]
[4.99851311],[1.3011982],[4.30875752]
[4.99112039],[1.2947466],[4.27756103]
[4.98015355],[1.28487901],[4.2422908]
[4.97935391],[1.27192847],[4.20647044]
[4.97942039],[1.25947055],[4.16308402]
[4.98173755],[1.24683123],[4.12565644]
[4.97899811],[1.23423964],[4.08061158]
[4.96557015],[1.22087628],[4.0322956]
[4.95609158],[1.20628577],[3.98460261]
[4.94210753],[1.18827003],[3.93054603]
[4.92821005],[1.17045368],[3.87857149]
[4.9223131],[1.15298708],[3.82510861]
[4.91723365],[1.13395566],[3.77039578]
[4.90820298],[1.11472822],[3.70739373]
[4.89773617],[1.08940809],[3.65037396]
[4.89110747],[1.06027481],[3.58687131]
[4.87738132],[1.02987026],[3.51319784]
[4.86033183],[0.99625622],[3.44347312]
[4.66825969],[0.9829106],[3.32289037]
[3.89207091],[0.97759759],[2.6909594]
[1.06548029],[0.64074283],[0.31519998]
[0.],[0.],[0.]
[1.66702488],[0.68068209],[0.80868147]
[2.64943963],[0.86064415],[1.6277647]
[2.8675981],[0.95563744],[1.97464368]
[2.83522028],[1.00131006],[2.07885453]
[3.09312081],[1.03882348],[2.29330845]
[3.41654182],[1.09268438],[2.63894159]
[3.81003276],[1.14548392],[2.90121553]
[3.899773],[1.17847974],[3.15431227]
[4.10388659],[1.19390548],[3.26662185]
[4.12022253],[1.19949909],[3.37134637]
[4.25179738],[1.21372435],[3.46674722]
[4.29081055],[1.22663974],[3.51980275]
[4.39722786],[1.23968453],[3.66439664]
[4.4947268],[1.25051921],[3.70937244]
[4.57453946],[1.26431898],[3.86875004]
[4.65731722],[1.27190675],[3.8805914]
[4.73479448],[1.27832497],[3.99837008]
[4.79146488],[1.2845283],[3.98119179]
[4.8439283],[1.29101216],[4.07788809]
[4.86437927],[1.29631433],[4.05283411]
[4.90145473],[1.30408817],[4.14529341]
[4.89949403],[1.31318406],[4.11447061]
[4.91955923],[1.31600889],[4.19475384]
[4.92226241],[1.31779508],[4.16863637]
[4.94787285],[1.32071784],[4.24975822]
[4.94948593],[1.32256992],[4.21211594]
[4.97125359],[1.32083862],[4.29120586]
[4.97576229],[1.31946569],[4.26427043]
[4.99885408],[1.31689205],[4.33628177]
[5.02952495],[1.31470884],[4.36434946]
[5.03476849],[1.31318112],[4.38314667]
[5.06171232],[1.31212919],[4.42196709]
[5.06351481],[1.31066317],[4.41326546]
[5.07263076],[1.30743466],[4.4149187]
[5.0706912],[1.300776],[4.38231932]
[5.05620297],[1.29057854],[4.3463973]
[5.05440364],[1.2774734],[4.30968068]
[5.05427357],[1.26436434],[4.26742899]
[5.05670234],[1.25124159],[4.21668036]
[5.0544591],[1.23828009],[4.15933247]
[5.03777138],[1.22362619],[4.10961012]
[5.0247742],[1.21024099],[4.06344016]
[5.00847006],[1.19671881],[4.01252685]
[4.99219694],[1.17942935],[3.95925158]
[4.97878824],[1.16242643],[3.90677254]
[4.96412873],[1.14401285],[3.85146369]
[4.94581941],[1.12554033],[3.78527582]
[4.92826839],[1.10313367],[3.71210217]
[4.92135216],[1.07551587],[3.64380439]
[4.90542487],[1.04685898],[3.56138396]
[4.88641472],[1.01540337],[3.49216249]
[4.69871502],[0.98425016],[3.37736191]
[3.92581221],[0.96963327],[2.74739181]
[1.16830422],[0.67918557],[0.37503916]
[0.],[0.],[0.]
[1.67153593],[0.67267742],[0.81267709]
[2.66285699],[0.86471552],[1.65595242]
[2.89290046],[0.96736877],[2.00692457]
[2.85153087],[1.01338051],[2.1152398]
[3.16682154],[1.05283177],[2.38640496]
[3.48716975],[1.12303234],[2.76699409]
[3.87904668],[1.17417802],[3.05037148]
[3.98230312],[1.20417027],[3.29031082]
[4.18553269],[1.22237847],[3.43037236]
[4.20573123],[1.23022179],[3.50463406]
[4.33375916],[1.24434933],[3.63331374]
[4.37486032],[1.25776499],[3.65542656]
[4.49281513],[1.2704688],[3.84391653]
[4.56362921],[1.28093992],[3.86126415]
[4.64551529],[1.2937544],[4.01695033]
[4.72266839],[1.30019594],[4.01998783]
[4.81075066],[1.30610827],[4.13984256]
[4.8549321],[1.31186904],[4.11463907]
[4.91853015],[1.31775913],[4.22102826]
[4.93504986],[1.32058746],[4.19649873]
[4.98301739],[1.32450616],[4.29939673]
[4.97242703],[1.33134147],[4.27023953]
[5.00458864],[1.33424959],[4.36371705]
[4.99827124],[1.33633463],[4.33603028]
[5.03408281],[1.33933378],[4.42427518]
[5.04269003],[1.34071598],[4.39570383]
[5.05962456],[1.33928112],[4.46630691]
[5.08405327],[1.33817911],[4.46235837]
[5.08759782],[1.33574537],[4.50973891]
[5.14933988],[1.33355777],[4.57335353]
[5.1522033],[1.33219285],[4.58799279]
[5.18471965],[1.32955289],[4.63656444]
[5.18345236],[1.32711438],[4.62683848]
[5.19108707],[1.3239141],[4.62745593]
[5.18021993],[1.31736448],[4.57186047]
[5.16306187],[1.30752004],[4.52385949]
[5.15519978],[1.29521341],[4.47905831]
[5.14835887],[1.28229897],[4.43130695]
[5.14754185],[1.26907055],[4.38088967]
[5.14383941],[1.25602123],[4.32285601]
[5.12833624],[1.24154456],[4.2600725]
[5.1103765],[1.22771218],[4.2004744]
[5.09039951],[1.2140779],[4.14934854]
[5.07062484],[1.20163272],[4.09898386]
[5.05477739],[1.18820983],[4.0490527]
[5.03784533],[1.17182218],[3.99633711]
[5.01735234],[1.15495615],[3.93709522]
[4.99745324],[1.13625547],[3.8687754]
[4.98627635],[1.11119724],[3.803935]
[4.96828824],[1.08459381],[3.72529106]
[4.94994759],[1.05527084],[3.65002933]
[4.76542215],[1.02610098],[3.53086657]
[3.99950389],[0.99470531],[2.88103434]
[1.29779346],[0.71179756],[0.47668087]
[0.],[0.],[0.]
[1.70896927],[0.67340367],[0.84469818]
[2.6973719],[0.87188586],[1.69938244]
[2.92509091],[0.98349596],[2.04981864]
[2.88155402],[1.02685192],[2.16602422]
[3.23570008],[1.07052569],[2.51859751]
[3.5589989],[1.1625927],[2.91961118]
[3.94085018],[1.21060287],[3.21732781]
[4.06755491],[1.23668893],[3.4456643]
[4.25233649],[1.25716463],[3.61321023]
[4.29156692],[1.26544801],[3.65737124]
[4.41129641],[1.27885225],[3.81595735]
[4.47164625],[1.29165598],[3.83451858]
[4.55040078],[1.30364841],[4.00772883]
[4.63384685],[1.31285955],[4.03456618]
[4.70675461],[1.32439268],[4.17141402]
[4.78811517],[1.32904105],[4.18500325]
[4.87081028],[1.33265997],[4.31787298]
[4.92075016],[1.33654486],[4.30869186]
[4.98596338],[1.34038272],[4.40715105]
[5.02179688],[1.34325596],[4.40131931]
[5.05063314],[1.34740292],[4.48320444]
[5.07553039],[1.35266012],[4.49177562]
[5.08249622],[1.3556396],[4.55571223]
[5.11464538],[1.35790865],[4.5762485]
[5.13800816],[1.36089359],[4.64048997]
[5.1545973],[1.36252353],[4.64336293]
[5.18213687],[1.36147428],[4.70180696]
[5.18746073],[1.36051608],[4.70753562]
[5.22496801],[1.35883067],[4.76840486]
[5.24638351],[1.35635857],[4.81858185]
[5.26260206],[1.35417281],[4.83650189]
[5.27315344],[1.35035979],[4.87331481]
[5.28454574],[1.34863523],[4.86357033]
[5.27873791],[1.34603355],[4.85841635]
[5.28189958],[1.33837603],[4.81180279]
[5.26519934],[1.32839989],[4.76448447]
[5.26229647],[1.316113],[4.71668723]
[5.25791261],[1.30486935],[4.6685892]
[5.25488155],[1.29231118],[4.60843515]
[5.24688206],[1.28027526],[4.53828909]
[5.21583921],[1.26726781],[4.4580458]
[5.18463591],[1.25451748],[4.39348596]
[5.16687686],[1.24187352],[4.33369852]
[5.14978853],[1.22902679],[4.27429768]
[5.1359159],[1.21811207],[4.22071602]
[5.12193181],[1.2076992],[4.17530505]
[5.10223953],[1.19297656],[4.11880929]
[5.07968465],[1.17630751],[4.05064626]
[5.06243582],[1.15380682],[3.97994713]
[5.04257853],[1.1292378],[3.90061084]
[5.01903533],[1.10225343],[3.82184993]
[4.82989745],[1.07542171],[3.69872802]
[4.05958742],[1.04665004],[3.04312318]
[1.29388709],[0.7530819],[0.51283212]
[0.],[0.],[0.]
[1.74808616],[0.67019006],[0.86676862]
[2.73066066],[0.86858553],[1.71262574]
[2.95052186],[0.97648599],[2.05442245]
[2.90561422],[1.01454781],[2.17350878]
[3.36881255],[1.08549872],[2.62348596]
[3.61885162],[1.17947916],[3.00691743]
[4.00417631],[1.22705279],[3.32757183]
[4.15880457],[1.25344101],[3.53401675]
[4.31584648],[1.27630102],[3.72650571]
[4.39645556],[1.2862974],[3.77502112]
[4.48310619],[1.29926084],[3.93810033]
[4.54612397],[1.31080257],[3.95475583]
[4.599478],[1.321924],[4.11364253]
[4.70006639],[1.32969768],[4.15350228]
[4.76644266],[1.33791014],[4.28779038]
[4.84695916],[1.34178238],[4.33016943]
[4.94338129],[1.34566293],[4.45986228]
[5.06073079],[1.34996022],[4.50763138]
[5.12644168],[1.35425578],[4.59997216]
[5.16267473],[1.35762132],[4.62664156]
[5.20620934],[1.36278277],[4.71076518]
[5.2011748],[1.36744809],[4.72807094]
[5.24090035],[1.37132237],[4.80215278]
[5.22860931],[1.37417963],[4.80198662]
[5.27930651],[1.37877064],[4.88375813]
[5.25808401],[1.38293471],[4.88468332]
[5.31453979],[1.38646339],[4.96843457]
[5.28506019],[1.38990721],[4.9887979]
[5.34176302],[1.3936887],[5.06968941]
[5.33982495],[1.39535726],[5.15944201]
[5.37433049],[1.39689238],[5.19567259]
[5.37760989],[1.39836095],[5.27380434]
[5.45869529],[1.39965433],[5.29233767]
[5.40231409],[1.39812871],[5.32242566]
[5.43429473],[1.3936819],[5.27170183]
[5.3959713],[1.37917796],[5.20942224]
[5.3973948],[1.35954949],[5.13827073]
[5.40345571],[1.34185185],[5.07059178]
[5.40810163],[1.32372347],[4.97771663]
[5.4136208],[1.30521281],[4.85367455]
[5.39328256],[1.28795609],[4.7349946]
[5.34719793],[1.27428825],[4.61969672]
[5.30106797],[1.26165469],[4.53249301]
[5.26331233],[1.24766852],[4.44930817]
[5.22612371],[1.23546985],[4.372714]
[5.2020692],[1.22419803],[4.311101]
[5.17531707],[1.21201414],[4.24258885]
[5.15203528],[1.19800604],[4.16890144]
[5.13548356],[1.17709228],[4.09813758]
[5.11727861],[1.15342272],[4.0173097]
[5.09086879],[1.12700538],[3.92829456]
[4.90645708],[1.10090659],[3.80410242]
[4.13450284],[1.07312798],[3.15024537]
[1.34527553],[0.78672949],[0.55328529]
[0.],[0.],[0.]
[1.73897318],[0.65811905],[0.85591695]
[2.74223654],[0.87450745],[1.74011568]
[2.96132675],[0.98718678],[2.08694114]
[3.0473443],[1.02494139],[2.26226852]
[3.47025914],[1.11780077],[2.75527799]
[3.64958112],[1.20603459],[3.13673651]
[4.06450419],[1.25286577],[3.46963919]
[4.25775436],[1.28122551],[3.67318827]
[4.42258992],[1.30382796],[3.90422963]
[4.46877225],[1.31338844],[3.92505424]
[4.54511448],[1.32579268],[4.09276436]
[4.60575325],[1.33616763],[4.09378466]
[4.67559348],[1.34467156],[4.26045899]
[4.75844637],[1.35102965],[4.31582004]
[4.8419949],[1.35990394],[4.48409851]
[4.99491405],[1.36494397],[4.58803289]
[5.12685373],[1.37093907],[4.75926233]
[5.18198104],[1.37790491],[4.79815182]
[5.26959498],[1.38619387],[4.92313202]
[5.26509802],[1.39332451],[4.95179552]
[5.32966071],[1.40225213],[5.07548353]
[5.29579233],[1.40881701],[5.13302938]
[5.38043887],[1.41842953],[5.25394362]
[5.38984683],[1.42707863],[5.29911924]
[5.49694381],[1.43640762],[5.42450368]
[5.52674052],[1.44502525],[5.4766777]
[5.6206144],[1.45259603],[5.61781627]
[5.6623814],[1.45811808],[5.69001315]
[5.7734143],[1.4638069],[5.84229777]
[5.89622761],[1.46659697],[6.01218125]
[5.96834203],[1.46772392],[6.12154096]
[6.03694668],[1.46964676],[6.25715157]
[6.05473888],[1.47097157],[6.35222248]
[6.08587895],[1.46828268],[6.3967142]
[6.06200021],[1.46456542],[6.39047253]
[6.07868315],[1.45024029],[6.28224972]
[6.04307674],[1.43008553],[6.15601882]
[6.03844804],[1.40989798],[6.03276278]
[6.03295145],[1.39014907],[5.90140579]
[6.02637699],[1.37313486],[5.70659637]
[6.01889056],[1.35438425],[5.5072976]
[5.93986042],[1.33516815],[5.27747391]
[5.79549937],[1.31435422],[5.08592944]
[5.63730588],[1.29218479],[4.90729097]
[5.48290172],[1.27241546],[4.7625574]
[5.38936898],[1.25426377],[4.63546074]
[5.34093838],[1.23879117],[4.51641466]
[5.29141256],[1.22477207],[4.40042524]
[5.25520542],[1.20892524],[4.30218041]
[5.22990297],[1.18890634],[4.2070004]
[5.19950678],[1.1637874],[4.11253135]
[5.00484714],[1.13902578],[3.98354603]
[4.22848701],[1.11275177],[3.31465245]
[1.41574917],[0.84139519],[0.65412394]
[0.],[0.],[0.]
[1.78349331],[0.66080976],[0.89308845]
[2.77231908],[0.88370273],[1.78127303]
[2.98077291],[0.99904358],[2.14520937]
[3.17535676],[1.0430641],[2.43576317]
[3.55282299],[1.1573652],[2.91791738]
[3.69684401],[1.23989115],[3.29686737]
[4.14576441],[1.28704855],[3.65599991]
[4.37476313],[1.31404606],[3.85754379]
[4.48744227],[1.33383223],[4.07857136]
[4.5352041],[1.34166488],[4.09125638]
[4.59184424],[1.35075433],[4.25568358]
[4.68318152],[1.35925856],[4.30854199]
[4.7548573],[1.37048178],[4.52374929]
[4.87762752],[1.38761591],[4.6804371]
[5.01084615],[1.40609283],[4.90471087]
[5.1545949],[1.41584686],[5.0656871]
[5.29589786],[1.42493244],[5.26672707]
[5.32220551],[1.43438643],[5.38060189]
[5.53092087],[1.44680262],[5.54185955]
[5.65161137],[1.45805322],[5.64099141]
[5.77049544],[1.47079018],[5.82372361]
[5.86909684],[1.48063792],[5.98999882]
[5.93951069],[1.49315348],[6.17467518]
[6.0152834],[1.50390073],[6.34004488]
[6.06525259],[1.51341306],[6.52473216]
[6.11776047],[1.52617198],[6.64927066]
[6.15581764],[1.52970766],[6.82368113]
[6.24971987],[1.54821766],[6.94760112]
[6.28079128],[1.54013512],[7.10777249]
[6.38956186],[1.56949914],[7.28542433]
[6.47131366],[1.56658643],[7.39724653]
[6.60564105],[1.58203041],[7.55949326]
[6.66517044],[1.57909062],[7.63465531]
[6.67726298],[1.5763857],[7.72035413]
[6.66586441],[1.56888146],[7.67398892]
[6.65654262],[1.56166991],[7.62358922]
[6.63067473],[1.52517689],[7.45411749]
[6.59047722],[1.48814257],[7.29431888]
[6.57108537],[1.46107605],[7.12697022]
[6.5479363],[1.44146455],[6.94454957]
[6.53545622],[1.4213969],[6.71430202]
[6.53441401],[1.40424701],[6.46838683]
[6.45930876],[1.3867628],[6.18426521]
[6.31448544],[1.36584905],[5.85507115]
[6.1803854],[1.34587947],[5.57363472]
[6.03871465],[1.32615546],[5.34529582]
[5.89202324],[1.30551604],[5.15210374]
[5.7448752],[1.28223969],[4.95860378]
[5.62269255],[1.26020081],[4.79739735]
[5.50818571],[1.23464577],[4.63258085]
[5.40100785],[1.20699751],[4.46045938]
[5.17767192],[1.18231219],[4.24151681]
[4.36291817],[1.15673134],[3.51383563]
[1.55935405],[0.97759963],[0.81041872]
[0.],[0.],[0.]
[1.82685993],[0.67086148],[0.93779137]
[2.80123991],[0.89432452],[1.82679721]
[3.00954499],[1.01099403],[2.20470376]
[3.27973754],[1.05792526],[2.57577577]
[3.61848245],[1.18887997],[3.04817061]
[3.77363699],[1.26540988],[3.42029057]
[4.24934243],[1.31713665],[3.83021514]
[4.46531406],[1.34281668],[4.01151576]
[4.54188978],[1.35588428],[4.2376878]
[4.61768939],[1.36455759],[4.30347651]
[4.67927249],[1.38552821],[4.53419215]
[4.77647361],[1.40476368],[4.70107042]
[4.89280159],[1.4294758],[5.0120811]
[5.10336688],[1.44962205],[5.25880538]
[5.25159111],[1.47460903],[5.52800683]
[5.31694579],[1.48959767],[5.74953182]
[5.57942203],[1.50259244],[6.03137579]
[5.88136529],[1.51738966],[6.3146652]
[6.05047505],[1.52677828],[6.58617538]
[6.19090957],[1.56155369],[6.77499595]
[6.28250395],[1.56372643],[7.0297635]
[6.37615749],[1.60023686],[7.22717967]
[6.43395478],[1.6078066],[7.48986762]
[6.57272253],[1.63995221],[7.70048227]
[6.63421503],[1.64262498],[7.88839799]
[6.71639605],[1.66141348],[8.06879587]
[6.79235839],[1.66392737],[8.223886]
[6.82012324],[1.68206766],[8.41560657]
[6.89769438],[1.68471157],[8.54211848]
[6.91160735],[1.70179585],[8.74818936]
[7.00294868],[1.70576311],[8.84384611]
[7.03252238],[1.71601575],[8.98603923]
[7.17121938],[1.72003952],[9.10077321]
[7.13643071],[1.71435911],[9.14514174]
[7.18971143],[1.70838077],[9.15598195]
[7.12599228],[1.70058841],[9.05926353]
[7.13891746],[1.69287496],[8.93722352]
[7.11437195],[1.66042541],[8.78248375]
[7.0988883],[1.61970543],[8.61123389]
[7.09335159],[1.55472507],[8.39346307]
[7.08273211],[1.50624397],[8.12836736]
[7.08390872],[1.47261152],[7.81371506]
[7.07775345],[1.45309627],[7.48240921]
[6.96127161],[1.4348742],[7.12083634]
[6.84306838],[1.41836071],[6.80360975]
[6.69348212],[1.40096022],[6.4851977]
[6.55768038],[1.38035055],[6.18770936]
[6.41220005],[1.35627922],[5.85210151]
[6.27823653],[1.33326009],[5.59168736]
[6.16438732],[1.30597727],[5.35655052]
[6.0447251],[1.27720406],[5.12770813]
[5.74698547],[1.24911255],[4.82795961]
[4.86070451],[1.22149299],[4.00461738]
[1.81821374],[1.08452075],[1.08940739]
[0.],[0.],[0.]
[1.87059658],[0.67900004],[0.97866435]
[2.8384121],[0.89445514],[1.85032135]
[3.04899034],[1.00378885],[2.23428158]
[3.36948446],[1.06588409],[2.68664889]
[3.67262888],[1.20820448],[3.1427128]
[3.91751915],[1.28363904],[3.54696926]
[4.34334059],[1.33481216],[4.02446994]
[4.54525952],[1.36919574],[4.23510829]
[4.5995263],[1.39539745],[4.53968454]
[4.72302989],[1.41527117],[4.79918832]
[4.83901668],[1.44087911],[5.1240534]
[5.06745432],[1.46406453],[5.38698941]
[5.22738425],[1.49471301],[5.72670656]
[5.29806727],[1.52281629],[5.99357782]
[5.48362448],[1.5442374],[6.31338446]
[5.82244286],[1.59311982],[6.65085678]
[6.07198507],[1.60937275],[7.0937236]
[6.27270057],[1.64300801],[7.41697357]
[6.55198452],[1.65843501],[7.82490089]
[6.73059789],[1.68752389],[8.10969302]
[6.88475004],[1.70119357],[8.39528675]
[6.88504225],[1.72951321],[8.66121566]
[6.99312136],[1.74619376],[8.95647978]
[7.03102108],[1.77218462],[9.18905577]
[7.1234802],[1.77728206],[9.41405]
[7.20343991],[1.79337666],[9.5644352]
[7.31860951],[1.80003178],[9.76606066]
[7.41052897],[1.82265066],[9.91507445]
[7.47829337],[1.83126709],[10.06518438]
[7.55751977],[1.83626394],[10.22709114]
[7.58938167],[1.85162677],[10.37895277]
[7.643292],[1.84812622],[10.49739206]
[7.65701932],[1.86161869],[10.65943036]
[7.70496078],[1.85632745],[10.72498275]
[7.6784258],[1.8485133],[10.7947323]
[7.70748796],[1.84694002],[10.70220698]
[7.67602589],[1.83696403],[10.55633585]
[7.69589519],[1.81042012],[10.37833097]
[7.67046247],[1.77428426],[10.17951608]
[7.66614616],[1.73425222],[9.95287256]
[7.66086324],[1.68771262],[9.66442543]
[7.6575158],[1.63415686],[9.37232273]
[7.65673402],[1.56275146],[8.95493097]
[7.63825005],[1.50657164],[8.54180714]
[7.50712692],[1.47815628],[8.1603683]
[7.34490137],[1.46155529],[7.7954353]
[7.20847281],[1.44416761],[7.44059173]
[7.06143063],[1.42121821],[7.05553657]
[6.92584219],[1.3976981],[6.74127274]
[6.79127192],[1.36883847],[6.42633733]
[6.66730729],[1.33882828],[6.10692104]
[6.37436086],[1.31013634],[5.72388977]
[5.51812896],[1.28177824],[4.77090233]
[2.01190938],[1.17726844],[1.40164851]
[0.],[0.],[0.]
[1.86599366],[0.67234853],[0.97782797]
[2.85412121],[0.90134883],[1.88263678]
[3.18759853],[1.02097579],[2.34621798]
[3.44136768],[1.11539224],[2.86460934]
[3.75494415],[1.26747631],[3.38992419]
[4.08082409],[1.34018929],[3.85949728]
[4.44530956],[1.399106],[4.41576734]
[4.66370641],[1.4327292],[4.76376357]
[4.82286447],[1.46178291],[5.22490045]
[5.04149576],[1.48384515],[5.51921839]
[5.1924137],[1.51544955],[5.87866939]
[5.25710889],[1.54817739],[6.16438052]
[5.40681148],[1.5818721],[6.53574363]
[5.70434872],[1.6155806],[6.83916591]
[6.00150729],[1.66171309],[7.3162534]
[6.16148415],[1.73062936],[7.69328482]
[6.50920653],[1.75172786],[8.31363471]
[6.75824929],[1.7783071],[8.75618789]
[6.97746992],[1.79416929],[9.26492316]
[7.18180481],[1.81985149],[9.57766462]
[7.40973435],[1.83403434],[9.97891041]
[7.51475875],[1.85919737],[10.17894373]
[7.56738393],[1.87618276],[10.55743467]
[7.61550956],[1.89733137],[10.7977896]
[7.65768485],[1.9142769],[11.13176011]
[7.71782021],[1.92859194],[11.2786187]
[7.73196062],[1.93986392],[11.50179968]
[7.91059548],[1.95351225],[11.66085715]
[7.94496663],[1.96067645],[11.80876523]
[8.1271783],[1.96503329],[12.00877199]
[8.17933661],[1.97626417],[12.12420197]
[8.24164938],[1.9748461],[12.28027286]
[8.29475088],[1.98567765],[12.37727308]
[8.32284694],[1.98008036],[12.51606808]
[8.33940752],[1.9748689],[12.558055]
[8.32338605],[1.97181702],[12.56712379]
[8.32861848],[1.96210122],[12.36932852]
[8.31311726],[1.94227422],[12.21651278]
[8.31857271],[1.91204003],[11.97549204]
[8.28956087],[1.88034034],[11.73844077]
[8.27789507],[1.84116342],[11.43569771]
[8.26981306],[1.80377521],[11.10931719]
[8.26302632],[1.75772004],[10.75594949]
[8.2527997],[1.70157444],[10.31160756]
[8.1876855],[1.64510437],[9.87194523]
[8.01664526],[1.57585632],[9.38977632]
[7.88427128],[1.51925671],[8.96059928]
[7.73856261],[1.49148611],[8.54601837]
[7.61139697],[1.47190984],[8.16211675]
[7.46368028],[1.44628337],[7.77877317]
[7.32351189],[1.41540298],[7.39070549]
[7.00682804],[1.3842912],[6.98033943]
[6.15093243],[1.35471791],[5.97239683]
[2.26673207],[1.2599322],[1.65423085]
[0.],[0.],[0.]
[1.95304346],[0.70106182],[1.06849827]
[2.9218929],[0.96133682],[1.99305204]
[3.34264752],[1.05942318],[2.65990959]
[3.56336463],[1.213858],[3.21424313]
[4.00080907],[1.36388736],[3.90850218]
[4.28864988],[1.43456404],[4.38003392]
[4.57151312],[1.47855873],[5.02003374]
[4.94120515],[1.51483074],[5.50493969]
[5.1586208],[1.54276973],[5.99221246]
[5.23064153],[1.57915847],[6.36707066]
[5.36839752],[1.60527843],[6.73863252]
[5.50697889],[1.63278893],[6.96806615]
[5.9344734],[1.68221266],[7.4925386]
[6.09948236],[1.74932123],[7.86315659]
[6.32488625],[1.79526301],[8.51937432]
[6.69931669],[1.8570496],[9.04409792]
[6.90586497],[1.87727408],[9.70955939]
[7.18093932],[1.90072356],[10.20116514]
[7.50785756],[1.91742755],[10.79771903]
[7.6496449],[1.93966563],[11.24015004]
[7.76422058],[1.95533238],[11.6681175]
[8.04257406],[1.97694841],[11.97897117]
[8.12144719],[1.99491566],[12.31579698]
[8.21238423],[2.0122445],[12.58725475]
[8.28326109],[2.02702667],[12.89938671]
[8.31601291],[2.0388734],[13.18729248]
[8.38607718],[2.05077197],[13.38263765]
[8.38758189],[2.06018906],[13.60556662]
[8.45566625],[2.06770016],[13.73224569]
[8.48308143],[2.07200473],[13.95224816]
[8.70909581],[2.08095795],[14.12798687]
[8.76287877],[2.08149523],[14.28201504]
[8.8780613],[2.08933129],[14.41402268]
[8.93161382],[2.08556946],[14.52583424]
[8.95486649],[2.08336263],[14.5991599]
[8.93145628],[2.07924235],[14.57463267]
[8.92806863],[2.07073914],[14.466532]
[8.90233908],[2.05440355],[14.21406855]
[8.90450161],[2.02823854],[14.00840829]
[8.87477928],[2.00114108],[13.71105741]
[8.83458019],[1.96640206],[13.42221866]
[8.81587899],[1.9322743],[13.11434373]
[8.79512171],[1.89886328],[12.74806411]
[8.77212634],[1.85905205],[12.31364857]
[8.75268998],[1.81192247],[11.8434178]
[8.64400992],[1.75951782],[11.30624666]
[8.52388709],[1.70729623],[10.77101546]
[8.4116222],[1.64720524],[10.30016462]
[8.27178654],[1.58495484],[9.84162179]
[8.11433116],[1.51444996],[9.38437009]
[7.97031224],[1.48917506],[8.88003302]
[7.62022972],[1.46185123],[8.36518293]
[6.75776409],[1.43084301],[7.30800303]
[2.5475018],[1.33634385],[1.96076841]
[0.14756036],[0.12588105],[0.00490612]
[2.01456694],[0.72308224],[1.14924562]
[2.94127744],[0.99652021],[2.11991243]
[3.45251393],[1.09780543],[2.92770157]
[3.68739154],[1.28615422],[3.53968596]
[4.1387974],[1.44717421],[4.32307138]
[4.37985759],[1.52239251],[4.81413543]
[4.72252458],[1.56477614],[5.55053108]
[5.07815007],[1.60032779],[6.11714349]
[5.28533475],[1.62435271],[6.73942387]
[5.31895525],[1.66969583],[7.08435011]
[5.5705273],[1.71701254],[7.52489327]
[5.89626311],[1.77306682],[7.89210292]
[6.11316407],[1.82259702],[8.63339552]
[6.43103287],[1.88043837],[9.10843371]
[6.72154621],[1.92296553],[9.84184347]
[6.86462378],[1.9746607],[10.41032704]
[7.2407012],[1.99652438],[11.07553654]
[7.49971235],[2.0165012],[11.66422606]
[7.66782532],[2.03379403],[12.35638417]
[8.04574767],[2.0527619],[12.85133684]
[8.24320208],[2.06757831],[13.43241903]
[8.33368874],[2.08691801],[13.83716133]
[8.43867635],[2.10107655],[14.19378359]
[8.43702187],[2.11416889],[14.51671649]
[8.59301655],[2.12487868],[14.84490908]
[8.73152335],[2.13605936],[15.12815456]
[8.86404469],[2.15217186],[15.47859145]
[8.93595664],[2.16222473],[15.6847349]
[9.00337378],[2.17125716],[15.96312948]
[9.08144229],[2.17649786],[16.15486463]
[9.11989837],[2.18387245],[16.35945215]
[9.16897779],[2.18914953],[16.48171978]
[9.18295866],[2.19555245],[16.63262252]
[9.32251354],[2.19703496],[16.76742256]
[9.32072503],[2.19798298],[16.84524212]
[9.37145724],[2.18883099],[16.83323494]
[9.22573818],[2.17282578],[16.72402125]
[9.30004047],[2.15006169],[16.54675716]
[9.20870853],[2.12848734],[16.29367116]
[9.22114636],[2.10637561],[15.99236168]
[9.19779289],[2.0786374],[15.64028939]
[9.19575284],[2.05158083],[15.3173142]
[9.19325936],[2.02357362],[14.96185885]
[9.19091047],[1.9908559],[14.51482015]
[9.19283776],[1.95762091],[14.04978906]
[9.18811744],[1.92225398],[13.50269896]
[9.1287452],[1.88381909],[12.89161886]
[8.99255403],[1.83692017],[12.32260955]
[8.80367104],[1.78547047],[11.76655748]
[8.67184091],[1.72020461],[11.22639014]
[8.53274524],[1.64743729],[10.61575482]
[8.18075939],[1.57011232],[10.01950566]
[7.29278679],[1.50560633],[8.79875801]
[2.73549191],[1.41474929],[2.2568842]
[0.37116758],[0.32300345],[0.04947676]
[2.07948112],[0.73633835],[1.20910515]
[2.96194006],[1.00055017],[2.19587301]
[3.55602228],[1.12961857],[3.09296548]
[3.81634635],[1.32432428],[3.75722819]
[4.24535016],[1.48795717],[4.57338341]
[4.48034958],[1.56490908],[5.11721688]
[4.94262433],[1.60769777],[5.90011795]
[5.17690513],[1.64079495],[6.53076636]
[5.37107799],[1.71902941],[7.22894921]
[5.45003357],[1.77682906],[7.58665313]
[5.88700844],[1.82532962],[8.25784003]
[6.06946802],[1.87487889],[8.73260119]
[6.29760301],[1.92809505],[9.43326296]
[6.68299938],[1.98239464],[10.15079839]
[6.89005355],[2.026947],[10.88843326]
[7.15426353],[2.0706877],[11.38567906]
[7.49194702],[2.09445494],[12.30444352]
[7.64349198],[2.10981729],[12.85875427]
[7.96835953],[2.1260636],[13.59366424]
[8.25540107],[2.14036579],[14.36916158]
[8.42368244],[2.1554838],[14.99084288]
[8.48485202],[2.17431554],[15.38365603]
[8.77057839],[2.19797589],[15.87784177]
[8.887014],[2.21858354],[16.28587149]
[8.98006471],[2.23976065],[16.78878749]
[9.04242958],[2.25852786],[17.09335845]
[9.10502782],[2.27482475],[17.51598891]
[9.15705172],[2.28404672],[17.71247213]
[9.19857118],[2.29305276],[18.02258902]
[9.37008139],[2.29932681],[18.23235115]
[9.47145904],[2.30563911],[18.4040321]
[9.62940197],[2.31351705],[18.61926565]
[9.70108793],[2.31943974],[18.76580389]
[9.78376894],[2.32577847],[19.04057724]
[9.82809307],[2.33587722],[19.14433175]
[9.81765217],[2.35372003],[19.21644624]
[9.80561682],[2.34288667],[19.07339168]
[9.79720387],[2.32763757],[18.95601199]
[9.78513903],[2.29436708],[18.61769638]
[9.77408931],[2.23488011],[18.31040563]
[9.75648319],[2.17388652],[17.85336827]
[9.72423942],[2.13656513],[17.44512243]
[9.7066741],[2.11185156],[17.02673658]
[9.68469416],[2.08482435],[16.53763145]
[9.67534118],[2.05776357],[16.03746959]
[9.66073486],[2.03063785],[15.42523304]
[9.55091895],[2.00096518],[14.83905865]
[9.35079336],[1.95998853],[14.18865427]
[9.22234298],[1.92025865],[13.56344301]
[9.1215515],[1.87120502],[12.89348826]
[8.94062284],[1.80414926],[12.27833569]
[8.57309963],[1.73118428],[11.62052591]
[7.68898307],[1.66299382],[10.26691507]
[2.85526797],[1.45597182],[2.53349724]
[0.53058096],[0.50296744],[0.11935077]
[2.09394267],[0.74717001],[1.23662038]
[2.93740027],[1.01839524],[2.26220848]
[3.66517942],[1.16359553],[3.28458981]
[3.94986437],[1.36470529],[3.95213264]
[4.31849091],[1.53176775],[4.81674748]
[4.62718134],[1.60916778],[5.40111817]
[5.07917667],[1.65166754],[6.22403467]
[5.23672621],[1.69719457],[6.93331065]
[5.52495841],[1.79922915],[7.66388032]
[5.81902163],[1.86007739],[8.24414651]
[6.04892067],[1.90980887],[9.0095097]
[6.28046901],[1.95886185],[9.45477092]
[6.64192616],[2.01301975],[10.33991648]
[6.81805836],[2.06125268],[10.97466033]
[7.12660213],[2.10333503],[11.71924986]
[7.4344569],[2.14293781],[12.40469455]
[7.62861666],[2.16492171],[13.29907352]
[7.94894772],[2.18474504],[13.91240721]
[8.23327901],[2.20835527],[14.83909254]
[8.3689484],[2.23063207],[15.55197961]
[8.69825507],[2.25456029],[16.31564824]
[8.88963436],[2.27462019],[16.87227955]
[9.03525058],[2.29845837],[17.50368849]
[9.1045724],[2.31956337],[17.85327902]
[9.1582946],[2.34229033],[18.37521221]
[9.19251393],[2.36204961],[18.69647291]
[9.24060723],[2.40398565],[19.15107902]
[9.52174923],[2.4328361],[19.59924679]
[9.58871335],[2.44640351],[19.90705439]
[9.73574641],[2.45952009],[20.2807299]
[9.81026822],[2.4673274],[20.48476519]
[9.86689388],[2.48095102],[20.69786079]
[9.92567573],[2.49159287],[20.86598631]
[9.95922284],[2.50854578],[21.05958255]
[10.08545181],[2.51954215],[21.18246801]
[9.98990465],[2.53505492],[21.16888015]
[10.05678191],[2.52614914],[21.09123964]
[9.99263877],[2.51503601],[20.90968339]
[10.04337175],[2.49066145],[20.62537748]
[9.99478776],[2.43656482],[20.26863471]
[10.04643654],[2.36609042],[19.8461007]
[10.00470504],[2.29582347],[19.38238433]
[9.99871198],[2.22914733],[18.91246616]
[9.98566246],[2.16508289],[18.41959142]
[9.98107105],[2.12847865],[17.88845974]
[9.97938352],[2.10415161],[17.33004514]
[9.97520505],[2.07978071],[16.68598083]
[9.92511681],[2.04795917],[15.88546182]
[9.77497395],[2.01060387],[15.1744921]
[9.54326096],[1.96623771],[14.49175749]
[9.38815776],[1.90813048],[13.80442132]
[8.99888438],[1.84509359],[12.99892947]
[8.13824829],[1.77555363],[11.59137027]
[3.07264886],[1.48976334],[2.82271803]
[0.64278452],[0.71707376],[0.21335804]
[2.15732095],[0.76656311],[1.31242179]
[2.95435251],[1.04265121],[2.3705801]
[3.78841685],[1.22241542],[3.56551358]
[4.07956249],[1.41969369],[4.25096356]
[4.40037369],[1.57781434],[5.10280542]
[4.83310022],[1.65329861],[5.75204744]
[5.19444397],[1.69294088],[6.61625749]
[5.31205147],[1.76326986],[7.34233601]
[5.80196805],[1.86444032],[8.17880113]
[6.01398227],[1.92563719],[8.92830812]
[6.16428742],[1.97940888],[9.63730551]
[6.59214274],[2.02883912],[10.32684044]
[6.83557744],[2.08147233],[11.18299283]
[7.00979515],[2.12746662],[11.74184584]
[7.4237496],[2.16643905],[12.72218888]
[7.60126247],[2.20279118],[13.40285267]
[7.81260114],[2.24588061],[14.30102241]
[8.19363452],[2.27970699],[15.14954726]
[8.39994028],[2.30337081],[16.10311237]
[8.68417255],[2.32491606],[16.78474762]
[8.97807891],[2.34827555],[17.83193168]
[9.09799719],[2.3681111],[18.36759386]
[9.19069975],[2.40011155],[19.00184502]
[9.41824369],[2.43547357],[19.43781595]
[9.48033879],[2.47453955],[19.97254125]
[9.65365634],[2.50839661],[20.55357808]
[9.74014902],[2.54490785],[21.02942384]
[9.81364146],[2.56666657],[21.42119023]
[9.89783913],[2.58103874],[21.7928446]
[9.94126057],[2.59517563],[22.07256803]
[10.01096235],[2.60394826],[22.2976157]
[10.14518178],[2.615974],[22.48964589]
[10.38684949],[2.62391702],[22.90505434]
[10.48870226],[2.63837887],[23.11188185]
[10.56473216],[2.64888532],[23.36786211]
[10.5821932],[2.65906506],[23.40547007]
[10.57882924],[2.65744235],[23.39466617]
[10.57904344],[2.64695645],[23.21223079]
[10.57662797],[2.61754964],[22.95411528]
[10.57807448],[2.57009503],[22.49601409]
[10.56801397],[2.5095508],[22.04406741]
[10.56859622],[2.44902914],[21.53081543]
[10.53883545],[2.38339595],[20.97603965]
[10.53161369],[2.30706791],[20.38457072]
[10.52829084],[2.23805314],[19.81988471]
[10.52734959],[2.18122617],[19.22220124]
[10.52827492],[2.13955015],[18.57477181]
[10.49045611],[2.11198646],[17.78539007]
[10.29323143],[2.07959405],[16.98663621]
[10.026893],[2.04212912],[16.19873021]
[9.90409778],[1.99124725],[15.34187816]
[9.45417216],[1.93581998],[14.52660423]
[8.5475779],[1.87620177],[13.03891154]
[3.41874769],[1.53617336],[3.27736785]
[0.704217],[0.91394671],[0.38377076]
[2.20543387],[0.78668376],[1.38862219]
[2.97564359],[1.06525519],[2.48993739]
[3.8586491],[1.27173647],[3.82070808]
[4.18621444],[1.47501721],[4.5446806]
[4.51794574],[1.62039317],[5.41645772]
[4.98292281],[1.69280595],[6.11982966]
[5.30909156],[1.73839503],[7.06748927]
[5.58981372],[1.84724492],[7.84261364]
[5.97371128],[1.9405673],[8.8175712]
[6.18412999],[2.0045402],[9.58218399]
[6.55174464],[2.05803563],[10.46301271]
[6.76852761],[2.10370948],[11.15686042]
[6.99487234],[2.1497648],[11.9647198]
[7.36362454],[2.19175746],[12.71116736]
[7.59012524],[2.23251154],[13.74356442]
[7.87272953],[2.28349066],[14.42748698]
[8.17994196],[2.3505189],[15.55452978]
[8.34724989],[2.3842325],[16.36759716]
[8.66412352],[2.40890809],[17.38373959]
[8.96896089],[2.43176622],[18.26876099]
[9.14396369],[2.47098651],[19.27963287]
[9.37726174],[2.50472979],[19.92116966]
[9.56608415],[2.54047679],[20.63776873]
[9.754017],[2.57208666],[21.30108456]
[9.85399969],[2.60745009],[21.86831023]
[9.88773505],[2.63923121],[22.33335809]
[9.97748859],[2.66307004],[22.83756106]
[10.01091656],[2.68003987],[23.12914674]
[10.26977821],[2.7007465],[23.72072591]
[10.41386656],[2.72437149],[24.17082126]
[10.5467373],[2.7404504],[24.64551461]
[10.63969607],[2.75427151],[24.90282398]
[10.69284836],[2.76827832],[25.20117391]
[10.78687286],[2.78272597],[25.37779893]
[10.8493672],[2.79652034],[25.55299737]
[10.96750661],[2.8041708],[25.65843627]
[11.04144219],[2.80636384],[25.63269959]
[11.05466931],[2.79342232],[25.48177182]
[11.02739576],[2.76049281],[25.17405983]
[10.99493285],[2.71775492],[24.77460411]
[10.96642488],[2.65581075],[24.26040031]
[10.93599833],[2.58514419],[23.76775722]
[10.90621643],[2.52510931],[23.1805182]
[10.89430007],[2.45816944],[22.55723691]
[10.89852349],[2.38973973],[21.96004978]
[10.90149312],[2.32741545],[21.35409281]
[10.90923575],[2.268158],[20.69392808]
[10.91762774],[2.20447459],[19.93894793]
[10.88367994],[2.15006665],[19.09518586]
[10.65992623],[2.11531204],[18.15965871]
[10.38826952],[2.07525797],[17.24773616]
[9.92153344],[2.02843397],[16.3360871]
[8.98422815],[1.97878813],[14.67337583]
[3.6871261],[1.58042128],[3.80840874]
[0.9760904],[1.02197284],[0.59616074]
[2.24916089],[0.80059867],[1.44667448]
[2.99627023],[1.05817417],[2.5844735]
[3.87043835],[1.3079365],[4.04029611]
[4.31591671],[1.5132403],[4.8036647]
[4.63888167],[1.64849017],[5.68783403]
[5.126104],[1.71743712],[6.46982947]
[5.50796747],[1.80756696],[7.51883421]
[5.80981677],[1.9167399],[8.34434235]
[6.09465675],[2.00829173],[9.39211899]
[6.51548002],[2.06881022],[10.26922158]
[6.77890491],[2.11538356],[11.23514289]
[6.88485111],[2.15625292],[11.84428738]
[7.35499864],[2.20309053],[12.9023679]
[7.55970211],[2.25132889],[13.70455758]
[7.70991921],[2.32598816],[14.70664816]
[8.15994678],[2.38824511],[15.70088023]
[8.37487117],[2.47485708],[16.85969136]
[8.56031355],[2.53168258],[17.66482327]
[8.95525416],[2.57647539],[18.94979813]
[9.12798469],[2.61237754],[19.80014373]
[9.41919468],[2.64635704],[20.80646379]
[9.71236861],[2.6738813],[21.74189534]
[9.86792694],[2.7050885],[22.54118549]
[9.94288929],[2.7328645],[23.0750441]
[10.0980628],[2.76174441],[23.61956212]
[10.26835468],[2.7833721],[24.1790072]
[10.51528562],[2.79957608],[24.89564982]
[10.60986805],[2.81781834],[25.40061792]
[10.70646442],[2.84307598],[25.97673767]
[10.81232443],[2.86714231],[26.41229822]
[10.88370277],[2.8839322],[26.78734089]
[11.02211846],[2.89921312],[27.15828242]
[11.12398868],[2.91501349],[27.42990916]
[11.25354694],[2.93114642],[27.7936468]
[11.37715639],[2.946285],[28.0176188]
[11.4490806],[2.95684334],[28.3042004]
[11.55786685],[2.96588031],[28.34637739]
[11.55328154],[2.95429147],[28.30986794]
[11.56360331],[2.92925648],[28.0540228]
[11.49828392],[2.90381882],[27.66171259]
[11.50961586],[2.84392256],[27.0475327]
[11.4494983],[2.76776986],[26.46071125]
[11.44560882],[2.69358772],[25.80894749]
[11.39628546],[2.61494344],[25.07548678]
[11.36663493],[2.54797652],[24.33616276]
[11.34747157],[2.49303142],[23.63499749]
[11.35087578],[2.43700709],[22.90978153]
[11.36113016],[2.37231385],[22.14062921]
[11.36200887],[2.31308455],[21.32315882]
[11.25947827],[2.25763441],[20.35636379]
[10.98859449],[2.20517192],[19.3119165]
[10.48227859],[2.13716444],[18.20231452]
[9.52896585],[2.05606358],[16.41696473]
[4.15723071],[1.62747509],[4.592634]
[1.28340714],[1.12481118],[0.84993816]
[2.23543951],[0.81748151],[1.46765464]
[2.97331843],[1.07414727],[2.67432824]
[3.86974735],[1.353089],[4.25160292]
[4.41610582],[1.56058088],[5.04751468]
[4.85877957],[1.68888669],[5.98052506]
[5.26292392],[1.76769776],[6.8667466]
[5.69792988],[1.87677692],[7.97382733]
[5.97985081],[1.98648874],[8.88521821]
[6.34410649],[2.07389634],[10.00201277]
[6.68883322],[2.1325522],[11.00560431]
[6.90359649],[2.17602189],[11.93436619]
[7.25263925],[2.213738],[12.69470176]
[7.53431638],[2.27913598],[13.8937547]
[7.7178513],[2.33664723],[14.62801054]
[8.08314973],[2.42222492],[15.843452]
[8.30768962],[2.48919484],[16.88052409]
[8.55881528],[2.60791203],[18.07539681]
[8.88729075],[2.65574473],[19.04774045]
[9.1062641],[2.69379134],[20.24771066]
[9.40227274],[2.72609644],[21.13038973]
[9.7288683],[2.75916417],[22.25689874]
[9.89009845],[2.78713218],[23.19935255]
[10.05501863],[2.8180432],[24.07208733]
[10.36878498],[2.84783655],[24.85085518]
[10.56587994],[2.88367964],[25.64470371]
[10.66382703],[2.91128301],[26.20799946]
[10.79076394],[2.93827129],[26.88153586]
[10.98408655],[2.96376102],[27.44030531]
[11.13825393],[2.99071055],[28.00328106]
[11.28556085],[3.00866113],[28.62868184]
[11.4150291],[3.02641012],[29.12931334]
[11.49001039],[3.04123046],[29.69959858]
[11.6164549],[3.06119004],[30.07227761]
[11.70798601],[3.07717158],[30.4314348]
[11.83733774],[3.09476287],[30.74142432]
[11.93023816],[3.11130303],[30.93903037]
[12.01166962],[3.12085295],[31.01919564]
[12.10083077],[3.12955539],[31.01750606]
[12.06119663],[3.12718799],[30.87555403]
[12.05327787],[3.11475787],[30.55338459]
[12.00878667],[3.05613301],[30.06968289]
[12.00643647],[2.9817202],[29.3776191]
[11.95017147],[2.89777262],[28.62330368]
[11.94900788],[2.80963851],[27.86850771]
[11.89794764],[2.72888584],[27.14159679]
[11.8769628],[2.65345915],[26.35264143]
[11.846046],[2.58898753],[25.54995975]
[11.81489469],[2.52524247],[24.67254104]
[11.78408436],[2.47044132],[23.74197542]
[11.78523246],[2.41809333],[22.7204819]
[11.60798205],[2.36493292],[21.61779839]
[11.07296274],[2.30124018],[20.43212756]
[10.10247878],[2.20609579],[18.48509856]
[4.73072477],[1.68067554],[5.76325624]
[1.69142144],[1.25353792],[1.48632872]
[2.26149606],[0.84636433],[1.55253937]
[2.9934716],[1.14196647],[2.83351172]
[3.88133723],[1.41591983],[4.50472765]
[4.54942481],[1.61750951],[5.39979764]
[5.08362629],[1.73665276],[6.38255872]
[5.48056008],[1.83018488],[7.3998776]
[5.8756266],[1.95761968],[8.56558524]
[6.24057907],[2.05593397],[9.5983495]
[6.58973484],[2.13624174],[10.71356017]
[6.82852388],[2.19335668],[11.69380025]
[7.25174603],[2.23519192],[12.81439067]
[7.48951958],[2.28676215],[13.71734003]
[7.66325399],[2.37560201],[14.89498093]
[8.06855247],[2.4372911],[15.92209684]
[8.3051911],[2.55347501],[17.1534258]
[8.44112357],[2.64023381],[18.16639288]
[8.89317972],[2.7231243],[19.4893135]
[9.07942672],[2.76433627],[20.44294314]
[9.2382025],[2.79729031],[21.53375413]
[9.68612846],[2.82878155],[22.67754774]
[9.92235352],[2.86666195],[23.76375461]
[10.25411719],[2.8975957],[24.73965863]
[10.54477318],[2.93379606],[25.90503758]
[10.69134898],[2.96680951],[26.76710655]
[10.83536312],[3.00207591],[27.52075912]
[11.04041601],[3.02981727],[28.18088848]
[11.26890686],[3.06011727],[28.85768572]
[11.45659739],[3.09171673],[29.60284652]
[11.64313522],[3.13277347],[30.25537029]
[11.75125946],[3.14917516],[30.98465574]
[11.87835756],[3.17038665],[31.57394339]
[11.99291553],[3.18811126],[32.11869215]
[12.08439133],[3.20970958],[32.58400207]
[12.23194388],[3.22966805],[33.02807638]
[12.30440287],[3.25969214],[33.40516037]
[12.48383967],[3.28108272],[33.79095128]
[12.60031989],[3.29770195],[34.23604766]
[12.72023003],[3.31594458],[34.45383607]
[12.75956577],[3.31111092],[34.43249513]
[12.72193995],[3.29676381],[34.33035371]
[12.71737199],[3.25886562],[33.87730048]
[12.67885881],[3.18997204],[33.35275545]
[12.66775743],[3.10897768],[32.49138318]
[12.62717588],[3.0225723],[31.66456018]
[12.62257634],[2.93745782],[30.71010292]
[12.56637004],[2.84969353],[29.7919015]
[12.53863569],[2.76389372],[28.66891372]
[12.50905421],[2.6882499],[27.53506173]
[12.47042982],[2.62302443],[26.51841779]
[12.4124479],[2.5633134],[25.47832525]
[12.20749698],[2.50594791],[24.20268163]
[11.67067805],[2.45526923],[22.80578364]
[10.74940325],[2.35740538],[20.72183232]
[5.22615117],[1.73849999],[6.98229375]
[2.61562318],[1.37303328],[2.67700419]
[2.27701864],[0.87395954],[1.76987408]
[3.01065205],[1.2036102],[2.99896234]
[3.8885903],[1.47385748],[4.718652]
[4.56530857],[1.66596598],[5.74345009]
[5.31418876],[1.80776409],[6.8609545]
[5.6835582],[1.92662697],[7.98686847]
[6.09031162],[2.04679415],[9.22861016]
[6.45491511],[2.13311493],[10.31851328]
[6.7860226],[2.20273044],[11.45898674]
[7.13119117],[2.2547954],[12.4813382]
[7.47705029],[2.32587778],[13.84443957]
[7.64829128],[2.38591095],[14.75551389]
[8.00196399],[2.48297497],[16.0810458]
[8.26705708],[2.56329415],[17.26076187]
[8.45701313],[2.69077811],[18.44773328]
[8.83257748],[2.76110272],[19.57876545]
[9.08459384],[2.81955623],[20.82314347]
[9.30729057],[2.86237132],[21.78080596]
[9.64391919],[2.90004525],[22.98356209]
[9.86089968],[2.93481214],[24.1434782]
[10.24201443],[2.97223963],[25.27355429]
[10.57418523],[3.00409027],[26.46239952]
[10.76501746],[3.04169475],[27.64237638]
[11.02465901],[3.07632402],[28.62166989]
[11.28365225],[3.11369129],[29.48049113]
[11.48098143],[3.1442272],[30.31104909]
[11.70851461],[3.185399],[31.06212088]
[11.8874292],[3.22691169],[31.8468883]
[12.078772],[3.2924782],[32.63560044]
[12.26662671],[3.30981109],[33.43435254]
[12.33822725],[3.33724933],[34.10729936]
[12.52542072],[3.36116961],[34.81835309]
[12.63578368],[3.38846772],[35.5646861]
[12.80283274],[3.4120306],[36.31079255]
[12.984733],[3.43861627],[36.90533151]
[13.10514654],[3.46394456],[37.45088888]
[13.29951379],[3.47865681],[37.93351549]
[13.4277887],[3.49475563],[38.31965316]
[13.48558614],[3.50019731],[38.4834694]
[13.46446435],[3.48281724],[38.51538142]
[13.44827014],[3.44556629],[38.45117754]
[13.4279797],[3.39529341],[38.18487822]
[13.4181731],[3.31463823],[37.58613313]
[13.41175018],[3.2298523],[36.64505869]
[13.40192028],[3.15656539],[35.77228419]
[13.40027292],[3.06986224],[34.70751424]
[13.3652007],[2.98242533],[33.65943079]
[13.36170617],[2.8900745],[32.5477347]
[13.34291017],[2.80131514],[30.9750003]
[13.31985965],[2.72726782],[29.49973925]
[13.30033113],[2.66150935],[27.72746596]
[12.9802891],[2.59853323],[25.87291711]
[11.66843495],[2.5069177],[23.32818474]
[5.81551728],[1.9064866],[8.5897139]
[3.392031],[1.45229538],[3.80027076]
[2.29211275],[1.07367948],[2.80918954]
[3.02787322],[1.25996916],[3.15223164]
[3.89528422],[1.51835178],[4.890088]
[4.58164326],[1.69389912],[6.02361388]
[5.40945083],[1.86497054],[7.34053015]
[5.90248278],[1.99694883],[8.54224337]
[6.32485534],[2.11220668],[9.83454007]
[6.64527174],[2.19337906],[10.95722939]
[7.04733443],[2.26610959],[12.18893983]
[7.36317579],[2.3429825],[13.3353868]
[7.62034278],[2.43095192],[14.80664342]
[7.99976695],[2.48978844],[15.97327119]
[8.26431206],[2.63351689],[17.42471051]
[8.39820626],[2.70105668],[18.5723355]
[8.8134943],[2.79435924],[19.83042974]
[9.05046458],[2.83820106],[20.95902397]
[9.20761637],[2.91629248],[22.10918546]
[9.63343738],[2.96894083],[23.299168]
[9.86732086],[3.00468825],[24.47905946]
[10.11318446],[3.03755598],[25.60948746]
[10.56267021],[3.0729431],[26.9648476]
[10.78284776],[3.10315022],[28.12277792]
[11.13504253],[3.13932811],[29.35383829]
[11.45479335],[3.17266371],[30.57910443]
[11.70816596],[3.21446571],[31.50471684]
[11.90379224],[3.25350277],[32.37125387]
[12.11153531],[3.31608396],[33.2223083]
[12.36219577],[3.36612297],[34.07632013]
[12.55396118],[3.42824409],[34.92922689]
[12.79474792],[3.45756554],[35.94753414]
[12.98224842],[3.49698355],[36.90916817]
[13.10881762],[3.53058218],[37.85359188]
[13.31383386],[3.56401341],[38.8293233]
[13.46783623],[3.59020109],[39.84656637]
[13.63440063],[3.61977683],[40.73735474]
[13.81750674],[3.6437036],[41.49345256]
[13.94386015],[3.66001394],[42.02725299]
[14.15606602],[3.6785153],[42.55226971]
[14.31527262],[3.69329268],[42.94827279]
[14.35732867],[3.69520135],[43.19145929]
[14.3924938],[3.68964649],[43.36721537]
[14.37922841],[3.61756474],[43.25353561]
[14.4132467],[3.55095001],[42.97436437]
[14.39498672],[3.45678287],[42.3845233]
[14.44608639],[3.36039682],[41.52987518]
[14.41095112],[3.27171724],[40.54271988]
[14.45322885],[3.19776739],[39.45608804]
[14.4226546],[3.11237045],[38.04689433]
[14.41307039],[3.02459213],[36.77771298]
[14.39502973],[2.93852782],[35.41361507]
[14.39905918],[2.8529027],[33.55156769]
[14.37398212],[2.76800644],[31.57697575]
[13.70876168],[2.69371513],[28.59058083]
[6.43779281],[2.01945021],[10.87205918]
[4.04474251],[1.52146964],[5.22723881]
[2.32769918],[1.24489026],[3.81810352]
[3.01147638],[1.31505488],[3.33101774]
[3.89093175],[1.56401052],[5.06076454]
[4.56839696],[1.73443476],[6.28351369]
[5.40492826],[1.93949308],[7.8552317]
[6.08821718],[2.06772266],[9.11605128]
[6.49697875],[2.17929484],[10.44618626]
[6.82985079],[2.25398886],[11.61375408]
[7.25099483],[2.33251902],[12.98886954]
[7.54084882],[2.43594636],[14.28993732]
[7.86627348],[2.54820021],[15.79634178]
[8.19416254],[2.62537623],[17.19898764]
[8.40098823],[2.74109088],[18.62490311]
[8.71650865],[2.79202418],[19.82052541]
[9.01209663],[2.86626984],[21.13230311]
[9.18613863],[2.92574287],[22.22811765]
[9.54888237],[3.01562762],[23.48434679]
[9.80776011],[3.0683454],[24.73939225]
[10.04364531],[3.10321399],[25.94623719]
[10.46327682],[3.13885648],[27.2453693]
[10.73711936],[3.17993447],[28.58483377]
[11.12358522],[3.21252746],[29.86625964]
[11.46010754],[3.26258424],[31.26109193]
[11.75164769],[3.30586612],[32.52938023]
[12.0750963],[3.36107722],[33.69104943]
[12.36727615],[3.40330441],[34.60848728]
[12.54246346],[3.46530209],[35.56122537]
[12.81869912],[3.51926501],[36.56641422]
[13.10759257],[3.58477741],[37.73945977]
[13.36316258],[3.62240422],[38.83028036]
[13.60251095],[3.66849646],[40.02002953]
[13.79896657],[3.70717868],[41.2095743]
[13.93418186],[3.74523203],[42.37919477]
[14.14266235],[3.77074807],[43.56400849]
[14.29835689],[3.80000082],[44.63955571]
[14.45088021],[3.82381609],[45.62723945]
[14.68227174],[3.84566707],[46.44299883]
[14.93136787],[3.86750579],[47.05168776]
[15.1972672],[3.89229713],[47.65713582]
[15.44442919],[3.92173333],[48.25344312]
[15.4423423],[3.93281156],[48.58204339]
[15.49979762],[3.88404387],[48.87027883]
[15.47029344],[3.79596521],[48.84725131]
[15.51512639],[3.7040828],[48.66888028]
[15.4919447],[3.60988821],[48.25052673]
[15.51748173],[3.52060652],[47.33210523]
[15.50590934],[3.42895349],[46.36713592]
[15.51795106],[3.33227155],[45.255639]
[15.51274197],[3.25286067],[44.08859258]
[15.47183233],[3.17940113],[42.18010003]
[15.47175429],[3.09674597],[40.27744356]
[15.44665442],[3.00807944],[38.33999698]
[14.9757494],[2.91509046],[34.99600509]
[7.72203193],[2.09608059],[14.17844872]
[5.7541023],[1.70810552],[7.84373807]
[2.9014012],[1.35785624],[5.14379176]
[3.03055364],[1.38155872],[4.36932011]
[3.89767574],[1.62426594],[5.27661279]
[4.58471659],[1.79200735],[6.63349859]
[5.41300865],[2.02080679],[8.39736014]
[6.12336461],[2.13927375],[9.79222021]
[6.71275051],[2.23897422],[11.16298177]
[7.06624503],[2.31730995],[12.33741809]
[7.43837349],[2.43167651],[13.93964998]
[7.80735072],[2.55043664],[15.3564294]
[8.12374764],[2.67483102],[17.00122489]
[8.33893289],[2.74116621],[18.41699836]
[8.72949766],[2.82742928],[19.96146914]
[8.99292089],[2.86641279],[21.18936987]
[9.20504004],[2.94685262],[22.4413633]
[9.54278327],[3.02010088],[23.71704713]
[9.82165201],[3.10395459],[24.96919179]
[10.00541972],[3.15669673],[26.17647953]
[10.44333304],[3.20841269],[27.62003924]
[10.7547489],[3.24421741],[28.90356414]
[11.00140361],[3.30236001],[30.34714312]
[11.45926114],[3.34234879],[31.77300257]
[11.75739643],[3.39336595],[33.20983099]
[12.14177295],[3.439179],[34.58146764]
[12.49462752],[3.49907407],[35.94988796]
[12.82897459],[3.54661402],[37.08921325]
[13.11311048],[3.61367051],[38.35084787]
[13.35671414],[3.66858149],[39.4066883]
[13.64756879],[3.7341125],[40.83373652]
[13.98094118],[3.78185264],[42.18413028]
[14.23156955],[3.8380858],[43.54747958]
[14.4508407],[3.88788651],[44.87334415]
[14.64680665],[3.928412],[46.21390981]
[14.79468942],[3.95876951],[47.57129692]
[15.02940188],[3.9947987],[48.82586741]
[15.27138279],[4.02763358],[49.99512856]
[15.51818345],[4.05916539],[51.19133975]
[15.8174009],[4.07816813],[52.23229639]
[16.10411201],[4.10215419],[53.05672516]
[16.35020492],[4.12493275],[53.74462705]
[16.55047077],[4.12063766],[54.44156265]
[16.57243599],[4.0858035],[54.846456]
[16.58138666],[4.03621758],[55.24217396]
[16.60708551],[3.96094377],[55.39398248]
[16.60009684],[3.92854915],[55.32459281]
[16.62934661],[3.8842365],[54.95523894]
[16.60280033],[3.80186853],[54.06910316]
[16.63945226],[3.59524183],[52.79293635]
[16.58731669],[3.46644272],[51.4104952]
[16.61319199],[3.37668864],[50.04789955]
[16.57785824],[3.29279558],[48.45922849]
[16.54541327],[3.23052],[46.16875124]
[16.09260902],[3.16022067],[42.9594065]
[8.58513087],[2.53869922],[19.94235163]
[6.8042822],[1.97369825],[12.14690512]
[4.38238422],[1.69202518],[7.98946816]
[3.04917773],[1.44331101],[5.65768551]
[3.90455449],[1.67300366],[5.48359051]
[4.60076306],[1.85991844],[7.05855653]
[5.42359132],[2.10130796],[8.93891506]
[6.1347769],[2.20308868],[10.41745801]
[6.92733971],[2.30500618],[11.96214204]
[7.27372683],[2.38800554],[13.23866249]
[7.65492703],[2.55108381],[14.95724375]
[8.02525821],[2.67798571],[16.51999587]
[8.32036763],[2.77677933],[18.21173478]
[8.61383697],[2.81830681],[19.61142898]
[8.97593985],[2.89728422],[21.24145282]
[9.21593694],[2.95398102],[22.46982711]
[9.42741869],[3.03427107],[23.77064267]
[9.84894469],[3.10846806],[25.17255586]
[10.0470489],[3.19804215],[26.48128244]
[10.4008259],[3.25324073],[27.8166092]
[10.75528079],[3.33398091],[29.35753501]
[11.02519468],[3.37510762],[30.72403563]
[11.45406987],[3.4285669],[32.36328398]
[11.70758732],[3.4723626],[33.67473601]
[12.09993792],[3.52865139],[35.30966753]
[12.51926613],[3.57750369],[36.7242334]
[12.91194516],[3.63929894],[38.41886092]
[13.32047005],[3.68989303],[39.79985488]
[13.66412103],[3.75896623],[41.42880298]
[13.97876957],[3.81434764],[42.76147635]
[14.21945516],[3.87975015],[44.22589905]
[14.52130806],[3.9331954],[45.68981456]
[14.83803321],[3.99671833],[47.21957447]
[15.08813798],[4.05275454],[48.69475651]
[15.29325425],[4.09031241],[50.13465697]
[15.55333545],[4.12022276],[51.59814064]
[15.82254494],[4.15735866],[53.0101849]
[16.11016084],[4.18861356],[54.4734227]
[16.43055457],[4.21412669],[55.84293408]
[16.69750029],[4.23721744],[57.07934275]
[16.93550276],[4.25828492],[58.28456894]
[17.23770154],[4.2829124],[59.36826004]
[17.51533296],[4.27353218],[60.29348927]
[17.6433005],[4.25449624],[61.00035702]
[17.71355851],[4.21780155],[61.67074598]
[17.70357786],[4.1835847],[62.1257706]
[17.74689196],[4.1636618],[62.30700528]
[17.72100676],[4.13641738],[62.25676837]
[17.75044983],[4.07634625],[61.8940949]
[17.72589592],[3.98888813],[60.92936177]
[17.72506591],[3.92256638],[59.58069501]
[17.69434933],[3.82432223],[57.78938402]
[17.704124],[3.78919737],[55.89597344]
[17.6432251],[3.56313598],[53.72775375]
[17.23806897],[3.33005546],[50.65057092]
[9.6434795],[2.84590202],[24.47162977]
[8.17359012],[2.37062104],[17.66191514]
[6.12549232],[1.96317387],[12.80658937]
[4.60016192],[1.62658658],[8.78925322]
[3.9115088],[1.69789079],[6.1508176]
[4.61484042],[1.90215071],[7.43214295]
[5.4325339],[2.14991153],[9.36576728]
[6.14671806],[2.25126193],[10.95082964]
[6.96664369],[2.35622591],[12.73954687]
[7.49499898],[2.48566553],[14.14765498]
[7.89949894],[2.67919092],[15.99120857]
[8.22104464],[2.7651423],[17.68873267]
[8.57708077],[2.84622881],[19.33544266]
[8.86376279],[2.8888399],[20.797151]
[9.15801793],[2.96429704],[22.42800196]
[9.51715064],[3.0361972],[23.83374427]
[9.84465433],[3.11762977],[25.28239035]
[10.05208194],[3.18786821],[26.62938697]
[10.41204115],[3.25833237],[28.15071491]
[10.76368563],[3.38120652],[29.54666607]
[10.94786742],[3.45183854],[31.15822553]
[11.47224434],[3.50094313],[32.73104783]
[11.74731939],[3.55861047],[34.3199256]
[12.10040471],[3.60071738],[35.82363581]
[12.45852409],[3.66203419],[37.50536528]
[12.89730243],[3.7076305],[39.1588407]
[13.33865521],[3.77458278],[41.10235774]
[13.77083653],[3.82566129],[42.76793597]
[14.17852592],[3.89707378],[44.77095839]
[14.53124499],[3.94177184],[46.31646533]
[14.83798659],[4.0129123],[47.93750629]
[15.11064143],[4.07554431],[49.48750263]
[15.37551327],[4.14052626],[51.03150389]
[15.71172868],[4.19708797],[52.57272524]
[16.02788145],[4.24127222],[54.03050963]
[16.36251716],[4.28558937],[55.74312909]
[16.68364995],[4.32845811],[57.39797567]
[16.98716393],[4.3612289],[59.0242859]
[17.25890163],[4.38658823],[60.77636903]
[17.54350858],[4.41198439],[62.31609266]
[17.84642636],[4.43131646],[63.75161801]
[18.09733804],[4.45841008],[65.13715027]
[18.3741301],[4.46664145],[66.45103021]
[18.66833671],[4.47323361],[67.52981649]
[18.74610883],[4.46046632],[68.19546862]
[18.78922692],[4.45042987],[68.71161469]
[18.81413563],[4.44581591],[68.94355399]
[18.81591006],[4.43865158],[68.81639749]
[18.83873879],[4.41512413],[68.55608201]
[18.82008503],[4.29890739],[67.87682611]
[18.83211057],[4.1820993],[66.78883791]
[18.7804006],[4.09908588],[65.30343325]
[18.82747747],[3.9698531],[63.47717131]
[18.66632137],[3.89641702],[61.30997272]
[18.22778347],[3.82704506],[58.15787745]
[11.52993513],[3.20328165],[30.09741241]
[9.84250616],[2.9277481],[23.84688043]
[7.98471298],[2.39383697],[18.58057017]
[5.89229847],[1.98621636],[13.71982239]
[3.90670043],[1.57676093],[8.55713952]
[4.60223956],[1.73912626],[6.68011717]
[5.43059117],[1.91544651],[8.58689021]
[6.14068544],[2.03213042],[10.15813699]
[6.96303759],[2.20662731],[12.06268845]
[7.67639437],[2.3731705],[13.58006059]
[8.08228739],[2.53659643],[15.43583103]
[8.40654428],[2.63625083],[17.1582108]
[8.80827886],[2.71235816],[18.80088443]
[9.04577729],[2.7685913],[20.24076714]
[9.31399954],[2.84610896],[21.86453794]
[9.80898338],[2.91631558],[23.40415165]
[10.0748338],[3.00035382],[24.93797772]
[10.32188448],[3.09627154],[26.32106912]
[10.75684871],[3.21086219],[28.04144175]
[10.96359518],[3.29282405],[29.38968542]
[11.39238509],[3.38245413],[31.14924391]
[11.71129273],[3.44489498],[32.66567204]
[12.07310525],[3.5013662],[34.40791393]
[12.48196113],[3.55267696],[35.9555893]
[12.83999082],[3.61181794],[37.75516432]
[13.2638228],[3.66551306],[39.57427539]
[13.72572351],[3.72863571],[41.68590538]
[14.19275142],[3.78666298],[43.71598219]
[14.64488511],[3.86186962],[45.78768144]
[15.0301733],[3.92248934],[47.64322844]
[15.36630004],[3.98630964],[49.51569378]
[15.69319651],[4.04877587],[51.11770066]
[15.954759],[4.11070502],[52.59053117]
[16.26619225],[4.17204343],[54.24571527]
[16.68777479],[4.21138385],[55.84100746]
[17.14185097],[4.26702877],[57.6875609]
[17.48369719],[4.32139028],[59.60762193]
[17.78675236],[4.36812],[61.51587592]
[18.11045816],[4.40814747],[63.37152064]
[18.39659991],[4.44991718],[65.20647512]
[18.64827918],[4.4852592],[66.88443688]
[18.9402067],[4.52761356],[68.45865913]
[19.25717287],[4.57222102],[69.91052455]
[19.4851637],[4.6157998],[71.05573031]
[19.7180604],[4.63233221],[72.07780239]
[19.83058613],[4.65099186],[72.75626131]
[19.84458222],[4.68155012],[73.17293109]
[19.88985552],[4.70654996],[73.25992958]
[19.86667219],[4.71352396],[73.0490379]
[19.90327649],[4.65224545],[72.69502976]
[19.83632544],[4.53421791],[71.7924584]
[19.84660865],[4.37742104],[70.49276399]
[19.80134662],[4.25452993],[68.88774633]
[19.65790946],[4.12544127],[66.83703812]
[19.14176349],[4.00289461],[64.02623616]
