meltWidth,meltDepth,meltArea
[1.72231482],[0.49092768],[0.50014177]
[1.85746558],[0.54497929],[0.63927862]
[1.89678802],[0.59427158],[0.69979209]
[2.04621648],[0.62532428],[0.83431023]
[2.11070903],[0.66200919],[0.89913413]
[2.22714718],[0.71374219],[1.03698439]
[2.31439749],[0.74126471],[1.10013992]
[2.40114605],[0.77609592],[1.18937458]
[2.41384373],[0.81198663],[1.21481281]
[2.3860106],[0.8306255],[1.28039562]
[2.38858948],[0.84524519],[1.270035]
[2.37615159],[0.85447022],[1.31535807]
[2.37293744],[0.87586074],[1.30028405]
[2.34839748],[0.87597061],[1.33698934]
[2.35610073],[0.87653133],[1.30613282]
[2.3584887],[0.87801959],[1.36346517]
[2.36686084],[0.87250647],[1.3373547]
[2.35761652],[0.87579772],[1.40379378]
[2.35912395],[0.88729831],[1.3759032]
[2.35112341],[0.89728824],[1.44303141]
[2.36611468],[0.90886017],[1.42241862]
[2.35662294],[0.91825063],[1.49392839]
[2.36850971],[0.93056149],[1.45943742]
[2.35691867],[0.94189225],[1.52942186]
[2.36960201],[0.95518517],[1.50312187]
[2.35620254],[0.96223834],[1.5765315]
[2.37262366],[0.96947179],[1.5325281]
[2.35825283],[0.97111518],[1.58866961]
[2.39036359],[0.97276848],[1.57792377]
[2.3738108],[0.97367511],[1.61248285]
[2.38791631],[0.97453756],[1.60490862]
[2.37151589],[0.97565613],[1.6029643]
[2.36891863],[0.97829818],[1.60807381]
[2.37011142],[0.98239415],[1.6184562]
[2.36805086],[0.9859745],[1.63420954]
[2.36614282],[0.98942246],[1.64342167]
[2.3662145],[0.99275847],[1.65349777]
[2.36436736],[0.99571343],[1.66663502]
[2.36119519],[0.99857341],[1.6757034]
[2.35607534],[1.00140307],[1.67057772]
[2.35465316],[1.00460045],[1.66251868]
[2.34967017],[1.0074343],[1.66093839]
[2.34606777],[1.0101829],[1.65259477]
[2.34244981],[1.01327838],[1.64392211]
[2.33687832],[1.01624447],[1.6418171]
[2.33192154],[1.02413159],[1.6449439]
[2.33099603],[1.04150984],[1.66305223]
[2.33305873],[1.05447665],[1.68197789]
[2.3352921],[1.06619215],[1.70956858]
[2.34199437],[1.07647201],[1.72626485]
[2.35274223],[1.08681885],[1.73329069]
[2.16255831],[1.09667031],[1.69400775]
[1.41549598],[1.1020798],[1.02947404]
[0.],[0.],[0.]
[1.60946162],[0.35292365],[0.49102394]
[2.04410521],[0.51863573],[0.75653774]
[2.19034729],[0.5969141],[0.94762441]
[2.27095911],[0.65440574],[1.05022004]
[2.37042711],[0.70772636],[1.17796471]
[2.45583182],[0.74420769],[1.27467163]
[2.54515345],[0.75146229],[1.37844173]
[2.61086421],[0.76260436],[1.44842164]
[2.62678576],[0.85278465],[1.51912236]
[2.59760689],[0.82701219],[1.51387713]
[2.56405287],[0.91696458],[1.53317204]
[2.62328174],[0.85283107],[1.55266023]
[2.67496216],[0.93987867],[1.57983791]
[2.72485733],[0.87574197],[1.62015882]
[2.78350208],[0.91396922],[1.617095]
[2.83008028],[0.85969454],[1.67401461]
[2.88035852],[0.88750246],[1.66714752]
[2.90368844],[0.85967636],[1.73260429]
[2.93198885],[0.8915998],[1.71794415]
[2.91338893],[0.87190282],[1.75956195]
[2.92873309],[0.90221497],[1.73359959]
[2.90326684],[0.88365733],[1.77583435]
[2.94146516],[0.91290163],[1.76271708]
[2.92106777],[0.88685288],[1.7979434]
[2.95845893],[0.91403549],[1.78120049]
[2.93111222],[0.88957413],[1.81950681]
[2.97141803],[0.91945629],[1.79880178]
[2.9482475],[0.88010499],[1.8269981]
[2.98673301],[0.91910747],[1.8146468]
[2.98105755],[0.87599607],[1.84628033]
[3.021988],[0.90880026],[1.85961787]
[2.99836339],[0.89185784],[1.85968416]
[3.02567866],[0.88799896],[1.8583759]
[2.98750537],[0.89075222],[1.85057981]
[2.98643752],[0.893866],[1.85439476]
[2.98712831],[0.90750699],[1.8608382]
[2.98835645],[0.91920063],[1.86392329]
[2.988817],[0.92822845],[1.87109856]
[2.98112824],[0.94446142],[1.87639907]
[2.96837848],[0.95732022],[1.88128269]
[2.95789147],[0.96995266],[1.88298439]
[2.94317009],[0.97891568],[1.88747671]
[2.92882507],[0.99431556],[1.89596644]
[2.91732507],[1.00503228],[1.89765873]
[2.90768543],[1.01287933],[1.90260046]
[2.89619999],[1.02580412],[1.90939488]
[2.88347247],[1.03417403],[1.91007764]
[2.87303142],[1.04344744],[1.90515986]
[2.86111541],[1.04940827],[1.91512239]
[2.85741666],[1.06858374],[1.95107205]
[2.85913357],[1.09013154],[1.98892579]
[2.85985671],[1.10768772],[2.02753761]
[2.64057047],[1.12756226],[2.00594723]
[1.89785566],[1.14373539],[1.45955708]
[0.],[0.],[0.]
[1.63381586],[0.39010874],[0.53360334]
[2.11988122],[0.58924289],[0.88310003]
[2.25691681],[0.68762986],[1.09078183]
[2.35326731],[0.73012376],[1.2132925]
[2.41115397],[0.75166327],[1.27734723]
[2.50338144],[0.76188154],[1.37264174]
[2.59655626],[0.7755423],[1.43409602]
[2.68237553],[0.79448606],[1.5525144]
[2.73063629],[0.88392964],[1.60474582]
[2.77659079],[0.85350061],[1.67357071]
[2.86835787],[0.88645063],[1.69783378]
[2.88199393],[0.84951134],[1.74925537]
[3.00210726],[0.88387057],[1.79169959]
[3.01170129],[0.87309165],[1.87286864]
[3.09707385],[0.90272967],[1.91453513]
[3.08416172],[0.89308429],[1.9889725]
[3.18317287],[0.9141435],[2.02092452]
[3.15911536],[0.9082285],[2.07838706]
[3.25168711],[0.92331971],[2.09933191]
[3.20130422],[0.92192245],[2.13261431]
[3.28543374],[0.93716508],[2.15093678]
[3.21575083],[0.93768463],[2.18254214]
[3.29980845],[0.96108459],[2.20099703]
[3.23037064],[0.9533743],[2.21760498]
[3.32108436],[0.97654442],[2.23451256]
[3.23735753],[0.96741329],[2.24560202]
[3.33150778],[1.0006335],[2.27326984]
[3.2579096],[0.96549085],[2.25744878]
[3.35166691],[1.0015256],[2.29542647]
[3.30524357],[0.97517119],[2.29134984]
[3.3923107],[0.99548436],[2.33911012]
[3.34919159],[0.98465607],[2.32291777]
[3.41939089],[0.9889235],[2.3422399]
[3.3998439],[0.98839624],[2.3229404]
[3.41376972],[0.9842011],[2.31736069]
[3.42187657],[0.9792425],[2.32299301]
[3.42744307],[0.97817242],[2.3238136]
[3.4103405],[0.98173904],[2.31249157]
[3.38808807],[0.99276343],[2.30660625]
[3.361208],[0.99872393],[2.29573631]
[3.34113388],[1.00568543],[2.28400433]
[3.3150421],[1.00883232],[2.27081686]
[3.28819664],[1.02176539],[2.26778181]
[3.27062896],[1.03085235],[2.26075053]
[3.26156031],[1.03502644],[2.25310137]
[3.2484901],[1.04615694],[2.24490812]
[3.2317359],[1.04777862],[2.22496232]
[3.22595454],[1.05039473],[2.20068278]
[3.21480503],[1.05318152],[2.17830391]
[3.20184643],[1.06219722],[2.16194273]
[3.20111332],[1.06687523],[2.14983077]
[3.2026536],[1.08363957],[2.16416302]
[2.89338992],[1.10491978],[2.08496086]
[2.13004165],[1.12336404],[1.53629196]
[0.],[0.],[0.]
[1.61917465],[0.38556467],[0.54297781]
[2.18743121],[0.66313261],[0.99868081]
[2.33715347],[0.72147535],[1.18635002]
[2.46769273],[0.78301639],[1.36930103]
[2.59345523],[0.80716054],[1.4665228]
[2.77078931],[0.82824382],[1.63232312]
[2.94279885],[0.85051335],[1.69435612]
[2.94304207],[0.86374646],[1.81636222]
[3.10056924],[0.8715723],[1.88110251]
[3.07482415],[0.88083153],[1.95364813]
[3.21076738],[0.89590412],[2.01544455]
[3.16449603],[0.91015116],[2.07222941]
[3.29299465],[0.92759791],[2.15316051]
[3.2474543],[0.94767299],[2.20955655]
[3.36840336],[0.96321679],[2.29514889]
[3.32266134],[0.98033586],[2.32270253]
[3.47188191],[0.99229092],[2.43135398]
[3.4367598],[1.001408],[2.44225645]
[3.57541471],[1.00706951],[2.55511044]
[3.57029426],[1.01357755],[2.57902044]
[3.6638438],[1.03640514],[2.68233274]
[3.63557413],[1.04428455],[2.68441124]
[3.70487184],[1.07411272],[2.77293139]
[3.69061277],[1.0615254],[2.76229477]
[3.7557856],[1.0884715],[2.83525028]
[3.74114978],[1.06149422],[2.80464242]
[3.79747826],[1.09452288],[2.88139141]
[3.79805522],[1.05942622],[2.8534945]
[3.84778348],[1.09356308],[2.9294441]
[3.89209139],[1.07133873],[2.93137924]
[3.90193227],[1.09509784],[2.99045873]
[3.96444211],[1.09017837],[3.00388581]
[3.94754967],[1.09264995],[3.02552183]
[4.01629801],[1.09359739],[3.03059263]
[3.99215877],[1.08766662],[3.01319086]
[3.9876936],[1.08342241],[2.99768714]
[3.98406454],[1.07724593],[2.97894416]
[3.97979368],[1.07857103],[2.96539411]
[3.98511109],[1.08867434],[2.96189822]
[3.96773504],[1.09384785],[2.9500653]
[3.94490761],[1.09898347],[2.93735724]
[3.9261378],[1.099692],[2.9180178]
[3.90129777],[1.10756277],[2.90173332]
[3.87462919],[1.1120549],[2.87650557]
[3.84943899],[1.11050875],[2.84785181]
[3.82883394],[1.11290109],[2.82119577]
[3.79527378],[1.10829799],[2.78041245]
[3.768067],[1.10282446],[2.73475656]
[3.74145815],[1.09431847],[2.68055712]
[3.71038915],[1.09338742],[2.63370153]
[3.68138235],[1.08919114],[2.58435947]
[3.65492003],[1.08198083],[2.53271782]
[3.32721754],[1.09092697],[2.37707613]
[2.54744015],[1.10737574],[1.7343821]
[0.],[0.],[0.]
[1.61192927],[0.41723087],[0.56246361]
[2.25297779],[0.69543708],[1.07393924]
[2.41107959],[0.76915671],[1.30546275]
[2.55371499],[0.82992944],[1.51787657]
[2.71117128],[0.85366696],[1.6406411]
[2.88217148],[0.87725862],[1.82960841]
[3.11949153],[0.90117797],[1.95382365]
[3.07596184],[0.92326886],[2.06057154]
[3.23778538],[0.94272368],[2.16476648]
[3.19403627],[0.95219437],[2.22075743]
[3.32380698],[0.97128981],[2.31206148]
[3.26710319],[0.99081499],[2.36197445]
[3.3923233],[1.01217165],[2.48943371]
[3.37568203],[1.02199813],[2.52883844]
[3.51781011],[1.06096486],[2.66991724]
[3.50513521],[1.06195679],[2.68178609]
[3.65727575],[1.09478926],[2.83429468]
[3.68893059],[1.09842336],[2.86074363]
[3.80562374],[1.13016465],[3.00102251]
[3.84643106],[1.12312412],[3.01873109]
[3.92378521],[1.16054087],[3.12851145]
[3.93108352],[1.13855507],[3.11342661]
[3.97413851],[1.16931402],[3.21039347]
[3.99344786],[1.13893766],[3.19305161]
[4.03191921],[1.16913725],[3.27129872]
[4.05995992],[1.14595166],[3.26006406]
[4.08638521],[1.17453251],[3.3302915]
[4.12530254],[1.16926819],[3.3243902]
[4.1513628],[1.18537243],[3.40232264]
[4.19510847],[1.1913268],[3.40747728]
[4.17226379],[1.20206851],[3.46402552]
[4.21945605],[1.21242036],[3.49446233]
[4.18392722],[1.22072677],[3.50119316]
[4.22250373],[1.22043441],[3.51865253]
[4.18664856],[1.21291874],[3.48985107]
[4.17727541],[1.20151057],[3.47759004]
[4.17528442],[1.18958396],[3.45563646]
[4.16991397],[1.17662585],[3.42303591]
[4.17536213],[1.16453155],[3.40910039]
[4.17048673],[1.16814335],[3.38876672]
[4.16896316],[1.17192348],[3.3732089]
[4.1705611],[1.17185925],[3.34784797]
[4.1640808],[1.1815375],[3.32900565]
[4.15852336],[1.18601153],[3.30746501]
[4.14825169],[1.18551399],[3.27640972]
[4.14711575],[1.19030282],[3.25107571]
[4.13235838],[1.18781099],[3.21205485]
[4.10380741],[1.18527342],[3.1643046]
[4.07496059],[1.18052661],[3.10825594]
[4.03816972],[1.18141401],[3.06221837]
[4.00432391],[1.17878558],[3.01421274]
[3.96831375],[1.17294306],[2.96110073]
[3.62256831],[1.17155117],[2.77876009]
[2.84236454],[1.16654548],[2.04194017]
[0.],[0.],[0.]
[1.63990214],[0.50590922],[0.66508999]
[2.31015247],[0.73061421],[1.16041487]
[2.46566519],[0.80292658],[1.4147251]
[2.61152309],[0.86677312],[1.62759265]
[2.81262048],[0.89294888],[1.8166876]
[2.97121255],[0.92342604],[1.99864037]
[3.2388165],[0.95737937],[2.1627015]
[3.19435108],[0.98423672],[2.26893844]
[3.32002096],[1.00120839],[2.40309989]
[3.27703052],[1.01756625],[2.45877617]
[3.41176155],[1.04551098],[2.59617133]
[3.37854494],[1.05187144],[2.61242872]
[3.53425125],[1.08657214],[2.78118363]
[3.53387829],[1.08543742],[2.7900162]
[3.68205736],[1.12674203],[2.96672027]
[3.71227214],[1.12236556],[2.98487934]
[3.84759176],[1.15975412],[3.15527918]
[3.91099735],[1.15710385],[3.19594327]
[3.9994845],[1.19965692],[3.32953471]
[4.05551128],[1.18797567],[3.35270006]
[4.1163157],[1.21923921],[3.45458712]
[4.15322113],[1.20397152],[3.4676538]
[4.17992581],[1.23377098],[3.55864783]
[4.20692327],[1.22872801],[3.56910416]
[4.22413311],[1.24510348],[3.63546609]
[4.21953514],[1.25576461],[3.62631659]
[4.235663],[1.26640433],[3.69287286]
[4.23019178],[1.27437355],[3.68081595]
[4.24439121],[1.27679799],[3.74458995]
[4.27228658],[1.28011534],[3.76118077]
[4.25159035],[1.28315311],[3.79894655]
[4.29140569],[1.28599983],[3.87330779]
[4.26135763],[1.28805173],[3.84303147]
[4.29253676],[1.28615774],[3.8692651]
[4.26728222],[1.27871988],[3.83549958]
[4.25368298],[1.2717463],[3.81711305]
[4.25130069],[1.26434691],[3.79046831]
[4.24761429],[1.25648916],[3.74670677]
[4.24968955],[1.2492251],[3.71689377]
[4.2426719],[1.24221254],[3.68242866]
[4.23805561],[1.23475295],[3.64778441]
[4.23741218],[1.22683581],[3.61340625]
[4.23074447],[1.21983969],[3.58614535]
[4.22590809],[1.21242425],[3.56105618]
[4.21822525],[1.21176783],[3.52468011]
[4.21825629],[1.21769358],[3.49721541]
[4.20737733],[1.21512217],[3.45330572]
[4.20253902],[1.21204026],[3.41021002]
[4.1983557],[1.20445387],[3.35174089]
[4.18125711],[1.20371985],[3.29721766]
[4.16339996],[1.20094167],[3.24292765]
[4.13821643],[1.1960083],[3.18289129]
[3.78777418],[1.19852609],[2.98318846]
[3.02282811],[1.19694418],[2.20825557]
[0.],[0.],[0.]
[1.68256437],[0.57787163],[0.78052084]
[2.34847775],[0.76694543],[1.25847908]
[2.50561123],[0.84078511],[1.51989941]
[2.6573536],[0.8994288],[1.7567137]
[2.87910026],[0.93087142],[1.98033965]
[3.04065419],[0.96885546],[2.17513026]
[3.30749392],[1.00120929],[2.35355854]
[3.25415814],[1.05691551],[2.50016978]
[3.39078784],[1.08945246],[2.66691145]
[3.36352562],[1.11010483],[2.6951761]
[3.51630597],[1.13593269],[2.87711603]
[3.49576849],[1.14903197],[2.88304101]
[3.67055808],[1.1802416],[3.08652443]
[3.6988059],[1.18153312],[3.1122379]
[3.83311523],[1.22278253],[3.29186229]
[3.88649947],[1.21955165],[3.3400274]
[3.99633689],[1.25884663],[3.50867252]
[4.08511805],[1.25614345],[3.59463369]
[4.15083778],[1.29263301],[3.73535402]
[4.21812212],[1.28694708],[3.81598718]
[4.27074238],[1.31016889],[3.91533072]
[4.27214259],[1.30439462],[3.93380891]
[4.28546715],[1.33066891],[4.00404904]
[4.28077774],[1.32166774],[4.01460453]
[4.30298357],[1.34577923],[4.0793558]
[4.29054595],[1.33612985],[4.08304653]
[4.30562586],[1.35966485],[4.1537611]
[4.29505383],[1.34818148],[4.15286437]
[4.31018639],[1.37183021],[4.21308526]
[4.34587144],[1.36349338],[4.26094753]
[4.31738777],[1.37944834],[4.29461696]
[4.3561397],[1.3792588],[4.37260128]
[4.32818676],[1.38131012],[4.35850462]
[4.35904319],[1.3807379],[4.37877786]
[4.33516719],[1.37271575],[4.32912497]
[4.32034008],[1.36468798],[4.29941131]
[4.31669895],[1.35323917],[4.26077292]
[4.31240805],[1.34010988],[4.20619742]
[4.31372797],[1.32962739],[4.16438771]
[4.30376969],[1.3181627],[4.11926532]
[4.29750692],[1.30676693],[4.07548314]
[4.29621926],[1.29528539],[4.02350106]
[4.28937398],[1.28910533],[3.97796153]
[4.28475216],[1.28446601],[3.94064884]
[4.27789199],[1.28336745],[3.89611095]
[4.27859557],[1.2884324],[3.8644985]
[4.26903328],[1.28803588],[3.8211082]
[4.26487629],[1.28677732],[3.76698174]
[4.26243813],[1.27959738],[3.69109684]
[4.24678464],[1.27711675],[3.61727136]
[4.23248494],[1.27278738],[3.54070963]
[4.21097434],[1.26603729],[3.45843464]
[3.84117372],[1.26393749],[3.2229026]
[3.07701711],[1.25967954],[2.39988418]
[0.],[0.],[0.]
[1.70405787],[0.64581858],[0.87605154]
[2.37761167],[0.81605637],[1.34322206]
[2.53191086],[0.8842193],[1.638135]
[2.70183364],[0.92772818],[1.90552436]
[2.94511722],[0.96524746],[2.13694858]
[3.11997158],[0.99798012],[2.35362126]
[3.37304712],[1.06224865],[2.59204301]
[3.34034726],[1.13465973],[2.70010407]
[3.48151707],[1.16477485],[2.92550174]
[3.4692262],[1.18830735],[2.97957711]
[3.64714852],[1.21569936],[3.20807647]
[3.67192744],[1.22727068],[3.24761822]
[3.8158936],[1.25757571],[3.43433482]
[3.86650596],[1.26684227],[3.51442293]
[3.9770585],[1.30243086],[3.68006512]
[4.05626638],[1.30638759],[3.77536673]
[4.14764475],[1.33947533],[3.94377461]
[4.25015674],[1.33411066],[4.06739029]
[4.3320247],[1.36680357],[4.22983312]
[4.33485095],[1.36258842],[4.27510644]
[4.38679681],[1.38559616],[4.36483188]
[4.3772038],[1.38268087],[4.3943365]
[4.40256096],[1.40676647],[4.46294479]
[4.38154473],[1.40307427],[4.49887768]
[4.41431495],[1.42193358],[4.55017001]
[4.3910719],[1.41878647],[4.58904868]
[4.41945513],[1.43772785],[4.63710477]
[4.39494518],[1.43221989],[4.67084255]
[4.42629492],[1.45193919],[4.71509823]
[4.43466086],[1.44915091],[4.77616313]
[4.43506069],[1.46219472],[4.8026517]
[4.46536095],[1.46466637],[4.88161751]
[4.44867704],[1.46989062],[4.86542714]
[4.46970742],[1.4719428],[4.89042763]
[4.45481413],[1.46359134],[4.83948728]
[4.43238867],[1.45528232],[4.80483057]
[4.42890397],[1.44374092],[4.76208627]
[4.42377344],[1.42997429],[4.70050413]
[4.42519872],[1.41987937],[4.65208205]
[4.4152794],[1.40814592],[4.59555936]
[4.40681775],[1.39857132],[4.53926323]
[4.40107406],[1.39245233],[4.48819747]
[4.39024528],[1.39015604],[4.44313016]
[4.38083221],[1.38671476],[4.40110609]
[4.36932175],[1.38156855],[4.35072796]
[4.36458506],[1.37947746],[4.31302213]
[4.3509508],[1.37640723],[4.26175762]
[4.3432457],[1.37242857],[4.20617961]
[4.33509208],[1.36600983],[4.12865328]
[4.31136239],[1.36422053],[4.04673338]
[4.2906004],[1.36091085],[3.96439578]
[4.26583369],[1.35603093],[3.87315555]
[3.90589105],[1.35440687],[3.63107455]
[3.14350914],[1.35083278],[2.76813984]
[0.],[0.],[0.]
[1.72623542],[0.69184828],[0.95782125]
[2.3998745],[0.85321261],[1.43752221]
[2.54819556],[0.91348521],[1.73493431]
[2.72882004],[1.00915276],[2.12614811]
[2.98498981],[1.06169266],[2.35228279]
[3.15810365],[1.13448959],[2.57911751]
[3.41617091],[1.19465724],[2.82520708]
[3.38891795],[1.24776921],[2.93268441]
[3.54791001],[1.2791242],[3.21726956]
[3.57643747],[1.29205089],[3.32072512]
[3.75221689],[1.31503054],[3.5516949]
[3.79005858],[1.32128093],[3.63342394]
[3.92398792],[1.34578248],[3.81992372]
[3.99789484],[1.34686814],[3.91501782]
[4.09994956],[1.37337152],[4.08627197]
[4.22077091],[1.36622901],[4.23011169]
[4.35998076],[1.39611222],[4.44162784]
[4.41891736],[1.40070438],[4.57885302]
[4.49716091],[1.42546943],[4.68131904]
[4.50679795],[1.42801024],[4.78725148]
[4.58455069],[1.44418716],[4.87420816]
[4.5488086],[1.44920939],[4.93727286]
[4.60448721],[1.46493516],[4.99388046]
[4.55331097],[1.46917285],[5.04685633]
[4.61716441],[1.48087643],[5.10096584]
[4.56247304],[1.48481091],[5.14401033]
[4.62516906],[1.49814326],[5.19628812]
[4.57115726],[1.4998239],[5.23106716]
[4.63068517],[1.51397678],[5.28390419]
[4.61972132],[1.51771983],[5.35245904]
[4.64436548],[1.53234064],[5.38782991]
[4.63784139],[1.54126776],[5.46250628]
[4.65606303],[1.54757355],[5.46577904]
[4.64606155],[1.54912155],[5.48435003]
[4.66224083],[1.54193169],[5.45365981]
[4.62253008],[1.53260384],[5.40625914]
[4.61529046],[1.52076764],[5.36194817]
[4.61105754],[1.50787479],[5.30150296]
[4.60750589],[1.49697486],[5.24623341]
[4.59155306],[1.48673942],[5.18559582]
[4.57186568],[1.48109186],[5.12703426]
[4.55823527],[1.47710731],[5.07642231]
[4.54343778],[1.47503555],[5.03008358]
[4.53172565],[1.47282004],[4.98319333]
[4.51673196],[1.47066421],[4.92692096]
[4.50804106],[1.46912618],[4.87579023]
[4.49139568],[1.46615229],[4.8146141]
[4.48005586],[1.46217453],[4.76234599]
[4.46707445],[1.45804907],[4.70069355]
[4.44406912],[1.45572366],[4.6330211]
[4.4181245],[1.45297848],[4.55775652]
[4.38923646],[1.44851512],[4.46829658]
[4.00241822],[1.44645388],[4.20472406]
[3.23163645],[1.44285823],[3.28188733]
[0.80019232],[0.13821343],[0.09434488]
[1.7564363],[0.74543491],[1.06837442]
[2.43953085],[0.88288113],[1.54218121]
[2.57985779],[0.94569727],[1.84524618]
[2.78327075],[1.05445099],[2.27031519]
[3.05781055],[1.12893725],[2.51402903]
[3.21643551],[1.18150366],[2.71606305]
[3.47141082],[1.24125997],[2.99016461]
[3.45014868],[1.28406366],[3.13252083]
[3.64490985],[1.31692174],[3.4780511]
[3.68677945],[1.33268783],[3.61702084]
[3.85715769],[1.35389549],[3.85266174]
[3.91230671],[1.36251328],[3.95220922]
[4.04441873],[1.38484023],[4.13208773]
[4.14863103],[1.3864955],[4.25805838]
[4.27570025],[1.41187691],[4.45348091]
[4.40951292],[1.4256254],[4.69411393]
[4.5751462],[1.45083637],[4.86462936]
[4.61305579],[1.46567127],[5.01341312]
[4.75374538],[1.4907643],[5.14037997]
[4.71291178],[1.4930145],[5.23467687]
[4.82312874],[1.50968389],[5.34623059]
[4.75676266],[1.51571404],[5.39855263]
[4.84129816],[1.52869002],[5.47333452]
[4.76100896],[1.53390016],[5.51127099]
[4.85742167],[1.54237322],[5.5846981]
[4.77040832],[1.54785429],[5.60577508]
[4.86311833],[1.55562246],[5.67555411]
[4.77693535],[1.56062058],[5.69043253]
[4.86492346],[1.56858823],[5.76695897]
[4.84348746],[1.57513563],[5.82268922]
[4.88656245],[1.57990813],[5.86992409]
[4.85453582],[1.58570892],[5.92415791]
[4.90824595],[1.59033741],[5.95122586]
[4.87274735],[1.59169049],[5.95566526]
[4.91173432],[1.58598553],[5.94663488]
[4.85321486],[1.57776258],[5.883876]
[4.84526969],[1.56863106],[5.83843939]
[4.83634043],[1.55836884],[5.77988321]
[4.83116075],[1.5483786],[5.72542008]
[4.82294258],[1.536001],[5.66393768]
[4.80667046],[1.52670681],[5.60072238]
[4.78735976],[1.52112146],[5.54082241]
[4.76357645],[1.51912477],[5.49296145]
[4.74417443],[1.51639769],[5.44312533]
[4.72367511],[1.5132058],[5.38548235]
[4.7023356],[1.50991343],[5.32620194]
[4.67447319],[1.5052563],[5.2538072]
[4.65221218],[1.50164075],[5.17774664]
[4.63259118],[1.49723613],[5.08963074]
[4.61041686],[1.4928568],[5.01165647]
[4.58388703],[1.48793663],[4.93363286]
[4.55140476],[1.48207204],[4.84160332]
[4.13215342],[1.47800403],[4.56580388]
[3.35652271],[1.47390613],[3.61212098]
[0.84797998],[0.27206376],[0.20918733]
[1.79090476],[0.78306377],[1.16685508]
[2.48527967],[0.91276795],[1.62696563]
[2.63145119],[0.98674578],[1.95691162]
[2.8676401],[1.10147004],[2.42318087]
[3.14727698],[1.16932509],[2.66001625]
[3.28203365],[1.22253823],[2.85301299]
[3.5363584],[1.28286911],[3.21426662]
[3.55332134],[1.32575549],[3.43022724]
[3.75694467],[1.35549814],[3.76429757]
[3.80795325],[1.378514],[3.92802576]
[3.99198408],[1.39581138],[4.15692059]
[4.07823562],[1.41042963],[4.29119703]
[4.20809713],[1.43328635],[4.47473506]
[4.35321598],[1.4453044],[4.71018567]
[4.49953292],[1.46701626],[4.90795799]
[4.60595772],[1.47914054],[5.13279382]
[4.79664083],[1.50438396],[5.31072724]
[4.81135808],[1.51848443],[5.449735]
[4.93223838],[1.53375366],[5.58000234]
[4.85319656],[1.54028042],[5.65273973]
[4.96421592],[1.55235002],[5.76927929]
[4.87515218],[1.55954349],[5.80351941]
[4.9717345],[1.57112032],[5.89162455]
[4.87867455],[1.57623959],[5.90989033]
[4.99107742],[1.58421916],[6.00021176]
[4.89288904],[1.58924833],[6.0033817]
[5.00301298],[1.59636113],[6.11439603]
[4.90557724],[1.60102973],[6.08958614]
[5.00924048],[1.60865959],[6.22122024]
[4.9859108],[1.61445003],[6.23318414]
[5.03391021],[1.61903369],[6.3358833]
[4.98661041],[1.62576376],[6.34440796]
[5.04359009],[1.63033146],[6.41661593]
[4.99944449],[1.63097416],[6.4016735]
[5.04504222],[1.62514628],[6.42050397]
[4.97881816],[1.61518943],[6.35048278]
[4.97230049],[1.60486576],[6.29139528]
[4.96267675],[1.59367171],[6.20744603]
[4.95108804],[1.58248338],[6.13057957]
[4.93124542],[1.57251226],[6.05470855]
[4.89939649],[1.56352684],[5.97804235]
[4.87386026],[1.55696877],[5.90921922]
[4.85416064],[1.55287687],[5.85365599]
[4.83671962],[1.54785103],[5.79977488]
[4.81379721],[1.54200849],[5.74042251]
[4.79166355],[1.53601212],[5.68256892]
[4.76489159],[1.53141917],[5.61218754]
[4.74375324],[1.52826296],[5.53186422]
[4.72307306],[1.52429396],[5.43952205]
[4.6964727],[1.52020719],[5.34741192]
[4.66933853],[1.51551028],[5.24809224]
[4.64122691],[1.5100004],[5.13429398]
[4.18955561],[1.50700629],[4.82543466]
[3.40982954],[1.50216049],[3.82904422]
[0.87095628],[0.3428941],[0.25895221]
[1.80599072],[0.81185892],[1.23593903]
[2.50996157],[0.9446597],[1.70139067]
[2.64983419],[1.04404462],[2.19101915]
[2.92711979],[1.15206647],[2.54594157]
[3.21468433],[1.21209614],[2.78464482]
[3.3466099],[1.26938683],[3.09052593]
[3.6095154],[1.32791437],[3.491687]
[3.67417294],[1.36875864],[3.71749646]
[3.86301297],[1.39893618],[4.05142776]
[3.94421656],[1.42166322],[4.24900959]
[4.1094633],[1.44675039],[4.46911599]
[4.21057477],[1.46263275],[4.67737045]
[4.33613181],[1.4876575],[4.86865456]
[4.45657609],[1.49562294],[5.11070504]
[4.6148943],[1.51381427],[5.29918828]
[4.67605237],[1.52372439],[5.48035352]
[4.88738158],[1.54354057],[5.67780053]
[4.8439112],[1.55551185],[5.77781005]
[4.94697321],[1.57060226],[5.91370481]
[4.88307601],[1.57555214],[5.97716233]
[5.01448487],[1.58764485],[6.15077589]
[4.92996535],[1.59392753],[6.14425054]
[5.02980735],[1.60542434],[6.30161666]
[4.93523813],[1.60938408],[6.26977628]
[5.04580815],[1.61670559],[6.4494734]
[4.94898197],[1.62105776],[6.37976336]
[5.05748987],[1.62800427],[6.56574697]
[4.96189827],[1.63189555],[6.48309203]
[5.06696267],[1.6392938],[6.66030863]
[5.03078836],[1.64505239],[6.62887556]
[5.08983726],[1.64978163],[6.75175146]
[5.052985],[1.65795056],[6.7567558]
[5.10689382],[1.6605543],[6.82610892]
[5.07218176],[1.66074433],[6.80929826]
[5.10821904],[1.65408313],[6.83497691]
[5.05544315],[1.64369509],[6.76955104]
[5.04296387],[1.6333772],[6.69815861]
[5.03397066],[1.62171223],[6.60524202]
[5.02682827],[1.61006784],[6.51776576]
[5.01990632],[1.59855736],[6.42474363]
[4.98147553],[1.59070133],[6.33099417]
[4.93373216],[1.58457096],[6.23801454]
[4.89288512],[1.57858496],[6.15766869]
[4.85506495],[1.57318058],[6.08231969]
[4.81780661],[1.56790619],[6.00169907]
[4.79592002],[1.56141499],[5.93142516]
[4.76857509],[1.55529374],[5.84994261]
[4.74559104],[1.54736924],[5.76446962]
[4.72083155],[1.53831613],[5.66484721]
[4.68815652],[1.53089063],[5.57113446]
[4.66036928],[1.52323731],[5.46813298]
[4.63247391],[1.51618406],[5.34831624]
[4.1995697],[1.51127493],[4.99718408]
[3.42815157],[1.50607259],[3.97874579]
[0.87840939],[0.36686526],[0.28488244]
[1.82301829],[0.82989618],[1.27786262]
[2.55349896],[0.97824906],[1.79179102]
[2.68949158],[1.17378846],[2.42233737]
[3.02140454],[1.23489556],[2.82834004]
[3.29489531],[1.29386858],[3.15224397]
[3.43098742],[1.34575815],[3.44594188]
[3.71956422],[1.39533406],[3.82723643]
[3.80729655],[1.4316578],[4.07401399]
[3.9647676],[1.46554704],[4.38226054]
[4.05943209],[1.48850505],[4.67776172]
[4.20811509],[1.50181699],[4.88491012]
[4.32277633],[1.51253834],[5.10959636]
[4.46224205],[1.5297399],[5.29001866]
[4.56578686],[1.53689035],[5.52115506]
[4.71891067],[1.54983033],[5.69023363]
[4.7775253],[1.55784634],[5.85267344]
[4.974812],[1.57480349],[6.05143168]
[4.91927903],[1.58618676],[6.13154062]
[5.04953311],[1.59960274],[6.34130201]
[4.97982729],[1.60480372],[6.3693252]
[5.11128782],[1.61667276],[6.61213691]
[5.02170082],[1.62211787],[6.57132656]
[5.1164444],[1.63407235],[6.76960541]
[5.02098865],[1.63635917],[6.70989706]
[5.13009123],[1.64461961],[6.89790888]
[5.03119061],[1.64737278],[6.80223382]
[5.13767605],[1.65500353],[6.98205789]
[5.04292745],[1.65980329],[6.88378307]
[5.14731953],[1.66584199],[7.05663803]
[5.11995262],[1.6835379],[7.0399137]
[5.17128725],[1.67874562],[7.14411645]
[5.13889694],[1.69049208],[7.15201427]
[5.18889554],[1.6926378],[7.21725566]
[5.15328009],[1.69387733],[7.19805287]
[5.18686868],[1.68317636],[7.22090813]
[5.13824069],[1.67091349],[7.13588485]
[5.12681102],[1.66130436],[7.07276264]
[5.11859406],[1.65047253],[6.98309145]
[5.11186686],[1.6399371],[6.89685164]
[5.10503989],[1.62950611],[6.80894477]
[5.0887811],[1.62422523],[6.73525794]
[5.0567205],[1.61875732],[6.64833701]
[5.00733784],[1.61256914],[6.55778065]
[4.9568401],[1.60680195],[6.46918707]
[4.91295383],[1.60154598],[6.37396357]
[4.87387937],[1.59721078],[6.28761504]
[4.82945584],[1.59191788],[6.1954434]
[4.79816427],[1.5857211],[6.10640268]
[4.77581555],[1.57997476],[6.01181471]
[4.75105503],[1.57373969],[5.91967955]
[4.72473753],[1.56706052],[5.8289188]
[4.69755009],[1.55867084],[5.72372719]
[4.25042352],[1.54998335],[5.30091107]
[3.47401237],[1.54147499],[4.21332926]
[0.89104512],[0.40302264],[0.32125066]
[1.8537269],[0.856504],[1.33510408]
[2.61531351],[1.00752779],[1.88244548]
[2.78643083],[1.2031833],[2.54109458]
[3.11027996],[1.26901689],[3.03266884]
[3.38707604],[1.31972094],[3.38408832]
[3.54231003],[1.383384],[3.68801461]
[3.83997719],[1.43135174],[4.06960006]
[3.94577149],[1.47515107],[4.40880687]
[4.08915244],[1.50151951],[4.68952239]
[4.2029957],[1.5174577],[4.9966918]
[4.35112541],[1.53021906],[5.22054068]
[4.45306476],[1.54118465],[5.4438602]
[4.60421624],[1.55552339],[5.64543554]
[4.67644681],[1.56367397],[5.81589817]
[4.86499921],[1.57602121],[6.0250819]
[4.89916334],[1.58347937],[6.15040457]
[5.08123935],[1.60111125],[6.37076062]
[5.02008079],[1.60961799],[6.42556827]
[5.14488245],[1.62416966],[6.68734512]
[5.07617778],[1.62777359],[6.70405377]
[5.20972029],[1.64113148],[6.975359]
[5.1267942],[1.64597314],[6.91901152]
[5.21840436],[1.65794314],[7.14422907]
[5.12540057],[1.66773375],[7.06415266]
[5.23275244],[1.66788823],[7.27390384]
[5.13493196],[1.68905924],[7.16872853]
[5.23649267],[1.67834737],[7.34856229]
[5.15093763],[1.71097884],[7.26327431]
[5.24795038],[1.6978295],[7.42729924]
[5.24049805],[1.7326923],[7.42740833]
[5.2735273],[1.71895094],[7.51086643]
[5.25206745],[1.73816234],[7.51804915]
[5.29298616],[1.7401303],[7.57463256]
[5.26361925],[1.74159177],[7.54444085]
[5.29053487],[1.73088276],[7.555965]
[5.24720924],[1.71068786],[7.45973637]
[5.23106124],[1.69191626],[7.39068789]
[5.22641579],[1.67244876],[7.31015447]
[5.21944813],[1.66057632],[7.2410707]
[5.20887425],[1.64989585],[7.16235387]
[5.19555773],[1.64436574],[7.094784]
[5.16911577],[1.639291],[7.02363371]
[5.13594941],[1.63437887],[6.946135]
[5.09828415],[1.62918809],[6.86233824]
[5.04611604],[1.62623116],[6.75861581]
[4.99012261],[1.6225383],[6.66522914]
[4.93720291],[1.61727045],[6.56276045]
[4.90227474],[1.61118351],[6.46803705]
[4.86724749],[1.60466768],[6.34652836]
[4.82714508],[1.59661607],[6.22507638]
[4.80247549],[1.58788148],[6.11478613]
[4.78196386],[1.58028881],[5.99606255]
[4.30383813],[1.57247809],[5.49883371]
[3.53107454],[1.56506878],[4.36857503]
[0.89702126],[0.42415097],[0.33618617]
[1.85935663],[0.8805233],[1.38252111]
[2.62974418],[1.02539125],[1.95517371]
[2.8223795],[1.23892948],[2.67888903]
[3.1478797],[1.3076426],[3.21476936]
[3.42730949],[1.35554015],[3.56841245]
[3.61305265],[1.40707707],[3.90377955]
[3.89968303],[1.45725498],[4.28292028]
[4.01616175],[1.49233448],[4.65704717]
[4.15175465],[1.52318232],[4.94699472]
[4.27828313],[1.53428572],[5.272174]
[4.42309752],[1.55024516],[5.49024722]
[4.51529616],[1.55961547],[5.69270306]
[4.66022954],[1.57588626],[5.87599123]
[4.73946392],[1.58111571],[6.02902666]
[4.91643895],[1.59707234],[6.24334328]
[4.92264565],[1.60407176],[6.34472746]
[5.09409833],[1.61950089],[6.62185256]
[5.03942608],[1.62846252],[6.65993607]
[5.16596179],[1.63958237],[6.95598867]
[5.10717748],[1.64251154],[6.96357704]
[5.23019703],[1.65550403],[7.25542483]
[5.16035176],[1.66807426],[7.20105835]
[5.24242065],[1.67240297],[7.41021346]
[5.16083541],[1.69499031],[7.34241303]
[5.25947287],[1.68734194],[7.52823163]
[5.17602187],[1.71657506],[7.43601548]
[5.27015926],[1.70620567],[7.60365395]
[5.19044161],[1.73735808],[7.51536481]
[5.28367755],[1.72670757],[7.67218209]
[5.26977948],[1.75665849],[7.66940181]
[5.31480185],[1.7469778],[7.76014372]
[5.29311988],[1.7606325],[7.75779426]
[5.33293714],[1.76189914],[7.81511024]
[5.30678632],[1.76060546],[7.7869157]
[5.33649452],[1.75779924],[7.79398624]
[5.30288233],[1.75043306],[7.69850939]
[5.28783492],[1.73092758],[7.62856897]
[5.28088832],[1.70790575],[7.5491125]
[5.27309084],[1.69332058],[7.46847929]
[5.26354822],[1.67748017],[7.39381206]
[5.24786367],[1.66901467],[7.33178799]
[5.22156432],[1.65314928],[7.25920947]
[5.18887148],[1.64689209],[7.18600547]
[5.1569346],[1.64320041],[7.11442979]
[5.1173304],[1.64082128],[7.03603669]
[5.07085201],[1.63763475],[6.96061776]
[5.01501839],[1.63267123],[6.86363686]
[4.96378887],[1.62594633],[6.76178607]
[4.91740803],[1.61853003],[6.63561617]
[4.87717821],[1.61012293],[6.49887616]
[4.83873305],[1.60156827],[6.35426851]
[4.79994752],[1.592963],[6.20771529]
[4.35784112],[1.58418733],[5.6692496]
[3.56065847],[1.57575092],[4.50389143]
[0.90054791],[0.42847724],[0.34014916]
[1.88249175],[0.89325507],[1.4192785]
[2.66244674],[1.03723858],[2.01657534]
[2.88235727],[1.28602287],[2.88630495]
[3.2150967],[1.35280696],[3.43423529]
[3.5172147],[1.40171388],[3.81130668]
[3.72797465],[1.44392389],[4.25025458]
[4.0189065],[1.49763354],[4.62792775]
[4.15992025],[1.52024058],[4.97734816]
[4.27326654],[1.54916481],[5.27264052]
[4.39087905],[1.55753759],[5.57882947]
[4.5497143],[1.57289361],[5.82346303]
[4.61241604],[1.58098817],[5.96665479]
[4.79698836],[1.59726132],[6.19197856]
[4.82344278],[1.60677895],[6.30753816]
[4.9828746],[1.61871863],[6.56581946]
[4.98675108],[1.63227833],[6.64982396]
[5.16688715],[1.64221552],[6.95615492]
[5.12388245],[1.65037193],[6.97329904]
[5.24303589],[1.65666017],[7.26652438]
[5.19177882],[1.66417991],[7.26912525]
[5.30682384],[1.67124941],[7.54613755]
[5.24051342],[1.69531162],[7.51202117]
[5.34299082],[1.69312537],[7.69874712]
[5.24572621],[1.72150733],[7.63951054]
[5.35707659],[1.71293446],[7.80475371]
[5.25635298],[1.7423276],[7.71922217]
[5.36359051],[1.7327694],[7.86499417]
[5.27317696],[1.76155866],[7.79462785]
[5.36761186],[1.75369849],[7.93307272]
[5.35387555],[1.78131266],[7.94184355]
[5.39044709],[1.77388504],[8.02131901]
[5.37090334],[1.78395877],[8.01737446]
[5.39597081],[1.78560275],[8.06295711]
[5.3775457],[1.79093526],[8.03321627]
[5.40360141],[1.79161261],[8.04780915]
[5.37551865],[1.78661312],[7.96037346]
[5.36105453],[1.76799799],[7.89661391]
[5.35995771],[1.74645643],[7.82826419]
[5.35863366],[1.72678872],[7.7571751]
[5.35194859],[1.71173096],[7.68401553]
[5.3491462],[1.70253054],[7.62218946]
[5.33429212],[1.68777312],[7.55195152]
[5.29752191],[1.67351485],[7.47205181]
[5.2637998],[1.66791926],[7.40806369]
[5.23143169],[1.66566844],[7.34031761]
[5.19818212],[1.66314546],[7.27643959]
[5.15631647],[1.65919929],[7.20160203]
[5.11632251],[1.65249333],[7.12083791]
[5.06119377],[1.64557646],[7.01897335]
[5.01489768],[1.63820216],[6.89406912]
[4.98262713],[1.62906483],[6.75830403]
[4.9460306],[1.61958474],[6.6022002]
[4.4604106],[1.61028115],[5.97492695]
[3.66871929],[1.60301627],[4.75256104]
[0.91955982],[0.46200743],[0.37389167]
[1.92425823],[0.91344422],[1.47446081]
[2.71831918],[1.04961426],[2.11863203]
[2.98684817],[1.30364633],[3.02244315]
[3.31291057],[1.37026088],[3.5700484]
[3.64911543],[1.42016747],[4.03195817]
[3.87584178],[1.45772048],[4.49143524]
[4.17551002],[1.51039263],[4.89385727]
[4.30900046],[1.53505234],[5.22697942]
[4.41998031],[1.57086354],[5.5360495]
[4.5289917],[1.5770271],[5.83690658]
[4.68074009],[1.59260625],[6.08046062]
[4.73705633],[1.60599165],[6.22387997]
[4.89399599],[1.61892001],[6.44641761]
[4.90956025],[1.63380098],[6.57357894]
[5.07171569],[1.64217919],[6.8735365]
[5.08800526],[1.65349856],[6.93237664]
[5.26840841],[1.66267929],[7.25922715]
[5.2240466],[1.67067197],[7.25769488]
[5.33522282],[1.67694978],[7.56033195]
[5.2921042],[1.69381179],[7.60500247]
[5.41889508],[1.70019008],[7.86501281]
[5.36782714],[1.73513693],[7.83980834]
[5.46653996],[1.73673544],[8.00784108]
[5.37591349],[1.75732346],[7.94902586]
[5.48314729],[1.75852494],[8.11024551]
[5.3890413],[1.77660391],[8.02414433]
[5.49176423],[1.77769639],[8.17131161]
[5.40524268],[1.80080059],[8.09623824]
[5.4985128],[1.79014504],[8.23163301]
[5.48676543],[1.82334269],[8.24660658]
[5.52271666],[1.8084704],[8.31540134]
[5.51150216],[1.82728945],[8.31500968]
[5.52897868],[1.82957719],[8.35559145]
[5.51848944],[1.8340776],[8.32923756]
[5.53385848],[1.83467873],[8.33885629]
[5.51292204],[1.83183883],[8.2590369]
[5.4921724],[1.8145942],[8.19329457]
[5.49802836],[1.79443961],[8.1325368]
[5.49725597],[1.77323127],[8.06420641]
[5.48865133],[1.75575361],[7.99335603]
[5.48796237],[1.7465855],[7.9351068]
[5.4801502],[1.73254214],[7.86999881]
[5.43969834],[1.7185546],[7.79083682]
[5.40185188],[1.70435002],[7.72211266]
[5.3679758],[1.69205685],[7.65550663]
[5.33093127],[1.68419224],[7.58850816]
[5.28402625],[1.68208156],[7.51446733]
[5.25433965],[1.67578526],[7.44478873]
[5.2161442],[1.66904811],[7.35774208]
[5.17309483],[1.66084128],[7.25207049]
[5.11519272],[1.65180163],[7.12937649]
[5.07173474],[1.64130185],[6.99238399]
[4.52618504],[1.63143567],[6.28660948]
[3.73663011],[1.62228937],[5.01068979]
[0.93698879],[0.48931627],[0.40487718]
[1.96869488],[0.93272377],[1.53023706]
[2.76940332],[1.06154643],[2.25096458]
[3.09275543],[1.31689872],[3.15810139]
[3.43397015],[1.37905657],[3.72696849]
[3.77901129],[1.43073417],[4.24358651]
[4.01873062],[1.48485754],[4.70576663]
[4.31488344],[1.52990741],[5.1239041]
[4.44824163],[1.5646683],[5.46356463]
[4.57587054],[1.58706298],[5.78782209]
[4.63696208],[1.59870119],[6.05174719]
[4.81937901],[1.6147232],[6.33167628]
[4.82876323],[1.63123643],[6.45433282]
[4.98701214],[1.64242523],[6.7273458]
[4.99116221],[1.65283984],[6.81975116]
[5.16650036],[1.66074576],[7.14424895]
[5.19732959],[1.67095613],[7.18906367]
[5.38090562],[1.67955655],[7.52649879]
[5.35068303],[1.68746045],[7.54776992]
[5.45233856],[1.69417948],[7.84758718]
[5.42731042],[1.71921639],[7.89551339]
[5.55375949],[1.73375003],[8.14279771]
[5.51708813],[1.75790007],[8.12753632]
[5.61114777],[1.76930396],[8.28557197]
[5.53194268],[1.77907547],[8.2357015]
[5.62671883],[1.796005],[8.38610708]
[5.54803492],[1.80299869],[8.30571519]
[5.64401565],[1.8086739],[8.44260461]
[5.56381701],[1.82762106],[8.38215169]
[5.65375411],[1.82197676],[8.50449811]
[5.66454092],[1.85089078],[8.5306213]
[5.67446804],[1.8404037],[8.59269806]
[5.67987379],[1.8580188],[8.60066695]
[5.68827336],[1.85929116],[8.63035438]
[5.68285456],[1.86578622],[8.61127663]
[5.69666275],[1.86775968],[8.61382411]
[5.68611333],[1.86312073],[8.53984963]
[5.65953026],[1.84803329],[8.47245692]
[5.66645112],[1.82831038],[8.41221881]
[5.66497581],[1.8078943],[8.34641918]
[5.65375979],[1.79152415],[8.28353488]
[5.6537523],[1.77783439],[8.22632925]
[5.65632059],[1.76422949],[8.16787107]
[5.60311685],[1.75033429],[8.08381037]
[5.55332173],[1.73730452],[8.01237591]
[5.51520664],[1.72674484],[7.94776149]
[5.47410881],[1.71610533],[7.88302664]
[5.42748429],[1.70544912],[7.80166983]
[5.39748052],[1.696001],[7.7183116]
[5.36814518],[1.68358537],[7.62237632]
[5.32917791],[1.67719377],[7.51909814]
[5.28834811],[1.66861357],[7.41167676]
[5.24922182],[1.65875074],[7.29320076]
[4.68238811],[1.64713867],[6.55195282]
[3.8795993],[1.63788589],[5.26037302]
[0.92511948],[0.48520606],[0.40265635]
[1.96062282],[0.94549977],[1.55629493]
[2.75710167],[1.07145245],[2.35059352]
[3.11812396],[1.32850102],[3.25314385]
[3.48081772],[1.38831546],[3.88203834]
[3.81082659],[1.44568246],[4.41536069]
[4.06771982],[1.51947111],[4.86623062]
[4.36382783],[1.5582767],[5.31787877]
[4.50477137],[1.59152086],[5.65150389]
[4.61943333],[1.60718457],[5.9611162]
[4.67900139],[1.62445763],[6.24085584]
[4.83261892],[1.63945801],[6.528513]
[4.83818842],[1.65298183],[6.65339245]
[5.00078667],[1.66115955],[6.95595448]
[5.00688557],[1.67125195],[7.03690761]
[5.19329262],[1.6789149],[7.36558246]
[5.2386416],[1.68817239],[7.40610765]
[5.41644873],[1.69647855],[7.75411293]
[5.39503203],[1.70488102],[7.78444989]
[5.49351029],[1.72640845],[8.06167918]
[5.50665145],[1.74819261],[8.12559821]
[5.67829351],[1.76886289],[8.35788526]
[5.66444127],[1.78135836],[8.36455798]
[5.74419958],[1.80821163],[8.50546319]
[5.6862906],[1.80714874],[8.46828324]
[5.76121354],[1.82811661],[8.59628062]
[5.70573757],[1.83304082],[8.54087893]
[5.78165422],[1.8377453],[8.65109687]
[5.7269735],[1.85860549],[8.61649213]
[5.80027969],[1.85376785],[8.71039384]
[5.77454212],[1.8825219],[8.73494272]
[5.84212363],[1.87358638],[8.81905252]
[5.8293792],[1.89386532],[8.82311543]
[5.87415176],[1.89834061],[8.89022113]
[5.87038672],[1.90483092],[8.86381228]
[5.87712692],[1.90857998],[8.86876122]
[5.8431065],[1.90025774],[8.76333527]
[5.815352],[1.87810112],[8.667045]
[5.80633949],[1.85758779],[8.60396211]
[5.79985224],[1.84080107],[8.53586991]
[5.79335104],[1.82533109],[8.47892171]
[5.77969986],[1.81066711],[8.42438518]
[5.74001139],[1.79651051],[8.37176118]
[5.69662824],[1.78622049],[8.29269398]
[5.66851932],[1.77488393],[8.2234853]
[5.64067289],[1.76476322],[8.16735097]
[5.61476572],[1.7544146],[8.1069107]
[5.57460935],[1.74307026],[8.02903622]
[5.53662718],[1.73167335],[7.94843439]
[5.49554038],[1.71799203],[7.85771977]
[5.45543296],[1.70028472],[7.74428985]
[5.41671059],[1.68375838],[7.62685786]
[5.37599394],[1.67419744],[7.50789393]
[4.78455776],[1.6651581],[6.75029871]
[3.99807245],[1.65385879],[5.47389672]
[0.92938904],[0.48809872],[0.40795803]
[1.97934812],[0.96015249],[1.58707467]
[2.77730748],[1.09724122],[2.45266264]
[3.19543027],[1.35489052],[3.45574656]
[3.56711332],[1.42011077],[4.14591123]
[3.88498655],[1.48889977],[4.66383059]
[4.17964357],[1.56706619],[5.13666241]
[4.45810167],[1.60068992],[5.5859253]
[4.57575888],[1.62949959],[5.89065408]
[4.71685986],[1.64236129],[6.2347118]
[4.74077248],[1.65446891],[6.50788774]
[4.89822838],[1.66523194],[6.85181768]
[4.93999112],[1.67637807],[6.93506707]
[5.109715],[1.68405117],[7.26543778]
[5.12467879],[1.69366792],[7.32205775]
[5.27653741],[1.70101252],[7.64944913]
[5.35009489],[1.71215488],[7.7211227]
[5.5282657],[1.721906],[8.05387405]
[5.52957062],[1.73830997],[8.10676572]
[5.61598111],[1.7624794],[8.36115036]
[5.66931283],[1.78309028],[8.45500561]
[5.85589059],[1.81591177],[8.68875802]
[5.86561064],[1.81966064],[8.70858277]
[5.93840701],[1.84776254],[8.8650072]
[5.90419999],[1.84867049],[8.83101855]
[5.96458315],[1.86788322],[8.98662099]
[5.94393683],[1.88067915],[8.9603039]
[5.98911955],[1.89138339],[9.09814162]
[5.98392109],[1.91523007],[9.11394976]
[6.00905677],[1.91768303],[9.22127869]
[6.03153105],[1.94816626],[9.31160352]
[6.03018346],[1.94468774],[9.37007053]
[6.09747523],[1.96820702],[9.42845724]
[6.1137165],[1.97287102],[9.45791886]
[6.21879677],[1.97792375],[9.50905905]
[6.2046338],[1.98336292],[9.47283396]
[6.21605056],[1.97515729],[9.40572643]
[6.18155121],[1.95291344],[9.26998959]
[6.15617303],[1.92192113],[9.16478601]
[6.14387062],[1.8926934],[9.04851024]
[6.12799536],[1.87321344],[8.94737423]
[6.12170448],[1.85231503],[8.84762929]
[5.99974719],[1.8380397],[8.74849982]
[5.95282533],[1.82819275],[8.65751332]
[5.91818296],[1.81723233],[8.58317683]
[5.87890069],[1.80759735],[8.52684248]
[5.84440081],[1.79759085],[8.46167021]
[5.80726236],[1.78652273],[8.38414789]
[5.76969612],[1.77603512],[8.30469836]
[5.72577201],[1.76396723],[8.22091723]
[5.67889158],[1.75137147],[8.11214155]
[5.64067686],[1.72394437],[7.99405537]
[5.60662169],[1.69678063],[7.87664324]
[4.89500143],[1.68705618],[7.0511309]
[4.11541244],[1.67735653],[5.74141395]
[0.95491984],[0.53479923],[0.45103922]
[2.02992419],[0.97889854],[1.64792628]
[2.82681723],[1.14949438],[2.59346054]
[3.32998544],[1.36364359],[3.64937991]
[3.6641563],[1.4586422],[4.33088264]
[3.98964848],[1.52712936],[4.90157902]
[4.31688622],[1.59896313],[5.37156056]
[4.56047279],[1.62946614],[5.79538604]
[4.69516383],[1.65628742],[6.12828339]
[4.81306044],[1.66551486],[6.51723017]
[4.8351055],[1.67614454],[6.79359681]
[5.0058829],[1.68695969],[7.18004857]
[5.04464558],[1.69784929],[7.24527885]
[5.20430154],[1.70540381],[7.57663043]
[5.21038575],[1.71473334],[7.63877099]
[5.4028921],[1.73028475],[7.98519964]
[5.5040504],[1.75166785],[8.08209965]
[5.68412154],[1.78411964],[8.39678658]
[5.71711228],[1.78890287],[8.4816813]
[5.77999935],[1.82945224],[8.75459498]
[5.86041703],[1.85965943],[8.9205865]
[6.03978098],[1.88972057],[9.21024971]
[6.10310799],[1.90267272],[9.32068827]
[6.16261018],[1.92641905],[9.47000146]
[6.22730284],[1.93819277],[9.56599844]
[6.29978372],[1.95271474],[9.7180977]
[6.34573669],[1.9722129],[9.78831411]
[6.44397233],[1.98324629],[9.94213172]
[6.47582909],[2.00477597],[10.03317719]
[6.58021929],[2.00729308],[10.16349125]
[6.59816924],[2.0358649],[10.29775495]
[6.71370752],[2.03417857],[10.40997385]
[6.74581021],[2.05601265],[10.52158009]
[6.84511193],[2.0577483],[10.58593895]
[6.85520285],[2.06437697],[10.63261019]
[6.91142792],[2.07005905],[10.62760134]
[6.87133275],[2.06315701],[10.49925599]
[6.88479215],[2.04475408],[10.41210568]
[6.84374298],[2.01538506],[10.26157185]
[6.83085764],[1.98792661],[10.13543297]
[6.81749298],[1.96124379],[9.99186744]
[6.80793572],[1.93758028],[9.87072747]
[6.80115085],[1.91792701],[9.74822707]
[6.65082487],[1.89906311],[9.52264268]
[6.45797448],[1.87929919],[9.25791059]
[6.25586252],[1.86513618],[9.0360058]
[6.11061257],[1.85595059],[8.89819182]
[6.03322826],[1.845564],[8.81144377]
[5.98707562],[1.83564491],[8.72726308]
[5.93651414],[1.82474116],[8.64062275]
[5.89221401],[1.8083366],[8.52895663]
[5.85446696],[1.78567969],[8.41018516]
[5.79786817],[1.75772432],[8.28727975]
[5.03266195],[1.73455624],[7.39191459]
[4.2321972],[1.71005229],[6.05362567]
[0.97761836],[0.57242108],[0.48788912]
[2.08016427],[0.99518642],[1.70326066]
[2.86654889],[1.20005027],[2.74222933]
[3.44041188],[1.39054942],[3.83387838]
[3.7622424],[1.49172496],[4.51662917]
[4.11230648],[1.56163166],[5.12916205]
[4.40791869],[1.62657533],[5.57436985]
[4.67232657],[1.65353388],[6.00208002]
[4.78765009],[1.67498663],[6.36905773]
[4.91247289],[1.6841374],[6.77709671]
[4.92690331],[1.69488402],[7.04485063]
[5.10449672],[1.70560039],[7.44899597]
[5.12378533],[1.71606106],[7.50527505]
[5.2877739],[1.73035791],[7.85824201]
[5.34341632],[1.75112978],[7.97166647]
[5.55294145],[1.77035774],[8.32214759]
[5.69159532],[1.80232135],[8.4680214]
[5.86601069],[1.84756612],[8.82493066]
[5.94837342],[1.88077216],[8.98468288]
[6.02401211],[1.91810083],[9.35890563]
[6.12359338],[1.94614831],[9.64231019]
[6.42571075],[1.97103298],[10.05256695]
[6.64186886],[1.98777347],[10.2957199]
[6.87934579],[2.00562202],[10.55299183]
[6.87610582],[2.0206712],[10.64499706]
[6.98799143],[2.0340317],[10.8750171]
[6.97988534],[2.05331568],[10.92669659]
[7.07983641],[2.06139676],[11.13712447]
[7.08671547],[2.08338042],[11.20092912]
[7.17592316],[2.08421589],[11.39044221]
[7.19438281],[2.11338878],[11.51400115]
[7.25441729],[2.11452767],[11.64169716]
[7.31248931],[2.13181375],[11.7411884]
[7.33820786],[2.13175604],[11.81626851]
[7.40479199],[2.13991438],[11.87506818]
[7.39803522],[2.14529285],[11.87441716]
[7.419098],[2.14105196],[11.78254953]
[7.36856051],[2.12393825],[11.65948523]
[7.3737999],[2.0979539],[11.52675911]
[7.32254263],[2.07393555],[11.37848103]
[7.30266367],[2.04625672],[11.21303662]
[7.2850398],[2.02062684],[11.03541969]
[7.2643209],[1.99592991],[10.833151]
[7.22206267],[1.97570129],[10.61482381]
[7.10969165],[1.95621417],[10.38205368]
[6.97515345],[1.93506721],[10.13496778]
[6.84988463],[1.91625344],[9.86556429]
[6.68373505],[1.89668411],[9.58656973]
[6.49710846],[1.8814997],[9.32034862]
[6.3034359],[1.87007227],[9.09384643]
[6.18663167],[1.85156772],[8.9396046]
[6.12273729],[1.83394939],[8.79875103]
[6.02518174],[1.80932373],[8.67491724]
[5.22348141],[1.78569801],[7.73660028]
[4.43798654],[1.76043375],[6.38726886]
[0.95617199],[0.55749483],[0.47181834]
[2.04637678],[1.00867818],[1.70649679]
[2.83007836],[1.24385206],[2.82453851]
[3.4078617],[1.42197256],[3.9544635]
[3.71967378],[1.52171726],[4.6052403]
[4.06501844],[1.59237993],[5.22917522]
[4.36405614],[1.64853896],[5.67860496]
[4.61781356],[1.67317724],[6.12252583]
[4.73419634],[1.69319565],[6.52573165]
[4.86439624],[1.70227587],[6.96147896]
[4.99168436],[1.71298333],[7.23513855]
[5.18699428],[1.72367944],[7.6418412]
[5.23198048],[1.74383168],[7.76469931]
[5.38307528],[1.77488589],[8.12472314]
[5.38682013],[1.81197863],[8.28873749]
[5.56969928],[1.84684673],[8.66848403]
[5.72732365],[1.89049667],[8.87577368]
[5.89906621],[1.92756492],[9.32901429]
[6.05828147],[1.96399567],[9.60632135]
[6.23229604],[1.99579475],[10.00224604]
[6.58400684],[2.0203715],[10.43537581]
[6.96350467],[2.03808284],[10.96034596]
[7.16848703],[2.06220589],[11.26911796]
[7.34940224],[2.07424869],[11.55395616]
[7.4546118],[2.09463902],[11.70142355]
[7.5030093],[2.10182647],[11.91904087]
[7.5518292],[2.12785644],[12.00687794]
[7.58649234],[2.12959374],[12.17102354]
[7.63486013],[2.15567654],[12.25042512]
[7.67174573],[2.15877354],[12.40254907]
[7.72401941],[2.18347745],[12.53204919]
[7.74203984],[2.18727412],[12.70114781]
[7.81041663],[2.20040566],[12.8239299]
[7.82255248],[2.20237847],[12.89772803]
[7.88407609],[2.20121631],[12.98652244]
[7.88978026],[2.20491676],[12.99288579]
[7.89740107],[2.20262021],[12.90864072]
[7.85883203],[2.18652009],[12.76123852]
[7.84934469],[2.16595754],[12.60374918]
[7.81196551],[2.14444094],[12.41520011]
[7.77824272],[2.11936247],[12.22462511]
[7.7582055],[2.09612854],[12.01745562]
[7.73093338],[2.07312742],[11.79447608]
[7.71443934],[2.05006487],[11.55792625]
[7.63906758],[2.03023468],[11.30869183]
[7.50125909],[2.0137707],[11.02609803]
[7.3752751],[1.9966061],[10.75254891]
[7.24818167],[1.97743835],[10.46844621]
[7.1238539],[1.96273805],[10.18888362]
[7.00307941],[1.94663608],[9.94286587]
[6.88978074],[1.92459494],[9.69106921]
[6.77355961],[1.90334121],[9.42831322]
[6.5833527],[1.87348961],[9.18714687]
[5.70060146],[1.84475583],[8.14909455]
[4.82151065],[1.81473977],[6.73003597]
[0.96110121],[0.55321838],[0.47118603]
[2.06438854],[1.01248035],[1.71565516]
[2.85070576],[1.28227748],[2.89444583]
[3.43803773],[1.45106948],[4.07763264]
[3.7481196],[1.54793062],[4.72041924]
[4.09270762],[1.61377466],[5.34481183]
[4.39081993],[1.66629276],[5.80336]
[4.65574024],[1.69040717],[6.27959176]
[4.77688882],[1.71004346],[6.68368221]
[4.91083114],[1.71927809],[7.15804173]
[5.06100556],[1.73524205],[7.45748336]
[5.26584909],[1.76512449],[7.91559738]
[5.29869978],[1.80558716],[8.08578705]
[5.45349731],[1.83984661],[8.45788563]
[5.46513834],[1.884231],[8.64805121]
[5.68241058],[1.92056086],[9.05800187]
[5.80559057],[1.96505592],[9.35302572]
[6.05727576],[1.99947958],[9.86761829]
[6.234633],[2.03421347],[10.23955252]
[6.55752397],[2.06315298],[10.71185604]
[6.87411826],[2.08563092],[11.18621707]
[7.19818081],[2.10190294],[11.73063908]
[7.45656266],[2.13086924],[12.09210492]
[7.62630272],[2.13616964],[12.39099933]
[7.75268273],[2.1640859],[12.62715619]
[7.79815711],[2.16988059],[12.89132489]
[7.8356001],[2.19664962],[13.02830602]
[7.88394418],[2.20032701],[13.24822035]
[7.90177098],[2.22294204],[13.37561455]
[7.97027049],[2.22803397],[13.54173241]
[7.98873559],[2.25014513],[13.72269267]
[8.0525961],[2.25680413],[13.83061934]
[8.08505329],[2.26769348],[13.98406072]
[8.13714169],[2.27171416],[14.08046519]
[8.16405961],[2.27051918],[14.2062706]
[8.2132004],[2.28322575],[14.26259914]
[8.18010977],[2.28948972],[14.21879175]
[8.18593043],[2.29105281],[14.09773537]
[8.13825105],[2.26580795],[13.97411058]
[8.14223381],[2.23994215],[13.81404427]
[8.09274513],[2.21464799],[13.65696226]
[8.07677447],[2.18570819],[13.47596759]
[8.05625833],[2.15810973],[13.24025495]
[8.0574458],[2.13828895],[12.9856532]
[8.04975232],[2.1160987],[12.7335439]
[7.96597553],[2.09670124],[12.40072401]
[7.86023886],[2.08196689],[12.12149319]
[7.75284533],[2.06549613],[11.85336043]
[7.64049227],[2.04999725],[11.5826593]
[7.51664239],[2.03263501],[11.31226092]
[7.40603628],[2.01135105],[11.02943975]
[7.29617926],[1.99147418],[10.74203355]
[7.12814211],[1.96458907],[10.46369874]
[6.2762472],[1.93895915],[9.30459362]
[5.42284739],[1.91276519],[7.75463501]
[0.98390387],[0.58402539],[0.5011314]
[2.11812263],[1.02102134],[1.75484227]
[2.90332005],[1.29865421],[2.96125766]
[3.5176351],[1.46456903],[4.17076395]
[3.82403809],[1.56153071],[4.81167818]
[4.18098212],[1.62538122],[5.44578717]
[4.46217655],[1.67550132],[5.90445569]
[4.73826255],[1.69950898],[6.41022454]
[4.85939632],[1.7235244],[6.84340014]
[4.99876535],[1.73944305],[7.38156318]
[5.11126765],[1.78004381],[7.7447744]
[5.30806895],[1.81921118],[8.21742095]
[5.34294807],[1.86168261],[8.39265907]
[5.52215778],[1.90185993],[8.78757127]
[5.60330677],[1.94539592],[9.04389164]
[5.85562297],[1.98148993],[9.53566592]
[6.02758749],[2.02175514],[9.93587107]
[6.22968882],[2.05438438],[10.4091511]
[6.49831243],[2.08950688],[10.85857493]
[6.86937197],[2.11132477],[11.404103]
[7.11519017],[2.13934262],[11.86649688]
[7.41635293],[2.1524373],[12.42766835]
[7.7208854],[2.18407521],[12.8375755]
[7.8708249],[2.19023606],[13.24788534]
[7.97737775],[2.21752724],[13.51236195]
[8.06088855],[2.22622497],[13.78348698]
[8.07524492],[2.25032354],[13.974519]
[8.15226577],[2.25648241],[14.18707056]
[8.14253332],[2.27694006],[14.34862502]
[8.24068682],[2.28456446],[14.55091983]
[8.23397193],[2.30612886],[14.76253013]
[8.33142434],[2.31607517],[14.92761393]
[8.33148594],[2.32881183],[15.14888341]
[8.41056606],[2.34837263],[15.32898544]
[8.41036388],[2.37336589],[15.53530164]
[8.48657402],[2.38742996],[15.65852027]
[8.42291208],[2.39642754],[15.66439345]
[8.4718309],[2.40434432],[15.56107723]
[8.4165298],[2.37707537],[15.46138379]
[8.46020798],[2.35161321],[15.32699624]
[8.42053061],[2.32650908],[15.1551072]
[8.41812036],[2.29833475],[14.98848822]
[8.41143936],[2.26456591],[14.76373629]
[8.41109782],[2.23159615],[14.48669748]
[8.42098644],[2.19894768],[14.21307535]
[8.38127048],[2.16921823],[13.8959404]
[8.27468099],[2.15026124],[13.53537478]
[8.16894395],[2.13104785],[13.20425456]
[8.0574057],[2.1173859],[12.89902299]
[7.93327081],[2.1027297],[12.5742502]
[7.82000357],[2.08410807],[12.2427527]
[7.70724898],[2.05914716],[11.91625466]
[7.51625947],[2.03495068],[11.58749375]
[6.66580258],[2.01171493],[10.38029182]
[5.81237881],[1.98747864],[8.7401299]
[1.00737544],[0.61234369],[0.53042939]
[2.18118291],[1.02872614],[1.79916253]
[2.96341614],[1.31377702],[3.02594336]
[3.60267408],[1.47477358],[4.25637373]
[3.90589363],[1.57029087],[4.89165054]
[4.27435379],[1.63201141],[5.53102647]
[4.53889277],[1.68255825],[5.99129555]
[4.82542907],[1.7117744],[6.53973069]
[4.9498157],[1.74346759],[7.02249201]
[5.08799428],[1.76374089],[7.61737878]
[5.16500738],[1.82097858],[8.02142323]
[5.34313558],[1.86778881],[8.48619896]
[5.39840252],[1.91364812],[8.67662407]
[5.61410252],[1.95285674],[9.12110777]
[5.71677762],[1.99749928],[9.42810132]
[5.98317727],[2.0309904],[10.00325915]
[6.14060397],[2.0688106],[10.42359165]
[6.48849533],[2.09941107],[10.94548737]
[6.71707778],[2.13796993],[11.42421534]
[7.0565127],[2.15353724],[12.0328408]
[7.32493152],[2.18332694],[12.49524563]
[7.61201176],[2.19764032],[13.0967055]
[7.89122912],[2.22810372],[13.63050248]
[8.0946722],[2.23746015],[14.02676052]
[8.20419578],[2.26478322],[14.35651365]
[8.32958122],[2.27772494],[14.71279012]
[8.32563265],[2.30174255],[14.95863857]
[8.42992385],[2.31916034],[15.25687385]
[8.3951324],[2.33586975],[15.45848707]
[8.52186461],[2.35676275],[15.77674015]
[8.50602704],[2.37190228],[16.06667123]
[8.63193816],[2.39449098],[16.33286746]
[8.66146038],[2.42006331],[16.57286963]
[8.73509574],[2.46109528],[16.85110382]
[8.78988462],[2.50175458],[17.09741483]
[8.8411346],[2.51521264],[17.34033836]
[8.85207259],[2.52765258],[17.38565963]
[8.83948681],[2.53538105],[17.3682079]
[8.82972099],[2.50853232],[17.23133735]
[8.81573395],[2.47694969],[17.10158105]
[8.81204025],[2.44263868],[16.87046151]
[8.78331782],[2.40503676],[16.64693735]
[8.76998432],[2.36774345],[16.39651045]
[8.76733587],[2.33366338],[16.10111514]
[8.77392279],[2.30026936],[15.7678473]
[8.76250186],[2.26433858],[15.41343862]
[8.68871747],[2.23125426],[15.02200118]
[8.58329603],[2.19881534],[14.59948086]
[8.47374895],[2.17150826],[14.22022668]
[8.35023084],[2.15629898],[13.84740225]
[8.23570994],[2.13908657],[13.47774781]
[8.12480413],[2.11500088],[13.12290814]
[7.90769171],[2.09269258],[12.72705996]
[7.05557554],[2.06850224],[11.42859599]
[6.20288747],[2.04592955],[9.75760528]
[0.98418908],[0.58932515],[0.50845023]
[2.13372852],[1.03097168],[1.78440932]
[2.9160041],[1.32864743],[3.03166708]
[3.55026131],[1.4843986],[4.25659073]
[3.84992578],[1.57817271],[4.89058356]
[4.23174374],[1.63960204],[5.53666236]
[4.48625212],[1.69504539],[6.02138182]
[4.7709935],[1.7275787],[6.6211722]
[4.89952505],[1.7619411],[7.13541979]
[5.04002544],[1.78932484],[7.73408004]
[5.23812199],[1.85828888],[8.18748683]
[5.42103486],[1.90840089],[8.65117078]
[5.48593655],[1.95454498],[8.88091619]
[5.70788068],[1.99640872],[9.37082241]
[5.84654261],[2.03905871],[9.78889067]
[6.08614967],[2.07143888],[10.36543492]
[6.23533861],[2.11595381],[10.80458727]
[6.5959067],[2.14105058],[11.40040966]
[6.93127778],[2.18649627],[11.9590518]
[7.2187107],[2.19998159],[12.55642131]
[7.5039329],[2.23486541],[13.0669616]
[7.74911405],[2.25305394],[13.78891933]
[8.03215121],[2.28221961],[14.38187032]
[8.283369],[2.29536204],[14.886684]
[8.39970376],[2.32089119],[15.27619709]
[8.5521371],[2.34892857],[15.74168503]
[8.57205964],[2.37480609],[16.04585394]
[8.7003207],[2.39983471],[16.50048319]
[8.72482696],[2.42026305],[16.77439604]
[8.83967574],[2.45004634],[17.1744671]
[8.89203667],[2.48381762],[17.46945778]
[8.9805136],[2.51350994],[17.7854025]
[9.07277607],[2.54953101],[18.02869966]
[9.10696057],[2.58514045],[18.3092967]
[9.213096],[2.61293403],[18.53724156]
[9.22811073],[2.62328847],[18.75812843]
[9.27890251],[2.63222129],[18.78199202]
[9.2224712],[2.6347478],[18.80279968]
[9.26033221],[2.61129685],[18.6679422]
[9.2001073],[2.58117346],[18.55345819]
[9.23592178],[2.54933803],[18.36539054]
[9.18367073],[2.51432753],[18.12866557]
[9.16296477],[2.46832868],[17.86954504]
[9.14823621],[2.4174472],[17.57161419]
[9.1418422],[2.38301433],[17.2523973]
[9.13767585],[2.34673995],[16.89371538]
[9.10469667],[2.31404147],[16.50358264]
[8.99775616],[2.28192746],[16.02544126]
[8.89057826],[2.24853267],[15.5675887]
[8.76712469],[2.21503425],[15.12261689]
[8.65274422],[2.18388344],[14.70863114]
[8.54213005],[2.16125769],[14.32727471]
[8.29887591],[2.14050554],[13.90561251]
[7.44541063],[2.1180409],[12.5431139]
[6.59433815],[2.09257188],[10.83017872]
[0.98969237],[0.58527636],[0.50501229]
[2.1570462],[1.03443564],[1.79577924]
[2.94158233],[1.35346926],[3.11680253]
[3.58263083],[1.49897798],[4.35072784]
[3.87877291],[1.59463377],[4.98684785]
[4.2698018],[1.65876235],[5.65332369]
[4.5269056],[1.71319497],[6.18445111]
[4.82489032],[1.74810028],[6.82528041]
[4.93146198],[1.78237945],[7.33024214]
[5.11152965],[1.81940428],[7.97224027]
[5.30543736],[1.89316227],[8.40615963]
[5.51285291],[1.94465293],[8.92061978]
[5.59420223],[1.99288668],[9.19549683]
[5.8373174],[2.0372235],[9.77016076]
[6.01898889],[2.08112077],[10.27718359]
[6.16018818],[2.11557603],[10.77499706]
[6.4378637],[2.16877546],[11.30847575]
[6.84085951],[2.20121388],[12.04851471]
[7.11683004],[2.24370712],[12.62279196]
[7.41138936],[2.25973574],[13.27584366]
[7.72749778],[2.29155602],[13.9540794]
[7.9682717],[2.31822336],[14.68913454]
[8.23019698],[2.34291779],[15.36972143]
[8.53840357],[2.37543739],[16.09772653]
[8.68483759],[2.40354076],[16.56618274]
[8.83922282],[2.44309208],[17.15902923]
[8.89341307],[2.49475675],[17.55696953]
[8.98156451],[2.52768586],[18.04364087]
[9.05159795],[2.56430221],[18.33646988]
[9.12490989],[2.5891374],[18.70174878]
[9.21449199],[2.61885362],[18.99981412]
[9.26988197],[2.64060685],[19.35392518]
[9.37663884],[2.66818039],[19.65768953]
[9.41353686],[2.69724339],[19.9534447]
[9.50354846],[2.71787408],[20.20362379]
[9.56739861],[2.72871678],[20.43434316]
[9.60102817],[2.73687796],[20.53858085]
[9.60407952],[2.73881994],[20.53007006]
[9.60634486],[2.71974426],[20.45291733]
[9.6138779],[2.68623822],[20.32066814]
[9.61448138],[2.65520001],[20.17425405]
[9.62255706],[2.62218161],[19.95981599]
[9.58402143],[2.58351274],[19.69939844]
[9.57157152],[2.5413037],[19.40848346]
[9.56115982],[2.49746334],[19.08714837]
[9.55215659],[2.44889563],[18.64660007]
[9.54581923],[2.40203395],[18.23013487]
[9.46135558],[2.3690986],[17.75078259]
[9.34178397],[2.33589809],[17.25932822]
[9.21814498],[2.30285977],[16.76830015]
[9.10498803],[2.27165508],[16.28229379]
[8.99389933],[2.23083917],[15.80646805]
[8.73713854],[2.18900297],[15.32283492]
[7.88371083],[2.16779573],[13.89619673]
[7.03217824],[2.14186705],[12.1028924]
[1.01419355],[0.61295713],[0.53441028]
[2.227416],[1.04148658],[1.84436458]
[3.00897438],[1.36598634],[3.22627458]
[3.66962522],[1.51482986],[4.51466999]
[3.96375867],[1.61680132],[5.14792462]
[4.35661201],[1.67687652],[5.80918445]
[4.60379635],[1.73396472],[6.40653874]
[4.89886949],[1.77135118],[7.10770447]
[5.03954285],[1.80785597],[7.66920985]
[5.21285688],[1.87284475],[8.3447961]
[5.38578679],[1.94670567],[8.78316485]
[5.62680801],[1.99918839],[9.36370013]
[5.74358988],[2.05048545],[9.76476946]
[6.01087443],[2.09192494],[10.41585463]
[6.18090496],[2.14348083],[10.89909021]
[6.36242723],[2.18317427],[11.43818533]
[6.76250362],[2.2315085],[12.10433031]
[7.09620128],[2.26605404],[12.88773102]
[7.38250347],[2.30236302],[13.50388705]
[7.66586062],[2.32057937],[14.24386629]
[7.94675412],[2.36379405],[14.96317231]
[8.21785364],[2.40344855],[15.75463067]
[8.46438406],[2.43310027],[16.58368162]
[8.76381096],[2.4889607],[17.36453511]
[8.98804317],[2.54024568],[18.03794051]
[9.12943201],[2.5833692],[18.67899268]
[9.22492532],[2.62751424],[19.07337948]
[9.2792339],[2.65210227],[19.58793089]
[9.37096196],[2.68589911],[19.93459926]
[9.441678],[2.70519351],[20.42740316]
[9.50965856],[2.73134734],[20.75574448]
[9.59491035],[2.75157327],[21.08446365]
[9.66677319],[2.77428461],[21.3733043]
[9.7464502],[2.79986292],[21.59678165]
[9.79770434],[2.81317549],[21.83406468]
[9.89491414],[2.82326892],[22.0434392]
[9.896994],[2.82825028],[22.14482873]
[9.93940854],[2.82790503],[22.13505987]
[9.90177768],[2.8133215],[22.08912407]
[9.94928922],[2.78503972],[21.93646378]
[9.91018097],[2.75466554],[21.76977849]
[9.95629321],[2.72039177],[21.57128745]
[9.91514309],[2.68686238],[21.33414956]
[9.91826232],[2.65135254],[21.06853059]
[9.92280842],[2.61443951],[20.76897347]
[9.92252751],[2.57237757],[20.44408615]
[9.92825334],[2.52969645],[20.06600096]
[9.92348396],[2.48104814],[19.62960664]
[9.79188938],[2.42595607],[19.09073043]
[9.63736536],[2.38353316],[18.47507358]
[9.52132942],[2.3524039],[17.96141189]
[9.40877381],[2.3131202],[17.48716646]
[9.12677139],[2.26828983],[16.92618642]
[8.27335559],[2.22681999],[15.37140675]
[7.42014393],[2.19306555],[13.47155678]
[1.03920517],[0.63710688],[0.56252355]
[2.29338455],[1.04887022],[1.99179612]
[3.06418902],[1.39189627],[3.42973377]
[3.73327169],[1.54077617],[4.68251566]
[4.03691064],[1.64520366],[5.32832484]
[4.45571794],[1.70250775],[6.11313523]
[4.70173143],[1.76071009],[6.74823103]
[5.00853317],[1.79989333],[7.49610181]
[5.19157532],[1.84718388],[8.1440439]
[5.33855445],[1.92649131],[8.78425806]
[5.52178685],[1.99838553],[9.22525962]
[5.78736559],[2.05287781],[9.93207398]
[5.98069206],[2.10514294],[10.44282499]
[6.15122286],[2.14741473],[10.98948583]
[6.37228049],[2.19863831],[11.52366122]
[6.7102906],[2.24013758],[12.21603017]
[7.03386136],[2.28326965],[12.91697003]
[7.33962157],[2.32103199],[13.68180482]
[7.64805866],[2.35155668],[14.40133069]
[7.8880531],[2.39740612],[15.18542527]
[8.17226401],[2.46654933],[15.98136805]
[8.47859235],[2.52883899],[16.98990849]
[8.70178028],[2.58098019],[17.82688682]
[8.99021289],[2.62389317],[18.77649355]
[9.28653934],[2.67232995],[19.53460994]
[9.42499068],[2.70990924],[20.22938961]
[9.52885351],[2.74768526],[20.70937751]
[9.60257266],[2.7714583],[21.25783793]
[9.66625358],[2.8017332],[21.65841335]
[9.77386364],[2.81923597],[22.04388722]
[9.80862594],[2.84023011],[22.4083515]
[9.92842774],[2.85621289],[22.7360718]
[9.96795378],[2.87468603],[23.01474208]
[10.07419426],[2.89189352],[23.29931242]
[10.10727303],[2.90155338],[23.64871631]
[10.20457275],[2.90822089],[23.9173334]
[10.2185509],[2.91103707],[24.05941081]
[10.24193912],[2.91055841],[24.07759454]
[10.22608021],[2.90124377],[24.00605277]
[10.24821886],[2.87871485],[23.86198272]
[10.23790321],[2.85452877],[23.69681835]
[10.25549525],[2.82620916],[23.49572627]
[10.24456329],[2.7920121],[23.23811515]
[10.22964618],[2.75505943],[22.96453907]
[10.23351528],[2.72605731],[22.64703179]
[10.2352549],[2.69273501],[22.30816036]
[10.24202876],[2.65748602],[21.90028936]
[10.24645391],[2.61862327],[21.43081644]
[10.16934103],[2.57452179],[20.92455086]
[10.01926771],[2.52300821],[20.37023242]
[9.88603546],[2.47136027],[19.80467743]
[9.78165088],[2.41615062],[19.2370223]
[9.48272678],[2.36959664],[18.53718205]
[8.64124639],[2.31884916],[16.8707694]
[7.79820444],[2.27398803],[14.87219465]
[1.00957438],[0.60878435],[0.53393826]
[2.22909645],[1.05758796],[1.88589909]
[3.0209014],[1.43677185],[3.50820074]
[3.70352071],[1.57758915],[4.78718388]
[4.04668283],[1.67729179],[5.50240041]
[4.44297987],[1.73319259],[6.37457586]
[4.69997974],[1.78978408],[7.02624386]
[5.05982207],[1.83189004],[7.81943065]
[5.22009764],[1.91464764],[8.50202922]
[5.44196584],[1.99017],[9.10157818]
[5.69483624],[2.05841504],[9.63844293]
[6.00014151],[2.10568348],[10.46087163]
[6.1692599],[2.16090668],[10.94468527]
[6.27478833],[2.20266849],[11.44260821]
[6.68376912],[2.24965264],[12.12989512]
[7.03585857],[2.29148696],[12.94010694]
[7.31024671],[2.33975791],[13.59131505]
[7.59583728],[2.37477207],[14.40689085]
[7.89308805],[2.40315696],[15.23201995]
[8.1358075],[2.47443644],[16.03511354]
[8.42541305],[2.57054557],[17.00204106]
[8.70950327],[2.6210565],[17.98660234]
[8.98013877],[2.66989831],[18.954824]
[9.22634882],[2.70758405],[19.92309743]
[9.52417828],[2.75441038],[20.67510192]
[9.71958584],[2.79287308],[21.49317287]
[9.82251447],[2.83045172],[22.00703451]
[9.93059816],[2.85298371],[22.50979541]
[9.96392851],[2.88118045],[22.96544048]
[10.10042426],[2.89887579],[23.44086649]
[10.1121475],[2.91667781],[23.92278272]
[10.23555233],[2.93359234],[24.40252195]
[10.29267098],[2.95303652],[24.77110193]
[10.37227076],[2.97069037],[25.07517705]
[10.44600738],[2.98651733],[25.358237]
[10.49966098],[3.00089785],[25.64059355]
[10.55449974],[3.00386968],[25.77018128]
[10.54006615],[3.00328308],[25.81818043]
[10.56447362],[2.99473996],[25.75390616]
[10.54383345],[2.9695574],[25.61951621]
[10.5754462],[2.93633171],[25.42276884]
[10.55279635],[2.90273037],[25.21809842]
[10.57925405],[2.87408889],[24.93472241]
[10.54551303],[2.84312523],[24.64742447]
[10.54906644],[2.81086501],[24.34869821]
[10.55014488],[2.77760162],[23.95690681]
[10.55275551],[2.74869223],[23.5793065]
[10.55983915],[2.7160322],[23.10119275]
[10.53262105],[2.67941647],[22.6083543]
[10.38755845],[2.63658119],[21.99092442]
[10.25000387],[2.59301834],[21.36586393]
[10.12009626],[2.54393483],[20.76931915]
[9.79608179],[2.48426977],[20.09706299]
[8.95590784],[2.4453839],[18.40524258]
[8.11342085],[2.36392071],[16.32705872]
[1.0176441],[0.61093247],[0.53740934]
[2.26763975],[1.07565471],[2.00446833]
[3.06240935],[1.48103061],[3.72195371]
[3.77796666],[1.61443175],[5.00306037]
[4.18429587],[1.71006278],[5.81226588]
[4.51742707],[1.76413748],[6.71271027]
[4.79934875],[1.81968558],[7.39778636]
[5.17348872],[1.8794678],[8.25811943]
[5.32146357],[1.97548017],[8.88667555]
[5.59035435],[2.05051499],[9.5253206]
[5.87594237],[2.11599894],[10.19610597]
[6.12323427],[2.16278051],[10.95866603]
[6.29009002],[2.21451321],[11.44855101]
[6.62732271],[2.25527556],[12.15017413]
[7.01194231],[2.30527563],[12.92533535]
[7.27953623],[2.34626839],[13.65896704]
[7.56938411],[2.39243519],[14.37128585]
[7.80748338],[2.4263451],[15.23853083]
[8.10562336],[2.48625961],[16.09658095]
[8.38296903],[2.57478244],[17.09349808]
[8.62737912],[2.66096984],[18.04141367]
[8.92804624],[2.70683061],[19.11299971]
[9.22185112],[2.75425841],[20.11546048]
[9.45362641],[2.79202952],[21.04158005]
[9.73498348],[2.83592549],[21.99271123]
[10.01923856],[2.86770308],[22.778793]
[10.10483511],[2.90041597],[23.35202436]
[10.22544938],[2.92100466],[23.98450004]
[10.26867279],[2.9591939],[24.58129538]
[10.38293962],[2.99317849],[25.17986224]
[10.43357686],[3.01546804],[25.67280189]
[10.51662127],[3.03442095],[26.10466815]
[10.61045828],[3.0535972],[26.4398102]
[10.65281808],[3.07239298],[26.75862801]
[10.76830009],[3.085746],[27.06204618]
[10.78429985],[3.10315627],[27.43421974]
[10.87802672],[3.10182966],[27.65322969]
[10.84103004],[3.10056873],[27.79565861]
[10.89193088],[3.09543855],[27.74085187]
[10.84569645],[3.06867131],[27.64037887]
[10.90458468],[3.0370833],[27.42650701]
[10.86510073],[3.00474832],[27.22169131]
[10.91082845],[2.96935393],[26.93456135]
[10.87674641],[2.93447194],[26.57807081]
[10.87539802],[2.89719338],[26.23509694]
[10.87736598],[2.86246479],[25.83568376]
[10.87720664],[2.83138862],[25.39274333]
[10.88853546],[2.80041729],[24.92769184]
[10.89218373],[2.77056467],[24.43295876]
[10.78864043],[2.73531068],[23.81569822]
[10.63695034],[2.69976834],[23.18873688]
[10.50092298],[2.65850001],[22.56978257]
[10.15330543],[2.60947596],[21.80210831]
[9.31254338],[2.54798564],[20.01120878]
[8.4714783],[2.48387375],[17.86877533]
[1.06344613],[0.65973694],[0.59420793]
[2.34235363],[1.14291263],[2.2709658]
[3.12368151],[1.52196963],[3.92661739]
[3.88581109],[1.65325242],[5.23646917]
[4.33905701],[1.74174051],[6.20192358]
[4.6338476],[1.7969143],[7.10679283]
[4.99402387],[1.86236855],[7.88542307]
[5.31385253],[1.94464451],[8.76041336]
[5.50599551],[2.04675623],[9.35217793]
[5.7657205],[2.11645176],[10.11531697]
[6.07797401],[2.17847163],[10.86214087]
[6.22742791],[2.22437181],[11.48738656]
[6.61768403],[2.27320632],[12.19704463]
[7.00344205],[2.31393747],[13.03232431]
[7.28966605],[2.36523812],[13.73295498]
[7.52943536],[2.40372147],[14.48177841]
[7.83992561],[2.44718091],[15.33231362]
[8.06307462],[2.50227114],[16.19858458]
[8.33851908],[2.58575886],[17.19376606]
[8.6183228],[2.66584491],[18.22207291]
[8.89251009],[2.74354397],[19.25533287]
[9.17310332],[2.789453],[20.40264372]
[9.47221475],[2.83160606],[21.35783645]
[9.71454875],[2.86357479],[22.37616087]
[9.99471426],[2.89939254],[23.33152272]
[10.25706216],[2.93032314],[24.2211393]
[10.42121824],[2.97226985],[24.97990034]
[10.51634776],[3.01030646],[25.66717692]
[10.59938669],[3.05456052],[26.25313247]
[10.67568031],[3.08961619],[26.86321538]
[10.76919883],[3.11320762],[27.40981143]
[10.81206052],[3.13382328],[27.89201568]
[10.92914674],[3.15267591],[28.38333914]
[10.97560783],[3.17119088],[28.8552787]
[11.08503877],[3.18593558],[29.23925557]
[11.15723566],[3.19931699],[29.61231589]
[11.21699515],[3.20541798],[29.81634924]
[11.23127482],[3.20127926],[29.90610882]
[11.2376573],[3.19550707],[29.88664218]
[11.24458845],[3.18292278],[29.72498052]
[11.24937421],[3.14474634],[29.52655242]
[11.26764696],[3.11866073],[29.26664728]
[11.26189376],[3.05967926],[28.99995164]
[11.27791962],[3.02712264],[28.61318555]
[11.25575199],[2.99190008],[28.25949309]
[11.26432276],[2.95857249],[27.8908536]
[11.27140442],[2.92366072],[27.45164964]
[11.28229411],[2.88866377],[26.99169744]
[11.293468],[2.8499724],[26.4598216]
[11.26037134],[2.81307975],[25.82353316]
[11.10074176],[2.78395431],[25.12533273]
[10.897694],[2.74956356],[24.42857922]
[10.47829756],[2.70707084],[23.59731953]
[9.62316178],[2.65002335],[21.69485662]
[8.78390055],[2.58859501],[19.44092779]
[1.13490149],[0.71173977],[0.66503066]
[2.40269782],[1.20794382],[2.46317333]
[3.17191245],[1.5595216],[4.1023696]
[3.92420644],[1.68902165],[5.45675073]
[4.46449059],[1.77200152],[6.54768875]
[4.76280141],[1.82561553],[7.45952907]
[5.15615682],[1.90725334],[8.39795836]
[5.4661329],[2.01994678],[9.20321225]
[5.69280347],[2.11562005],[9.83051354]
[5.97866874],[2.17585627],[10.74573689]
[6.22379921],[2.23491471],[11.41208356]
[6.50022251],[2.28281121],[12.14358415]
[6.99730201],[2.33350093],[13.05445412]
[7.26495748],[2.37401033],[13.811955]
[7.57419906],[2.42316981],[14.57482756]
[7.78889204],[2.45906896],[15.41309652]
[8.08100869],[2.52028051],[16.27380427]
[8.32642598],[2.6113915],[17.34132219]
[8.58584998],[2.6872586],[18.388108]
[8.85777398],[2.76120275],[19.44772663]
[9.15659455],[2.82982585],[20.58598229]
[9.3969352],[2.86937018],[21.61942415]
[9.71574627],[2.90145758],[22.77422737]
[9.99025885],[2.93061583],[23.78527942]
[10.24062646],[2.97322769],[24.77207279]
[10.49814913],[3.01505894],[25.8958517]
[10.75858113],[3.06154496],[26.67989813]
[10.80986595],[3.09773898],[27.35783262]
[10.9286672],[3.14186176],[27.97748477]
[10.98977193],[3.17368884],[28.74100314]
[11.08038058],[3.19290957],[29.38693612]
[11.15347269],[3.2094858],[29.95665046]
[11.23919103],[3.23403582],[30.44777669]
[11.33702531],[3.26748834],[30.83770091]
[11.41518067],[3.29016654],[31.25241612]
[11.5514853],[3.31932249],[31.61800588]
[11.56673685],[3.32244933],[31.89277005]
[11.64564654],[3.32474596],[32.03505436]
[11.6032929],[3.32327844],[32.11136914]
[11.67512778],[3.31714466],[31.9612621]
[11.62292945],[3.28588581],[31.74834879]
[11.6999318],[3.26707352],[31.46005541]
[11.65417131],[3.21507386],[31.18700155]
[11.71663884],[3.15970074],[30.82190053]
[11.6860992],[3.09840619],[30.39514005]
[11.69279765],[3.05081677],[29.98033685]
[11.7028694],[3.01748246],[29.54971158]
[11.71469107],[2.98448665],[29.05485837]
[11.73046532],[2.94913504],[28.54488726]
[11.72901699],[2.91001639],[27.93026948]
[11.64635307],[2.87329188],[27.23244179]
[11.39970175],[2.8355528],[26.41553648]
[10.93361505],[2.79730782],[25.46918558]
[10.01052897],[2.75298082],[23.46998329]
[9.12470852],[2.70506375],[21.12141662]
[1.11155438],[0.5171464],[0.47786418]
[2.36282903],[0.94227057],[1.9319369]
[3.11928577],[1.24274644],[3.45238745]
[3.87144619],[1.36353735],[4.76380439]
[4.5310695],[1.53542363],[5.91960209]
[4.83405331],[1.69738564],[6.83048894]
[5.22338391],[1.79332043],[7.79036805]
[5.48328766],[1.86779396],[8.49307053]
[5.77320066],[1.94474299],[9.25942468]
[6.1244393],[2.01204905],[10.09823374]
[6.37596548],[2.06417001],[10.72106153]
[6.86564358],[2.13352109],[11.6805152]
[7.25150375],[2.19316818],[12.4959416]
[7.52007247],[2.24241627],[13.22813842]
[7.86687831],[2.28978971],[14.14423294]
[8.03959169],[2.36316673],[14.91417185]
[8.34761117],[2.446573],[15.94739171]
[8.59632684],[2.51886396],[16.99948473]
[8.85889087],[2.59518436],[18.05737777]
[9.09136742],[2.66014054],[19.21185596]
[9.440848],[2.71795414],[20.33606662]
[9.65911191],[2.7733778],[21.46464431]
[9.98610348],[2.83062912],[22.61359319]
[10.2291386],[2.86855716],[23.61236497]
[10.53018419],[2.91208374],[24.78106102]
[10.76063518],[2.95108824],[25.830958]
[11.05627262],[2.99210765],[26.77470059]
[11.14316075],[3.03274287],[27.59441382]
[11.24293518],[3.08381213],[28.33519956]
[11.32468365],[3.13817249],[29.0027514]
[11.40699341],[3.17388668],[29.70492208]
[11.51480018],[3.20281918],[30.19310102]
[11.56662187],[3.23042609],[30.73342735]
[11.74129111],[3.25816466],[31.19165694]
[11.84600222],[3.28423728],[31.75633863]
[12.01461288],[3.30731995],[32.1911626]
[12.13192211],[3.32477311],[32.55578946]
[12.13990741],[3.33583749],[32.74385366]
[12.17073419],[3.34571686],[32.83622598]
[12.1744421],[3.34652896],[32.72687614]
[12.19829538],[3.33701522],[32.47169526]
[12.19702296],[3.31432043],[32.17224404]
[12.22796537],[3.26105259],[31.84584712]
[12.22057217],[3.21645004],[31.50847269]
[12.25499733],[3.16966278],[31.0987071]
[12.23862343],[3.11638261],[30.67638955]
[12.24731525],[3.0644994],[30.25160209]
[12.2586028],[3.00772613],[29.74870079]
[12.27050207],[2.95776632],[29.17348052]
[12.27914588],[2.9151638],[28.48768478]
[12.2733464],[2.87313628],[27.78588973]
[12.11305038],[2.83875653],[26.91512116]
[11.46958383],[2.80417308],[25.91457382]
[10.47862757],[2.76625663],[23.94366534]
[9.54662629],[2.71395364],[21.72433902]
[0.],[0.],[0.]
[1.93055511],[0.21212738],[0.30316327]
[3.00715661],[0.5119383],[1.22822004]
[3.84540629],[0.61980717],[1.97017905]
[4.60278164],[0.81972248],[2.71178123]
[4.93270264],[0.97819352],[3.44378344]
[5.30766825],[1.07014252],[4.10483491]
[5.54780736],[1.14126779],[4.64365461]
[6.00009585],[1.21451276],[5.27360638]
[6.20584377],[1.28062052],[5.79377918]
[6.63781535],[1.33047593],[6.31305401]
[7.09469814],[1.41695996],[7.02249425]
[7.47969318],[1.48235694],[7.63361353]
[7.76893968],[1.52400862],[8.27589746]
[8.06915406],[1.60996717],[8.99646637]
[8.28315167],[1.68426442],[9.7648315]
[8.58549166],[1.76208895],[10.63754998]
[8.82114004],[1.83195882],[11.46449156]
[9.11111546],[1.9014526],[12.50717586]
[9.31284209],[1.95909344],[13.36836922]
[9.65421548],[2.02276511],[14.38453876]
[9.89929293],[2.10089175],[15.36115479]
[10.18578061],[2.15636461],[16.32263659]
[10.44356217],[2.19300867],[17.3571428]
[10.77724306],[2.23505522],[18.40181216]
[10.98348298],[2.28338262],[19.34426186]
[11.27872795],[2.33950437],[20.39926779]
[11.46951016],[2.3925223],[21.21113045]
[11.51857351],[2.44292188],[21.91117795]
[11.65567001],[2.48824229],[22.47370011]
[11.74217357],[2.5272349],[23.14910374]
[11.9277449],[2.55752059],[23.75908402]
[12.05448542],[2.59185051],[24.43072323]
[12.19107833],[2.61534092],[24.9309563]
[12.36608703],[2.64239642],[25.41036401]
[12.52077663],[2.6679929],[25.8767939]
[12.68972185],[2.68943585],[26.29856923]
[12.7657143],[2.70654477],[26.65678649]
[12.7785419],[2.72499669],[26.89016478]
[12.81139809],[2.72379597],[26.89053299]
[12.81617599],[2.7204197],[26.64310694]
[12.84989626],[2.68779159],[26.2253144]
[12.84538468],[2.64819379],[25.74823585]
[12.88539023],[2.58699925],[25.29514687]
[12.87700651],[2.52379587],[24.84029748]
[12.92574647],[2.46652],[24.32749281]
[12.90071374],[2.41935592],[23.81146471]
[12.91739522],[2.36978274],[23.29004563]
[12.93331467],[2.31765929],[22.72030282]
[12.9441539],[2.27532943],[22.09393008]
[12.94946136],[2.23541736],[21.34993759]
[12.94281453],[2.19586328],[20.47748498]
[12.4423215],[2.15347055],[19.46685915]
[11.21106161],[2.11521334],[18.0494914]
[10.1936568],[2.07575163],[16.48151623]
