meltWidth,meltDepth,meltArea
[0.],[0.],[0.]
[0.],[0.],[0.]
[0.],[0.],[0.]
[0.],[0.],[0.]
[0.],[0.],[0.]
[0.],[0.],[0.]
[0.],[0.],[0.]
[0.],[0.],[0.]
[0.],[0.],[0.]
[0.],[0.],[0.]
[0.],[0.],[0.]
[0.],[0.],[0.]
[0.],[0.],[0.]
[0.],[0.],[0.]
[0.],[0.],[0.]
[0.],[0.],[0.]
[0.],[0.],[0.]
[0.],[0.],[0.]
[0.],[0.],[0.]
[0.],[0.],[0.]
[0.],[0.],[0.]
[0.],[0.],[0.]
[0.],[0.],[0.]
[0.],[0.],[0.]
[0.],[0.],[0.]
[0.],[0.],[0.]
[0.],[0.],[0.]
[0.],[0.],[0.]
[0.],[0.],[0.]
[0.],[0.],[0.]
[0.],[0.],[0.]
[0.],[0.],[0.]
[0.],[0.],[0.]
[0.],[0.],[0.]
[0.],[0.],[0.]
[0.],[0.],[0.]
[0.],[0.],[0.]
[0.],[0.],[0.]
[0.],[0.],[0.]
[0.],[0.],[0.]
[0.],[0.],[0.]
[0.],[0.],[0.]
[0.],[0.],[0.]
[0.],[0.],[0.]
[0.],[0.],[0.]
[0.],[0.],[0.]
[0.],[0.],[0.]
[0.],[0.],[0.]
[0.],[0.],[0.]
[0.],[0.],[0.]
[0.],[0.],[0.]
[0.],[0.],[0.]
[0.],[0.],[0.]
[0.],[0.],[0.]
[0.],[0.],[0.]
[0.],[0.],[0.]
[0.],[0.],[0.]
[0.],[0.],[0.]
[0.],[0.],[0.]
[0.],[0.],[0.]
[0.],[0.],[0.]
[0.],[0.],[0.]
[0.],[0.],[0.]
[0.],[0.],[0.]
[0.],[0.],[0.]
[0.],[0.],[0.]
[0.],[0.],[0.]
[0.],[0.],[0.]
[0.],[0.],[0.]
[0.],[0.],[0.]
[0.],[0.],[0.]
[0.],[0.],[0.]
[0.],[0.],[0.]
[0.],[0.],[0.]
[0.],[0.],[0.]
[0.],[0.],[0.]
[0.],[0.],[0.]
[0.],[0.],[0.]
[0.],[0.],[0.]
[0.],[0.],[0.]
[0.],[0.],[0.]
[0.],[0.],[0.]
[0.],[0.],[0.]
[0.],[0.],[0.]
[0.],[0.],[0.]
[0.],[0.],[0.]
[0.],[0.],[0.]
[0.],[0.],[0.]
[0.],[0.],[0.]
[0.],[0.],[0.]
[0.],[0.],[0.]
[0.],[0.],[0.]
[0.],[0.],[0.]
[0.],[0.],[0.]
[0.],[0.],[0.]
[0.],[0.],[0.]
[0.],[0.],[0.]
[0.],[0.],[0.]
[0.],[0.],[0.]
[0.],[0.],[0.]
[0.],[0.],[0.]
[0.],[0.],[0.]
[0.],[0.],[0.]
[0.],[0.],[0.]
[0.],[0.],[0.]
[0.],[0.],[0.]
[0.],[0.],[0.]
[0.],[0.],[0.]
[0.],[0.],[0.]
[2.02308519],[0.01073296],[0.00889935]
[0.],[0.],[0.]
[0.],[0.],[0.]
[0.],[0.],[0.]
[1.01049525],[0.10026172],[0.06055168]
[1.5355607],[0.18237707],[0.19037579]
[2.1126224],[0.20390065],[0.31833313]
[2.49111374],[0.27350717],[0.47765574]
[2.58045068],[0.30844591],[0.5524221]
[2.86765711],[0.35402923],[0.66959825]
[2.93949322],[0.38366641],[0.73338358]
[3.1277417],[0.39460612],[0.78604153]
[3.1153166],[0.4011546],[0.80185865]
[3.30932845],[0.41127149],[0.84287653]
[3.27714134],[0.42855311],[0.86056097]
[3.47100167],[0.43358066],[0.88785241]
[3.4487925],[0.45186293],[0.89747249]
[3.5747464],[0.45089006],[0.91066033]
[3.54386724],[0.4626532],[0.9161099]
[3.62995831],[0.46265429],[0.92304301]
[3.6072135],[0.47014431],[0.92440024]
[3.61536554],[0.46335033],[0.91341631]
[3.58610932],[0.46979068],[0.91206261]
[3.58998909],[0.46336267],[0.90066276]
[3.58195196],[0.46965945],[0.90383631]
[3.57178131],[0.46125273],[0.89193444]
[3.56960753],[0.46840981],[0.89731154]
[3.54567658],[0.45753884],[0.87921241]
[3.53939418],[0.46352042],[0.8782229]
[3.48869745],[0.45020194],[0.8352626]
[3.4800752],[0.4568928],[0.82807355]
[3.3990528],[0.4488791],[0.77528716]
[3.43565691],[0.45083408],[0.78705889]
[3.43472798],[0.44373138],[0.79084137]
[3.44183931],[0.44005034],[0.77674581]
[3.43582409],[0.43712351],[0.77334497]
[3.44044317],[0.43962636],[0.7687877]
[3.43607846],[0.44313992],[0.78107974]
[3.4418977],[0.4401296],[0.78289891]
[3.4371073],[0.43701783],[0.77740638]
[3.43938006],[0.43442868],[0.77924275]
[3.42138239],[0.43031742],[0.77610851]
[3.38549713],[0.41995236],[0.76346857]
[3.34645028],[0.40873811],[0.74282204]
[3.30172984],[0.39501867],[0.71841129]
[3.24856357],[0.3931903],[0.69431868]
[3.18426191],[0.38814315],[0.66118768]
[3.13213006],[0.38371329],[0.63475488]
[3.05473878],[0.38991148],[0.61735309]
[2.96496816],[0.40144583],[0.60498103]
[2.85779832],[0.41081846],[0.59320915]
[2.75027771],[0.40650905],[0.57718275]
[2.62455503],[0.39381739],[0.55454485]
[2.47251539],[0.37896085],[0.52482482]
[5.04472469],[0.83538967],[3.33366207]
[4.01423287],[0.8338343],[3.27883155]
[4.79108373],[0.81381225],[2.39323604]
[2.90176136],[0.12292738],[0.2255114]
[0.],[0.],[0.]
[0.69687755],[0.12301151],[0.04147856]
[1.80021126],[0.23219431],[0.28712887]
[2.42558499],[0.27673027],[0.49633755]
[2.78948062],[0.35595151],[0.74116092]
[3.04683443],[0.4339137],[0.92977414]
[3.22111359],[0.50264732],[1.12687341]
[3.29074933],[0.54338351],[1.209612]
[3.51210654],[0.55513255],[1.35963494]
[3.50805254],[0.57264664],[1.36274087]
[3.73393337],[0.58420983],[1.48126098]
[3.62282192],[0.60022402],[1.43502931]
[3.85652588],[0.60989263],[1.54930626]
[3.7441392],[0.62597507],[1.52420149]
[3.91512456],[0.62845375],[1.60973662]
[3.81743323],[0.6362686],[1.59621117]
[3.92425509],[0.63859574],[1.64764447]
[3.85217674],[0.64138734],[1.62523611]
[3.86948444],[0.63798831],[1.63104596]
[3.82754738],[0.63848969],[1.60753948]
[3.84056759],[0.63387858],[1.60939206]
[3.83258138],[0.63396202],[1.59194799]
[3.81137827],[0.62893669],[1.5890372]
[3.79423603],[0.62977038],[1.57327521]
[3.77452804],[0.62422165],[1.56502514]
[3.75588259],[0.62517629],[1.5508426]
[3.73390282],[0.62008826],[1.54346831]
[3.72260877],[0.621349],[1.53110255]
[3.6816996],[0.61816241],[1.51345168]
[3.70312182],[0.61806135],[1.5111614]
[3.69115737],[0.61526765],[1.53301368]
[3.69661559],[0.6130101],[1.50579179]
[3.68814154],[0.61312706],[1.51805436]
[3.69365056],[0.61720564],[1.51362931]
[3.67805495],[0.62053376],[1.5224023]
[3.67633199],[0.61561871],[1.52298437]
[3.66763257],[0.61125869],[1.50689235]
[3.66078967],[0.6067191],[1.49364705]
[3.63706613],[0.60241031],[1.46842051]
[3.59196962],[0.5982879],[1.43771072]
[3.54444305],[0.59408177],[1.40803305]
[3.50299422],[0.58934968],[1.38656286]
[3.45486262],[0.58467854],[1.35669826]
[3.38855308],[0.57856873],[1.29816178]
[3.33016352],[0.57277241],[1.24711835]
[3.26737507],[0.56703286],[1.1964559]
[3.20347343],[0.5744154],[1.15908062]
[3.12001862],[0.58196178],[1.11551169]
[3.03099473],[0.58388117],[1.08668325]
[2.94735988],[0.57803549],[1.04355908]
[2.84713213],[0.57406564],[0.98795561]
[6.57573309],[1.42795132],[7.88723427]
[5.50981901],[1.00104883],[4.97849183]
[4.40350475],[0.95009935],[3.83015948]
[3.92265655],[0.91586818],[2.7538262]
[3.53748467],[0.32247496],[0.741686]
[1.85114845],[0.08290393],[0.0834762]
[1.91982834],[0.24646201],[0.27430053]
[2.58014432],[0.31670466],[0.61764006]
[3.00795868],[0.47884782],[0.95163223]
[3.29935889],[0.5479866],[1.23132327]
[3.43916224],[0.60620153],[1.42725125]
[3.61685185],[0.62172808],[1.57586977]
[3.77956239],[0.63173732],[1.70624219]
[3.8604568],[0.64676654],[1.73695105]
[4.02667933],[0.6540197],[1.85827494]
[4.00149355],[0.67115892],[1.82958282]
[4.15446202],[0.67575623],[1.97448921]
[4.12359041],[0.69143787],[1.92655175]
[4.22957424],[0.69166833],[2.03932204]
[4.15917616],[0.69681134],[1.95339641]
[4.25625744],[0.69839522],[2.05420584]
[4.13593475],[0.6998618],[1.95873757]
[4.1960661],[0.69620989],[2.00259691]
[4.09871502],[0.69675794],[1.94155163]
[4.15218405],[0.69170689],[1.96451037]
[4.10148305],[0.69187662],[1.93178118]
[4.08926126],[0.68679861],[1.93665435]
[4.04861489],[0.68759729],[1.90873968]
[4.03735863],[0.6826314],[1.90660145]
[3.99730067],[0.68309083],[1.88165601]
[3.97938135],[0.67921871],[1.87901365]
[3.95145066],[0.67976573],[1.85457307]
[3.93184801],[0.67665338],[1.86939484]
[3.93402093],[0.67671029],[1.84246024]
[3.9072779],[0.67397497],[1.86643794]
[3.9124984],[0.67189967],[1.82820215]
[3.89381429],[0.67437579],[1.8465788]
[3.90244877],[0.67901838],[1.85681824]
[3.86754479],[0.68313776],[1.84778161]
[3.84833228],[0.67780508],[1.8405514]
[3.83061329],[0.67356658],[1.81735386]
[3.81586173],[0.66995379],[1.79643105]
[3.78693771],[0.66488231],[1.76135725]
[3.7412645],[0.65974199],[1.72103165]
[3.69473375],[0.65465236],[1.68152907]
[3.64525498],[0.64907155],[1.64664081]
[3.596584],[0.64390672],[1.60598542]
[3.54584073],[0.63823698],[1.55924609]
[3.48616359],[0.63212624],[1.51259837]
[3.41286657],[0.62497521],[1.45238664]
[3.34072439],[0.62153227],[1.39296315]
[3.26937924],[0.62169827],[1.33165152]
[3.17881674],[0.62062097],[1.27300716]
[3.09661118],[0.61815238],[1.21411439]
[3.02087009],[0.61122037],[1.14735638]
[10.16331166],[1.58866039],[12.51317767]
[6.42710018],[1.29168169],[7.44733523]
[5.31603036],[1.12241957],[5.65016658]
[4.25941126],[0.97259583],[4.16327795]
[4.02227467],[0.88091957],[2.48565893]
[3.62098667],[0.39579696],[0.8212354]
[2.22544986],[0.28468519],[0.41586012]
[2.53753672],[0.43520786],[0.72155447]
[2.9446358],[0.56501749],[1.16657724]
[3.55721666],[0.61124183],[1.5111541]
[3.66165754],[0.65128444],[1.68277625]
[3.83927947],[0.68124771],[1.84254333]
[3.9830446],[0.68859163],[1.97157702]
[4.08114716],[0.70410495],[2.04269517]
[4.20156648],[0.70887377],[2.14618462]
[4.24671338],[0.71860005],[2.17752485]
[4.30674348],[0.72815479],[2.27701678]
[4.3460442],[0.72705783],[2.27168672]
[4.39603484],[0.73581938],[2.37029332]
[4.39417083],[0.73030566],[2.29954785]
[4.437787],[0.73803262],[2.38755757]
[4.39708091],[0.73092732],[2.28468666]
[4.40151364],[0.73816526],[2.33385648]
[4.35580817],[0.72845297],[2.22283767]
[4.38881906],[0.73588179],[2.28224961]
[4.3224747],[0.72606672],[2.18128327]
[4.31113124],[0.73415824],[2.21494605]
[4.22221364],[0.72404918],[2.14212883]
[4.24114243],[0.73140462],[2.15584699]
[4.14395891],[0.72261132],[2.10923788]
[4.14337887],[0.72909886],[2.11526143]
[4.08716309],[0.72188876],[2.08404706]
[4.07213601],[0.72462773],[2.10018494]
[4.06752826],[0.72098276],[2.07214022]
[4.02661158],[0.7223222],[2.102086]
[4.02589859],[0.72149132],[2.058698]
[4.00687241],[0.72519745],[2.10237671]
[3.99976097],[0.7288595],[2.05957299]
[3.94805919],[0.73001456],[2.03183557]
[3.91176],[0.72338486],[2.01237258]
[3.87834507],[0.7169906],[1.98292851]
[3.85052722],[0.71349651],[1.9599251]
[3.80883441],[0.70789641],[1.91976069]
[3.75169709],[0.70368012],[1.87959618]
[3.70335341],[0.69949507],[1.84265752]
[3.64718476],[0.69493993],[1.79363969]
[3.58861512],[0.69065829],[1.7510867]
[3.52458428],[0.68677312],[1.70185435]
[3.47006697],[0.68320797],[1.66049162]
[3.40707748],[0.67694578],[1.59850157]
[3.34240044],[0.66643168],[1.53144444]
[3.28716999],[0.64577425],[1.44290573]
[3.23608068],[0.63505013],[1.37152361]
[3.18032118],[0.62686509],[1.29898221]
[3.10655049],[0.61448686],[1.2186413]
[13.87217037],[1.610566],[14.15084327]
[11.49729136],[1.5343574],[10.72851098]
[8.45178593],[1.32242884],[8.34732278]
[6.88427354],[1.18932483],[6.25938758]
[5.54241576],[0.95559026],[4.27140868]
[4.98833369],[0.83382389],[2.53382106]
[2.79007562],[0.31033193],[0.67885524]
[2.57126304],[0.50836727],[0.89868168]
[3.01020139],[0.61535855],[1.34754907]
[3.43208976],[0.66009742],[1.67971074]
[3.84764576],[0.70033952],[1.94969646]
[4.0278304],[0.74332271],[2.12208568]
[4.13022413],[0.75142791],[2.22469119]
[4.23762128],[0.7531425],[2.32206045]
[4.3162],[0.76185748],[2.39943205]
[4.35352254],[0.75605253],[2.43853332]
[4.3851739],[0.76432663],[2.50271782]
[4.44035515],[0.76117819],[2.52590032]
[4.45771941],[0.77095859],[2.5811691]
[4.51328025],[0.76497827],[2.56650859]
[4.52814612],[0.77465251],[2.62727988]
[4.54559776],[0.76658082],[2.56842984]
[4.53350381],[0.77560245],[2.61099875]
[4.55197075],[0.76423374],[2.54297954]
[4.53494847],[0.77352734],[2.57089738]
[4.51034294],[0.76209985],[2.48693197]
[4.46189949],[0.77375701],[2.49883853]
[4.42786496],[0.76007973],[2.41344903]
[4.3989012],[0.77311299],[2.43434239]
[4.33751953],[0.75841916],[2.33910247]
[4.33197802],[0.77181394],[2.371746]
[4.22970668],[0.75964793],[2.27363613]
[4.24150911],[0.76695015],[2.29215536]
[4.18944455],[0.76179592],[2.24967535]
[4.12908727],[0.76902039],[2.27002846]
[4.10091798],[0.77043804],[2.22964612]
[4.06175027],[0.7723541],[2.22343788]
[4.04287441],[0.77344946],[2.18666698]
[3.98331054],[0.7727449],[2.1647187]
[3.94814313],[0.77083217],[2.14953744]
[3.91050308],[0.76560595],[2.122804]
[3.87582219],[0.7621906],[2.09833926]
[3.8262239],[0.75584987],[2.04512863]
[3.75485062],[0.74819341],[1.99453104]
[3.69170493],[0.74039228],[1.93904458]
[3.6244616],[0.73234251],[1.86975524]
[3.55166066],[0.72563214],[1.79226136]
[3.48142429],[0.71902855],[1.71613306]
[3.41831957],[0.71285013],[1.64595871]
[3.34464538],[0.70369859],[1.57012053]
[3.29622975],[0.68966631],[1.51522638]
[3.25526739],[0.66960494],[1.45075051]
[3.20941417],[0.65806078],[1.38335712]
[3.16584025],[0.64618889],[1.32151071]
[3.12334137],[0.63511884],[1.2648865]
[15.36373116],[1.64329263],[15.56506535]
[12.44893061],[1.5289121],[11.75954349]
[10.66509021],[1.4723503],[9.86155058]
[9.20915217],[1.34128581],[7.83358112]
[6.53228167],[1.13509481],[5.28838387]
[3.39879898],[0.8535258],[3.2097858]
[2.24951913],[0.25301203],[0.36072875]
[2.03608448],[0.50229725],[0.76350328]
[2.91346039],[0.65453829],[1.2349213]
[3.25879545],[0.70000973],[1.69975278]
[3.78669063],[0.74039548],[2.04775213]
[4.10163645],[0.7739988],[2.26176152]
[4.22054885],[0.78335014],[2.37706396]
[4.34450932],[0.77629142],[2.48029296]
[4.41742821],[0.78460959],[2.55476151]
[4.45480484],[0.77926507],[2.59883567]
[4.4767584],[0.78888236],[2.66206425]
[4.54018188],[0.78515943],[2.68548978]
[4.54491398],[0.79769561],[2.7373233]
[4.61146585],[0.7907148],[2.72534686]
[4.60957589],[0.80302789],[2.77985752]
[4.63866],[0.79443024],[2.71977379]
[4.63109757],[0.80558604],[2.78128829]
[4.65612452],[0.79340044],[2.70261112]
[4.61875042],[0.80413624],[2.73247957]
[4.59581213],[0.79201334],[2.6401849]
[4.54954251],[0.8043336],[2.66220701]
[4.50881109],[0.79153321],[2.56348522]
[4.48239865],[0.80407654],[2.59405267]
[4.41248207],[0.79020122],[2.48362659]
[4.40481775],[0.80068647],[2.51726866]
[4.32080911],[0.78643527],[2.41591041]
[4.31154269],[0.79176354],[2.41974355]
[4.28558091],[0.78688635],[2.39042409]
[4.21357049],[0.79289209],[2.37485996]
[4.20427381],[0.79588665],[2.36346075]
[4.14394414],[0.79731882],[2.34657199]
[4.12589475],[0.7986158],[2.30777626]
[4.06250422],[0.77585708],[2.26619626]
[4.02726234],[0.75934816],[2.22674267]
[3.98738566],[0.75348458],[2.18367459]
[3.9513201],[0.74858388],[2.1447722]
[3.90276665],[0.74327865],[2.0760395]
[3.83106255],[0.73575064],[1.98526474]
[3.76900423],[0.72846428],[1.90834035]
[3.69563307],[0.72243345],[1.82456792]
[3.62794801],[0.71729425],[1.74844057]
[3.55901183],[0.71202145],[1.67960017]
[3.49058973],[0.7077956],[1.6171305]
[3.40816851],[0.69975551],[1.55042088]
[3.34596492],[0.68747863],[1.50602756]
[3.29692606],[0.67535013],[1.44765648]
[3.24591548],[0.66989826],[1.38356175]
[3.20361583],[0.65970255],[1.34202324]
[3.16905318],[0.64835032],[1.30325401]
[14.26812917],[1.71845082],[16.48446508]
[10.47826705],[1.56110822],[11.47335676]
[9.34770265],[1.47567079],[9.46884035]
[8.50756639],[1.42929324],[7.694705]
[7.57216984],[1.28934856],[5.69499996]
[6.42967429],[1.13119329],[4.18310706]
[3.03669101],[0.61406933],[1.86413298]
[1.90542492],[0.37659169],[0.45401927]
[2.42499207],[0.64822069],[1.05464267]
[2.99476817],[0.74029548],[1.5767959]
[3.44901281],[0.78218263],[2.01189027]
[4.12004493],[0.81045987],[2.3937976]
[4.2633691],[0.82000546],[2.51447856]
[4.41449497],[0.81389665],[2.62345159]
[4.48344485],[0.82519926],[2.69737926]
[4.50537265],[0.82059912],[2.7117167]
[4.53193698],[0.8345122],[2.7846126]
[4.58035325],[0.83004775],[2.79483001]
[4.58714621],[0.84255727],[2.85604217]
[4.66077788],[0.8339828],[2.842943]
[4.6467112],[0.84422005],[2.88300181]
[4.6997589],[0.83565394],[2.84967788]
[4.67402783],[0.84540385],[2.89215651]
[4.71422161],[0.83339189],[2.83468627]
[4.67894667],[0.84317606],[2.86206518]
[4.66400786],[0.83120402],[2.77767382]
[4.60945228],[0.8414363],[2.7941044]
[4.57393767],[0.82956326],[2.6980911]
[4.54438041],[0.83955325],[2.72695777]
[4.48351108],[0.82834294],[2.61683339]
[4.46373528],[0.83776483],[2.6446525]
[4.40102708],[0.82371444],[2.54644704]
[4.38213003],[0.82710944],[2.54985299]
[4.37346872],[0.81891258],[2.51678901]
[4.30583461],[0.82221832],[2.49681886]
[4.30325593],[0.82512779],[2.47439846]
[4.22308859],[0.81006919],[2.4219506]
[4.2056998],[0.78540104],[2.35923987]
[4.13284206],[0.76212439],[2.28102774]
[4.08810983],[0.74699297],[2.22461741]
[4.04550213],[0.73312862],[2.16153038]
[4.00781785],[0.72604286],[2.09205972]
[3.96131134],[0.72191246],[2.00620109]
[3.88916156],[0.71953205],[1.92221455]
[3.82526608],[0.71684782],[1.83122195]
[3.76489685],[0.71421172],[1.75303758]
[3.70088787],[0.7100109],[1.68904105]
[3.64095712],[0.70536659],[1.63232564]
[3.57143696],[0.70159954],[1.55913734]
[3.48869218],[0.69383238],[1.4811924]
[3.403372],[0.68078988],[1.40619036]
[3.31376905],[0.66614847],[1.32567279]
[3.1483035],[0.6562256],[1.24620829]
[3.0167011],[0.64731884],[1.19213689]
[2.93025829],[0.62729902],[1.1416504]
[13.93852702],[1.79174013],[16.88492691]
[10.60118441],[1.59726916],[11.78232454]
[9.43545914],[1.52840811],[9.7262157]
[8.59543437],[1.4260172],[7.8414532]
[7.66529453],[1.29916723],[5.83809321]
[6.55654598],[1.17358854],[4.18224469]
[3.47022382],[0.87268029],[2.32881945]
[2.40101999],[0.4649703],[0.70955043]
[2.63515811],[0.66074517],[1.24187316]
[3.20075388],[0.7472569],[1.72042653]
[3.9188255],[0.79152846],[2.26390132]
[4.17562324],[0.82277831],[2.46276577]
[4.3181488],[0.83320541],[2.58667738]
[4.47012411],[0.82711024],[2.69466322]
[4.52951046],[0.83959726],[2.77606671]
[4.556312],[0.83474489],[2.78011285]
[4.57091637],[0.85203504],[2.8500732]
[4.62996293],[0.84793966],[2.86115824]
[4.6303588],[0.86264777],[2.91720733]
[4.7082931],[0.85336907],[2.91106025]
[4.68537826],[0.86628351],[2.94980879]
[4.74714833],[0.85479841],[2.92388407]
[4.71081494],[0.86718381],[2.95818424]
[4.75969581],[0.85286776],[2.90685749]
[4.71909804],[0.86397393],[2.93472797]
[4.71131912],[0.85021321],[2.85507633]
[4.65000386],[0.86145104],[2.86972429]
[4.6271967],[0.8484955],[2.78272866]
[4.5859515],[0.85858179],[2.80579432]
[4.53774048],[0.8471798],[2.70342462]
[4.50881874],[0.85609472],[2.73216963]
[4.45423783],[0.84624413],[2.63665013]
[4.4285952],[0.84975221],[2.64013785]
[4.42404432],[0.84365808],[2.60584704]
[4.35649223],[0.84656341],[2.58458333]
[4.35191693],[0.84856381],[2.56614158]
[4.26382784],[0.84881812],[2.52714896]
[4.24882314],[0.82076216],[2.45976766]
[4.17291602],[0.79442081],[2.38919297]
[4.12571893],[0.77753901],[2.31732583]
[4.08676876],[0.76209097],[2.26508348]
[4.05222869],[0.74757573],[2.20079767]
[4.00882364],[0.73430603],[2.10380609]
[3.93660147],[0.72563538],[2.01289113]
[3.87249389],[0.72339124],[1.92753608]
[3.80795779],[0.72111924],[1.82947402]
[3.74626645],[0.7198944],[1.75101994]
[3.69254262],[0.71942409],[1.68710943]
[3.62749552],[0.71518344],[1.61697638]
[3.54847438],[0.70645811],[1.52810737]
[3.46265048],[0.69353395],[1.44478543]
[3.38443299],[0.67868726],[1.35776581]
[3.22388453],[0.66310329],[1.26374132]
[3.05674072],[0.65173493],[1.19938873]
[2.94662335],[0.6292508],[1.14756931]
[14.0541526],[1.84313789],[17.38670731]
[10.72935585],[1.6656896],[12.11520388]
[9.50495218],[1.59385226],[9.95196099]
[8.6620945],[1.46675879],[8.04250588]
[7.73195418],[1.30872487],[6.018669]
[6.64044759],[1.16440297],[4.37635723]
[3.73237476],[0.89432768],[2.52261957]
[2.80093502],[0.61085503],[1.43257056]
[3.01478231],[0.7337436],[1.63389643]
[3.49574825],[0.78138632],[2.03272445]
[4.08456563],[0.82038082],[2.431775]
[4.24415741],[0.84986729],[2.58436632]
[4.3728238],[0.85929226],[2.70226459]
[4.50377348],[0.85435971],[2.79370843]
[4.5586412],[0.86552233],[2.87716814]
[4.57489989],[0.86128169],[2.87506103]
[4.59168297],[0.87453794],[2.93856286]
[4.64651745],[0.87016432],[2.94837916]
[4.64482317],[0.88386352],[3.00345942]
[4.72427047],[0.87431371],[2.99664304]
[4.69873782],[0.88640281],[3.03740396]
[4.76203154],[0.8752746],[3.0107807]
[4.72337303],[0.88727559],[3.04569709]
[4.77724133],[0.87396997],[2.99511744]
[4.732244],[0.88513128],[3.02149905]
[4.72963373],[0.87189231],[2.94174198]
[4.66669326],[0.88276528],[2.95813158]
[4.65177718],[0.86960719],[2.87170175]
[4.60490202],[0.88078943],[2.89739313]
[4.56699528],[0.86848975],[2.79499722]
[4.53353242],[0.87850488],[2.8277522]
[4.48523488],[0.86716403],[2.72764686]
[4.45854136],[0.87095618],[2.73575071]
[4.45789361],[0.86584118],[2.70013748]
[4.38818025],[0.86949542],[2.68208246]
[4.38723347],[0.87249103],[2.65872607]
[4.29924416],[0.87269198],[2.63431288]
[4.28432573],[0.87253119],[2.59712273]
[4.2086443],[0.86217042],[2.5434304]
[4.15861727],[0.83966882],[2.491375]
[4.11779042],[0.82165254],[2.44580938]
[4.08389127],[0.80412221],[2.38182008]
[4.04424306],[0.78784408],[2.3072599]
[3.97759312],[0.7747841],[2.23408111]
[3.90760592],[0.76357295],[2.13603775]
[3.83038268],[0.75402531],[2.02797097]
[3.77113818],[0.7478321],[1.93858688]
[3.7197258],[0.74717206],[1.85103564]
[3.66604326],[0.74693606],[1.76703074]
[3.5895972],[0.73960267],[1.67856737]
[3.50450522],[0.72836203],[1.59680708]
[3.42466491],[0.71751773],[1.5167733]
[3.3386711],[0.70328894],[1.42402036]
[3.27331297],[0.69552812],[1.37035714]
[3.21599295],[0.68448655],[1.32538097]
[13.84029009],[1.87897705],[17.67585729]
[10.73642412],[1.72309421],[12.37608664]
[9.51895107],[1.61053612],[10.11278387]
[8.68690616],[1.48135405],[8.19878947]
[7.74783799],[1.33110076],[6.1614546]
[6.53232756],[1.16865364],[4.48763424]
[4.07794708],[0.87458073],[2.89794484]
[2.95031309],[0.65175214],[1.77605334]
[3.24390325],[0.75438508],[2.02176639]
[3.88250841],[0.80165461],[2.35388809]
[4.14327039],[0.83816647],[2.52102591]
[4.29965384],[0.86702895],[2.6747987]
[4.43810345],[0.8752795],[2.7999989]
[4.55762117],[0.87250702],[2.88340657]
[4.59911423],[0.88165202],[2.96505069]
[4.62314743],[0.88042721],[2.9597594]
[4.62201828],[0.88881582],[3.0201063]
[4.68964551],[0.88864067],[3.026669]
[4.68289218],[0.89638724],[3.07696019]
[4.76658756],[0.8935573],[3.07455656]
[4.74169569],[0.90172523],[3.11530375]
[4.82120316],[0.89212475],[3.09663797]
[4.77308491],[0.90357615],[3.12303345]
[4.84930963],[0.88999118],[3.07866649]
[4.78780897],[0.90138077],[3.1059643]
[4.80163831],[0.88891434],[3.03242398]
[4.72353193],[0.90024315],[3.04716605]
[4.7200695],[0.88756768],[2.96328905]
[4.66389105],[0.89855524],[2.98689154]
[4.6380233],[0.8852346],[2.88620663]
[4.59455552],[0.89616455],[2.9199943]
[4.55454477],[0.88288669],[2.81726684]
[4.52024477],[0.887854],[2.82880162]
[4.52526521],[0.88058737],[2.79111093]
[4.45074155],[0.88700247],[2.78094253]
[4.4517598],[0.88982334],[2.75803523]
[4.35743542],[0.89011256],[2.73082664]
[4.34385575],[0.88961361],[2.70262842]
[4.26435103],[0.88952211],[2.66851215]
[4.21854092],[0.88778048],[2.63186417]
[4.17199303],[0.88643259],[2.59362193]
[4.13876727],[0.86677735],[2.54714988]
[4.10143911],[0.8440342],[2.48732313]
[4.0362051],[0.82768],[2.42770473]
[3.96624737],[0.81488045],[2.35518053]
[3.89233807],[0.80202425],[2.28217975]
[3.82185613],[0.79132251],[2.20499224]
[3.773773],[0.78159163],[2.06549968]
[3.72744756],[0.77267426],[1.97098578]
[3.66093025],[0.76773126],[1.87458037]
[3.57972292],[0.75692844],[1.76070152]
[3.50312467],[0.74508545],[1.65152565]
[3.41795889],[0.72684027],[1.54319066]
[3.3397407],[0.71243661],[1.48141132]
[3.29256307],[0.70320338],[1.44062674]
[13.72552025],[1.93205421],[18.05444708]
[10.74773255],[1.767702],[12.70430225]
[9.50479547],[1.66271246],[10.31380497]
[8.67445468],[1.51248813],[8.32031906]
[7.72756847],[1.34548189],[6.25828007]
[6.42497969],[1.17759828],[4.56388515]
[4.19437032],[0.82562442],[3.04878405]
[2.94467427],[0.68398847],[2.08641763]
[3.48981868],[0.77094798],[2.3332296]
[4.09212154],[0.81580376],[2.54764373]
[4.20231948],[0.85064041],[2.5930917]
[4.35646411],[0.87724684],[2.74868719]
[4.49679091],[0.88334275],[2.87851431]
[4.6039023],[0.88312433],[2.95438004]
[4.63619989],[0.88939649],[3.02910413]
[4.66912865],[0.88959445],[3.02658113]
[4.6607643],[0.89566138],[3.08305294]
[4.72894871],[0.89625997],[3.08858391]
[4.72450635],[0.90346739],[3.14429687]
[4.82598421],[0.90204794],[3.15199045]
[4.79473993],[0.90900617],[3.19236624]
[4.88505954],[0.90529261],[3.18061822]
[4.82400338],[0.91155789],[3.19420752]
[4.9239225],[0.90403446],[3.17422245]
[4.84409413],[0.9113509],[3.18619692]
[4.8793265],[0.90103283],[3.12813914]
[4.77933119],[0.91190659],[3.12729841]
[4.80064963],[0.89982831],[3.058201]
[4.72105103],[0.91077696],[3.06986309]
[4.72086692],[0.89868277],[2.98386104]
[4.65229419],[0.90954321],[3.00541165]
[4.63060362],[0.89707733],[2.90988754]
[4.58129632],[0.9018947],[2.91931714]
[4.59720286],[0.89489403],[2.88319865]
[4.51148629],[0.9026927],[2.87450319]
[4.5160704],[0.90557254],[2.84943696]
[4.41574525],[0.90657109],[2.81911297]
[4.40831132],[0.90646098],[2.79652928]
[4.32084567],[0.90674383],[2.76113774]
[4.27562293],[0.90430042],[2.73176009]
[4.22851682],[0.90349644],[2.70197234]
[4.18990121],[0.90301803],[2.67067648]
[4.15612701],[0.90180449],[2.62651688]
[4.09490624],[0.8971848],[2.57520419]
[4.02146207],[0.88051782],[2.5120601]
[3.94949121],[0.86018246],[2.44628675]
[3.87907143],[0.84601301],[2.37757898]
[3.82091082],[0.83332177],[2.30266105]
[3.77855917],[0.82118949],[2.23600836]
[3.72660172],[0.8081076],[2.1467076]
[3.65337225],[0.79334438],[2.00164589]
[3.58248738],[0.7729456],[1.85060947]
[3.50278657],[0.75389957],[1.71263376]
[3.42331314],[0.7365975],[1.61320168]
[3.34226172],[0.72217295],[1.53951317]
[13.519371],[1.98337106],[18.18652637]
[10.72625591],[1.80253831],[12.85227588]
[9.49129106],[1.68301453],[10.387635]
[8.65375976],[1.52390553],[8.36426692]
[7.68684763],[1.35054679],[6.26178149]
[6.64373396],[1.22221772],[4.56810768]
[3.99710821],[0.78173229],[3.11699287]
[3.06203121],[0.68627585],[2.29666256]
[3.76700004],[0.77115716],[2.50463192]
[4.14383572],[0.81678396],[2.58681085]
[4.25320258],[0.85371119],[2.63790425]
[4.40113228],[0.88327927],[2.78712295]
[4.54864432],[0.88925938],[2.9278662]
[4.64624942],[0.88923735],[2.99836005]
[4.67538875],[0.89536104],[3.07399608]
[4.72017704],[0.89555253],[3.08009837]
[4.70681512],[0.901275],[3.13866558]
[4.79189227],[0.90274143],[3.15300867]
[4.78173088],[0.90953066],[3.21246235]
[4.88953926],[0.90881059],[3.22675418]
[4.845768],[0.91637287],[3.25737948]
[4.96422178],[0.91258748],[3.2608211]
[4.88261874],[0.91878253],[3.25601049]
[4.99640575],[0.91315685],[3.26196302]
[4.92212654],[0.91876627],[3.26075258]
[4.9483286],[0.91369374],[3.21438832]
[4.8476161],[0.91910526],[3.19626274]
[4.87158444],[0.91173102],[3.14146214]
[4.78043665],[0.91963613],[3.13653019]
[4.79452898],[0.90946454],[3.06558096]
[4.7077589],[0.92069521],[3.07261032]
[4.70949763],[0.90896206],[2.99770696]
[4.65135928],[0.91425177],[2.99649663]
[4.67811714],[0.90875972],[2.97758266]
[4.56984942],[0.91655574],[2.95614559]
[4.58844949],[0.91926905],[2.93709622]
[4.4744639],[0.92028149],[2.89837531]
[4.47244578],[0.92043894],[2.8723784]
[4.37839],[0.9208223],[2.83879708]
[4.33312628],[0.91846918],[2.81359863]
[4.28975608],[0.91654646],[2.78418176]
[4.24689426],[0.91602067],[2.75419592]
[4.21162725],[0.91598492],[2.72063699]
[4.14599159],[0.91628247],[2.67841967]
[4.07211997],[0.91689739],[2.62420875]
[4.00279707],[0.91841591],[2.56584617]
[3.93387989],[0.9077632],[2.50372323]
[3.87314903],[0.89309898],[2.44316825]
[3.82378388],[0.87353857],[2.38456553]
[3.77865964],[0.85663541],[2.30617326]
[3.71919355],[0.84341726],[2.22152612]
[3.65452488],[0.81821249],[2.13114044]
[3.58070495],[0.78871486],[1.94995485]
[3.50486763],[0.76304257],[1.79440144]
[3.43065693],[0.74401086],[1.68753059]
[13.66664012],[2.00046283],[18.50885561]
[10.78865092],[1.84098804],[13.05636319]
[9.52116819],[1.70786582],[10.50566578]
[8.67208093],[1.54009412],[8.44349094]
[7.6889011],[1.36186879],[6.28377751]
[6.64934318],[1.23058286],[4.65114257]
[3.72367593],[0.81736516],[2.9840767]
[3.41412132],[0.73707257],[2.4033087]
[4.00924081],[0.80209135],[2.49345642]
[4.1734393],[0.84518307],[2.58536067]
[4.28456431],[0.87451295],[2.73154978]
[4.42986936],[0.90017078],[2.86742257]
[4.57976612],[0.90441046],[3.007416]
[4.68148198],[0.90495824],[3.0757714]
[4.71166345],[0.91039953],[3.15458672]
[4.76508436],[0.91103607],[3.16735564]
[4.75649044],[0.91857814],[3.23623292]
[4.84606937],[0.92059451],[3.26220431]
[4.83009934],[0.92686324],[3.31391831]
[4.94073231],[0.92684257],[3.33521823]
[4.88701404],[0.93322172],[3.35603021]
[5.01789607],[0.93051628],[3.37470112]
[4.93517351],[0.93417586],[3.35981148]
[5.04741785],[0.93048794],[3.38197538]
[4.97151485],[0.93441703],[3.37521445]
[4.99370955],[0.93009896],[3.32952126]
[4.89878847],[0.93480695],[3.3080756]
[4.91904952],[0.93004776],[3.25621022]
[4.82954709],[0.93557536],[3.24235878]
[4.84222633],[0.93082528],[3.18051187]
[4.74889497],[0.9358741],[3.17117356]
[4.76262195],[0.92831634],[3.10993183]
[4.70884702],[0.93292392],[3.10489524]
[4.73478785],[0.92749355],[3.08876881]
[4.62601801],[0.93553746],[3.05591822]
[4.64181825],[0.93791891],[3.03853574]
[4.51885366],[0.93788814],[2.98950133]
[4.5232354],[0.93796283],[2.96053992]
[4.42563809],[0.93827058],[2.91878684]
[4.37615674],[0.93589309],[2.8923252]
[4.33892495],[0.93482283],[2.86439584]
[4.29480289],[0.93468012],[2.83440347]
[4.23806887],[0.93424389],[2.7923859]
[4.15942774],[0.9342772],[2.74457481]
[4.08892323],[0.93433731],[2.6999678]
[4.02136418],[0.93563383],[2.65469755]
[3.95458047],[0.93699961],[2.60596113]
[3.8955076],[0.93868939],[2.54627286]
[3.84870207],[0.93637976],[2.49173656]
[3.80483055],[0.91783801],[2.42708374]
[3.75317187],[0.89911372],[2.36790399]
[3.69490313],[0.87516424],[2.28523217]
[3.6259216],[0.84574195],[2.15688636]
[3.55107079],[0.81990349],[2.03205676]
[3.47728897],[0.79168757],[1.8812957]
[13.55373259],[2.039405],[18.81590791]
[10.79981255],[1.8601572],[13.35833363]
[9.5236586],[1.7358864],[10.754797]
[8.66035669],[1.55605938],[8.63777114]
[7.66370898],[1.37795017],[6.4416433]
[6.56218788],[1.25746994],[4.80665507]
[4.17232125],[0.97982417],[3.85648342]
[3.89064607],[0.75722534],[2.61403486]
[4.04810723],[0.8199222],[2.46614189]
[4.20675848],[0.86068443],[2.64237386]
[4.32054122],[0.88738584],[2.80584181]
[4.46096492],[0.91055055],[2.93076714]
[4.61829167],[0.91460611],[3.0801964]
[4.72344713],[0.9158383],[3.1609719]
[4.76163864],[0.92235462],[3.2532386]
[4.83493712],[0.92383784],[3.27704529]
[4.82074451],[0.93075165],[3.33382992]
[4.91899561],[0.93261209],[3.36896026]
[4.89581879],[0.93869492],[3.41761338]
[5.03362647],[0.93909978],[3.44746515]
[4.94861375],[0.94517968],[3.44819532]
[5.08985172],[0.94315528],[3.48727231]
[5.02272766],[0.94660777],[3.47962384]
[5.10626347],[0.94301233],[3.50205387]
[5.04898623],[0.9463777],[3.49729036]
[5.05782327],[0.94295306],[3.45448439]
[4.97908788],[0.94614973],[3.43095252]
[4.98481266],[0.94250611],[3.37930287]
[4.91208312],[0.94655586],[3.36194189]
[4.90878878],[0.94207828],[3.29809967]
[4.83553085],[0.94647465],[3.28645002]
[4.8322993],[0.94195363],[3.22371251]
[4.79058929],[0.94439603],[3.21468272]
[4.81303008],[0.94392547],[3.20691646]
[4.71121803],[0.94943316],[3.16864439]
[4.71788264],[0.95232344],[3.15463754]
[4.59371804],[0.95450412],[3.09469678]
[4.60936783],[0.95697914],[3.07671062]
[4.48939813],[0.95842153],[3.01892638]
[4.43547408],[0.95700157],[2.9886479]
[4.39919468],[0.95525363],[2.96187378]
[4.34501816],[0.95379297],[2.92284682]
[4.28913393],[0.95181468],[2.87560804]
[4.2076996],[0.95033453],[2.82451215]
[4.13682379],[0.94986155],[2.77959172]
[4.0695594],[0.95021089],[2.7342846]
[4.00374163],[0.95230603],[2.692831]
[3.94584265],[0.95447961],[2.64682768]
[3.89110225],[0.95608222],[2.60513581]
[3.84724722],[0.95553061],[2.57533623]
[3.80068703],[0.95329234],[2.54123149]
[3.75618291],[0.93392675],[2.48449322]
[3.69390725],[0.90334158],[2.3811892]
[3.6273702],[0.87035438],[2.24938384]
[3.56082958],[0.8373558],[2.10875877]
[13.38062305],[2.08017934],[19.13479461]
[10.78968735],[1.88311551],[13.63184069]
[9.53640461],[1.77675518],[10.97490129]
[8.65414734],[1.608653],[8.7490037]
[7.62689611],[1.3957091],[6.46675247]
[6.48720509],[1.28056213],[4.86336345]
[4.36020182],[1.03030906],[3.96584446]
[3.97055253],[0.7630715],[2.52344188]
[4.09441504],[0.82652847],[2.47496738]
[4.24658891],[0.86638766],[2.69341874]
[4.36291101],[0.89944541],[2.85791066]
[4.50844134],[0.91953343],[2.9815115]
[4.67503973],[0.92381247],[3.15500885]
[4.77698984],[0.9247379],[3.24541561]
[4.81070692],[0.9304731],[3.3292809]
[4.91012429],[0.93196167],[3.3650024]
[4.88662768],[0.93948577],[3.41917028]
[4.99058769],[0.9410932],[3.45844138]
[4.9586716],[0.947102],[3.49604331]
[5.11919718],[0.94774115],[3.54059219]
[5.04386693],[0.95359254],[3.54378516]
[5.15690489],[0.95195471],[3.58688836]
[5.09934369],[0.95568989],[3.5802063]
[5.13279134],[0.95210486],[3.58225137]
[5.09463972],[0.95543877],[3.58303119]
[5.09367099],[0.95168353],[3.53865278]
[5.04916831],[0.95480826],[3.53054463]
[5.03373434],[0.95122432],[3.47104051]
[4.98544433],[0.95428546],[3.46059983]
[4.96895517],[0.95057325],[3.39506783]
[4.91230305],[0.95375711],[3.38343539]
[4.89564566],[0.94984808],[3.31872135]
[4.86578582],[0.95204527],[3.31214413]
[4.87901904],[0.95312188],[3.30607334]
[4.78676622],[0.95851687],[3.26794688]
[4.78621468],[0.96117753],[3.25660041]
[4.67545208],[0.9634405],[3.19785956]
[4.68408005],[0.96574854],[3.18135594]
[4.56492815],[0.96819575],[3.11264316]
[4.49811191],[0.96827023],[3.06933458]
[4.45620741],[0.96753055],[3.04338692]
[4.39835194],[0.96724401],[2.99879769]
[4.34239747],[0.96547297],[2.94574002]
[4.2606423],[0.96378729],[2.8904389]
[4.18488782],[0.96219741],[2.84105316]
[4.12042544],[0.96177171],[2.79703287]
[4.05523573],[0.96371992],[2.75762637]
[3.99553903],[0.96645367],[2.71525034]
[3.93947071],[0.96815261],[2.67429311]
[3.88281442],[0.96731064],[2.64178597]
[3.84071498],[0.96641675],[2.619687]
[3.79985415],[0.96496679],[2.57411059]
[3.75382712],[0.95433855],[2.49015229]
[3.69718027],[0.92751319],[2.3805413]
[3.64112161],[0.88898174],[2.25522043]
[13.49899487],[2.0995912],[19.26894468]
[10.93216677],[1.90755835],[13.82594986]
[9.59806519],[1.79647353],[11.06176581]
[8.69924298],[1.63313521],[8.7395634]
[7.64908207],[1.40219652],[6.33176175]
[6.46872776],[1.29006365],[4.65573258]
[4.56784468],[1.04006977],[3.56071237]
[4.02220745],[0.79718784],[2.37906194]
[4.12644957],[0.858872],[2.58291316]
[4.27163155],[0.89555897],[2.79518237]
[4.39583625],[0.92017443],[2.95355353]
[4.55934537],[0.93896701],[3.0840343]
[4.72086239],[0.94338583],[3.2527682]
[4.82463319],[0.94438539],[3.34796833]
[4.85398471],[0.94904054],[3.42667957]
[4.95614191],[0.95014082],[3.46519241]
[4.92649838],[0.95655013],[3.51328944]
[5.03511186],[0.95810666],[3.553917]
[5.00008755],[0.96310905],[3.59328886]
[5.1691685],[0.96497644],[3.6546804]
[5.08878593],[0.97036791],[3.65359323]
[5.19668269],[0.96946788],[3.69968583]
[5.13965992],[0.97259034],[3.69096197]
[5.17932463],[0.96925428],[3.70197298]
[5.14196054],[0.97236427],[3.69970778]
[5.1384907],[0.96885239],[3.65747164]
[5.0867952],[0.97113387],[3.64098301]
[5.07896185],[0.96828646],[3.58829197]
[5.02284039],[0.96911096],[3.56862817]
[5.00879958],[0.96758382],[3.50750589]
[4.95229498],[0.96733374],[3.48949214]
[4.93902975],[0.96688562],[3.42975266]
[4.90327565],[0.96852877],[3.41805099]
[4.90932303],[0.97040371],[3.41512764]
[4.82154503],[0.97393449],[3.37097135]
[4.82198985],[0.97558081],[3.35962745]
[4.71429023],[0.97780033],[3.29619495]
[4.7233515],[0.97976791],[3.27824513]
[4.61043809],[0.98117016],[3.20795064]
[4.54802586],[0.98060538],[3.16088928]
[4.47125682],[0.9798786],[3.11116757]
[4.40397473],[0.97924017],[3.06100431]
[4.3516299],[0.97805137],[3.00558331]
[4.27450729],[0.97757468],[2.94498755]
[4.19867606],[0.9774658],[2.89512339]
[4.13272919],[0.97822334],[2.84904044]
[4.06933472],[0.97927133],[2.8098514]
[4.01137478],[0.98084937],[2.76902779]
[3.95624594],[0.98189965],[2.73010529]
[3.90125583],[0.98128248],[2.68823308]
[3.86236389],[0.98001573],[2.66368093]
[3.82793079],[0.97738111],[2.63080419]
[3.79007499],[0.96895642],[2.56280477]
[3.74333593],[0.9581608],[2.47234317]
[3.69304911],[0.94193242],[2.36267171]
[13.36982618],[2.12104189],[19.4257135]
[10.93851895],[1.91759571],[13.98801351]
[9.60421738],[1.80696071],[11.18516429]
[8.70029242],[1.64696681],[8.81853312]
[7.60997378],[1.41398807],[6.32181975]
[6.32927466],[1.29943708],[4.60814058]
[3.42160468],[1.06148316],[3.54513198]
[4.05767092],[0.8134166],[2.46076714]
[4.15763399],[0.87305383],[2.64956379]
[4.3061076],[0.9093178],[2.85290996]
[4.44228909],[0.93110523],[3.01979036]
[4.62095101],[0.94896344],[3.15985777]
[4.76391559],[0.95341535],[3.3214423]
[4.86279541],[0.95462147],[3.42042079]
[4.891312],[0.95926592],[3.49735061]
[5.00296507],[0.96038867],[3.53736452]
[4.96614471],[0.96691078],[3.58042027]
[5.08047918],[0.96808795],[3.62653409]
[5.03851952],[0.97232208],[3.66376361]
[5.2129881],[0.97283139],[3.73522994]
[5.13799588],[0.97751375],[3.73110097]
[5.23281616],[0.97670558],[3.77938576]
[5.17912271],[0.97982374],[3.77077486]
[5.20835053],[0.97647262],[3.78579977]
[5.16367028],[0.97960486],[3.7723009]
[5.16146181],[0.97609069],[3.73673958]
[5.11732003],[0.9777675],[3.72059945]
[5.09966315],[0.97537613],[3.66297135]
[5.06743609],[0.97582554],[3.65275948]
[5.04280907],[0.97504098],[3.59063494]
[4.99832461],[0.97467609],[3.57369099]
[4.98007019],[0.97436013],[3.51509807]
[4.94984122],[0.97732588],[3.50378674]
[4.94802831],[0.97908265],[3.50023231]
[4.86654738],[0.98209113],[3.4534944]
[4.8638157],[0.98387859],[3.44393763]
[4.76303384],[0.98568614],[3.37873533]
[4.76777666],[0.98695206],[3.363336]
[4.66490324],[0.98833028],[3.29274858]
[4.60349498],[0.98827944],[3.24616826]
[4.52805723],[0.98745051],[3.18425647]
[4.44239717],[0.98690311],[3.12892273]
[4.3854684],[0.98585772],[3.07221897]
[4.30841671],[0.98528843],[3.01019187]
[4.23231992],[0.98550103],[2.95181381]
[4.16375862],[0.98621206],[2.90221504]
[4.09969547],[0.98703079],[2.86156924]
[4.04103463],[0.98880945],[2.82243522]
[3.98535861],[0.98942115],[2.78454783]
[3.92910859],[0.98870478],[2.76650864]
[3.88296764],[0.9867502],[2.74496153]
[3.85136176],[0.98408519],[2.71883739]
[3.81511687],[0.977374],[2.64921487]
[3.7686314],[0.96731849],[2.56600329]
[3.72229409],[0.95786712],[2.4536073]
[13.36418781],[2.15205697],[19.70479139]
[10.98053633],[1.94127588],[14.28895133]
[9.61917568],[1.84195328],[11.41687322]
[8.7311743],[1.69548882],[8.97049439]
[7.60122284],[1.46716552],[6.31737852]
[6.09473696],[1.31541304],[4.50628087]
[3.40854227],[1.0033013],[3.53976527]
[4.06415657],[0.82546399],[2.49821469]
[4.1821992],[0.88154028],[2.69723185]
[4.33928932],[0.91733418],[2.90255107]
[4.48176018],[0.93921511],[3.07315221]
[4.67104593],[0.9582354],[3.2228407]
[4.8066325],[0.96265116],[3.38393271]
[4.9003452],[0.96355296],[3.48071178]
[4.93057924],[0.96840714],[3.55884669]
[5.04681867],[0.96902091],[3.59934559]
[5.00453579],[0.97611531],[3.64419888]
[5.13815548],[0.97686838],[3.70262799]
[5.0847635],[0.98131247],[3.72915456]
[5.25407748],[0.98181707],[3.80706215]
[5.18285326],[0.98643479],[3.80349776]
[5.26789053],[0.98518036],[3.85418624]
[5.21574953],[0.9876389],[3.84961128]
[5.2394723],[0.98336527],[3.86320678]
[5.19494831],[0.98618409],[3.84877244]
[5.19100531],[0.9826012],[3.81468502]
[5.14998526],[0.98396852],[3.79467795]
[5.13037581],[0.98188109],[3.73448778]
[5.10102826],[0.98239478],[3.72200009]
[5.06975748],[0.9811896],[3.65305598]
[5.04360331],[0.98108961],[3.64552145]
[5.01455151],[0.98053909],[3.58196429]
[4.99096933],[0.98484595],[3.57816744]
[4.98417104],[0.9862435],[3.57137082]
[4.90841308],[0.98906434],[3.52430474]
[4.90303499],[0.99022146],[3.51273927]
[4.80933458],[0.99146374],[3.44756606]
[4.80983297],[0.99269885],[3.43346532]
[4.71574521],[0.99404538],[3.3627502]
[4.65860799],[0.99420337],[3.31575964]
[4.58174159],[0.99330798],[3.24493676]
[4.49433535],[0.99268358],[3.18992471]
[4.43252685],[0.99170513],[3.1294145]
[4.34204813],[0.99240793],[3.06374357]
[4.2651036],[0.99261141],[3.00579371]
[4.1962311],[0.99293349],[2.95197498]
[4.12943236],[0.9935517],[2.90590803]
[4.0705123],[0.99433106],[2.86277279]
[4.01460456],[0.99434372],[2.83057695]
[3.95834487],[0.99319484],[2.81159928]
[3.9030176],[0.99067209],[2.78417191]
[3.87472902],[0.987719],[2.75199585]
[3.84165265],[0.98269452],[2.68411471]
[3.79435734],[0.97291038],[2.60378505]
[3.75002581],[0.96409505],[2.49923396]
[13.30221685],[2.17314193],[19.83050063]
[10.9839934],[1.95941653],[14.39623259]
[9.62410376],[1.85332196],[11.46204661]
[8.74352775],[1.70781247],[8.96636147]
[7.54906354],[1.47314405],[6.16723342]
[5.23995433],[1.31117558],[4.32515856]
[3.43609373],[0.91934431],[3.47215816]
[4.0870834],[0.82480757],[2.52370544]
[4.2147744],[0.88147485],[2.73345672]
[4.37873079],[0.9232556],[2.94814569]
[4.52552516],[0.94654124],[3.1214971]
[4.72476317],[0.96494802],[3.28693263]
[4.85042508],[0.96981219],[3.4460657]
[4.93894656],[0.9699149],[3.53627406]
[4.97787259],[0.97527303],[3.61711011]
[5.09924588],[0.97601763],[3.66175827]
[5.05367741],[0.9838772],[3.7077049]
[5.2073639],[0.98479363],[3.78770596]
[5.160491],[0.99064174],[3.81693188]
[5.30712438],[0.99167029],[3.90747883]
[5.23527917],[0.99788718],[3.90881985]
[5.30743784],[0.9957933],[3.96674581]
[5.24855712],[0.99753614],[3.94994407]
[5.2670811],[0.99204108],[3.96600223]
[5.22518573],[0.99305166],[3.93165203]
[5.22470402],[0.98867601],[3.89889044]
[5.18111335],[0.98906027],[3.86570629]
[5.15803922],[0.98661246],[3.80407915]
[5.12718751],[0.98719236],[3.78670266]
[5.09811625],[0.98659197],[3.72374624]
[5.07515307],[0.98621297],[3.71122874]
[5.04258777],[0.98662097],[3.64653085]
[5.02826381],[0.99060045],[3.64617105]
[5.01922129],[0.99187944],[3.63576656]
[4.94863117],[0.99383203],[3.59052372]
[4.93971774],[0.99487051],[3.5741925]
[4.8526631],[0.99609054],[3.51227707]
[4.84900353],[0.99730361],[3.49664896]
[4.7625179],[0.99862989],[3.42622256]
[4.70736725],[0.99904194],[3.37919367]
[4.63748322],[0.9980863],[3.307573]
[4.55318642],[0.99737353],[3.25113076]
[4.48369781],[0.99690586],[3.18788936]
[4.39099499],[0.99759074],[3.11661493]
[4.29923912],[0.99840776],[3.05505934]
[4.23003845],[0.99925067],[3.00212664]
[4.15957385],[0.99981467],[2.95360936]
[4.100321],[1.00039665],[2.90851651]
[4.04406717],[0.99955179],[2.8733349]
[3.98767754],[0.99710725],[2.85441022]
[3.93055719],[0.99396146],[2.82569303]
[3.89512381],[0.99022145],[2.79292613]
[3.86353305],[0.98579404],[2.7187802]
[3.81873043],[0.97712078],[2.63241372]
[3.77444048],[0.96939887],[2.53970196]
[13.30975475],[2.18285834],[19.33885225]
[11.05898796],[1.97173149],[14.47207339]
[9.62594114],[1.86409413],[11.3954131]
[8.67011927],[1.72303759],[8.75954016]
[6.31789961],[1.47912353],[5.77057723]
[4.35164796],[1.30456951],[4.14192792]
[3.50063507],[0.79911586],[3.25056157]
[4.12329915],[0.84924193],[2.61193437]
[4.24785716],[0.90155618],[2.8191724]
[4.40378024],[0.93922188],[3.0213629]
[4.55715054],[0.96089997],[3.19333342]
[4.75600895],[0.97722303],[3.3654044]
[4.89717151],[0.98184673],[3.53326792]
[4.99037422],[0.98204025],[3.6333608]
[5.03391736],[0.98734407],[3.70934501]
[5.14996867],[0.99036476],[3.75487558]
[5.09787331],[1.00011104],[3.80471706]
[5.25886326],[1.00167197],[3.90500325]
[5.21023367],[1.00828308],[3.94924781]
[5.35521742],[1.01053975],[4.05316002]
[5.28216496],[1.01963231],[4.04881906]
[5.35860205],[1.01909015],[4.13220915]
[5.30221629],[1.02065305],[4.10776514]
[5.33518006],[1.03596605],[4.15287517]
[5.29311459],[1.01296057],[4.10205285]
[5.28857417],[1.02311727],[4.07302451]
[5.24243544],[1.0052518],[4.01980364]
[5.21914124],[1.00204702],[3.96232487]
[5.17373706],[1.00035651],[3.91361499]
[5.14631103],[0.9981816],[3.84678504]
[5.09673741],[0.99703238],[3.80112458]
[5.07168953],[0.99757416],[3.7420639]
[5.04121426],[0.99973394],[3.72370712]
[5.03180665],[1.00155675],[3.71023441]
[4.95910553],[1.00205921],[3.65964892]
[4.95132424],[1.00306082],[3.64346931]
[4.87015163],[1.0042358],[3.58141407]
[4.86847507],[1.00540507],[3.56413171]
[4.78518067],[1.00668504],[3.49281241]
[4.71684738],[1.00727877],[3.42782483]
[4.64091994],[1.00622478],[3.3454217]
[4.55631148],[1.0054728],[3.29405967]
[4.48355521],[1.00572818],[3.22797121]
[4.39070475],[1.00652107],[3.15686497]
[4.29813576],[1.00759004],[3.0948636]
[4.23022581],[1.00881338],[3.04362953]
[4.15674554],[1.00930499],[2.99426745]
[4.09787213],[1.00981112],[2.94890943]
[4.04273593],[1.00717473],[2.9176901]
[3.98871758],[1.00387122],[2.8969504]
[3.93402227],[1.00063556],[2.86500077]
[3.90335135],[0.99690575],[2.84095747]
[3.86573968],[0.99218694],[2.76826844]
[3.81439067],[0.98476644],[2.67314016]
[3.77863017],[0.97626281],[2.58766053]
[12.84929685],[2.19276333],[19.38988303]
[11.05900449],[1.9822199],[14.61506066]
[9.62036582],[1.87227812],[11.49260882]
[8.58604797],[1.73410049],[8.77187266]
[6.18062835],[1.48802798],[5.78755261]
[4.24076618],[1.31227516],[4.19646689]
[3.5215548],[0.81676303],[3.16896131]
[4.15685724],[0.86215485],[2.67194835]
[4.28180167],[0.91134174],[2.87762084]
[4.44002245],[0.94850936],[3.07798678]
[4.59886873],[0.96939992],[3.26125216]
[4.81202693],[0.9855969],[3.45140953]
[4.94931943],[0.99021697],[3.62334694]
[5.03900324],[0.9907946],[3.72817471]
[5.09583173],[0.99928241],[3.81274326]
[5.2210436],[1.00468832],[3.86621595]
[5.15645034],[1.01562628],[3.92462366]
[5.33139366],[1.01965337],[4.0577083]
[5.29019914],[1.0287304],[4.09860305]
[5.42008572],[1.03304662],[4.22778996]
[5.34946956],[1.04156819],[4.22051405]
[5.41591495],[1.06689652],[4.33541746]
[5.36257371],[1.04318437],[4.30189492]
[5.38871626],[1.10568663],[4.34897074]
[5.34347722],[1.06802201],[4.29010478]
[5.342885],[1.09722837],[4.27062098]
[5.30129269],[1.05452273],[4.2071426]
[5.27288867],[1.0711075],[4.14504058]
[5.23272013],[1.03012443],[4.08987089]
[5.19542481],[1.03952761],[4.01402976]
[5.14940333],[1.01219822],[3.9594007]
[5.11851476],[1.00895356],[3.89163754]
[5.08603953],[1.0085423],[3.85436901]
[5.07290531],[1.00875794],[3.83074917]
[5.00098129],[1.00869283],[3.76540025]
[4.98823592],[1.00949128],[3.74063854]
[4.90882658],[1.01063001],[3.67065717]
[4.90357619],[1.01176412],[3.65488156]
[4.82663389],[1.01298879],[3.58527573]
[4.76479688],[1.01391041],[3.52680782]
[4.6945812],[1.01311589],[3.44841678]
[4.6136231],[1.01384916],[3.38266881]
[4.54198602],[1.01458561],[3.31589123]
[4.4419866],[1.01550442],[3.23812892]
[4.33737782],[1.01644807],[3.16804909]
[4.26537626],[1.01753629],[3.11817435]
[4.18864684],[1.01852021],[3.06687108]
[4.12800359],[1.01880491],[3.04256417]
[4.06930159],[1.01579353],[3.03214421]
[4.01533778],[1.012309],[3.01990441]
[3.96070192],[1.00870176],[2.99887312]
[3.92309243],[1.00452934],[2.96478121]
[3.8862196],[0.99983559],[2.88006382]
[3.83619081],[0.99511915],[2.77543256]
[3.80203647],[0.9876492],[2.69487008]
[12.55210213],[2.21111927],[19.62903098]
[11.09058625],[2.00759543],[14.91710844]
[9.60563935],[1.89726961],[11.69679068]
[8.38613266],[1.77729136],[8.82287846]
[6.07584437],[1.52723907],[5.79675471]
[4.17872637],[1.33472368],[4.20777799]
[3.51240859],[0.82676902],[2.94445843]
[4.16352981],[0.87078104],[2.68469964]
[4.30788198],[0.91697294],[2.9213044]
[4.47481613],[0.95487734],[3.13481341]
[4.63917386],[0.97657088],[3.32928433]
[4.85966804],[0.99253084],[3.53372378]
[4.99363523],[0.99834932],[3.70786667]
[5.08847662],[1.00280018],[3.81824716]
[5.14813908],[1.01214727],[3.910872]
[5.28355277],[1.01963449],[3.99968571]
[5.21630149],[1.03517282],[4.05723993]
[5.40471555],[1.03925253],[4.21188767]
[5.36573612],[1.04744097],[4.25770927]
[5.48405343],[1.06389048],[4.41315427]
[5.4158951],[1.08093405],[4.41314574]
[5.47435517],[1.12747064],[4.53553695]
[5.42250222],[1.12495402],[4.508576]
[5.44275416],[1.16509243],[4.54867104]
[5.3978484],[1.13299303],[4.49076133]
[5.39768733],[1.15996549],[4.46702646]
[5.35755338],[1.12143983],[4.39930852]
[5.32987492],[1.13617405],[4.33590206]
[5.28904846],[1.09830925],[4.27803052]
[5.2473906],[1.1066471],[4.19761393]
[5.20529191],[1.07266256],[4.14179522]
[5.1711989],[1.07764724],[4.07290133]
[5.13982443],[1.05357796],[4.02627986]
[5.12178718],[1.05231184],[3.99656106]
[5.05178727],[1.03139582],[3.92038336]
[5.03476106],[1.02878212],[3.8904003]
[4.95944234],[1.02056616],[3.80823055]
[4.95033443],[1.01946462],[3.78112442]
[4.87736465],[1.01915066],[3.69877136]
[4.81205999],[1.01985332],[3.62775734]
[4.74157121],[1.01994568],[3.542631]
[4.66282719],[1.02077305],[3.46704401]
[4.59301348],[1.02144722],[3.39740029]
[4.49508234],[1.02227859],[3.31733034]
[4.39280506],[1.02313517],[3.23987789]
[4.2982185],[1.02457701],[3.179102]
[4.22016529],[1.02497335],[3.130726]
[4.15623282],[1.02527244],[3.1109991]
[4.09982809],[1.02190861],[3.09789319]
[4.04512721],[1.01815505],[3.08434673]
[3.98974453],[1.01425586],[3.06308283]
[3.94012277],[1.01005582],[3.02623573]
[3.90234796],[1.0056425],[2.93583218]
[3.85551614],[1.00297916],[2.84436471]
[3.82397257],[0.99576357],[2.76675388]
[12.46287301],[2.23566023],[19.88132274]
[11.13370095],[2.02843957],[15.08551934]
[9.60120126],[1.90989024],[11.75793246]
[8.2481031],[1.79174078],[8.75983274]
[5.96908995],[1.53440839],[5.67970595]
[4.11726546],[1.33512814],[4.13233247]
[3.54456761],[0.82619348],[2.78405157]
[4.19768997],[0.87558479],[2.71437663]
[4.34314714],[0.92420398],[2.97479222]
[4.52202139],[0.96187432],[3.20869017]
[4.68896793],[0.98708064],[3.40644772]
[4.91171039],[1.0022091],[3.62125621]
[5.04172503],[1.00999472],[3.79983602]
[5.14280862],[1.01439392],[3.9280387]
[5.20863924],[1.02658191],[4.03827531]
[5.36980552],[1.03929862],[4.16617642]
[5.28514166],[1.05302919],[4.20480957]
[5.48149824],[1.05824483],[4.40630099]
[5.44296108],[1.09590905],[4.45518629]
[5.55022085],[1.13057125],[4.62396265]
[5.48222712],[1.15796481],[4.62511715]
[5.53094124],[1.18432608],[4.74253287]
[5.48163137],[1.19683375],[4.7185608]
[5.49882527],[1.21620381],[4.76144057]
[5.44754258],[1.18781524],[4.70427648]
[5.45890959],[1.21393989],[4.69276305]
[5.40651455],[1.17735216],[4.60518061]
[5.38311682],[1.19202053],[4.53899777]
[5.33844995],[1.15501373],[4.46851023]
[5.29591103],[1.1641556],[4.3813804]
[5.25933443],[1.13320558],[4.33114004]
[5.21805085],[1.13712797],[4.25479603]
[5.19114297],[1.11507001],[4.20744537]
[5.17092116],[1.11439064],[4.17764027]
[5.10638123],[1.09540813],[4.09866732]
[5.08648134],[1.09359707],[4.06865128]
[5.01669993],[1.07664462],[3.98404202]
[5.00278282],[1.06682873],[3.95263321]
[4.93317084],[1.05423621],[3.8642414]
[4.87173325],[1.04438292],[3.79188882]
[4.80140178],[1.03662005],[3.69593749]
[4.72443277],[1.02890904],[3.59293311]
[4.65037834],[1.02884453],[3.51159928]
[4.55288849],[1.02889654],[3.4188433]
[4.44388997],[1.02904604],[3.32502935]
[4.33942208],[1.02976178],[3.23785227]
[4.25402136],[1.02997274],[3.18282311]
[4.18749226],[1.03013404],[3.1624979]
[4.13018378],[1.02680382],[3.14915851]
[4.07516281],[1.02320236],[3.13492088]
[4.01820085],[1.01886672],[3.11276192]
[3.96834431],[1.01845273],[3.07280797]
[3.9199751],[1.01093684],[2.97290829]
[3.87418996],[1.00899153],[2.89656591]
[3.84458878],[1.00257508],[2.81861488]
[11.16079992],[2.25171129],[19.23841979]
[10.85912416],[2.04218566],[15.03687976]
[9.29835209],[1.9223012],[11.67002845]
[7.84797677],[1.80249921],[8.60711082]
[5.57488301],[1.54873581],[5.48835397]
[3.79827723],[1.33187449],[3.87890376]
[3.62088577],[0.84661817],[2.40982602]
[4.22185923],[0.89390365],[2.79835004]
[4.36020578],[0.93879591],[3.05350491]
[4.5449533],[0.97647983],[3.30199182]
[4.71454167],[1.0001589],[3.50233401]
[4.93917903],[1.01881132],[3.72228241]
[5.07348848],[1.02619847],[3.90760631]
[5.17619926],[1.03180122],[4.0594824]
[5.24864766],[1.04943056],[4.19714307]
[5.41334471],[1.06213614],[4.33816666]
[5.34334367],[1.09149025],[4.43156919]
[5.54680216],[1.14283657],[4.66797721]
[5.50501732],[1.17911626],[4.68966478]
[5.6124495],[1.20439962],[4.86207229]
[5.5381319],[1.22964022],[4.8533911]
[5.58954773],[1.24950595],[4.98003644]
[5.52925832],[1.26235731],[4.95658527]
[5.55704471],[1.26713216],[5.01338482]
[5.50024639],[1.25583825],[4.95366968]
[5.50088372],[1.26765338],[4.94304155]
[5.44934956],[1.23286025],[4.85396488]
[5.43133662],[1.24758245],[4.79407117]
[5.37436797],[1.21141809],[4.70334163]
[5.34818922],[1.22127129],[4.62889503]
[5.28985067],[1.19298456],[4.55087076]
[5.26235859],[1.19607233],[4.4785869]
[5.22512529],[1.17696341],[4.42034279]
[5.20099668],[1.17540464],[4.37934362]
[5.13653089],[1.15797991],[4.29363028]
[5.12194841],[1.15597802],[4.26395541]
[5.05413767],[1.1398385],[4.17462463]
[5.04193027],[1.13107908],[4.13936315]
[4.9748241],[1.11981182],[4.04774175]
[4.89869993],[1.11083655],[3.96056979]
[4.83026551],[1.10259676],[3.86711358]
[4.75680278],[1.09298271],[3.74879689]
[4.67966399],[1.06467219],[3.65379345]
[4.58223851],[1.04165268],[3.54664418]
[4.46672335],[1.04059142],[3.43883361]
[4.35256727],[1.03956284],[3.34018758]
[4.26107968],[1.03863718],[3.28376775]
[4.19167751],[1.03768254],[3.24663287]
[4.13404383],[1.03370376],[3.22222274]
[4.07960884],[1.03428577],[3.19823434]
[4.01640314],[1.05122598],[3.16647223]
[3.95424618],[1.04186765],[3.11165297]
[3.91348175],[1.01848254],[3.00593564]
[3.87233604],[1.01667251],[2.93384392]
[3.84948007],[1.01148391],[2.86206414]
[11.02219177],[2.26490183],[19.57342861]
[10.85528681],[2.05511847],[15.30981558]
[9.30951503],[1.9334846],[11.86523621]
[7.81431157],[1.81681283],[8.73124739]
[5.58450637],[1.5684817],[5.59505985]
[3.58611072],[1.34167291],[3.89273957]
[3.66251046],[0.86444203],[2.57354941]
[4.25681473],[0.90809634],[2.86803596]
[4.39488274],[0.95189101],[3.12703859]
[4.58717444],[0.98954902],[3.39062689]
[4.77595846],[1.01260148],[3.6108332]
[4.98806472],[1.03229495],[3.83449447]
[5.12739652],[1.0439267],[4.04057499]
[5.23881195],[1.05341431],[4.2272834]
[5.30847094],[1.07050936],[4.3607133]
[5.49315797],[1.11843682],[4.63351875]
[5.44199416],[1.2015795],[4.76412711]
[5.62067369],[1.23854435],[5.00545756]
[5.58947269],[1.26516681],[5.00551691]
[5.69412738],[1.2837188],[5.16385044]
[5.61199057],[1.3047148],[5.15072255]
[5.64868713],[1.31951926],[5.26453742]
[5.5956859],[1.33215509],[5.24126705]
[5.6069255],[1.33552438],[5.28162786]
[5.56030415],[1.32774263],[5.24433663]
[5.54993967],[1.32305412],[5.22866278]
[5.50863113],[1.30350863],[5.14014408]
[5.48330115],[1.30551164],[5.06606066]
[5.43944921],[1.27813568],[4.98845202]
[5.40470246],[1.28284744],[4.90955201]
[5.35795604],[1.25881291],[4.84419413]
[5.32302187],[1.26176029],[4.76679841]
[5.29075552],[1.24456586],[4.71846373]
[5.26332144],[1.2447224],[4.67313175]
[5.20924875],[1.230702],[4.59479161]
[5.19083045],[1.22664082],[4.55788362]
[5.12431787],[1.21505511],[4.46935413]
[5.11217842],[1.20665985],[4.43260298]
[5.0431956],[1.19652855],[4.33716186]
[4.96637752],[1.20116271],[4.25211752]
[4.89833317],[1.204009],[4.1579744]
[4.82717178],[1.18180084],[4.03881646]
[4.75783184],[1.1565774],[3.91755182]
[4.66292796],[1.13145921],[3.79857796]
[4.55299434],[1.14304238],[3.70913001]
[4.43256185],[1.15265482],[3.62155634]
[4.30981613],[1.16174004],[3.5474984]
[4.24276757],[1.17152296],[3.49831042]
[4.17870282],[1.17786917],[3.45241435]
[4.12203923],[1.18164471],[3.40602634]
[4.05835961],[1.18741778],[3.37605819]
[3.99604961],[1.1686135],[3.33788878]
[3.94936668],[1.08556264],[3.25018161]
[3.9039469],[1.02883895],[3.14953489]
[3.87512378],[1.02359808],[3.06268531]
[10.93113931],[2.2918589],[19.91996109]
[10.69888281],[2.08621848],[15.65475563]
[9.22811888],[1.96210949],[12.11496574]
[7.75236053],[1.85827405],[8.89467039]
[5.57386292],[1.63855825],[5.66400086]
[3.25418672],[1.36841658],[3.84348697]
[3.66234969],[0.88003762],[2.9940157]
[4.2750546],[0.92183612],[2.92496475]
[4.43435712],[0.96288765],[3.20776299]
[4.6223928],[0.99905666],[3.47884332]
[4.82511913],[1.0230445],[3.70947839]
[5.0379457],[1.0476066],[3.93994819]
[5.18802843],[1.06189555],[4.1837435]
[5.29212311],[1.07167435],[4.37876985]
[5.35822232],[1.13540314],[4.62258104]
[5.56334898],[1.20616122],[4.9513896]
[5.52750507],[1.27799901],[5.05957918]
[5.70406846],[1.30880095],[5.30172767]
[5.68672617],[1.33277138],[5.32008502]
[5.7575742],[1.34887551],[5.43345894]
[5.67882025],[1.36721263],[5.41999709]
[5.69570681],[1.38020001],[5.51706452]
[5.64933543],[1.39267927],[5.51957746]
[5.64984044],[1.39705137],[5.56423248]
[5.6104046],[1.39060549],[5.54224294]
[5.59305647],[1.38179623],[5.522122]
[5.55846908],[1.36986073],[5.4483449]
[5.52866684],[1.36035311],[5.36878862]
[5.49526421],[1.3464111],[5.2897054]
[5.45296144],[1.33918558],[5.19579815]
[5.41642803],[1.32655408],[5.1341806]
[5.37581297],[1.31949745],[5.03908154]
[5.34852259],[1.31292123],[4.99472876]
[5.31957343],[1.30763149],[4.93430582]
[5.27570236],[1.30259658],[4.86596684]
[5.25248456],[1.2963563],[4.82427958]
[5.2000052],[1.29188221],[4.74685409]
[5.18369699],[1.28733579],[4.72105877]
[5.1296485],[1.28607141],[4.64839966]
[5.05393443],[1.29246781],[4.57012317]
[4.9951071],[1.29614411],[4.49117099]
[4.93373526],[1.28200585],[4.38969127]
[4.87364094],[1.25403747],[4.26791698]
[4.78785471],[1.24964591],[4.16896378]
[4.66331195],[1.25424994],[4.03287631]
[4.54284155],[1.25667136],[3.90544284]
[4.42190263],[1.2593609],[3.80388798]
[4.3030802],[1.26292736],[3.71423075]
[4.2377377],[1.26400435],[3.64917272]
[4.17980185],[1.26414265],[3.6102412]
[4.11035835],[1.26635217],[3.56751092]
[4.04332164],[1.24492409],[3.51685267]
[3.99422662],[1.17391772],[3.43993501]
[3.94972729],[1.11516842],[3.34190453]
[3.91816138],[1.05981946],[3.23297974]
[11.03524883],[2.3330346],[20.21861863]
[10.65155899],[2.11586122],[15.84350686]
[9.19095656],[1.98764871],[12.20815928]
[7.57444298],[1.88619581],[8.82805756]
[5.18362238],[1.67174526],[5.55508303]
[3.09335304],[1.38669085],[3.8038821]
[3.68849244],[0.89444447],[3.08653685]
[4.30713982],[0.93544933],[3.00682972]
[4.49545066],[0.97461293],[3.30277853]
[4.66777951],[1.00948581],[3.57068346]
[4.8904605],[1.03817342],[3.81613348]
[5.11578598],[1.06449478],[4.07471364]
[5.24901752],[1.07859695],[4.32486316]
[5.34684884],[1.13120014],[4.64243324]
[5.40957046],[1.22958974],[4.92883249]
[5.63750757],[1.28908407],[5.25665116]
[5.61560299],[1.34568412],[5.34280363]
[5.79347131],[1.3692237],[5.60518194]
[5.776104],[1.39100013],[5.61974586]
[5.82161956],[1.4069803],[5.71194909]
[5.75025366],[1.42368542],[5.70680738]
[5.74884667],[1.43470959],[5.79522341]
[5.70233326],[1.44319899],[5.79566308]
[5.69327027],[1.44782789],[5.83125933]
[5.65786858],[1.44323957],[5.81177316]
[5.63569647],[1.43691876],[5.81565836]
[5.60389743],[1.42527889],[5.7377131]
[5.57117646],[1.41536982],[5.66979175]
[5.54410572],[1.40357308],[5.5800211]
[5.49516853],[1.39527041],[5.4962954]
[5.4666588],[1.38907285],[5.4353172]
[5.42122396],[1.38274264],[5.35664542]
[5.39919402],[1.37998994],[5.32062966]
[5.3726616],[1.37619096],[5.26703544]
[5.33815854],[1.37272557],[5.2214839]
[5.31547731],[1.36883055],[5.16960742]
[5.27738572],[1.36536861],[5.11992787]
[5.25750861],[1.36291211],[5.08121045]
[5.21760366],[1.36317315],[5.01287809]
[5.14972532],[1.36730862],[4.93291877]
[5.09692291],[1.36917652],[4.85277976]
[5.04129419],[1.35789986],[4.75855745]
[4.98800275],[1.3330514],[4.65357707]
[4.91153344],[1.33401941],[4.52227137]
[4.8146937],[1.33502943],[4.3871638]
[4.69020341],[1.33409233],[4.24004776]
[4.5282953],[1.33262465],[4.08505985]
[4.41755649],[1.33208279],[3.96164399]
[4.29360555],[1.32994792],[3.87389187]
[4.23529038],[1.32680351],[3.80877617]
[4.17110129],[1.32591042],[3.74889044]
[4.10232977],[1.29664802],[3.71976506]
[4.04944245],[1.23581935],[3.66761629]
[4.0007745],[1.18253377],[3.55944026]
[3.96914722],[1.12853062],[3.40925034]
[11.08481779],[2.35416872],[19.7419573]
[9.67493936],[2.14029301],[15.40955279]
[7.80150467],[2.01252033],[11.47052717]
[5.78690793],[1.90969459],[8.04618764]
[3.84196351],[1.70981671],[4.94622297]
[2.24349645],[1.38787233],[3.4417593]
[3.71175627],[0.90780337],[2.47863382]
[4.32581513],[0.94951348],[3.10176004]
[4.51856053],[0.98796323],[3.39143426]
[4.68015735],[1.02166419],[3.66133842]
[4.91324351],[1.05632406],[3.91480443]
[5.16302662],[1.0820667],[4.21747885]
[5.28998757],[1.16951274],[4.58081178]
[5.36278379],[1.23567394],[4.96183644]
[5.42520325],[1.32168615],[5.22168638]
[5.70899964],[1.3634697],[5.56577959]
[5.6847304],[1.40891328],[5.63451631]
[5.82836013],[1.42895779],[5.86565435]
[5.81021073],[1.4481827],[5.9013746]
[5.84462941],[1.4619236],[5.99152425]
[5.78353794],[1.47769006],[5.99795086]
[5.77654339],[1.49095509],[6.08442103]
[5.73309868],[1.49517069],[6.08313502]
[5.71939877],[1.50142325],[6.1420525]
[5.68345699],[1.50160538],[6.13464243]
[5.65800752],[1.49851845],[6.16805019]
[5.63584277],[1.49009198],[6.12840104]
[5.60431227],[1.48384814],[6.09201681]
[5.57509532],[1.47446262],[6.00223515]
[5.52996666],[1.46817727],[5.93414257]
[5.50127223],[1.46160731],[5.8619045]
[5.45417885],[1.4549429],[5.78894119]
[5.44688915],[1.45094201],[5.74271742]
[5.42188242],[1.44748798],[5.69554334]
[5.39709877],[1.44288862],[5.63861605]
[5.37405673],[1.43927299],[5.58986254]
[5.34628588],[1.43536308],[5.53487606]
[5.32251297],[1.43561716],[5.49616223]
[5.27933301],[1.43570279],[5.40844977]
[5.21383311],[1.43795213],[5.32449442]
[5.16430975],[1.43849516],[5.2409062]
[5.11249844],[1.42923911],[5.14624378]
[5.06300273],[1.40751229],[5.04639508]
[4.9926561],[1.40657884],[4.91648488]
[4.91467448],[1.40423808],[4.77068016]
[4.81643579],[1.40058779],[4.60280193]
[4.68660443],[1.39778616],[4.41981376]
[4.54572565],[1.39496034],[4.28992282]
[4.35900798],[1.39025992],[4.16807243]
[4.25235377],[1.38450801],[4.06292075]
[4.17670383],[1.38104951],[4.00350613]
[4.12988083],[1.34626055],[3.96738532]
[4.09141213],[1.29705335],[3.94844025]
[4.04120909],[1.24746939],[3.84206855]
[4.01026743],[1.19713474],[3.72986596]
[11.24381814],[2.38873984],[20.06243127]
[9.57724869],[2.16771514],[15.75294407]
[7.73272034],[2.04154544],[11.85109307]
[5.68881522],[1.94595048],[8.22447483]
[3.79034407],[1.75671086],[5.12171544]
[2.32119344],[1.41825746],[3.5851096]
[3.72833274],[0.91689579],[2.58594387]
[4.35888505],[0.9601191],[3.17123309]
[4.55867572],[0.99978608],[3.47239647]
[4.71136867],[1.03913906],[3.74368832]
[4.99238202],[1.07640345],[4.04395741]
[5.21560879],[1.20436286],[4.44467713]
[5.33202824],[1.29534255],[4.94325713]
[5.39788826],[1.34479129],[5.30369935]
[5.45897087],[1.41215513],[5.5469478]
[5.78867177],[1.44335225],[5.91378822]
[5.77660469],[1.4771812],[5.98962466]
[5.88816085],[1.4961073],[6.24371362]
[5.87460329],[1.51473094],[6.31310421]
[5.89651651],[1.52815818],[6.42926633]
[5.84335114],[1.54399696],[6.42929835]
[5.82862053],[1.55887095],[6.53488842]
[5.79631165],[1.56585415],[6.55582051]
[5.78780329],[1.57061415],[6.61650998]
[5.77191284],[1.57223595],[6.62834692]
[5.74577477],[1.56982209],[6.72956429]
[5.7357163],[1.56149659],[6.69786115]
[5.69863399],[1.55461453],[6.68229731]
[5.67870188],[1.54566379],[6.55029303]
[5.61978998],[1.54016028],[6.49918985]
[5.59946974],[1.53386499],[6.37875048]
[5.54005459],[1.52857682],[6.33027527]
[5.55080691],[1.52382267],[6.2594763]
[5.50905379],[1.52038265],[6.22070567]
[5.50556481],[1.51534413],[6.14741693]
[5.45953824],[1.51199259],[6.10442322]
[5.4524019],[1.51289717],[6.04762703]
[5.40368274],[1.51310815],[6.00098719]
[5.37991923],[1.51107164],[5.92163307]
[5.30123868],[1.51169536],[5.84005716]
[5.2515804],[1.51105304],[5.76555347]
[5.19888869],[1.50411163],[5.67389529]
[5.1482196],[1.50025224],[5.56706882]
[5.08347288],[1.49442857],[5.41361581]
[5.01663764],[1.48821036],[5.30508782]
[4.93811609],[1.48123444],[5.1794295]
[4.83789229],[1.47550751],[5.05002397]
[4.72977722],[1.47064324],[4.92173923]
[4.59985581],[1.46514233],[4.8092474]
[4.40047994],[1.45914377],[4.70606086]
[4.21916493],[1.45123131],[4.60363268]
[4.17273486],[1.41650834],[4.52925459]
[4.13725119],[1.37373864],[4.46089015]
[4.09319371],[1.33169217],[4.37601722]
[4.0586246],[1.28836852],[4.28975982]
[11.37321813],[2.43201845],[20.52860646]
[9.5505914],[2.20485341],[16.22639]
[7.60326842],[2.0811416],[12.20508102]
[5.45566184],[1.99640633],[8.36504965]
[3.69134028],[1.81886262],[5.19308117]
[2.29734848],[1.44975366],[3.57158523]
[3.7172065],[0.92300047],[2.59810947]
[4.34862209],[0.96824926],[3.19895729]
[4.59020551],[1.00891618],[3.53620497]
[4.73204865],[1.05545983],[3.81008111]
[5.05339123],[1.15015082],[4.17291133]
[5.25572762],[1.29546685],[4.69744929]
[5.36595113],[1.39022085],[5.24523011]
[5.42734696],[1.43390241],[5.60620868]
[5.53645732],[1.49718473],[5.89549431]
[5.85366243],[1.52458471],[6.30055337]
[5.85268692],[1.555288],[6.45617906]
[5.93956692],[1.56223806],[6.70692247]
[5.93183763],[1.58595921],[6.82640122]
[5.9449751],[1.59273561],[6.97161275]
[5.91835263],[1.6172981],[6.98064808]
[5.90516391],[1.63971156],[7.11199952]
[5.88954117],[1.64926217],[7.13708403]
[5.89459793],[1.66037778],[7.2550982]
[5.91997361],[1.67446233],[7.29298269]
[5.92355963],[1.67696772],[7.37140407]
[5.92488779],[1.67162125],[7.38372807]
[5.92213136],[1.6897521],[7.3788076]
[5.8800697],[1.66677306],[7.25856874]
[5.82868898],[1.64686094],[7.17314446]
[5.78896317],[1.6268421],[7.04550504]
[5.7281218],[1.60871883],[6.96260666]
[5.75867259],[1.6112369],[6.91618167]
[5.68330738],[1.58736514],[6.83306862]
[5.70280857],[1.58228096],[6.78501628]
[5.6059698],[1.57989536],[6.70186115]
[5.63499269],[1.57906501],[6.6474513]
[5.52744568],[1.57854481],[6.56716237]
[5.53820816],[1.57596187],[6.4899193]
[5.4222501],[1.57546305],[6.38521456]
[5.37536646],[1.57388824],[6.30283618]
[5.32457766],[1.56829685],[6.20644968]
[5.27678282],[1.55929552],[6.0974352]
[5.2178564],[1.55124793],[5.95459364]
[5.16201361],[1.54316081],[5.81619348]
[5.07346964],[1.53442247],[5.62640549]
[4.9572138],[1.52850492],[5.48674766]
[4.87122344],[1.5219402],[5.39431035]
[4.76963849],[1.51504691],[5.29524762]
[4.63665631],[1.50643504],[5.19001422]
[4.45873999],[1.49909536],[5.09917164]
[4.27959648],[1.46956571],[4.98879434]
[4.17411224],[1.43090184],[4.89903496]
[4.13551339],[1.39233598],[4.80131048]
[4.10494891],[1.35301646],[4.70231698]
[11.46800109],[2.50399815],[21.08547582]
[9.88355865],[2.24149683],[16.70429172]
[7.78534259],[2.12017142],[12.5329487]
[5.5909695],[2.03097691],[8.58196307]
[3.69146075],[1.83790665],[5.27262865]
[2.23681831],[1.45503132],[3.62294754]
[3.73691882],[1.00333057],[2.73512394]
[4.37268948],[0.97888453],[3.2624739]
[4.63010726],[1.02133583],[3.62008502]
[4.7663486],[1.08264112],[3.90566199]
[5.13299566],[1.2601122],[4.44471216]
[5.31401265],[1.39378652],[5.07853649]
[5.41557732],[1.48339839],[5.58713567]
[5.49901914],[1.51890611],[5.9620987]
[5.71326602],[1.57577324],[6.35869789]
[5.94268878],[1.60319386],[6.76352331]
[5.94745117],[1.64287585],[6.97620134]
[6.00550482],[1.6537532],[7.2756724]
[6.01038045],[1.68024324],[7.45544227]
[6.03659261],[1.70001143],[7.64796512]
[6.02540942],[1.72234111],[7.71764391]
[6.0318059],[1.74194622],[7.80172572]
[6.06581791],[1.7505773],[7.8698456]
[6.09856513],[1.77833884],[7.96560062]
[6.09050799],[1.7914431],[8.02869209]
[6.09735001],[1.80048443],[8.08935911]
[6.07650095],[1.82232754],[8.1190465]
[6.0757254],[1.83603022],[8.11080904]
[6.03607809],[1.81014369],[8.01158696]
[5.9993392],[1.79065525],[7.90107636]
[5.95495136],[1.76890462],[7.77534196]
[5.91630138],[1.75028374],[7.6694189]
[5.9273549],[1.7467524],[7.60961726]
[5.88355383],[1.71881081],[7.51329851]
[5.88285051],[1.71896483],[7.45408198]
[5.82678236],[1.68810091],[7.35290537]
[5.82855394],[1.68786056],[7.29765524]
[5.7622166],[1.65387173],[7.19947282]
[5.74344411],[1.63152125],[7.12031873]
[5.65932976],[1.6297247],[6.9923888]
[5.59815634],[1.62715594],[6.88645154]
[5.54108743],[1.62198382],[6.77089573]
[5.48358485],[1.61364323],[6.6510452]
[5.42450718],[1.59611235],[6.51301052]
[5.37218505],[1.58679359],[6.34496507]
[5.25595739],[1.57692346],[6.14999579]
[5.12548073],[1.56853072],[6.00456176]
[5.01350264],[1.56086073],[5.88870354]
[4.89752435],[1.55307318],[5.78518298]
[4.79651928],[1.54275456],[5.66903465]
[4.66833688],[1.53438651],[5.55203938]
[4.54697824],[1.50636964],[5.44834186]
[4.40155116],[1.47159014],[5.34689721]
[4.23148509],[1.43709402],[5.20640473]
[4.1458057],[1.40035725],[5.08573371]
[11.64229709],[2.54644754],[21.06744889]
[9.30779158],[2.26936801],[16.46177822]
[7.68200746],[2.15286153],[11.89137915]
[5.5837169],[2.04743012],[8.16773237]
[3.60441552],[1.80027586],[4.81661878]
[2.34612539],[1.388423],[3.29189734]
[3.76847467],[0.9469425],[2.64818744]
[4.40410535],[0.99446315],[3.37218756]
[4.6654202],[1.04563158],[3.73577771]
[4.80156907],[1.22059978],[4.0650985]
[5.19145805],[1.35964125],[4.75829385]
[5.35582618],[1.49133443],[5.45598735]
[5.45003954],[1.56799924],[5.93296089]
[5.63231259],[1.60045653],[6.35803497]
[5.80435355],[1.68224881],[6.8706654]
[5.9830616],[1.72460786],[7.32639084]
[5.99367673],[1.77380083],[7.61166905]
[6.0438344],[1.77354611],[7.91170344]
[6.09521861],[1.80126653],[8.17174526]
[6.17263398],[1.81497306],[8.43031278]
[6.19886725],[1.86118829],[8.56466561]
[6.22252635],[1.89180648],[8.66697606]
[6.21842248],[1.92879586],[8.79542438]
[6.24891278],[1.95736285],[8.83991659]
[6.22102494],[1.96717517],[8.92220253]
[6.23036976],[1.96912607],[8.96756235]
[6.19821733],[1.97651737],[8.98590948]
[6.19950546],[1.97806286],[8.97373209]
[6.15955251],[1.94728266],[8.8446101]
[6.13136659],[1.92336363],[8.71197849]
[6.07919338],[1.89949492],[8.55540673]
[6.05753688],[1.87845616],[8.43853803]
[6.05108842],[1.86566071],[8.35869108]
[6.02318609],[1.83871355],[8.25334571]
[6.00912123],[1.82842811],[8.1769949]
[5.97451555],[1.7985859],[8.06785038]
[5.94991945],[1.79249837],[7.97778791]
[5.90504277],[1.76845618],[7.87167642]
[5.87726784],[1.75244447],[7.77889254]
[5.81665965],[1.73875045],[7.64337718]
[5.75664432],[1.72467017],[7.53391832]
[5.70828622],[1.71226212],[7.41101317]
[5.66264857],[1.69587993],[7.27791687]
[5.6123855],[1.6800406],[7.11669505]
[5.56908203],[1.63662559],[6.92913526]
[5.49254306],[1.61716848],[6.74413165]
[5.35883199],[1.60758403],[6.55094954]
[5.20901956],[1.59865523],[6.37135979]
[5.05437398],[1.58983964],[6.22619478]
[4.92285648],[1.57808254],[6.0863465]
[4.79690144],[1.56758659],[5.98977389]
[4.71182676],[1.54124042],[5.89537198]
[4.61556319],[1.50970709],[5.78873068]
[4.50969462],[1.47945612],[5.66630337]
[4.39298636],[1.44655584],[5.51821423]
[11.95136255],[2.58694605],[21.93290852]
[9.42415165],[2.2948979],[16.9837208]
[7.96967984],[2.18234338],[12.43037328]
[5.89057094],[2.0706826],[8.51679142]
[3.68662222],[1.8333466],[5.11331747]
[2.41867164],[1.42555354],[3.59229011]
[3.79612368],[0.96056463],[2.81191101]
[4.436711],[1.00871329],[3.45090445]
[4.72199796],[1.07274021],[3.85605257]
[4.95339464],[1.34629334],[4.34047531]
[5.2700265],[1.4572506],[5.18426141]
[5.41580462],[1.58377717],[5.85693087]
[5.52503012],[1.66007966],[6.33582852]
[5.7785139],[1.72205276],[6.89861248]
[5.92297338],[1.79907092],[7.51018134]
[6.0572517],[1.84094271],[8.00517356]
[6.08908738],[1.89222762],[8.30108745]
[6.14222302],[1.89672921],[8.74556536]
[6.28157887],[1.93601269],[9.102487]
[6.35546451],[1.98201607],[9.42329186]
[6.35799589],[2.02271043],[9.58916971]
[6.37592899],[2.05024198],[9.6990719]
[6.34576811],[2.08849991],[9.80814089]
[6.37176017],[2.1120798],[9.84955584]
[6.33120808],[2.120804],[9.96309069]
[6.36707373],[2.12176014],[9.95415469]
[6.3050011],[2.12673129],[9.93710369]
[6.36134551],[2.11752704],[9.93646748]
[6.28774939],[2.07875607],[9.80295617]
[6.30954058],[2.05199194],[9.69324708]
[6.21402206],[2.02346746],[9.46830534]
[6.23335262],[1.99806992],[9.33710904]
[6.19422419],[1.97712751],[9.2058989]
[6.19742374],[1.95122109],[9.09695157]
[6.14927972],[1.93578335],[8.98180402]
[6.14356359],[1.90796609],[8.8691102]
[6.08174712],[1.89593387],[8.75128556]
[6.0679967],[1.87254775],[8.63949234]
[6.0053798],[1.85648179],[8.54921874]
[5.97383789],[1.842194],[8.42239432]
[5.89405056],[1.82779142],[8.29464757]
[5.84557519],[1.81515713],[8.17286835]
[5.80038363],[1.79979826],[8.03295381]
[5.75049338],[1.7847685],[7.86694002]
[5.71032101],[1.74580672],[7.6746628]
[5.64755576],[1.69944723],[7.42540141]
[5.53853235],[1.67415617],[7.18540344]
[5.42208744],[1.66711345],[6.9538898]
[5.29276207],[1.65894525],[6.78412594]
[5.15084663],[1.62843804],[6.63413526]
[4.99526042],[1.60770882],[6.50698626]
[4.86681374],[1.58351841],[6.38380043]
[4.7581402],[1.555656],[6.29146281]
[4.67841976],[1.52953483],[6.17582012]
[4.59594608],[1.50137167],[6.04018514]
[12.82390135],[2.62140856],[22.84481606]
[9.76366202],[2.32944893],[17.76618706]
[8.18318206],[2.21876684],[13.00438318]
[6.11113931],[2.10572761],[8.90646712]
[3.77475954],[1.88336608],[5.36934937]
[2.44071168],[1.47235214],[3.71995788]
[3.79315566],[0.9734236],[2.87151395]
[4.43788423],[1.02050284],[3.50141948]
[4.78248279],[1.16437533],[3.97661765]
[5.05595177],[1.43252845],[4.59873967]
[5.32855883],[1.53482838],[5.54975465]
[5.49026617],[1.67580429],[6.21547556]
[5.64750597],[1.76814492],[6.76139358]
[5.89677245],[1.83644311],[7.4730724]
[6.0166419],[1.90320768],[8.15695335]
[6.12944547],[1.98272889],[8.75459087]
[6.20150843],[2.0353583],[9.16345504]
[6.32198153],[2.04175618],[9.6405892]
[6.43162792],[2.08189979],[10.00840947]
[6.49622916],[2.14962179],[10.4179071]
[6.48264249],[2.19959593],[10.61750042]
[6.49693337],[2.23878817],[10.79576119]
[6.4482447],[2.28474633],[10.90653892]
[6.51760802],[2.30702633],[10.97074549]
[6.44870576],[2.31462882],[11.05585859]
[6.52661764],[2.31658524],[11.04208096]
[6.44612969],[2.32213797],[11.05687858]
[6.52178787],[2.31630741],[11.01166401]
[6.43347281],[2.25919473],[10.91704462]
[6.50398639],[2.20957861],[10.80996567]
[6.37230733],[2.15960554],[10.53816517]
[6.41584722],[2.12527906],[10.38855078]
[6.35208728],[2.09938089],[10.20868145]
[6.37524899],[2.07216052],[10.07315988]
[6.30654723],[2.04907021],[9.91017916]
[6.32011554],[2.02081052],[9.77635699]
[6.23580474],[2.0024166],[9.61871377]
[6.24493683],[1.98141442],[9.50460287]
[6.1589664],[1.96572559],[9.3730701]
[6.14757115],[1.95266749],[9.25152133]
[6.05821966],[1.93951996],[9.09263552]
[6.01226174],[1.92682269],[8.95610268]
[5.9676564],[1.9118243],[8.79954902]
[5.91793861],[1.89689826],[8.62008424]
[5.88057854],[1.86211657],[8.4074592]
[5.82447905],[1.81995657],[8.12072062]
[5.71822057],[1.7796948],[7.80859283]
[5.57739714],[1.73845322],[7.52611919]
[5.46146981],[1.71071],[7.30652566]
[5.35339779],[1.68488781],[7.12825273]
[5.22581877],[1.6591715],[6.99449535]
[5.07791076],[1.63177328],[6.83596876]
[4.91965448],[1.60077574],[6.66262422]
[4.800537],[1.57081755],[6.51658393]
[4.73182629],[1.54497007],[6.38925319]
