meltWidth,meltDepth,meltArea
[1.71768517],[0.50001647],[0.46880516]
[1.97656256],[0.60550425],[0.66737285]
[2.15563539],[0.65980275],[0.86729652]
[2.36653041],[0.74496399],[1.09239897]
[2.43811185],[0.80504587],[1.24470308]
[2.65243996],[0.86406829],[1.47840401]
[2.83607504],[0.89660842],[1.62533635]
[2.91588716],[0.94286881],[1.79115629]
[3.06624314],[0.95227835],[1.88718063]
[3.00452492],[0.96528458],[1.98603738]
[3.10574381],[0.96597131],[2.02626146]
[3.04415677],[0.98551602],[2.09079239]
[3.11618288],[0.96650567],[2.10364252]
[3.05353587],[1.00879659],[2.16810785]
[3.09643383],[1.00358763],[2.16325973]
[3.05455773],[1.00790597],[2.20304021]
[3.08194302],[1.00207442],[2.19751941]
[3.05791475],[1.00968553],[2.23957438]
[3.13952552],[1.00791943],[2.26014402]
[3.15566017],[1.01932039],[2.32498256]
[3.26941671],[1.02519983],[2.41000748]
[3.3275256],[1.03498842],[2.5287724]
[3.35858021],[1.04644794],[2.58815412]
[3.31758031],[1.05479],[2.6220499]
[3.30885484],[1.06129819],[2.64335686]
[3.29414687],[1.06612699],[2.67999202]
[3.25947639],[1.07366553],[2.68112622]
[3.24327259],[1.08246345],[2.72944601]
[3.22394994],[1.08634582],[2.73825352]
[3.17165575],[1.0858367],[2.72792706]
[3.20049972],[1.08321516],[2.74036738]
[2.9994438],[1.0773676],[2.63872714]
[2.88046228],[1.06190071],[2.59484414]
[2.77983016],[1.04839413],[2.55697334]
[2.679832],[1.04156213],[2.51478596]
[2.61655706],[1.03837402],[2.48715484]
[2.54568569],[1.03385453],[2.45503675]
[2.53595354],[1.02673492],[2.44186412]
[2.54569434],[1.01888697],[2.40988182]
[2.55093202],[1.01048326],[2.37141691]
[2.55081243],[0.99855466],[2.31072932]
[2.55891662],[0.9877258],[2.23899288]
[2.57143544],[0.97676869],[2.16024544]
[2.59530859],[0.96000452],[2.06600533]
[2.62835796],[0.94154886],[1.97763457]
[2.6567553],[0.921899],[1.88250701]
[2.68172616],[0.88524156],[1.77706786]
[2.70159763],[0.82348685],[1.6268585]
[2.72708999],[0.73532184],[1.4507863]
[2.7625656],[0.68915127],[1.35872661]
[2.57687024],[0.64848944],[1.25918016]
[1.8399009],[0.6194181],[0.90060813]
[1.0998523],[0.59952494],[0.43713558]
[1.01024092],[0.35107877],[0.25569237]
[2.28345466],[0.48244383],[0.80714422]
[2.61407105],[0.63899812],[1.12438879]
[2.76192841],[0.69351577],[1.37210519]
[2.90237593],[0.80246557],[1.60750984]
[2.98855304],[0.83955954],[1.81474534]
[3.1308078],[0.91067085],[2.01554225]
[3.18640702],[0.94231907],[2.21331028]
[3.35576233],[0.99022109],[2.36458044]
[3.35318304],[0.99422874],[2.45309135]
[3.39302133],[1.01535301],[2.51772726]
[3.36494651],[1.00970857],[2.55356933]
[3.40948797],[1.02588442],[2.58834212]
[3.46754534],[1.03957917],[2.67832328]
[3.56213083],[1.10003565],[2.78800126]
[3.59737714],[1.12930858],[2.87408984]
[3.67828128],[1.17815635],[3.00835403]
[3.71393012],[1.21067699],[3.11272865]
[3.75568607],[1.25121962],[3.19472089]
[3.7712479],[1.27683663],[3.24094871]
[3.77046026],[1.30346665],[3.26444798]
[3.80292287],[1.31882068],[3.3142014]
[3.79829965],[1.34703214],[3.34651346]
[3.82090259],[1.33632393],[3.37739387]
[3.80691532],[1.35938734],[3.39018241]
[3.84151427],[1.3544317],[3.43924585]
[3.80270124],[1.3681875],[3.4193098]
[3.84826965],[1.36597653],[3.51484298]
[3.80126205],[1.37453433],[3.46492167]
[3.85272942],[1.36718813],[3.5807613]
[3.81318172],[1.37681945],[3.59608295]
[3.83104391],[1.3740452],[3.6238195]
[3.77687371],[1.3755406],[3.61998115]
[3.77723742],[1.37662629],[3.57985759]
[3.65985126],[1.37422618],[3.55375846]
[3.58494277],[1.37421781],[3.55168244]
[3.49459083],[1.37730355],[3.53243974]
[3.43480111],[1.37912031],[3.53338173]
[3.3926884],[1.37983467],[3.54455999]
[3.34126401],[1.37574452],[3.55447517]
[3.2810235],[1.37076536],[3.55191399]
[3.23903587],[1.36396692],[3.55261358]
[3.19965826],[1.35421231],[3.55307523]
[3.15898215],[1.34636779],[3.55040345]
[3.11519842],[1.33798966],[3.5470806]
[3.07222481],[1.32464999],[3.52441072]
[2.99288069],[1.31190317],[3.47351931]
[3.006447],[1.29804951],[3.39752048]
[3.02965763],[1.28326251],[3.30529696]
[3.0573165],[1.26648739],[3.22932856]
[3.07882294],[1.25045645],[3.14659706]
[3.10392522],[1.23495262],[3.03614668]
[2.94309139],[1.21721586],[2.83831099]
[2.20377695],[1.1991341],[2.11262473]
[1.47563903],[1.15188226],[1.18565196]
[0.50168619],[0.33616108],[0.08353633]
[2.34827928],[0.54535507],[1.01616734]
[2.92843253],[0.65535978],[1.39721559]
[3.03006738],[0.74299682],[1.68320049]
[3.18275148],[0.83893467],[1.91796409]
[3.243081],[0.8727517],[2.11337899]
[3.46749069],[0.94093977],[2.37244454]
[3.57082493],[0.9713761],[2.54883485]
[3.66058015],[0.9995631],[2.66659076]
[3.69393623],[1.00082522],[2.73771383]
[3.74683446],[1.00479687],[2.82825555]
[3.79266146],[1.00701401],[2.87201793]
[3.87986656],[1.01469256],[2.95335401]
[3.93384967],[1.02315511],[3.02199346]
[3.98992406],[1.06571248],[3.08843757]
[3.98895581],[1.13189835],[3.16709665]
[4.03110726],[1.18437679],[3.26265611]
[4.07434645],[1.21367089],[3.34791897]
[4.09492044],[1.23546069],[3.40936065]
[4.1778318],[1.23259821],[3.4826325]
[4.2088194],[1.24778542],[3.50036068]
[4.27008128],[1.24889242],[3.54889324]
[4.28699918],[1.26082128],[3.55455241]
[4.33774241],[1.26241784],[3.61783062]
[4.35773957],[1.29315653],[3.64504622]
[4.41026089],[1.29361292],[3.72244418]
[4.42695693],[1.32410869],[3.73659868]
[4.46591988],[1.31940806],[3.8115894]
[4.4604719],[1.34916442],[3.81276295]
[4.49426307],[1.33929717],[3.86961446]
[4.50107879],[1.36360966],[3.89007224]
[4.50875594],[1.37238717],[3.92482513]
[4.52537126],[1.38386259],[3.9383626]
[4.46271185],[1.39400621],[3.95321376]
[4.466164],[1.40258771],[3.96966906]
[4.40227935],[1.41109602],[3.99884509]
[4.35623051],[1.41713081],[4.02649953]
[4.29087537],[1.41543804],[4.04900387]
[4.23865505],[1.40894353],[4.07414226]
[4.1778246],[1.40140203],[4.09176158]
[4.09694708],[1.3962388],[4.09468178]
[4.04073119],[1.39783853],[4.11221089]
[3.9985323],[1.39356779],[4.12420751]
[3.9251574],[1.38797111],[4.11400575]
[3.8640726],[1.37797739],[4.10701419]
[3.81614313],[1.36207367],[4.08836682]
[3.7745227],[1.34986694],[4.06989789]
[3.70293074],[1.33727342],[4.03346208]
[3.57590288],[1.32495516],[4.01132258]
[3.39206026],[1.31110828],[3.95170001]
[3.49041107],[1.29866575],[3.89033732]
[3.56886061],[1.28606693],[3.83347713]
[3.44872493],[1.27286493],[3.71304719]
[2.73301191],[1.26409],[3.01190092]
[2.01336645],[1.25153064],[2.02360979]
[0.47891131],[0.39264533],[0.0933071]
[2.34209026],[0.56668269],[1.04232831]
[3.00153616],[0.6710933],[1.51555251]
[3.09643834],[0.75598638],[1.79594606]
[3.26174904],[0.85703175],[2.05309331]
[3.41863916],[0.89084771],[2.28038372]
[3.61203394],[0.95096866],[2.51089292]
[3.73673907],[0.97834464],[2.65330546]
[3.79597401],[0.99649253],[2.76690538]
[3.89572657],[1.00180743],[2.89716182]
[3.95783417],[1.02142381],[2.97869426]
[4.01175266],[1.03918105],[3.03108105]
[4.0506299],[1.05369745],[3.10647199]
[4.0931548],[1.12982412],[3.20491533]
[4.13212176],[1.17446856],[3.27814989]
[4.1890819],[1.17336404],[3.36303576]
[4.2292094],[1.19906132],[3.44869999]
[4.29924061],[1.18767296],[3.54022094]
[4.34214553],[1.215264],[3.59565714]
[4.39414856],[1.2145923],[3.67748371]
[4.44556505],[1.25761572],[3.73191302]
[4.49964384],[1.25540098],[3.80812629]
[4.53531978],[1.29494552],[3.83439033]
[4.57041706],[1.29102168],[3.90173621]
[4.61490714],[1.33019499],[3.92685355]
[4.65340427],[1.3247836],[3.98737957]
[4.68883827],[1.35294928],[3.98988745]
[4.66489222],[1.35381173],[4.04303707]
[4.64328027],[1.37687944],[4.02851512]
[4.61366429],[1.37788896],[4.06168459]
[4.63846188],[1.39250805],[4.09669661]
[4.55399438],[1.4089091],[4.08606315]
[4.57869989],[1.41952493],[4.10345723]
[4.46060111],[1.42905761],[4.07472944]
[4.44954551],[1.43394334],[4.08479671]
[4.36939616],[1.43612644],[4.0843302]
[4.30720601],[1.43729604],[4.09031904]
[4.26397628],[1.43710477],[4.12580188]
[4.22161996],[1.43550114],[4.16101511]
[4.18293031],[1.43227832],[4.19940093]
[4.12799635],[1.43059931],[4.21437446]
[4.08548054],[1.42848902],[4.23691709]
[4.05226493],[1.42381837],[4.25541653]
[4.01389581],[1.41827285],[4.26614378]
[3.97151468],[1.41039253],[4.26526503]
[3.93122685],[1.39882263],[4.25038137]
[3.90976582],[1.38747227],[4.23044523]
[3.83785769],[1.3702719],[4.17494295]
[3.65532519],[1.3535875],[4.07977638]
[3.42562775],[1.33440716],[3.93168701]
[3.37393124],[1.31533144],[3.85310003]
[3.52880785],[1.29593262],[3.78043588]
[3.42816155],[1.28582442],[3.64192872]
[2.73097869],[1.27754788],[2.98215664]
[2.02455117],[1.26717224],[2.04289654]
[0.74233913],[0.45037015],[0.16605818]
[2.36454289],[0.59597707],[1.1444341]
[3.04089246],[0.70289173],[1.63948375]
[3.12558143],[0.78238527],[1.90842156]
[3.28740974],[0.87215633],[2.15694695]
[3.43278583],[0.90424134],[2.35819217]
[3.68466261],[0.95220597],[2.58828398]
[3.86157894],[0.98643317],[2.75897538]
[3.94442333],[1.01140344],[2.90511679]
[4.01834968],[1.02343763],[3.04053463]
[4.06113942],[1.08033791],[3.14565681]
[4.09525778],[1.1457533],[3.23258159]
[4.13029892],[1.19980061],[3.33281152]
[4.18504614],[1.18517538],[3.42496347]
[4.22163645],[1.21796608],[3.54244454]
[4.27892546],[1.22128343],[3.632722]
[4.33290302],[1.26413822],[3.718621]
[4.39155074],[1.27019498],[3.84005209]
[4.4452639],[1.32657968],[3.9041722]
[4.49871402],[1.33381147],[4.02008362]
[4.55787991],[1.3721037],[4.04603197]
[4.60428149],[1.37223913],[4.15738557]
[4.65477225],[1.39372251],[4.14982212]
[4.68459534],[1.40076359],[4.23855374]
[4.74549461],[1.41417757],[4.23305749]
[4.73632336],[1.42312782],[4.31829335]
[4.70956685],[1.4341982],[4.27148745]
[4.69307369],[1.44393211],[4.36747714]
[4.66103466],[1.45354156],[4.32790176]
[4.63584373],[1.4724048],[4.40927398]
[4.66500363],[1.47675518],[4.50051758]
[4.5565197],[1.4891074],[4.4411126]
[4.5459886],[1.49672213],[4.45005998]
[4.45188801],[1.49864668],[4.4245951]
[4.44334354],[1.4991844],[4.45163715]
[4.38280886],[1.49865513],[4.48176087]
[4.32025512],[1.49743677],[4.4924233]
[4.27954668],[1.50053055],[4.51914456]
[4.24322962],[1.50445969],[4.55626877]
[4.2117514],[1.50337516],[4.59192768]
[4.18086334],[1.49929983],[4.59972617]
[4.15305079],[1.49361087],[4.60935021]
[4.12863874],[1.48430231],[4.61300004]
[4.09700279],[1.47563214],[4.59490978]
[4.05394013],[1.4662914],[4.56793342]
[3.97102746],[1.45233559],[4.50405946]
[3.85067384],[1.4390677],[4.42102494]
[3.65667033],[1.42499825],[4.31273006]
[3.59714697],[1.40832015],[4.22831907]
[3.66460776],[1.38471116],[4.10219882]
[3.7095007],[1.36308399],[3.99523665]
[3.74560471],[1.35208834],[3.88430111]
[3.60282564],[1.3401826],[3.72970247]
[2.87133832],[1.32904674],[3.06726124]
[2.13822435],[1.31291211],[2.15157172]
[1.17681911],[0.50683048],[0.30021846]
[2.40776425],[0.64405856],[1.33269468]
[3.09804493],[0.74176327],[1.78234726]
[3.18702342],[0.82662613],[2.0299682]
[3.42517713],[0.88045059],[2.27247406]
[3.60703474],[0.91411329],[2.48970451]
[3.83945249],[0.95354384],[2.7381442]
[3.97190196],[0.98820924],[2.90650279]
[4.04442645],[1.02062143],[3.04489038]
[4.07962744],[1.02592102],[3.14655928]
[4.10920411],[1.14468151],[3.32003578]
[4.14701251],[1.15602422],[3.4315055]
[4.17542058],[1.24321903],[3.59650091]
[4.23241478],[1.29761332],[3.75817417]
[4.2928013],[1.32123379],[3.86904106]
[4.35811954],[1.33471116],[4.07530367]
[4.4122781],[1.37697967],[4.13884815]
[4.46708849],[1.38605135],[4.29532069]
[4.53137944],[1.43162261],[4.34439105]
[4.58010143],[1.43145592],[4.487554]
[4.64111973],[1.45936807],[4.51448472]
[4.67665331],[1.46568575],[4.66129602]
[4.74471068],[1.47896107],[4.65424027]
[4.76586438],[1.48239772],[4.79730233]
[4.77629026],[1.49267021],[4.77140218]
[4.78759707],[1.49457089],[4.9040557]
[4.74787594],[1.50637693],[4.84083405]
[4.73301744],[1.52032412],[4.9576874]
[4.68918593],[1.53050899],[4.92848088]
[4.66734405],[1.54260814],[5.0292891]
[4.68886569],[1.54486158],[5.11147333]
[4.55529161],[1.55298862],[5.05550775]
[4.52865881],[1.55235895],[5.04869265]
[4.43368517],[1.55073965],[5.00877795]
[4.41823798],[1.55248253],[5.02150817]
[4.36507755],[1.55819976],[5.00820128]
[4.30677001],[1.56200257],[4.99359265]
[4.27740778],[1.56417581],[5.01446234]
[4.25137048],[1.55995491],[5.03715408]
[4.23227601],[1.55495733],[5.04371505]
[4.20335004],[1.54682574],[5.02729563]
[4.17668833],[1.5384742],[5.01205929]
[4.15008571],[1.52607171],[4.99130838]
[4.09230375],[1.51334018],[4.93792699]
[4.01670359],[1.50177441],[4.88991551]
[3.89288534],[1.48702662],[4.84805686]
[3.86271241],[1.47276968],[4.73322621]
[3.85283181],[1.45759657],[4.5896337]
[3.85196512],[1.44121832],[4.44091819]
[3.85509179],[1.42379203],[4.29821842]
[3.86032283],[1.41365678],[4.15023903]
[3.86957636],[1.39969225],[3.99792059]
[3.70249578],[1.38244758],[3.82844963]
[2.95839594],[1.36309749],[3.16483738]
[2.2132643],[1.34410957],[2.24855613]
[1.51994236],[0.56712753],[0.47146344]
[2.43342355],[0.68095565],[1.44921986]
[3.18333151],[0.76208842],[1.85188828]
[3.31037349],[0.83251507],[2.11804859]
[3.59102119],[0.89283364],[2.42002723]
[3.71214152],[0.924279],[2.62043284]
[3.89821442],[0.95762368],[2.8472796]
[4.02500394],[0.98683926],[3.01507487]
[4.09616375],[1.05152361],[3.1863935]
[4.11392391],[1.13333972],[3.33945256]
[4.14538929],[1.23745882],[3.59082779]
[4.18874194],[1.321194],[3.80721307]
[4.23765505],[1.36070084],[4.00810512]
[4.30994935],[1.38485258],[4.2071399]
[4.36995016],[1.40586215],[4.32465692]
[4.427088],[1.42132128],[4.48266119]
[4.49373256],[1.4632123],[4.58396183]
[4.54391411],[1.47188189],[4.79370509]
[4.6257329],[1.50080246],[4.88740772]
[4.66453639],[1.50307151],[5.03589803]
[4.74075367],[1.52203281],[5.08347729]
[4.79047935],[1.53026974],[5.23407025]
[4.82096808],[1.53906298],[5.25518128]
[4.83964594],[1.54249173],[5.34930989]
[4.8371422],[1.55480486],[5.35311065]
[4.84519226],[1.56434993],[5.45420925]
[4.80880963],[1.57552384],[5.45463194]
[4.80452679],[1.58461255],[5.53770933]
[4.75520164],[1.59380867],[5.54931707]
[4.74296801],[1.60117419],[5.61859568]
[4.75015849],[1.60577428],[5.69884509]
[4.63281869],[1.60753935],[5.64047071]
[4.57579122],[1.60834429],[5.63185922]
[4.47011678],[1.60876057],[5.57895662]
[4.4373716],[1.60914836],[5.58237342]
[4.3822327],[1.6117166],[5.55453062]
[4.33716921],[1.61342862],[5.54602629]
[4.30455028],[1.60820682],[5.53771258]
[4.2725891],[1.60183408],[5.53475481]
[4.26477919],[1.59422419],[5.52198603]
[4.25488825],[1.58471565],[5.48555612]
[4.24683563],[1.57472205],[5.43409912]
[4.2316065],[1.56131787],[5.40769444]
[4.2180114],[1.54723938],[5.38242056]
[4.20425849],[1.53774736],[5.31694179]
[4.19152941],[1.52779333],[5.18217422]
[4.17253511],[1.51671566],[5.02699977]
[4.13157973],[1.50396536],[4.84665675]
[4.09386817],[1.49125474],[4.65200928]
[4.0373621],[1.47499927],[4.46138039]
[3.98335691],[1.45700182],[4.28183575]
[3.9607787],[1.43946241],[4.12503059]
[3.73983186],[1.42065652],[3.95368767]
[2.98915066],[1.4007901],[3.25368656]
[2.24215849],[1.37920645],[2.33662391]
[1.51690072],[0.62334844],[0.54450797]
[2.43442422],[0.69480336],[1.47571053]
[3.22769607],[0.78359892],[1.92188292]
[3.36499827],[0.85408446],[2.21717993]
[3.60889074],[0.91499762],[2.52029706]
[3.73513332],[0.93711912],[2.71968741]
[3.92212674],[0.97971668],[2.96376327]
[4.05527688],[1.01320983],[3.15622387]
[4.1206857],[1.16858562],[3.41499718]
[4.1597837],[1.25768925],[3.70301519]
[4.20557798],[1.34673903],[4.01063249]
[4.2718844],[1.38976193],[4.24100873]
[4.33967772],[1.41851821],[4.43021442]
[4.40080033],[1.44134403],[4.63546185]
[4.46604858],[1.46735946],[4.82369537]
[4.52542581],[1.48299172],[5.01718376]
[4.60491521],[1.51214331],[5.15696994]
[4.65649623],[1.51792845],[5.32069974]
[4.75962871],[1.54077685],[5.41861666]
[4.79809056],[1.54616398],[5.57813953]
[4.8554425],[1.56219208],[5.65587031]
[4.87675478],[1.57440502],[5.75424908]
[4.88361287],[1.590586],[5.79595816]
[4.89190164],[1.5998684],[5.873805]
[4.86058652],[1.61198897],[5.90734895]
[4.87682748],[1.62138764],[5.97819638]
[4.81999785],[1.63153577],[5.99690945]
[4.8186812],[1.64078838],[6.04241618]
[4.74024745],[1.64937874],[6.06341832]
[4.67977143],[1.65485987],[6.0717351]
[4.7264999],[1.6564219],[6.16744104]
[4.59299512],[1.65610367],[6.0783287]
[4.64876285],[1.65506367],[6.09146838]
[4.63771954],[1.65366517],[6.05880477]
[4.69385085],[1.64902741],[6.06811278]
[4.65777362],[1.64015881],[6.03112298]
[4.65900319],[1.63190689],[6.00631506]
[4.66461053],[1.62446163],[6.00213304]
[4.67285981],[1.61565211],[5.9971248]
[4.67725689],[1.60505708],[5.97443264]
[4.6660028],[1.59332422],[5.92061646]
[4.65421493],[1.58773948],[5.83956162]
[4.6405136],[1.58112168],[5.70711554]
[4.62407093],[1.5743951],[5.54824212]
[4.60971377],[1.56491334],[5.38624163]
[4.59592238],[1.55385149],[5.18621081]
[4.58676592],[1.54044946],[5.01081563]
[4.56445124],[1.52545269],[4.83891238]
[4.5329359],[1.5097141],[4.66004181]
[4.48651177],[1.4907349],[4.49736589]
[4.43414981],[1.46963791],[4.35457471]
[4.38646521],[1.44915484],[4.22319336]
[4.07251503],[1.4291424],[4.00726858]
[3.38711338],[1.40018581],[3.29808366]
[2.68706736],[1.34337977],[2.41118091]
[1.55147703],[0.64338174],[0.65666612]
[2.45027346],[0.71623144],[1.54218922]
[3.21245511],[0.81712252],[2.02337498]
[3.3244061],[0.8830795],[2.29870883]
[3.58428324],[0.94452678],[2.61709476]
[3.72902524],[0.9694344],[2.83183501]
[3.9300282],[1.01890131],[3.09742815]
[4.0723442],[1.16069471],[3.3822232]
[4.16307813],[1.30933712],[3.85471424]
[4.21956814],[1.37637066],[4.14684837]
[4.288846],[1.43003281],[4.4273496]
[4.3661307],[1.46324438],[4.69018626]
[4.43707442],[1.4876213],[4.88851961]
[4.49790007],[1.50334875],[5.14033422]
[4.58511188],[1.52543743],[5.32243274]
[4.63955713],[1.53590058],[5.52684364]
[4.7498205],[1.56121797],[5.68405688]
[4.79313288],[1.56894242],[5.8336833]
[4.89904612],[1.58801286],[5.99819988]
[4.90309613],[1.60524047],[6.10081447]
[4.91767498],[1.62185015],[6.21998803]
[4.94500652],[1.63812428],[6.31105028]
[4.93766685],[1.64799712],[6.3906154]
[4.95405001],[1.65323604],[6.42792878]
[4.92020185],[1.66378351],[6.4881339]
[4.94509485],[1.66817749],[6.5188985]
[4.91670012],[1.681252],[6.56141176]
[4.88970894],[1.68981543],[6.59063634]
[4.96146017],[1.69809938],[6.62199719]
[4.95413154],[1.70383414],[6.64011101]
[5.03932444],[1.70576992],[6.75259231]
[5.01730841],[1.70434602],[6.67629039]
[5.06090798],[1.70230402],[6.73719718]
[5.05829248],[1.69652196],[6.68943321]
[5.09027897],[1.687989],[6.70175942]
[5.07895739],[1.679465],[6.67513279]
[5.05413448],[1.67146923],[6.63093009]
[5.04861657],[1.6624078],[6.5987995]
[5.04372332],[1.65259846],[6.55925463]
[5.03986095],[1.64863971],[6.5028464]
[5.02744691],[1.63796386],[6.41812216]
[5.01525994],[1.62762421],[6.26441163]
[5.00307999],[1.61673176],[6.07903782]
[4.9871828],[1.60790217],[5.89064046]
[4.97163151],[1.59820021],[5.70683612]
[4.9548703],[1.58669141],[5.52812965]
[4.94435385],[1.57349068],[5.35748565]
[4.92737383],[1.55689888],[5.17684558]
[4.90565051],[1.53862346],[5.00005426]
[4.86636166],[1.51943454],[4.92106167]
[4.82204977],[1.49797435],[4.85119508]
[4.78398973],[1.47732371],[4.74291256]
[4.47962649],[1.45355664],[4.47125895]
[3.7174745],[1.41223559],[3.63209763]
[2.95186467],[1.34094906],[2.64695268]
[1.61416554],[0.66469245],[0.84369019]
[2.47467844],[0.76401645],[1.64814421]
[3.21289409],[0.85784051],[2.13809875]
[3.27149002],[0.91673637],[2.37295429]
[3.53233617],[0.98229374],[2.68674504]
[3.686779],[1.01123648],[2.9132461]
[3.93664179],[1.1203436],[3.28009688]
[4.10382509],[1.28137628],[3.73257572]
[4.19557184],[1.40079531],[4.15407348]
[4.248939],[1.451235],[4.46633093]
[4.34086839],[1.48804826],[4.73031277]
[4.41293147],[1.51721867],[4.99628558]
[4.49021866],[1.53333582],[5.21037236]
[4.55867597],[1.5469418],[5.45084053]
[4.65819108],[1.5675418],[5.64185958]
[4.71790545],[1.57766473],[5.83723444]
[4.85532508],[1.60673813],[6.02608915]
[4.9179649],[1.62444916],[6.18871316]
[4.96951598],[1.64219856],[6.34340382]
[4.98845651],[1.65635218],[6.45140166]
[4.99709482],[1.67279817],[6.60280462]
[5.02703581],[1.68322846],[6.69955175]
[5.08398349],[1.69417424],[6.82560943]
[5.0560923],[1.6990846],[6.89099968]
[5.13684376],[1.71205284],[6.98127097]
[5.09870256],[1.72074803],[7.0283416]
[5.18930485],[1.72842029],[7.06978851]
[5.17553093],[1.73344541],[7.1042891]
[5.24494787],[1.7375748],[7.12999825]
[5.27211019],[1.74039807],[7.16819491]
[5.31138951],[1.74140606],[7.2545788]
[5.322111],[1.74013079],[7.18575353]
[5.31976854],[1.73156989],[7.19457977]
[5.34833486],[1.72167634],[7.1512137]
[5.34079539],[1.71091144],[7.13018955]
[5.36322311],[1.70040824],[7.09510952]
[5.32619839],[1.69461728],[7.032807]
[5.32369475],[1.69264791],[6.99596338]
[5.31783735],[1.68654003],[6.94666889]
[5.31416202],[1.67713142],[6.88106199]
[5.30922783],[1.66588798],[6.73386301]
[5.29818176],[1.6543885],[6.56590522]
[5.28356151],[1.6422334],[6.39171624]
[5.27047845],[1.62723536],[6.19478977]
[5.25524098],[1.61237184],[6.01597178]
[5.23835437],[1.59952498],[5.83706312]
[5.2212794],[1.58691188],[5.66361459]
[5.20626144],[1.57088032],[5.4894997]
[5.18941511],[1.55455454],[5.32347905]
[5.15675933],[1.53630437],[5.1768918]
[5.12057214],[1.5160454],[5.04092679]
[5.0842369],[1.49809851],[4.91218402]
[4.72438732],[1.47438945],[4.63264512]
[3.94688396],[1.41618341],[3.74380801]
[3.16571661],[1.3563309],[2.74448819]
[1.66865962],[0.7213907],[0.97992176]
[2.49553796],[0.81209532],[1.7589278]
[3.25022517],[0.89402823],[2.25687465]
[3.28902848],[0.95305604],[2.47820171]
[3.54599304],[1.0222433],[2.80019939]
[3.6603072],[1.06808131],[3.05176951]
[3.94268561],[1.24787476],[3.56554201]
[4.13561207],[1.37430225],[4.04291489]
[4.25150421],[1.46427123],[4.43629838]
[4.315677],[1.49288172],[4.75707513]
[4.42852051],[1.52679965],[5.04558608]
[4.48326253],[1.54973636],[5.31856127]
[4.57300136],[1.56632711],[5.53995646]
[4.63685744],[1.58050944],[5.77050305]
[4.74668535],[1.61500748],[5.98133283]
[4.79155133],[1.62829938],[6.14693166]
[4.93929639],[1.65444214],[6.37743168]
[4.96751975],[1.6683052],[6.49066104]
[5.01513406],[1.68517725],[6.68348556]
[5.04386725],[1.69702931],[6.79412179]
[5.13930487],[1.71503651],[6.98345964]
[5.12203487],[1.72381669],[7.08115413]
[5.2566439],[1.73542365],[7.21049302]
[5.21999733],[1.74243587],[7.28298264]
[5.31723296],[1.75072347],[7.36894719]
[5.29583408],[1.75810303],[7.43127374]
[5.37220312],[1.76429972],[7.47123254]
[5.38021077],[1.76866324],[7.52440223]
[5.42146701],[1.77165981],[7.53356123]
[5.4597333],[1.7739032],[7.59599678]
[5.46903552],[1.7748292],[7.6654196]
[5.49099176],[1.76594392],[7.62250364]
[5.4644395],[1.75664465],[7.58653999]
[5.51238515],[1.74625079],[7.55145081]
[5.48746591],[1.74156574],[7.51855335]
[5.52981217],[1.73834484],[7.4812037]
[5.48946574],[1.73413627],[7.40246234]
[5.48854767],[1.72780833],[7.3509306]
[5.48615746],[1.72029252],[7.26364136]
[5.48102817],[1.7046369],[7.09194183]
[5.47899362],[1.68642389],[6.90575368]
[5.47334262],[1.67216446],[6.72709264]
[5.45975936],[1.65668784],[6.5504193]
[5.45358741],[1.64166562],[6.38745033]
[5.44337046],[1.62376892],[6.22329606]
[5.42897839],[1.60822201],[6.03590468]
[5.41185419],[1.59341509],[5.86704037]
[5.40361566],[1.57909342],[5.71790182]
[5.39429834],[1.56311919],[5.56351866]
[5.37063606],[1.54448606],[5.39276112]
[5.34538743],[1.52538854],[5.22613004]
[5.31548648],[1.5058936],[5.06094776]
[4.93004543],[1.46420996],[4.72284337]
[4.15399949],[1.38829585],[3.79384312]
[3.37828763],[1.33316691],[2.78428179]
[1.6680192],[0.77433821],[1.04479263]
[2.50250056],[0.84360834],[1.83596249]
[3.26666975],[0.93189558],[2.34777258]
[3.31118058],[0.98702323],[2.5764028]
[3.61091925],[1.06531048],[2.93843331]
[3.71154761],[1.1513473],[3.25286919]
[4.01633354],[1.33858063],[3.88149804]
[4.20256119],[1.44342715],[4.35964265]
[4.31627944],[1.50180388],[4.71694904]
[4.38898995],[1.53040665],[5.07807376]
[4.4780471],[1.56127143],[5.36974217]
[4.56238249],[1.58457414],[5.66491745]
[4.65447272],[1.61316075],[5.9008724]
[4.73456524],[1.62721677],[6.13281005]
[4.85824952],[1.65916035],[6.34378559]
[4.93673925],[1.66966773],[6.51093394]
[5.05913238],[1.6925337],[6.73484245]
[5.12646787],[1.70590662],[6.86295772]
[5.14521939],[1.72377745],[7.06559297]
[5.19928015],[1.73044974],[7.17752798]
[5.31654652],[1.7471552],[7.35673109]
[5.29936332],[1.75365923],[7.45156489]
[5.41849848],[1.76476718],[7.56313072]
[5.39323568],[1.77042756],[7.63677029]
[5.47982525],[1.77574583],[7.71211604]
[5.47425475],[1.78335536],[7.78857021]
[5.53711466],[1.79895794],[7.82912137]
[5.56090545],[1.81371639],[7.92095616]
[5.57870287],[1.82554981],[7.91992937]
[5.62435377],[1.83365157],[7.96101623]
[5.60895789],[1.83823221],[7.96612689]
[5.65157728],[1.8293416],[7.95472312]
[5.60676524],[1.82281221],[7.92024701]
[5.66901534],[1.81371815],[7.88452242]
[5.63103666],[1.80229201],[7.83627292]
[5.68276654],[1.79280118],[7.77331148]
[5.64263615],[1.78595286],[7.56058311]
[5.63845667],[1.77841705],[7.39235646]
[5.63486719],[1.76947019],[7.24219657]
[5.62757944],[1.75218913],[7.08187614]
[5.62560852],[1.73366256],[6.91501677]
[5.6195517],[1.71409215],[6.75280374]
[5.60785077],[1.69280254],[6.59617268]
[5.60606815],[1.67158073],[6.4381008]
[5.59945608],[1.64721582],[6.28003394]
[5.58574239],[1.61426148],[6.11631415]
[5.56669398],[1.58205218],[5.94780077]
[5.56069201],[1.56077694],[5.7930237]
[5.55045266],[1.53435002],[5.60838539]
[5.53227145],[1.51006348],[5.40845921]
[5.50921914],[1.44549269],[5.19607997]
[5.48271317],[1.38785951],[5.01863106]
[5.0859329],[1.33707615],[4.69218464]
[4.31038996],[1.28954414],[3.79811515]
[3.53774019],[1.25034592],[2.81643746]
[1.69775253],[0.81323891],[1.14111655]
[2.52248061],[0.86509829],[1.92014098]
[3.3275766],[0.95846702],[2.45487135]
[3.33837417],[1.02342042],[2.68510099]
[3.69482208],[1.14362306],[3.18332161]
[3.80163662],[1.28835901],[3.63023511]
[4.12584108],[1.42647334],[4.30004069]
[4.26185829],[1.50863052],[4.73229039]
[4.39177147],[1.54913509],[5.095712]
[4.4630617],[1.5747581],[5.44270015]
[4.56687655],[1.61823237],[5.76023545]
[4.66988358],[1.63347824],[6.04396652]
[4.80324306],[1.66740506],[6.3134368]
[4.87102875],[1.67678058],[6.48625994]
[5.0299363],[1.70232645],[6.77267525]
[5.12267411],[1.71406753],[6.91138545]
[5.21715935],[1.73227997],[7.14722934]
[5.32934495],[1.74625928],[7.28633707]
[5.31984652],[1.76279861],[7.47461178]
[5.383857],[1.77321604],[7.59241398]
[5.46074483],[1.78524243],[7.7386435]
[5.47981014],[1.78854703],[7.85659545]
[5.55222464],[1.79298261],[7.94593149]
[5.56125624],[1.81135709],[8.08308714]
[5.61183664],[1.83888922],[8.17516722]
[5.63207606],[1.86457746],[8.3006154]
[5.67625501],[1.89114673],[8.32645579]
[5.70674673],[1.90822738],[8.42915219]
[5.72085479],[1.91828852],[8.39155989]
[5.76741299],[1.9254956],[8.44573321]
[5.75663452],[1.93119768],[8.4266105]
[5.79253916],[1.92235815],[8.43573874]
[5.76504207],[1.91299649],[8.38007668]
[5.80951286],[1.90254063],[8.36870285]
[5.79183441],[1.89077739],[8.27786387]
[5.82003799],[1.87825121],[8.16539982]
[5.80366071],[1.86635985],[7.92221392]
[5.79193697],[1.85355421],[7.76839437]
[5.78791731],[1.8371376],[7.61872268]
[5.78084555],[1.8210576],[7.46664485]
[5.77976146],[1.80324603],[7.30897983]
[5.77563146],[1.78432066],[7.14367632]
[5.76329037],[1.76378523],[6.98100029]
[5.76034911],[1.74307357],[6.82621176]
[5.75253564],[1.7212576],[6.66629149]
[5.73867354],[1.68958734],[6.49660174]
[5.72690941],[1.65608779],[6.31764093]
[5.72429229],[1.61797856],[6.11385362]
[5.71651731],[1.57006913],[5.9011776]
[5.70276534],[1.50308225],[5.68868916]
[5.68843596],[1.43105122],[5.46809162]
[5.6628397],[1.3706314],[5.26583391]
[5.27299615],[1.32163164],[4.92509987]
[4.49793878],[1.27659193],[4.0023737]
[3.72805807],[1.2414045],[3.0018142]
[1.73048297],[0.83523023],[1.22300239]
[2.55722781],[0.89597384],[2.00687286]
[3.42256979],[0.98538073],[2.56553445]
[3.3926797],[1.05949609],[2.80230332]
[3.82488321],[1.24983147],[3.51199419]
[3.92930554],[1.36866826],[4.01139781]
[4.25554426],[1.48545781],[4.66885581]
[4.39740518],[1.54388662],[5.08965745]
[4.5796813],[1.59116129],[5.47317322]
[4.60656353],[1.621886],[5.79487041]
[4.76130137],[1.66080463],[6.15688999]
[4.82817892],[1.67282999],[6.41312029]
[5.0097648],[1.70498135],[6.74591401]
[5.07942133],[1.71314974],[6.91503045]
[5.21794882],[1.73458171],[7.19388801]
[5.3143969],[1.74977823],[7.32270367]
[5.40921152],[1.76589676],[7.56175168]
[5.5209378],[1.78284051],[7.69801382]
[5.49535416],[1.79604221],[7.87685629]
[5.56663212],[1.806971],[7.99123599]
[5.61373464],[1.81665534],[8.13050855]
[5.62876089],[1.84361181],[8.31334294]
[5.70230507],[1.88787878],[8.47121697]
[5.69692223],[1.9199867],[8.63566381]
[5.76680557],[1.94795464],[8.73081255]
[5.76313069],[1.96969839],[8.84797482]
[5.83975776],[1.99132711],[8.88356228]
[5.83713578],[2.00215757],[8.9741064]
[5.88867104],[2.00903298],[8.93805494]
[5.90423412],[2.01411603],[9.0087956]
[5.92013533],[2.01434786],[8.95353966]
[5.93005762],[2.00641803],[9.01007111]
[5.91876136],[1.99757994],[8.91495191]
[5.94098116],[1.98893725],[8.93297579]
[5.93768404],[1.98011831],[8.82750949]
[5.945494],[1.97076932],[8.71443352]
[5.93667381],[1.96093794],[8.44770374]
[5.91648468],[1.94775995],[8.27193738]
[5.91084733],[1.9285184],[8.11795178]
[5.89975262],[1.90862557],[7.97074277]
[5.89560209],[1.88468675],[7.81588714]
[5.89004846],[1.85988657],[7.65558229]
[5.87610071],[1.83831081],[7.48730194]
[5.86916935],[1.81849661],[7.33100882]
[5.85843801],[1.79619521],[7.14879414]
[5.84233812],[1.76620439],[6.9601907]
[5.82804959],[1.73322491],[6.76581849]
[5.82222252],[1.70067235],[6.55545823]
[5.8147899],[1.62707397],[6.30297913]
[5.80100238],[1.55054659],[6.05979514]
[5.78749718],[1.4919833],[5.85299987]
[5.7605388],[1.44239673],[5.65594675]
[5.3555153],[1.39462911],[5.28659858]
[4.57734904],[1.34963579],[4.33266944]
[3.8046288],[1.30889173],[3.29641465]
[1.75023812],[0.8557881],[1.29246441]
[2.57667052],[0.9240153],[2.07221747]
[3.47485893],[1.00865547],[2.65267008]
[3.51449893],[1.14461201],[3.11618171]
[3.91697867],[1.33957848],[3.88871909]
[4.02631493],[1.43224255],[4.36448645]
[4.32492627],[1.52593094],[4.96315745]
[4.5198348],[1.57341312],[5.40176009]
[4.69686914],[1.6282862],[5.79685648]
[4.75053904],[1.65430429],[6.11584327]
[4.92590141],[1.69157963],[6.52949626]
[4.9930558],[1.70266982],[6.77650779]
[5.14780138],[1.72965814],[7.11187455]
[5.25304322],[1.74176481],[7.28792467]
[5.34376399],[1.7616169],[7.5254588]
[5.48536588],[1.77492607],[7.67912984]
[5.51323672],[1.79173682],[7.88399052]
[5.60695712],[1.80399609],[8.00286998]
[5.67011191],[1.81581649],[8.18408649]
[5.63654848],[1.82411657],[8.33096962]
[5.78091391],[1.88763945],[8.5499073]
[5.75730264],[1.94058493],[8.74448197]
[5.87958506],[1.97650436],[8.93277839]
[5.83322297],[2.00211911],[9.04257452]
[5.94994095],[2.02369927],[9.1488213]
[5.89954589],[2.03664581],[9.25796175]
[6.00234759],[2.04833665],[9.25305034]
[5.95320399],[2.05558255],[9.31364171]
[6.02651742],[2.05642497],[9.23909958]
[6.01506645],[2.05764868],[9.32686365]
[6.04051867],[2.0561881],[9.25397343]
[6.02916011],[2.04990217],[9.29072925]
[6.02105404],[2.04101448],[9.19405697]
[6.02887685],[2.0290567],[9.13774789]
[6.0347658],[2.01635632],[8.87421718]
[6.03273966],[1.99933754],[8.63765872]
[6.03660307],[1.98342077],[8.44427581]
[6.00785878],[1.96701029],[8.29839308]
[6.00079707],[1.95014591],[8.15399336]
[5.98773848],[1.93252956],[8.01213553]
[5.98096878],[1.91223407],[7.85721031]
[5.97505167],[1.88751034],[7.66960484]
[5.96245755],[1.86233106],[7.49391487]
[5.9562224],[1.83589693],[7.31715515]
[5.94957715],[1.79825353],[7.12723867]
[5.93617937],[1.73345853],[6.90906242]
[5.92041723],[1.66917479],[6.71408444]
[5.91348213],[1.61524902],[6.52972705]
[5.9045823],[1.56402569],[6.34537503]
[5.88936403],[1.51624344],[6.14401869]
[5.87796644],[1.47451933],[5.96139388]
[5.85073873],[1.43980902],[5.77460702]
[5.43132694],[1.40599456],[5.39736296]
[4.65278341],[1.36795917],[4.46308657]
[3.87947131],[1.33346146],[3.46617986]
[1.77254209],[0.87521312],[1.34888035]
[2.60219695],[0.94875003],[2.14009867]
[3.57373989],[1.03224394],[2.78339004]
[3.67079968],[1.26906412],[3.5706846]
[4.09836312],[1.4188068],[4.34509145]
[4.15680426],[1.48600971],[4.76254633]
[4.49416163],[1.58087643],[5.34427137]
[4.66426657],[1.62368058],[5.75246025]
[4.89367739],[1.67103563],[6.19129536]
[4.91801411],[1.69577279],[6.4775918]
[5.09792799],[1.72453044],[6.91955346]
[5.16223537],[1.73610288],[7.14164556]
[5.31340796],[1.75715246],[7.48501014]
[5.38562404],[1.77103812],[7.62875628]
[5.53838387],[1.7872796],[7.89760165]
[5.58626549],[1.80317102],[8.01016138]
[5.69450365],[1.81859171],[8.2491616]
[5.68807935],[1.8305686],[8.40038844]
[5.80209601],[1.87190846],[8.63311255]
[5.7837331],[1.92265186],[8.83589737]
[5.93552482],[1.97729979],[9.06565225]
[5.89629844],[2.02267736],[9.23597488]
[6.01282211],[2.05303381],[9.4066455]
[5.94822489],[2.07339995],[9.55186716]
[6.05497864],[2.0875972],[9.61815103]
[5.99094525],[2.09727735],[9.7150532]
[6.09452321],[2.10356045],[9.69805445]
[6.04244829],[2.10583328],[9.73131655]
[6.12495844],[2.10571384],[9.68004302]
[6.10668471],[2.1048526],[9.74065297]
[6.14125318],[2.10127106],[9.67091208]
[6.12085217],[2.09416229],[9.69214071]
[6.12774553],[2.08270226],[9.59217484]
[6.12095721],[2.06771373],[9.47247268]
[6.13764998],[2.05136339],[9.20351173]
[6.11655734],[2.03811092],[8.97375398]
[6.13239358],[2.0253942],[8.78630882]
[6.1037431],[2.01310641],[8.63596721]
[6.09938431],[1.99504107],[8.46415977]
[6.08772888],[1.97522323],[8.30389679]
[6.0817915],[1.95328927],[8.13027964]
[6.07915622],[1.93055354],[7.95518435]
[6.06655656],[1.90625884],[7.77584116]
[6.06036049],[1.87564551],[7.5911619]
[6.05405948],[1.81961772],[7.38106099]
[6.04332651],[1.76141413],[7.17886773]
[6.02791669],[1.70153014],[6.99370242]
[6.02016898],[1.6538742],[6.82159678]
[6.0132099],[1.60803202],[6.64718663]
[5.99744861],[1.56184937],[6.4618704]
[5.98899957],[1.51282856],[6.27398721]
[5.96706886],[1.47908472],[6.09771252]
[5.53651389],[1.44696022],[5.72598117]
[4.7550584],[1.4130722],[4.76856806]
[3.98093111],[1.38204848],[3.73600432]
[1.80476245],[0.89963357],[1.41036098]
[2.65071807],[0.97487091],[2.21565274]
[3.69115655],[1.13753989],[3.07275636]
[3.86406248],[1.34114041],[3.92199474]
[4.26398796],[1.46988901],[4.70938314]
[4.33218675],[1.53708286],[5.1275353]
[4.69863886],[1.61823906],[5.72987306]
[4.80210305],[1.66394433],[6.10940459]
[5.06512853],[1.69776167],[6.58220947]
[5.05665489],[1.72492631],[6.84553031]
[5.22858631],[1.7500044],[7.31064129]
[5.2944821],[1.76525461],[7.51871588]
[5.54014147],[1.78194194],[7.87989429]
[5.51310356],[1.7986791],[8.01479746]
[5.76731499],[1.81342435],[8.33429084]
[5.67109348],[1.83257692],[8.45455187]
[5.88688362],[1.8753784],[8.7885652]
[5.79149921],[1.92745693],[8.94981656]
[5.97053471],[1.97716024],[9.22041428]
[5.89367344],[2.01665392],[9.36924176]
[6.07551279],[2.05768481],[9.61462488]
[5.99735394],[2.08985067],[9.80793046]
[6.14084124],[2.11428253],[9.96772406]
[6.04559282],[2.13053669],[10.07468657]
[6.18001295],[2.14130397],[10.1634472]
[6.08940903],[2.1475424],[10.21951578]
[6.21697085],[2.15171245],[10.21578607]
[6.13920677],[2.15346463],[10.22382111]
[6.24413766],[2.15269597],[10.17018558]
[6.20601587],[2.15122665],[10.21372606]
[6.25435603],[2.14828317],[10.14330262]
[6.2181637],[2.14185067],[10.14052654]
[6.23313143],[2.12826408],[10.03837181]
[6.2143945],[2.11045083],[9.90647872]
[6.24393944],[2.09868559],[9.64775271]
[6.21726071],[2.08560418],[9.40171657]
[6.23258283],[2.07285719],[9.19979663]
[6.21227711],[2.05945841],[9.04229358]
[6.21282687],[2.04283536],[8.88096952]
[6.19707359],[2.02182821],[8.70408098]
[6.18713329],[1.99925855],[8.51150742]
[6.17852137],[1.97749373],[8.32853042]
[6.1662429],[1.9514633],[8.13760001]
[6.15734535],[1.91992832],[7.94508171]
[6.14801086],[1.86411397],[7.73802342]
[6.14259496],[1.81054621],[7.54204744]
[6.12501994],[1.75406357],[7.35670392]
[6.1167112],[1.70615654],[7.17409345]
[6.11205037],[1.66306108],[7.00226232]
[6.09537187],[1.61825629],[6.8147587]
[6.0893852],[1.57268285],[6.63797327]
[6.07518207],[1.53609369],[6.46482861]
[5.6218732],[1.50559931],[6.07959163]
[4.83951371],[1.47273264],[5.11336362]
[4.06049071],[1.44395626],[4.05059002]
[1.83976459],[0.92723651],[1.46587496]
[2.72128862],[0.99731041],[2.30349107]
[3.76807961],[1.20743361],[3.51979792]
[4.01722405],[1.39445017],[4.26883211]
[4.41255202],[1.49675877],[5.05685243]
[4.49276564],[1.56165544],[5.47456094]
[4.86533781],[1.64291919],[6.08599099]
[4.93229495],[1.68538888],[6.4293134]
[5.19990303],[1.71957196],[6.96074981]
[5.1956622],[1.75078507],[7.18281414]
[5.42399169],[1.76936303],[7.68376298]
[5.43773367],[1.78876817],[7.86632761]
[5.78233841],[1.80361183],[8.26328757]
[5.68497389],[1.82131764],[8.40861981]
[5.93977778],[1.84916377],[8.80196183]
[5.78572482],[1.89432145],[8.90001599]
[6.05898792],[1.94340036],[9.29904473]
[5.90837581],[1.98522171],[9.38808676]
[6.13674721],[2.02912008],[9.69846358]
[6.00729774],[2.0638835],[9.86389939]
[6.23286903],[2.10195459],[10.12425193]
[6.11100617],[2.13097593],[10.26173975]
[6.28487671],[2.15475781],[10.4495804]
[6.15333707],[2.16988606],[10.50952743]
[6.31514035],[2.17803143],[10.61026086]
[6.19259335],[2.1839638],[10.63390258]
[6.34276118],[2.18767775],[10.65355057]
[6.23883964],[2.1899978],[10.63913802]
[6.37506165],[2.19172361],[10.62983009]
[6.32201948],[2.19450076],[10.65653256]
[6.3920953],[2.19479436],[10.61757352]
[6.34405658],[2.18571274],[10.60753708]
[6.34514957],[2.17045901],[10.49061172]
[6.35014164],[2.15613209],[10.357971]
[6.36604116],[2.14179931],[10.12469592]
[6.36691813],[2.1279952],[9.93154891]
[6.38135254],[2.1148165],[9.69989433]
[6.37506999],[2.10121745],[9.49558943]
[6.37992378],[2.08542649],[9.31188923]
[6.35609753],[2.06415999],[9.10731594]
[6.34335026],[2.04132059],[8.89618559]
[6.33301749],[2.01416801],[8.68882462]
[6.31907384],[1.9866362],[8.4846768]
[6.30748132],[1.95318175],[8.28757125]
[6.29897247],[1.89329539],[8.05881134]
[6.2931602],[1.84203314],[7.864457]
[6.27284691],[1.78888173],[7.68232937]
[6.26026467],[1.74803149],[7.51674578]
[6.24978388],[1.70790055],[7.34476568]
[6.23284279],[1.6628565],[7.15391445]
[6.21725785],[1.61675736],[6.97089492]
[6.19851048],[1.57912848],[6.7917184]
[5.70668775],[1.54649019],[6.37856342]
[4.92349355],[1.51541226],[5.39412569]
[4.1428087],[1.48828908],[4.29473968]
[1.83962284],[0.9452348],[1.49241424]
[2.74524054],[1.01710374],[2.38488435]
[3.71478252],[1.25102796],[3.6593108]
[4.09311668],[1.42713783],[4.55638961]
[4.42710363],[1.51875622],[5.34570755]
[4.56708406],[1.58262592],[5.75063829]
[4.9164617],[1.67089908],[6.40508918]
[5.01102406],[1.70901919],[6.72078985]
[5.25019931],[1.74327982],[7.28535058]
[5.28540093],[1.77935386],[7.48917176]
[5.59688137],[1.79685469],[8.00504691]
[5.62593674],[1.81354521],[8.18461543]
[5.92673786],[1.82970978],[8.6517853]
[5.82956189],[1.85041055],[8.78505027]
[6.04539704],[1.90743891],[9.23105996]
[5.91024466],[1.94847439],[9.27275519]
[6.17417964],[1.99412653],[9.70931367]
[6.03261],[2.03358306],[9.80381191]
[6.28215987],[2.07453567],[10.13819136]
[6.12272571],[2.1070397],[10.23418474]
[6.39494602],[2.14492927],[10.52526098]
[6.22783166],[2.16798897],[10.60588292]
[6.43238616],[2.18061167],[10.78648875]
[6.26292469],[2.1935113],[10.79163103]
[6.45746997],[2.20386129],[10.92282931]
[6.31703444],[2.21181699],[10.91201222]
[6.5139143],[2.21760791],[10.98955198]
[6.38945226],[2.22145175],[10.99770617]
[6.56474274],[2.2269259],[11.05421747]
[6.4847154],[2.22489345],[11.05831971]
[6.58109933],[2.21965338],[11.02576571]
[6.53034322],[2.21129357],[10.931905]
[6.63008467],[2.19747792],[10.69871246]
[6.6690414],[2.18280413],[10.550375]
[6.76649042],[2.16679855],[10.34671258]
[6.82740431],[2.14692946],[10.1571089]
[6.8968232],[2.12532846],[9.92595197]
[6.98279186],[2.09890213],[9.69750098]
[7.00381497],[2.0719497],[9.45171681]
[6.89279946],[2.03254852],[9.14993141]
[6.71974105],[1.99556948],[8.86008483]
[6.61749573],[1.934337],[8.61273732]
[6.56183712],[1.88196809],[8.40851826]
[6.52086364],[1.84060127],[8.22977075]
[6.4844072],[1.80762723],[8.05474618]
[6.47033793],[1.77610958],[7.88069093]
[6.4479607],[1.7373774],[7.72565563]
[6.43096506],[1.70359064],[7.57818197]
[6.41757009],[1.67041882],[7.42805784]
[6.40044004],[1.63432204],[7.27117992]
[6.38218079],[1.59517064],[7.11614649]
[6.36226657],[1.56495998],[6.95506267]
[5.83362514],[1.53789267],[6.53795879]
[5.01299216],[1.51043897],[5.54460178]
[4.21943795],[1.48635737],[4.43190422]
[1.85678248],[0.94150194],[1.50919687]
[2.78307462],[1.0566212],[2.49199651]
[3.75010113],[1.29028766],[3.84996486]
[4.20564311],[1.46448622],[4.91942889]
[4.56156593],[1.55349929],[5.70767669]
[4.68864323],[1.62043537],[6.05852307]
[5.04672092],[1.7041064],[6.76070251]
[5.1241616],[1.7384938],[7.02740967]
[5.35751949],[1.7713308],[7.60354192]
[5.41101208],[1.80317344],[7.76625162]
[5.70696778],[1.8208983],[8.30888059]
[5.76105112],[1.83710231],[8.50942532]
[6.03216001],[1.86238149],[9.04439254]
[5.91477026],[1.90763538],[9.15622245]
[6.15973056],[1.96008955],[9.64084237]
[6.01173893],[1.99818577],[9.69359479]
[6.28704805],[2.04026676],[10.1594106]
[6.12914142],[2.07765736],[10.22646236]
[6.3779953],[2.11820909],[10.55245532]
[6.21849163],[2.14968979],[10.65303665]
[6.47573194],[2.1838552],[10.94233878]
[6.32903464],[2.20907215],[11.04872655]
[6.53901579],[2.23029784],[11.28893504]
[6.39320566],[2.24325819],[11.31220184]
[6.60923915],[2.25297076],[11.50734611]
[6.47464545],[2.26236028],[11.54049726]
[6.77990907],[2.26901092],[11.70061694]
[6.82724651],[2.27327509],[11.74510108]
[7.12137819],[2.27689215],[11.87851017]
[7.21115935],[2.27554958],[11.8889682]
[7.28977546],[2.26714494],[11.90021236]
[7.35719203],[2.26563479],[11.75415766]
[7.37683875],[2.25018953],[11.51147232]
[7.47333279],[2.2345477],[11.39357122]
[7.52462099],[2.21338898],[11.15103011]
[7.602682],[2.18792319],[10.9794214]
[7.677554],[2.15748164],[10.71576649]
[7.72911101],[2.12945694],[10.46851819]
[7.82499452],[2.09856321],[10.20434339]
[7.82890336],[2.05621744],[9.89233679]
[7.72521928],[1.99231845],[9.51804224]
[7.54885949],[1.93479146],[9.19733394]
[7.36832005],[1.89392579],[8.92771494]
[7.20152856],[1.85233237],[8.6796102]
[7.05180385],[1.82160257],[8.46196958]
[6.98342134],[1.79378385],[8.27343554]
[6.91826789],[1.75838359],[8.09926589]
[6.85214855],[1.72520981],[7.92495623]
[6.78549879],[1.69191219],[7.76287439]
[6.7038187],[1.65910383],[7.5861766]
[6.60736651],[1.62130802],[7.40027055]
[6.50802584],[1.59105687],[7.23639747]
[5.96107715],[1.56419857],[6.81471667]
[5.12527298],[1.53629749],[5.79032985]
[4.30142989],[1.51226512],[4.6390761]
[1.88992914],[0.96059887],[1.56154947]
[2.83600785],[1.11046123],[2.6129897]
[3.79574415],[1.32754194],[4.19519213]
[4.35848592],[1.49619103],[5.23948391]
[4.71037035],[1.58182643],[6.02987045]
[4.81430109],[1.65223307],[6.3796059]
[5.18393999],[1.72762819],[7.10153604]
[5.25966015],[1.76330332],[7.34653167]
[5.49682223],[1.79556598],[7.93908091]
[5.54565029],[1.82591677],[8.10841436]
[5.82275682],[1.8439233],[8.67986459]
[5.91925807],[1.8813997],[8.95908881]
[6.1315751],[1.93464883],[9.49710741]
[6.05899202],[1.97538764],[9.64872844]
[6.26517611],[2.02158113],[10.15352526]
[6.13657092],[2.05572983],[10.21395713]
[6.39509468],[2.09608615],[10.70820439]
[6.23988885],[2.13162144],[10.72112703]
[6.49833583],[2.16903999],[11.16062681]
[6.33606353],[2.20522388],[11.21533981]
[6.63384452],[2.24599489],[11.62949661]
[6.49662439],[2.26892029],[11.68957823]
[6.75012287],[2.28635593],[12.0291667]
[6.64831526],[2.29916289],[12.06944063]
[7.01434024],[2.31265648],[12.41447701]
[7.03493181],[2.32214555],[12.46316298]
[7.36616494],[2.32901152],[12.73004192]
[7.44488978],[2.33471804],[12.88725155]
[7.78662585],[2.33675092],[13.07533891]
[7.86619568],[2.32787104],[13.11133126]
[8.04076933],[2.31398517],[13.10411722]
[8.0157278],[2.31786288],[12.89686484]
[8.10031071],[2.30260025],[12.68271255]
[8.11904978],[2.28332013],[12.5336448]
[8.19039342],[2.25723155],[12.30487641]
[8.21320299],[2.23215163],[12.0666583]
[8.27070586],[2.20167621],[11.82442391]
[8.31143462],[2.17207359],[11.56469271]
[8.35609368],[2.13870752],[11.28407276]
[8.39279309],[2.09586664],[10.93042758]
[8.35589073],[2.03253728],[10.54394174]
[8.26578238],[1.98099177],[10.17580574]
[8.13602483],[1.93584454],[9.8209944]
[8.01830977],[1.88708726],[9.49064913]
[7.85287596],[1.8472902],[9.17331325]
[7.67605354],[1.81425576],[8.86135115]
[7.49597953],[1.7811821],[8.60122682]
[7.33211493],[1.74980228],[8.35596582]
[7.17163445],[1.71903793],[8.14724191]
[7.08017407],[1.68820503],[7.95720666]
[6.9929695],[1.65077113],[7.76278452]
[6.89721937],[1.62008781],[7.55779362]
[6.29078611],[1.59395597],[7.09616367]
[5.23535637],[1.56618999],[6.03391152]
[4.39654718],[1.54023987],[4.83822675]
[1.9129412],[0.97685827],[1.59929683]
[2.87416965],[1.14613683],[2.69974654]
[3.83632398],[1.35616299],[4.37617741]
[4.39012742],[1.5199573],[5.46839185]
[4.86396909],[1.60530521],[6.28545369]
[4.93698438],[1.67876771],[6.64188669]
[5.31760818],[1.74494422],[7.34605618]
[5.39202941],[1.78386105],[7.60645653]
[5.62517301],[1.81340162],[8.1667397]
[5.67951775],[1.84437449],[8.4009464]
[5.91135561],[1.88033284],[8.99611803]
[6.03832523],[1.92868736],[9.28440364]
[6.20804957],[1.98084071],[9.82468618]
[6.16252781],[2.018611],[10.0403347]
[6.33711271],[2.0645162],[10.54228427]
[6.23794603],[2.09852149],[10.60276561]
[6.47444671],[2.14283396],[11.1372299]
[6.35188836],[2.18679887],[11.22249763]
[6.5982601],[2.23076578],[11.71670835]
[6.46740397],[2.26510556],[11.77450947]
[6.79030774],[2.3017515],[12.27126749]
[6.78680499],[2.32302281],[12.42809114]
[7.18213791],[2.34721845],[12.95884297]
[7.21756602],[2.36583203],[13.10029708]
[7.5670675],[2.37985302],[13.54896236]
[7.62145431],[2.386222],[13.79665799]
[7.98862058],[2.39066119],[14.06260728]
[7.98968697],[2.39385476],[14.20686363]
[8.37381722],[2.39076001],[14.46674083]
[8.43538052],[2.38094732],[14.49782192]
[8.61474825],[2.36747791],[14.55482087]
[8.60522008],[2.37248134],[14.27133044]
[8.60855637],[2.35857698],[14.03622009]
[8.67906732],[2.33683305],[13.84967285]
[8.68739756],[2.31076398],[13.6293183]
[8.76113328],[2.28893927],[13.34927785]
[8.74947713],[2.26642051],[13.09545362]
[8.83894599],[2.23728413],[12.82837809]
[8.8295963],[2.20594525],[12.5272324]
[8.89895172],[2.14032422],[12.17671102]
[8.87408631],[2.08517332],[11.72373832]
[8.82129837],[2.03451941],[11.28394932]
[8.68683535],[1.98944677],[10.86656252]
[8.55403904],[1.9397705],[10.47149632]
[8.42970574],[1.89899275],[10.11499996]
[8.31581828],[1.86166765],[9.77547306]
[8.18185031],[1.81910496],[9.4410122]
[8.05176018],[1.78038227],[9.11780017]
[7.87477083],[1.74389066],[8.80254305]
[7.67528827],[1.71416111],[8.48041122]
[7.49616585],[1.67720312],[8.20027391]
[7.31712354],[1.64243531],[7.91149605]
[6.66554273],[1.61561703],[7.38712043]
[5.7095885],[1.58969603],[6.251103]
[4.54279416],[1.56586951],[5.01290999]
[1.88385891],[0.99000918],[1.59973545]
[2.82709912],[1.17503551],[2.73867617]
[3.77026961],[1.38255857],[4.40884271]
[4.3626485],[1.54232282],[5.62047929]
[4.91844916],[1.62999201],[6.4601016]
[4.99972865],[1.70188482],[6.83949179]
[5.35230491],[1.76108791],[7.51212472]
[5.44805366],[1.80165608],[7.80029729]
[5.65747249],[1.8285044],[8.30771652]
[5.76980339],[1.85962879],[8.65507639]
[5.97261706],[1.92230373],[9.19999079]
[6.15493016],[1.96999538],[9.57928225]
[6.27433824],[2.02398372],[10.10796853]
[6.29078798],[2.06499408],[10.36383504]
[6.41246664],[2.1207029],[10.90191543]
[6.37002249],[2.16238318],[11.05630642]
[6.55488491],[2.20848002],[11.59742297]
[6.47639442],[2.24808883],[11.73920101]
[6.74737912],[2.28813395],[12.25444892]
[6.66646402],[2.3158087],[12.39768103]
[7.20136183],[2.34449968],[13.0731234]
[7.39155789],[2.36755407],[13.36672436]
[7.75854549],[2.39113387],[13.86251193]
[7.78514034],[2.40283952],[14.08747449]
[8.18341185],[2.41246559],[14.50077254]
[8.17013307],[2.419825],[14.68674918]
[8.54082141],[2.41800909],[15.08079233]
[8.5245664],[2.40964479],[15.15934267]
[8.83460187],[2.39409104],[15.49113472]
[8.95443487],[2.39154117],[15.39817675]
[9.11338728],[2.40554842],[15.27872638]
[9.12767176],[2.39595337],[15.10326114]
[9.11454864],[2.41342482],[14.87996226]
[9.16137508],[2.38739486],[14.59692755]
[9.18308874],[2.35835168],[14.32557519]
[9.21755089],[2.32614769],[14.09550879]
[9.24566269],[2.29174737],[13.83137189]
[9.28182384],[2.21700012],[13.61804233]
[9.34089511],[2.14323627],[13.32292145]
[9.34324802],[2.07383004],[12.99413732]
[9.37450663],[2.02436877],[12.60057474]
[9.31705714],[1.98446129],[12.21277128]
[9.22744442],[1.94816828],[11.79411825]
[9.10301318],[1.90855734],[11.38823774]
[8.97351639],[1.87506324],[10.96764624]
[8.84816771],[1.84371839],[10.57171492]
[8.70008436],[1.80735379],[10.20800485]
[8.56812153],[1.77324657],[9.85373823]
[8.42534243],[1.73516254],[9.50567428]
[8.27039376],[1.70192612],[9.15913503]
[8.13107185],[1.66138124],[8.83417724]
[7.97837022],[1.62638752],[8.49857414]
[7.25208395],[1.59992479],[7.80955298]
[6.33423833],[1.57722565],[6.56678043]
[5.18894772],[1.55660662],[5.18053132]
[1.88957355],[1.00234163],[1.62007233]
[2.83854071],[1.20724105],[2.80463946]
[3.78434912],[1.40885748],[4.52479076]
[4.42450408],[1.56381223],[5.76052346]
[4.98929113],[1.65978745],[6.6504005]
[5.05130295],[1.72952647],[7.01023762]
[5.40191878],[1.77878668],[7.67756864]
[5.49152866],[1.82023733],[7.96636131]
[5.72571409],[1.84506598],[8.50786859]
[5.84339209],[1.88450614],[8.87197369]
[6.04629823],[1.96626736],[9.49230847]
[6.2058888],[2.02863173],[9.89354346]
[6.36169752],[2.09442001],[10.55998026]
[6.35142065],[2.13790815],[10.83469212]
[6.50152896],[2.18698707],[11.4282303]
[6.45174887],[2.22417979],[11.62534792]
[6.6941128],[2.26606429],[12.19634686]
[6.63745993],[2.30443072],[12.3714441]
[7.05242397],[2.34168554],[13.04269335]
[7.18933878],[2.36678835],[13.34825174]
[7.65679029],[2.39644911],[13.95263239]
[7.84800028],[2.41786029],[14.37526476]
[8.36483379],[2.43661145],[14.95805652]
[8.31927333],[2.44961378],[15.18346871]
[8.66476061],[2.45892106],[15.7002837]
[8.67275361],[2.46292655],[15.9136221]
[8.96384164],[2.45693447],[16.42223899]
[8.98857678],[2.45179957],[16.60179439]
[9.25727191],[2.46134104],[16.97459099]
[9.33870021],[2.47088151],[16.90086727]
[9.54921304],[2.50521135],[16.83883275]
[9.55530704],[2.52401502],[16.71804628]
[9.601761],[2.53550657],[16.46906811]
[9.58939584],[2.51483398],[16.20534762]
[9.66784203],[2.48633462],[15.96314242]
[9.6528442],[2.45511954],[15.74760236]
[9.72974881],[2.42328843],[15.49360925]
[9.72299953],[2.34639278],[15.20863215]
[9.80975343],[2.26332143],[14.91713963]
[9.80007749],[2.18535745],[14.5641496]
[9.84598097],[2.10637226],[14.17895874]
[9.8060426],[2.04255508],[13.70474038]
[9.76324144],[1.99381716],[13.24053546]
[9.63708797],[1.94612056],[12.76747916]
[9.50429474],[1.91309021],[12.31686123]
[9.37371558],[1.87873341],[11.8811078]
[9.21950279],[1.8449343],[11.46927871]
[9.08108466],[1.81297402],[11.05969584]
[8.9371191],[1.78041874],[10.63330944]
[8.77954946],[1.74760554],[10.20704303]
[8.63398983],[1.70867105],[9.8257273]
[8.49081766],[1.67458],[9.45747873]
[7.81977346],[1.64504415],[8.73451053]
[6.93706455],[1.6141358],[7.37649471]
[6.03399553],[1.58680273],[5.86430787]
[1.90854868],[1.0125436],[1.64910448]
[2.87674734],[1.22656172],[2.85731911]
[3.83278527],[1.42557868],[4.64043368]
[4.49230027],[1.57992168],[5.87792235]
[5.06662995],[1.6724995],[6.77175815]
[5.11979764],[1.74909656],[7.15049623]
[5.45714874],[1.7930319],[7.79446135]
[5.55006071],[1.83550308],[8.11444983]
[5.78161291],[1.86139073],[8.72357478]
[5.88135095],[1.96374107],[9.21486618]
[6.06850855],[2.0478469],[9.88953111]
[6.2640496],[2.10722365],[10.49265867]
[6.39683933],[2.16900133],[11.08592644]
[6.4358995],[2.20637559],[11.49692624]
[6.59158856],[2.24961205],[12.01174303]
[6.59498734],[2.28449045],[12.2951295]
[6.81338336],[2.32616451],[12.83674241]
[6.85020401],[2.36211984],[13.20801862]
[7.33296765],[2.39302709],[13.82964722]
[7.54493963],[2.42034607],[14.2639162]
[8.00310417],[2.44926025],[14.89965963]
[8.17504463],[2.46633919],[15.34389741]
[8.62781268],[2.48180511],[15.98157831]
[8.67677911],[2.49250736],[16.24568999]
[8.96231964],[2.51036296],[16.93985322]
[8.99559205],[2.52342848],[17.28036723]
[9.26590704],[2.52833696],[17.83033855]
[9.26521581],[2.54431894],[18.1301645]
[9.57100999],[2.57582592],[18.63547521]
[9.62751859],[2.60003125],[18.77208789]
[9.87381877],[2.62563527],[18.70485315]
[9.87470379],[2.63703929],[18.56175811]
[9.92799069],[2.64886079],[18.34997459]
[9.93881611],[2.62967382],[18.05064949]
[9.99656356],[2.60136075],[17.82525774]
[10.0192761],[2.57029838],[17.56803052]
[10.0716981],[2.53823653],[17.35186081]
[10.10993971],[2.48870919],[17.04858168]
[10.16599332],[2.39565124],[16.74935599]
[10.20796537],[2.31762619],[16.36844385]
[10.22659015],[2.24027751],[15.99550507]
[10.22049356],[2.17114158],[15.49665818]
[10.1589223],[2.09944708],[14.89852071]
[10.09025536],[2.04516904],[14.38636107]
[9.94341379],[1.99125853],[13.88874155]
[9.80753156],[1.94545686],[13.39944189]
[9.63650251],[1.90650899],[12.90396134]
[9.48478666],[1.86878705],[12.4351199]
[9.33636337],[1.83026277],[11.98028465]
[9.17713495],[1.7982684],[11.53252139]
[9.03001917],[1.76259118],[11.08949077]
[8.88514681],[1.72641682],[10.65297369]
[8.18752469],[1.69882914],[9.7992806]
[7.30501852],[1.6700855],[8.33290611]
[6.42243634],[1.64274379],[6.75684835]
[1.9365885],[1.02090002],[1.67887965]
[2.92342278],[1.24312121],[2.91293189]
[3.88763903],[1.43725877],[4.73658195]
[4.50935515],[1.58875931],[5.94643459]
[5.13814884],[1.67603014],[6.85266209]
[5.17535165],[1.75449628],[7.22471752]
[5.50685201],[1.79963793],[7.86149976]
[5.59637518],[1.84786501],[8.22745821]
[5.82764036],[1.90812298],[8.90198167]
[5.91132084],[2.00726515],[9.45423058]
[6.09073694],[2.09103218],[10.16756349]
[6.32955175],[2.14890123],[10.8662674]
[6.47798277],[2.20824054],[11.43155516]
[6.55509817],[2.24483774],[11.9127049]
[6.69552867],[2.29122651],[12.41941902]
[6.71834769],[2.32661361],[12.75784695]
[6.93841694],[2.36738543],[13.35288733]
[7.17908451],[2.40120585],[13.87216632]
[7.597494],[2.43550147],[14.48039672]
[7.84239919],[2.45888898],[14.9751996]
[8.30612674],[2.4845635],[15.63163952]
[8.46298604],[2.49984662],[16.09407487]
[8.84593802],[2.5191819],[16.76074437]
[8.9838187],[2.55352898],[17.22848343]
[9.20872811],[2.57767195],[17.9655289]
[9.23941598],[2.61075264],[18.45301285]
[9.52200705],[2.64067704],[19.14062726]
[9.50570323],[2.66927909],[19.53476612]
[9.8375756],[2.69728045],[20.13382515]
[9.87991236],[2.71678514],[20.43144939]
[10.11270139],[2.73773502],[20.44420994]
[10.15707666],[2.738631],[20.30915709]
[10.20559155],[2.74985455],[20.11722687]
[10.25122415],[2.73595118],[19.79125007]
[10.28658479],[2.70938111],[19.53468979]
[10.34692783],[2.68038009],[19.23234383]
[10.37784928],[2.650261],[18.96234779]
[10.45936266],[2.60875355],[18.64098097]
[10.48400369],[2.5307782],[18.32385525]
[10.56264842],[2.43439764],[17.87239868]
[10.55548437],[2.35878911],[17.47521731]
[10.56538664],[2.29254837],[17.00540704]
[10.49402084],[2.22678803],[16.4182357]
[10.4639943],[2.16760402],[15.87143614]
[10.31041346],[2.11543669],[15.28460619]
[10.14941644],[2.06526873],[14.72939849]
[9.97478558],[2.0213114],[14.19539455]
[9.80994315],[1.97841838],[13.67786518]
[9.65211508],[1.92013361],[13.16141767]
[9.48878574],[1.8657863],[12.63418605]
[9.34131708],[1.81708213],[12.12509076]
[9.19440877],[1.7780083],[11.66159227]
[8.45740034],[1.74765607],[10.69381201]
[7.57524083],[1.7209873],[9.15140885]
[6.69409338],[1.69641518],[7.46295861]
[1.89638264],[1.02681464],[1.66166935]
[2.86569544],[1.25319956],[2.90669661]
[3.81319739],[1.44898672],[4.7103206]
[4.51786702],[1.59720682],[5.95513174]
[5.10836605],[1.68051249],[6.84974046]
[5.14025479],[1.76201226],[7.24875356]
[5.45205336],[1.81168379],[7.88713482]
[5.56799699],[1.86064587],[8.32199671]
[5.78474031],[1.9508878],[9.05993011]
[5.94791241],[2.04412538],[9.68863248]
[6.14967261],[2.12486615],[10.42913807]
[6.40632955],[2.182618],[11.14151285]
[6.57923491],[2.24572675],[11.70030236]
[6.67090699],[2.28308493],[12.22468647]
[6.80421391],[2.32734733],[12.75108449]
[6.84900702],[2.36030242],[13.15299798]
[7.19625106],[2.39510044],[13.80700302]
[7.50504712],[2.42553886],[14.38353051]
[7.87558036],[2.45336082],[15.00272547]
[8.12847417],[2.47598412],[15.51017059]
[8.55513607],[2.49464233],[16.18379892]
[8.73381146],[2.50811322],[16.6509818]
[9.05853761],[2.54532805],[17.37553877]
[9.20930957],[2.57863086],[17.9355496]
[9.45677349],[2.63275546],[18.67271307]
[9.4878355],[2.67090624],[19.25944889]
[9.76658685],[2.69536619],[19.89967219]
[9.75514219],[2.71811805],[20.33070881]
[10.07125807],[2.74142578],[20.76777913]
[10.14608684],[2.75213629],[20.88713414]
[10.34173233],[2.76709303],[20.9783365]
[10.45497742],[2.77009802],[20.85220901]
[10.48691217],[2.77166002],[20.57720368]
[10.56968001],[2.75379813],[20.2988069]
[10.5776766],[2.72533767],[20.06493549]
[10.67111132],[2.69421599],[19.80868212]
[10.69871504],[2.65352607],[19.50498718]
[10.78028323],[2.56617735],[19.2277943]
[10.83363384],[2.48090702],[18.92724304]
[10.8880571],[2.4077325],[18.61931965]
[10.93027525],[2.3445328],[18.24962139]
[10.90798975],[2.2870571],[17.81651355]
[10.87770893],[2.23043426],[17.24516193]
[10.82461926],[2.17788964],[16.69890651]
[10.71404066],[2.1271616],[16.15657195]
[10.51679713],[2.08606054],[15.60433551]
[10.33054185],[2.05240249],[15.06434908]
[10.16520932],[2.01583307],[14.54191646]
[9.99774127],[1.97009975],[14.05032038]
[9.8173241],[1.91399995],[13.55046291]
[9.66415596],[1.85357944],[13.08390195]
[9.51661346],[1.80259448],[12.62905586]
[8.73926137],[1.76156021],[11.56910448]
[7.87880932],[1.73505765],[9.99863267]
[7.01819297],[1.71131968],[8.30783038]
[1.90209062],[1.03433413],[1.66670762]
[2.88311894],[1.26452051],[2.95323979]
[3.83354108],[1.45491023],[4.74926426]
[4.51397225],[1.61007467],[6.0024636]
[5.14069855],[1.69814844],[6.93097039]
[5.15448443],[1.77791994],[7.32989098]
[5.47615174],[1.82511251],[7.98697418]
[5.58118168],[1.87223191],[8.49445592]
[5.79342139],[1.98796109],[9.30528785]
[6.02275051],[2.07807335],[9.98837693]
[6.23081581],[2.16108418],[10.75142862]
[6.47811361],[2.220606],[11.45418568]
[6.68155532],[2.28304264],[12.05241121]
[6.75467716],[2.31867514],[12.56310294]
[6.91529484],[2.36069866],[13.17337958]
[7.07881357],[2.39125677],[13.64302127]
[7.46626173],[2.424031],[14.34528495]
[7.78118922],[2.45022517],[14.96616065]
[8.17333797],[2.47835375],[15.61923231]
[8.382468],[2.49817951],[16.11304359]
[8.7683653],[2.51513183],[16.79069481]
[8.9678899],[2.54362148],[17.32812907]
[9.26630408],[2.58391986],[18.13429911]
[9.39615598],[2.65879204],[18.78461636]
[9.69566731],[2.71098883],[19.61809164]
[9.69409297],[2.73926819],[20.23423274]
[9.99382173],[2.75862176],[20.92931178]
[9.99174539],[2.779053],[21.39789024]
[10.29245799],[2.7982876],[21.96749709]
[10.399297],[2.80471044],[22.11807295]
[10.56729008],[2.81852462],[22.21246962]
[10.73384596],[2.82269644],[22.13041301]
[10.79661726],[2.82390578],[21.83504978]
[10.86914316],[2.80139603],[21.4927054]
[10.91940507],[2.77528407],[21.21135944]
[10.97085228],[2.74495475],[20.97481699]
[11.0416466],[2.7140777],[20.70845307]
[11.08450693],[2.64412415],[20.4500963]
[11.17942495],[2.56017849],[20.14701132]
[11.18903094],[2.48473739],[19.84572568]
[11.29237092],[2.41473013],[19.49496897]
[11.2280216],[2.36174192],[19.1251583]
[11.23951134],[2.30941331],[18.61170335]
[11.16221534],[2.26212027],[18.05337871]
[11.11319513],[2.2149244],[17.50203907]
[10.96236459],[2.16955328],[16.96736303]
[10.75336791],[2.13191501],[16.43064066]
[10.5688723],[2.09723361],[15.92784356]
[10.38891284],[2.05720628],[15.4379388]
[10.21331254],[2.00698837],[14.92157952]
[10.06414287],[1.95468238],[14.41921732]
[9.92672696],[1.89449291],[13.93913171]
[9.1500607],[1.83162424],[12.78300142]
[8.29399962],[1.78310631],[11.15742904]
[7.42866214],[1.7483745],[9.4051744]
[1.93253307],[1.03483785],[1.68613699]
[2.93535878],[1.27583166],[3.01660501]
[3.88531778],[1.4668424],[4.84321175]
[4.528224],[1.62775801],[6.0945223]
[5.20657027],[1.72056425],[7.06931756]
[5.19053332],[1.79528966],[7.45843464]
[5.52463654],[1.83825603],[8.15077199]
[5.60971631],[1.92809744],[8.80062084]
[5.83847754],[2.04404308],[9.68112426]
[6.08768841],[2.1294894],[10.41278354]
[6.30244031],[2.20832116],[11.17345661]
[6.538171],[2.26468897],[11.84311315]
[6.76548686],[2.32449326],[12.48216427]
[6.8455415],[2.35772211],[13.01904234]
[7.0562773],[2.39639452],[13.69979528]
[7.3207713],[2.42269258],[14.2485649]
[7.67149344],[2.4540865],[14.95616733]
[8.01194065],[2.47938136],[15.60023687]
[8.4149406],[2.50470016],[16.27916512]
[8.61567269],[2.52246254],[16.77749572]
[8.94689096],[2.54679972],[17.50576443]
[9.19086373],[2.58272847],[18.20700341]
[9.47304736],[2.66523959],[19.02970078]
[9.62072985],[2.73532034],[19.80469012]
[9.94323373],[2.78077289],[20.66888715]
[9.95986207],[2.80028525],[21.33430558]
[10.22413589],[2.81619621],[22.09581057]
[10.2731448],[2.83325117],[22.62606856]
[10.52699025],[2.84963673],[23.30016534]
[10.68941951],[2.85683479],[23.48417451]
[10.83377509],[2.86800986],[23.53225009]
[11.00979754],[2.87368663],[23.56680199]
[11.14731897],[2.87890346],[23.32053781]
[11.18488228],[2.86296589],[23.02964344]
[11.27543579],[2.84162898],[22.70790136]
[11.2878748],[2.81510197],[22.45566753]
[11.39120561],[2.7860094],[22.21047582]
[11.40696583],[2.74610644],[21.97960617]
[11.51706455],[2.66528843],[21.70729057]
[11.53497442],[2.58767855],[21.41864382]
[11.60528072],[2.51424323],[21.10649167]
[11.60289439],[2.45174694],[20.72570208]
[11.61276278],[2.39800169],[20.27884754]
[11.58884332],[2.35144566],[19.74613674]
[11.56272578],[2.30461654],[19.19883595]
[11.50425619],[2.26005758],[18.62121581]
[11.34122525],[2.21869152],[18.0434755]
[11.17158267],[2.17517062],[17.48644678]
[10.98604501],[2.13572978],[16.94334661]
[10.77687632],[2.08860025],[16.40274557]
[10.57745978],[2.04099606],[15.89196383]
[10.39850224],[1.98768797],[15.38438689]
[9.53274093],[1.92358542],[14.07018903]
[8.67682701],[1.86671574],[12.33086139]
[7.81213225],[1.80743948],[10.51600768]
[1.96781348],[1.03439113],[1.70792183]
[2.99268972],[1.28569302],[3.09171789]
[3.92272616],[1.47995058],[4.92478832]
[4.54241024],[1.64108371],[6.17833644]
[5.24949271],[1.73186366],[7.18433694]
[5.23823185],[1.80420489],[7.57967464]
[5.57928986],[1.8463121],[8.30375849]
[5.65570016],[1.9633553],[9.03626116]
[5.92180258],[2.08211551],[9.95735585]
[6.15227464],[2.16920068],[10.72828259]
[6.37290139],[2.24395409],[11.50973815]
[6.59980122],[2.30083139],[12.17638935]
[6.84790922],[2.36083169],[12.88304012]
[6.93089047],[2.39242328],[13.43847457]
[7.22590967],[2.4279084],[14.1936764]
[7.55153406],[2.45451073],[14.86486584]
[7.88126695],[2.48380886],[15.54177784]
[8.21059388],[2.50775017],[16.17662193]
[8.57740267],[2.53114683],[16.88266036]
[8.80083438],[2.55682974],[17.45474944]
[9.08794307],[2.59688594],[18.27264542]
[9.34554655],[2.67911375],[19.0946654]
[9.62497713],[2.76811198],[20.03377858]
[9.79320087],[2.82201831],[20.8844218]
[10.10183766],[2.86045229],[21.8046337]
[10.19078561],[2.8779135],[22.52642701]
[10.42277459],[2.89275543],[23.37186626]
[10.51739436],[2.90218232],[23.89993515]
[10.74519758],[2.91779666],[24.5799648]
[10.93419246],[2.9285679],[25.00118225]
[11.1245822],[2.93336893],[25.17443216]
[11.28174248],[2.94005745],[25.28973705]
[11.47206597],[2.94896926],[25.17932773]
[11.50648767],[2.9352555],[24.90560455]
[11.60942569],[2.91684705],[24.62048652]
[11.66360875],[2.89248554],[24.34583784]
[11.75560289],[2.86462892],[24.15012465]
[11.84079422],[2.82952133],[23.94088895]
[11.92160639],[2.78757991],[23.72177691]
[12.01092909],[2.71206453],[23.42688136]
[12.04237803],[2.63176894],[23.16033214]
[12.10339035],[2.56459376],[22.77030859]
[12.0545924],[2.50105495],[22.26721237]
[12.09915427],[2.44728758],[21.70153561]
[12.04301712],[2.40071634],[21.10745201]
[12.03147923],[2.35622982],[20.48143798]
[11.92236283],[2.31575215],[19.84332602]
[11.75721325],[2.27265367],[19.22847059]
[11.58866899],[2.22772217],[18.65690734]
[11.39811732],[2.17935543],[18.06810654]
[11.21084488],[2.13546908],[17.49703441]
[10.96386935],[2.08617021],[16.92316335]
[10.01334669],[2.02856896],[15.47676105]
[9.08344233],[1.97179096],[13.67235124]
[8.19651301],[1.91665511],[11.7962672]
[1.9126705],[1.02859308],[1.66661331]
[2.9120202],[1.30439722],[3.10982346]
[3.85917212],[1.4968061],[4.93417521]
[4.55866191],[1.65525363],[6.22327081]
[5.19990435],[1.74409594],[7.23073083]
[5.20811462],[1.81266586],[7.65263263]
[5.54378935],[1.85646972],[8.41725927]
[5.68793482],[1.99943891],[9.23459736]
[5.93753912],[2.11699778],[10.16073692]
[6.21756905],[2.19984434],[10.9550061]
[6.44212994],[2.27306099],[11.71521062]
[6.66280561],[2.33022783],[12.39300864]
[6.92954734],[2.38883094],[13.16110616]
[7.09932724],[2.41887824],[13.77975463]
[7.40171692],[2.45426893],[14.54629758]
[7.76079275],[2.47303931],[15.27654741]
[8.09288001],[2.49821978],[15.96516602]
[8.41184542],[2.5211095],[16.61806282]
[8.72374859],[2.54759907],[17.33806041]
[8.97140461],[2.58416401],[18.06132036]
[9.22498501],[2.67187613],[18.95840447]
[9.48882022],[2.76382739],[19.94382532]
[9.7770069],[2.84530448],[20.94377233]
[9.95431124],[2.89069608],[21.83542946]
[10.25104383],[2.91389992],[22.76117925]
[10.40148352],[2.92636987],[23.51775159]
[10.60322766],[2.9302342],[24.30789012]
[10.74374524],[2.94421476],[24.83547472]
[10.99129183],[2.95417901],[25.35778517]
[11.17301532],[2.9622117],[25.77546043]
[11.40963759],[2.97277654],[26.05813157]
[11.55502504],[2.97383631],[26.19511478]
[11.76598894],[2.97577752],[26.153023]
[11.90105363],[2.96364856],[25.97799951]
[11.97589552],[2.94024261],[25.80117891]
[12.1015392],[2.9102683],[25.63739147]
[12.15220775],[2.87702665],[25.52062093]
[12.29651136],[2.84035214],[25.37975879]
[12.36482344],[2.76482231],[25.20907738]
[12.47572601],[2.69604345],[25.01194353]
[12.54345849],[2.63040525],[24.77183183]
[12.56656495],[2.5738373],[24.46816892]
[12.55135634],[2.51939906],[23.98396038]
[12.55102366],[2.47266612],[23.46024994]
[12.54493565],[2.4265153],[22.85027262]
[12.51406541],[2.38525311],[22.17823161]
[12.46736478],[2.34784904],[21.48785032]
[12.33877476],[2.30874407],[20.80568173]
[12.17549735],[2.26994875],[20.14571501]
[11.98979517],[2.22138309],[19.50408012]
[11.80939495],[2.17335246],[18.90384057]
[11.5258752],[2.11977706],[18.24774692]
[10.5837188],[2.07097766],[16.73383432]
[9.65025818],[2.0217696],[14.90548097]
[8.71224775],[1.97202124],[12.9311084]
[1.92189491],[1.0298973],[1.66509609]
[2.93608972],[1.31942048],[3.18111818]
[3.87024162],[1.51135896],[5.00308126]
[4.55659961],[1.66652845],[6.29856456]
[5.22774069],[1.7607886],[7.34716507]
[5.26141242],[1.82365313],[7.77548376]
[5.5920967],[1.86465085],[8.59738196]
[5.75226709],[2.03471571],[9.47936464]
[5.99844205],[2.14951974],[10.40686536]
[6.28512584],[2.23231885],[11.20891535]
[6.51729815],[2.29859887],[11.97524569]
[6.72559794],[2.35677208],[12.64731778]
[7.04032408],[2.41302164],[13.51224848]
[7.28459831],[2.4481155],[14.17901385]
[7.59531638],[2.47907204],[14.98862054]
[7.94928375],[2.50037167],[15.74516872]
[8.31722402],[2.52515941],[16.49347344]
[8.58273329],[2.55394376],[17.18759692]
[8.86922364],[2.59855242],[18.068738]
[9.12752694],[2.68867729],[18.93256863]
[9.38141201],[2.78731221],[19.97221559]
[9.62483226],[2.86036519],[21.03596847]
[9.95310347],[2.92705781],[22.07986604]
[10.14395586],[2.96433824],[22.99629357]
[10.45953038],[2.98465764],[24.02781312]
[10.6646439],[2.99403981],[24.82252382]
[10.89533078],[2.99590136],[25.59568835]
[11.03484258],[3.00030516],[26.26083681]
[11.32289924],[3.00575419],[26.85191024]
[11.46885425],[3.02421599],[27.34972574]
[11.7097339],[3.04384164],[27.80281079]
[11.90632196],[3.05493231],[28.05534979]
[12.06218516],[3.06850297],[28.14417994]
[12.26879978],[3.06332804],[28.04165672]
[12.34014347],[3.03917569],[27.85905833]
[12.46584212],[3.00955732],[27.71704735]
[12.54490317],[2.97626735],[27.57024679]
[12.64119453],[2.93130471],[27.45520103]
[12.75448373],[2.86106274],[27.26931246]
[12.82296915],[2.78123249],[27.08996851]
[12.95272567],[2.70609133],[26.84257998]
[12.93676598],[2.64880455],[26.57120799]
[12.9865023],[2.59417877],[26.14103325]
[12.94884075],[2.54516026],[25.57882638]
[12.9929244],[2.49965148],[24.96865745]
[12.95274306],[2.45659807],[24.26962025]
[12.93263359],[2.41651065],[23.54980916]
[12.90631057],[2.38052444],[22.83035118]
[12.75181874],[2.33933137],[22.09616646]
[12.56836739],[2.29474776],[21.32899495]
[12.39564551],[2.24892681],[20.62321585]
[12.12391613],[2.19701239],[19.86976347]
[11.19382689],[2.14478549],[18.22966176]
[10.25749104],[2.09693086],[16.34593521]
[9.30655348],[2.048505],[14.35116384]
[1.96485419],[1.03420603],[1.69693136]
[2.99732591],[1.33599053],[3.28632967]
[3.89113779],[1.52883086],[5.09960288]
[4.57090918],[1.68060448],[6.41393133]
[5.29908718],[1.77852012],[7.51127703]
[5.34920234],[1.83696288],[7.96178387]
[5.66282959],[1.90313153],[8.87597286]
[5.81686568],[2.08776568],[9.83742313]
[6.08733969],[2.19680373],[10.77903399]
[6.35531086],[2.27806692],[11.57288857]
[6.5940291],[2.34062657],[12.36800075]
[6.80493462],[2.40591306],[13.10126877]
[7.16094278],[2.45405468],[14.00602046]
[7.47249436],[2.48433592],[14.72098763]
[7.80694032],[2.51290327],[15.60256887]
[8.17020163],[2.53400474],[16.39215122]
[8.55253034],[2.56915678],[17.25741562]
[8.80973892],[2.60587773],[18.07850955]
[9.05864634],[2.71623722],[19.10621062]
[9.33400963],[2.80263965],[20.12083809]
[9.60993375],[2.89113081],[21.23350933]
[9.84617546],[2.94700761],[22.33817961]
[10.17781191],[3.0021566],[23.42571815]
[10.41540356],[3.03438851],[24.38335803]
[10.71447259],[3.05091922],[25.39105417]
[10.95163552],[3.05797493],[26.24953009]
[11.2325955],[3.06033338],[27.09493978]
[11.34668934],[3.06663497],[27.86498177]
[11.6457974],[3.08756691],[28.61330325]
[11.81444789],[3.10576975],[29.23328168]
[12.02096844],[3.12739751],[29.73581976]
[12.24170515],[3.14653117],[30.22066427]
[12.40362942],[3.16715779],[30.39448806]
[12.5918137],[3.17023161],[30.36654971]
[12.72747555],[3.14436098],[30.17049062]
[12.80850364],[3.11568608],[30.02326088]
[12.93694882],[3.08581278],[29.87655607]
[12.9863931],[3.03729654],[29.75503596]
[13.12114632],[2.97694753],[29.59076198]
[13.19321351],[2.90474427],[29.3498269]
[13.30814037],[2.8203773],[29.10236345]
[13.34912927],[2.74919095],[28.76096556]
[13.36551262],[2.68212246],[28.36070777]
[13.36807012],[2.61544397],[27.76988312]
[13.37374425],[2.56646874],[27.19109858]
[13.38256037],[2.52377849],[26.5058872]
[13.35820021],[2.48534918],[25.78265072]
[13.35461358],[2.44987689],[25.01019759]
[13.2576405],[2.41006694],[24.18957587]
[13.08432695],[2.36424933],[23.38090655]
[12.91770509],[2.32179604],[22.62398524]
[12.61843103],[2.27181685],[21.73412811]
[11.70931521],[2.22033542],[19.93920684]
[10.80361208],[2.16902124],[17.91716101]
[9.88470511],[2.12091315],[15.82037487]
[2.02082844],[1.04125279],[1.74241447]
[3.04572026],[1.35170762],[3.46164887]
[3.91067883],[1.54363576],[5.18958823]
[4.5876511],[1.69561385],[6.53160609]
[5.33878269],[1.79219796],[7.67005746]
[5.43903761],[1.84987225],[8.1535724]
[5.73566511],[1.95756968],[9.21132213]
[5.90452965],[2.14245501],[10.22669773]
[6.18315654],[2.24578125],[11.21302956]
[6.45462476],[2.32525157],[11.98335435]
[6.70160794],[2.38668523],[12.82181128]
[6.89743025],[2.45487001],[13.60397123]
[7.35932994],[2.49347833],[14.57452656]
[7.74987138],[2.52135191],[15.3965765]
[8.12586052],[2.54721181],[16.30536252]
[8.46036659],[2.57097165],[17.1420737]
[8.76444228],[2.63002157],[18.13268093]
[9.05434117],[2.72401008],[19.14127695]
[9.27547426],[2.84261503],[20.23922432]
[9.55541865],[2.89743001],[21.35504725]
[9.84471648],[2.97930498],[22.47807527]
[10.08826693],[3.01937233],[23.56043427]
[10.40661296],[3.06740578],[24.69433055]
[10.69411806],[3.09543166],[25.69307866]
[10.99840999],[3.11120847],[26.66393683]
[11.2417958],[3.11868792],[27.70609804]
[11.55892393],[3.13277643],[28.65394266]
[11.68851063],[3.15075031],[29.51359597]
[11.94318857],[3.17404346],[30.49626967]
[12.16150841],[3.19515615],[31.20184884]
[12.31991547],[3.21970022],[31.86682436]
[12.55981657],[3.26639805],[32.48218008]
[12.750867],[3.31722808],[32.91482167]
[12.9179445],[3.35457325],[33.11627446]
[13.0968157],[3.32297324],[32.97129517]
[13.1735988],[3.28656245],[32.69542843]
[13.28401737],[3.24951276],[32.4591988]
[13.37676423],[3.19945757],[32.18947462]
[13.48016627],[3.08401516],[31.96794018]
[13.61550219],[3.02415325],[31.67800083]
[13.69786783],[2.93293982],[31.38991144]
[13.7997474],[2.85601345],[31.06738595]
[13.78320484],[2.78484591],[30.69691988]
[13.84879817],[2.72193124],[30.21603069]
[13.83667531],[2.66054696],[29.62125163]
[13.89001644],[2.6056856],[28.94034134]
[13.8565863],[2.5579699],[28.16508393]
[13.85312824],[2.51821065],[27.40225393]
[13.84332131],[2.48005625],[26.58106294]
[13.63304363],[2.43690904],[25.69320364]
[13.4528547],[2.39422412],[24.8569991]
[13.09725579],[2.34842874],[23.83816115]
[12.16974429],[2.29989521],[21.88670911]
[11.2523725],[2.25043666],[19.7642791]
[10.34417402],[2.20264817],[17.55090336]
[1.98827346],[0.75972452],[1.26226544]
[2.99729306],[1.05825069],[2.77376388]
[3.84788367],[1.25773972],[4.43554706]
[4.61525514],[1.39148824],[5.76141784]
[5.27342117],[1.46296807],[6.88559775]
[5.4776093],[1.51291416],[7.41131856]
[5.7591558],[1.72123106],[8.57305811]
[6.01696514],[1.8644916],[9.60795151]
[6.24359062],[1.9595014],[10.5898983]
[6.57681514],[2.02551614],[11.30192453]
[6.8260985],[2.08632197],[12.17610049]
[7.04922978],[2.13055778],[12.96996988]
[7.56154791],[2.17958464],[13.89660558]
[7.98048109],[2.20791604],[14.76659486]
[8.44930594],[2.28526955],[15.79902591]
[8.70268934],[2.34845634],[16.67164038]
[8.97627808],[2.43256848],[17.83541731]
[9.28809791],[2.50265364],[18.91306607]
[9.51017646],[2.58456894],[20.04236324]
[9.77372436],[2.64644825],[21.16415564]
[10.0765033],[2.71545313],[22.33966898]
[10.35656557],[2.76553468],[23.44237857]
[10.64180629],[2.81725868],[24.56678951]
[10.95430996],[2.86803654],[25.57801813]
[11.28515491],[2.93505967],[26.71362932]
[11.53626771],[2.98613614],[27.82164487]
[11.84274345],[3.02913669],[28.85736414]
[12.03284482],[3.07311834],[29.74151024]
[12.23883854],[3.13200892],[30.80076622]
[12.4706454],[3.19681017],[31.86357714]
[12.66585977],[3.24372466],[32.79044874]
[12.8593198],[3.2902657],[33.59762097]
[13.08873289],[3.32900534],[34.06613678]
[13.26845876],[3.36011945],[34.23075853]
[13.42678407],[3.37796719],[34.30154312]
[13.55992789],[3.36505818],[34.23058677]
[13.66015782],[3.35253839],[34.151247]
[13.80054885],[3.27531575],[33.90603956]
[13.93512486],[3.21853764],[33.72915421]
[14.10977896],[3.09862551],[33.52606406]
[14.28768258],[2.97173808],[33.3146181]
[14.41724327],[2.87659884],[33.20768234]
[14.47358109],[2.80453879],[32.9349627]
[14.45138539],[2.74815751],[32.54655386]
[14.51761772],[2.6938091],[31.99929383]
[14.47581532],[2.64507478],[31.30139418]
[14.53246593],[2.60039699],[30.57254834]
[14.48699661],[2.55561546],[29.80298548]
[14.50505856],[2.506117],[28.91232173]
[14.50506789],[2.45726295],[27.91088963]
[14.23088592],[2.41484238],[26.94186223]
[13.73048876],[2.37183107],[25.8240882]
[12.71459486],[2.33020793],[23.81006276]
[11.77759122],[2.28978474],[21.57443365]
[10.84799346],[2.24477873],[19.20368714]
[0.034137],[0.0013905],[0.]
[2.68724378],[0.3159761],[0.68950905]
[3.82238382],[0.51349358],[1.60993488]
[4.62055936],[0.64684594],[2.41875415]
[5.37302309],[0.71498548],[2.9792731]
[5.58259537],[0.79905858],[3.46775871]
[5.85378918],[1.00624858],[4.5191268]
[6.13470109],[1.13845356],[5.41197777]
[6.39001187],[1.2292192],[6.18331262]
[6.68734089],[1.28942505],[6.72611508]
[6.94965765],[1.34642652],[7.47435917]
[7.31671015],[1.39291937],[8.02545326]
[7.76883052],[1.4385072],[8.67723573]
[8.21386235],[1.48334086],[9.37072982]
[8.65273077],[1.58937876],[10.19377526]
[8.92598],[1.6565354],[11.09208305]
[9.18052743],[1.74232914],[12.10421325]
[9.48507512],[1.81088414],[13.0427667]
[9.74139457],[1.88716995],[14.01549686]
[9.97790642],[1.93716377],[14.92647999]
[10.30007846],[1.996672],[15.8931326]
[10.61811938],[2.04410057],[16.8657779]
[10.90764798],[2.10681304],[17.83868892]
[11.19976683],[2.17176242],[18.84135937]
[11.57343341],[2.2440084],[19.8859845]
[11.82623076],[2.30935135],[20.93276165]
[12.13714974],[2.39339293],[22.11794209]
[12.34654329],[2.45920715],[23.27182871]
[12.56847544],[2.52175698],[24.55846107]
[12.76446373],[2.56702473],[25.75081047]
[12.99561368],[2.60956042],[26.83746165]
[13.16689868],[2.64203042],[27.9125118]
[13.3856121],[2.67503573],[28.76039043]
[13.60353646],[2.7010391],[29.50580154]
[13.77335055],[2.70775901],[30.07018326]
[14.02379285],[2.69689753],[30.42762195]
[14.19161344],[2.6867387],[30.6488169]
[14.34071691],[2.68006123],[30.84061855]
[14.55320484],[2.68709664],[31.07109723]
[14.67103247],[2.68041219],[31.26183027]
[14.84944981],[2.66663952],[31.4054442]
[15.00332534],[2.65029218],[31.47764934]
[15.05627049],[2.62920905],[31.515104]
[15.0909982],[2.60361592],[31.38824121]
[15.07163216],[2.57692696],[31.09281696]
[15.11559221],[2.54842491],[30.60760755]
[15.10786669],[2.51818651],[30.00931383]
[15.15613795],[2.48926951],[29.3684772]
[15.13813331],[2.45932199],[28.65128927]
[15.15782466],[2.4270178],[27.74800664]
[15.16255382],[2.39342776],[26.86748523]
[14.66736476],[2.35993079],[25.71346222]
[13.61166078],[2.32318597],[23.7948223]
[12.57762665],[2.26621635],[21.73510092]
[11.54151155],[2.16245361],[19.60784729]
