meltWidth,meltDepth,meltArea
[1.19531412],[0.1997927],[0.11812517]
[1.78113794],[0.37636232],[0.48541912]
[1.89045855],[0.38450223],[0.53838796]
[1.93112047],[0.40147612],[0.58114286]
[2.00511415],[0.39576748],[0.59688216]
[2.01101228],[0.40301631],[0.60156039]
[2.07034564],[0.41028949],[0.62050669]
[2.07389681],[0.42377375],[0.6342652]
[2.12623999],[0.42106659],[0.64564507]
[2.15877359],[0.42684681],[0.65362015]
[2.16000304],[0.44572336],[0.67208119]
[2.19097733],[0.46858077],[0.69864304]
[2.17632228],[0.47714986],[0.70281606]
[2.2113175],[0.49079808],[0.71847865]
[2.2070869],[0.51081761],[0.73611767]
[2.2697556],[0.51600425],[0.74972593]
[2.25373916],[0.52730205],[0.75857818]
[2.30723298],[0.52991037],[0.7718481]
[2.28203902],[0.53818484],[0.77693898]
[2.31651352],[0.53812582],[0.78356056]
[2.29646957],[0.54251221],[0.78677724]
[2.31843512],[0.54374791],[0.79448067]
[2.30992226],[0.54621859],[0.79710354]
[2.32727232],[0.54625301],[0.79958384]
[2.31820027],[0.54847589],[0.8014198]
[2.33565714],[0.54773754],[0.80520619]
[2.32643616],[0.55099278],[0.80729454]
[2.34537165],[0.54952073],[0.8098758]
[2.33088623],[0.55266176],[0.81303548]
[2.3649818],[0.55212242],[0.81806158]
[2.34863321],[0.55385502],[0.82395345]
[2.37453115],[0.55446895],[0.8234634]
[2.35568545],[0.5548132],[0.82155667]
[2.3586677],[0.55520471],[0.82237453]
[2.36266895],[0.55505871],[0.82348006]
[2.36226956],[0.55428649],[0.82175477]
[2.36501],[0.5523918],[0.81666114]
[2.36082611],[0.5495676],[0.8108644]
[2.35799211],[0.54718745],[0.80644381]
[2.35638245],[0.5435376],[0.80180551]
[2.35603776],[0.53999934],[0.79782273]
[2.36264976],[0.53554946],[0.79650542]
[2.37634904],[0.53240166],[0.80569275]
[2.39307349],[0.53086996],[0.80838114]
[2.40206076],[0.52718098],[0.80827575]
[2.40850205],[0.51807415],[0.8062037]
[2.42681456],[0.50885447],[0.80864044]
[2.45657498],[0.49878535],[0.81255034]
[2.48637156],[0.49545658],[0.82119716]
[2.49936538],[0.49222425],[0.8227324]
[2.50656322],[0.49070912],[0.81868464]
[2.48426252],[0.48002562],[0.79668568]
[2.13055908],[0.45151131],[0.70138433]
[0.],[0.],[0.]
[0.],[0.],[0.]
[0.90385359],[0.11578719],[0.05113235]
[1.89819057],[0.38701141],[0.5604995]
[1.95217581],[0.46296304],[0.68258759]
[1.97587252],[0.5189336],[0.75541331]
[2.06567069],[0.57163842],[0.8541016]
[2.12149245],[0.6179846],[0.93819295]
[2.20447808],[0.65196256],[1.01859289]
[2.24295507],[0.65685478],[1.05921362]
[2.29831321],[0.68635054],[1.10924373]
[2.28567303],[0.68316122],[1.12019226]
[2.33273894],[0.70499218],[1.16634263]
[2.32563569],[0.7059797],[1.18011235]
[2.3710914],[0.73737095],[1.23018546]
[2.37385607],[0.7439217],[1.2465218]
[2.39685228],[0.76912062],[1.28435696]
[2.42757028],[0.7723984],[1.30353478]
[2.41998328],[0.7835793],[1.32084111]
[2.46344275],[0.78446591],[1.34095401]
[2.43113407],[0.79420086],[1.34911198]
[2.49259523],[0.79266666],[1.36957267]
[2.44703188],[0.80021228],[1.37015983]
[2.50360559],[0.79864769],[1.39162106]
[2.45159273],[0.80600135],[1.3890702]
[2.5028025],[0.80336067],[1.40404988]
[2.46251717],[0.80956443],[1.40280809]
[2.50079915],[0.8072241],[1.41621595]
[2.46861484],[0.81318955],[1.41507939]
[2.50203864],[0.81111396],[1.42515399]
[2.46904834],[0.8163545],[1.42708462]
[2.52406662],[0.81476171],[1.44314587]
[2.47224668],[0.8167061],[1.44459009]
[2.52951701],[0.81532558],[1.4503237]
[2.4756358],[0.81273329],[1.43040328]
[2.47387249],[0.8101844],[1.42446281]
[2.47840165],[0.80815238],[1.42202799]
[2.48007766],[0.80463262],[1.41856575]
[2.48816585],[0.80035991],[1.41126837]
[2.49468198],[0.79575791],[1.40533135]
[2.50158423],[0.79098635],[1.40066474]
[2.51171556],[0.78620723],[1.39509061]
[2.51592382],[0.78097891],[1.38591214]
[2.52281657],[0.77621396],[1.37775047]
[2.52776223],[0.76992745],[1.36828428]
[2.55192672],[0.7628821],[1.35840254]
[2.56932592],[0.75655691],[1.34714915]
[2.58908169],[0.75044187],[1.33919242]
[2.61264002],[0.74444195],[1.33025425]
[2.63858639],[0.73764597],[1.3253355]
[2.66217476],[0.72713614],[1.32136643]
[2.67714999],[0.71228517],[1.31459572]
[2.73904334],[0.70045847],[1.31959885]
[2.79526017],[0.69245958],[1.32601739]
[2.36887758],[0.68464571],[1.1889062]
[0.],[0.],[0.]
[0.],[0.],[0.]
[1.39768635],[0.12529092],[0.09276214]
[1.94984325],[0.39220544],[0.57987231]
[2.05968391],[0.52084746],[0.77167823]
[2.09899774],[0.62247542],[0.91432961]
[2.26653712],[0.70974761],[1.11170388]
[2.30868839],[0.73444303],[1.1952004]
[2.40569688],[0.77101389],[1.28917652]
[2.38938458],[0.77085714],[1.30154785]
[2.45184063],[0.79767757],[1.35715218]
[2.42672404],[0.79499306],[1.36120571]
[2.49793219],[0.82223105],[1.4252753]
[2.47307361],[0.82070159],[1.43554653]
[2.53290957],[0.84593501],[1.49701611]
[2.56766915],[0.84761812],[1.52440288]
[2.55642591],[0.85712778],[1.55171992]
[2.793141],[0.860276],[1.64153797]
[2.59142047],[0.86421884],[1.59169662]
[2.88639303],[0.86552185],[1.70645844]
[2.61459066],[0.86950803],[1.62701963]
[2.94917819],[0.87060984],[1.75819333]
[2.63622493],[0.8750568],[1.65365238]
[2.97205692],[0.87606223],[1.79154249]
[2.63733508],[0.88022538],[1.67554808]
[2.96385076],[0.87987221],[1.80207058]
[2.63920032],[0.88244632],[1.68932558]
[2.95359103],[0.88206838],[1.8135039]
[2.64101708],[0.88386496],[1.70182362]
[2.94888493],[0.8840353],[1.81684144]
[2.64050713],[0.8862973],[1.71420841]
[2.98426122],[0.88595437],[1.84157858]
[2.7998244],[0.88682644],[1.76684673]
[2.99037299],[0.88494292],[1.8464584]
[2.82347497],[0.88308665],[1.75797192]
[2.78646416],[0.88083195],[1.74148937]
[2.79629608],[0.8790874],[1.73905934]
[2.79905905],[0.87668471],[1.73504141]
[2.81257043],[0.87309094],[1.72911076]
[2.82569528],[0.86888637],[1.72391119]
[2.83705639],[0.86457819],[1.71813969]
[2.86885815],[0.8596581],[1.71608862]
[2.86071608],[0.85392558],[1.69604178]
[2.87467007],[0.84815547],[1.68681583]
[2.87631972],[0.8406124],[1.674169]
[2.89737457],[0.83261174],[1.65951582]
[2.92482238],[0.82737071],[1.65099421]
[2.95681993],[0.82378624],[1.64357019]
[2.99272361],[0.82245513],[1.63412187]
[3.00271751],[0.82109947],[1.61727903]
[3.03309417],[0.81751492],[1.6109562]
[3.03983642],[0.81079705],[1.59636326]
[3.05395743],[0.80092696],[1.580982]
[3.0503948],[0.78698571],[1.5612577]
[2.51211106],[0.77357466],[1.36851604]
[0.87332258],[0.32901539],[0.14751417]
[0.],[0.],[0.]
[1.51549387],[0.17641774],[0.2003319]
[2.0359739],[0.48086494],[0.69627691]
[2.22750506],[0.63245235],[0.99057183]
[2.28916529],[0.73204886],[1.16462137]
[2.43983221],[0.80797822],[1.35761466]
[2.45643061],[0.82272614],[1.43570001]
[2.5563303],[0.85052976],[1.53140272]
[2.51440781],[0.85221562],[1.54199319]
[2.59273411],[0.87209516],[1.60947024]
[2.63914255],[0.87073361],[1.630775]
[2.61831816],[0.88075889],[1.65969498]
[2.8652664],[0.88076563],[1.75211493]
[2.63819421],[0.88791193],[1.70250675]
[3.043021],[0.89243962],[1.86746988]
[2.81190385],[0.89817496],[1.7624695]
[3.14867275],[0.90176144],[1.96719893]
[3.05458539],[0.90532716],[1.85383217]
[3.19834168],[0.90722257],[2.01678512]
[3.14696597],[0.9099028],[1.91427343]
[3.23331644],[0.91123297],[2.06053746]
[3.20769633],[0.91402526],[1.9520859]
[3.25942559],[0.91540461],[2.09185698]
[3.22150387],[0.91744488],[1.97218762]
[3.26210684],[0.91636005],[2.10661298]
[3.19767196],[0.91889808],[1.96599109]
[3.26139477],[0.91785583],[2.11678745]
[3.17922464],[0.91997526],[1.96767114]
[3.26082033],[0.91942356],[2.11538436]
[3.17155157],[0.92163626],[1.97013991]
[3.29618519],[0.92094994],[2.13655144]
[3.27181159],[0.92222577],[2.06197384]
[3.30587435],[0.92044312],[2.13965403]
[3.27982331],[0.91871592],[2.05497273]
[3.24954488],[0.9166245],[2.02676328]
[3.25343924],[0.9149176],[2.0201179]
[3.24765705],[0.91266259],[2.01243216]
[3.24943397],[0.9095376],[2.00529622]
[3.25603368],[0.90579675],[1.99826354]
[3.25930176],[0.90139658],[1.99040838]
[3.26479116],[0.89699386],[1.98805314]
[3.26863707],[0.89226281],[1.96872008]
[3.27479613],[0.8866197],[1.95942303]
[3.26828783],[0.87944197],[1.94449221]
[3.28447968],[0.87175795],[1.93334383]
[3.29467696],[0.86557037],[1.92089528]
[3.30196386],[0.86003794],[1.90860443]
[3.32274632],[0.85402655],[1.90090746]
[3.3497144],[0.8492042],[1.88060992]
[3.3710373],[0.84855482],[1.86720347]
[3.3700242],[0.84691256],[1.85137498]
[3.39438337],[0.84458059],[1.84107106]
[3.38668409],[0.84235033],[1.81895611]
[2.73194366],[0.83986466],[1.56349733]
[1.04692697],[0.58084699],[0.30816698]
[0.],[0.],[0.]
[1.50469337],[0.23964434],[0.26584035]
[2.15448257],[0.57140942],[0.86521975]
[2.33063171],[0.70818401],[1.16080222]
[2.38051648],[0.80647974],[1.35180106]
[2.52053173],[0.86757624],[1.54174588]
[2.52200813],[0.88927141],[1.62326786]
[2.61782422],[0.90403573],[1.7171653]
[2.70804903],[0.91161179],[1.76163447]
[2.64278409],[0.91571809],[1.7727222]
[2.96091124],[0.91572789],[1.89096857]
[2.80118763],[0.9193114],[1.82137295]
[3.12207422],[0.91909895],[2.00107644]
[2.96579949],[0.92492352],[1.88252017]
[3.21993196],[0.92679039],[2.09696905]
[3.19404344],[0.93345571],[2.00445724]
[3.2845351],[0.9337472],[2.18216753]
[3.34122053],[0.93953982],[2.10751897]
[3.33007158],[0.93802523],[2.23792955]
[3.39443091],[0.94407817],[2.1794849]
[3.36004171],[0.94245527],[2.28620521]
[3.45949905],[0.94877945],[2.21320171]
[3.40140794],[0.9465479],[2.32965135]
[3.46030748],[0.95091898],[2.23651785]
[3.40770495],[0.94810296],[2.3662606]
[3.47493633],[0.95197418],[2.22510343]
[3.41342679],[0.9496559],[2.38898213]
[3.4751895],[0.95291784],[2.21291782]
[3.4202913],[0.95113412],[2.40382803]
[3.47931043],[0.9541004],[2.22216986]
[3.43750315],[0.95242929],[2.42852559]
[3.48895354],[0.95426438],[2.37371158]
[3.45768772],[0.95237257],[2.44889783]
[3.49530203],[0.95047848],[2.38805355]
[3.46638837],[0.94841488],[2.33503935]
[3.46432174],[0.94623141],[2.31677385]
[3.45279815],[0.94389162],[2.29455213]
[3.44636244],[0.94039145],[2.27326446]
[3.44417389],[0.93584193],[2.25287914]
[3.43606494],[0.93130824],[2.2279662]
[3.42494509],[0.9267726],[2.21313884]
[3.43401474],[0.9219565],[2.17968509]
[3.43504514],[0.91728429],[2.16054942]
[3.426623],[0.91112277],[2.1414449]
[3.43810216],[0.9046024],[2.12614146]
[3.4448303],[0.89924586],[2.10848848]
[3.44875767],[0.89556376],[2.09589112]
[3.44320512],[0.89086494],[2.08252229]
[3.44969314],[0.88523047],[2.05236001]
[3.46388451],[0.87944852],[2.03695028]
[3.46968905],[0.87344188],[2.01976876]
[3.49376819],[0.87065812],[2.00206234]
[3.50899852],[0.86918905],[1.98963987]
[2.84581201],[0.86757811],[1.7089772]
[1.40220605],[0.66301473],[0.49077393]
[0.],[0.],[0.]
[1.53379244],[0.33748257],[0.38738073]
[2.28545266],[0.64627306],[1.02486538]
[2.41812132],[0.76579947],[1.32226776]
[2.45368015],[0.84842211],[1.50850949]
[2.58077503],[0.90058066],[1.69120944]
[2.5795736],[0.92703831],[1.75610604]
[2.71703117],[0.93827186],[1.83960395]
[3.04239506],[0.94264809],[1.9906302]
[2.96616121],[0.94677454],[1.95282009]
[3.19421236],[0.94510052],[2.15231188]
[3.13393433],[0.94973597],[2.03614766]
[3.28192027],[0.94862006],[2.25055965]
[3.3229393],[0.9547133],[2.17217773]
[3.34517249],[0.95881592],[2.34509376]
[3.43867487],[0.96413651],[2.29311675]
[3.45558705],[0.96718572],[2.48870363]
[3.57584021],[0.97138556],[2.43508804]
[3.58113314],[0.97214331],[2.60326435]
[3.63896884],[0.97639371],[2.54904341]
[3.64787505],[0.98679234],[2.69096489]
[3.6942379],[1.0006921],[2.63265943]
[3.67882643],[1.01241909],[2.76536511]
[3.69905857],[1.01541],[2.72311725]
[3.68202347],[1.01527474],[2.82009239]
[3.71514822],[1.01730751],[2.75978194]
[3.68923431],[1.02077354],[2.84679934]
[3.71586972],[1.02107684],[2.7883577]
[3.69405055],[1.02270442],[2.86697053]
[3.72164033],[1.02622795],[2.81462975]
[3.71360518],[1.02628014],[2.89341466]
[3.72939968],[1.0331323],[2.88535466]
[3.73418445],[1.0305262],[2.91542275]
[3.73778933],[1.02115738],[2.89039408]
[3.74305337],[1.0094767],[2.85110916]
[3.72758619],[0.99961708],[2.82644738]
[3.71812515],[0.99024281],[2.797543]
[3.71079731],[0.97554067],[2.76127262]
[3.70662252],[0.96552449],[2.71718966]
[3.69920958],[0.9567672],[2.65783404]
[3.68168346],[0.95146438],[2.59972841]
[3.68479945],[0.94651903],[2.54474629]
[3.68319166],[0.94139927],[2.49907607]
[3.66694973],[0.93527203],[2.45100414]
[3.66580358],[0.92847941],[2.40797158]
[3.6638219],[0.92211791],[2.36147113]
[3.66017931],[0.9181551],[2.32333584]
[3.64495714],[0.91443582],[2.28926229]
[3.6417518],[0.91044325],[2.25018547]
[3.61831084],[0.90686587],[2.21562795]
[3.59148639],[0.90245003],[2.1835419]
[3.59373499],[0.89525771],[2.16445941]
[3.6148191],[0.88986353],[2.15001129]
[2.9681353],[0.88586314],[1.84982803]
[1.50291869],[0.833353],[0.71631547]
[0.],[0.],[0.]
[1.49200606],[0.38016056],[0.41740843]
[2.39693535],[0.69476317],[1.17854351]
[2.50054296],[0.80093123],[1.48548275]
[2.52405321],[0.88282721],[1.65375028]
[2.62994414],[0.93167819],[1.8112669]
[2.88517835],[0.95278571],[1.95452781]
[2.99707645],[0.96382402],[2.0216126]
[3.25252533],[0.96784246],[2.24580171]
[3.28892931],[0.97248097],[2.18559177]
[3.35176353],[0.97296793],[2.42441721]
[3.44336831],[0.9785532],[2.31727389]
[3.46707103],[0.98117008],[2.56251265]
[3.56292121],[0.98837034],[2.49573641]
[3.61053696],[0.99304467],[2.70132918]
[3.68712507],[1.00542716],[2.69697908]
[3.74919892],[1.02267832],[2.86749624]
[3.81514689],[1.03753816],[2.87811129]
[3.87798078],[1.05219794],[2.99271779]
[3.88870637],[1.06656775],[2.99412356]
[3.93612832],[1.07733573],[3.07618526]
[3.93749901],[1.09054401],[3.07256013]
[3.96151371],[1.09660347],[3.13665814]
[3.9360033],[1.097702],[3.12402823]
[3.96091091],[1.09774167],[3.16409595]
[3.95067041],[1.10036204],[3.14439887]
[3.97128405],[1.10395389],[3.18347466]
[3.95084269],[1.10461279],[3.15436067]
[3.97316996],[1.10638983],[3.19211455]
[3.95539073],[1.10968506],[3.1642848]
[3.99452535],[1.11014866],[3.20490969]
[3.97409713],[1.11525874],[3.2120879]
[4.01432471],[1.11372189],[3.21908761]
[3.98562436],[1.10559813],[3.19630792]
[4.01811749],[1.09412867],[3.16336048]
[3.98350637],[1.08410328],[3.12918312]
[3.97688631],[1.07454056],[3.09813012]
[3.96988157],[1.0593957],[3.06332989]
[3.96474243],[1.04355211],[3.0278426]
[3.95981906],[1.02793398],[2.98730643]
[3.94068878],[1.01127344],[2.94430928]
[3.93910315],[0.99206379],[2.90180781]
[3.93726385],[0.97941698],[2.85740375]
[3.91915993],[0.97139042],[2.80151602]
[3.92307154],[0.95796982],[2.74652583]
[3.91972513],[0.94943272],[2.68680311]
[3.91587168],[0.94204857],[2.62567988]
[3.89774694],[0.93657273],[2.56980145]
[3.89452506],[0.93113101],[2.50416917]
[3.87670364],[0.92566012],[2.44633628]
[3.8384472],[0.92000995],[2.38935541]
[3.81517631],[0.91399249],[2.34355901]
[3.81151946],[0.90812047],[2.31556015]
[3.1887323],[0.90235126],[2.01955171]
[1.55512535],[0.91812382],[0.89153519]
[0.],[0.],[0.]
[1.28656226],[0.38629055],[0.39018598]
[2.40528289],[0.71071044],[1.21644481]
[2.5344674],[0.83020901],[1.57049617]
[2.54834644],[0.91509807],[1.73453201]
[2.65394792],[0.96060801],[1.89163912]
[2.98936143],[0.98107407],[2.08603158]
[3.19537524],[0.99428015],[2.17928314]
[3.35784816],[0.99991181],[2.44626476]
[3.51731458],[1.00539655],[2.44653717]
[3.56701735],[1.00784348],[2.72450156]
[3.66818255],[1.01551356],[2.70397458]
[3.72222694],[1.02747304],[2.87294599]
[3.79464306],[1.03799336],[2.87291587]
[3.86835161],[1.04977886],[2.99499302]
[3.92057179],[1.07568452],[3.0295529]
[4.01344845],[1.09129864],[3.14237424]
[4.04714284],[1.10556749],[3.18849753]
[4.14714199],[1.11978169],[3.26584301]
[4.12687277],[1.13368489],[3.29408303]
[4.18756687],[1.14395683],[3.35081353]
[4.15710248],[1.15609614],[3.36691908]
[4.199595],[1.16261729],[3.40867779]
[4.15511779],[1.16387526],[3.41089032]
[4.19751497],[1.16450062],[3.43080889]
[4.16589525],[1.16752108],[3.42884701]
[4.20539238],[1.1714772],[3.45052177]
[4.1630799],[1.1729244],[3.44766965]
[4.20426802],[1.17507058],[3.4610967]
[4.16623028],[1.17867799],[3.45958805]
[4.22407531],[1.17974831],[3.47943995]
[4.18890839],[1.18338148],[3.48375229]
[4.23498229],[1.18344571],[3.49946521]
[4.19626291],[1.17771979],[3.47551393]
[4.23530264],[1.168596],[3.45511629]
[4.19837593],[1.16076605],[3.41646497]
[4.19313158],[1.1535002],[3.3857918]
[4.1883875],[1.13860289],[3.34356023]
[4.18631411],[1.12388042],[3.30471334]
[4.18845451],[1.10722875],[3.26329607]
[4.17473921],[1.09150115],[3.21857051]
[4.16769755],[1.0734366],[3.17219928]
[4.17104442],[1.05684544],[3.13088845]
[4.15506495],[1.04024251],[3.08199781]
[4.15808468],[1.0166767],[3.03424692]
[4.1551302],[0.98955067],[2.9797305]
[4.1549105],[0.97586585],[2.9145701]
[4.13807875],[0.96262693],[2.85301793]
[4.13835571],[0.94711383],[2.79007294]
[4.13372264],[0.9411212],[2.72349547]
[4.09455404],[0.93538859],[2.65130925]
[4.07118634],[0.92964316],[2.58559296]
[4.04641974],[0.92351244],[2.52796984]
[3.43743062],[0.91780508],[2.21808087]
[1.66629276],[0.98519254],[0.98972931]
[0.],[0.],[0.]
[1.33346696],[0.43308785],[0.44137614]
[2.4032019],[0.72617104],[1.27023153]
[2.52793857],[0.85306118],[1.61533383]
[2.55585579],[0.93367453],[1.78113472]
[2.65059067],[0.98185263],[1.93701858]
[3.05077886],[1.00360761],[2.1809614]
[3.32097553],[1.01611633],[2.2974659]
[3.48216637],[1.0313157],[2.6671698]
[3.63555129],[1.05685914],[2.7425647]
[3.70570834],[1.06397548],[2.95165808]
[3.78094358],[1.07354456],[2.94592772]
[3.86350249],[1.08603866],[3.08666347]
[3.91281566],[1.09646928],[3.08558171]
[4.01780208],[1.10612568],[3.20409623]
[4.04999501],[1.1280805],[3.22670306]
[4.17057784],[1.1424709],[3.336306]
[4.18269464],[1.15613186],[3.37944971]
[4.27877858],[1.16955286],[3.46531102]
[4.27622606],[1.18307857],[3.49261019]
[4.32001485],[1.19355218],[3.54974327]
[4.2951518],[1.20495503],[3.56311268]
[4.33109889],[1.21071818],[3.6094034]
[4.29683121],[1.21225433],[3.60752782]
[4.32818924],[1.21302288],[3.63265531]
[4.30372024],[1.2153591],[3.62536938]
[4.33456808],[1.21913619],[3.65404686]
[4.30240516],[1.2211452],[3.6465194]
[4.33331162],[1.22335136],[3.67003314]
[4.30709361],[1.22693975],[3.66671242]
[4.34752629],[1.22858996],[3.69274102]
[4.33319009],[1.23098423],[3.70123437]
[4.35841575],[1.23217938],[3.72657422]
[4.33871811],[1.22770927],[3.69775226]
[4.35979488],[1.21896478],[3.68823476]
[4.34083627],[1.21139313],[3.64932441]
[4.32641792],[1.20407401],[3.61947781]
[4.32255587],[1.18958439],[3.57679245]
[4.32086307],[1.17596389],[3.53286168]
[4.32240339],[1.16104641],[3.4870023]
[4.31276163],[1.1450796],[3.43602966]
[4.30685428],[1.12709295],[3.38576486]
[4.30328522],[1.11141739],[3.33962865]
[4.2877361],[1.09523432],[3.28939142]
[4.28004302],[1.07508132],[3.23606156]
[4.27653235],[1.04920743],[3.18512075]
[4.2799429],[1.02318322],[3.1273918]
[4.26493995],[0.99631655],[3.05919809]
[4.27182709],[0.97892164],[2.9930893]
[4.27247283],[0.9659896],[2.93128034]
[4.23684174],[0.95637421],[2.85605674]
[4.20971515],[0.94907727],[2.78145806]
[4.18116765],[0.94331333],[2.71424606]
[3.5966882],[0.93791364],[2.39594755]
[1.84318661],[1.00092164],[1.03870467]
[0.],[0.],[0.]
[1.38685704],[0.49292191],[0.50146371]
[2.38700348],[0.74957238],[1.31346281]
[2.54903842],[0.87792188],[1.67251257]
[2.57000486],[0.95005712],[1.82628338]
[2.70500324],[0.99817033],[1.99088755]
[3.11464551],[1.01775953],[2.30720351]
[3.44149977],[1.04940501],[2.53487293]
[3.59667063],[1.09459523],[2.89929296]
[3.73855664],[1.11698307],[3.00565528]
[3.81202079],[1.12586895],[3.15596667]
[3.87331814],[1.13560174],[3.1587029]
[3.95365533],[1.14667869],[3.27304477]
[3.98861227],[1.15660272],[3.28155517]
[4.08887976],[1.16573826],[3.38532054]
[4.11065134],[1.18273606],[3.41346894]
[4.21148162],[1.19405649],[3.51185375]
[4.23376924],[1.20640219],[3.55787668]
[4.31566644],[1.21800294],[3.63905612]
[4.3227746],[1.23027448],[3.66886594]
[4.35392144],[1.23994457],[3.72776997]
[4.33753995],[1.249912],[3.73793166]
[4.36243238],[1.25378677],[3.7838644]
[4.33656351],[1.25464388],[3.77775848]
[4.35925843],[1.25494017],[3.80767327]
[4.34447307],[1.25607401],[3.79601594]
[4.36590458],[1.25933648],[3.82675242]
[4.3432223],[1.2610997],[3.814999]
[4.36423362],[1.26288],[3.8402639]
[4.3428439],[1.26571664],[3.83339271]
[4.38112268],[1.26737423],[3.8635159]
[4.36722891],[1.26929514],[3.86324796]
[4.392835],[1.2679185],[3.89530184]
[4.37297589],[1.26390623],[3.85850113]
[4.39222286],[1.25680754],[3.85586769]
[4.37813523],[1.25106292],[3.81711274]
[4.36236616],[1.24234153],[3.78531609]
[4.35711887],[1.22846329],[3.74271957]
[4.35578431],[1.21532266],[3.69794654]
[4.35955193],[1.20109276],[3.65369249]
[4.3528539],[1.18624387],[3.60417541]
[4.35147455],[1.17011066],[3.55307307]
[4.35089931],[1.15573134],[3.50393148]
[4.33865552],[1.13992608],[3.44886673]
[4.3327072],[1.12209898],[3.39435927]
[4.32952444],[1.09914896],[3.34505098]
[4.33456542],[1.07492938],[3.29123014]
[4.32212024],[1.04952754],[3.22523379]
[4.33114601],[1.02109362],[3.16277789]
[4.33330732],[0.99409934],[3.09877073]
[4.30766351],[0.97893442],[3.02094644]
[4.28811813],[0.96433434],[2.94844413]
[4.26188978],[0.9558354],[2.87504918]
[3.67258471],[0.95066934],[2.54072317]
[1.97023743],[1.0769002],[1.17028458]
[0.03114642],[0.00946941],[0.]
[1.37373976],[0.51855739],[0.52220735]
[2.38537224],[0.76711139],[1.35182638]
[2.56972445],[0.89131719],[1.71340759]
[2.58146149],[0.96109132],[1.86058945]
[2.77713547],[1.0059592],[2.04717625]
[3.14896869],[1.03734719],[2.44150076]
[3.49788307],[1.09017686],[2.75196655]
[3.66209499],[1.13309053],[3.05395745]
[3.79737075],[1.15154288],[3.15330681]
[3.86403794],[1.16081022],[3.27957261]
[3.92166702],[1.17021448],[3.29652001]
[4.00295884],[1.17945123],[3.39407423]
[4.03717876],[1.18749575],[3.40914217]
[4.13668917],[1.19528951],[3.49945272]
[4.15859271],[1.20931292],[3.53213271]
[4.25073533],[1.21962539],[3.623962]
[4.28303566],[1.23146252],[3.6784555]
[4.35207864],[1.24319468],[3.75856332]
[4.36441784],[1.25526187],[3.78783452]
[4.38508781],[1.26491107],[3.84333318]
[4.37800421],[1.27522703],[3.85223771]
[4.39318148],[1.27899829],[3.89704146]
[4.37673479],[1.28007751],[3.88848053]
[4.38981985],[1.28056694],[3.91911316]
[4.38442134],[1.28192731],[3.9086083]
[4.39626022],[1.28481403],[3.9368219]
[4.38063026],[1.28717844],[3.9257678]
[4.39448734],[1.28914838],[3.9503099]
[4.37621226],[1.29097486],[3.93989989]
[4.41335601],[1.29057457],[3.97070391]
[4.39927941],[1.29482366],[3.96970254]
[4.42145302],[1.29121639],[4.00013235]
[4.40512508],[1.2874787],[3.97266418]
[4.42036821],[1.28011181],[3.9580186]
[4.40990206],[1.27447504],[3.91691549]
[4.39284017],[1.26754258],[3.88753604]
[4.38837874],[1.25562264],[3.8467953]
[4.38589479],[1.24149043],[3.7997165]
[4.38955454],[1.22666435],[3.75560898]
[4.38320822],[1.21149787],[3.70574118]
[4.38262933],[1.19529293],[3.65490719]
[4.38362919],[1.18079759],[3.60715699]
[4.37192067],[1.16554031],[3.55130279]
[4.36719205],[1.14793132],[3.49025875]
[4.36093252],[1.12606077],[3.43223074]
[4.36564629],[1.10161053],[3.37689152]
[4.35345369],[1.07659522],[3.31092436]
[4.36209162],[1.04890115],[3.24757312]
[4.36392124],[1.02181315],[3.18362322]
[4.34230873],[0.99407819],[3.10752906]
[4.32364982],[0.97682095],[3.02927016]
[4.29987071],[0.96723295],[2.96371954]
[3.70822299],[0.9613343],[2.62279337]
[2.0869896],[1.14461057],[1.25718768]
[0.15380219],[0.04660086],[0.001635]
[1.38700686],[0.52745132],[0.53397551]
[2.39492261],[0.77622023],[1.38354597]
[2.58531968],[0.89715762],[1.74289966]
[2.58969391],[0.96871752],[1.88702337]
[2.83754066],[1.01246031],[2.09461747]
[3.18382969],[1.06437556],[2.57074775]
[3.54470531],[1.11558269],[2.84000134]
[3.71482303],[1.15764013],[3.14270161]
[3.84492655],[1.17348104],[3.25147048]
[3.91164561],[1.18497319],[3.37050981]
[3.96851236],[1.19468643],[3.39983469]
[4.05104061],[1.20360301],[3.48528793]
[4.08537652],[1.2115017],[3.50814455]
[4.17757595],[1.21867578],[3.59159775]
[4.20787552],[1.23041006],[3.62917447]
[4.2901723],[1.24019295],[3.73242631]
[4.33159952],[1.25219624],[3.78232925]
[4.38745373],[1.26361142],[3.85746261]
[4.40597109],[1.27532362],[3.88534102]
[4.41671099],[1.28548004],[3.93866968]
[4.41842048],[1.29476953],[3.94954288]
[4.42474323],[1.2986402],[3.99092402]
[4.41706463],[1.29966782],[3.98537437]
[4.42102038],[1.3004465],[4.01275937]
[4.423314],[1.30175616],[4.00621227]
[4.42700257],[1.30376651],[4.02982881]
[4.41513098],[1.30340559],[4.01602537]
[4.42531275],[1.30395726],[4.03883019]
[4.41028567],[1.30582579],[4.02785449]
[4.44206515],[1.30531658],[4.05762671]
[4.43161343],[1.31007858],[4.07677706]
[4.44986894],[1.30683443],[4.09285697]
[4.43776678],[1.30332163],[4.08082753]
[4.44945887],[1.29587311],[4.06123176]
[4.44218516],[1.29015985],[4.02043925]
[4.42291222],[1.28253247],[3.984579]
[4.41861507],[1.2721898],[3.93425157]
[4.41795779],[1.2613342],[3.89203417]
[4.42142771],[1.24645217],[3.8472223]
[4.41511144],[1.23108877],[3.7963554]
[4.41522259],[1.21467434],[3.74461954]
[4.41679099],[1.20055775],[3.69752627]
[4.4067674],[1.18578974],[3.64399806]
[4.40236707],[1.16850749],[3.58455365]
[4.39580716],[1.14887287],[3.52425806]
[4.39860329],[1.12543357],[3.46774311]
[4.38602633],[1.10125912],[3.39780649]
[4.39405559],[1.07437361],[3.32774817]
[4.39542115],[1.04913151],[3.26327633]
[4.37682354],[1.02246132],[3.18862926]
[4.35902057],[0.99185303],[3.11193305]
[4.33522133],[0.97666997],[3.03837537]
[3.74358766],[0.97061001],[2.69978961]
[2.1746965],[1.18921694],[1.43835704]
[0.21274427],[0.06937195],[0.00443213]
[1.36533853],[0.51349568],[0.51639398]
[2.40327242],[0.78266567],[1.4088119]
[2.56901021],[0.90650442],[1.75868389]
[2.59303549],[0.97975481],[1.91842161]
[2.86728499],[1.0235825],[2.16638005]
[3.23377318],[1.09534412],[2.71527984]
[3.57024777],[1.1448903],[2.95905275]
[3.77288448],[1.18563982],[3.24359526]
[3.88351053],[1.2028376],[3.36112508]
[3.97679238],[1.2143083],[3.48259659]
[4.01248262],[1.2233229],[3.51556004]
[4.12297909],[1.23196804],[3.60167955]
[4.12904126],[1.23971553],[3.61986154]
[4.23322346],[1.24671694],[3.71795197]
[4.25325333],[1.25605925],[3.75541884]
[4.34260224],[1.26541646],[3.85780426]
[4.37416392],[1.27719684],[3.89512663]
[4.43853465],[1.28818232],[3.97312636]
[4.44609304],[1.29995536],[3.99469366]
[4.46301045],[1.30987711],[4.05014672]
[4.45425122],[1.31872969],[4.05836926]
[4.47037135],[1.32244911],[4.102248]
[4.45504985],[1.32378306],[4.09504294]
[4.46625482],[1.32284468],[4.12228841]
[4.45814461],[1.32267103],[4.11622179]
[4.47183105],[1.32264853],[4.14646832]
[4.45065261],[1.32245515],[4.13031027]
[4.46942708],[1.32325402],[4.16541433]
[4.44755519],[1.32553854],[4.15496507]
[4.47953979],[1.32517798],[4.19124728]
[4.47348245],[1.3312578],[4.23039474]
[4.4837479],[1.32823187],[4.24069029]
[4.47761668],[1.3248898],[4.24294556]
[4.48245616],[1.31751052],[4.22048216]
[4.48090325],[1.31067596],[4.1826014]
[4.45894113],[1.30244102],[4.13712909]
[4.45740883],[1.29149464],[4.07016654]
[4.4568024],[1.28068058],[4.01265543]
[4.46073205],[1.27002605],[3.96161052]
[4.45623512],[1.25643224],[3.90700058]
[4.45303682],[1.23952884],[3.85271479]
[4.4544115],[1.22580589],[3.80533969]
[4.4459718],[1.21167219],[3.75320549]
[4.44246048],[1.19474953],[3.69778159]
[4.43651674],[1.17724263],[3.63985463]
[4.43284756],[1.15494207],[3.57990012]
[4.41796332],[1.13159869],[3.51171684]
[4.41850286],[1.1056562],[3.44077309]
[4.42373573],[1.08098573],[3.37744703]
[4.41147047],[1.05568288],[3.29297469]
[4.40570665],[1.02714511],[3.21853489]
[4.38054107],[1.00333664],[3.1478443]
[3.80338722],[0.98770363],[2.80563145]
[2.20499613],[1.24226575],[1.57280595]
[0.16277843],[0.05770258],[0.00243068]
[1.38749062],[0.51146778],[0.51793516]
[2.41358028],[0.79093548],[1.43485709]
[2.57953826],[0.91495723],[1.7814378]
[2.6015077],[0.98896485],[1.95272576]
[2.92570635],[1.03591725],[2.29941355]
[3.28042841],[1.13365341],[2.84650844]
[3.61493153],[1.18016061],[3.11524818]
[3.82354932],[1.21558525],[3.35853762]
[3.93171305],[1.23592413],[3.4945959]
[4.02738944],[1.24640494],[3.60469171]
[4.06168688],[1.25497666],[3.64512468]
[4.1638183],[1.26320317],[3.72338272]
[4.17649739],[1.27071311],[3.75485659]
[4.27257065],[1.2774552],[3.85563925]
[4.29831441],[1.28619766],[3.8905284]
[4.38059303],[1.29464743],[3.98708984]
[4.42040672],[1.30528193],[4.02426651]
[4.47418728],[1.31591827],[4.09850428]
[4.48484144],[1.32704212],[4.12002833]
[4.49432349],[1.33647386],[4.1744164]
[4.49293309],[1.34233346],[4.19704972]
[4.50136429],[1.34473908],[4.25504033]
[4.49165728],[1.34531984],[4.26225141]
[4.49675479],[1.34435453],[4.29567936]
[4.49147657],[1.34394372],[4.29486251]
[4.5020081],[1.34342827],[4.33223574]
[4.48330832],[1.34341951],[4.31431322]
[4.49685763],[1.34432116],[4.36090803]
[4.47901371],[1.34668331],[4.34869693]
[4.52640123],[1.34665289],[4.4087922]
[4.51245884],[1.35284253],[4.42087691]
[4.55200615],[1.35044183],[4.46356879]
[4.54348661],[1.34711452],[4.4505366]
[4.56752836],[1.33995035],[4.45118456]
[4.56613971],[1.33228049],[4.40887774]
[4.5358729],[1.32421193],[4.36107388]
[4.52633688],[1.3123882],[4.28512123]
[4.50336734],[1.30124488],[4.19619295]
[4.49106744],[1.29046587],[4.10909971]
[4.48665409],[1.27879938],[4.04279307]
[4.4851883],[1.26628288],[3.98328338]
[4.48683509],[1.25406708],[3.92826929]
[4.47898625],[1.24111435],[3.87282778]
[4.47617544],[1.22481069],[3.81813399]
[4.47131546],[1.20957726],[3.75999785]
[4.4694401],[1.18811546],[3.7031829]
[4.45549386],[1.1660446],[3.6327492]
[4.45505207],[1.14153669],[3.56214068]
[4.45924306],[1.11827453],[3.50114096]
[4.44752879],[1.09442618],[3.42427875]
[4.44595432],[1.07274471],[3.34542323]
[4.42185574],[1.05259835],[3.2726208]
[3.83784237],[1.0321649],[2.93102007]
[2.17551251],[1.29985203],[1.63748164]
[0.06960607],[0.03047916],[0.00018865]
[1.41210238],[0.51119633],[0.5239392]
[2.42455517],[0.79899371],[1.46166178]
[2.59315686],[0.9216305],[1.80337773]
[2.64440503],[0.99664185],[1.98903226]
[2.98623931],[1.06369363],[2.40808797]
[3.32144154],[1.15910103],[2.94495698]
[3.66301221],[1.20422456],[3.22573534]
[3.87628925],[1.23978022],[3.45338761]
[3.98050614],[1.26250456],[3.60103484]
[4.07948685],[1.27164352],[3.70743255]
[4.10901764],[1.28011398],[3.74580262]
[4.20332247],[1.28814436],[3.83794662]
[4.22526454],[1.29567922],[3.86565256]
[4.31174087],[1.3023732],[3.96644377]
[4.34421744],[1.31167099],[4.00212591]
[4.41799599],[1.31870247],[4.09250767]
[4.46548486],[1.32971291],[4.13464607]
[4.5102652],[1.34042669],[4.21481676]
[4.51996807],[1.35096248],[4.25297483]
[4.51980464],[1.35794832],[4.32870331]
[4.52465372],[1.36274278],[4.37628859]
[4.53130193],[1.36582788],[4.43999733]
[4.51677479],[1.36669843],[4.43683036]
[4.53951157],[1.36585978],[4.48320771]
[4.51676638],[1.36484322],[4.46414405]
[4.56069874],[1.36411054],[4.52653613]
[4.51544816],[1.36455093],[4.48469877]
[4.56669239],[1.365675],[4.55830992]
[4.53684068],[1.36823878],[4.53270072]
[4.59270957],[1.3678524],[4.60066626]
[4.59306961],[1.37444716],[4.61710226]
[4.62071435],[1.371251],[4.65373798]
[4.61514542],[1.36904818],[4.64201715]
[4.64025317],[1.36292584],[4.65199378]
[4.63101682],[1.35443202],[4.60182229]
[4.6195228],[1.34608488],[4.56115658]
[4.61619146],[1.33295888],[4.46998939]
[4.60275026],[1.32160417],[4.38685756]
[4.57971808],[1.31065949],[4.29922361]
[4.54256374],[1.29890732],[4.19954647]
[4.51640097],[1.28548142],[4.09441284]
[4.5196179],[1.27407024],[4.03746917]
[4.51203785],[1.26278063],[3.97740869]
[4.51119137],[1.24641117],[3.91068011]
[4.50758765],[1.23149954],[3.8505262]
[4.5061073],[1.21116861],[3.79337579]
[4.49268336],[1.18948257],[3.72441126]
[4.49576396],[1.16540342],[3.65437399]
[4.49969689],[1.1425511],[3.59199177]
[4.48526406],[1.12110673],[3.5173991]
[4.48820596],[1.10000822],[3.44526833]
[4.46629712],[1.08102909],[3.370376]
[3.87196145],[1.06135904],[3.01241108]
[2.13486551],[1.33951318],[1.69812015]
[0.],[0.],[0.]
[1.39894369],[0.49521198],[0.50717159]
[2.43521251],[0.80550948],[1.49321888]
[2.57855966],[0.93386146],[1.82139597]
[2.73664127],[1.0089885],[2.06751734]
[3.02583783],[1.09377317],[2.51762855]
[3.35412589],[1.18670969],[3.04872529]
[3.68670025],[1.23222361],[3.33431996]
[3.94325659],[1.26716922],[3.56821374]
[4.02063094],[1.29079553],[3.71331967]
[4.1406014],[1.29804683],[3.82524978]
[4.15302209],[1.30608481],[3.86674092]
[4.2556666],[1.31467665],[3.96847385]
[4.26947007],[1.32202654],[3.98921632]
[4.36317747],[1.3299363],[4.10384028]
[4.39040265],[1.33995747],[4.12496816]
[4.46883545],[1.34502199],[4.24026394]
[4.50445835],[1.35474176],[4.31507659]
[4.57385653],[1.36416195],[4.43250212]
[4.54217203],[1.37312679],[4.44868044]
[4.59022415],[1.37926295],[4.55256094]
[4.56266553],[1.3837943],[4.56532158]
[4.60941421],[1.38700791],[4.65192639]
[4.57660482],[1.38827371],[4.62837186]
[4.61327654],[1.38775308],[4.69818425]
[4.59116943],[1.38675977],[4.6660873]
[4.6262693],[1.38656609],[4.74921163]
[4.59910882],[1.38617843],[4.69198266]
[4.6322607],[1.38830454],[4.79093118]
[4.61877721],[1.39401597],[4.76270168]
[4.660614],[1.39675519],[4.8669144]
[4.65615163],[1.40631509],[4.89604292]
[4.67935974],[1.40729996],[4.97140709]
[4.674013],[1.40673566],[4.97180911]
[4.69941466],[1.39963637],[5.00953463]
[4.70000661],[1.38634924],[4.96021646]
[4.6889914],[1.37286665],[4.92129887]
[4.6867554],[1.35517797],[4.77996448]
[4.67635048],[1.34360336],[4.64620566]
[4.65887884],[1.33245275],[4.52242402]
[4.63450718],[1.32022106],[4.42125628]
[4.61087572],[1.30654071],[4.32232925]
[4.59330019],[1.29503151],[4.23457625]
[4.56994614],[1.28447396],[4.13633265]
[4.54685265],[1.27078753],[4.04795596]
[4.53575206],[1.2571275],[3.9791822]
[4.53660325],[1.23864849],[3.91418226]
[4.52725029],[1.21764653],[3.83882586]
[4.52547093],[1.19444315],[3.767201]
[4.52341449],[1.17411589],[3.70644988]
[4.51021132],[1.15644366],[3.63819745]
[4.51449025],[1.13706571],[3.57504994]
[4.49941302],[1.11912652],[3.50868188]
[3.93808143],[1.10096294],[3.16904682]
[2.10464133],[1.36876804],[1.76690876]
[0.11642671],[0.08607885],[0.00299483]
[1.44515457],[0.49383345],[0.5154774]
[2.44760259],[0.81432719],[1.52195528]
[2.59286547],[0.94593104],[1.84974969]
[2.83473654],[1.01823198],[2.22515583]
[3.12798832],[1.1297504],[2.69375946]
[3.39820816],[1.21868119],[3.16777876]
[3.73528427],[1.26425758],[3.46911799]
[4.00108254],[1.29680203],[3.6986228]
[4.07328379],[1.32157718],[3.85530979]
[4.18030366],[1.32707169],[3.96570306]
[4.19548869],[1.33505875],[3.99437657]
[4.29440162],[1.34316832],[4.11765446]
[4.31365359],[1.35170402],[4.12670867]
[4.40108689],[1.35906352],[4.26910241]
[4.43387579],[1.36651807],[4.34789826]
[4.53531571],[1.36993809],[4.50901614]
[4.57163434],[1.37781688],[4.56603721]
[4.63505515],[1.38644327],[4.67905857]
[4.62947311],[1.39601648],[4.69507784]
[4.64989221],[1.40355388],[4.80851792]
[4.64180326],[1.4103819],[4.81782341]
[4.66426811],[1.41617667],[4.94974821]
[4.65528787],[1.42073367],[4.94222323]
[4.67551442],[1.42339336],[5.06172116]
[4.68289683],[1.42619967],[5.04982953]
[4.70085887],[1.42974126],[5.19620411]
[4.71575699],[1.43280399],[5.15585403]
[4.72674836],[1.43751401],[5.30272992]
[4.74546739],[1.45080043],[5.29945021]
[4.7652476],[1.45205451],[5.43097115]
[4.77518201],[1.46716118],[5.47448836]
[4.79019653],[1.47287655],[5.55926797]
[4.80009785],[1.47085605],[5.5730607]
[4.8099672],[1.45227397],[5.58575821]
[4.81722359],[1.43749125],[5.54641363]
[4.80491151],[1.42087693],[5.48181019]
[4.80576937],[1.40173888],[5.36095212]
[4.80367181],[1.3831054],[5.17746624]
[4.78690205],[1.364508],[4.98625517]
[4.74849435],[1.34582737],[4.78884382]
[4.71092753],[1.33018499],[4.62648724]
[4.67721354],[1.31912091],[4.49033404]
[4.64919133],[1.30921377],[4.38973591]
[4.63774595],[1.29589452],[4.29863654]
[4.620213],[1.28480037],[4.21907129]
[4.60342854],[1.27299145],[4.14249451]
[4.57223717],[1.25433729],[4.04865679]
[4.55524834],[1.2348454],[3.9526676]
[4.55836838],[1.21724119],[3.8683584]
[4.5516528],[1.20018912],[3.80302035]
[4.56442968],[1.18206712],[3.74409546]
[4.55571914],[1.16539396],[3.67650055]
[3.98796232],[1.14852055],[3.33194729]
[2.0380658],[1.39719078],[1.88188255]
[0.12018946],[0.12589511],[0.00516037]
[1.50048659],[0.49611887],[0.53071997]
[2.4596182],[0.82284638],[1.55047162]
[2.61270664],[0.95591832],[1.8819154]
[2.91747988],[1.02540262],[2.34589699]
[3.2083655],[1.15662665],[2.82652289]
[3.44970117],[1.24321632],[3.26330069]
[3.78473849],[1.2916285],[3.57482876]
[4.07245735],[1.32274148],[3.82248957]
[4.12340242],[1.34667685],[3.97336178]
[4.21963872],[1.35212824],[4.1006862]
[4.2401015],[1.35999262],[4.1170009]
[4.33297242],[1.3688241],[4.26746133]
[4.35940221],[1.37512807],[4.33610443]
[4.44358496],[1.38395291],[4.51811956]
[4.49212342],[1.40067924],[4.60694141]
[4.62054588],[1.40821925],[4.79592054]
[4.67121363],[1.42037785],[4.88586895]
[4.71191378],[1.43234229],[5.06782105]
[4.73863489],[1.44460914],[5.10600337]
[4.74755807],[1.45448723],[5.28541107]
[4.77334472],[1.4628432],[5.33403969]
[4.77448164],[1.47001071],[5.51344846]
[4.79784266],[1.4765236],[5.53305634]
[4.79482369],[1.47998922],[5.65392191]
[4.82767471],[1.48611957],[5.67207406]
[4.81467056],[1.48659032],[5.77110462]
[4.85131869],[1.5019996],[5.78259288]
[4.8389524],[1.50302187],[5.88274068]
[4.89379077],[1.52068192],[5.93195885]
[4.90258094],[1.52160768],[6.04029413]
[5.05179947],[1.53585388],[6.15575439]
[5.07335486],[1.54293515],[6.21984952]
[5.19941441],[1.53908924],[6.35004916]
[5.22832316],[1.53576131],[6.36284093]
[5.27894585],[1.52100677],[6.4061739]
[5.24056254],[1.50013602],[6.32270697]
[5.20765357],[1.45956063],[6.19176479]
[5.18579239],[1.44233982],[5.99458466]
[5.13020393],[1.42737103],[5.74759419]
[4.91114728],[1.41167232],[5.49297928]
[4.86013443],[1.39229615],[5.26529651]
[4.84285025],[1.37436762],[5.08095388]
[4.81683368],[1.35691271],[4.88398836]
[4.80725001],[1.33699199],[4.73134477]
[4.78534727],[1.31808245],[4.58714273]
[4.75526271],[1.29898596],[4.44782352]
[4.70941896],[1.28127705],[4.32692063]
[4.68517214],[1.26545745],[4.20612554]
[4.6667346],[1.24829784],[4.08146935]
[4.63364969],[1.23089054],[3.97110214]
[4.6221107],[1.21203321],[3.88569011]
[4.59546912],[1.19578723],[3.80588563]
[4.03075359],[1.17932212],[3.45341846]
[2.01975878],[1.41892716],[2.06629739]
[0.07668819],[0.11683848],[0.00217723]
[1.52437617],[0.50655938],[0.57357692]
[2.47227901],[0.83374673],[1.58192931]
[2.63229893],[0.96520383],[1.91905044]
[2.98653867],[1.05172531],[2.46230529]
[3.27291404],[1.18189693],[2.95030433]
[3.50080684],[1.26620632],[3.35411927]
[3.85893734],[1.31542042],[3.69015356]
[4.13392497],[1.34475433],[3.95600877]
[4.16040013],[1.36763664],[4.09828245]
[4.26072462],[1.37264836],[4.26104421]
[4.29407833],[1.38167217],[4.35812824]
[4.38314316],[1.39952089],[4.54527905]
[4.41898255],[1.41881949],[4.64849693]
[4.57036958],[1.43507125],[4.88935651]
[4.65446404],[1.45107996],[5.01835706]
[4.73635647],[1.4612104],[5.27549768]
[4.80886094],[1.47950145],[5.4159793]
[4.82568351],[1.48604466],[5.6477257]
[4.86784336],[1.50880409],[5.69894814]
[4.85236361],[1.50785548],[5.84674651]
[4.9121744],[1.5267909],[5.92846359]
[4.90433599],[1.53040337],[6.08547]
[5.04231838],[1.54191169],[6.1965457]
[5.09852612],[1.55849919],[6.31401389]
[5.2007485],[1.55691627],[6.42967827]
[5.24770297],[1.57208673],[6.55215453]
[5.32144398],[1.56995854],[6.63513802]
[5.34779303],[1.58097109],[6.74284031]
[5.40214657],[1.58835919],[6.83962756]
[5.43952984],[1.60446109],[6.98179762]
[5.47625072],[1.61337353],[7.12539975]
[5.54304959],[1.63530793],[7.26418517]
[5.57634445],[1.65179883],[7.35139605]
[5.72610267],[1.67046257],[7.47123857]
[5.76828735],[1.67231544],[7.49236672]
[5.81991413],[1.65185377],[7.51621214]
[5.74273741],[1.61438542],[7.36329834]
[5.71916058],[1.54294558],[7.16353005]
[5.70443063],[1.50630675],[6.90858606]
[5.63918293],[1.47136164],[6.60879598]
[5.50426976],[1.45413028],[6.29512652]
[5.40176416],[1.43834399],[6.02098346]
[5.25257533],[1.42016142],[5.72218996]
[5.07724137],[1.39983017],[5.43764195]
[4.95435977],[1.37959141],[5.21410397]
[4.92856372],[1.35903468],[5.0276346]
[4.89728106],[1.33569855],[4.83922791]
[4.8827901],[1.31260929],[4.68633559]
[4.85930459],[1.29119986],[4.51738362]
[4.82033152],[1.27027504],[4.33451107]
[4.80778792],[1.24552657],[4.16619685]
[4.74668394],[1.22441851],[4.01120938]
[4.07315177],[1.20717096],[3.57986916]
[2.0910763],[1.44110511],[2.30675681]
[0.0913297],[0.51432057],[0.01154753]
[1.55087037],[0.51621472],[0.61626558]
[2.47727085],[0.8504385],[1.61529049]
[2.62897714],[0.9784852],[1.9497708]
[3.05171182],[1.08045403],[2.57921077]
[3.30143611],[1.20972845],[3.05968075]
[3.55150566],[1.29396831],[3.45782326]
[3.92416003],[1.34375124],[3.82424446]
[4.18513212],[1.37219271],[4.12844425]
[4.21508092],[1.40210915],[4.33891541]
[4.32398077],[1.41759864],[4.59534864]
[4.3655677],[1.43650271],[4.72389421]
[4.53805854],[1.45420971],[4.96678762]
[4.62901752],[1.48202631],[5.11118951]
[4.72323316],[1.50368219],[5.40087573]
[4.79628002],[1.52812337],[5.57949304]
[4.83206358],[1.53309141],[5.87048272]
[4.93476026],[1.55646554],[6.03599198]
[5.19663741],[1.56174253],[6.28724969]
[5.31822171],[1.5803911],[6.45834168]
[5.36544628],[1.5926536],[6.62760453]
[5.41466809],[1.60420858],[6.80558232]
[5.44575361],[1.6302551],[7.02720503]
[5.48292338],[1.6458797],[7.18415386]
[5.53122617],[1.67209569],[7.37303695]
[5.5468309],[1.68111616],[7.46866688]
[5.65175617],[1.69448371],[7.67779347]
[5.66913374],[1.70882474],[7.74304932]
[5.86856628],[1.72383352],[7.98644178]
[5.88993443],[1.73775817],[8.03814869]
[6.02837143],[1.75733545],[8.31399594]
[6.07105752],[1.78389029],[8.43530821]
[6.13910597],[1.79661767],[8.61437547]
[6.1789296],[1.81447411],[8.70369021]
[6.224865],[1.81567898],[8.79632774]
[6.3274243],[1.81890086],[8.85948016]
[6.30879771],[1.8021549],[8.85281571]
[6.33599025],[1.77227019],[8.79147353]
[6.28706554],[1.73360579],[8.59222876]
[6.27824437],[1.68452661],[8.34417346]
[6.26322381],[1.63414915],[8.02734671]
[6.21531771],[1.56138459],[7.65713216]
[6.11570393],[1.51790635],[7.30235602]
[5.95727708],[1.48775215],[6.94352677]
[5.70966061],[1.47122756],[6.57542166]
[5.61345364],[1.45063889],[6.27125423]
[5.55861973],[1.43016221],[5.98943084]
[5.46830113],[1.40597875],[5.71592211]
[5.34694434],[1.3806117],[5.42938419]
[5.14100623],[1.35780737],[5.16572434]
[4.96281805],[1.33615745],[4.87714365]
[4.94829009],[1.31299585],[4.67526596]
[4.92198943],[1.29258924],[4.49764225]
[4.3481075],[1.27098557],[4.04272032]
[2.25837578],[1.47678474],[2.56408913]
[0.29192848],[0.88493166],[0.22187291]
[1.56888319],[0.52645426],[0.65162225]
[2.48854942],[0.86335028],[1.64477565]
[2.74067218],[0.98513272],[2.0214334]
[3.09757799],[1.11586359],[2.71056653]
[3.33720701],[1.2411994],[3.19691819]
[3.66522883],[1.32960787],[3.65879446]
[3.99011898],[1.38865988],[4.05103899]
[4.22638767],[1.42600191],[4.46479025]
[4.28772911],[1.45429038],[4.75349661]
[4.43519862],[1.46908062],[5.03119889]
[4.55438734],[1.49908361],[5.18068307]
[4.68665366],[1.52457867],[5.49984388]
[4.77470454],[1.56224386],[5.71127092]
[4.81450681],[1.58175323],[6.02246661]
[4.88534977],[1.60146268],[6.21121381]
[5.06701157],[1.62661062],[6.50768116]
[5.37449601],[1.64644979],[6.87298026]
[5.50834142],[1.67293641],[7.27281032]
[5.61321895],[1.69281141],[7.50185483]
[5.79430401],[1.71974716],[7.78039111]
[5.80418158],[1.74075942],[7.92685172]
[5.97690037],[1.76478368],[8.30509948]
[6.01527988],[1.79233592],[8.48003612]
[6.10616028],[1.8169767],[8.78642986]
[6.15646929],[1.83701825],[8.89097614]
[6.19423209],[1.84896232],[9.11019159]
[6.25575731],[1.86250589],[9.19044828]
[6.29246375],[1.87518417],[9.38036029]
[6.40243984],[1.88655344],[9.49637071]
[6.45964757],[1.89645307],[9.70192197]
[6.63051356],[1.9178853],[9.93556852]
[6.6838309],[1.92221368],[10.09950665]
[6.78403521],[1.93456008],[10.29192513]
[6.82931308],[1.93750807],[10.37893618]
[6.89986474],[1.93912465],[10.47358757]
[6.91294359],[1.92512519],[10.47351376]
[6.91683628],[1.89771466],[10.43176282]
[6.91208317],[1.86881362],[10.27994175]
[6.90020167],[1.83455683],[10.01608613]
[6.89366525],[1.7920416],[9.70705296]
[6.89888708],[1.74338033],[9.31835954]
[6.81346267],[1.69454601],[8.88830758]
[6.63789698],[1.64125457],[8.43859614]
[6.42324581],[1.57331982],[8.01324381]
[6.31986182],[1.52684015],[7.67451059]
[6.25562363],[1.499555],[7.34369537]
[6.1635947],[1.47736024],[6.98824258]
[6.05460136],[1.45257076],[6.63050915]
[5.89707267],[1.42868949],[6.29346427]
[5.71653902],[1.40353303],[5.96100855]
[5.64984743],[1.38059504],[5.58498094]
[5.55045589],[1.36052353],[5.2539084]
[4.68701188],[1.34192718],[4.6189729]
[2.45156062],[1.51108226],[2.87722276]
[0.48492362],[0.97402084],[0.37198713]
[1.57605646],[0.53561463],[0.67348859]
[2.49718276],[0.87087122],[1.6624732]
[2.80085261],[0.98736422],[2.0656538]
[3.11857398],[1.13686812],[2.77056619]
[3.35921275],[1.27184556],[3.30356422]
[3.71184117],[1.36950709],[3.81120562]
[4.02885315],[1.4318049],[4.23906549]
[4.26510773],[1.4675172],[4.74440314]
[4.36442758],[1.49564317],[5.03632746]
[4.54670462],[1.52457721],[5.37933746]
[4.6665516],[1.56233715],[5.67096768]
[4.75128075],[1.58917327],[6.07640411]
[4.843441],[1.62467887],[6.33347854]
[4.86217198],[1.66516073],[6.63035402]
[5.08591501],[1.71137364],[6.90330589]
[5.33755711],[1.76693361],[7.38400918]
[5.54953161],[1.80029826],[7.84264698]
[5.86087483],[1.82651859],[8.31998353]
[6.04184371],[1.85004367],[8.67286362]
[6.15173849],[1.87083876],[9.07380858]
[6.21268393],[1.89257534],[9.24998426]
[6.23973185],[1.91040295],[9.56976285]
[6.30488207],[1.93108707],[9.77867986]
[6.35356211],[1.94980649],[10.08463101]
[6.47727272],[1.96343104],[10.30725522]
[6.54163679],[1.97416755],[10.56416339]
[6.68410056],[1.98448222],[10.73649611]
[6.73216764],[1.99278573],[10.94330543]
[6.82708623],[2.00019563],[11.08459997]
[6.87382714],[2.00865844],[11.27153226]
[6.93152847],[2.02423498],[11.43989952]
[6.9950617],[2.02940611],[11.63169812]
[7.04628644],[2.03804372],[11.77162919]
[7.1626819],[2.0412902],[11.93206934]
[7.19097737],[2.04035216],[11.97893697]
[7.32688345],[2.02870386],[12.11800192]
[7.2542438],[2.00860159],[12.05509284]
[7.31248745],[1.98536532],[12.02821907]
[7.24003648],[1.95723889],[11.78061366]
[7.21962562],[1.92962501],[11.46425465]
[7.22104635],[1.89668498],[11.0698168]
[7.21062502],[1.86032899],[10.59356994]
[7.04232094],[1.82074509],[10.07976922]
[6.94493991],[1.77426466],[9.59243349]
[6.8135298],[1.72345407],[9.15397101]
[6.61479033],[1.66781058],[8.66101271]
[6.45241241],[1.60409177],[8.23705087]
[6.39467194],[1.52142399],[7.8234628]
[6.33851263],[1.4935374],[7.45902884]
[6.25101176],[1.46908565],[7.09436714]
[6.14777582],[1.44290961],[6.67533825]
[5.97298613],[1.41922916],[6.08822396]
[5.19228738],[1.39996023],[5.36866997]
[2.61987946],[1.55077718],[3.11380119]
[0.62185184],[1.02401311],[0.49108905]
[1.58191931],[0.54228753],[0.6925497]
[2.50867632],[0.87948938],[1.68289043]
[2.84966447],[0.99207759],[2.10936475]
[3.13905131],[1.15880672],[2.85184621]
[3.40503228],[1.29845027],[3.42886077]
[3.77966938],[1.39967787],[3.95845903]
[4.08918119],[1.46552288],[4.48330435]
[4.31841965],[1.50856984],[4.98914172]
[4.47645872],[1.54368072],[5.3276398]
[4.64532916],[1.57342746],[5.88423906]
[4.7727076],[1.60774986],[6.20423302]
[4.81557267],[1.63752989],[6.54628447]
[4.91928303],[1.69094412],[6.81906536]
[5.03278441],[1.75446991],[7.13640944]
[5.35703398],[1.79982743],[7.62862685]
[5.51849952],[1.8532647],[8.12756836]
[5.75702365],[1.89425431],[8.56462838]
[6.13060093],[1.91732228],[9.24521043]
[6.30090395],[1.9388963],[9.65393667]
[6.38183185],[1.95819467],[10.04056383]
[6.56567877],[1.97840794],[10.33772656]
[6.62481787],[1.99520903],[10.66961074]
[6.75219975],[2.01471992],[10.98054041]
[6.79781242],[2.03194275],[11.29526381]
[6.89869602],[2.04486219],[11.538529]
[6.9102175],[2.05539391],[11.78334197]
[6.99286754],[2.06622805],[11.94433239]
[7.03129654],[2.07402595],[12.19167826]
[7.08818679],[2.08189054],[12.3078019]
[7.24351396],[2.08872909],[12.63349791]
[7.28583559],[2.10231373],[12.7807093]
[7.42028302],[2.1070291],[13.05798481]
[7.46704812],[2.11453834],[13.20555868]
[7.56579003],[2.11807439],[13.35357204]
[7.60735813],[2.11712684],[13.40196341]
[7.64446934],[2.10574092],[13.45587055]
[7.64446687],[2.08818947],[13.45048562]
[7.65849657],[2.06656516],[13.39196436]
[7.65178133],[2.04116515],[13.23477206]
[7.63240624],[2.01502126],[12.90887664]
[7.64136718],[1.9854878],[12.51002202]
[7.64475832],[1.95705171],[12.08124761]
[7.55330792],[1.92458683],[11.56812682]
[7.3724841],[1.88596275],[10.98050142]
[7.18294547],[1.84357458],[10.41719855]
[7.06790667],[1.79645199],[9.91955428]
[6.96576816],[1.73504372],[9.44524406]
[6.85572347],[1.65604478],[8.93004993]
[6.70559398],[1.58264536],[8.40906126]
[6.51753081],[1.51207084],[7.93699907]
[6.48286543],[1.48631075],[7.50935148]
[6.43390784],[1.46335822],[7.06428543]
[5.72873369],[1.44279966],[6.13765911]
[2.75546763],[1.59224724],[3.32391777]
[0.79161365],[1.06469701],[0.63149517]
[1.58054397],[0.553277],[0.71048742]
[2.51212233],[0.89580796],[1.71064476]
[2.87744337],[1.00540234],[2.17877042]
[3.18000836],[1.18864516],[2.97436009]
[3.5280478],[1.33921105],[3.58775552]
[3.87651006],[1.4434745],[4.13950117]
[4.12689155],[1.52035353],[4.71733782]
[4.45340787],[1.56016362],[5.27957925]
[4.63501742],[1.59265742],[5.74767664]
[4.73964055],[1.62241032],[6.33524074]
[4.83787999],[1.66285713],[6.67452054]
[4.86862283],[1.72099677],[6.98374172]
[5.09453631],[1.77433374],[7.34627186]
[5.31222386],[1.8351404],[7.84526086]
[5.50509864],[1.87939637],[8.30793542]
[5.73396326],[1.92930393],[8.85877669]
[6.06730823],[1.96775975],[9.453503]
[6.26159702],[1.98931123],[10.04293586]
[6.57367584],[2.00896777],[10.55155012]
[6.73215381],[2.02687092],[11.09454527]
[6.85792204],[2.04603603],[11.44404296]
[6.89636899],[2.0625327],[11.75565505]
[6.96416252],[2.08111482],[12.01281539]
[7.02657898],[2.09695451],[12.3674981]
[7.13652235],[2.1093725],[12.62355759]
[7.34453812],[2.11891051],[13.04700456]
[7.35060301],[2.12898084],[13.20372455]
[7.47432941],[2.13598049],[13.58470159]
[7.50173379],[2.14333532],[13.70710208]
[7.58526454],[2.14939542],[13.97910923]
[7.64601669],[2.16111966],[14.144977]
[7.68388272],[2.16509875],[14.33376098]
[7.78947504],[2.17137391],[14.53138421]
[7.81949731],[2.17465999],[14.604444]
[7.9876272],[2.17446725],[14.77698436]
[8.01527438],[2.16455688],[14.81353752]
[8.11977241],[2.14915054],[14.90546138]
[8.13903949],[2.12929525],[14.79793711]
[8.14352169],[2.10593861],[14.68715932]
[8.0987456],[2.08183314],[14.36451052]
[8.0550229],[2.05532762],[13.95937525]
[8.02574736],[2.02994966],[13.52854242]
[7.89227823],[2.00152765],[12.97069412]
[7.76651729],[1.97030738],[12.3623786]
[7.66524797],[1.93452008],[11.81919653]
[7.52992073],[1.89316056],[11.26508351]
[7.30671762],[1.84233561],[10.6542959]
[7.155983],[1.77034518],[10.08044363]
[7.10467289],[1.69710803],[9.54784511]
[7.02360471],[1.62474654],[9.0252155]
[6.93652286],[1.54450074],[8.49377401]
[6.81173087],[1.50732692],[7.98506835]
[6.01980286],[1.4870906],[7.05830007]
[2.89228076],[1.63297485],[3.51165532]
[0.93908892],[1.09206713],[0.80353885]
[1.60063245],[0.57821358],[0.76574435]
[2.5442717],[0.91321602],[1.75882147]
[2.9970174],[1.0193636],[2.35862068]
[3.25808748],[1.22458664],[3.14658855]
[3.67250681],[1.39125599],[3.79268215]
[3.96148245],[1.50407291],[4.38254448]
[4.19038628],[1.5717394],[5.00148939]
[4.56755806],[1.60972065],[5.632446]
[4.75686874],[1.63854841],[6.23351502]
[4.81177054],[1.69547451],[6.77092254]
[4.9112377],[1.74807217],[7.11504439]
[5.01634783],[1.80219732],[7.52162608]
[5.33651],[1.85536406],[8.03656054]
[5.47746143],[1.91171847],[8.50975983]
[5.62933654],[1.95421698],[8.97380074]
[6.02324433],[1.9972633],[9.71458491]
[6.26947622],[2.03322578],[10.27058387]
[6.44100615],[2.05391789],[10.8470065]
[6.84325573],[2.0733274],[11.55206543]
[6.96123144],[2.09023378],[12.08833461]
[7.05534278],[2.10810623],[12.47961583]
[7.21253816],[2.12287144],[12.92840469]
[7.29541715],[2.13993151],[13.20597314]
[7.48636457],[2.15392154],[13.70409157]
[7.56449156],[2.16553822],[13.9887036]
[7.64937555],[2.17753751],[14.3402038]
[7.72057744],[2.19258453],[14.60477754]
[7.79489243],[2.20076968],[14.88908177]
[7.92518826],[2.2095892],[15.12344232]
[8.04930761],[2.21709233],[15.36809426]
[8.18261346],[2.22286663],[15.6847684]
[8.22397824],[2.23013422],[15.85212465]
[8.29975186],[2.23734946],[16.12890362]
[8.32709617],[2.25093821],[16.20819069]
[8.36156201],[2.26544523],[16.31876673]
[8.40701109],[2.25938632],[16.32982428]
[8.4376792],[2.24417331],[16.35277447]
[8.60364647],[2.21599636],[16.34884367]
[8.52516773],[2.16757551],[16.17346198]
[8.56898929],[2.13914275],[15.92187149]
[8.44600689],[2.1144372],[15.49939323]
[8.41582112],[2.09159525],[15.03684248]
[8.37411265],[2.06611756],[14.56231468]
[8.30166354],[2.03807058],[13.94635563]
[8.09008239],[2.00773189],[13.3090787]
[7.91141809],[1.97136845],[12.64618498]
[7.78153733],[1.92627669],[12.0408581]
[7.67688623],[1.86445495],[11.44280748]
[7.53959474],[1.79997341],[10.86679649]
[7.34723314],[1.72955188],[10.19583509]
[7.24509562],[1.65223497],[9.55521443]
[7.20884137],[1.57753491],[9.05690274]
[6.522185],[1.52952444],[8.20142242]
[3.13192356],[1.66255941],[3.77163391]
[1.12519805],[1.14280322],[1.04258214]
[1.62117423],[0.60471995],[0.82437167]
[2.57041839],[0.93138362],[1.82552274]
[3.09840485],[1.03847751],[2.50778865]
[3.36123697],[1.25505451],[3.30755694]
[3.79253298],[1.43413384],[3.98865204]
[4.03191115],[1.54732758],[4.64803925]
[4.3602008],[1.60915733],[5.29873524]
[4.65725018],[1.64672894],[6.03949672]
[4.85345216],[1.69916049],[6.67100034]
[4.87074753],[1.77543625],[7.16920016]
[5.04693565],[1.83215611],[7.66718976]
[5.26836601],[1.88528002],[8.19628577]
[5.49987352],[1.94053362],[8.70234704]
[5.6175553],[1.99382462],[9.21848904]
[5.93622954],[2.03643487],[9.82931493]
[6.20607379],[2.07366071],[10.54762866]
[6.46246587],[2.10177816],[11.14728961]
[6.77810686],[2.12085214],[11.88760223]
[7.02246296],[2.13777406],[12.57641766]
[7.23262298],[2.15302881],[13.23065858]
[7.36311552],[2.16918085],[13.74474788]
[7.50874051],[2.18601597],[14.29966767]
[7.582756],[2.20874694],[14.59325217]
[7.69590958],[2.22752372],[14.97876641]
[7.85244083],[2.24680258],[15.36000811]
[8.07342969],[2.26364828],[15.74211469]
[8.1932226],[2.29235995],[16.14208838]
[8.28618797],[2.32832146],[16.45436832]
[8.35497631],[2.34076061],[16.78194267]
[8.43135352],[2.35207897],[17.0265619]
[8.48283176],[2.36656935],[17.29425343]
[8.59368466],[2.37422855],[17.49964279]
[8.64032776],[2.38804083],[17.69461424]
[8.84940368],[2.39192166],[17.87527218]
[8.90994515],[2.40314627],[17.97466773]
[9.00560804],[2.41802574],[18.15237701]
[9.04613601],[2.40428913],[18.12000397]
[9.09312115],[2.37063235],[18.13536838]
[9.10318276],[2.31138457],[17.93307655]
[9.0828915],[2.25416714],[17.73204861]
[9.06251531],[2.19145107],[17.29404279]
[9.02886099],[2.15310606],[16.87148178]
[9.00709374],[2.13160365],[16.35600197]
[8.89956089],[2.10718184],[15.71644338]
[8.5850749],[2.08122582],[14.9809337]
[8.4697013],[2.04968863],[14.31744386]
[8.289154],[2.01445437],[13.66446107]
[8.04400114],[1.9639817],[12.9235617]
[7.9153331],[1.9103672],[12.26312491]
[7.83304906],[1.85042177],[11.64691126]
[7.77228266],[1.78133136],[10.97696244]
[7.67019688],[1.71276687],[10.28206649]
[6.84306487],[1.65150716],[9.22014308]
[3.50598014],[1.71603813],[4.10846607]
[1.2052153],[1.17584487],[1.18033487]
[1.64522804],[0.6310478],[0.88487209]
[2.57790446],[0.95058185],[1.9113501]
[3.20047808],[1.07225155],[2.65301694]
[3.50026509],[1.28484722],[3.47313514]
[3.89458896],[1.47982538],[4.22660708]
[4.12635218],[1.58941797],[4.92099156]
[4.52670292],[1.64394892],[5.61308298]
[4.73055844],[1.67951356],[6.43147351]
[4.93298974],[1.77551261],[7.06088637]
[4.96549192],[1.84500693],[7.57265753]
[5.30304731],[1.9116197],[8.26560791]
[5.43160306],[1.96029284],[8.75815184]
[5.62158985],[2.00877018],[9.27324492]
[5.91707936],[2.05686254],[9.97712144]
[6.20198102],[2.09813661],[10.62025014]
[6.34343857],[2.13488017],[11.25618824]
[6.78926924],[2.16135526],[12.11544793]
[6.97069641],[2.1888884],[12.84873798]
[7.20023099],[2.21328985],[13.55780281]
[7.52698832],[2.23561043],[14.48750517]
[7.6896225],[2.25959988],[15.05879334]
[7.71780301],[2.27984404],[15.53423807]
[7.89636871],[2.31482727],[15.9668872]
[8.10092066],[2.35473211],[16.39841186]
[8.26790764],[2.39568202],[16.91951396]
[8.39004959],[2.43163445],[17.32425361]
[8.46520652],[2.46900673],[17.76311439]
[8.55744008],[2.49367333],[18.08390444]
[8.58707347],[2.50669472],[18.38387751]
[8.85947166],[2.5191356],[18.73615434]
[8.9621149],[2.53342006],[18.99108066]
[9.09733089],[2.5413576],[19.32362993]
[9.1695213],[2.55312511],[19.51808906]
[9.22651238],[2.55804763],[19.76224409]
[9.26767062],[2.57066931],[19.8611351]
[9.28869762],[2.57769316],[19.95289467]
[9.41026492],[2.5709209],[19.95107782]
[9.50028159],[2.53763502],[19.93202871]
[9.65133328],[2.48809848],[19.89748694]
[9.59312718],[2.43494636],[19.59301002]
[9.60669585],[2.37020458],[19.23552394]
[9.50563701],[2.2997044],[18.67517983]
[9.44514928],[2.22966286],[18.13232697]
[9.37125836],[2.16277005],[17.5252614]
[9.18580639],[2.13980518],[16.8711865]
[9.0288951],[2.11206047],[16.10124901]
[8.78262022],[2.08029505],[15.26961017]
[8.576567],[2.03609063],[14.50151793]
[8.4455015],[1.99034401],[13.82612962]
[8.20873883],[1.93850023],[13.07568161]
[8.07386656],[1.87803672],[12.29303587]
[8.03401905],[1.81581278],[11.55198942]
[7.28202836],[1.75535741],[10.45930586]
[3.86050174],[1.76079253],[4.51630663]
[1.28191268],[1.21742094],[1.31123114]
[1.64651959],[0.64795398],[0.91934036]
[2.57518548],[0.96973454],[1.96910698]
[3.28745067],[1.10263028],[2.77966228]
[3.6217176],[1.31925306],[3.63681041]
[3.94066795],[1.5259096],[4.43714606]
[4.27846005],[1.62997069],[5.19431413]
[4.60478513],[1.68327727],[5.93712174]
[4.78502003],[1.74391343],[6.79741305]
[5.04302701],[1.84535112],[7.43641322]
[5.24076468],[1.91449514],[8.17031503]
[5.45540805],[1.98272368],[8.81892885]
[5.54340565],[2.02828947],[9.31579352]
[5.76764861],[2.07585063],[9.91126304]
[6.12250847],[2.11987581],[10.71326815]
[6.33097518],[2.15804747],[11.34567309]
[6.63006215],[2.2021783],[12.17608088]
[6.96346501],[2.25640158],[13.05339106]
[7.14422202],[2.28600578],[13.82422049]
[7.49400116],[2.31133767],[14.72054984]
[7.69714136],[2.35803526],[15.61475325]
[7.89043846],[2.39835205],[16.3049733]
[8.10166273],[2.43340374],[16.87192503]
[8.2814933],[2.47003985],[17.43401724]
[8.40263149],[2.5000912],[17.86337264]
[8.49764895],[2.5349627],[18.33937994]
[8.70005409],[2.56643521],[18.79615141]
[8.8283725],[2.60119975],[19.21307148]
[9.05602083],[2.61973528],[19.73957331]
[9.11537208],[2.63999531],[20.06477414]
[9.22692405],[2.66242222],[20.54126593]
[9.29647602],[2.68212008],[20.83893963]
[9.34157244],[2.69455571],[21.1128864]
[9.40852013],[2.70941621],[21.34067462]
[9.48514991],[2.71854722],[21.52502199]
[9.74710376],[2.7342366],[21.79355902]
[9.82694901],[2.74275998],[21.87355052]
[9.92368767],[2.73195893],[22.00466969]
[9.98670895],[2.69293278],[21.93377165]
[10.01199064],[2.64833303],[21.91848393]
[10.01422638],[2.5987318],[21.67195522]
[9.99007279],[2.53516834],[21.33167]
[9.99548977],[2.4753074],[20.78108396]
[9.9659705],[2.41449916],[20.22119121]
[9.95482961],[2.34284869],[19.55007458]
[9.9247129],[2.27695836],[18.86260074]
[9.73808827],[2.21695875],[18.03619976]
[9.26401196],[2.15301602],[17.15406057]
[9.12022808],[2.10151739],[16.3504605]
[8.93584912],[2.0620425],[15.50281702]
[8.62404435],[2.01892573],[14.65969162]
[8.53794891],[1.96841866],[13.86104544]
[8.41617647],[1.91700196],[13.07929072]
[7.78898667],[1.86220908],[11.8068539]
[4.28688218],[1.79623035],[4.98695601]
[1.3595186],[1.25381879],[1.42834848]
[1.6695178],[0.66998562],[0.97376309]
[2.58727512],[0.98681231],[2.05201941]
[3.40977898],[1.14664323],[2.99154324]
[3.72531075],[1.37943734],[3.86575914]
[4.0120688],[1.58082085],[4.72892169]
[4.42284439],[1.67368678],[5.51343121]
[4.70933961],[1.72138952],[6.35426315]
[4.8376946],[1.81591373],[7.17066217]
[5.26392497],[1.91413294],[7.9784297]
[5.40962799],[1.98344446],[8.76386567]
[5.58415475],[2.04590429],[9.37432625]
[5.75977643],[2.08791348],[10.02207637]
[6.10529561],[2.13539947],[10.76343641]
[6.26753975],[2.17288653],[11.42359295]
[6.63264355],[2.23208568],[12.29232648]
[6.88105732],[2.28337305],[13.13927368]
[7.11173287],[2.3424669],[13.96574079]
[7.45319494],[2.37334098],[14.99861928]
[7.72921212],[2.43869302],[15.88913907]
[7.88569703],[2.48175369],[16.72794494]
[8.25723005],[2.52058065],[17.68736823]
[8.41403026],[2.55471194],[18.3250421]
[8.51085041],[2.59078758],[18.8526125]
[8.76001274],[2.62084267],[19.37115871]
[8.90970374],[2.66280546],[19.85183697]
[9.14151847],[2.6882553],[20.48881718]
[9.25757009],[2.72817917],[20.94865366]
[9.32779871],[2.75498914],[21.48580122]
[9.39244626],[2.78411125],[21.87889929]
[9.42389713],[2.81420808],[22.28415406]
[9.73190809],[2.8377697],[22.77090369]
[9.84624413],[2.84985336],[23.06907153]
[9.97946906],[2.8691342],[23.51179175]
[10.06105272],[2.87796095],[23.7296028]
[10.10656288],[2.89817956],[24.04583362]
[10.15701531],[2.90635516],[24.13703344]
[10.18706538],[2.88948725],[24.19523588]
[10.32617766],[2.85533502],[24.14496018]
[10.37938923],[2.81276995],[24.05606648]
[10.44716178],[2.76546435],[23.92033191]
[10.38567292],[2.6985518],[23.52970617]
[10.40220135],[2.63564285],[23.06327325]
[10.37947816],[2.57243045],[22.33886278]
[10.35579676],[2.50505407],[21.65237165]
[10.35148327],[2.44797222],[20.94639959]
[10.27066625],[2.39787395],[20.1700886]
[10.01288925],[2.33728145],[19.21402363]
[9.82576338],[2.26339343],[18.2854485]
[9.44825715],[2.19471254],[17.34681004]
[9.18390581],[2.09413643],[16.50256247]
[9.0431384],[2.04187708],[15.58154012]
[8.80597876],[1.99659991],[14.69347902]
[8.23093642],[1.94928429],[13.27060724]
[4.62400232],[1.82773276],[5.65345709]
[1.69645165],[1.30436219],[1.7161777]
[1.69271743],[0.80245705],[1.13927218]
[2.59864007],[1.00152157],[2.13164726]
[3.45226369],[1.18432129],[3.17719362]
[3.81379612],[1.42873169],[4.10243846]
[4.12160772],[1.62626421],[5.00679983]
[4.53927128],[1.70979168],[5.85375845]
[4.79848269],[1.78883464],[6.80285229]
[4.94624541],[1.89429482],[7.61371011]
[5.42372526],[1.99058235],[8.58621494]
[5.53053119],[2.05693623],[9.32718235]
[5.72068212],[2.10928891],[9.99337799]
[6.04392321],[2.14987012],[10.83377482]
[6.30655552],[2.19736652],[11.56055328]
[6.53802822],[2.25394932],[12.34860304]
[6.89832726],[2.31443385],[13.31030597]
[7.0590746],[2.36575537],[14.14380627]
[7.37592923],[2.42649169],[15.10460679]
[7.65832701],[2.47108422],[16.13714986]
[7.92033472],[2.54638398],[17.02667651]
[8.23446662],[2.58319526],[18.00617017]
[8.52759953],[2.61866177],[18.941284]
[8.76745654],[2.64995424],[19.66864486]
[8.93712583],[2.69303064],[20.28119235]
[9.16325497],[2.72986341],[21.01955866]
[9.28801357],[2.77320715],[21.56250584]
[9.36081608],[2.81268],[22.11564785]
[9.54046642],[2.85903827],[22.66915528]
[9.78207154],[2.89263097],[23.23555828]
[9.92667929],[2.93261553],[23.9060244]
[10.04825207],[2.9710656],[24.46001506]
[10.11776364],[2.99598238],[25.04502052]
[10.19440369],[3.00843942],[25.42518714]
[10.2292088],[3.02891719],[25.83304596]
[10.38995327],[3.04094781],[26.09915932]
[10.46963123],[3.06235579],[26.27983245]
[10.66897406],[3.07441017],[26.56420827]
[10.77272845],[3.04995639],[26.63105474]
[10.84524571],[3.02776112],[26.78962964]
[10.91667973],[2.99162738],[26.69598343]
[10.8837981],[2.94451734],[26.59107623]
[10.9159092],[2.87278974],[26.20257062]
[10.86266921],[2.79999791],[25.77732486]
[10.90608065],[2.7350818],[25.09924953]
[10.84922242],[2.6651155],[24.29573541]
[10.84610055],[2.60119481],[23.48586467]
[10.84007224],[2.54608101],[22.55061971]
[10.70462583],[2.49195949],[21.52271321]
[10.38678655],[2.43658767],[20.53251703]
[10.08750096],[2.38307514],[19.52464216]
[9.88699784],[2.29449413],[18.5740158]
[9.5367493],[2.16042504],[17.52269829]
[9.29920736],[2.07442328],[16.59327592]
[8.84564174],[2.03527474],[15.00294919]
[5.09713804],[1.8852502],[6.73871819]
[2.10742664],[1.34723936],[2.16082699]
[1.71970381],[0.95956846],[1.33683256]
[2.60727089],[1.01576117],[2.20694188]
[3.46809974],[1.24028785],[3.37821042]
[3.91772121],[1.47800903],[4.34418686]
[4.22910487],[1.66500583],[5.27292346]
[4.63215692],[1.74239565],[6.21397038]
[4.92163279],[1.85997655],[7.24223073]
[5.18758277],[1.96506417],[8.09683947]
[5.54605148],[2.05908331],[9.1449623]
[5.69784496],[2.12174422],[9.92635377]
[6.04171694],[2.16852736],[10.77490786]
[6.22371759],[2.22113849],[11.56867306]
[6.53470801],[2.2869232],[12.48225051]
[6.81566874],[2.34309831],[13.38582475]
[7.07104348],[2.40533714],[14.27974813]
[7.41183859],[2.46324109],[15.36551829]
[7.67633129],[2.56863766],[16.3984832]
[7.82121245],[2.61200629],[17.29415913]
[8.24447455],[2.65425945],[18.38869831]
[8.4683239],[2.69133033],[19.31086293]
[8.74986461],[2.731153],[20.25645279]
[9.12308266],[2.77127796],[21.27748357]
[9.29793348],[2.8167309],[22.05225181]
[9.3735706],[2.85832351],[22.67155833]
[9.60613485],[2.90847634],[23.31037444]
[9.8566593],[2.95304088],[23.94676819]
[10.04613178],[3.00333006],[24.71858517]
[10.16737728],[3.04070915],[25.36194214]
[10.2264299],[3.08576716],[26.07268643]
[10.38017593],[3.12856822],[26.63132891]
[10.46952008],[3.15036484],[27.13816425]
[10.65637416],[3.16541931],[27.73936213]
[10.7896386],[3.18851301],[28.2033276]
[10.90092719],[3.20693534],[28.74718847]
[10.98609004],[3.23013015],[28.98485116]
[11.04182897],[3.24717601],[29.31707908]
[11.20401434],[3.23273453],[29.41195402]
[11.32252306],[3.22950819],[29.49368603]
[11.44961949],[3.19388653],[29.45928311]
[11.54263479],[3.15646868],[29.37494752]
[11.50830345],[3.09205501],[29.29401513]
[11.53422879],[3.00207109],[28.83342616]
[11.49602887],[2.91785275],[28.33215458]
[11.52701446],[2.83438879],[27.41436509]
[11.48170278],[2.7699213],[26.31250568]
[11.48486879],[2.71156591],[25.31661384]
[11.46314831],[2.65383631],[24.2741068]
[11.20991641],[2.59337276],[23.00854142]
[10.79860433],[2.53947742],[21.83748235]
[10.48698354],[2.48517617],[20.80811529]
[10.17221168],[2.37948373],[19.72729778]
[9.94319803],[2.24832344],[18.70906142]
[9.36019623],[2.11392479],[16.89203405]
[6.12358218],[1.94306787],[8.07549788]
[3.04348358],[1.39551767],[3.03741426]
[1.71269477],[1.04020613],[1.65182252]
[2.60415784],[1.03118999],[2.26746506]
[3.44743243],[1.29332266],[3.54285044]
[4.02325061],[1.52301022],[4.59769211]
[4.37568988],[1.70327302],[5.54099574]
[4.74107677],[1.79275707],[6.63699442]
[5.02744108],[1.9260749],[7.67815171]
[5.33652264],[2.03019101],[8.60802783]
[5.64898862],[2.11758466],[9.6689662]
[5.96410267],[2.17471015],[10.581044]
[6.24187587],[2.24489232],[11.48762346]
[6.43817226],[2.30228309],[12.35036654]
[6.81677143],[2.36670141],[13.45297319]
[7.01978152],[2.42426081],[14.3332325]
[7.30061814],[2.51031195],[15.32260071]
[7.63421721],[2.59437241],[16.53786184]
[7.8502828],[2.68467811],[17.51783356]
[8.1540668],[2.72342639],[18.47188082]
[8.46036955],[2.75960373],[19.59163206]
[8.67840521],[2.7960148],[20.51525795]
[9.09648105],[2.84278689],[21.68187877]
[9.32257617],[2.88639895],[22.68895615]
[9.60304666],[2.93623498],[23.58102022]
[9.8667647],[2.98118885],[24.37480897]
[10.05666188],[3.0333376],[25.21996306]
[10.17446992],[3.08038848],[25.917529]
[10.27501878],[3.13559351],[26.68878906]
[10.53434276],[3.18014439],[27.3533337]
[10.68394704],[3.24304229],[28.03228429]
[10.88084621],[3.29162189],[28.99000206]
[10.98281361],[3.31900157],[29.63763981]
[11.03884562],[3.3407633],[30.32812773]
[11.19505962],[3.36676424],[30.89667734]
[11.31135483],[3.3848453],[31.39878996]
[11.44884534],[3.4056109],[31.70900915]
[11.59576386],[3.41133799],[31.97754844]
[11.71450599],[3.40701649],[32.34556886]
[11.91955118],[3.40869067],[32.67670725]
[12.07183328],[3.37803155],[32.8834841]
[12.18811296],[3.34372248],[32.88650454]
[12.21880767],[3.29227874],[32.77349127]
[12.19514578],[3.23307847],[32.55188307]
[12.21201204],[3.16212386],[32.05878242]
[12.18349501],[3.0714214],[31.2878488]
[12.19436277],[2.97237427],[30.18227683]
[12.16071714],[2.88709925],[29.02292048]
[12.1552424],[2.82135406],[27.64440944]
[12.13991414],[2.7555672],[26.1744528]
[11.84337128],[2.69739748],[24.70081127]
[11.36041139],[2.63666637],[23.33075136]
[10.91728772],[2.53744563],[22.07858887]
[10.58638913],[2.44499153],[20.93430257]
[9.96885749],[2.32908576],[19.08201129]
[6.71138266],[1.98773378],[9.23395863]
[4.34269445],[1.44960209],[4.37472995]
[1.73225065],[1.1020819],[2.09802971]
[2.61225084],[1.04804312],[2.36260506]
[3.46319854],[1.3652561],[3.76916719]
[4.1373283],[1.58212153],[4.91283544]
[4.57508119],[1.74095544],[5.91036382]
[4.87015384],[1.87906327],[7.1183525]
[5.24382403],[2.00157354],[8.23745413]
[5.53123305],[2.09225515],[9.22335827]
[5.86749728],[2.17188657],[10.25613054]
[6.1554988],[2.22770759],[11.2688976]
[6.45540193],[2.32792195],[12.27090872]
[6.7705529],[2.38277913],[13.34375986]
[7.02141166],[2.44907382],[14.4382456]
[7.37099469],[2.54108137],[15.51100621]
[7.62532594],[2.63170005],[16.62961934]
[7.81805404],[2.70637078],[17.66910633]
[8.19937778],[2.78113461],[18.74898123]
[8.42953155],[2.81593286],[19.73057184]
[8.63297118],[2.84685985],[20.77744726]
[9.09220404],[2.90694953],[22.01084303]
[9.3574417],[2.95528225],[23.13984253]
[9.62196589],[2.99980574],[24.16842662]
[10.02177873],[3.05112132],[25.41815618]
[10.1867148],[3.09683065],[26.32621888]
[10.2764431],[3.14974189],[27.11638857]
[10.57928591],[3.2001205],[27.80882462]
[10.79416523],[3.26556097],[28.6234931]
[10.95429853],[3.31548136],[29.56055651]
[11.15699578],[3.37021906],[30.37034485]
[11.29471088],[3.41682896],[31.2243863]
[11.41492018],[3.45073146],[31.92822051]
[11.54270677],[3.48378459],[32.61345323]
[11.65806588],[3.51531095],[33.34134151]
[11.85568041],[3.53961853],[34.17863119]
[12.00248977],[3.56329191],[34.8837208]
[12.18541471],[3.57789415],[35.35946373]
[12.38274309],[3.58537646],[35.72679763]
[12.51242233],[3.57801255],[36.14045765]
[12.72401547],[3.55605843],[36.49344588]
[12.86230867],[3.5359512],[36.70237493]
[12.91837443],[3.49752676],[36.74111476]
[12.90971827],[3.43968548],[36.69083898]
[12.89889279],[3.37382944],[36.51554758]
[12.9013623],[3.28341398],[36.07023803]
[12.88811301],[3.20206367],[35.05011022]
[12.89665108],[3.12332775],[33.80504464]
[12.87722637],[3.01778717],[32.37964003]
[12.91054474],[2.92619852],[30.79197605]
[12.91944658],[2.84989331],[29.06684409]
[12.61995505],[2.78420116],[26.51680217]
[12.03493786],[2.70838836],[24.88325326]
[11.51470151],[2.60367502],[23.52909882]
[10.7467759],[2.49354365],[21.50328956]
[7.43053754],[2.04104595],[10.92428669]
[5.04512514],[1.49825684],[5.57946308]
[3.26082652],[1.21982531],[3.79618172]
[2.62030575],[1.08144783],[2.48295636]
[3.47968909],[1.43024667],[3.97370423]
[4.17786866],[1.63888895],[5.23301788]
[4.77991719],[1.80064665],[6.37855676]
[5.04472657],[1.96603086],[7.65380383]
[5.4433851],[2.07931874],[8.82774772]
[5.74911937],[2.16082453],[9.87654224]
[6.10637969],[2.22663999],[10.93035945]
[6.345769],[2.29759249],[11.98953357]
[6.7655713],[2.41042451],[13.25927078]
[6.96773717],[2.47760165],[14.32303238]
[7.27260076],[2.57544914],[15.53985377]
[7.62806432],[2.65561542],[16.7675128]
[7.83068324],[2.73677176],[17.81576026]
[8.15222352],[2.79959964],[18.82469531]
[8.46813595],[2.86251894],[20.01947898]
[8.66407706],[2.90282439],[20.97539935]
[9.04074345],[2.95567308],[22.17912316]
[9.32809297],[3.01790762],[23.45822491]
[9.63733725],[3.06777543],[24.65986313]
[10.03325848],[3.11251647],[25.9264194]
[10.25124154],[3.16406672],[27.19715276]
[10.58393793],[3.21847297],[28.16894351]
[10.81802313],[3.28080855],[29.05672238]
[10.96573498],[3.33283047],[30.06749876]
[11.18433625],[3.39107958],[30.94909068]
[11.36499136],[3.44246567],[31.79369036]
[11.56050653],[3.50332832],[32.69863743]
[11.80275828],[3.55424553],[33.54187887]
[11.91879036],[3.59545867],[34.58059391]
[12.11286156],[3.63898629],[35.55571646]
[12.28483149],[3.67270047],[36.56791545]
[12.44867017],[3.70141635],[37.54593468]
[12.66389905],[3.7247673],[38.43387256]
[12.8083909],[3.74663573],[39.14629306]
[12.99986737],[3.76202378],[39.67594862]
[13.18985811],[3.76976317],[40.05436369]
[13.31324182],[3.77822688],[40.30356666]
[13.54051777],[3.74687213],[40.63672683]
[13.68833898],[3.70201194],[40.92423306]
[13.7140122],[3.64826619],[41.02807176]
[13.73186928],[3.58612606],[41.09153023]
[13.86498684],[3.49846234],[40.87063256]
[13.82172717],[3.40078549],[40.44286674]
[13.86437593],[3.3166523],[39.49337306]
[13.86222278],[3.23208408],[37.91432268]
[13.87799449],[3.16022398],[36.32753906]
[13.92848906],[3.07508278],[34.51701099]
[13.96926844],[2.97393477],[32.5979319]
[13.8851506],[2.8899486],[30.17472249]
[13.04719085],[2.78781189],[26.95421324]
[11.89274105],[2.64969167],[24.32839603]
[8.01612067],[2.12688634],[13.24666699]
[5.64773738],[1.54230469],[6.83522346]
[3.96135946],[1.3293268],[5.02463095]
[2.6280777],[1.15861937],[2.89564482]
[3.49682835],[1.4790272],[4.15645608]
[4.18382021],[1.685195],[5.51603453]
[4.98536235],[1.86046859],[6.92469037]
[5.27403707],[2.03675395],[8.20982362]
[5.66243156],[2.14730589],[9.41708765]
[5.96261104],[2.21788808],[10.51158912]
[6.3408018],[2.28560704],[11.64569622]
[6.61174431],[2.38756778],[12.83679124]
[6.98582073],[2.53007797],[14.23607729]
[7.22971744],[2.61010093],[15.45034787]
[7.60744081],[2.6977601],[16.81690195]
[7.80388279],[2.76644799],[17.93669571]
[8.1727681],[2.83316289],[19.05440306]
[8.44497865],[2.88627062],[20.14420116]
[8.64930313],[2.95385159],[21.28485336]
[9.06826629],[3.00179151],[22.48587996]
[9.34830528],[3.06904304],[23.77288483]
[9.51310963],[3.12844885],[24.97182513]
[10.04461704],[3.17796915],[26.50545839]
[10.24695993],[3.2362632],[27.73104091]
[10.62710446],[3.29844651],[29.04807001]
[10.96168061],[3.34797902],[30.4272721]
[11.1941491],[3.40626549],[31.46664674]
[11.37371617],[3.46032996],[32.28951576]
[11.58749155],[3.52307861],[33.28816419]
[11.83077768],[3.57483279],[34.15910703]
[12.05625145],[3.63612081],[35.3344897]
[12.33278494],[3.68783968],[36.46231781]
[12.6111267],[3.7343501],[37.64477928]
[12.74764769],[3.78518067],[38.80299429]
[12.93484152],[3.81856605],[40.03206668]
[13.12609458],[3.85005074],[41.20391931]
[13.26936097],[3.87627769],[42.07658244]
[13.45578733],[3.90468336],[42.89249516]
[13.62996858],[3.93216643],[43.68971957]
[13.81159283],[3.95891403],[44.31609811]
[14.03869617],[3.98650572],[44.77620073]
[14.26642092],[3.96201711],[45.19693299]
[14.54555301],[3.9248988],[45.64557836]
[14.74993369],[3.89126514],[46.03906796]
[14.72566964],[3.84985901],[46.19728203]
[14.83435052],[3.7506337],[46.34448151]
[14.94761745],[3.64127366],[46.10389044]
[14.93529632],[3.53679704],[45.56766518]
[14.93952292],[3.43112538],[44.71963708]
[14.97122231],[3.33696973],[43.22346644]
[14.99426094],[3.25340624],[41.38860713]
[15.02092316],[3.18378918],[39.5065572]
[15.07367258],[3.11424356],[37.01668749]
[15.03332581],[3.02579104],[34.20231839]
[14.04794764],[2.90007811],[30.26985797]
[8.66016527],[2.21141586],[16.39438592]
[6.28848197],[1.63111376],[9.27142603]
[4.63344851],[1.41460064],[5.96346158]
[3.02271932],[1.10025197],[4.2438082]
[3.47832249],[1.23651626],[3.53746741]
[4.18057957],[1.37605149],[4.87563672]
[5.00235775],[1.68451465],[6.47903596]
[5.47978932],[1.85742798],[7.74492323]
[5.84294417],[1.99732683],[8.90703519]
[6.12684928],[2.07139087],[9.95913167]
[6.53064556],[2.20679367],[11.19302203]
[6.79799692],[2.32789989],[12.47917107]
[7.13685486],[2.48161686],[13.91659669]
[7.49804861],[2.54859381],[15.26487549]
[7.8093819],[2.61561063],[16.53556499]
[8.08269165],[2.66831555],[17.57849443]
[8.44842666],[2.72219584],[18.84746515]
[8.63817167],[2.777145],[19.88865199]
[8.98423816],[2.86519027],[21.09967262]
[9.31470336],[2.95024076],[22.43166232]
[9.54647572],[3.05213023],[23.71599701]
[9.98874489],[3.12888327],[25.10139552]
[10.25284278],[3.18861008],[26.64828898]
[10.6210287],[3.2360437],[27.92220905]
[10.98839818],[3.2930003],[29.4197772]
[11.2566544],[3.34356788],[30.71129227]
[11.58265101],[3.40135723],[31.97423936]
[11.82553054],[3.4525645],[32.86327498]
[12.03137811],[3.51293827],[34.11434263]
[12.30649415],[3.56239342],[35.20645028]
[12.64364064],[3.62098062],[36.49289194]
[12.88794729],[3.67278992],[37.72708328]
[13.14631743],[3.72171789],[39.07387445]
[13.41030303],[3.78090165],[40.36819502]
[13.54607531],[3.82925935],[41.54023118]
[13.75741945],[3.87992163],[42.94497032]
[13.93518488],[3.93360532],[44.07821705]
[14.0458588],[3.96798984],[44.94937419]
[14.30818941],[4.00433047],[45.81710179]
[14.53427944],[4.03620515],[46.67165919]
[14.79314873],[4.05271639],[47.39620541]
[15.0865088],[4.05157144],[48.21132604]
[15.39497731],[4.02582337],[48.82794301]
[15.64385522],[3.99716466],[49.35010996]
[15.75357873],[3.96410229],[49.72268015]
[15.80339319],[3.90860786],[50.1030044]
[15.9230741],[3.8588353],[50.32244495]
[16.01403296],[3.79642465],[50.05592399]
[16.0387321],[3.62145458],[49.39590432]
[16.00933486],[3.51350546],[48.30953129]
[16.05692635],[3.41766549],[46.91743192]
[16.07775316],[3.32200504],[44.95930727]
[16.08761192],[3.23910727],[42.79945943]
[16.11168416],[3.16481074],[40.50994323]
[15.84157605],[3.09304988],[37.22283615]
