meltWidth,meltDepth,meltArea
[0.69249845],[0.17186376],[0.0587054]
[0.99303393],[0.27031325],[0.13310989]
[1.16121041],[0.30787669],[0.17762729]
[1.25656576],[0.32803006],[0.20775343]
[1.37917014],[0.37153735],[0.26143477]
[1.52575293],[0.38442973],[0.30520971]
[1.61986715],[0.41600112],[0.36446334]
[1.73426817],[0.39568062],[0.38761363]
[1.75672394],[0.41382915],[0.40613961]
[1.78749601],[0.38711484],[0.39703433]
[1.75834334],[0.39546824],[0.4048131]
[1.78947067],[0.35897466],[0.39263878]
[1.75159233],[0.37061073],[0.39631585]
[1.77840093],[0.33508971],[0.38041593]
[1.756182],[0.35640099],[0.38913573]
[1.72927981],[0.32401753],[0.35798369]
[1.62228787],[0.33707204],[0.3427465]
[1.54186453],[0.29152198],[0.29153572]
[1.41472949],[0.27654171],[0.25336166]
[1.34957848],[0.21661858],[0.20387472]
[1.22975364],[0.18909143],[0.16490598]
[1.11631279],[0.11609483],[0.10566585]
[0.96943735],[0.09130269],[0.06510492]
[0.80091528],[0.01871242],[0.00871187]
[0.],[0.],[0.]
[0.],[0.],[0.]
[0.],[0.],[0.]
[0.],[0.],[0.]
[0.],[0.],[0.]
[0.],[0.],[0.]
[0.],[0.],[0.]
[0.],[0.],[0.]
[0.],[0.],[0.]
[0.],[0.],[0.]
[0.],[0.],[0.]
[0.],[0.],[0.]
[0.],[0.],[0.]
[0.],[0.],[0.]
[0.],[0.],[0.]
[0.],[0.],[0.]
[0.],[0.],[0.]
[0.],[0.],[0.]
[0.],[0.],[0.]
[0.],[0.],[0.]
[0.],[0.],[0.]
[0.],[0.],[0.]
[0.],[0.],[0.]
[0.],[0.],[0.]
[0.],[0.],[0.]
[0.],[0.],[0.]
[0.],[0.],[0.]
[0.],[0.],[0.]
[0.],[0.],[0.]
[0.],[0.],[0.]
[0.],[0.],[0.]
[1.2182376],[0.43619221],[0.33712445]
[1.64633796],[0.4468112],[0.4487292]
[1.85935207],[0.58588961],[0.65929621]
[2.02356402],[0.54257224],[0.73102543]
[2.06828263],[0.68360823],[0.91051156]
[2.2423454],[0.6857978],[1.01079699]
[2.20032486],[0.75969399],[1.09805194]
[2.46776281],[0.75014755],[1.23326477]
[2.27862313],[0.81087549],[1.21112121]
[2.51345046],[0.80481078],[1.34409983]
[2.38460524],[0.92123435],[1.32861017]
[2.52363136],[0.9249251],[1.43727928]
[2.38375908],[0.99524339],[1.42816525]
[2.48965023],[1.01208957],[1.56946912]
[2.37309031],[1.05662879],[1.55875273]
[2.47710376],[1.06840096],[1.70762311]
[2.39103269],[1.08704436],[1.68025178]
[2.48222305],[1.09027512],[1.81476026]
[2.37101664],[1.10212041],[1.77798024]
[2.44045922],[1.10332074],[1.88296175]
[2.28637852],[1.10452061],[1.79300487]
[2.33616128],[1.08850928],[1.84690494]
[2.05388906],[1.08862034],[1.69870024]
[1.9808377],[1.06589673],[1.73620767]
[1.72437188],[1.0601862],[1.61336194]
[1.79254265],[1.02835633],[1.62926366]
[1.70874711],[1.02579141],[1.5144975]
[1.89527932],[0.99166599],[1.53260466]
[1.81440081],[0.98163597],[1.40266925]
[1.97126982],[0.95645328],[1.4132051]
[1.97825858],[0.94702836],[1.33949282]
[2.04154451],[0.86321648],[1.2564334]
[2.0466435],[0.79041685],[1.14925386]
[2.06363316],[0.72852738],[1.08866136]
[2.08619556],[0.68243924],[1.03516219]
[2.10837207],[0.64236373],[0.9905135]
[2.12468395],[0.60545853],[0.94640858]
[2.12336375],[0.57765089],[0.8911952]
[2.12353567],[0.54531366],[0.84120441]
[2.12568117],[0.51311914],[0.79158113]
[2.12487525],[0.47709633],[0.74444151]
[2.12003539],[0.44976382],[0.70105553]
[2.11755229],[0.43043473],[0.67124494]
[2.11532185],[0.41367456],[0.64689942]
[2.1091362],[0.40572032],[0.62542498]
[2.10463436],[0.40071094],[0.61110533]
[2.10416361],[0.39387728],[0.59893626]
[2.09666512],[0.38622132],[0.58314993]
[2.09091186],[0.38010261],[0.56922875]
[2.09269816],[0.37461853],[0.56091392]
[2.09219164],[0.36868668],[0.55049397]
[2.08695469],[0.36787702],[0.53950969]
[2.09385118],[0.36791951],[0.53972436]
[0.],[0.],[0.]
[0.],[0.],[0.]
[1.19481671],[0.31796754],[0.30663277]
[2.10190445],[0.47960666],[0.67653759]
[2.18119128],[0.6185314],[0.93242482]
[2.37374256],[0.69576544],[1.09137455]
[2.45316571],[0.76355259],[1.24422258]
[2.68579924],[0.81271417],[1.38412274]
[2.7796299],[0.83972706],[1.42639648]
[2.90426834],[0.87325285],[1.56917394]
[2.84281728],[0.94630874],[1.58921412]
[2.84836703],[0.97490888],[1.73608325]
[2.82840059],[1.01054748],[1.75999002]
[2.83001744],[1.04896278],[1.87954145]
[2.85596474],[1.09266079],[1.9534492]
[2.89221838],[1.14027582],[2.04038187]
[2.89401288],[1.20048554],[2.10954015]
[2.91266051],[1.21882719],[2.15024854]
[2.92348127],[1.23320897],[2.19019038]
[2.96554522],[1.25020517],[2.23877365]
[2.95835512],[1.26228518],[2.2855817]
[3.02451598],[1.26829395],[2.32896531]
[2.99953028],[1.27816581],[2.36980777]
[3.06200933],[1.28148634],[2.39558504]
[3.00577851],[1.28747524],[2.42396459]
[3.03208017],[1.28844697],[2.46134474]
[2.94512406],[1.28747381],[2.46028202]
[2.95978714],[1.28719694],[2.49010394]
[2.81024508],[1.27778751],[2.45689092]
[2.62886651],[1.26707479],[2.39025369]
[2.17625131],[1.25354075],[2.25503799]
[2.17225302],[1.23959497],[2.05748861]
[2.19865498],[1.22865889],[2.00878723]
[2.2401664],[1.2092992],[1.9766887]
[2.24741752],[1.19290772],[1.8841781]
[2.25853468],[1.15410577],[1.7952885]
[2.26960444],[1.09611963],[1.67878972]
[2.28191785],[1.04771499],[1.6067667]
[2.29255336],[1.00717978],[1.55489021]
[2.29603137],[0.96626317],[1.48871237]
[2.29902339],[0.92506632],[1.42993404]
[2.30260422],[0.88284462],[1.37906601]
[2.30357839],[0.83465985],[1.32310042]
[2.2956196],[0.79531065],[1.26343832]
[2.28853374],[0.76031519],[1.20981282]
[2.2841615],[0.72498152],[1.16155987]
[2.28483941],[0.70646778],[1.13279505]
[2.28501697],[0.69141677],[1.11275759]
[2.28604663],[0.67482196],[1.09411816]
[2.28721431],[0.65831858],[1.07567472]
[2.28653965],[0.64427975],[1.05587849]
[2.28657235],[0.63195904],[1.03968792]
[2.28802938],[0.61787479],[1.02363426]
[2.29077865],[0.60578039],[1.00741822]
[2.2931586],[0.59526868],[0.99295332]
[0.],[0.],[0.]
[0.],[0.],[0.]
[1.41013665],[0.32014429],[0.33596002]
[2.08471238],[0.51381019],[0.72365737]
[2.1906711],[0.65094583],[0.96770107]
[2.37321966],[0.70339565],[1.12173962]
[2.48863972],[0.77016507],[1.2675344]
[2.67526681],[0.81229565],[1.36173916]
[2.8066812],[0.8427121],[1.43423337]
[2.83513476],[0.87253418],[1.52032643]
[2.82071205],[0.97067624],[1.64850504]
[2.82635939],[1.00060425],[1.75093693]
[2.83410374],[1.06695374],[1.84515269]
[2.86074203],[1.13792155],[1.93339217]
[2.87763405],[1.19929731],[2.03327128]
[2.9126956],[1.21553024],[2.06987227]
[2.9207494],[1.23308679],[2.14669395]
[2.96146544],[1.2426391],[2.17721283]
[2.97981216],[1.25987593],[2.30466442]
[3.04898772],[1.27951984],[2.32684873]
[3.03580159],[1.29200616],[2.43487289]
[3.12612123],[1.2942197],[2.43773274]
[3.06792086],[1.29490266],[2.48195463]
[3.1136089],[1.29583479],[2.49807555]
[3.04104782],[1.29952331],[2.5174079]
[3.07809566],[1.29907034],[2.57397975]
[3.00147467],[1.29701192],[2.52502633]
[3.03833781],[1.29496418],[2.64554744]
[2.81914327],[1.28987817],[2.53534593]
[2.59621544],[1.28538447],[2.52089379]
[2.21407798],[1.27845759],[2.23569827]
[2.29817006],[1.26768389],[2.1825835]
[2.33488686],[1.25795135],[2.13896489]
[2.36600972],[1.24049099],[2.10074325]
[2.37451179],[1.2183731],[1.99275105]
[2.37764548],[1.16034648],[1.90256293]
[2.382618],[1.11166989],[1.80944494]
[2.38724091],[1.05724499],[1.73704895]
[2.39584504],[1.01378614],[1.67165631]
[2.39894374],[0.9815451],[1.61282109]
[2.39754347],[0.95296339],[1.56095332]
[2.39600125],[0.91811531],[1.50522345]
[2.39325949],[0.87012886],[1.44257019]
[2.38186891],[0.83201504],[1.38138425]
[2.37082757],[0.80145357],[1.33266972]
[2.36029366],[0.77785682],[1.29087156]
[2.34744875],[0.76032399],[1.2535945]
[2.33637138],[0.74199299],[1.22242132]
[2.32647362],[0.72273283],[1.19116391]
[2.31940195],[0.69981697],[1.16175354]
[2.31320179],[0.68267888],[1.13332482]
[2.30957426],[0.66843104],[1.11128632]
[2.30542201],[0.65469637],[1.08993729]
[2.30225938],[0.64243504],[1.06760344]
[2.30229059],[0.63021123],[1.04984228]
[0.],[0.],[0.]
[0.],[0.],[0.]
[1.17083279],[0.30641774],[0.24666215]
[1.9279487],[0.51587749],[0.64166928]
[2.07313782],[0.6599447],[0.88679099]
[2.28116018],[0.71262875],[1.07095586]
[2.41954584],[0.80984086],[1.23193788]
[2.60074545],[0.81947903],[1.36336437]
[2.72862109],[0.88536909],[1.47010208]
[2.78457375],[0.92907144],[1.60925807]
[2.81193302],[1.05760433],[1.80198997]
[2.8456578],[1.12690038],[1.93723823]
[2.87184234],[1.19325186],[2.03863428]
[2.90107118],[1.21955877],[2.09548169]
[2.90250047],[1.23722795],[2.17520495]
[2.95690714],[1.2512412],[2.21228466]
[2.96800344],[1.2708111],[2.35348314]
[3.02578583],[1.28339874],[2.36277373]
[3.02481861],[1.28951855],[2.46975629]
[3.10266452],[1.29469238],[2.47915409]
[3.06460748],[1.29823827],[2.5482536]
[3.11806566],[1.29732774],[2.53116061]
[3.05696455],[1.29067893],[2.56940393]
[3.05158981],[1.2887478],[2.51973852]
[2.84117118],[1.2890817],[2.46705742]
[2.70094491],[1.28650544],[2.46020248]
[2.45617735],[1.28349589],[2.26023466]
[2.22155339],[1.28038612],[2.2823619]
[2.18362631],[1.27460381],[2.08820572]
[2.31400738],[1.26952728],[2.12616972]
[2.30501957],[1.26207265],[2.0414082]
[2.36621961],[1.25067824],[2.05068248]
[2.38906098],[1.23910746],[1.98930398]
[2.4105393],[1.15796741],[1.95054514]
[2.42637416],[1.1055376],[1.83646499]
[2.43242663],[1.06301755],[1.77075423]
[2.44634171],[1.02540579],[1.71920975]
[2.45823008],[0.99142056],[1.68414475]
[2.46837814],[0.96169413],[1.65657392]
[2.47427659],[0.94012565],[1.62685264]
[2.47430151],[0.92177926],[1.59755545]
[2.49165736],[0.90298773],[1.57296892]
[2.51889916],[0.88319349],[1.54642592]
[2.50854394],[0.85967201],[1.49952428]
[2.48804563],[0.83656265],[1.45653489]
[2.46650731],[0.81763098],[1.42052393]
[2.44324749],[0.80285939],[1.38060747]
[2.4223815],[0.78702071],[1.34744954]
[2.4032466],[0.77108599],[1.31391447]
[2.39436623],[0.75591624],[1.28768388]
[2.38020456],[0.7411682],[1.25126618]
[2.37073898],[0.72498431],[1.22444072]
[2.36140301],[0.70942495],[1.20019873]
[2.34963002],[0.69537345],[1.17041866]
[2.34029312],[0.67938489],[1.14422018]
[0.],[0.],[0.]
[0.],[0.],[0.]
[1.14833259],[0.27893715],[0.23412577]
[1.90034108],[0.51098537],[0.61339352]
[2.06127096],[0.69135625],[0.91209233]
[2.2772122],[0.74849814],[1.11668824]
[2.43873599],[0.85763819],[1.31267608]
[2.64895678],[0.8692828],[1.48949374]
[2.79096213],[0.96747886],[1.67745596]
[2.86035323],[1.07805413],[1.88445142]
[2.88544286],[1.20267664],[2.06808995]
[2.92916483],[1.22814607],[2.16413713]
[2.94899767],[1.25251864],[2.24798664]
[2.98693704],[1.27564122],[2.29833677]
[2.98789018],[1.292328],[2.39087767]
[3.05446597],[1.30501826],[2.42406904]
[3.05672948],[1.32428821],[2.55592448]
[3.11489343],[1.34023471],[2.54101985]
[3.08903893],[1.35093501],[2.69875266]
[3.14988758],[1.35537371],[2.68237321]
[3.11202121],[1.35888881],[2.77099653]
[3.14997767],[1.35521807],[2.77285258]
[2.98181076],[1.35006917],[2.72943857]
[2.8311408],[1.34872401],[2.65559652]
[2.58427165],[1.34596361],[2.52559718]
[2.36761467],[1.33943102],[2.54418366]
[2.25592135],[1.33075168],[2.40304637]
[2.3722738],[1.32124424],[2.34691008]
[2.3710751],[1.31229973],[2.2678298]
[2.42287973],[1.30645585],[2.2695476]
[2.4259021],[1.29773153],[2.20851995]
[2.45298367],[1.28924627],[2.20262146]
[2.47084199],[1.27101252],[2.12456841]
[2.48189858],[1.19528416],[2.08014055]
[2.49249942],[1.14106845],[1.96436129]
[2.49223974],[1.087594],[1.8888908]
[2.50111009],[1.04854655],[1.83268889]
[2.50899067],[1.01629059],[1.79518435]
[2.5373061],[0.98955973],[1.77681678]
[2.56185275],[0.96885039],[1.75792347]
[2.56190787],[0.94956651],[1.73229235]
[2.56201991],[0.93367494],[1.71019892]
[2.55973844],[0.91624147],[1.676658]
[2.54557611],[0.90006898],[1.63347669]
[2.52770088],[0.88261592],[1.58892419]
[2.50635056],[0.87106378],[1.55426038]
[2.49676173],[0.8641122],[1.52959542]
[2.4854063],[0.85308957],[1.50362477]
[2.47460132],[0.83878233],[1.47259503]
[2.46178756],[0.82480213],[1.43866015]
[2.4491746],[0.81127583],[1.40627384]
[2.4341195],[0.79551271],[1.37138536]
[2.42039147],[0.77988177],[1.34201655]
[2.41011809],[0.76629781],[1.31393192]
[2.40040005],[0.74659779],[1.28068875]
[0.],[0.],[0.]
[0.],[0.],[0.]
[1.17747372],[0.30838818],[0.29341331]
[1.89489567],[0.54424732],[0.66572371]
[2.0410337],[0.71712852],[0.96257456]
[2.2740662],[0.79343588],[1.1902094]
[2.45832497],[0.91296419],[1.43088952]
[2.64896241],[1.01905622],[1.69024468]
[2.81516949],[1.12030406],[1.90759233]
[2.92300879],[1.19942647],[2.09211564]
[2.95946007],[1.27268044],[2.25133235]
[2.99379592],[1.30051341],[2.44546663]
[2.99478226],[1.3233574],[2.45731857]
[3.05088872],[1.34678709],[2.59757085]
[3.0473021],[1.36716158],[2.64506537]
[3.1213097],[1.38349931],[2.73362744]
[3.10005615],[1.40413301],[2.82204199]
[3.15446364],[1.41493508],[2.87255978]
[3.12010635],[1.42166323],[2.9561473]
[3.19635701],[1.42489417],[3.00996361]
[3.12948141],[1.42353063],[3.07268298]
[3.09535317],[1.41811515],[3.0917643]
[2.81912641],[1.41130875],[2.98037424]
[2.58506215],[1.40901992],[2.93658919]
[2.51139061],[1.40184895],[2.81566232]
[2.51722185],[1.39277172],[2.73135861]
[2.53638982],[1.38129766],[2.59321454]
[2.53224417],[1.3700413],[2.56250231]
[2.5448361],[1.35443214],[2.50054805]
[2.54159492],[1.34106361],[2.46657298]
[2.55390643],[1.32203872],[2.38566641]
[2.54784675],[1.28454914],[2.32522529]
[2.80390015],[1.2230419],[2.30363694]
[2.84510176],[1.16385516],[2.23206325]
[2.90636528],[1.11823473],[2.17224264]
[2.8567592],[1.08000695],[2.07329577]
[2.8440935],[1.05077719],[2.01864671]
[2.83947037],[1.02450186],[1.97718219]
[2.82544825],[1.0035888],[1.93882072]
[2.83036093],[0.98148541],[1.90118739]
[2.82652243],[0.95932661],[1.86133422]
[2.82026965],[0.94061077],[1.82417536]
[2.81144012],[0.92312721],[1.78481551]
[2.7670525],[0.90669826],[1.73230956]
[2.68732269],[0.89065941],[1.68110323]
[2.57096049],[0.88366243],[1.64092923]
[2.55278811],[0.87738042],[1.61522303]
[2.53609303],[0.8685114],[1.58654572]
[2.52726749],[0.86024066],[1.56178678]
[2.51550598],[0.85194793],[1.53293502]
[2.50113087],[0.84490516],[1.50243547]
[2.48852449],[0.8355305],[1.47518044]
[2.4740513],[0.82309969],[1.44486883]
[2.46063356],[0.80658984],[1.4084363]
[2.44996323],[0.788131],[1.37620812]
[0.],[0.],[0.]
[0.],[0.],[0.]
[1.18851792],[0.35277344],[0.32679248]
[1.90503393],[0.59069478],[0.72854832]
[2.05653002],[0.7552049],[1.02851174]
[2.32401075],[0.84247673],[1.28579984]
[2.50536337],[0.99406984],[1.59599818]
[2.71069638],[1.09412392],[1.85570239]
[2.90090204],[1.19987322],[2.096082]
[3.02897261],[1.25095396],[2.34915876]
[3.04474066],[1.31883599],[2.46420286]
[3.08016139],[1.34345907],[2.64265833]
[3.06990682],[1.3699251],[2.72424134]
[3.15071364],[1.39657457],[2.83789718]
[3.11500327],[1.41370877],[2.93197937]
[3.17322],[1.43033067],[2.99147623]
[3.14251366],[1.44715737],[3.13090886]
[3.21096525],[1.45522633],[3.19775489]
[3.16231023],[1.45986759],[3.29395273]
[3.23672797],[1.4632037],[3.37236143]
[3.11750906],[1.45922485],[3.39837405]
[2.93790635],[1.45457885],[3.35974495]
[2.78144771],[1.44958136],[3.23387537]
[2.81490597],[1.44879604],[3.1315822]
[2.80356911],[1.44121667],[3.00039506]
[2.84062579],[1.42984854],[2.89006032]
[2.89480607],[1.41760447],[2.87979539]
[3.03789242],[1.40532949],[2.91094909]
[3.05635799],[1.38939618],[2.90429953]
[3.09876463],[1.37728627],[2.85340887]
[3.0878451],[1.35021391],[2.77719435]
[3.10882505],[1.29152383],[2.64898269]
[3.12161126],[1.23631137],[2.57677391]
[3.11884449],[1.17736474],[2.44493041]
[3.12382079],[1.12995861],[2.35163889]
[3.11398559],[1.08876218],[2.2462639]
[3.09714969],[1.05319489],[2.17655182]
[3.09611319],[1.0215506],[2.12299983]
[3.08725225],[0.9938042],[2.07246041]
[3.08571606],[0.97276481],[2.02949411]
[3.08233179],[0.95336557],[1.98618188]
[3.07682579],[0.936748],[1.94407109]
[3.06777816],[0.9211481],[1.90369673]
[3.05015012],[0.9064275],[1.85934382]
[3.01020606],[0.89437853],[1.81178758]
[2.94551192],[0.88816747],[1.76720518]
[2.87758367],[0.88145832],[1.72679495]
[2.79028839],[0.8723913],[1.68326746]
[2.6739016],[0.86623878],[1.64380705]
[2.56350775],[0.85966813],[1.60768674]
[2.55042437],[0.85344998],[1.57956627]
[2.53743853],[0.84703891],[1.55151244]
[2.5231585],[0.84149807],[1.52300339]
[2.50956763],[0.83304486],[1.49071099]
[2.49637584],[0.8167855],[1.45503547]
[0.],[0.],[0.]
[0.],[0.],[0.]
[1.05531203],[0.35628067],[0.30491935]
[1.79861355],[0.61074776],[0.73639785]
[1.96290508],[0.77685352],[1.03838716]
[2.2697461],[0.8774715],[1.32645782]
[2.51285962],[1.06849865],[1.73000095]
[2.70909068],[1.18272938],[1.97341724]
[2.89405402],[1.24745354],[2.18340781]
[2.99857923],[1.29200889],[2.43756758]
[3.01802491],[1.35577649],[2.60901818]
[3.07812863],[1.37762],[2.75718344]
[3.07891256],[1.40340355],[2.89951459]
[3.1437519],[1.42688936],[2.98560252]
[3.10845442],[1.43762699],[3.11733843]
[3.18230521],[1.44559649],[3.19170062]
[3.14628728],[1.45207712],[3.32280423]
[3.23060544],[1.45452396],[3.41776093]
[3.04607723],[1.45398581],[3.44073543]
[2.88750699],[1.45271561],[3.39592195]
[2.94302502],[1.448739],[3.32373276]
[3.0366116],[1.44388471],[3.19281676]
[3.03339448],[1.4385434],[3.03811404]
[3.11278163],[1.43601591],[2.97981416]
[3.0783828],[1.42599828],[2.94407154]
[3.1598545],[1.41626496],[2.92688208]
[3.14579261],[1.40288402],[2.89631444]
[3.24131349],[1.38198993],[2.84343414]
[3.19922138],[1.34120653],[2.75730342]
[3.26658191],[1.27053315],[2.64440309]
[3.23276108],[1.24099288],[2.54411086]
[3.28617012],[1.15486457],[2.44618338]
[3.2750663],[1.13060797],[2.41044842]
[3.30569321],[1.0875924],[2.35121797]
[3.28555177],[1.06192087],[2.30752171]
[3.30568116],[1.0340287],[2.25507269]
[3.28552928],[1.01061515],[2.21669172]
[3.28642852],[0.98823496],[2.17939923]
[3.27695994],[0.96911966],[2.13535699]
[3.27335712],[0.95016254],[2.1031224]
[3.2739589],[0.93761696],[2.07731934]
[3.27178374],[0.92615182],[2.05116237]
[3.26606436],[0.91391299],[2.02083459]
[3.26413875],[0.90210393],[1.98425395]
[3.24625914],[0.89524306],[1.94832581]
[3.21067135],[0.89133628],[1.90939272]
[3.17456057],[0.88639156],[1.8708473]
[3.13179841],[0.87959152],[1.82747117]
[3.07853955],[0.87395509],[1.78592181]
[3.0214282],[0.86639702],[1.74375566]
[2.96716879],[0.85843142],[1.70082852]
[2.89809424],[0.85066171],[1.66154525]
[2.75535487],[0.84489725],[1.60945998]
[2.72327717],[0.83935105],[1.58449733]
[2.64665917],[0.83378393],[1.54549957]
[0.],[0.],[0.]
[0.],[0.],[0.]
[1.08406255],[0.40471195],[0.34186625]
[1.84190632],[0.65677398],[0.81100174]
[2.02337378],[0.82122744],[1.12127024]
[2.40141678],[0.96167872],[1.49984253]
[2.59177376],[1.16559667],[1.91064859]
[2.77006947],[1.24418695],[2.15925825]
[2.93026092],[1.29352207],[2.43399941]
[3.04089046],[1.34320794],[2.69155748]
[3.04246552],[1.40769781],[2.88729019]
[3.10422037],[1.4278022],[3.00622184]
[3.07942478],[1.45245208],[3.17536653]
[3.14551024],[1.4719585],[3.27207424]
[3.1071679],[1.47780814],[3.42421547]
[3.18528641],[1.4832025],[3.51193456]
[3.15078174],[1.48593723],[3.6183141]
[3.12517716],[1.48765935],[3.65820481]
[3.0399945],[1.49198911],[3.57326005]
[3.15700607],[1.49500454],[3.51603117]
[3.15781466],[1.49315652],[3.41777198]
[3.28039665],[1.4902497],[3.31754656]
[3.24496401],[1.48559101],[3.23502945]
[3.34182825],[1.48138646],[3.19463346]
[3.27853841],[1.47310322],[3.14603599]
[3.37124454],[1.46201069],[3.10842461]
[3.3324703],[1.43889416],[3.03469976]
[3.44298659],[1.41567433],[2.96308318]
[3.387709],[1.36846456],[2.84618832]
[3.46141615],[1.30526975],[2.74569694]
[3.40710336],[1.24645827],[2.63441667]
[3.47225101],[1.17782107],[2.55059032]
[3.45579839],[1.15191896],[2.51316863]
[3.4888009],[1.10498304],[2.45872389]
[3.47062059],[1.07692077],[2.41428066]
[3.49053936],[1.05146077],[2.36724849]
[3.47439704],[1.03003391],[2.31782329]
[3.46240351],[1.00916688],[2.28200009]
[3.44877245],[0.98851187],[2.25371427]
[3.4417304],[0.97091658],[2.23161363]
[3.44028128],[0.95868063],[2.21487717]
[3.43416312],[0.9471125],[2.1966195]
[3.42000046],[0.93537131],[2.16624799]
[3.41835985],[0.92542674],[2.13519741]
[3.39906802],[0.91916873],[2.10118325]
[3.35217611],[0.91520746],[2.06194578]
[3.3168155],[0.90990056],[2.03229556]
[3.29439494],[0.90350555],[1.99746709]
[3.268429],[0.89736602],[1.96500185]
[3.23870055],[0.89051412],[1.92807692]
[3.21492174],[0.88180598],[1.893406]
[3.17853772],[0.8727726],[1.85527043]
[3.11684917],[0.86508109],[1.79898287]
[3.08482451],[0.8579305],[1.76992712]
[3.03814447],[0.85084311],[1.7251821]
[0.],[0.],[0.]
[0.],[0.],[0.]
[1.11933152],[0.44527245],[0.38502331]
[1.90920872],[0.69949794],[0.89116607]
[2.13720326],[0.85701398],[1.21580747]
[2.51405218],[1.0238038],[1.69210464]
[2.67323785],[1.2207452],[2.0515064]
[2.80839704],[1.27384594],[2.40336922]
[2.97915284],[1.32453933],[2.67564023]
[3.07526258],[1.37613946],[2.88140318]
[3.05836933],[1.43722129],[3.0587375]
[3.11101772],[1.45869685],[3.2219762]
[3.07686729],[1.48448478],[3.38090722]
[3.1484024],[1.50278949],[3.49741761]
[3.10702415],[1.51513401],[3.64292006]
[3.20051207],[1.52450606],[3.73553904]
[3.0710637],[1.53102538],[3.78451864]
[3.16205632],[1.53425305],[3.76309063]
[3.17076309],[1.53648886],[3.68911293]
[3.32477729],[1.5356034],[3.66100194]
[3.30681726],[1.53231068],[3.5644011]
[3.41587423],[1.52861913],[3.48380186]
[3.39981274],[1.52300421],[3.40925132]
[3.48219065],[1.51836145],[3.38088843]
[3.44239333],[1.50947437],[3.31601786]
[3.51776917],[1.49163209],[3.27421746]
[3.49736417],[1.46841692],[3.19028098]
[3.58046103],[1.44589759],[3.10706232]
[3.54199165],[1.38251179],[2.95545423]
[3.59270996],[1.31137175],[2.82499474]
[3.55309607],[1.23998788],[2.71161685]
[3.59877215],[1.19119585],[2.64480053]
[3.59765421],[1.16648464],[2.61856725]
[3.60947087],[1.11641463],[2.56026501]
[3.59370277],[1.08989004],[2.52143911]
[3.5947266],[1.06566976],[2.46770408]
[3.57851862],[1.04544476],[2.41779502]
[3.5564018],[1.02657532],[2.39236076]
[3.54193586],[1.00355959],[2.36235255]
[3.53318925],[0.99030703],[2.34502008]
[3.5268988],[0.97729332],[2.32659751]
[3.51797597],[0.96663084],[2.30897801]
[3.50037572],[0.95560033],[2.2909851]
[3.49496289],[0.94846757],[2.27467688]
[3.47443313],[0.94253785],[2.24227037]
[3.42468811],[0.93826604],[2.19769619]
[3.37980662],[0.93144565],[2.16788352]
[3.34062438],[0.92422658],[2.13323301]
[3.3148279],[0.91780985],[2.10383261]
[3.29223346],[0.91121963],[2.06727884]
[3.27528846],[0.90320764],[2.03410377]
[3.25315492],[0.89483752],[2.00078882]
[3.21507919],[0.88797206],[1.95357826]
[3.1844833],[0.8815209],[1.92115636]
[3.1501833],[0.87631399],[1.87939532]
[0.],[0.],[0.]
[0.],[0.],[0.]
[1.17313188],[0.47986955],[0.42757431]
[2.00122804],[0.73355165],[0.96783296]
[2.2313893],[0.88329058],[1.30169624]
[2.58537971],[1.11386975],[1.92540364]
[2.72416179],[1.25132639],[2.2841402]
[2.86072886],[1.30781555],[2.59727389]
[3.03929767],[1.36251985],[2.87736359]
[3.12533535],[1.41579654],[3.0711988]
[3.10797103],[1.47240334],[3.241874]
[3.14291538],[1.49692559],[3.42947426]
[3.11282243],[1.52016496],[3.59803401]
[3.17078323],[1.54470898],[3.71183846]
[3.15455704],[1.55283289],[3.85325106]
[3.22447177],[1.55948094],[3.9490993]
[3.16940376],[1.56201032],[3.9295672]
[3.30523651],[1.56386111],[3.90433257]
[3.289748],[1.56441728],[3.80960205]
[3.42742225],[1.56147356],[3.77891071]
[3.42343862],[1.55655867],[3.66140698]
[3.53826159],[1.55128583],[3.6231486]
[3.53469931],[1.54563551],[3.55149442]
[3.58981845],[1.53992838],[3.50550712]
[3.55895675],[1.52234983],[3.43385421]
[3.60570763],[1.50113145],[3.35906579]
[3.59395374],[1.47525319],[3.28023541]
[3.64993304],[1.44946305],[3.17897831]
[3.61918262],[1.37918788],[3.04623451]
[3.66029985],[1.31143374],[2.91551161]
[3.61908237],[1.24341492],[2.80849552]
[3.65946046],[1.19671988],[2.73759101]
[3.65964075],[1.16903115],[2.7252569]
[3.66496168],[1.12164498],[2.66247173]
[3.65596471],[1.09429227],[2.62653996]
[3.65024448],[1.07124287],[2.56796107]
[3.6400465],[1.05193418],[2.52933925]
[3.61686391],[1.02777707],[2.50393618]
[3.6030042],[1.01123524],[2.47974482]
[3.59526912],[0.99960969],[2.46440319]
[3.59098352],[0.98779171],[2.44826437]
[3.58250672],[0.97741917],[2.43440237]
[3.56484575],[0.96819232],[2.41491601]
[3.55872465],[0.96193367],[2.39287397]
[3.54019318],[0.95693661],[2.36378025]
[3.49148527],[0.95253573],[2.3134661]
[3.44646403],[0.94634166],[2.28031159]
[3.4066195],[0.93864395],[2.2436035]
[3.37294126],[0.93240258],[2.21297766]
[3.33146015],[0.92651563],[2.17774201]
[3.31720775],[0.91845986],[2.14391943]
[3.29930973],[0.90992912],[2.10937279]
[3.27322695],[0.90292831],[2.06333625]
[3.25237123],[0.89799677],[2.03788944]
[3.22692595],[0.89269364],[2.00098539]
[0.],[0.],[0.]
[0.],[0.],[0.]
[1.13482461],[0.47599324],[0.42505038]
[1.95659068],[0.73662228],[0.96841102]
[2.14489865],[0.89013313],[1.28190321]
[2.46327391],[1.19418145],[2.0295505]
[2.62684327],[1.30382289],[2.43993495]
[2.7849864],[1.35591875],[2.72756575]
[2.99136607],[1.40598607],[2.99683987]
[3.09439444],[1.45436761],[3.20090932]
[3.06603245],[1.49937731],[3.38203657]
[3.11850931],[1.51422033],[3.58709533]
[3.10546942],[1.5361012],[3.7747483]
[3.17491176],[1.55655073],[3.88581399]
[3.16153731],[1.56024102],[3.93142662]
[3.2684501],[1.55904464],[3.872835]
[3.27996578],[1.55667395],[3.79305289]
[3.40484173],[1.55394651],[3.73802251]
[3.39198633],[1.55084287],[3.63465733]
[3.50735128],[1.54652046],[3.59250604]
[3.50498089],[1.53974633],[3.54323607]
[3.6022021],[1.52181763],[3.51274205]
[3.60098867],[1.50123559],[3.42168114]
[3.66050938],[1.4825092],[3.36360419]
[3.64979018],[1.45911451],[3.32536157]
[3.67881616],[1.43153656],[3.2291712]
[3.67540954],[1.34525172],[3.16154679]
[3.71111082],[1.28072095],[3.02272275]
[3.68415495],[1.22388581],[2.94196134]
[3.71129165],[1.18498001],[2.84333868]
[3.68531794],[1.14361368],[2.79536102]
[3.71170801],[1.1137705],[2.72740391]
[3.72793701],[1.09294536],[2.73709323]
[3.72473273],[1.06462725],[2.69956786]
[3.72507859],[1.04079881],[2.6795022]
[3.71288756],[1.0220874],[2.64203853]
[3.71240272],[1.01000639],[2.61149975]
[3.6842727],[0.99820594],[2.59399271]
[3.66881939],[0.98844967],[2.57434023]
[3.66070238],[0.9818907],[2.5673232]
[3.65643776],[0.97719048],[2.5604388]
[3.64994496],[0.97183214],[2.54987667]
[3.63224782],[0.96576001],[2.5298711]
[3.62568671],[0.96046096],[2.49970275]
[3.61001965],[0.9551264],[2.46698523]
[3.56389089],[0.94963699],[2.40787113]
[3.51908515],[0.94356972],[2.36170129]
[3.48059234],[0.93670206],[2.31960966]
[3.44760711],[0.9311306],[2.28895069]
[3.40689295],[0.92769632],[2.25778823]
[3.3792026],[0.9224488],[2.22845347]
[3.34591432],[0.91606373],[2.19534461]
[3.31685217],[0.91039091],[2.15423434]
[3.30043163],[0.90600809],[2.12968453]
[3.28242486],[0.90243596],[2.10025105]
[0.],[0.],[0.]
[0.],[0.],[0.]
[1.20151907],[0.50557711],[0.46963424]
[2.03619816],[0.76404546],[1.03687585]
[2.19814482],[0.92704689],[1.35860536]
[2.53945984],[1.2808043],[2.32118822]
[2.69058904],[1.36116883],[2.72047982]
[2.84141525],[1.41119926],[2.97060074]
[3.04519328],[1.45988934],[3.2045719]
[3.14009217],[1.50545008],[3.41211992]
[3.11214672],[1.53567532],[3.61000115]
[3.17722333],[1.54905859],[3.80567345]
[3.17354192],[1.57155644],[3.97823828]
[3.26885411],[1.58590622],[4.06979118]
[3.2708241],[1.58647778],[4.06924649]
[3.37834044],[1.58467579],[4.00306006]
[3.37764058],[1.58199572],[3.8966839]
[3.48748629],[1.57914573],[3.84259623]
[3.48020937],[1.57487158],[3.74287816]
[3.58909751],[1.56588855],[3.72208602]
[3.59599135],[1.55207738],[3.67179068]
[3.67438403],[1.5366623],[3.65270479]
[3.68803468],[1.51619867],[3.60214546]
[3.72745458],[1.49414483],[3.53566717]
[3.73200511],[1.46712155],[3.51605533]
[3.75223509],[1.42801123],[3.41780266]
[3.7539341],[1.3428261],[3.36832972]
[3.77296297],[1.27828108],[3.2263454]
[3.76330222],[1.22489459],[3.15957462]
[3.7752227],[1.1895368],[3.05004628]
[3.76647884],[1.15069239],[3.01252013]
[3.7771201],[1.12124702],[2.93404645]
[3.80728478],[1.09846581],[2.93218775]
[3.79621216],[1.07071662],[2.9004647]
[3.80964272],[1.04613933],[2.86403995]
[3.78960906],[1.03132359],[2.83454361]
[3.79421364],[1.01957702],[2.79388659]
[3.75818583],[1.00806045],[2.76701715]
[3.74396208],[1.00014303],[2.74548258]
[3.73429792],[0.99553736],[2.73200621]
[3.72867059],[0.99122022],[2.72046606]
[3.72192957],[0.98829379],[2.70507645]
[3.70559719],[0.97865969],[2.68330296]
[3.69771944],[0.97366207],[2.64416315]
[3.68533235],[0.96797987],[2.60176138]
[3.64507801],[0.96199307],[2.54102865]
[3.60065775],[0.95641697],[2.48904039]
[3.56504921],[0.95028352],[2.44336403]
[3.5326245],[0.94574541],[2.39844895]
[3.4905219],[0.94231415],[2.35159367]
[3.46087687],[0.93747862],[2.31873751]
[3.42792163],[0.93140015],[2.28679815]
[3.38624635],[0.92550191],[2.24474642]
[3.35275308],[0.92072378],[2.21788313]
[3.32626131],[0.91705909],[2.18829412]
[0.],[0.],[0.]
[0.],[0.],[0.]
[1.27646488],[0.53219242],[0.51463671]
[2.11943117],[0.78896865],[1.10808572]
[2.24796874],[0.97329792],[1.45735399]
[2.6095624],[1.32198114],[2.50123562]
[2.77530441],[1.39454339],[2.8968624]
[2.90390385],[1.43862351],[3.1255491]
[3.10600476],[1.48310536],[3.35586582]
[3.2125653],[1.52546405],[3.57381409]
[3.1746278],[1.55281513],[3.75494661]
[3.2527687],[1.57221828],[3.97254999]
[3.25893574],[1.59476387],[4.13545899]
[3.35396377],[1.60684406],[4.24952199]
[3.3429505],[1.60552755],[4.16099572]
[3.45708063],[1.60293566],[4.09502902]
[3.44926304],[1.59915579],[3.96895079]
[3.5505455],[1.59558197],[3.9196381]
[3.54348735],[1.59039804],[3.84154814]
[3.64375605],[1.58318093],[3.85074964]
[3.65844467],[1.56751783],[3.8472787]
[3.72312653],[1.5524893],[3.83534098]
[3.7475452],[1.53182139],[3.84002455]
[3.77567084],[1.50978813],[3.79921165]
[3.79314912],[1.48277716],[3.77774579]
[3.80103257],[1.44752186],[3.64719298]
[3.81383151],[1.35680379],[3.56985694]
[3.82147298],[1.2896424],[3.41232773]
[3.82352055],[1.23063478],[3.34723848]
[3.82523706],[1.19656106],[3.23022899]
[3.82823893],[1.15892851],[3.19761135]
[3.82819408],[1.13366978],[3.11788106]
[3.86635066],[1.11068202],[3.11781936]
[3.84790023],[1.10310321],[3.08095757]
[3.86969093],[1.08582625],[3.04911085]
[3.8418348],[1.07592722],[3.01663279]
[3.85427676],[1.0681465],[2.9770683]
[3.81636441],[1.06177773],[2.9507978]
[3.80209703],[1.05630183],[2.93011256]
[3.7924113],[1.05151927],[2.91685379]
[3.78628917],[1.04699376],[2.90452514]
[3.78052174],[1.04373939],[2.88848902]
[3.76492855],[1.03023812],[2.86609802]
[3.75654015],[1.01536336],[2.83002929]
[3.74552734],[1.00195428],[2.78325722]
[3.70713291],[0.98702304],[2.71813285]
[3.66258072],[0.97406447],[2.6562818]
[3.62820504],[0.96435174],[2.60262902]
[3.59823061],[0.95859142],[2.55514054]
[3.55848004],[0.95506092],[2.50687253]
[3.52755556],[0.95057353],[2.45886893]
[3.49351312],[0.94427931],[2.40997924]
[3.45000684],[0.93854631],[2.35305881]
[3.41469749],[0.93376823],[2.31348408]
[3.38462157],[0.92988273],[2.27877354]
[0.],[0.],[0.]
[0.],[0.],[0.]
[1.21565949],[0.53052767],[0.5074111]
[2.05877223],[0.79487879],[1.10474323]
[2.11219718],[1.00054417],[1.47505755]
[2.52329266],[1.34164027],[2.54187067]
[2.68674678],[1.41537064],[2.94527507]
[2.82016253],[1.45494173],[3.14838008]
[3.03439054],[1.4921632],[3.39730857]
[3.16163916],[1.52566114],[3.62914888]
[3.13157764],[1.55486385],[3.82478769]
[3.20835626],[1.57475383],[4.03272022]
[3.33375498],[1.59580826],[4.08229485]
[3.43493446],[1.60470083],[4.00071096]
[3.41859733],[1.59588864],[3.91474424]
[3.5250299],[1.59256408],[3.86320103]
[3.52232855],[1.58744736],[3.80354266]
[3.61701884],[1.58041109],[3.78737605]
[3.6152116],[1.56355381],[3.77359589]
[3.70329151],[1.54415298],[3.76646426]
[3.72536161],[1.5221461],[3.78724661]
[3.77171942],[1.50155558],[3.77326162]
[3.80818733],[1.47411483],[3.76711424]
[3.82268852],[1.42774273],[3.64719259]
[3.85439622],[1.34742396],[3.62669944]
[3.84924668],[1.28353565],[3.46189945]
[3.87287478],[1.22701719],[3.4318617]
[3.8695514],[1.20188828],[3.31077082]
[3.88516131],[1.15671605],[3.29412687]
[3.8740785],[1.15967424],[3.20625699]
[3.89007722],[1.13143434],[3.19967959]
[3.88008397],[1.13694241],[3.13228583]
[3.92754689],[1.12002198],[3.14183564]
[3.89914074],[1.11900698],[3.1146193]
[3.92838128],[1.10461449],[3.09653748]
[3.89062461],[1.09772044],[3.07161622]
[3.90871792],[1.09248011],[3.04409556]
[3.86698021],[1.08749926],[3.02433886]
[3.8520362],[1.08244343],[3.00858032]
[3.84043882],[1.07790368],[2.99403952]
[3.83209541],[1.07382776],[2.98194746]
[3.82539341],[1.07113472],[2.96782711]
[3.80984189],[1.05922847],[2.94813857]
[3.80108445],[1.04543984],[2.91776374]
[3.7907512],[1.03204647],[2.87738374]
[3.75361059],[1.01753466],[2.82130967]
[3.70789475],[1.004473],[2.7632944]
[3.67345972],[0.99068433],[2.70697096]
[3.64223046],[0.97716354],[2.65394178]
[3.60108084],[0.96397552],[2.59529202]
[3.5686041],[0.95790168],[2.54564664]
[3.53558985],[0.95222801],[2.49669315]
[3.49406479],[0.9477958],[2.44116886]
[3.45863457],[0.94384674],[2.39514413]
[3.4289838],[0.93977061],[2.34869494]
[0.],[0.],[0.]
[0.],[0.],[0.]
[1.26485132],[0.5645495],[0.54925362]
[2.11444603],[0.82949785],[1.15766677]
[2.16247303],[1.03998653],[1.63328694]
[2.5698902],[1.37807439],[2.71311638]
[2.7274985],[1.44530483],[3.08567027]
[2.85076084],[1.48395821],[3.26599111]
[3.05471248],[1.51886923],[3.54060778]
[3.18765299],[1.55332673],[3.76747534]
[3.14214503],[1.57981078],[3.97034471]
[3.29170326],[1.59883966],[4.17540252]
[3.40779935],[1.61640083],[4.15049722]
[3.5187971],[1.62351404],[4.11221559]
[3.50250408],[1.61426638],[4.01818352]
[3.60123398],[1.61022219],[3.99078674]
[3.60224922],[1.60500001],[3.92459552]
[3.68966253],[1.59693751],[3.93614836]
[3.69723063],[1.5778516],[3.95862006]
[3.76487527],[1.55784215],[3.96122513]
[3.80173376],[1.5352073],[3.99294269]
[3.82875559],[1.51435364],[3.93456628]
[3.8722625],[1.48210219],[3.91174133]
[3.87105994],[1.42511744],[3.76944725]
[3.90515271],[1.34218634],[3.72052702]
[3.8923648],[1.29004464],[3.57095659]
[3.91691496],[1.24162135],[3.53546827]
[3.90723926],[1.22920371],[3.41574938]
[3.92795598],[1.18770899],[3.39798137]
[3.91369565],[1.19071385],[3.31357215]
[3.93651528],[1.16274226],[3.30201697]
[3.92189302],[1.16634966],[3.23565841]
[3.9752408],[1.14917742],[3.2388138]
[3.94031315],[1.14763768],[3.21242893]
[3.97644701],[1.13354706],[3.18959918]
[3.92920376],[1.12632363],[3.16136311]
[3.95248814],[1.12062721],[3.13441697]
[3.90718823],[1.1152154],[3.11061064]
[3.89162015],[1.10964546],[3.09452053]
[3.88044618],[1.1044171],[3.0766733]
[3.87317344],[1.09949793],[3.06298095]
[3.86788196],[1.0957791],[3.0469707]
[3.85316687],[1.08330169],[3.02590787]
[3.84365129],[1.06948396],[2.99471541]
[3.83475433],[1.055705],[2.95518272]
[3.8003192],[1.04171309],[2.89779164]
[3.75568656],[1.02881418],[2.84272775]
[3.72026682],[1.01571548],[2.79118764]
[3.68854597],[1.0024344],[2.73808834]
[3.64706496],[0.98635838],[2.67701518]
[3.61457085],[0.97473342],[2.6195589]
[3.58203842],[0.96876861],[2.56444982]
[3.54061968],[0.96311815],[2.50244952]
[3.5052945],[0.95810001],[2.44994484]
[3.47562278],[0.95301765],[2.40179861]
[0.],[0.],[0.]
[0.],[0.],[0.]
[1.27797197],[0.58794387],[0.57075641]
[2.13938861],[0.84759749],[1.18481804]
[2.19080706],[1.05191063],[1.66412768]
[2.60253553],[1.38424327],[2.7816263]
[2.75926173],[1.4555416],[3.16155993]
[2.8926914],[1.49557231],[3.35549093]
[3.05904531],[1.53161252],[3.62641894]
[3.19393348],[1.56961395],[3.85943334]
[3.13426204],[1.59701535],[4.04009759]
[3.34522934],[1.61638977],[4.24114156]
[3.44780635],[1.63054181],[4.21580213]
[3.56159975],[1.63529834],[4.2003098]
[3.5440416],[1.62971086],[4.10901414]
[3.63988542],[1.62640567],[4.10886987]
[3.64354967],[1.62077143],[4.08649607]
[3.7270374],[1.61046835],[4.12782837]
[3.73552564],[1.59165924],[4.18797453]
[3.7934279],[1.5705553],[4.15753494]
[3.84326012],[1.54599299],[4.14633918]
[3.85867622],[1.52464247],[4.06369012]
[3.90194974],[1.49505498],[4.03302235]
[3.89688376],[1.42888047],[3.8745285]
[3.93627785],[1.35429241],[3.82142519]
[3.92559199],[1.30928919],[3.6868185]
[3.94771555],[1.27322919],[3.64324241]
[3.94402487],[1.2620886],[3.54448949]
[3.95698497],[1.22301283],[3.51042012]
[3.95179827],[1.22717318],[3.44950349]
[3.96729797],[1.19901921],[3.41646236]
[3.95740377],[1.20240321],[3.36779771]
[4.00584806],[1.18475205],[3.34890326]
[3.97443939],[1.18211879],[3.33881907]
[4.00674443],[1.1686156],[3.30232558]
[3.96291447],[1.16132399],[3.28558769]
[3.98210708],[1.15560771],[3.25021759]
[3.9349494],[1.14982149],[3.22365367]
[3.92039094],[1.14381458],[3.20558026]
[3.90929637],[1.13850442],[3.18729982]
[3.90159104],[1.13360073],[3.17227538]
[3.89640083],[1.12963774],[3.15235333]
[3.88140064],[1.11763904],[3.12674662]
[3.8722269],[1.10442171],[3.09432022]
[3.86475773],[1.09189537],[3.05879292]
[3.83201278],[1.07883254],[3.00595462]
[3.78822865],[1.06655403],[2.95117531]
[3.75454958],[1.05367154],[2.90164748]
[3.72308385],[1.04116268],[2.85242228]
[3.68162585],[1.02604198],[2.79580377]
[3.64884819],[1.01352912],[2.74232481]
[3.61650021],[1.00061768],[2.68629639]
[3.5752999],[0.9866273],[2.6250072]
[3.53999199],[0.97199007],[2.55547335]
[3.51007459],[0.9668225],[2.49341258]
[0.],[0.],[0.]
[0.],[0.],[0.]
[1.28749435],[0.60545162],[0.58760601]
[2.15872133],[0.86029739],[1.2056867]
[2.22965501],[1.06451683],[1.69544983]
[2.63408225],[1.38531953],[2.83449759]
[2.7886342],[1.4617779],[3.21894536]
[2.9479716],[1.5022487],[3.44905496]
[3.08729008],[1.54245608],[3.71383909]
[3.21231624],[1.58191033],[3.94544994]
[3.18234693],[1.60883659],[4.11363188]
[3.40330431],[1.62685136],[4.31820344]
[3.49028537],[1.63946792],[4.28272313]
[3.60356038],[1.64405355],[4.26679098]
[3.58731387],[1.64265143],[4.19466426]
[3.67965113],[1.63970837],[4.22436541]
[3.68683885],[1.63247954],[4.24124166]
[3.76747489],[1.62030737],[4.29871228]
[3.78079509],[1.6015706],[4.31921257]
[3.82648036],[1.58219056],[4.25695717]
[3.88959504],[1.55674178],[4.23751928]
[3.90091301],[1.54196464],[4.15427709]
[3.94648511],[1.5211365],[4.13988629]
[3.94983557],[1.45604415],[4.02066308]
[3.99696613],[1.38629286],[3.9931128]
[3.99111201],[1.35071952],[3.8928927]
[4.0346179],[1.31817886],[3.8620898]
[4.0159438],[1.30596999],[3.760404]
[4.0572598],[1.26799174],[3.73635921]
[4.02902296],[1.26527166],[3.64085033]
[4.0759233],[1.23463188],[3.60431431]
[4.03489234],[1.23281165],[3.52589303]
[4.08121942],[1.21230461],[3.49289493]
[4.03492876],[1.20610053],[3.46199546]
[4.0601682],[1.19193694],[3.41738512]
[4.00808595],[1.18321116],[3.39074521]
[4.02561152],[1.17660127],[3.35536768]
[3.98367123],[1.17046382],[3.32689164]
[3.97002798],[1.16441128],[3.30619926]
[3.96047236],[1.15909353],[3.28614457]
[3.95273505],[1.15427071],[3.26936012]
[3.94785693],[1.15053601],[3.24955469]
[3.93350838],[1.13903446],[3.22200594]
[3.92394801],[1.12608732],[3.18589512]
[3.91518866],[1.11430025],[3.1433164]
[3.86313263],[1.10143295],[3.07307862]
[3.82208567],[1.08910039],[3.02106336]
[3.78882864],[1.07635172],[2.97279285]
[3.75761182],[1.06381681],[2.92366209]
[3.71618447],[1.04901608],[2.8682792]
[3.68324671],[1.03665394],[2.8162268]
[3.65127735],[1.02375428],[2.76111706]
[3.61007025],[1.0097399],[2.6994168]
[3.57468703],[0.98319935],[2.63634951]
[3.54453187],[0.976873],[2.56481273]
[0.],[0.],[0.]
[0.],[0.],[0.]
[1.19118133],[0.58652361],[0.54890633]
[2.00734668],[0.85552561],[1.13536063]
[2.11379476],[1.07165357],[1.63566084]
[2.52476923],[1.38253162],[2.78986442]
[2.69586842],[1.46405173],[3.19974896]
[2.84912005],[1.49728207],[3.43660826]
[2.99296331],[1.53621109],[3.69540202]
[3.0914231],[1.57862194],[3.92310005]
[3.21965649],[1.60651678],[4.03436334]
[3.44485909],[1.62361978],[4.06990941]
[3.53031797],[1.63769104],[4.07263124]
[3.64385405],[1.64174686],[4.07978819]
[3.63292862],[1.63100374],[4.07679428]
[3.72516783],[1.62038006],[4.15677376]
[3.73782341],[1.60201298],[4.20758466]
[3.80806216],[1.58550361],[4.18745819]
[3.83987151],[1.56293413],[4.17247002]
[3.87992402],[1.54042258],[4.09744997]
[3.95395895],[1.51610678],[4.11874619]
[3.97404063],[1.46722242],[4.04745968]
[4.03381023],[1.4201324],[4.07308683]
[4.04012246],[1.38254505],[4.00426293]
[4.11780351],[1.35158637],[4.04568652]
[4.11978862],[1.3523622],[3.9747602]
[4.1695728],[1.33266343],[3.99034019]
[4.15494977],[1.33203467],[3.91332941]
[4.19348454],[1.30211075],[3.90698396]
[4.17613102],[1.29798179],[3.82111304]
[4.21670515],[1.27174445],[3.81160917]
[4.18994812],[1.26807782],[3.73137964]
[4.22587139],[1.25023466],[3.70752488]
[4.17701624],[1.24495836],[3.67464729]
[4.19928602],[1.22844885],[3.64129636]
[4.13317845],[1.21671784],[3.58959862]
[4.14735779],[1.20707986],[3.54735943]
[4.08613914],[1.19789104],[3.49194371]
[4.06379033],[1.18847911],[3.45534555]
[4.04791173],[1.18053392],[3.4200833]
[4.03332406],[1.17326639],[3.38958613]
[4.01809583],[1.16946472],[3.35885369]
[3.99579185],[1.15888841],[3.32360379]
[3.97753976],[1.14735405],[3.2869337]
[3.96986519],[1.13613019],[3.24315001]
[3.93419061],[1.12374148],[3.17461042]
[3.87791149],[1.11162728],[3.10637433]
[3.82991602],[1.10051536],[3.05011888]
[3.79870919],[1.08966048],[3.00472391]
[3.75695785],[1.07633194],[2.95241724]
[3.72374904],[1.06435869],[2.90330818]
[3.69214812],[1.05168757],[2.85146467]
[3.65100036],[1.03776654],[2.7926424]
[3.61557896],[1.01315411],[2.72955567]
[3.58512627],[0.98893643],[2.66624338]
[0.],[0.],[0.]
[0.],[0.],[0.]
[1.20108712],[0.60099675],[0.56257661]
[2.02344561],[0.8651224],[1.14885953]
[2.14834132],[1.09658784],[1.73978022]
[2.55898331],[1.40980844],[2.90141458]
[2.72706946],[1.48669063],[3.29481655]
[2.90547035],[1.51882083],[3.54129879]
[3.04307036],[1.55952768],[3.8122255]
[3.14708334],[1.60150438],[4.03327862]
[3.27081409],[1.62595461],[4.15603967]
[3.50075269],[1.63963821],[4.20946865]
[3.58434006],[1.65328362],[4.18684258]
[3.69960052],[1.65565077],[4.21977265]
[3.69896547],[1.64832134],[4.28781472]
[3.79009872],[1.63669511],[4.35544361]
[3.81665494],[1.62114925],[4.38754538]
[3.87770084],[1.607474],[4.36315245]
[3.92847265],[1.59141654],[4.38544907]
[3.97400292],[1.58025228],[4.3741856]
[4.08264368],[1.57008363],[4.42681104]
[4.09723826],[1.55436094],[4.38303677]
[4.18045531],[1.51107535],[4.39902562]
[4.19493985],[1.47316682],[4.32353005]
[4.26735117],[1.43909247],[4.3536786]
[4.29129822],[1.41724055],[4.29837672]
[4.32612447],[1.38865772],[4.30294364]
[4.34022036],[1.3910704],[4.26268443]
[4.38232156],[1.35812586],[4.25281432]
[4.39958639],[1.35583843],[4.19628062]
[4.43810857],[1.32621005],[4.16846118]
[4.43927426],[1.32529617],[4.10066772]
[4.4599633],[1.30607123],[4.06915349]
[4.40523923],[1.3015653],[4.00875311]
[4.41437738],[1.28382725],[3.97352282]
[4.33433299],[1.2718064],[3.88891144]
[4.34062464],[1.26180049],[3.85330468]
[4.27050772],[1.2519804],[3.77464038]
[4.23065237],[1.24165609],[3.73303318]
[4.20666048],[1.23304135],[3.69285249]
[4.18441003],[1.22529023],[3.6585661]
[4.1619656],[1.21992022],[3.62096546]
[4.12901911],[1.2049225],[3.56931458]
[4.09835553],[1.19086105],[3.51024704]
[4.07758241],[1.17530643],[3.44718483]
[4.05197011],[1.15832897],[3.36600272]
[3.99523578],[1.14045466],[3.26966719]
[3.93001634],[1.1242395],[3.17890485]
[3.86157446],[1.11232268],[3.09796012]
[3.80867813],[1.09879624],[3.03337706]
[3.77392776],[1.08714846],[2.98483446]
[3.74158189],[1.0746842],[2.93374553]
[3.69926889],[1.06090368],[2.87718534]
[3.66321873],[1.03695732],[2.81639055]
[3.63149714],[1.00930522],[2.75798401]
[0.],[0.],[0.]
[0.],[0.],[0.]
[1.21106374],[0.60946162],[0.57207493]
[2.03196894],[0.87150918],[1.15762982]
[2.18126656],[1.1099698],[1.77624525]
[2.59559793],[1.41493836],[2.95206306]
[2.7546697],[1.49849803],[3.35630312]
[2.93638287],[1.53293357],[3.62395179]
[3.08276003],[1.5723845],[3.89790749]
[3.19774556],[1.61646273],[4.13741164]
[3.30643531],[1.64023661],[4.25869784]
[3.54248276],[1.65277437],[4.32404455]
[3.63057037],[1.667716],[4.32853653]
[3.74998196],[1.67187995],[4.42558858]
[3.75912285],[1.67004059],[4.56681852]
[3.84809418],[1.66045379],[4.63696429]
[3.8797644],[1.64692872],[4.68787824]
[3.94736921],[1.64490795],[4.68311701]
[4.0478437],[1.65331978],[4.73771794]
[4.09255708],[1.66779042],[4.74707421]
[4.19765331],[1.6733723],[4.79350132]
[4.2275389],[1.65929168],[4.73789346]
[4.30231196],[1.60961579],[4.75127587]
[4.33270248],[1.56974619],[4.69906166]
[4.43295819],[1.53243978],[4.78365098]
[4.50661968],[1.50828005],[4.78387828]
[4.54795332],[1.47379355],[4.7988944]
[4.56708843],[1.45274487],[4.75519403]
[4.59333729],[1.41889725],[4.75617698]
[4.60214457],[1.41875641],[4.68575469]
[4.62176174],[1.3882359],[4.65868131]
[4.62971265],[1.38758538],[4.58782465]
[4.63071658],[1.36906665],[4.5444141]
[4.6169413],[1.3640486],[4.49757436]
[4.60198639],[1.3468351],[4.45005277]
[4.57891364],[1.33502407],[4.38358756]
[4.55940566],[1.32472788],[4.33127973]
[4.53271627],[1.3147138],[4.249391]
[4.47653898],[1.30411677],[4.18331315]
[4.44823916],[1.29525594],[4.12518997]
[4.41912848],[1.28684735],[4.07326183]
[4.39185698],[1.28168555],[4.01825057]
[4.35031838],[1.26699039],[3.94182919]
[4.31058869],[1.24970948],[3.86632134]
[4.27770941],[1.2339829],[3.77206957]
[4.21797985],[1.21693605],[3.6539171]
[4.11173927],[1.19940806],[3.53322111]
[4.05115852],[1.18173835],[3.43433664]
[4.00050447],[1.16412957],[3.33842044]
[3.92911405],[1.14467807],[3.23136234]
[3.84468751],[1.12686662],[3.1316882]
[3.78804657],[1.11259036],[3.06075837]
[3.73704784],[1.09806533],[2.9946301]
[3.70061893],[1.07604269],[2.93426597]
[3.66873853],[1.04851986],[2.87476917]
[0.],[0.],[0.]
[0.],[0.],[0.]
[1.22243427],[0.6192818],[0.58313514]
[2.05058363],[0.88136015],[1.17403055]
[2.21731172],[1.12048888],[1.81917078]
[2.63104518],[1.41598087],[2.98516576]
[2.78099112],[1.50282755],[3.38887988]
[2.96804522],[1.53619362],[3.67211634]
[3.11984388],[1.57481894],[3.94453122]
[3.23464562],[1.62033118],[4.19673662]
[3.33603453],[1.64424361],[4.31390568]
[3.57720897],[1.65981999],[4.39966591]
[3.67557147],[1.67808008],[4.42675957]
[3.79755227],[1.68421526],[4.58096535]
[3.8048048],[1.68423557],[4.74752088]
[3.89744056],[1.6754493],[4.82284637]
[3.96374972],[1.67237974],[4.90777223]
[4.05445714],[1.68509862],[4.9409397]
[4.14806994],[1.70774925],[4.98964308]
[4.1616012],[1.72114687],[4.97297274]
[4.2795379],[1.73075185],[5.03902491]
[4.31746604],[1.7240347],[4.97775073]
[4.38402558],[1.67115439],[5.0068695]
[4.46209492],[1.62067313],[5.01514115]
[4.56943158],[1.58333646],[5.10992496]
[4.62171536],[1.55942122],[5.07927299]
[4.65857559],[1.53011107],[5.10502199]
[4.66698084],[1.49808646],[5.04559802]
[4.69113445],[1.46344102],[5.06478503]
[4.69202405],[1.46296877],[4.98494037]
[4.70849334],[1.43170477],[4.97166328]
[4.7082963],[1.43072627],[4.8761142]
[4.7101865],[1.4116998],[4.84651141]
[4.70440955],[1.4054779],[4.78267326]
[4.68395217],[1.38869762],[4.73841003]
[4.67547938],[1.37609895],[4.66347624]
[4.65013796],[1.36526502],[4.61431667]
[4.63881507],[1.35478282],[4.53901193]
[4.58769709],[1.34378839],[4.47804998]
[4.56258936],[1.33467385],[4.42391509]
[4.53773959],[1.32608984],[4.37688834]
[4.51429742],[1.32126506],[4.32764719]
[4.4819995],[1.3095608],[4.25950085]
[4.4496277],[1.29120531],[4.18470972]
[4.42273482],[1.27338269],[4.08222227]
[4.37262077],[1.25617627],[3.92051381]
[4.23076416],[1.24009907],[3.73252233]
[4.12308233],[1.22171337],[3.60520038]
[4.06132571],[1.20561583],[3.50828542]
[4.00343437],[1.18637643],[3.404569]
[3.93961264],[1.16827243],[3.30125661]
[3.8590668],[1.14901451],[3.19194681]
[3.7864023],[1.12817563],[3.10302713]
[3.72572119],[1.09874575],[3.01567346]
[3.68423029],[1.06753638],[2.93688859]
[0.],[0.],[0.]
[0.],[0.],[0.]
[1.11649573],[0.58565111],[0.53215307]
[1.94266774],[0.87171779],[1.11711536]
[2.08915933],[1.12359189],[1.7417315]
[2.52898688],[1.41065395],[2.92312594]
[2.71112879],[1.49247294],[3.32566279]
[2.89080006],[1.52619393],[3.60726313]
[3.06546871],[1.5644128],[3.88431293]
[3.26157124],[1.61213677],[4.02787858]
[3.36709938],[1.6390935],[4.06346861]
[3.61186506],[1.65578066],[4.22457951]
[3.7154205],[1.67365401],[4.30818858]
[3.84491413],[1.67343504],[4.51048275]
[3.87886974],[1.65809282],[4.69027782]
[3.97574613],[1.65388332],[4.74773553]
[4.05705724],[1.65499437],[4.81317763]
[4.13526419],[1.67584907],[4.83928926]
[4.22121727],[1.69003846],[4.89321557]
[4.25047223],[1.68751339],[4.84180529]
[4.35311367],[1.64154953],[4.88684541]
[4.40206884],[1.62273435],[4.86632181]
[4.51232766],[1.59405729],[4.99959752]
[4.59710413],[1.57063734],[5.04778757]
[4.6752528],[1.5478693],[5.16877828]
[4.71215883],[1.5337253],[5.16375508]
[4.74484743],[1.51344484],[5.24689008]
[4.74620523],[1.50209094],[5.18505372]
[4.76713009],[1.46946927],[5.21855157]
[4.76438671],[1.46943733],[5.14519041]
[4.77814105],[1.44103631],[5.14822749]
[4.77453628],[1.44298216],[5.05999137]
[4.77690142],[1.42459262],[5.03883001]
[4.77649689],[1.4203681],[4.98523363]
[4.7540151],[1.40306639],[4.93826914]
[4.75326405],[1.3911963],[4.86996258]
[4.72616229],[1.38094028],[4.82134449]
[4.72357802],[1.37111684],[4.74643933]
[4.67716132],[1.36163707],[4.68414981]
[4.65606959],[1.35527907],[4.63325949]
[4.63456694],[1.34962119],[4.58612095]
[4.61329598],[1.34561428],[4.53833373]
[4.58725295],[1.33478076],[4.47166258]
[4.56008518],[1.31672025],[4.39827085]
[4.53712882],[1.29831313],[4.30495469]
[4.49280596],[1.28051152],[4.16799555]
[4.40133523],[1.26628771],[3.97916965]
[4.260218],[1.25027149],[3.7819091]
[4.14550071],[1.23396438],[3.65010515]
[4.07032698],[1.21514217],[3.54176641]
[4.01902704],[1.19739772],[3.44028029]
[3.96203318],[1.17812371],[3.32971557]
[3.8749013],[1.15651295],[3.21859639]
[3.80401235],[1.12607423],[3.12017853]
[3.74265373],[1.09211198],[3.02809391]
[0.],[0.],[0.]
[0.],[0.],[0.]
[1.12924448],[0.59220946],[0.54025979]
[1.96182858],[0.88067868],[1.13010424]
[2.11881973],[1.1446007],[1.81769287]
[2.5603489],[1.43458332],[3.00355535]
[2.72304567],[1.50700646],[3.38213352]
[2.90900581],[1.53991536],[3.66153105]
[3.09843527],[1.57964891],[3.96425582]
[3.29964966],[1.62735857],[4.11846496]
[3.41281548],[1.65364439],[4.16804182]
[3.64937358],[1.67097416],[4.3576872]
[3.77436112],[1.68907007],[4.49778861]
[3.92127187],[1.68851006],[4.72391775]
[3.97408337],[1.68076235],[4.88693237]
[4.07244269],[1.67993899],[4.96726574]
[4.16551675],[1.70137079],[5.04101721]
[4.19721685],[1.71551283],[5.01262969]
[4.29739634],[1.727298],[5.06960149]
[4.34322646],[1.726156],[5.0183157]
[4.4327873],[1.69344334],[5.10399403]
[4.55278557],[1.67238656],[5.16820096]
[4.64328743],[1.64268766],[5.30466573]
[4.70780968],[1.61906463],[5.30589588]
[4.76360139],[1.59529998],[5.45274113]
[4.79306593],[1.57960172],[5.4286776]
[4.81703169],[1.55821422],[5.53560186]
[4.81675167],[1.53479999],[5.44264767]
[4.82958058],[1.50345192],[5.50400568]
[4.82677093],[1.49888628],[5.40974727]
[4.83624513],[1.4680176],[5.42874684]
[4.86520807],[1.46814837],[5.33412484]
[4.86479545],[1.4499164],[5.32101454]
[4.88582973],[1.44566764],[5.25430724]
[4.82558113],[1.42799292],[5.19820163]
[4.84527774],[1.41615365],[5.11259616]
[4.79042962],[1.40609462],[5.05878825]
[4.79593118],[1.39629443],[4.97954908]
[4.75209139],[1.3867217],[4.9171224]
[4.73427357],[1.37976602],[4.86768521]
[4.71627945],[1.37442426],[4.82027635]
[4.69771587],[1.37026986],[4.76792536]
[4.67560529],[1.35925637],[4.70666248]
[4.65195353],[1.34185704],[4.63149839]
[4.63000722],[1.32392059],[4.53745181]
[4.59178907],[1.30388013],[4.38511138]
[4.52929496],[1.28767902],[4.22130539]
[4.43402364],[1.272097],[4.02487846]
[4.30126555],[1.25674866],[3.8266012]
[4.16492724],[1.23838314],[3.67879729]
[4.09334401],[1.22094283],[3.56673737]
[4.04227911],[1.20158452],[3.45836917]
[3.980414],[1.18015391],[3.35025175]
[3.90630492],[1.1482236],[3.23562491]
[3.83069396],[1.11401418],[3.12882296]
[0.],[0.],[0.]
[0.],[0.],[0.]
[1.14239913],[0.60240958],[0.55085135]
[1.98023785],[0.88989207],[1.14561536]
[2.14875922],[1.15393812],[1.86062027]
[2.59003716],[1.43757597],[3.04380358]
[2.74653205],[1.51528286],[3.42891049]
[2.98149595],[1.55062487],[3.74653601]
[3.17015774],[1.59437896],[4.0703666]
[3.36966096],[1.64459607],[4.2515487]
[3.49017287],[1.66939814],[4.32782024]
[3.73286395],[1.68698526],[4.53875401]
[3.87178314],[1.70527864],[4.77048994]
[4.01713384],[1.71060255],[4.99042801]
[4.07274037],[1.71649897],[5.1035519]
[4.16850477],[1.73816793],[5.21631676]
[4.25267573],[1.75601424],[5.27171919]
[4.28860551],[1.77062124],[5.25360578]
[4.38564785],[1.77900251],[5.32022916]
[4.44216578],[1.78083436],[5.3115467]
[4.57798959],[1.75445642],[5.49422622]
[4.68620611],[1.72719321],[5.49860326]
[4.75000632],[1.69417136],[5.64695339]
[4.79303821],[1.66839462],[5.59103919]
[4.84291494],[1.64300078],[5.79744886]
[4.8620919],[1.62602508],[5.75918524]
[4.88574054],[1.60344867],[5.89940466]
[4.9093746],[1.58010364],[5.80262598]
[4.90782997],[1.55029819],[5.8848018]
[5.04736585],[1.5339126],[5.79202693]
[4.96575473],[1.50630593],[5.82244711]
[5.15553342],[1.49954991],[5.73936896]
[5.1779314],[1.47929372],[5.70127049]
[5.20679633],[1.47347444],[5.65035673]
[5.08671907],[1.45566506],[5.55255528]
[5.11385856],[1.44420395],[5.49297801]
[4.94081145],[1.43410845],[5.39686755]
[5.00138025],[1.42427703],[5.33141522]
[4.85448837],[1.41448874],[5.23528141]
[4.82607937],[1.40723129],[5.17560199]
[4.7963902],[1.40212425],[5.11583545]
[4.76780482],[1.3980834],[5.05137555]
[4.73807726],[1.38630538],[4.96856991]
[4.71718571],[1.36977299],[4.8844572]
[4.69657641],[1.35257894],[4.79253128]
[4.66235873],[1.33328109],[4.65488662]
[4.61446195],[1.31465683],[4.47550576]
[4.54343748],[1.29831141],[4.2972163]
[4.44676674],[1.28335301],[4.10750637]
[4.30056318],[1.26679514],[3.87956635]
[4.17396512],[1.25145608],[3.72692879]
[4.10965187],[1.23381222],[3.6093564]
[4.04744116],[1.21268921],[3.49776864]
[3.99131271],[1.18152607],[3.3858381]
[3.92169915],[1.14908145],[3.27573816]
[0.],[0.],[0.]
[0.],[0.],[0.]
[1.15659144],[0.61252822],[0.56085933]
[1.99507779],[0.89832117],[1.15899821]
[2.17701201],[1.16262268],[1.90344129]
[2.61739537],[1.44144394],[3.09127531]
[2.79360742],[1.52464615],[3.49110414]
[3.04158025],[1.56264043],[3.8284828]
[3.27109923],[1.60640699],[4.19784558]
[3.48323359],[1.65550701],[4.40889362]
[3.58660255],[1.68117159],[4.49510675]
[3.82070023],[1.69739371],[4.70649224]
[3.96715076],[1.71807101],[4.96050841]
[4.12585448],[1.72918103],[5.19881054]
[4.19720665],[1.76013573],[5.35122073]
[4.25634088],[1.78051009],[5.44724287]
[4.3392682],[1.79658095],[5.49919161]
[4.3918761],[1.80885297],[5.47704509]
[4.47667476],[1.81744201],[5.56512371]
[4.58986166],[1.81937952],[5.62733316]
[4.70727823],[1.80229264],[5.84020852]
[4.79531047],[1.77158292],[5.80838322]
[4.84385141],[1.73621473],[5.95942744]
[4.869614],[1.70853009],[5.92200776]
[4.9105192],[1.68177335],[6.13365188]
[5.0393522],[1.66375703],[6.14039872]
[5.01967158],[1.64047886],[6.27447661]
[5.20898264],[1.61744866],[6.23733878]
[5.18950294],[1.58777873],[6.30269074]
[5.30171423],[1.56946775],[6.23674643]
[5.29875099],[1.54355962],[6.26673708]
[5.36104709],[1.53278002],[6.18291872]
[5.39764105],[1.51260319],[6.14115987]
[5.40494104],[1.50398576],[6.07104432]
[5.3583424],[1.48507431],[5.95228009]
[5.33923916],[1.47116331],[5.8836105]
[5.27057874],[1.46129092],[5.76739734]
[5.26213565],[1.44952475],[5.70341863]
[5.1597767],[1.44055793],[5.58618547]
[5.08991262],[1.43388276],[5.50822394]
[5.01123832],[1.42894147],[5.4321479]
[4.90293579],[1.42537038],[5.35002625]
[4.85940274],[1.4131696],[5.26231143]
[4.82810967],[1.39660922],[5.16561902]
[4.79843193],[1.37977159],[5.06085036]
[4.74284161],[1.36071706],[4.89378744]
[4.68351686],[1.34125698],[4.69846686]
[4.62906485],[1.32277618],[4.51118146]
[4.55546936],[1.30787702],[4.33036906]
[4.450134],[1.29187012],[4.12751895]
[4.30944963],[1.27814695],[3.90373813]
[4.18945454],[1.26177417],[3.75134049]
[4.11591324],[1.24139697],[3.63423183]
[4.05984631],[1.21203322],[3.52333314]
[4.0142978],[1.18097586],[3.42849451]
[0.],[0.],[0.]
[0.],[0.],[0.]
[1.06975785],[0.57430826],[0.51299974]
[1.89188725],[0.86542941],[1.08903764]
[2.079801],[1.16623149],[1.86117785]
[2.60805346],[1.43317588],[3.06312668]
[2.8362612],[1.52392314],[3.48076663]
[3.1234892],[1.56280117],[3.83041344]
[3.35056938],[1.60521387],[4.06061088]
[3.57795947],[1.65205634],[4.22436597]
[3.65642466],[1.67636497],[4.3936908]
[3.8948351],[1.69092863],[4.66250045]
[4.05279043],[1.70456609],[4.92981693]
[4.22682653],[1.72969485],[5.1544777]
[4.29270459],[1.75486158],[5.28256446]
[4.32924691],[1.76910266],[5.31505624]
[4.42409418],[1.77858644],[5.38911136]
[4.48652661],[1.78492584],[5.39460307]
[4.60331671],[1.77561568],[5.58698818]
[4.72835513],[1.74661123],[5.62761111]
[4.80543178],[1.72928539],[5.84807178]
[4.87895209],[1.71252335],[5.83183642]
[4.91639148],[1.69245032],[6.04264794]
[4.93321354],[1.67483169],[6.06701521]
[4.99514821],[1.65743723],[6.33689806]
[5.30628473],[1.64573266],[6.45112466]
[5.34807103],[1.63077747],[6.61161909]
[5.41641951],[1.61598206],[6.61489539]
[5.43179401],[1.59559062],[6.69810707]
[5.46864074],[1.58170521],[6.65473674]
[5.48714797],[1.55711812],[6.6825721]
[5.50620353],[1.54952251],[6.61473111]
[5.59964398],[1.53033255],[6.59652732]
[5.60249599],[1.5203565],[6.5142503]
[5.61776599],[1.50235249],[6.39136929]
[5.52818917],[1.49013256],[6.27912467]
[5.51145606],[1.47944003],[6.16731272]
[5.44379117],[1.47102949],[6.08399404]
[5.40318183],[1.46561337],[5.9894646]
[5.33894405],[1.4597846],[5.90066667]
[5.2940407],[1.45266805],[5.81771249]
[5.23566916],[1.44698322],[5.72897979]
[5.16349271],[1.43583055],[5.62384201]
[5.0989548],[1.4204948],[5.51663289]
[5.02941133],[1.40576231],[5.40364498]
[4.86280512],[1.39005435],[5.24365195]
[4.80024522],[1.37392357],[5.0302029]
[4.73203364],[1.35752317],[4.80847531]
[4.65566325],[1.3411424],[4.62508997]
[4.58789026],[1.3258161],[4.43821538]
[4.50159778],[1.31187125],[4.25988598]
[4.39167652],[1.29580133],[4.05095875]
[4.24559257],[1.27449417],[3.83877363]
[4.1849157],[1.24774064],[3.71851721]
[4.12619798],[1.21759782],[3.60282925]
[0.],[0.],[0.]
[0.],[0.],[0.]
[1.07872311],[0.57695741],[0.51493411]
[1.91038123],[0.87573757],[1.10000935]
[2.13116586],[1.19296208],[1.97279106]
[2.65609985],[1.46360362],[3.17086255]
[2.90040409],[1.54725502],[3.57470976]
[3.22247175],[1.58395199],[3.96197108]
[3.41169688],[1.62529119],[4.26392214]
[3.64719275],[1.66836174],[4.43396841]
[3.73504184],[1.69260025],[4.58496645]
[3.9666223],[1.70582889],[4.87020758]
[4.15311511],[1.73425738],[5.18680816]
[4.29421347],[1.77514696],[5.40965978]
[4.36436577],[1.7958633],[5.52834769]
[4.41888017],[1.81124967],[5.54955572]
[4.50095445],[1.8201599],[5.63502318]
[4.61169187],[1.82379326],[5.72683814]
[4.73069265],[1.82417988],[5.94304381]
[4.83131636],[1.80287137],[5.96818581]
[4.88194558],[1.7808101],[6.16025484]
[4.94276825],[1.76305562],[6.19404721]
[4.97169845],[1.74049904],[6.41421971]
[5.20290992],[1.72092176],[6.5081016]
[5.32723347],[1.70171807],[6.75051855]
[5.48680217],[1.68914358],[6.94039804]
[5.53714326],[1.67343293],[7.1126202]
[5.56226976],[1.65927651],[7.14225896]
[5.61442423],[1.63953097],[7.23743353]
[5.65077479],[1.62240987],[7.22674667]
[5.71412703],[1.59976642],[7.27288233]
[5.76079012],[1.58365696],[7.20802839]
[5.9003456],[1.56147718],[7.25197394]
[5.91773431],[1.55383608],[7.13763994]
[5.95460116],[1.54073682],[7.03969846]
[5.85917692],[1.5283137],[6.86357581]
[5.85042168],[1.515786],[6.75438379]
[5.73202782],[1.50602741],[6.61140103]
[5.72260936],[1.50138805],[6.52484095]
[5.60930161],[1.49632966],[6.40910025]
[5.55882201],[1.49078869],[6.32682433]
[5.50541796],[1.47931737],[6.23143804]
[5.45726303],[1.4679922],[6.12713595]
[5.42085825],[1.45424397],[6.03361413]
[5.37117371],[1.43955507],[5.92633304]
[5.25707835],[1.42374717],[5.76577797]
[5.13849692],[1.40802293],[5.52548417]
[5.01428297],[1.39206879],[5.25258518]
[4.83221838],[1.37605114],[5.00303442]
[4.71401146],[1.3583205],[4.76820394]
[4.65695056],[1.34250214],[4.5699411]
[4.58691733],[1.32655338],[4.39156458]
[4.48541986],[1.30330065],[4.18965461]
[4.37730868],[1.27722858],[3.96420174]
[4.2684424],[1.24881055],[3.80093791]
[0.],[0.],[0.]
[0.],[0.],[0.]
[1.09389884],[0.57850669],[0.51747672]
[1.93069842],[0.88443757],[1.11172203]
[2.18301883],[1.20381735],[2.03957428]
[2.70038587],[1.47121351],[3.2437324]
[2.98421834],[1.5624841],[3.68880938]
[3.31954854],[1.5995677],[4.12341133]
[3.5292749],[1.64310784],[4.51123174]
[3.75555726],[1.68329278],[4.69979348]
[3.83909057],[1.70850231],[4.84926851]
[4.07889898],[1.7313024],[5.18189642]
[4.26732462],[1.79500873],[5.50846447]
[4.3831277],[1.83438469],[5.71988732]
[4.4655544],[1.85559567],[5.84684627]
[4.530839],[1.86921314],[5.88902664]
[4.62451176],[1.87648184],[6.08674532]
[4.77325262],[1.88041172],[6.19770176]
[4.84709871],[1.88109483],[6.35949635]
[4.93131234],[1.8707806],[6.38652345]
[4.96440348],[1.84453468],[6.59787432]
[5.03720009],[1.81868272],[6.67195128]
[5.18161239],[1.79075889],[6.88688237]
[5.4355428],[1.76807199],[7.00658798]
[5.53794823],[1.74743009],[7.25884441]
[5.61951201],[1.73416041],[7.48097361]
[5.77235385],[1.72258321],[7.73516067]
[5.82689941],[1.70477879],[7.79599338]
[5.91606218],[1.6862967],[7.92220728]
[5.97553407],[1.66947044],[7.92629788]
[6.02985164],[1.64892907],[8.00221242]
[6.06725091],[1.63351606],[7.94934598]
[6.13102147],[1.61446258],[7.98785929]
[6.1494992],[1.60352386],[7.90350189]
[6.16499764],[1.59131696],[7.82167441]
[6.11959579],[1.58017722],[7.6757368]
[6.10607153],[1.56939205],[7.59269504]
[6.06167745],[1.55869539],[7.45524953]
[6.05072472],[1.5521905],[7.38477155]
[6.00081965],[1.54721102],[7.2561003]
[5.96422261],[1.54206845],[7.16585797]
[5.93235361],[1.52553951],[7.06355437]
[5.89275405],[1.50763291],[6.94236699]
[5.86079916],[1.49292095],[6.82354504]
[5.82276208],[1.47684651],[6.68506848]
[5.69725801],[1.45909455],[6.48189483]
[5.53050903],[1.44409707],[6.20268297]
[5.38653773],[1.42881044],[5.81694131]
[5.21457455],[1.41351777],[5.5241009]
[4.94620795],[1.39634963],[5.22887918]
[4.78573759],[1.37808762],[4.9794171]
[4.70896497],[1.36085048],[4.74877934]
[4.63763734],[1.3377244],[4.53870902]
[4.55795068],[1.31281751],[4.36180256]
[4.46946593],[1.2856169],[4.16469734]
[0.],[0.],[0.]
[0.],[0.],[0.]
[1.12171311],[0.59058196],[0.53088115]
[1.96051386],[0.89720493],[1.13194802]
[2.2749199],[1.2134963],[2.12942434]
[2.74327844],[1.47658447],[3.30522964]
[3.07136219],[1.5735391],[3.79843497]
[3.37825799],[1.61055267],[4.26050076]
[3.60088748],[1.65444986],[4.68640112]
[3.83394217],[1.69326447],[4.93712044]
[3.93798649],[1.72088739],[5.09798433]
[4.20027175],[1.75084684],[5.45101024]
[4.36009747],[1.83890514],[5.76050736]
[4.47710089],[1.87866877],[5.96982652]
[4.55364308],[1.89784804],[6.14581259]
[4.63093931],[1.91421623],[6.27628131]
[4.76561001],[1.92167578],[6.50222177]
[4.8951016],[1.92875643],[6.59782973]
[4.94239292],[1.92981248],[6.74918462]
[5.01728533],[1.92591868],[6.82311093]
[5.03840033],[1.90676263],[7.05494345]
[5.33632721],[1.87637477],[7.17351953]
[5.48733847],[1.84291808],[7.3557187]
[5.61195032],[1.81833306],[7.53137356]
[5.69241055],[1.79552636],[7.79318178]
[5.89107914],[1.7866384],[8.10642713]
[6.08647502],[1.77742084],[8.48888822]
[6.14479408],[1.7612694],[8.65584621]
[6.17493758],[1.74226874],[8.82695535]
[6.22039433],[1.72581073],[8.88842162]
[6.25163186],[1.70390923],[8.95886717]
[6.31375792],[1.68662648],[8.95384193]
[6.3523707],[1.66531158],[8.95579264]
[6.44858776],[1.65170715],[8.93409489]
[6.47217299],[1.63928182],[8.82556333]
[6.57838468],[1.62730773],[8.7329854]
[6.44708069],[1.61612207],[8.57224365]
[6.4507731],[1.60391717],[8.46302406]
[6.37164046],[1.59605905],[8.33324633]
[6.37750134],[1.59057498],[8.23085969]
[6.3091949],[1.58431065],[8.09877314]
[6.27870365],[1.56812395],[7.97736938]
[6.24300363],[1.55182061],[7.84073361]
[6.21302729],[1.5360075],[7.69924447]
[6.18152981],[1.51951577],[7.54124505]
[6.09083705],[1.49866348],[7.30439549]
[5.97020779],[1.48047746],[6.99279112]
[5.83636019],[1.46533187],[6.61468205]
[5.65335703],[1.45026496],[6.11525551]
[5.38977706],[1.43450114],[5.75242879]
[5.1070772],[1.41530189],[5.43559419]
[4.85651205],[1.39633992],[5.15589729]
[4.74897406],[1.36934687],[4.88949495]
[4.68935436],[1.34443152],[4.66139261]
[4.62457604],[1.31751018],[4.46671091]
[0.],[0.],[0.]
[0.],[0.],[0.]
[1.05070163],[0.56248279],[0.49621888]
[1.88720097],[0.86591755],[1.0772453]
[2.23997031],[1.20804997],[2.10435772]
[2.77667472],[1.46324686],[3.26339064]
[3.11832104],[1.56901863],[3.79392752]
[3.42449457],[1.60640699],[4.25254834]
[3.65336744],[1.65039472],[4.57880581]
[3.87918832],[1.68647818],[4.80302575]
[3.99967165],[1.7156846],[5.06246968]
[4.28175974],[1.75686902],[5.43917484]
[4.42585008],[1.83581493],[5.73598936]
[4.55760117],[1.87398917],[5.90814587]
[4.62724674],[1.88741897],[6.08131126]
[4.77220688],[1.8980719],[6.29440994]
[4.86524786],[1.90063669],[6.52533451]
[4.97813684],[1.90134597],[6.61070426]
[5.00682182],[1.88846149],[6.84118873]
[5.07438347],[1.87818447],[6.95996547]
[5.09496501],[1.85687772],[7.20170903]
[5.4865487],[1.83122943],[7.38961583]
[5.62677176],[1.81632281],[7.63854293]
[5.70767146],[1.8064103],[7.95197875]
[5.96174832],[1.79883002],[8.35574047]
[6.17240471],[1.79579391],[8.78768033]
[6.29327837],[1.79502599],[9.24162489]
[6.38616263],[1.78822966],[9.51723219]
[6.43270848],[1.80513309],[9.72109369]
[6.55522862],[1.82318804],[9.91469686]
[6.54723165],[1.80365084],[9.98635207]
[6.76634564],[1.78198986],[10.11539734]
[6.81612857],[1.75267664],[10.09745005]
[6.90937914],[1.72467484],[10.11976175]
[6.95299704],[1.6930358],[10.02090446]
[6.99400678],[1.66747791],[9.91250953]
[6.97573248],[1.65617628],[9.75415461]
[6.94380496],[1.64848606],[9.63913305]
[6.88839002],[1.64185425],[9.48020484]
[6.86421333],[1.63522344],[9.37811266]
[6.81539768],[1.62715157],[9.21924098]
[6.77686702],[1.61252494],[9.07876082]
[6.74028142],[1.59685714],[8.91794178]
[6.70762697],[1.57828841],[8.74651598]
[6.67693882],[1.55894852],[8.55758865]
[6.57232685],[1.53676274],[8.28434846]
[6.39038454],[1.51960804],[7.94064118]
[6.24987992],[1.5017096],[7.49805184]
[6.10342177],[1.4851537],[6.98745753]
[5.9237093],[1.46859636],[6.46910104]
[5.5035946],[1.44963757],[5.98709593]
[5.23387026],[1.42930505],[5.65132335]
[4.99726867],[1.40186024],[5.32913579]
[4.8048079],[1.37581919],[5.05935726]
[4.74190502],[1.34926981],[4.8051946]
[0.],[0.],[0.]
[0.],[0.],[0.]
[1.07153836],[0.57560613],[0.50844449]
[1.92309712],[0.87712641],[1.09932505]
[2.31461374],[1.22889117],[2.20630183]
[2.82452924],[1.4891925],[3.36622926]
[3.16949297],[1.58526245],[3.91927808]
[3.51827439],[1.62102717],[4.42216835]
[3.7089131],[1.66391674],[4.75573439]
[3.93764615],[1.70059062],[5.00378415]
[4.05738573],[1.73448638],[5.22314069]
[4.33724007],[1.7925632],[5.63547884]
[4.45951526],[1.87106346],[5.93666436]
[4.60944177],[1.91242066],[6.17326185]
[4.72101431],[1.93002851],[6.41561213]
[4.87318008],[1.94547724],[6.66881115]
[4.93737205],[1.95459025],[6.92487116]
[5.03850374],[1.95900687],[7.0914412]
[5.05666884],[1.94869265],[7.34484927]
[5.21219094],[1.93830306],[7.49492627]
[5.35302474],[1.92338215],[7.73620441]
[5.64870234],[1.90410839],[8.06750743]
[5.7994036],[1.88720199],[8.36993205]
[6.04188732],[1.87481684],[8.74353483]
[6.23891818],[1.86580919],[9.23489789]
[6.36902312],[1.86087719],[9.70838011]
[6.54203024],[1.88343861],[10.15961712]
[6.88905017],[1.91529633],[10.64336551]
[6.95361626],[1.93576509],[10.86914249]
[7.09889956],[1.94885722],[11.13047178]
[7.10567258],[1.9303173],[11.23179046]
[7.19916188],[1.91113805],[11.3507776]
[7.2870708],[1.88538199],[11.38602114]
[7.31018852],[1.85903515],[11.36548849]
[7.4338966],[1.83263074],[11.35822173]
[7.39779194],[1.80408326],[11.25683984]
[7.53023252],[1.77700862],[11.19190042]
[7.47117321],[1.75541213],[10.97349147]
[7.46646873],[1.73515129],[10.85559349]
[7.34536744],[1.71733143],[10.65007584]
[7.34166561],[1.69983845],[10.52425531]
[7.20042004],[1.682143],[10.31505103]
[7.15665891],[1.67208734],[10.13462805]
[7.1170792],[1.64635417],[9.94851858]
[7.08315045],[1.6119035],[9.74325109]
[7.01700268],[1.57908952],[9.46069333]
[6.87245422],[1.55783928],[9.05658979]
[6.75982695],[1.53809529],[8.55896564]
[6.6284364],[1.52005931],[8.0415509]
[6.43821161],[1.49982268],[7.36090685]
[6.20613241],[1.48072872],[6.72263647]
[5.60545818],[1.45930976],[6.20864507]
[5.31819194],[1.43147651],[5.8199244]
[5.14527835],[1.40503734],[5.51371392]
[4.91961228],[1.3774321],[5.20760737]
[0.],[0.],[0.]
[0.],[0.],[0.]
[1.09356197],[0.58971974],[0.52222358]
[1.95836733],[0.8895426],[1.12209264]
[2.38541394],[1.24563509],[2.28371779]
[2.86243035],[1.49594956],[3.42814687]
[3.21231615],[1.59846531],[4.03721427]
[3.59270588],[1.63486012],[4.58544475]
[3.7576318],[1.68257349],[4.93816124]
[3.99569432],[1.7190097],[5.2528968]
[4.18683147],[1.7763467],[5.6274096]
[4.42811715],[1.86523644],[6.06351449]
[4.55115935],[1.93567764],[6.39800566]
[4.75583978],[1.97361427],[6.67806845]
[4.89911934],[1.99415447],[7.03306308]
[5.02682719],[2.00993662],[7.20977427]
[5.05802219],[2.01901113],[7.49426783]
[5.14841607],[2.02120579],[7.70877873]
[5.14798993],[2.02086027],[7.93889716]
[5.51122788],[2.01337932],[8.16490724]
[5.6277436],[2.00431465],[8.41441151]
[5.78746959],[1.984166],[8.79152353]
[6.14519746],[1.9636687],[9.18526126]
[6.33125963],[1.94939716],[9.61749558]
[6.42665839],[1.94543146],[10.16810007]
[6.64357273],[1.97640085],[10.69241161]
[6.88589498],[2.00977639],[11.24845685]
[7.25427292],[2.0328988],[11.77107692]
[7.4187294],[2.04784126],[12.07642862]
[7.52003419],[2.05816503],[12.2754768]
[7.65664481],[2.04512779],[12.45366887]
[7.80243328],[2.02982077],[12.63888832]
[7.92642482],[2.00911667],[12.8399978]
[7.96739254],[1.98584528],[12.84986994]
[8.01990798],[1.9612925],[12.86127218]
[8.03868404],[1.93550872],[12.78425002]
[8.00124432],[1.91415014],[12.67685202]
[7.93030053],[1.89425983],[12.51264911]
[7.85998299],[1.87316467],[12.35279233]
[7.78649687],[1.85430814],[12.17567963]
[7.75134464],[1.8376027],[12.02214591]
[7.71258079],[1.81852257],[11.82614718]
[7.66426007],[1.79820969],[11.61773593]
[7.63153015],[1.77912405],[11.40377014]
[7.60436166],[1.72980216],[11.1714568]
[7.55312514],[1.66799244],[10.8887499]
[7.4206304],[1.61059961],[10.47901215]
[7.22600689],[1.5801876],[9.8798024]
[7.06441409],[1.55906239],[9.21705708]
[6.90979469],[1.53628575],[8.54940198]
[6.79564387],[1.51509547],[7.86871371]
[6.41430615],[1.49133471],[7.05235578]
[5.6710523],[1.4647938],[6.44337132]
[5.38807333],[1.43728865],[6.05642413]
[5.22703364],[1.40989098],[5.73264158]
[0.],[0.],[0.]
[0.],[0.],[0.]
[1.10840924],[0.59620052],[0.52865541]
[1.97540249],[0.89483668],[1.13227642]
[2.41212149],[1.25909472],[2.3309423]
[2.90814429],[1.50176926],[3.48504066]
[3.25831259],[1.60890585],[4.13431443]
[3.65569043],[1.64787045],[4.72054664]
[3.80152206],[1.70147017],[5.08921575]
[4.06437523],[1.73338563],[5.48353019]
[4.3025975],[1.83019237],[5.95488917]
[4.50714899],[1.91576831],[6.42121686]
[4.63713386],[1.98052382],[6.73496487]
[4.91137901],[2.01800786],[7.15375302]
[5.02334103],[2.04550578],[7.53524352]
[5.14374725],[2.06840294],[7.77209231]
[5.15820096],[2.07790374],[8.08352422]
[5.25646317],[2.08236495],[8.29267471]
[5.3376701],[2.08298602],[8.50490497]
[5.70803486],[2.08405311],[8.85714942]
[5.80141385],[2.08353919],[9.16563107]
[6.05984712],[2.06624324],[9.57558983]
[6.37445009],[2.03954071],[10.15106293]
[6.51638605],[2.05528603],[10.65985732]
[6.61692272],[2.0957308],[11.20638407]
[7.00114639],[2.11533575],[11.86273629]
[7.24946774],[2.13199205],[12.43253843]
[7.50639048],[2.14482729],[12.89153818]
[7.8711931],[2.15485042],[13.36701244]
[8.01650323],[2.16253297],[13.64777586]
[8.08450937],[2.15286432],[13.88375896]
[8.16458177],[2.14094759],[14.08223958]
[8.21648364],[2.12291179],[14.2430607]
[8.32298264],[2.1035764],[14.30317137]
[8.42435246],[2.08428647],[14.29483951]
[8.62825728],[2.06566682],[14.35793674]
[8.69054699],[2.04749148],[14.32644369]
[8.6881321],[2.03057204],[14.29185482]
[8.5926802],[2.01274584],[14.07843723]
[8.52995783],[1.9960538],[13.926942]
[8.3929217],[1.98057153],[13.66976673]
[8.31933982],[1.96409006],[13.50046283]
[8.13973713],[1.94541374],[13.18724011]
[8.0079312],[1.92682999],[12.93233636]
[7.95502317],[1.87752156],[12.67076814]
[7.92192465],[1.82332827],[12.37987395]
[7.76154444],[1.7607851],[11.98533223]
[7.67052723],[1.69316809],[11.51822571]
[7.56884583],[1.62351805],[10.75921879]
[7.42819393],[1.58140472],[9.95624726]
[7.24743867],[1.55517307],[9.06456634]
[7.00220537],[1.52814042],[8.2649041]
[6.56188324],[1.49906847],[7.3742055]
[5.79777736],[1.47080654],[6.63983954]
[5.45243835],[1.44262999],[6.24401089]
[0.],[0.],[0.]
[0.],[0.],[0.]
[1.04555732],[0.39413004],[0.34324118]
[1.89968541],[0.61220825],[0.78217371]
[2.35438064],[1.01184142],[1.93693579]
[2.92905545],[1.25639346],[3.04934828]
[3.31533817],[1.36413849],[3.73624296]
[3.68913987],[1.40746944],[4.28798385]
[3.8246369],[1.45801651],[4.59737824]
[4.1287458],[1.49923678],[5.01841504]
[4.34724016],[1.68271087],[5.54979302]
[4.5348872],[1.76219672],[6.06513399]
[4.67466203],[1.86512655],[6.44862389]
[4.98239166],[1.9210306],[6.95419744]
[5.08372233],[1.94970108],[7.29061963]
[5.19279136],[1.95618047],[7.60839673]
[5.19897859],[1.99527036],[7.95922385]
[5.4095805],[2.0247369],[8.25566651]
[5.51170064],[2.05044075],[8.56137767]
[5.7882726],[2.04932811],[8.9896945]
[5.89341984],[2.04060304],[9.3392806]
[6.23721527],[2.02332637],[9.84231683]
[6.45884801],[2.04854585],[10.49680942]
[6.66350004],[2.10569102],[11.08888184]
[6.85885751],[2.14173262],[11.69536876]
[7.17539156],[2.16023903],[12.43676928]
[7.42812418],[2.18380622],[13.02778672]
[7.75599389],[2.19863637],[13.6844166]
[8.11041915],[2.21567236],[14.30183151]
[8.23841615],[2.23726399],[14.65517495]
[8.27555481],[2.24231791],[14.93459052]
[8.47716824],[2.2269441],[15.23333883]
[8.61743869],[2.20960021],[15.45704853]
[8.79381292],[2.18793923],[15.72695676]
[8.8712248],[2.16878008],[15.80619279]
[8.93359668],[2.15169712],[15.91077863]
[8.98950654],[2.13630896],[15.85752524]
[8.99969885],[2.12178293],[15.79046003]
[8.97125519],[2.10694511],[15.68619272]
[8.91391741],[2.0940175],[15.50371383]
[8.85374206],[2.08067934],[15.32327403]
[8.7757853],[2.06569277],[15.11069342]
[8.69711778],[2.04922324],[14.87028381]
[8.60587403],[2.03305692],[14.60281058]
[8.57051719],[1.99016606],[14.34427499]
[8.52061461],[1.93998979],[14.02763268]
[8.38295265],[1.88006515],[13.59220518]
[8.28812431],[1.819221],[13.06268977]
[8.11014909],[1.75362992],[12.38193323]
[7.84012382],[1.67599644],[11.4676718]
[7.66319846],[1.61236698],[10.54249667]
[7.54558978],[1.56571527],[9.61466511]
[7.07224421],[1.53421716],[8.61027279]
[6.64317302],[1.50438438],[7.72273161]
[5.89412748],[1.47482644],[6.84235576]
