meltWidth,meltDepth,meltArea
[0.],[0.],[0.]
[0.],[0.],[0.]
[0.],[0.],[0.]
[0.],[0.],[0.]
[0.],[0.],[0.]
[0.],[0.],[0.]
[0.],[0.],[0.]
[0.],[0.],[0.]
[0.],[0.],[0.]
[0.],[0.],[0.]
[0.],[0.],[0.]
[0.],[0.],[0.]
[0.],[0.],[0.]
[0.],[0.],[0.]
[0.],[0.],[0.]
[0.],[0.],[0.]
[0.],[0.],[0.]
[0.],[0.],[0.]
[0.],[0.],[0.]
[0.],[0.],[0.]
[0.],[0.],[0.]
[0.],[0.],[0.]
[0.],[0.],[0.]
[0.],[0.],[0.]
[0.],[0.],[0.]
[0.],[0.],[0.]
[0.],[0.],[0.]
[0.],[0.],[0.]
[0.],[0.],[0.]
[0.],[0.],[0.]
[0.],[0.],[0.]
[0.],[0.],[0.]
[0.],[0.],[0.]
[0.],[0.],[0.]
[0.],[0.],[0.]
[0.],[0.],[0.]
[0.],[0.],[0.]
[0.],[0.],[0.]
[0.],[0.],[0.]
[0.],[0.],[0.]
[0.],[0.],[0.]
[0.],[0.],[0.]
[0.],[0.],[0.]
[0.],[0.],[0.]
[0.],[0.],[0.]
[0.],[0.],[0.]
[0.],[0.],[0.]
[0.],[0.],[0.]
[0.],[0.],[0.]
[0.],[0.],[0.]
[0.],[0.],[0.]
[0.],[0.],[0.]
[0.],[0.],[0.]
[0.],[0.],[0.]
[0.],[0.],[0.]
[0.],[0.],[0.]
[0.],[0.],[0.]
[1.30845255],[0.22946803],[0.17205759]
[1.7616193],[0.29955934],[0.33966244]
[1.83253628],[0.33585725],[0.43192828]
[1.96023036],[0.39773457],[0.56706826]
[2.0377604],[0.48286063],[0.68522227]
[2.10708658],[0.52004408],[0.74387972]
[2.17089243],[0.53697706],[0.79282845]
[2.1949384],[0.55085197],[0.80159811]
[2.24468967],[0.56650948],[0.84442812]
[2.2598595],[0.58214618],[0.85409007]
[2.3171167],[0.59941468],[0.90334223]
[2.34302791],[0.60882737],[0.91304057]
[2.41126028],[0.61676237],[0.94703924]
[2.41794894],[0.62281827],[0.95676716]
[2.47694411],[0.63013668],[0.98072056]
[2.48601493],[0.63773377],[0.99469821]
[2.55822953],[0.64459916],[1.01828687]
[2.57414643],[0.65024738],[1.03752894]
[2.63549522],[0.65647093],[1.05507403]
[2.64939229],[0.6610322],[1.07684648]
[2.69951518],[0.66482449],[1.09321131]
[2.72217389],[0.66485589],[1.10534111]
[2.74089817],[0.66514682],[1.10436744]
[2.75674807],[0.66709422],[1.11395778]
[2.75749223],[0.66447236],[1.1054479]
[2.77691306],[0.66245281],[1.11022279]
[2.78594018],[0.66214552],[1.10516472]
[2.8052297],[0.66028689],[1.11230465]
[2.89190699],[0.66403411],[1.15047385]
[2.8679654],[0.65813264],[1.13758721]
[2.92356596],[0.65602852],[1.15639728]
[2.90707422],[0.65355956],[1.12748347]
[2.90150733],[0.65138603],[1.12649784]
[2.91881176],[0.65108675],[1.1315768]
[2.92671223],[0.65004188],[1.13478543]
[2.94919063],[0.64930175],[1.14669487]
[2.97266926],[0.65005787],[1.16175706]
[2.99022411],[0.65214523],[1.17840681]
[3.00431197],[0.65317878],[1.19045535]
[3.01971965],[0.65427524],[1.19784802]
[3.0182873],[0.65028262],[1.18741254]
[2.9860293],[0.64323126],[1.16633898]
[2.94730123],[0.63398144],[1.14285663]
[2.90305151],[0.61946038],[1.1105021]
[2.864628],[0.60357019],[1.08009419]
[2.83115034],[0.59212193],[1.04826075]
[2.79594887],[0.58204859],[1.00958133]
[2.76527836],[0.57113264],[0.98234749]
[2.73713522],[0.55309858],[0.95481752]
[2.70330403],[0.52844775],[0.91182433]
[2.66174812],[0.50300052],[0.86291345]
[2.61435871],[0.28452036],[0.41456198]
[0.],[0.],[0.]
[0.],[0.],[0.]
[0.],[0.],[0.]
[1.69161324],[0.29947633],[0.29552823]
[1.90383706],[0.35338631],[0.48415552]
[1.99765054],[0.43258912],[0.64576553]
[2.0974298],[0.55041874],[0.82623913]
[2.19566628],[0.647184],[0.99562514]
[2.23838929],[0.69680288],[1.06302051]
[2.32825527],[0.70944736],[1.14470865]
[2.36510385],[0.71761708],[1.16041215]
[2.41949648],[0.72584497],[1.19276658]
[2.4424412],[0.73232099],[1.21244602]
[2.50901366],[0.74018149],[1.24846673]
[2.60046384],[0.74444953],[1.29724262]
[2.71369747],[0.74776432],[1.34171948]
[2.73912144],[0.74994032],[1.37420293]
[2.7924192],[0.75119962],[1.39211955]
[2.80786657],[0.75244816],[1.42448066]
[2.84840361],[0.75370006],[1.43882031]
[2.86158245],[0.754913],[1.47284823]
[2.89729661],[0.75621864],[1.47991763]
[2.91620917],[0.75795676],[1.51720831]
[2.94230382],[0.75997591],[1.52341241]
[2.98722807],[0.76188568],[1.56049122]
[2.98443681],[0.76325259],[1.54871483]
[3.02831769],[0.7618087],[1.57829935]
[2.99479385],[0.75712006],[1.54609471]
[3.0363254],[0.75401132],[1.56458287]
[3.01212658],[0.74899702],[1.52979076]
[3.04584749],[0.74406773],[1.53935634]
[3.05862927],[0.73538725],[1.54009777]
[3.07110626],[0.73427426],[1.53557164]
[3.06847917],[0.73080001],[1.53041788]
[3.06575005],[0.72735536],[1.48772583]
[3.033415],[0.72387272],[1.46947112]
[3.03265933],[0.72000438],[1.45764724]
[3.02533692],[0.71647727],[1.4422595]
[3.03610312],[0.71353689],[1.4430565]
[3.05181462],[0.71096274],[1.44591513]
[3.0618947],[0.70668499],[1.44795193]
[3.06928229],[0.70416392],[1.44078396]
[3.07719322],[0.69787071],[1.41685519]
[3.06361985],[0.68899815],[1.37926536]
[3.01215533],[0.67928953],[1.33093152]
[2.98327975],[0.67028216],[1.3066866]
[2.95803793],[0.66047623],[1.28113494]
[2.9285365],[0.65080466],[1.26151706]
[2.89571696],[0.63964495],[1.23398619]
[2.86970162],[0.62796403],[1.2072321]
[2.86302215],[0.61553883],[1.18502339]
[2.84880971],[0.61011181],[1.15772833]
[2.83730185],[0.60467511],[1.1274872]
[2.82159098],[0.59087032],[1.09301853]
[5.66096988],[0.92408488],[2.97786393]
[2.58149537],[0.23809487],[0.45821833]
[0.],[0.],[0.]
[0.085721],[0.02706862],[0.00100895]
[1.86493759],[0.32404969],[0.40269538]
[1.9945501],[0.4101248],[0.58206825]
[2.10920898],[0.53214358],[0.80928923]
[2.20091709],[0.63469749],[0.98027445]
[2.29315337],[0.725624],[1.15368512]
[2.35487501],[0.77312275],[1.24438383]
[2.44208947],[0.78568827],[1.31808245]
[2.48152459],[0.7921751],[1.34647829]
[2.56403045],[0.79659952],[1.38291938]
[2.64911206],[0.79582325],[1.42818465]
[2.75568333],[0.79579239],[1.47146173]
[2.83059006],[0.79617842],[1.53565843]
[2.90839882],[0.79566738],[1.56455538]
[2.93302637],[0.79711742],[1.60583475]
[2.96865843],[0.79790369],[1.61458976]
[2.98790088],[0.7977096],[1.65540647]
[3.01392997],[0.79710934],[1.66405424]
[3.03773133],[0.79605579],[1.70148355]
[3.0536351],[0.79570666],[1.70493965]
[3.11967055],[0.7962814],[1.74731835]
[3.10585715],[0.7962631],[1.75100029]
[3.19264965],[0.79525329],[1.78504735]
[3.16172813],[0.79416936],[1.77522637]
[3.23891027],[0.79298011],[1.8045113]
[3.18217392],[0.78844244],[1.7780758]
[3.25810763],[0.78558143],[1.79357016]
[3.20931959],[0.78317651],[1.7656106]
[3.2863831],[0.78085496],[1.77985168]
[3.26359382],[0.77771896],[1.77361344]
[3.3223378],[0.77626389],[1.78154567]
[3.28897537],[0.77390007],[1.76503539]
[3.3350022],[0.77118046],[1.75071525]
[3.29335112],[0.76880277],[1.73081742]
[3.29738615],[0.76692803],[1.72203176]
[3.2985213],[0.76474746],[1.71339212]
[3.30723],[0.76335016],[1.71158737]
[3.32251679],[0.76265741],[1.71228141]
[3.33106476],[0.75859405],[1.70994751]
[3.33586456],[0.75513994],[1.69774565]
[3.34564752],[0.75254875],[1.67830244]
[3.33078689],[0.74721811],[1.650043]
[3.29714858],[0.74111655],[1.60305671]
[3.27258953],[0.73512592],[1.57098527]
[3.249269],[0.72529053],[1.53393522]
[3.21386658],[0.71504646],[1.5011194]
[3.16757244],[0.70419573],[1.46060783]
[3.12545022],[0.69369375],[1.42960397]
[3.08408976],[0.68211181],[1.39693776]
[3.04042466],[0.67066259],[1.36324306]
[3.01090305],[0.66058669],[1.33614798]
[2.99596287],[0.65421753],[1.31136411]
[5.71446246],[1.6279913],[4.91233488]
[3.49965291],[0.70589089],[1.51224068]
[1.9513515],[0.2180255],[0.27877957]
[0.49150365],[0.12797105],[0.03060055]
[1.97145831],[0.37025247],[0.50346654]
[2.07511216],[0.50854321],[0.7118336]
[2.1888789],[0.61178216],[0.93941972]
[2.29182312],[0.70250774],[1.12810617]
[2.39373345],[0.78449275],[1.2933106]
[2.4562392],[0.82277135],[1.39981146]
[2.52100984],[0.82976434],[1.45745975]
[2.57234895],[0.82810853],[1.50024176]
[2.69674267],[0.82470561],[1.53617772]
[2.77309021],[0.82278904],[1.59564544]
[2.85149626],[0.81903759],[1.62163591]
[2.92248097],[0.81725534],[1.68171864]
[2.97967274],[0.81556782],[1.71215138]
[3.01409724],[0.81546586],[1.73928731]
[3.04111826],[0.81576692],[1.76129961]
[3.06787049],[0.81637909],[1.78540209]
[3.08760736],[0.81673191],[1.81125496]
[3.13966477],[0.81698604],[1.83740074]
[3.12701828],[0.81798497],[1.85502491]
[3.23046474],[0.81990562],[1.89252007]
[3.19696355],[0.82118838],[1.90217573]
[3.30016954],[0.82105325],[1.9304379]
[3.24266804],[0.82124026],[1.92963246]
[3.33882103],[0.82127263],[1.95194014]
[3.26361356],[0.81845834],[1.9330533]
[3.36558191],[0.81665199],[1.94433273]
[3.29409841],[0.81473962],[1.92385043]
[3.41433644],[0.81255867],[1.94254948]
[3.35760057],[0.81016275],[1.92924692]
[3.45840854],[0.80881288],[1.95167017]
[3.38988933],[0.80681126],[1.92171012]
[3.47983128],[0.80430053],[1.93167992]
[3.42116436],[0.80234075],[1.89728217]
[3.43061954],[0.80122558],[1.89355113]
[3.43676773],[0.79894512],[1.88896618]
[3.44997496],[0.79799439],[1.89256958]
[3.47133395],[0.79700604],[1.89729859]
[3.48365311],[0.79367325],[1.89699104]
[3.48839749],[0.79063853],[1.88796142]
[3.49502835],[0.78801311],[1.87523095]
[3.47705806],[0.78314745],[1.85162474]
[3.42566815],[0.77760592],[1.80960111]
[3.39120262],[0.77173178],[1.77812094]
[3.37498265],[0.76612638],[1.74409527]
[3.35584711],[0.76460644],[1.71742339]
[3.33276918],[0.76242121],[1.68524973]
[3.31170729],[0.75643871],[1.65662375]
[3.27685698],[0.74884681],[1.62372536]
[3.23182599],[0.73657634],[1.57733886]
[3.19767468],[0.72303101],[1.5375081]
[3.16545967],[0.70781811],[1.49590966]
[5.91335132],[1.68480072],[5.73697791]
[3.61424413],[1.248928],[2.27465104]
[2.23293925],[0.59016688],[0.72735363]
[0.63878774],[0.17572447],[0.05628085]
[2.02995659],[0.43765343],[0.63102814]
[2.18708046],[0.61003355],[0.89634582]
[2.27944798],[0.70035058],[1.10925222]
[2.38360699],[0.76827241],[1.29534631]
[2.48130228],[0.82012419],[1.43624328]
[2.53387959],[0.85228278],[1.5445558]
[2.61780751],[0.8579097],[1.60943286]
[2.74433169],[0.85530945],[1.71367233]
[2.8370592],[0.85240412],[1.75759996]
[2.90605199],[0.8499108],[1.79170915]
[2.96047048],[0.84819057],[1.81869243]
[3.02288356],[0.84782592],[1.84768229]
[3.06562638],[0.84618186],[1.87558824]
[3.09979361],[0.84577541],[1.89154293]
[3.11964461],[0.84722217],[1.918627]
[3.14853359],[0.84943751],[1.93933021]
[3.16248209],[0.8517101],[1.96908895]
[3.21575551],[0.85357643],[1.99604854]
[3.19769903],[0.85578836],[2.01542557]
[3.30579858],[0.85753759],[2.0507553]
[3.26012537],[0.85773906],[2.05438135]
[3.35208681],[0.85767189],[2.08344536]
[3.28983564],[0.8578757],[2.07744493]
[3.40191621],[0.85817062],[2.1082845]
[3.31221535],[0.8557274],[2.0856523]
[3.44071552],[0.8541967],[2.11549495]
[3.34102263],[0.85255121],[2.07824863]
[3.48581822],[0.85067101],[2.11202064]
[3.41706822],[0.84821737],[2.09004613]
[3.52824347],[0.84704824],[2.11980044]
[3.46411403],[0.84496447],[2.09148433]
[3.54832473],[0.84256759],[2.1019729]
[3.49527092],[0.84082861],[2.06869188]
[3.50925283],[0.83955133],[2.07084648]
[3.5182481],[0.83824794],[2.06775355]
[3.53338133],[0.83688911],[2.07215136]
[3.55531755],[0.8356207],[2.0773904]
[3.57154769],[0.83198554],[2.07800246]
[3.56778424],[0.82797521],[2.06254374]
[3.57373715],[0.82422227],[2.04731523]
[3.56285435],[0.81980411],[2.02839068]
[3.51224756],[0.81404781],[1.98782326]
[3.46994392],[0.80889226],[1.95269621]
[3.4359386],[0.80418255],[1.91851867]
[3.4182557],[0.79673425],[1.88577606]
[3.39627242],[0.78820261],[1.84301809]
[3.37838196],[0.78298486],[1.80398352]
[3.3628432],[0.77966742],[1.77554145]
[3.34431617],[0.77460179],[1.74555883]
[3.31334823],[0.7701378],[1.71809484]
[3.28093556],[0.7623594],[1.68262507]
[6.11521793],[1.68887792],[6.50256798]
[4.1115768],[1.38961352],[3.21600514]
[2.42237091],[1.0503735],[1.24448866]
[1.17256697],[0.46908451],[0.28589721]
[1.97911052],[0.45191749],[0.65324372]
[2.2916146],[0.6697557],[1.05212994]
[2.38016032],[0.73975345],[1.26461247]
[2.47630328],[0.79945999],[1.44825296]
[2.55877772],[0.84872331],[1.57216819]
[2.59780638],[0.88069447],[1.67138392]
[2.77576362],[0.88357558],[1.80918723]
[2.89542795],[0.88143238],[2.07746997]
[2.96312756],[0.87976454],[2.0999739]
[3.02949165],[0.88005547],[2.07802608]
[3.06268729],[0.87691644],[2.05781452]
[3.12580288],[0.87652457],[2.07405333]
[3.15238833],[0.87616623],[2.07099322]
[3.1903712],[0.87675811],[2.0719539]
[3.19827994],[0.87876948],[2.0742578]
[3.23129714],[0.88083083],[2.09742398]
[3.23427832],[0.88244722],[2.11585649]
[3.30344525],[0.88369623],[2.15304014]
[3.26393246],[0.88554497],[2.1622889]
[3.39391611],[0.8870824],[2.20728025]
[3.30937635],[0.88745232],[2.20973493]
[3.4420183],[0.88756209],[2.25207343]
[3.3357435],[0.88797114],[2.23517395]
[3.50449358],[0.88852712],[2.28942973]
[3.35678608],[0.88641287],[2.24344152]
[3.53984137],[0.88420002],[2.29966381]
[3.38718841],[0.88178486],[2.23072872]
[3.58160565],[0.87901334],[2.29020699]
[3.52202216],[0.87641722],[2.26227593]
[3.62140378],[0.87417054],[2.29214677]
[3.56696025],[0.87165103],[2.25897205]
[3.63803685],[0.86870472],[2.26943685]
[3.59440477],[0.86657492],[2.23397935]
[3.60301565],[0.86567688],[2.23502102]
[3.61011117],[0.86412777],[2.23020639]
[3.62365679],[0.86261092],[2.23413575]
[3.64344237],[0.86141034],[2.23906692]
[3.65374741],[0.85779149],[2.23658179]
[3.64924539],[0.85407594],[2.21947424]
[3.65583349],[0.84990177],[2.20528771]
[3.64759361],[0.8446422],[2.18365901]
[3.60335408],[0.8377117],[2.139334]
[3.56366589],[0.83163137],[2.10462991]
[3.52950804],[0.82598565],[2.06902988]
[3.48661056],[0.82012548],[2.03051075]
[3.44960819],[0.81305794],[1.99347859]
[3.43892652],[0.80434982],[1.96068764]
[3.42223765],[0.79574532],[1.92267184]
[3.40150209],[0.78526924],[1.87340747]
[3.38946846],[0.77908267],[1.84508805]
[3.38046195],[0.77426959],[1.81974858]
[6.21565663],[1.70343565],[7.55692907]
[4.24485657],[1.36969833],[3.90945434]
[2.74699181],[1.16188567],[1.7312251]
[1.2243236],[0.69119734],[0.41316229]
[1.75822052],[0.37757695],[0.43775583]
[2.29937784],[0.68733743],[1.13382917]
[2.43727676],[0.76310072],[1.35786758]
[2.50718086],[0.82630635],[1.54634662]
[2.57240985],[0.87447802],[1.66129377]
[2.60840676],[0.89671956],[1.7328607]
[2.81800082],[0.89965965],[1.91460527]
[2.9606099],[0.89759057],[2.27507344]
[3.02491001],[0.89621693],[2.3216888]
[3.09002133],[0.89607774],[2.28300411]
[3.11979047],[0.89576943],[2.22529985]
[3.17837752],[0.89566784],[2.21064078]
[3.20039887],[0.89541464],[2.21212106]
[3.23851402],[0.89423029],[2.19627072]
[3.24438778],[0.89535661],[2.21033398]
[3.27834012],[0.89756327],[2.21295681]
[3.27931279],[0.89909599],[2.25247781]
[3.36165584],[0.89961379],[2.28805434]
[3.31868992],[0.90242101],[2.31098803]
[3.50208048],[0.90568072],[2.36788887]
[3.35500055],[0.91941777],[2.36191667]
[3.54675331],[0.91439678],[2.41752234]
[3.38164312],[0.92139439],[2.38661262]
[3.59702082],[0.91685856],[2.44354747]
[3.40257771],[0.92454901],[2.39010975]
[3.62816378],[0.91236134],[2.44925952]
[3.48225075],[0.91362626],[2.38951063]
[3.67402554],[0.89945159],[2.4402849]
[3.62966409],[0.89596815],[2.43092614]
[3.71405765],[0.88842295],[2.44342762]
[3.66687221],[0.8862213],[2.41801345]
[3.72682259],[0.8833596],[2.42254444]
[3.69082833],[0.88122495],[2.38440547]
[3.69638284],[0.88054084],[2.38216471]
[3.70114155],[0.87889896],[2.3702104]
[3.71194009],[0.87769119],[2.36919266]
[3.72748621],[0.8770069],[2.36942056]
[3.73180413],[0.87306303],[2.36061692]
[3.72703727],[0.8683717],[2.34205167]
[3.7343467],[0.86313702],[2.32651723]
[3.72859359],[0.85816917],[2.30365499]
[3.68858278],[0.85223369],[2.25921642]
[3.65210818],[0.84723998],[2.22399925]
[3.62068131],[0.84252458],[2.19112333]
[3.58143363],[0.83680868],[2.15464278]
[3.52644577],[0.82948984],[2.1087347]
[3.49106785],[0.82281898],[2.07331323]
[3.48602289],[0.81541871],[2.04471501]
[3.47713935],[0.80432998],[2.00853927]
[3.46787537],[0.7927088],[1.97944652]
[3.4607408],[0.78214135],[1.94610537]
[6.28157043],[1.70851199],[8.05693717]
[4.28295236],[1.41208311],[4.65850843]
[2.87481027],[1.27295953],[2.52021827]
[1.59553722],[1.09933193],[0.84577375]
[0.90170626],[0.27185179],[0.12063324]
[2.22603117],[0.6858901],[1.09453374]
[2.47913605],[0.77733447],[1.43219461]
[2.52933507],[0.843218],[1.60648661]
[2.58101002],[0.88995855],[1.72205578]
[2.61786528],[0.91522905],[1.79191253]
[2.88817872],[0.94245126],[2.01988352]
[3.02317965],[0.91505546],[2.32664952]
[3.0788869],[0.91718727],[2.33071351]
[3.12784454],[0.91518521],[2.23774036]
[3.16091157],[0.91448324],[2.233014]
[3.20069698],[0.91395491],[2.21294615]
[3.2265246],[0.91330519],[2.23668109]
[3.25178694],[0.91346163],[2.2249821]
[3.26767424],[0.91388666],[2.27535982]
[3.28481595],[0.92020812],[2.2630334]
[3.30083734],[0.92901812],[2.32681861]
[3.35019133],[0.93501978],[2.33438934]
[3.32829094],[0.9415125],[2.37947796]
[3.50087117],[0.94948208],[2.41058536]
[3.35874628],[0.95789145],[2.42363494]
[3.53559194],[0.95870813],[2.45201028]
[3.37759832],[0.95958866],[2.44231859]
[3.58002113],[0.96051344],[2.47302102]
[3.3953559],[0.96219705],[2.44662924]
[3.60671161],[0.95732563],[2.47782371]
[3.44259041],[0.95333361],[2.4453794]
[3.65284143],[0.94469753],[2.47644668]
[3.61729414],[0.94339861],[2.48618538]
[3.72253466],[0.93224205],[2.50507831]
[3.68456859],[0.93112514],[2.49216798]
[3.75966344],[0.92421932],[2.50765494]
[3.73472586],[0.91787378],[2.47570621]
[3.74853307],[0.91184093],[2.48057807]
[3.76383307],[0.90550111],[2.47859514]
[3.78157167],[0.89999485],[2.48396033]
[3.80103244],[0.90002707],[2.48849871]
[3.80946701],[0.89686165],[2.48017527]
[3.80556628],[0.89130523],[2.45696228]
[3.81147516],[0.88521036],[2.43453026]
[3.80640226],[0.879681],[2.40514128]
[3.77259538],[0.87231146],[2.36068695]
[3.74164101],[0.86628288],[2.32705377]
[3.713832],[0.86104686],[2.29002855]
[3.67885791],[0.85507728],[2.25097458]
[3.62744259],[0.84708226],[2.20288605]
[3.59331055],[0.8410757],[2.16477915]
[3.54782012],[0.83577888],[2.12325045]
[3.50817253],[0.82832829],[2.07964733]
[3.49155638],[0.8173897],[2.0446653]
[3.4792438],[0.80576352],[2.01168313]
[6.29576825],[1.7760767],[8.04264541]
[4.35489163],[1.46506986],[4.63500783]
[2.97761607],[1.36460844],[2.57486615]
[1.80015355],[1.07225933],[0.85759946]
[1.2379805],[0.323106],[0.23222627]
[2.34008469],[0.70630257],[1.20590963]
[2.49804572],[0.79770669],[1.49824605]
[2.53678624],[0.86163813],[1.65286775]
[2.57739779],[0.90502649],[1.76363484]
[2.64715279],[0.92968934],[1.83786159]
[2.9110579],[0.94239637],[2.03501311]
[3.04064462],[0.92934052],[2.25846633]
[3.09455417],[0.92942494],[2.24648781]
[3.14002115],[0.9316043],[2.21705995]
[3.17377741],[0.93246591],[2.23229558]
[3.21069172],[0.93422004],[2.23675611]
[3.23988613],[0.93305868],[2.29884365]
[3.26045859],[0.93523824],[2.28371653]
[3.28182256],[0.9356424],[2.33993324]
[3.29451274],[0.94132778],[2.32684977]
[3.3141856],[0.94985555],[2.39290343]
[3.34652826],[0.95565159],[2.39182594]
[3.3368585],[0.96004728],[2.43726511]
[3.49221758],[0.96972512],[2.46268502]
[3.35120287],[0.97824914],[2.47491609]
[3.52903963],[0.97995045],[2.50351525]
[3.36997742],[0.97546459],[2.48940216]
[3.57419522],[0.97789557],[2.5211162]
[3.38509618],[0.97373813],[2.489106]
[3.60130059],[0.9735442],[2.52418916]
[3.42140395],[0.96452317],[2.48471413]
[3.64523865],[0.96534144],[2.52358203]
[3.59830069],[0.96204311],[2.51803879]
[3.70680928],[0.95400575],[2.54630084]
[3.66770472],[0.95214133],[2.52701194]
[3.74529033],[0.94563977],[2.54665709]
[3.71832842],[0.93993176],[2.51125531]
[3.73147937],[0.93439408],[2.5146336]
[3.74705251],[0.92862231],[2.51320371]
[3.75490502],[0.92291395],[2.51263731]
[3.77092103],[0.91694719],[2.51551616]
[3.78420953],[0.91231427],[2.51257894]
[3.79034178],[0.90737178],[2.49791043]
[3.79866435],[0.90309445],[2.47780422]
[3.79981404],[0.89793565],[2.45471855]
[3.77060854],[0.8907435],[2.40324937]
[3.7441489],[0.88476496],[2.36766418]
[3.72104777],[0.87952554],[2.33380331]
[3.6844504],[0.87360533],[2.29478613]
[3.63161027],[0.86571467],[2.24770913]
[3.59625791],[0.85868648],[2.21087979]
[3.54725899],[0.85231076],[2.17178069]
[3.51487148],[0.84466131],[2.13163278]
[3.50073792],[0.83750843],[2.10304337]
[3.48998646],[0.82911619],[2.07042607]
[6.52497529],[1.86639628],[8.50622745]
[4.50056365],[1.52321905],[4.98215446]
[3.22865688],[1.43957216],[2.85064549]
[2.0772186],[1.20094175],[1.04641944]
[1.50354577],[0.35286368],[0.46446037]
[2.44022966],[0.71900986],[1.28263957]
[2.51659017],[0.81222463],[1.54658446]
[2.54886896],[0.87319832],[1.6864344]
[2.59228446],[0.91519961],[1.79581426]
[2.71547315],[0.93867498],[1.88437855]
[2.95582651],[0.97133609],[2.10559252]
[3.07456065],[0.94154074],[2.35445177]
[3.12381988],[0.94143852],[2.33753723]
[3.16547122],[0.9484147],[2.29466178]
[3.19812792],[0.95032564],[2.3079363]
[3.2320827],[0.956418],[2.31810204]
[3.26618479],[0.95552745],[2.38728479]
[3.28194171],[0.95715595],[2.36810661]
[3.30224265],[0.95688312],[2.42070286]
[3.31157026],[0.96333627],[2.40557109]
[3.33072386],[0.97322899],[2.46928271]
[3.3777079],[0.98065906],[2.47238709]
[3.3515023],[0.98740776],[2.5140347]
[3.5445844],[0.99843747],[2.55654381]
[3.37147567],[1.00414243],[2.55311216]
[3.57720971],[1.00427766],[2.59558148]
[3.38883726],[1.00038228],[2.56476153]
[3.61869716],[1.00142635],[2.61110939]
[3.40493364],[0.9988371],[2.56521701]
[3.64283923],[0.99633353],[2.61157735]
[3.48738253],[0.99034618],[2.56809965]
[3.6831693],[0.98095998],[2.60338303]
[3.64325216],[0.98045984],[2.59376352]
[3.74036931],[0.97125436],[2.6267716]
[3.70702623],[0.96828795],[2.60062484]
[3.77458518],[0.96334023],[2.62556609]
[3.75232905],[0.95917311],[2.59039177]
[3.76196864],[0.9550949],[2.59213315]
[3.77115515],[0.94885504],[2.58528675]
[3.77867688],[0.94317455],[2.58059017]
[3.79253052],[0.93807545],[2.58202915]
[3.80587113],[0.93297755],[2.57790296]
[3.81293961],[0.91842831],[2.56175025]
[3.82721393],[0.91266083],[2.53572717]
[3.83297246],[0.90866393],[2.50917771]
[3.80803732],[0.90284751],[2.46207491]
[3.7834067],[0.89711503],[2.42227102]
[3.75803667],[0.89177866],[2.38296646]
[3.7234008],[0.88578447],[2.34326358]
[3.6733769],[0.87787284],[2.29608249]
[3.64021871],[0.87082512],[2.2590932]
[3.59537819],[0.86439514],[2.22049743]
[3.53819816],[0.85583047],[2.17582732]
[3.52213678],[0.84850265],[2.1494476]
[3.51100401],[0.8415242],[2.11909504]
[6.50069334],[1.93321911],[8.7862479]
[4.62309705],[1.56994019],[5.10023775]
[3.24527567],[1.4829393],[2.92767148]
[2.12339031],[1.23434226],[1.09802507]
[1.7025355],[0.42277626],[0.61089315]
[2.46825777],[0.72942025],[1.33392725]
[2.53080699],[0.82197141],[1.57729858]
[2.56018462],[0.87944696],[1.7100007]
[2.60727118],[0.92016158],[1.81921717]
[2.77679211],[0.94581617],[1.92155508]
[2.99567925],[0.97708255],[2.1400476]
[3.10648929],[0.95442289],[2.36094699]
[3.15143249],[0.95676857],[2.35237321]
[3.18896588],[0.96207057],[2.31563504]
[3.22462614],[0.96517359],[2.36462499]
[3.2570671],[0.96992199],[2.38326201]
[3.28812269],[0.97187967],[2.44915239]
[3.30070446],[0.97203505],[2.426841]
[3.31978142],[0.97580607],[2.4798321]
[3.32725304],[0.97592107],[2.458004]
[3.34591643],[0.99163819],[2.52162262]
[3.45129671],[0.99575505],[2.53609305]
[3.36868515],[1.00476903],[2.56350886]
[3.59344931],[1.01322289],[2.61763168]
[3.39013734],[1.02059337],[2.59995619]
[3.62019156],[1.01838594],[2.65217764]
[3.41845753],[1.01686241],[2.60954575]
[3.66058206],[1.01552907],[2.66769159]
[3.47442187],[1.01504619],[2.61733904]
[3.68336689],[1.01017759],[2.66858221]
[3.5505295],[1.00671409],[2.62589542]
[3.71891988],[0.99437037],[2.66163962]
[3.68643285],[0.99387019],[2.6500179]
[3.77183491],[0.97867807],[2.68121464]
[3.74468313],[0.97798608],[2.65473925]
[3.80298099],[0.97078471],[2.67928012]
[3.78438716],[0.96647429],[2.64426449]
[3.79036077],[0.96252631],[2.64519457]
[3.793245],[0.95809909],[2.63485629]
[3.80012591],[0.95406138],[2.63013938]
[3.81572773],[0.94950402],[2.63157399]
[3.83130863],[0.94405553],[2.62729448]
[3.84117592],[0.92950982],[2.61136466]
[3.8577907],[0.91914475],[2.58382923]
[3.86320677],[0.91539613],[2.55046265]
[3.844866],[0.90971027],[2.50383116]
[3.82037373],[0.90500896],[2.46326059]
[3.79445989],[0.90116407],[2.42046634]
[3.76171618],[0.89551305],[2.37908883]
[3.71429856],[0.88761721],[2.33125152]
[3.67982817],[0.88078101],[2.2933699]
[3.6386485],[0.8743001],[2.25510689]
[3.57576166],[0.86577693],[2.20588447]
[3.5447583],[0.85703919],[2.1772894]
[3.53327657],[0.84978009],[2.14853073]
[6.54885444],[1.96647452],[8.9142625]
[4.72584512],[1.58053701],[5.16673412]
[3.33708096],[1.47898712],[2.94577263]
[2.17224764],[1.19452169],[1.13349718]
[1.77915288],[0.42617243],[0.6418217]
[2.48766846],[0.7354033],[1.37275649]
[2.54299338],[0.83104112],[1.60572265]
[2.56964653],[0.88822629],[1.73422058]
[2.61907574],[0.92691346],[1.84517218]
[2.82114092],[0.95629145],[1.96118547]
[3.02859765],[0.98587529],[2.18339371]
[3.1322351],[0.97111608],[2.40057196]
[3.17484456],[0.97801779],[2.40350428]
[3.21168736],[0.98203424],[2.36436584]
[3.2488661],[0.98765602],[2.44492423]
[3.2739557],[0.98990392],[2.45290335]
[3.30310309],[0.99607433],[2.51503204]
[3.31281672],[0.9919954],[2.48862644]
[3.3315423],[0.99996147],[2.54008156]
[3.34727854],[0.99342041],[2.51668572]
[3.35543699],[1.01220135],[2.5725279]
[3.51515094],[1.01218092],[2.59960304]
[3.38425738],[1.02517178],[2.61467701]
[3.63583657],[1.03001503],[2.68011734]
[3.42387147],[1.04010339],[2.65071919]
[3.66409043],[1.03393404],[2.71718814]
[3.49501523],[1.03648212],[2.67322492]
[3.69864817],[1.03126544],[2.73056626]
[3.54173608],[1.03450261],[2.68284536]
[3.72199983],[1.02677107],[2.73214714]
[3.60358273],[1.02646694],[2.68669622]
[3.76324046],[1.01024797],[2.73198614]
[3.72835774],[1.00982346],[2.71199242]
[3.80955331],[0.99446339],[2.75106933]
[3.77363558],[0.99436085],[2.71446293]
[3.82591776],[0.98617013],[2.74017101]
[3.80896551],[0.97822536],[2.70289175]
[3.80885043],[0.97174028],[2.69821216]
[3.81246237],[0.96717913],[2.68791628]
[3.82164673],[0.96308441],[2.68308175]
[3.8403283],[0.95912756],[2.6849753]
[3.85526793],[0.95574676],[2.68105184]
[3.86364572],[0.94284863],[2.66524597]
[3.87971938],[0.92785525],[2.63820508]
[3.88484248],[0.92161592],[2.60047073]
[3.87311892],[0.91612029],[2.55573277]
[3.85451225],[0.91180689],[2.51514994]
[3.8296119],[0.90862023],[2.47192021]
[3.79846801],[0.90440858],[2.4246938]
[3.75299185],[0.89836718],[2.37442914]
[3.7229719],[0.89222637],[2.33692789]
[3.68392205],[0.88619455],[2.29755813]
[3.62570501],[0.87822556],[2.24793044]
[3.57315024],[0.86948631],[2.21348992]
[3.55382881],[0.86141542],[2.18370668]
[6.59575913],[1.95511503],[8.45223435]
[4.76127049],[1.56892656],[5.06750047]
[3.3626002],[1.45937904],[2.78501037]
[2.17268298],[1.08154066],[1.06989736]
[1.89477211],[0.44096902],[0.68788906]
[2.50836848],[0.74856217],[1.42375262]
[2.55093616],[0.84647527],[1.6430755]
[2.57530723],[0.90292609],[1.76764506]
[2.62161536],[0.9378168],[1.87025959]
[2.84454485],[0.96829535],[1.99663778]
[3.04703251],[0.98658131],[2.2252324]
[3.14700224],[0.99282824],[2.41612516]
[3.19735793],[0.99880009],[2.43516741]
[3.23050332],[1.00030498],[2.4336955]
[3.26284105],[1.0084627],[2.50994506]
[3.28446052],[1.01162109],[2.5134976]
[3.31064161],[1.01900627],[2.57190171]
[3.31873828],[1.01290707],[2.54414926]
[3.33619843],[1.02231025],[2.59174328]
[3.34594306],[1.01279566],[2.56602496]
[3.35944859],[1.03212126],[2.6225521]
[3.53056191],[1.0298429],[2.65189382]
[3.37925888],[1.04459549],[2.66127032]
[3.66247865],[1.04679595],[2.74473252]
[3.4325553],[1.05790071],[2.71517437]
[3.70473513],[1.04926837],[2.79858379]
[3.51680547],[1.05446755],[2.74384781]
[3.75323942],[1.04698092],[2.82433689]
[3.5898424],[1.05295091],[2.76130358]
[3.776226],[1.04307624],[2.82805672]
[3.67119526],[1.04483298],[2.77518555]
[3.8102925],[1.02713197],[2.82002568]
[3.7954637],[1.02630931],[2.80391055]
[3.85055492],[1.01133425],[2.83437072]
[3.82344454],[1.01075744],[2.79557176]
[3.86141901],[1.00261805],[2.81799569]
[3.83244656],[0.99478179],[2.76703173]
[3.82563614],[0.98687306],[2.75464187]
[3.82385333],[0.9783125],[2.73734723]
[3.82948564],[0.97353547],[2.72943194]
[3.84444739],[0.96946542],[2.72887318]
[3.85414516],[0.96593487],[2.72024613]
[3.85798153],[0.95259736],[2.70066507]
[3.87174929],[0.93811223],[2.67280101]
[3.87094864],[0.93099998],[2.63672364]
[3.85895384],[0.92555315],[2.58900468]
[3.83786172],[0.92123208],[2.54482886]
[3.81862442],[0.91773122],[2.50349227]
[3.79277677],[0.91352642],[2.4609623]
[3.75024472],[0.90753041],[2.40637175]
[3.72429295],[0.90235858],[2.36346384]
[3.68213576],[0.89780218],[2.3224683]
[3.61663891],[0.89004395],[2.27197129]
[3.56781249],[0.88152523],[2.2411272]
[3.55467685],[0.87362119],[2.21241534]
[6.73197437],[1.9577521],[8.49549199]
[4.9244743],[1.58681704],[5.11322231]
[3.49055516],[1.45581965],[2.88958382]
[2.2435567],[1.08393534],[1.15217255]
[1.95496721],[0.45716997],[0.76015244]
[2.52101168],[0.75972219],[1.45688451]
[2.5648231],[0.86209702],[1.67736681]
[2.58506217],[0.91372885],[1.79529591]
[2.63720041],[0.94766955],[1.90383682]
[2.89368049],[0.97898709],[2.04943059]
[3.08544589],[1.01397195],[2.31924767]
[3.18596247],[1.02154065],[2.5126377]
[3.22781938],[1.02868342],[2.52477089]
[3.2547886],[1.02919291],[2.52968792]
[3.2846123],[1.03816182],[2.60228394]
[3.30174697],[1.04089764],[2.5996189]
[3.32719304],[1.04844091],[2.66563684]
[3.33351105],[1.04174619],[2.63511913]
[3.35061199],[1.05077742],[2.68442428]
[3.45601568],[1.04066947],[2.68203142]
[3.37176643],[1.05995157],[2.71584426]
[3.66479638],[1.05695212],[2.8049515]
[3.52773855],[1.07225486],[2.80280359]
[3.76697615],[1.07359018],[2.90555501]
[3.62550237],[1.08398984],[2.87712108]
[3.79683666],[1.07446879],[2.95031965]
[3.694043],[1.08065787],[2.91291905]
[3.83039875],[1.07197793],[2.97212145]
[3.73286899],[1.07854741],[2.92881667]
[3.84161579],[1.06792102],[2.97270248]
[3.78076246],[1.07099922],[2.93631229]
[3.86897227],[1.05289174],[2.96045222]
[3.86755431],[1.05211488],[2.94492063]
[3.90463756],[1.03775055],[2.96173817]
[3.89031675],[1.03712717],[2.92537147]
[3.91154409],[1.02921106],[2.92615548]
[3.89875929],[1.02160756],[2.88164583]
[3.89337497],[1.01393413],[2.86922971]
[3.89477171],[1.00563052],[2.85294171]
[3.90154045],[0.9977975],[2.84307024]
[3.91553038],[0.98987191],[2.83935944]
[3.92461452],[0.98194013],[2.82747104]
[3.92920237],[0.96780431],[2.80314417]
[3.93399897],[0.95296165],[2.76567857]
[3.92578512],[0.93969601],[2.71942004]
[3.90289665],[0.93202847],[2.66233532]
[3.87911371],[0.92762129],[2.60917899]
[3.86001377],[0.92401003],[2.56752029]
[3.83547224],[0.91970356],[2.51934861]
[3.79701555],[0.91364353],[2.46869125]
[3.76942456],[0.9084055],[2.42284055]
[3.73027327],[0.90388153],[2.37332767]
[3.66951401],[0.89754839],[2.32054055]
[3.60986075],[0.89070167],[2.27702193]
[3.57851689],[0.88291111],[2.2432568]
[6.71711141],[1.96932072],[8.26295169]
[4.91030525],[1.61034641],[4.90021747]
[3.46016869],[1.44075928],[2.70276846]
[2.21307502],[1.02425407],[1.12947278]
[1.93266337],[0.45356545],[0.75969127]
[2.52481886],[0.76656018],[1.47748661]
[2.57540875],[0.87522692],[1.7023358]
[2.59108233],[0.92203294],[1.81442736]
[2.64818527],[0.95793693],[1.93074249]
[2.94542793],[0.98888976],[2.10371481]
[3.13257352],[1.03548748],[2.41815938]
[3.21559671],[1.04135973],[2.56389493]
[3.2517453],[1.05229537],[2.60364933]
[3.27111913],[1.04959939],[2.60605418]
[3.29918987],[1.06368134],[2.69091309]
[3.31342708],[1.06343368],[2.69658729]
[3.34057816],[1.07345099],[2.76245177]
[3.42382189],[1.06353874],[2.74794303]
[3.36509535],[1.07583965],[2.78237786]
[3.63922265],[1.06286387],[2.8416765]
[3.47784539],[1.08049516],[2.82522654]
[3.7704715],[1.07626976],[2.94352175]
[3.70517783],[1.09536819],[2.95278618]
[3.83979054],[1.09282043],[3.03139389]
[3.76523442],[1.10623248],[3.0208114]
[3.86069785],[1.09328434],[3.0714453]
[3.80533688],[1.10310718],[3.05235553]
[3.88492824],[1.09045952],[3.08932576]
[3.82747776],[1.10027463],[3.06345758]
[3.88990283],[1.08550789],[3.08758966]
[3.85771762],[1.09231978],[3.06397253]
[3.9043783],[1.07085642],[3.06036017]
[3.91125408],[1.0704579],[3.04729721]
[3.93402115],[1.05588542],[3.05059964]
[3.92797274],[1.05535211],[3.0191885]
[3.94235888],[1.04741015],[3.01561589]
[3.93914909],[1.03976359],[2.9751467]
[3.93596534],[1.03203965],[2.95799127]
[3.94006433],[1.02422062],[2.93984737]
[3.94910508],[1.0163469],[2.92981255]
[3.96368966],[1.00839186],[2.92726553]
[3.97582671],[0.99951075],[2.91675561]
[3.98283523],[0.97857523],[2.89098698]
[3.98691393],[0.96411396],[2.85088189]
[3.98415445],[0.95071274],[2.80565126]
[3.97195232],[0.93901014],[2.75149675]
[3.93702198],[0.93404776],[2.68281953]
[3.90883839],[0.93022567],[2.62969623]
[3.88110996],[0.92589142],[2.58063996]
[3.83871325],[0.91978061],[2.52148728]
[3.81081773],[0.91479468],[2.47815628]
[3.77410984],[0.91021989],[2.43015532]
[3.71723162],[0.90392586],[2.37106128]
[3.6651269],[0.89683869],[2.32361046]
[3.61821512],[0.8903639],[2.28300175]
[6.73341657],[1.94387399],[7.42905949]
[4.83220744],[1.56391134],[4.33820301]
[3.34149254],[1.24600244],[2.25553612]
[2.11982812],[0.88817604],[0.95097973]
[2.01405635],[0.46547612],[0.77409714]
[2.52888489],[0.78557882],[1.51715515]
[2.58149375],[0.89423085],[1.73430167]
[2.59212395],[0.93435253],[1.83626527]
[2.65135691],[0.97358828],[1.96395507]
[3.00598255],[1.0082995],[2.19122862]
[3.16151616],[1.05626429],[2.51281951]
[3.23465254],[1.0603624],[2.60638166]
[3.26779804],[1.07352869],[2.69035817]
[3.28407103],[1.07068005],[2.70333486]
[3.30953858],[1.08899716],[2.79217549]
[3.36256134],[1.08584549],[2.80567118]
[3.38690756],[1.09706011],[2.86693272]
[3.59649176],[1.08557958],[2.89991095]
[3.51157352],[1.09902362],[2.90630509]
[3.73861015],[1.08502065],[2.98032886]
[3.66127241],[1.10047006],[2.97173759]
[3.834233],[1.09591751],[3.06737963]
[3.79668761],[1.11704636],[3.08248643]
[3.88386638],[1.11279664],[3.14486014]
[3.84044469],[1.12596168],[3.14399758]
[3.90119245],[1.11174816],[3.17918792]
[3.86716725],[1.12332408],[3.16939993]
[3.91357097],[1.10856879],[3.19117774]
[3.87969607],[1.11934151],[3.17865075]
[3.91482473],[1.10349997],[3.18939568]
[3.90312298],[1.11101286],[3.17872264]
[3.93115478],[1.08929853],[3.16134359]
[3.944603],[1.08872028],[3.14625746]
[3.96230428],[1.07380416],[3.14755413]
[3.96255787],[1.073161],[3.11874299]
[3.97163156],[1.06578803],[3.11305354]
[3.9717244],[1.05818685],[3.07440871]
[3.96780641],[1.05051315],[3.05588626]
[3.9726506],[1.04220706],[3.03550161]
[3.98099347],[1.03438137],[3.02141536]
[3.99385681],[1.02647917],[3.0128245]
[4.00398684],[1.01727581],[2.99718953]
[4.00841911],[0.99434428],[2.96658242]
[4.01154703],[0.97568893],[2.92454607]
[4.01031362],[0.96231485],[2.878609]
[4.00189703],[0.94979116],[2.82565005]
[3.97943286],[0.9446404],[2.76319852]
[3.9437259],[0.94067979],[2.69812977]
[3.89557979],[0.9358874],[2.6321281]
[3.85474797],[0.92960773],[2.57065959]
[3.8241397],[0.92408754],[2.52144334]
[3.78258855],[0.91928016],[2.47221727]
[3.71832628],[0.91303942],[2.41510821]
[3.65316714],[0.9060052],[2.36418739]
[3.6041642],[0.89952129],[2.320115]
[6.88448188],[1.9738712],[7.55456301]
[4.90102772],[1.58653755],[4.25407986]
[3.32214317],[1.20954635],[2.17433047]
[2.10732584],[0.84855694],[0.9079802]
[2.05027935],[0.48061503],[0.7997078]
[2.5374867],[0.80117073],[1.54633055]
[2.5916192],[0.90742053],[1.76202044]
[2.60242479],[0.95158054],[1.87534231]
[2.79010874],[0.99460019],[2.05464795]
[3.07197414],[1.03900978],[2.35246295]
[3.20003488],[1.08977413],[2.64716161]
[3.26239718],[1.09560018],[2.75753475]
[3.29048497],[1.10581486],[2.8432014]
[3.30535509],[1.10350782],[2.85531987]
[3.33099022],[1.11906853],[2.93585184]
[3.51779417],[1.11704603],[2.98601121]
[3.54510173],[1.12630558],[3.03767846]
[3.7213413],[1.11698779],[3.09020341]
[3.64255185],[1.12766814],[3.07554483]
[3.81828443],[1.11699684],[3.15436423]
[3.78615476],[1.12943965],[3.15714597]
[3.89062997],[1.12780958],[3.22906371]
[3.87629486],[1.14488218],[3.24844265]
[3.92858108],[1.14184149],[3.29409738]
[3.90836367],[1.15290947],[3.30548511]
[3.93972785],[1.15532133],[3.33252773]
[3.92508257],[1.16378589],[3.34960251]
[3.94682692],[1.17120413],[3.36518149]
[3.93781545],[1.17878191],[3.38314423]
[3.95522653],[1.18063019],[3.39541441]
[3.96143473],[1.16263131],[3.39328508]
[3.9795622],[1.14239298],[3.37959794]
[4.02317745],[1.13140097],[3.35434745]
[4.02861905],[1.11230968],[3.33986413]
[4.05911768],[1.10695716],[3.29466963]
[4.03099473],[1.09477866],[3.26249055]
[4.03894313],[1.08455701],[3.21495481]
[4.0124181],[1.07678665],[3.17985013]
[4.01373737],[1.06862537],[3.15344552]
[4.0170753],[1.06102887],[3.13351032]
[4.0260392],[1.05329243],[3.12088269]
[4.03592521],[1.04396051],[3.10020094]
[4.04078847],[1.02316247],[3.06356529]
[4.04511577],[0.99817703],[3.0158127]
[4.04781821],[0.97806695],[2.96841782]
[4.04516871],[0.9636139],[2.91740334]
[4.03669752],[0.95445264],[2.86419921]
[4.01440199],[0.94899725],[2.80131109]
[3.98048923],[0.94376732],[2.7330923]
[3.92434236],[0.93727677],[2.65693673]
[3.89490284],[0.93171425],[2.60228715]
[3.8626056],[0.92669986],[2.55071487]
[3.81189157],[0.92013871],[2.4953765]
[3.76505515],[0.91260136],[2.44366764]
[3.71500722],[0.90564218],[2.39151623]
[6.95272803],[2.01584612],[7.76171343]
[4.94261984],[1.65366831],[4.29041211]
[3.24627793],[1.24287532],[2.09839286]
[2.00497885],[0.81566279],[0.84259785]
[2.09276342],[0.50000051],[0.8346029]
[2.55172169],[0.8156962],[1.57706979]
[2.60146269],[0.91995894],[1.78862958]
[2.61722494],[0.96679758],[1.91166937]
[2.90744576],[1.02422588],[2.17669832]
[3.13498746],[1.08896791],[2.51414836]
[3.23679778],[1.11775253],[2.77475289]
[3.28703644],[1.12642433],[2.88654873]
[3.31086655],[1.13691115],[2.96766724]
[3.39258725],[1.14950086],[2.99697868]
[3.40429232],[1.15743375],[3.06671464]
[3.65305103],[1.15381724],[3.15152648]
[3.65909661],[1.15710909],[3.1859887]
[3.80509146],[1.15932747],[3.25413116]
[3.76485839],[1.16275652],[3.25578241]
[3.88533372],[1.16557389],[3.33175437]
[3.88694077],[1.1802444],[3.36199277]
[3.94842708],[1.19380052],[3.42377926]
[3.95404283],[1.20711414],[3.46479036]
[3.97714466],[1.21461576],[3.51399043]
[3.98199879],[1.22279282],[3.5487829]
[3.99580661],[1.22986959],[3.58830071]
[4.0097928],[1.23382496],[3.60565463]
[4.02775432],[1.23647081],[3.63319449]
[4.04974322],[1.23824315],[3.64642049]
[4.05750379],[1.23909018],[3.66574434]
[4.09398949],[1.228071],[3.67456456]
[4.10196973],[1.21487749],[3.6643856]
[4.18615512],[1.18758011],[3.65591545]
[4.15684346],[1.18125584],[3.62614744]
[4.25365543],[1.16184294],[3.5974171]
[4.16513214],[1.14922892],[3.53286305]
[4.20157427],[1.13704065],[3.47528387]
[4.1489559],[1.1248339],[3.4152894]
[4.13840526],[1.11162097],[3.36282091]
[4.1296733],[1.09965706],[3.31655014]
[4.1269822],[1.08692768],[3.27919407]
[4.12723258],[1.07223456],[3.23797271]
[4.11630912],[1.04548842],[3.17531473]
[4.09069259],[1.01509459],[3.10267371]
[4.08478841],[0.98918323],[3.03328892]
[4.07713743],[0.97193697],[2.97596916]
[4.0770847],[0.96259381],[2.93046686]
[4.07181633],[0.95685174],[2.88263018]
[4.04966839],[0.95065223],[2.81902842]
[4.01274964],[0.94337313],[2.74672462]
[3.9756606],[0.93757119],[2.68545875]
[3.93904506],[0.93242487],[2.62556803]
[3.90856342],[0.92608975],[2.57569654]
[3.87428876],[0.91853975],[2.52812648]
[3.83231992],[0.91155021],[2.47668563]
[7.08216829],[2.04966185],[7.97815616]
[5.05782035],[1.70056233],[4.3641305]
[3.24727267],[1.25350957],[2.08684506]
[1.98743501],[0.79747682],[0.82270817]
[2.08807504],[0.50064032],[0.8229628]
[2.55463514],[0.82303567],[1.58819867]
[2.60468095],[0.92615041],[1.8062571]
[2.62548603],[0.97961004],[1.93912023]
[2.95233803],[1.05405531],[2.28774809]
[3.15858971],[1.14430149],[2.62565787]
[3.25237374],[1.16919531],[2.89309032]
[3.29807032],[1.17575449],[3.00324157]
[3.32365961],[1.18970807],[3.08457379]
[3.47098914],[1.21304378],[3.14349574]
[3.49385907],[1.23097063],[3.23679961]
[3.71461771],[1.23163838],[3.36061534]
[3.73328904],[1.23226498],[3.41140348]
[3.86082354],[1.23181566],[3.49579439]
[3.85045961],[1.23304985],[3.49862489]
[3.93359537],[1.23617269],[3.57964301]
[3.94525743],[1.24617191],[3.60498379]
[3.98269526],[1.25873001],[3.66524011]
[4.01616585],[1.27086425],[3.70891424]
[4.03672598],[1.27751714],[3.76332672]
[4.06578425],[1.28019094],[3.80534586]
[4.06427539],[1.28071818],[3.83791472]
[4.09727688],[1.28223651],[3.8662108]
[4.10258645],[1.28495915],[3.88688779]
[4.14433822],[1.28756769],[3.91566523]
[4.14044926],[1.28745761],[3.9329003]
[4.2114652],[1.27960842],[3.95193912]
[4.2267392],[1.26824927],[3.96556239]
[4.32837812],[1.25637972],[3.99238694]
[4.31153765],[1.24526048],[3.94668609]
[4.39262033],[1.23225144],[3.92034764]
[4.33420886],[1.21772051],[3.8449794]
[4.36212653],[1.19780298],[3.79622283]
[4.30672411],[1.17828238],[3.71486962]
[4.27966876],[1.16549314],[3.6518748]
[4.26113569],[1.15366257],[3.59414446]
[4.242259],[1.14153085],[3.54155292]
[4.22805182],[1.12883898],[3.48097132]
[4.20345214],[1.10490586],[3.39983293]
[4.17525942],[1.07402919],[3.30927867]
[4.1536103],[1.04148615],[3.20467878]
[4.12874212],[1.00553884],[3.11976173]
[4.11593835],[0.97769011],[3.04491098]
[4.11160256],[0.96691436],[2.98671827]
[4.09302756],[0.9609077],[2.91763569]
[4.06573536],[0.95344702],[2.84051951]
[4.04338275],[0.94675389],[2.77963068]
[4.01414835],[0.94095306],[2.71930273]
[3.96844168],[0.93412985],[2.64847069]
[3.94532867],[0.9262544],[2.60128299]
[3.9128946],[0.91917271],[2.55662404]
[7.1690507],[2.02932461],[7.64470181]
[5.10201326],[1.68787557],[4.17211906]
[3.2089865],[1.16487102],[1.94738067]
[1.93635567],[0.742382],[0.75927211]
[2.11793654],[0.51312493],[0.85313837]
[2.55066421],[0.83699162],[1.6104869]
[2.60504255],[0.93385805],[1.82343788]
[2.62991812],[0.99674102],[1.96645163]
[2.98627319],[1.09107125],[2.36797609]
[3.17426056],[1.18076613],[2.69797487]
[3.26064809],[1.20435216],[2.9686232]
[3.32865524],[1.21666929],[3.09771932]
[3.35299689],[1.24373541],[3.19801034]
[3.55490087],[1.26740285],[3.30419174]
[3.60671352],[1.28261299],[3.40988118]
[3.78123507],[1.283552],[3.53904164]
[3.81856579],[1.28431423],[3.60428107]
[3.9047985],[1.28397428],[3.68861988]
[3.90927686],[1.28412598],[3.69399805]
[3.97584561],[1.28397922],[3.76574109]
[4.02093719],[1.28684942],[3.79754655]
[4.04953369],[1.29455392],[3.84767283]
[4.09981627],[1.30479721],[3.89841065]
[4.10143858],[1.30968635],[3.93637895]
[4.14412196],[1.31242571],[3.9882164]
[4.14201175],[1.31330291],[4.03572411]
[4.2031661],[1.31597681],[4.06506501]
[4.2217106],[1.31937909],[4.11878869]
[4.2741592],[1.32175552],[4.14175136]
[4.27758805],[1.32237277],[4.18222572]
[4.33535481],[1.31560523],[4.20379562]
[4.34739181],[1.30458795],[4.21781187]
[4.42925177],[1.29223085],[4.25101567]
[4.42164145],[1.28208067],[4.20873288]
[4.48574664],[1.27176741],[4.177763]
[4.45465517],[1.26017682],[4.10150938]
[4.47008265],[1.24644067],[4.04741974]
[4.43559156],[1.22836535],[3.9629483]
[4.41721792],[1.21192005],[3.90557278]
[4.41147699],[1.20153822],[3.85636202]
[4.40791821],[1.19039085],[3.81082262]
[4.40950901],[1.17771201],[3.751186]
[4.37824906],[1.15304311],[3.64950673]
[4.32805467],[1.12265705],[3.53441286]
[4.27519581],[1.08992263],[3.40317914]
[4.22287363],[1.05383998],[3.27971039]
[4.20011585],[1.01954336],[3.19654651]
[4.17612274],[0.98572279],[3.11691244]
[4.13267819],[0.97380344],[3.0289067]
[4.10886153],[0.96522765],[2.94608801]
[4.08290258],[0.95743156],[2.86921784]
[4.04980307],[0.95066446],[2.79340087]
[4.0024535],[0.94253845],[2.71070659]
[3.95261074],[0.93385833],[2.63389974]
[3.9217998],[0.92688384],[2.58801987]
[7.32849253],[2.05300095],[7.91830039]
[5.33496977],[1.72803229],[4.34121131]
[3.35742539],[1.19524819],[2.04534792]
[1.97949638],[0.76678499],[0.79267713]
[2.14541692],[0.53012446],[0.90587695]
[2.56670529],[0.84681323],[1.6305813]
[2.62010189],[0.93761328],[1.84850432]
[2.65052329],[1.01863575],[2.00389315]
[3.02930993],[1.14068598],[2.48913304]
[3.198614],[1.22764277],[2.79351009]
[3.28087763],[1.26331879],[3.08757455]
[3.37327544],[1.28194941],[3.25832645]
[3.43237906],[1.30432811],[3.37815451]
[3.65194921],[1.32539046],[3.50584099]
[3.71995205],[1.33759606],[3.60943869]
[3.85262601],[1.33810601],[3.76148428]
[3.89130635],[1.33838155],[3.82964594]
[3.97375846],[1.33675911],[3.90481587]
[4.01193665],[1.33591792],[3.92794188]
[4.05174126],[1.33583564],[3.98151132]
[4.11249559],[1.33674068],[4.02740202]
[4.12164194],[1.34120383],[4.07587734]
[4.20810507],[1.34533877],[4.12594181]
[4.22688654],[1.34738661],[4.19904306]
[4.279975],[1.34870695],[4.26003533]
[4.28136388],[1.35011539],[4.3214463]
[4.32771384],[1.35510724],[4.37494642]
[4.34080879],[1.35968406],[4.42042711]
[4.38701626],[1.3644438],[4.46042682]
[4.39174058],[1.36494016],[4.49457792]
[4.44306979],[1.36041028],[4.54055655]
[4.45505233],[1.35065672],[4.55002553]
[4.5269322],[1.33959054],[4.59554702]
[4.53090606],[1.33145951],[4.57111512]
[4.58892583],[1.32194904],[4.55500987]
[4.59897611],[1.31134145],[4.48809298]
[4.59906138],[1.30167449],[4.4411687]
[4.58826727],[1.29214992],[4.36202076]
[4.55686079],[1.27639707],[4.28843748]
[4.55395333],[1.2587681],[4.2262789]
[4.55295815],[1.2431467],[4.16564088]
[4.55528098],[1.2280495],[4.09048435]
[4.53019088],[1.20539016],[3.96754098]
[4.49826668],[1.17622871],[3.83335032]
[4.46430858],[1.14498727],[3.68746009]
[4.41454949],[1.11045835],[3.53499929]
[4.36595074],[1.07778601],[3.40652613]
[4.30855088],[1.04349245],[3.30055691]
[4.23811894],[1.00579276],[3.2034666]
[4.18135403],[0.97900422],[3.09861944]
[4.16003677],[0.96974091],[3.01663026]
[4.13865],[0.96197124],[2.93894877]
[4.10527755],[0.95197023],[2.84782978]
[4.06405362],[0.94200376],[2.76309226]
[4.01088163],[0.93236286],[2.67922572]
[7.41863747],[2.09317567],[8.27267499]
[5.40113084],[1.79574706],[4.46266227]
[3.41049367],[1.22776888],[2.06914601]
[1.97386197],[0.76936745],[0.77087452]
[2.17254191],[0.54578762],[0.93532521]
[2.58135641],[0.85722106],[1.64840875]
[2.63720602],[0.94327376],[1.86856184]
[2.71942182],[1.03247332],[2.07508006]
[3.07458036],[1.1784405],[2.57957463]
[3.22655841],[1.27504284],[2.89590915]
[3.31741346],[1.31194202],[3.2207699]
[3.4893741],[1.32976134],[3.42898418]
[3.58442453],[1.34831664],[3.56111971]
[3.7451247],[1.36448497],[3.69949896]
[3.81228833],[1.37224813],[3.8155505]
[3.9141757],[1.37286858],[3.95345225]
[4.00200133],[1.37401819],[4.05032961]
[4.06054544],[1.37317182],[4.13076544]
[4.11471054],[1.3731558],[4.15386581]
[4.13141112],[1.37470053],[4.23197102]
[4.23125026],[1.37555154],[4.2892342]
[4.26240574],[1.38241394],[4.36151745]
[4.33150331],[1.38968723],[4.43493206]
[4.34874244],[1.39518215],[4.51221769]
[4.39393656],[1.40022462],[4.59564159]
[4.40033329],[1.4033206],[4.67055976]
[4.45260089],[1.40760824],[4.76187297]
[4.46906567],[1.41208376],[4.81846386]
[4.51980047],[1.41640668],[4.88404327]
[4.53663109],[1.41710558],[4.91573978]
[4.58262379],[1.41017539],[4.96298505]
[4.62869512],[1.40164138],[4.97333771]
[4.68630939],[1.3838036],[4.99746637]
[4.72266284],[1.37327889],[4.97897233]
[4.76279873],[1.36305657],[4.94038711]
[4.80080446],[1.35163573],[4.87868143]
[4.7856445],[1.3418263],[4.81860238]
[4.77828416],[1.33243912],[4.73498267]
[4.72877347],[1.31902538],[4.65105787]
[4.7165248],[1.30237934],[4.58212685]
[4.71196984],[1.29055012],[4.51488047]
[4.70697752],[1.27398498],[4.43366772]
[4.67570036],[1.25087043],[4.30784578]
[4.63231952],[1.22094759],[4.15245193]
[4.60648447],[1.18955265],[3.96739781]
[4.57498205],[1.15529772],[3.78130222]
[4.54245825],[1.12296404],[3.64270794]
[4.50738411],[1.08958525],[3.51840178]
[4.42256578],[1.05392366],[3.38680946]
[4.30130433],[1.01646014],[3.26253545]
[4.25055116],[0.98525368],[3.16160321]
[4.2175384],[0.97420962],[3.0742788]
[4.19611618],[0.96294086],[2.98542576]
[4.16923211],[0.95199221],[2.89802797]
[4.13609702],[0.94119288],[2.81538483]
[7.5814445],[2.13169047],[8.5488822]
[5.53969646],[1.81749253],[4.56724995]
[3.52731154],[1.24228631],[2.11052851]
[2.02716528],[0.77468832],[0.76467433]
[2.15572927],[0.54177745],[0.91009456]
[2.57796919],[0.86486196],[1.64962315]
[2.6497173],[0.95047637],[1.88594121]
[2.78413411],[1.07158754],[2.16695738]
[3.11099619],[1.22806609],[2.69208972]
[3.28134181],[1.32521218],[3.04896709]
[3.37536781],[1.35724244],[3.37570146]
[3.60347858],[1.36760697],[3.5941063]
[3.70340118],[1.38457582],[3.7516508]
[3.82225159],[1.39998878],[3.90437629]
[3.88382459],[1.41068268],[4.02910476]
[3.9897164],[1.41310684],[4.19269881]
[4.11748465],[1.41737592],[4.33212321]
[4.15767405],[1.42021573],[4.42536171]
[4.24132787],[1.4246184],[4.4974468]
[4.28152951],[1.42890237],[4.5900749]
[4.35947663],[1.43351996],[4.69006571]
[4.39876169],[1.43968338],[4.77332023]
[4.46163666],[1.44769868],[4.87172653]
[4.48963457],[1.45344696],[4.95244746]
[4.53347939],[1.45970284],[5.04493483]
[4.5539735],[1.46284656],[5.12717357]
[4.59251602],[1.46711534],[5.22833366]
[4.64055963],[1.47151144],[5.31263993]
[4.68009464],[1.47520069],[5.40021004]
[4.73131496],[1.4793929],[5.47415791]
[4.76469377],[1.46995212],[5.53031876]
[4.82217636],[1.46506082],[5.58163412]
[4.86098299],[1.44562399],[5.61478097]
[4.91250209],[1.43344667],[5.61446487]
[4.93171107],[1.41778271],[5.56351398]
[5.03155839],[1.40238795],[5.4822813]
[4.99590268],[1.3895895],[5.34647897]
[4.99273168],[1.377773],[5.20670581]
[4.92446371],[1.36503314],[5.06699063]
[4.9038142],[1.35182619],[4.97750849]
[4.89280962],[1.33858601],[4.89713585]
[4.8799179],[1.31965246],[4.80386928]
[4.84193438],[1.29780904],[4.67218861]
[4.79961296],[1.26738246],[4.51327255]
[4.75833548],[1.23684678],[4.3288193]
[4.70989473],[1.20343679],[4.10336337]
[4.67278762],[1.17103578],[3.90681186]
[4.65040733],[1.13880642],[3.77008652]
[4.60300553],[1.10303064],[3.62865626]
[4.52436383],[1.06678194],[3.47453221]
[4.42131347],[1.03045174],[3.34445818]
[4.31937169],[0.99322084],[3.23463945]
[4.26465658],[0.97725886],[3.12862012]
[4.24983068],[0.96647097],[3.04504431]
[4.23004123],[0.95580896],[2.96104595]
[7.76231243],[2.12420727],[8.35907857]
[5.57628807],[1.79878996],[4.40149613]
[3.59098714],[1.17325147],[2.03956881]
[2.0724965],[0.73591072],[0.72972037]
[2.16597484],[0.55429363],[0.93385963]
[2.5799667],[0.88096067],[1.67864917]
[2.66167262],[0.96987302],[1.92307188]
[2.84732496],[1.13216217],[2.30582305]
[3.14309313],[1.27727028],[2.82549616]
[3.33803095],[1.3659085],[3.19559663]
[3.45051556],[1.39917742],[3.53565282]
[3.69021336],[1.41205656],[3.79259753]
[3.79473773],[1.43269613],[3.99963893]
[3.8917271],[1.45221897],[4.19107907]
[3.9925307],[1.46485063],[4.35561634]
[4.09409636],[1.46901067],[4.54560821]
[4.27730728],[1.47530812],[4.74330669]
[4.33349218],[1.48009443],[4.87325419]
[4.39713323],[1.48551344],[4.96915558]
[4.44061093],[1.49045265],[5.07257144]
[4.49115386],[1.49525849],[5.18982631]
[4.53836302],[1.50012847],[5.26535881]
[4.58160892],[1.50776831],[5.39295269]
[4.65740395],[1.51645989],[5.48649629]
[4.68482713],[1.53093061],[5.63238655]
[4.73922027],[1.5419148],[5.72756444]
[4.76555204],[1.55448731],[5.91014322]
[4.82530178],[1.55594076],[6.02237255]
[4.85448195],[1.55439192],[6.15350897]
[4.91935076],[1.55142682],[6.21151256]
[4.93992304],[1.54931856],[6.29868981]
[5.07946302],[1.53705641],[6.33743921]
[5.1507347],[1.50723161],[6.34394711]
[5.25116931],[1.49608761],[6.39191847]
[5.33513163],[1.47941587],[6.36751402]
[5.42005618],[1.46270718],[6.31019824]
[5.53020554],[1.44794678],[6.19547427]
[5.50488247],[1.43385723],[6.03756405]
[5.40880869],[1.41907261],[5.82899429]
[5.30134931],[1.40480086],[5.65614603]
[5.24074156],[1.39112485],[5.49812835]
[5.18659393],[1.37001615],[5.33877702]
[5.02844223],[1.34712681],[5.10694427]
[4.96155532],[1.31450895],[4.87595587]
[4.91906906],[1.28386456],[4.68826581]
[4.87451348],[1.2503133],[4.46122313]
[4.83276398],[1.21800575],[4.23554342]
[4.79386167],[1.18501491],[4.0356686]
[4.74731399],[1.15054285],[3.88085278]
[4.6890431],[1.11517829],[3.72091918]
[4.63366804],[1.08001349],[3.57345002]
[4.54658743],[1.04401339],[3.43621386]
[4.41352216],[1.00314225],[3.29313151]
[4.3193168],[0.98406926],[3.18089374]
[4.27931666],[0.973703],[3.08643458]
[8.01042436],[2.16221415],[8.77349547]
[5.71679761],[1.81476999],[4.58454787]
[3.76198193],[1.2022178],[2.16844219]
[2.25297437],[0.7623191],[0.80307976]
[2.1946829],[0.57395373],[0.99379802]
[2.6083117],[0.90024183],[1.722996]
[2.68743631],[1.00499898],[1.98993289]
[2.94124993],[1.20655241],[2.53125974]
[3.20590211],[1.33033049],[3.04720835]
[3.43745509],[1.42038003],[3.43008238]
[3.60838884],[1.45604806],[3.78456627]
[3.79806861],[1.47252853],[4.11103595]
[3.90502306],[1.49355723],[4.36276473]
[4.00861321],[1.51231736],[4.58593411]
[4.1328485],[1.5216445],[4.79473146]
[4.26677164],[1.52627583],[5.00291857]
[4.41172279],[1.53342779],[5.27278393]
[4.46931187],[1.53797604],[5.3954881]
[4.51361673],[1.55055735],[5.54616819]
[4.5713268],[1.56358807],[5.6338652]
[4.59903921],[1.57919216],[5.81049177]
[4.70781304],[1.59352756],[5.90708699]
[4.74508172],[1.60915772],[6.09523839]
[4.83911696],[1.62247685],[6.19847012]
[4.86401331],[1.63798931],[6.3962034]
[4.93346241],[1.64997389],[6.50528827]
[4.95550173],[1.66334335],[6.7096872]
[5.11452499],[1.66152156],[6.87943786]
[5.16096463],[1.65881098],[7.06061094]
[5.30287027],[1.65405744],[7.1608657]
[5.36943497],[1.65246467],[7.30106003]
[5.47935548],[1.66004549],[7.30910422]
[5.60212014],[1.63398826],[7.4041967]
[5.65920813],[1.61264367],[7.39806213]
[5.80324605],[1.55703653],[7.40918835]
[5.84996423],[1.52616465],[7.33254179]
[5.97608323],[1.51394174],[7.27533709]
[6.02142863],[1.49991676],[7.1032283]
[5.97257339],[1.48306463],[6.91990136]
[5.86262138],[1.46727417],[6.67433656]
[5.77263344],[1.45050194],[6.46614155]
[5.68921829],[1.43116601],[6.2487281]
[5.53204445],[1.40319098],[5.96665858]
[5.34805835],[1.36932493],[5.63768064]
[5.18806211],[1.33718781],[5.295769]
[5.0434595],[1.30199378],[4.91949749]
[5.00255652],[1.27095061],[4.64510499]
[4.96394961],[1.23931876],[4.42678095]
[4.92365138],[1.20568627],[4.2126041]
[4.85869133],[1.17119653],[4.00745041]
[4.78360257],[1.13824486],[3.8512315]
[4.72945482],[1.10454606],[3.70000156]
[4.64363022],[1.06623131],[3.53742295]
[4.54051669],[1.02877785],[3.40162389]
[4.40912537],[0.98757603],[3.2645744]
[8.09874412],[2.19692799],[9.20071411]
[5.73746311],[1.86273768],[4.7633072]
[3.85461792],[1.24171193],[2.25634103]
[2.33847595],[0.77048176],[0.82946969]
[2.24303492],[0.60608498],[1.06991845]
[2.65216794],[0.92296948],[1.78301898]
[2.83527685],[1.04018566],[2.12166857]
[3.05208662],[1.25686224],[2.72467189]
[3.30274248],[1.38104191],[3.25943544]
[3.58500787],[1.46862434],[3.64788665]
[3.7452038],[1.50911715],[4.03591886]
[3.8912605],[1.52600678],[4.40099584]
[4.04237581],[1.54824096],[4.75286464]
[4.14381149],[1.56851046],[4.9957814]
[4.30729284],[1.57768515],[5.30783884]
[4.42569061],[1.59404581],[5.51514423]
[4.52550905],[1.63205004],[5.85719171]
[4.59696662],[1.64366138],[6.00629219]
[4.62552689],[1.66270828],[6.20509115]
[4.72968758],[1.67587777],[6.31868508]
[4.74227682],[1.69158887],[6.51705455]
[4.87339354],[1.70639218],[6.6381976]
[4.89570312],[1.72272373],[6.83145745]
[5.06501214],[1.73652816],[6.99382762]
[5.10971178],[1.75326665],[7.2189786]
[5.26328196],[1.76918145],[7.41309791]
[5.33437661],[1.78688846],[7.66994534]
[5.4617033],[1.79212229],[7.85501315]
[5.55831655],[1.79702589],[8.12582305]
[5.65895369],[1.79933372],[8.23083166]
[5.78862599],[1.80302099],[8.45703693]
[5.87744439],[1.80539546],[8.49028718]
[6.01057763],[1.78364133],[8.62106246]
[6.10623764],[1.76503328],[8.66360161]
[6.20381223],[1.72801656],[8.6492042]
[6.31166237],[1.70667022],[8.61952343]
[6.36326198],[1.66957497],[8.51358103]
[6.49570617],[1.64112945],[8.40928464]
[6.48127864],[1.59618315],[8.1541418]
[6.45629292],[1.55603342],[7.90227193]
[6.3309666],[1.51564447],[7.60958959]
[6.25514673],[1.49611442],[7.35727659]
[6.11061783],[1.46179013],[7.03923324]
[5.85733056],[1.42654777],[6.6514505]
[5.65566685],[1.38896553],[6.16648774]
[5.47531603],[1.35291371],[5.68688661]
[5.32236744],[1.31908152],[5.27253329]
[5.19219496],[1.28581854],[4.81645682]
[5.09915362],[1.25237947],[4.56402803]
[5.0460916],[1.21774133],[4.32363141]
[4.97392839],[1.18441698],[4.11037295]
[4.89191456],[1.15172921],[3.94634484]
[4.81734519],[1.11445736],[3.78025953]
[4.74980311],[1.07275346],[3.62161833]
[4.66579753],[1.00962625],[3.47462891]
[8.18912706],[2.22351741],[9.55961982]
[5.80678021],[1.90683244],[4.98291468]
[4.00579977],[1.28915043],[2.39276467]
[2.47339001],[0.7865839],[0.9111016]
[2.27880041],[0.61886406],[1.12765401]
[2.68013321],[0.94664858],[1.83075457]
[2.94402764],[1.09169204],[2.27117549]
[3.17759958],[1.29901018],[2.91114915]
[3.39218676],[1.4267888],[3.46274853]
[3.69535953],[1.51647665],[3.85844978]
[3.8475882],[1.55932873],[4.3120259]
[3.99483276],[1.57632178],[4.70474646]
[4.18283968],[1.59890654],[5.1604902]
[4.32306297],[1.61488881],[5.46817877]
[4.44479193],[1.64359821],[5.81820042]
[4.54501675],[1.69484525],[6.04624091]
[4.6206948],[1.72881164],[6.37801605]
[4.74862029],[1.7403653],[6.57210932]
[4.76100785],[1.75820953],[6.80174036]
[4.88874644],[1.77107433],[6.94015764]
[4.88161331],[1.78662651],[7.14970179]
[5.09883516],[1.80108433],[7.35945291]
[5.12966634],[1.81701265],[7.59609307]
[5.35308685],[1.83216033],[7.84644456]
[5.46735038],[1.85149517],[8.1572929]
[5.58754681],[1.86924264],[8.36931041]
[5.71721475],[1.88608027],[8.70601275]
[5.81749913],[1.89582249],[8.91964407]
[6.00708188],[1.90706598],[9.27081497]
[6.11715209],[1.91735971],[9.47224155]
[6.19732947],[1.92251196],[9.70089573]
[6.28429302],[1.92342765],[9.80703107]
[6.34168755],[1.90205628],[9.89242179]
[6.45698746],[1.88702984],[10.01917292]
[6.50960374],[1.85831982],[9.99376296]
[6.66759838],[1.83808981],[10.01693782]
[6.7160921],[1.8106228],[9.91072795]
[6.82728207],[1.78904737],[9.80546167]
[6.90360228],[1.76412058],[9.58877613]
[6.91324372],[1.7370359],[9.33044668]
[6.86095627],[1.70046455],[9.03172594]
[6.79097839],[1.66123495],[8.71770216]
[6.70125146],[1.61381383],[8.34381886]
[6.48638742],[1.54141202],[7.89782411]
[6.23729301],[1.44934247],[7.36174609]
[5.97521682],[1.40646948],[6.73715017]
[5.75688482],[1.37104748],[6.17615503]
[5.60204837],[1.33664653],[5.62186695]
[5.4643482],[1.30153319],[5.11420171]
[5.32620993],[1.26660513],[4.74259359]
[5.1828882],[1.23372749],[4.47023489]
[5.0877308],[1.20048848],[4.23743434]
[4.99021297],[1.16474974],[4.03968959]
[4.90297174],[1.12074463],[3.87696144]
[4.84904747],[1.06084632],[3.7124215]
[8.24008684],[2.22479269],[9.51848006]
[5.83557483],[1.90798216],[4.92012131]
[4.07892151],[1.25496663],[2.38822858]
[2.54046762],[0.76128419],[0.93702321]
[2.34514755],[0.65302775],[1.24282592]
[2.77087224],[0.97257761],[1.90453438]
[3.04747536],[1.15250214],[2.49027608]
[3.30578473],[1.34530514],[3.12420961]
[3.5148468],[1.47550937],[3.70167784]
[3.79368495],[1.56254307],[4.09313414]
[3.97055664],[1.60392153],[4.606795]
[4.11514894],[1.61934623],[5.0402496]
[4.33959216],[1.63941033],[5.59207247]
[4.46856326],[1.66571528],[5.97066253]
[4.55687626],[1.72647696],[6.32822973]
[4.67412222],[1.77484747],[6.54935817]
[4.74502605],[1.80809635],[6.90626077]
[4.89936507],[1.82256938],[7.16980552]
[4.89588053],[1.84217644],[7.42195184]
[5.11106129],[1.85746532],[7.66281289]
[5.09639033],[1.87584545],[7.90745647]
[5.34425277],[1.89227423],[8.18637533]
[5.45302328],[1.9102433],[8.50152364]
[5.63058559],[1.92526341],[8.76278443]
[5.80816486],[1.94366269],[9.17380394]
[5.91107473],[1.96332089],[9.43520289]
[6.07447435],[1.98174253],[9.82007915]
[6.24275782],[1.99229228],[10.1126639]
[6.38027477],[2.00432763],[10.4697881]
[6.56855167],[2.01343099],[10.80622353]
[6.6367583],[2.02251497],[11.03526758]
[6.72377966],[2.02333017],[11.25982244]
[6.83710406],[1.99902806],[11.37547573]
[6.90347748],[1.98788675],[11.48254199]
[7.0161083],[1.96521459],[11.52764275]
[7.06298968],[1.94692125],[11.53034154]
[7.21508328],[1.92397502],[11.53071457]
[7.24334688],[1.90543232],[11.35892188]
[7.29711097],[1.88434821],[11.21879302]
[7.31404543],[1.86355624],[10.9033756]
[7.31814667],[1.8399547],[10.62825117]
[7.21964163],[1.81137695],[10.25267637]
[7.15306665],[1.77882555],[9.85892321]
[6.97043428],[1.7160667],[9.36134043]
[6.76567345],[1.6081146],[8.76296346]
[6.54817685],[1.50005855],[8.05050402]
[6.31229262],[1.42766921],[7.35742119]
[6.07566004],[1.39078859],[6.70787114]
[5.85359784],[1.35320428],[6.01755624]
[5.70597847],[1.31754607],[5.37581473]
[5.54455709],[1.28376596],[4.95596398]
[5.36938567],[1.2505548],[4.63689317]
[5.22285175],[1.21378146],[4.35403414]
[5.10593091],[1.16583492],[4.13815374]
[5.01151474],[1.11658171],[3.96337546]
[8.5858428],[2.25652481],[9.98676592]
[5.93780054],[1.94201462],[5.22976152]
[4.23014721],[1.30391214],[2.56739693]
[2.67360166],[0.79539897],[1.04751243]
[2.41658316],[0.6950253],[1.38658295]
[2.94297513],[0.99826118],[2.02897358]
[3.15827713],[1.22271388],[2.73395531]
[3.43678252],[1.39320812],[3.36169609]
[3.66206777],[1.52513231],[3.97783184]
[3.90296681],[1.60792636],[4.38835228]
[4.1265137],[1.6441076],[4.98185899]
[4.26541601],[1.65837146],[5.44186916]
[4.46805612],[1.68772831],[6.07559698]
[4.58831395],[1.74003312],[6.45098929]
[4.65990964],[1.79842933],[6.81476181]
[4.82619017],[1.84379306],[7.09176313]
[4.87797173],[1.8749824],[7.43368691]
[5.11389055],[1.88934252],[7.7987511]
[5.11495743],[1.9102419],[8.08927327]
[5.33807467],[1.92706696],[8.4025058]
[5.48005147],[1.94707043],[8.75518248]
[5.60009329],[1.96514793],[9.04063636]
[5.81835625],[1.9851665],[9.48466467]
[5.95084024],[2.00431449],[9.80711627]
[6.11889169],[2.0264358],[10.26385439]
[6.30498896],[2.04631878],[10.6480468]
[6.43516434],[2.06442997],[11.01065727]
[6.65183107],[2.07536988],[11.45938632]
[6.77914262],[2.08676992],[11.78579603]
[6.92139517],[2.09445256],[12.15404843]
[7.0586029],[2.10230011],[12.44785547]
[7.11782267],[2.10279681],[12.65164198]
[7.29669932],[2.08178089],[12.88729211]
[7.34524016],[2.07332165],[12.94258912]
[7.4611573],[2.05515775],[13.08621021]
[7.5086462],[2.03999349],[13.05770961]
[7.58015437],[2.01924512],[13.0944133]
[7.67378334],[2.00313937],[12.99003415]
[7.7165253],[1.98527468],[12.84277454]
[7.78295277],[1.96644946],[12.64885969]
[7.72524872],[1.94735471],[12.3461798]
[7.68093609],[1.92691146],[12.01297798]
[7.59850976],[1.89792731],[11.58596805]
[7.44599858],[1.84764061],[11.11925078]
[7.24001141],[1.76835345],[10.51968401]
[7.02328067],[1.66168031],[9.69615929]
[6.82657735],[1.55784061],[8.87626872]
[6.60858914],[1.45960414],[8.07619495]
[6.38001523],[1.41392868],[7.32933427]
[6.14193477],[1.3785517],[6.46472522]
[5.91345792],[1.34396894],[5.68381393]
[5.6554722],[1.30940895],[5.20340645]
[5.49089644],[1.27248463],[4.83670769]
[5.36339834],[1.22266199],[4.54433365]
[5.21609359],[1.18342421],[4.2856924]
[8.71468647],[2.28856046],[10.43195029]
[5.95805255],[1.99046745],[5.51630019]
[4.28705439],[1.39112307],[2.74282752]
[2.72692268],[0.83024651],[1.13301194]
[2.49101442],[0.73486462],[1.51206844]
[3.13460651],[1.02811698],[2.16942197]
[3.2772832],[1.27688198],[2.9397489]
[3.5827323],[1.43638031],[3.57710534]
[3.78392706],[1.57290258],[4.25049306]
[4.03389278],[1.64803867],[4.70744222]
[4.28772796],[1.68130727],[5.34863184]
[4.42177592],[1.69480615],[5.88503138]
[4.57583808],[1.77284727],[6.57229432]
[4.72849814],[1.82366531],[6.95642317]
[4.79434094],[1.8786441],[7.35462499]
[4.99399949],[1.92045795],[7.67661487]
[5.07822574],[1.9495675],[8.0304959]
[5.31476349],[1.96445638],[8.53560084]
[5.48647975],[1.98567721],[8.97306803]
[5.62240306],[2.00226675],[9.27099705]
[5.85465492],[2.02140523],[9.72446992]
[5.99526577],[2.03860009],[10.07759509]
[6.16026877],[2.05972076],[10.56476612]
[6.3535249],[2.0771278],[10.96212931]
[6.46404652],[2.09740436],[11.36748258]
[6.68673121],[2.11549809],[11.88684592]
[6.81700727],[2.13201131],[12.24373962]
[6.97741622],[2.14340833],[12.67298359]
[7.17419646],[2.15581101],[13.08997631]
[7.32478116],[2.1639886],[13.48455826]
[7.49430929],[2.17260997],[13.90615311]
[7.55105281],[2.17420462],[14.13931917]
[7.64599826],[2.1627849],[14.4247422]
[7.71939571],[2.15598796],[14.58207978]
[7.78078944],[2.13753479],[14.71230009]
[7.89933516],[2.12692684],[14.80552532]
[7.94976765],[2.1095888],[14.79062915]
[8.12600073],[2.09541959],[14.83489436]
[8.17290781],[2.07891879],[14.67039647]
[8.25308321],[2.06124511],[14.5333414]
[8.19727082],[2.04422067],[14.20930954]
[8.15672636],[2.02716375],[13.88952387]
[8.04378145],[2.00337413],[13.39950376]
[7.89651053],[1.9667861],[12.90639661]
[7.76042791],[1.90833957],[12.36194071]
[7.51838886],[1.83253958],[11.63982459]
[7.31313004],[1.74440196],[10.74361362]
[7.11373333],[1.64115159],[9.75274898]
[6.90201228],[1.53667416],[8.82169189]
[6.67083202],[1.44059956],[7.91614908]
[6.44402231],[1.40290181],[6.93780874]
[5.95574667],[1.36788775],[5.89708514]
[5.73772454],[1.32868962],[5.37825965]
[5.57653968],[1.28299103],[4.98615678]
[5.45577037],[1.24499043],[4.68184591]
[8.93138164],[2.35459389],[10.95667036]
[6.16884515],[2.03728406],[5.84449802]
[4.37069007],[1.45500324],[2.93045242]
[2.83430948],[0.87526991],[1.24381367]
[2.53926784],[0.7539717],[1.61065823]
[3.29286912],[1.08891497],[2.31238954]
[3.37933297],[1.32440709],[3.12613872]
[3.68832437],[1.47934551],[3.78913676]
[3.91558933],[1.61499425],[4.51783342]
[4.14446478],[1.68251085],[5.00533694]
[4.42972047],[1.71493592],[5.71050986]
[4.54632802],[1.74512018],[6.33272616]
[4.66298685],[1.83999704],[6.98304421]
[4.87369951],[1.88959698],[7.44968489]
[4.92129665],[1.94175433],[7.85833317]
[5.18590626],[1.98196152],[8.28074988]
[5.29621516],[2.0114547],[8.71898814]
[5.52628593],[2.02743036],[9.24233416]
[5.82664253],[2.04738503],[9.82305265]
[6.00113498],[2.06287379],[10.24642449]
[6.18047896],[2.0824095],[10.73044795]
[6.374746],[2.10125794],[11.14393332]
[6.48909771],[2.12120637],[11.58708797]
[6.71155461],[2.13772159],[12.15436199]
[6.84272042],[2.15686868],[12.55851483]
[7.00437472],[2.17432713],[13.04160365]
[7.19748189],[2.19076342],[13.51581533]
[7.36668537],[2.2026002],[13.96956527]
[7.58097232],[2.21437869],[14.51609048]
[7.69434749],[2.23138202],[14.91693328]
[7.80029962],[2.25033324],[15.3596868]
[7.93377551],[2.26072316],[15.72591136]
[7.99819958],[2.26937648],[15.99475579]
[8.17844039],[2.27929638],[16.29253028]
[8.23679757],[2.30714545],[16.41067962]
[8.35156275],[2.27472512],[16.57699162]
[8.39722155],[2.23930643],[16.56493854]
[8.44667349],[2.19761319],[16.55079429]
[8.50073693],[2.15840967],[16.45321993]
[8.5385152],[2.13843016],[16.28039271]
[8.67390733],[2.12370871],[16.09520698]
[8.53844232],[2.10851276],[15.68325781]
[8.50151075],[2.08596516],[15.26451686]
[8.37101192],[2.05927656],[14.74846831]
[8.2328902],[2.01264036],[14.20038406]
[8.05944357],[1.94835889],[13.49981549]
[7.81718231],[1.8818882],[12.6545865]
[7.60128991],[1.80117533],[11.6848965]
[7.40076912],[1.70831696],[10.61301656]
[7.17423065],[1.60424717],[9.42787764]
[6.96410344],[1.50864362],[8.44123366]
[6.74879914],[1.43054691],[7.28885867]
[5.99249738],[1.39120993],[6.07827245]
[5.80717025],[1.35262238],[5.59187346]
[5.63590224],[1.31231184],[5.18976136]
[9.35135573],[2.37757737],[11.19920811]
[6.37757858],[2.04006844],[5.8595713]
[4.44003783],[1.42118631],[2.95165803]
[2.90527818],[0.87350302],[1.28801037]
[2.55457556],[0.79972017],[1.75993626]
[3.44718772],[1.1567401],[2.49721254]
[3.47876777],[1.37532659],[3.33550564]
[3.78933941],[1.52949984],[4.06499923]
[4.05853559],[1.65662549],[4.80690148]
[4.28638114],[1.71771833],[5.33926846]
[4.54091024],[1.74816423],[6.11948153]
[4.6982515],[1.81562261],[6.78070878]
[4.78852503],[1.90401758],[7.44944734]
[5.0469092],[1.9522566],[7.95519652]
[5.10869959],[2.00282762],[8.436179]
[5.33559403],[2.04407018],[8.91490094]
[5.52098478],[2.07164695],[9.45621834]
[5.77011847],[2.08587226],[10.00436813]
[6.09177394],[2.10488573],[10.73489349]
[6.39229576],[2.12137107],[11.31686044]
[6.52577147],[2.14134927],[11.78998347]
[6.74740544],[2.15882442],[12.35861687]
[6.87598378],[2.17737376],[12.77578768]
[7.03983394],[2.19275148],[13.30082971]
[7.23992839],[2.21058848],[13.82559061]
[7.40675927],[2.22690428],[14.30912275]
[7.60628339],[2.24817009],[14.89048572]
[7.72593925],[2.2748046],[15.32516487]
[7.87019256],[2.29970522],[15.84707273]
[8.08930344],[2.32562398],[16.3660814]
[8.21801885],[2.36418261],[16.80827663]
[8.41255988],[2.41268498],[17.33115715]
[8.47799564],[2.43770159],[17.64633559]
[8.55106577],[2.46368186],[17.9935066]
[8.59326485],[2.47799023],[18.20091819]
[8.64267451],[2.46057056],[18.35651171]
[8.75652849],[2.4342808],[18.47394192]
[8.80158816],[2.4058906],[18.40684935]
[8.99338658],[2.37317021],[18.44406882]
[9.03267325],[2.33011816],[18.23869347]
[9.12996494],[2.28466197],[18.08160656]
[9.1097929],[2.23980351],[17.66618401]
[9.04384525],[2.19407795],[17.27056421]
[8.91364771],[2.15006941],[16.62863162]
[8.79649015],[2.10193238],[16.04679523]
[8.57667799],[2.04270703],[15.31958342]
[8.29566977],[1.97813973],[14.46448465]
[8.0441623],[1.91405013],[13.5011246]
[7.8419278],[1.84310542],[12.50197765]
[7.66565283],[1.76708987],[11.35779381]
[7.45660106],[1.6812672],[10.13384702]
[7.24435498],[1.58427056],[8.94472552]
[6.8419244],[1.47353599],[7.47240451]
[6.08865542],[1.41555228],[6.29481909]
[5.85116468],[1.37558487],[5.76483185]
[9.9532093],[2.41008344],[12.00049748]
[6.69224092],[2.0800834],[6.30427067]
[4.74009415],[1.49601472],[3.2103924]
[3.1363652],[0.92750007],[1.44082864]
[2.58542292],[0.83843296],[1.94814186]
[3.48519666],[1.22895824],[2.74505714]
[3.64976283],[1.42987358],[3.61236185]
[3.91814384],[1.5783106],[4.37169093]
[4.19188732],[1.69294492],[5.14959642]
[4.45673837],[1.75005688],[5.72046319]
[4.6725798],[1.79345301],[6.58853074]
[4.85937159],[1.88331977],[7.24973835]
[4.92943708],[1.96630095],[7.95201774]
[5.21771541],[2.01358417],[8.55285635]
[5.30433004],[2.06230035],[9.1129865]
[5.51462869],[2.10105116],[9.5933267]
[5.81398618],[2.12550972],[10.22192142]
[6.09677326],[2.13937949],[10.94777805]
[6.4006382],[2.15939597],[11.68738558]
[6.74725213],[2.17511121],[12.42657551]
[6.90131829],[2.19402824],[12.94777036]
[7.0755582],[2.21055724],[13.50174386]
[7.26502458],[2.22811391],[14.03110465]
[7.43941812],[2.26196549],[14.54432043]
[7.63783355],[2.2803925],[15.1670269]
[7.76865035],[2.31186618],[15.66653102]
[7.89608887],[2.33798956],[16.19655902]
[8.12862224],[2.36202256],[16.76595318]
[8.27941913],[2.40304958],[17.26197336]
[8.5241785],[2.4527286],[17.92422848]
[8.62584756],[2.50652266],[18.37652869]
[8.71044182],[2.55418515],[18.87443429]
[8.82295263],[2.59086203],[19.32708621]
[8.86259226],[2.61835038],[19.66465556]
[9.09250203],[2.64329453],[20.07044451]
[9.15466746],[2.6252155],[20.20389023]
[9.26003392],[2.59823363],[20.42238074]
[9.30125913],[2.56152522],[20.40180205]
[9.34511398],[2.53060897],[20.40837112]
[9.37000835],[2.49635197],[20.22170744]
[9.38023681],[2.46171778],[20.01306646]
[9.5480205],[2.42908517],[19.76801276]
[9.39264951],[2.39611195],[19.30359923]
[9.34631777],[2.3620022],[18.78159501]
[9.20400928],[2.32416899],[18.11914748]
[9.09690525],[2.26858816],[17.39835658]
[8.90796647],[2.17043408],[16.53910793]
[8.64230686],[2.06257615],[15.4613178]
[8.32537613],[1.93410011],[14.32793538]
[8.10825289],[1.87259551],[13.17427918]
[7.9313175],[1.80223606],[12.05853859]
[7.76277027],[1.72709799],[10.74484597]
[7.5223029],[1.63942772],[9.33647342]
[6.87725561],[1.53901533],[7.783977]
[6.13003126],[1.44271292],[6.65953297]
[10.45902772],[2.43831117],[12.92438163]
[7.78349115],[2.12403707],[6.82153286]
[4.84423153],[1.59182218],[3.49241272]
[3.25599767],[0.98888844],[1.58993434]
[2.61431037],[0.88468526],[2.11398583]
[3.50335568],[1.28471394],[2.96058619]
[3.8253195],[1.47831256],[3.92188797]
[4.04026353],[1.62437261],[4.67300093]
[4.35089077],[1.72698246],[5.4989868]
[4.63172111],[1.79282677],[6.15431607]
[4.81656278],[1.85053534],[7.08666719]
[5.04503512],[1.95650218],[7.78357157]
[5.13970252],[2.03566901],[8.52652862]
[5.38233931],[2.08128353],[9.2135056]
[5.56901998],[2.12352738],[9.83075479]
[5.74198822],[2.15778026],[10.29531135]
[6.1004256],[2.18108653],[11.16883292]
[6.44280351],[2.19577996],[11.97039469]
[6.75673516],[2.21474511],[12.77414193]
[7.02020829],[2.24434005],[13.51345837]
[7.28235786],[2.25935752],[14.19366184]
[7.46837354],[2.29850123],[14.77045512]
[7.65675854],[2.31665854],[15.39111944]
[7.79259774],[2.35068394],[15.92022204]
[7.92485664],[2.37165808],[16.49797602]
[8.18336962],[2.40051269],[17.1261576]
[8.30879364],[2.43514901],[17.63579284]
[8.54579304],[2.4854864],[18.34992287]
[8.65648508],[2.54015136],[18.88373382]
[8.78728779],[2.58859796],[19.47530971]
[8.96471909],[2.64823697],[20.06444478]
[9.19888805],[2.70323229],[20.61877159]
[9.34285438],[2.75262806],[21.24640935]
[9.4002703],[2.78594246],[21.62714998]
[9.46956361],[2.81674388],[22.06249448]
[9.51244697],[2.82474132],[22.28900119]
[9.53050447],[2.80190877],[22.45234686]
[9.6018865],[2.75931032],[22.50443397]
[9.6882489],[2.72409714],[22.46942437]
[9.89590626],[2.68295509],[22.49683188]
[9.95007774],[2.64083294],[22.24476588]
[10.03327214],[2.598345],[22.06343475]
[10.03208808],[2.55540582],[21.58914321]
[9.96218815],[2.51477994],[21.13975221]
[9.85718751],[2.4793137],[20.36926464]
[9.6955899],[2.43523848],[19.61669205]
[9.3292959],[2.37512203],[18.72059366]
[9.08115292],[2.28269408],[17.6659578]
[8.9035553],[2.1765303],[16.52146613]
[8.62743511],[2.005162],[15.27297414]
[8.44056959],[1.91234263],[14.04773705]
[8.22935725],[1.85239719],[12.84941514]
[8.02390639],[1.77937428],[11.33114738]
[7.74122038],[1.70120823],[9.70709187]
[6.81014715],[1.60570196],[8.01228179]
[11.09375604],[2.53588503],[14.073981]
[8.47625954],[2.1613671],[7.66507316]
[5.00329689],[1.66825225],[3.79727927]
[3.41598087],[1.04069139],[1.77283184]
[2.62633932],[0.91817918],[2.26453281]
[3.5103057],[1.33244289],[3.1325995]
[3.99035146],[1.52110886],[4.19512962]
[4.14363812],[1.66309403],[4.94578883]
[4.51155013],[1.75559029],[5.82870546]
[4.78435004],[1.83795566],[6.58175396]
[4.93871699],[1.93315867],[7.52818092]
[5.26006922],[2.02343433],[8.30663024]
[5.3925853],[2.09544282],[9.1338633]
[5.56837845],[2.13690158],[9.84214338]
[5.83272725],[2.17509088],[10.47773116]
[6.07070612],[2.20740671],[11.19659219]
[6.37518823],[2.23232278],[12.04711418]
[6.77290696],[2.29226225],[13.01015809]
[7.03336136],[2.30394625],[13.81187631]
[7.32547439],[2.34392996],[14.6334983]
[7.64687468],[2.36184177],[15.49615912]
[7.80342168],[2.39998424],[16.13265002]
[7.93443258],[2.4212088],[16.76027294]
[8.18551851],[2.45751276],[17.39113338]
[8.32325135],[2.51187974],[17.96171264]
[8.56546974],[2.55538927],[18.72572125]
[8.66701774],[2.61144586],[19.29802113]
[8.80220375],[2.6403947],[19.92710305]
[8.98989618],[2.69546223],[20.58161418]
[9.25818573],[2.73851746],[21.23749352]
[9.43373412],[2.79989474],[21.9794885]
[9.56763499],[2.85624486],[22.55486454]
[9.62679869],[2.91070647],[23.17193894]
[9.687401],[2.95468745],[23.65480208]
[9.71409328],[2.99387079],[24.0712592]
[9.98874756],[3.03039348],[24.56838785]
[10.05337486],[3.00481985],[24.75345848]
[10.15689409],[2.95868607],[24.95817363]
[10.20569787],[2.92517989],[24.9004037]
[10.24234472],[2.88338178],[24.87129278]
[10.27642344],[2.84395679],[24.60773652]
[10.27937932],[2.80218428],[24.33076914]
[10.4163196],[2.7598168],[23.97113226]
[10.29656286],[2.71877788],[23.43630682]
[10.22393158],[2.67546466],[22.79532179]
[10.09650737],[2.6338247],[22.02909001]
[9.95270823],[2.57117016],[21.19183487]
[9.74161852],[2.49366538],[20.17971327]
[9.40962464],[2.40865949],[18.8912408]
[9.05551321],[2.26317263],[17.48704882]
[8.84652641],[2.08270215],[16.21220124]
[8.69680768],[1.94336647],[14.94132638]
[8.55321865],[1.88451421],[13.44983385]
[8.32239466],[1.81981468],[11.84801349]
[7.82033318],[1.74331724],[10.02265068]
