meltWidth,meltDepth,meltArea
[0.36153165],[0.0886505],[0.01559996]
[0.76274267],[0.19711798],[0.07433851]
[0.86952505],[0.21944263],[0.09446229]
[1.00451766],[0.27970953],[0.13943645]
[1.10758202],[0.2828862],[0.15826323]
[1.26073485],[0.32249783],[0.20536058]
[1.37126169],[0.34775438],[0.24943198]
[1.47382571],[0.32822908],[0.26346944]
[1.48498201],[0.34421399],[0.27794066]
[1.44572514],[0.29268188],[0.2343024]
[1.2901045],[0.27218962],[0.19066321]
[1.13988847],[0.20282151],[0.12568183]
[0.95101524],[0.17679803],[0.08455714]
[0.71089233],[0.10849424],[0.03759944]
[0.51724108],[0.08758732],[0.02193124]
[0.17222374],[0.02361909],[0.00178977]
[0.],[0.],[0.]
[0.],[0.],[0.]
[0.],[0.],[0.]
[0.],[0.],[0.]
[0.],[0.],[0.]
[0.],[0.],[0.]
[0.],[0.],[0.]
[0.],[0.],[0.]
[0.],[0.],[0.]
[0.],[0.],[0.]
[0.],[0.],[0.]
[0.],[0.],[0.]
[0.],[0.],[0.]
[0.],[0.],[0.]
[0.],[0.],[0.]
[0.],[0.],[0.]
[0.],[0.],[0.]
[0.],[0.],[0.]
[0.],[0.],[0.]
[0.],[0.],[0.]
[0.],[0.],[0.]
[0.],[0.],[0.]
[0.],[0.],[0.]
[0.],[0.],[0.]
[0.],[0.],[0.]
[0.],[0.],[0.]
[0.],[0.],[0.]
[0.],[0.],[0.]
[0.],[0.],[0.]
[0.],[0.],[0.]
[0.],[0.],[0.]
[0.],[0.],[0.]
[0.],[0.],[0.]
[0.],[0.],[0.]
[0.],[0.],[0.]
[0.],[0.],[0.]
[0.],[0.],[0.]
[0.],[0.],[0.]
[0.00218705],[0.00407471],[1.68599126e-06]
[1.00428651],[0.44283423],[0.27104158]
[1.24646342],[0.39791879],[0.31698629]
[1.47745922],[0.57043094],[0.51725113]
[1.71243925],[0.48512377],[0.56817298]
[1.75355625],[0.67613203],[0.75883317]
[1.92549686],[0.61337701],[0.816182]
[1.86245726],[0.77582473],[0.95056052]
[2.06295736],[0.7287992],[1.02211419]
[1.9668925],[0.95862611],[1.18456049]
[2.09003028],[0.85504703],[1.24110515]
[1.9689607],[1.00182767],[1.35016153]
[2.05485109],[0.9402426],[1.4094077]
[1.99995657],[1.01520214],[1.44756015]
[2.0008805],[0.95576136],[1.4362342]
[1.79338518],[1.01064901],[1.38864476]
[1.81910957],[0.96084107],[1.39349997]
[1.49369489],[1.00766357],[1.31910784]
[1.49928745],[0.96146073],[1.30951332]
[1.46386021],[1.00791826],[1.2709857]
[1.49475565],[0.96665572],[1.20993073]
[1.53055413],[1.00758653],[1.18930558]
[1.53785019],[0.93754763],[1.08564254]
[1.55258564],[0.97862347],[1.0619895]
[1.64277227],[0.87615807],[0.96452675]
[1.5743678],[0.93705575],[0.93598547]
[1.6994046],[0.6914824],[0.82038036]
[1.62310176],[0.80832209],[0.82587246]
[1.79438301],[0.59555734],[0.74929941]
[1.66500828],[0.66726378],[0.72095239]
[1.88612981],[0.52570851],[0.68873885]
[1.85078903],[0.51499967],[0.66484737]
[1.97082731],[0.48067979],[0.66935242]
[1.94462439],[0.45378033],[0.61709007]
[1.96008311],[0.43736485],[0.60046334]
[1.98564165],[0.40994795],[0.58501665]
[2.01028888],[0.39769213],[0.57652616]
[2.02379355],[0.38789733],[0.56818047]
[2.02261177],[0.3813714],[0.54982261]
[2.02360944],[0.37494665],[0.53817966]
[2.03027443],[0.36976338],[0.5304857]
[2.02934892],[0.36343018],[0.522272]
[2.02471008],[0.359267],[0.51095744]
[2.02061936],[0.35710312],[0.50296979]
[2.01729461],[0.35357519],[0.49681916]
[2.01325991],[0.35106321],[0.48879723]
[2.01142003],[0.34929352],[0.48468713]
[2.01740234],[0.34803184],[0.48462404]
[2.01024546],[0.34664091],[0.47978093]
[2.0099588],[0.34456885],[0.47508335]
[2.01210552],[0.34235798],[0.4721558]
[2.01491266],[0.34103188],[0.47168044]
[2.01525167],[0.34099964],[0.46702102]
[2.006387],[0.34154499],[0.46070642]
[0.],[0.],[0.]
[0.],[0.],[0.]
[0.92656656],[0.28946105],[0.2407656]
[1.66720832],[0.45268133],[0.48724025]
[1.76933898],[0.59287016],[0.70020369]
[2.06012416],[0.67515414],[0.89628135]
[2.1032148],[0.75639163],[1.03854822]
[2.31227249],[0.82685359],[1.22038595]
[2.37440357],[0.86559976],[1.29890398]
[2.49985322],[0.94941143],[1.46415544]
[2.50903484],[1.03751813],[1.61581734]
[2.50371312],[1.07210827],[1.70004142]
[2.51196607],[1.10398245],[1.82111843]
[2.49248076],[1.13763134],[1.79360877]
[2.52802239],[1.1682708],[1.99385735]
[2.50895748],[1.19342833],[1.95806919]
[2.5546663],[1.21476582],[2.08651205]
[2.53348958],[1.22155413],[2.01865698]
[2.57776488],[1.21883938],[2.10751984]
[2.56325033],[1.21019707],[2.08595001]
[2.60328337],[1.20004536],[2.13378102]
[2.49524089],[1.19040721],[2.07266915]
[2.40069532],[1.17764576],[1.96385408]
[2.16009447],[1.16366961],[1.90220372]
[1.67258551],[1.15036385],[1.63223607]
[1.86792101],[1.13973031],[1.60234057]
[1.83209589],[1.12551959],[1.51259543]
[1.98052371],[1.11324616],[1.42162492]
[1.97947443],[1.03027908],[1.37758573]
[2.06478863],[0.97538874],[1.28210454]
[2.06128428],[0.90713371],[1.2430425]
[2.11828095],[0.86022386],[1.19637413]
[2.13971153],[0.8544383],[1.18931548]
[2.16878904],[0.80196692],[1.1723886]
[2.17956036],[0.78187062],[1.13892058]
[2.18352644],[0.76191777],[1.12201255]
[2.19258211],[0.74892076],[1.10864723]
[2.20270573],[0.73212368],[1.09805808]
[2.21355339],[0.71060084],[1.08385444]
[2.22073984],[0.693105],[1.06533647]
[2.22784385],[0.67938776],[1.04751034]
[2.25536382],[0.66191471],[1.03648884]
[2.26035156],[0.64256468],[1.01670936]
[2.2594159],[0.6260852],[0.99813714]
[2.2508343],[0.61137191],[0.98042975]
[2.24384978],[0.59644452],[0.96440394]
[2.24544777],[0.58842619],[0.95401638]
[2.24700793],[0.5839163],[0.94912929]
[2.24889354],[0.58119983],[0.94528607]
[2.24850702],[0.57694382],[0.9368304]
[2.24752252],[0.57145441],[0.92575819]
[2.24722475],[0.56653651],[0.91753553]
[2.24659876],[0.56197429],[0.91107457]
[2.24572233],[0.55712289],[0.90095784]
[2.24636067],[0.55148841],[0.89232638]
[0.],[0.],[0.]
[0.],[0.],[0.]
[0.91369977],[0.29449404],[0.21988321]
[1.57907935],[0.4468136],[0.4946968]
[1.74032959],[0.58789599],[0.71463166]
[1.89514834],[0.67490564],[0.82661583]
[2.0303095],[0.75305649],[1.01699494]
[2.2291559],[0.81363249],[1.13283759]
[2.40751275],[0.88256527],[1.30375754]
[2.51540817],[0.97435765],[1.4512569]
[2.52357098],[1.06556886],[1.61859875]
[2.54079367],[1.10394106],[1.72373147]
[2.56987788],[1.13834701],[1.86407553]
[2.58522698],[1.17258945],[1.84718517]
[2.62447859],[1.18952242],[2.05169114]
[2.63716952],[1.21913588],[1.94633689]
[2.67157133],[1.24000938],[2.1580669]
[2.68568724],[1.23585117],[2.09953093]
[2.72152571],[1.23029889],[2.20966509]
[2.75302838],[1.22692291],[2.17837367]
[2.78013164],[1.22647512],[2.22464972]
[2.81479927],[1.22288593],[2.20816265]
[2.69722532],[1.21804695],[2.14155678]
[2.48819884],[1.21209354],[2.05284199]
[1.74512175],[1.20726591],[1.74889654]
[1.90590849],[1.19714583],[1.69468552]
[1.88992053],[1.18247571],[1.65407175]
[2.02872186],[1.16941123],[1.55487846]
[2.05763927],[1.12756667],[1.55000523]
[2.11273826],[1.04766878],[1.37227689]
[2.14011713],[0.97208339],[1.38097076]
[2.17623484],[0.9244913],[1.28588002]
[2.20051724],[0.90404607],[1.28162877]
[2.22853577],[0.85319059],[1.26856131]
[2.23574114],[0.82813864],[1.23071539]
[2.24398506],[0.80124029],[1.21570292]
[2.25170077],[0.77846665],[1.19687808]
[2.25742805],[0.76146877],[1.18421102]
[2.26448921],[0.74216947],[1.17327247]
[2.26559196],[0.72612167],[1.15269157]
[2.26661329],[0.71490147],[1.14082781]
[2.263189],[0.701084],[1.11770936]
[2.26350296],[0.68180402],[1.09555226]
[2.26390656],[0.66579586],[1.07204359]
[2.26613497],[0.65181819],[1.05446358]
[2.26852624],[0.63615916],[1.03789357]
[2.26826013],[0.62408172],[1.0175153]
[2.26686234],[0.61769519],[1.00486362]
[2.26705812],[0.61123779],[0.99554948]
[2.2648491],[0.60151876],[0.97941967]
[2.26335536],[0.59248711],[0.96470143]
[2.26215592],[0.58459095],[0.9527196]
[2.26051355],[0.57729055],[0.94210351]
[2.25928508],[0.57233796],[0.9314642]
[2.25799115],[0.5681063],[0.92284838]
[0.],[0.],[0.]
[0.],[0.],[0.]
[0.85912068],[0.28643862],[0.16943855]
[1.53965384],[0.41930815],[0.46437572]
[1.7144558],[0.57336964],[0.69800575]
[1.87039167],[0.65860372],[0.81787269]
[2.00372773],[0.73405668],[0.99575838]
[2.22046037],[0.78878408],[1.12941923]
[2.42820962],[0.88777103],[1.32900494]
[2.52869762],[0.99426779],[1.516147]
[2.56789945],[1.08866897],[1.69675116]
[2.59252741],[1.13390925],[1.79555744]
[2.63151427],[1.17427952],[1.90996875]
[2.65531224],[1.21016039],[1.91389006]
[2.6718415],[1.22670962],[2.04434081]
[2.70498113],[1.23180299],[2.02450075]
[2.72480808],[1.23675641],[2.14189605]
[2.76809054],[1.23542097],[2.11656837]
[2.78104575],[1.23704928],[2.22073574]
[2.83106399],[1.24007286],[2.1726945]
[2.64645595],[1.2397628],[2.19934964]
[2.42481873],[1.23645386],[2.10684863]
[2.01059025],[1.23020013],[1.93397392]
[1.95717005],[1.22414241],[1.77204861]
[1.89198326],[1.21784756],[1.71766769]
[2.04525576],[1.20843681],[1.61081212]
[2.06176565],[1.17154179],[1.57542544]
[2.12842829],[1.09526014],[1.38159959]
[2.1862716],[1.02929484],[1.44952988]
[2.19071074],[0.99135304],[1.30042167]
[2.24405307],[0.94896497],[1.36560132]
[2.24317632],[0.9082705],[1.27495733]
[2.28563939],[0.91945002],[1.32714202]
[2.30368296],[0.85400631],[1.30652438]
[2.3102246],[0.83306272],[1.27689455]
[2.3143431],[0.81107143],[1.26784606]
[2.31922054],[0.80182538],[1.25956028]
[2.32562841],[0.79560135],[1.25752383]
[2.33311263],[0.78544042],[1.25931139]
[2.33287763],[0.7786269],[1.25056267]
[2.33061646],[0.77170229],[1.24149459]
[2.32466083],[0.75824537],[1.21785698]
[2.32086835],[0.73439715],[1.18913927]
[2.31388928],[0.71104945],[1.15909956]
[2.30655858],[0.69095056],[1.13281716]
[2.29847405],[0.67084602],[1.10362925]
[2.28972743],[0.66123383],[1.07607241]
[2.28397571],[0.65390382],[1.05582851]
[2.28001552],[0.64660943],[1.04036539]
[2.27485624],[0.63554621],[1.0172341]
[2.27118102],[0.62626047],[1.00045823]
[2.26890233],[0.61628511],[0.98659584]
[2.26694741],[0.60398383],[0.97252075]
[2.26441377],[0.5909887],[0.95501671]
[2.26186952],[0.57452284],[0.9353446]
[0.],[0.],[0.]
[0.],[0.],[0.]
[0.88948147],[0.27792282],[0.18408156]
[1.53434141],[0.40762744],[0.45421867]
[1.71352707],[0.57671086],[0.69859451]
[1.87555504],[0.66947553],[0.84717425]
[2.02250472],[0.75108383],[1.03140565]
[2.25816544],[0.85933855],[1.23551308]
[2.46775585],[0.97969522],[1.47925327]
[2.57832282],[1.08266294],[1.68903426]
[2.62204719],[1.18069373],[1.85577434]
[2.65830423],[1.22422805],[1.96729736]
[2.68301531],[1.25336718],[2.0343437]
[2.70897654],[1.27544172],[2.18639064]
[2.72354086],[1.29059283],[2.23896475]
[2.76754941],[1.29635929],[2.29994316]
[2.78209128],[1.30125432],[2.38242263]
[2.83815912],[1.29916315],[2.41924864]
[2.80984631],[1.29913349],[2.49822758]
[2.66318883],[1.30104079],[2.42040886]
[2.444866],[1.29948317],[2.43351341]
[2.18448582],[1.29325888],[2.28411469]
[2.20295783],[1.28547375],[2.11011904]
[2.22743337],[1.27727829],[1.99972767]
[2.23578078],[1.26227533],[1.91071708]
[2.25747847],[1.24639992],[1.75607937]
[2.29367183],[1.16710532],[1.72673134]
[2.28902017],[1.11365019],[1.56851299]
[2.35227942],[1.05333763],[1.61580467]
[2.3211215],[1.01754096],[1.47702859]
[2.3877592],[0.98503763],[1.55081527]
[2.35134433],[0.95901319],[1.45166604]
[2.39800109],[0.95909128],[1.50291593]
[2.40493577],[0.92311998],[1.4982759]
[2.40907013],[0.90890018],[1.46935454]
[2.4085769],[0.89632004],[1.46293685]
[2.40877074],[0.88675551],[1.45024926]
[2.41144829],[0.87783512],[1.44035091]
[2.41429828],[0.86565185],[1.43040222]
[2.40922844],[0.85600948],[1.40253394]
[2.40451518],[0.84742638],[1.38173479]
[2.39857402],[0.83613341],[1.35910436]
[2.39400082],[0.81654529],[1.33231926]
[2.38350411],[0.79593607],[1.30011669]
[2.36923461],[0.78017226],[1.26825896]
[2.35605918],[0.76244829],[1.23729308]
[2.34149239],[0.74800116],[1.20242654]
[2.33058461],[0.73623297],[1.17630123]
[2.32088581],[0.72315627],[1.15297981]
[2.3126329],[0.70608341],[1.12378967]
[2.30222396],[0.68969338],[1.09517292]
[2.29392055],[0.67488467],[1.07221518]
[2.28767236],[0.65173202],[1.04556551]
[2.28375267],[0.63370515],[1.02235586]
[2.28168328],[0.61567494],[1.0024519]
[0.],[0.],[0.]
[0.],[0.],[0.]
[0.92480282],[0.28763389],[0.22204225]
[1.52788267],[0.44461058],[0.47917942]
[1.71439653],[0.61524255],[0.72773965]
[1.86178206],[0.70508872],[0.87247577]
[2.03659877],[0.85600609],[1.13079695]
[2.29789743],[0.98356045],[1.4146808]
[2.49512184],[1.100494],[1.66789114]
[2.60998285],[1.19035816],[1.84215577]
[2.65926209],[1.27019352],[2.00134991]
[2.68806632],[1.30361415],[2.26685786]
[2.70931341],[1.32626309],[2.35635999]
[2.74185371],[1.34557132],[2.46228706]
[2.76122908],[1.35279082],[2.57185373]
[2.80522041],[1.35510361],[2.58407696]
[2.82441113],[1.35633774],[2.6848187]
[2.85382353],[1.35454],[2.69543359]
[2.66082711],[1.35292685],[2.68805237]
[2.42941596],[1.35213875],[2.60223145]
[2.36867244],[1.34727843],[2.54530287]
[2.37995838],[1.33862393],[2.31470778]
[2.42644568],[1.32730456],[2.26192552]
[2.40799349],[1.3096733],[2.12107028]
[2.44071452],[1.27552376],[2.00305228]
[2.42432039],[1.20752876],[1.85578405]
[2.46074182],[1.14127064],[1.81418541]
[2.43132715],[1.09449558],[1.70261856]
[2.48351575],[1.04831043],[1.72784111]
[2.44416597],[1.02089762],[1.62890181]
[2.49925186],[0.99490374],[1.67704427]
[2.45902766],[0.97648069],[1.60236036]
[2.49934519],[0.97381859],[1.64115673]
[2.49537249],[0.94686224],[1.63401703]
[2.49782874],[0.93274767],[1.59793661]
[2.4917862],[0.92008565],[1.57658241]
[2.48667091],[0.90841236],[1.54625638]
[2.48606048],[0.8963391],[1.52584923]
[2.48433202],[0.88750454],[1.5131667]
[2.47845348],[0.87862292],[1.49004695]
[2.47335401],[0.86959302],[1.47139706]
[2.46705619],[0.86060189],[1.45293052]
[2.46273657],[0.85217511],[1.43582059]
[2.44905562],[0.84141835],[1.40806812]
[2.43638087],[0.82978353],[1.38616461]
[2.42841857],[0.81757415],[1.37017036]
[2.41450667],[0.80632984],[1.33641887]
[2.40337271],[0.796488],[1.31104052]
[2.39143151],[0.78510484],[1.28677355]
[2.37854108],[0.76939587],[1.25464679]
[2.36051304],[0.75378173],[1.21886147]
[2.34734324],[0.73466611],[1.18751217]
[2.33846739],[0.70428501],[1.1541164]
[2.32385424],[0.67538284],[1.1128876]
[2.31302543],[0.65587229],[1.08454859]
[0.],[0.],[0.]
[0.],[0.],[0.]
[0.91348615],[0.30241507],[0.22504831]
[1.54871625],[0.48284645],[0.52590434]
[1.73145021],[0.64909023],[0.77547509]
[1.89168667],[0.74371509],[0.93901859]
[2.08587247],[0.9518764],[1.28314406]
[2.33382072],[1.06669096],[1.5786366]
[2.52997317],[1.17248713],[1.80834231]
[2.66042483],[1.25509914],[2.06861482]
[2.70542064],[1.31665346],[2.2486282]
[2.73831335],[1.3464405],[2.49891642]
[2.76448665],[1.36833923],[2.62836401]
[2.80324768],[1.38258796],[2.64204205]
[2.8071307],[1.3911297],[2.80264053]
[2.85789992],[1.39100546],[2.80076574]
[2.83669694],[1.39085746],[2.90409256]
[2.72971837],[1.38796239],[2.83490613]
[2.47151105],[1.38495753],[2.82120246]
[2.45103972],[1.38187517],[2.6835499]
[2.52530115],[1.37081917],[2.52808254]
[2.52714911],[1.35907808],[2.42203188]
[2.59598131],[1.34294651],[2.38728673]
[2.57199773],[1.31847826],[2.18053078]
[2.60785458],[1.24127131],[2.11938991]
[2.58269859],[1.18999131],[1.97389385]
[2.60825245],[1.13275178],[1.94437174]
[2.58089048],[1.0937508],[1.84815358]
[2.60187019],[1.05749997],[1.85705228]
[2.57559784],[1.03482493],[1.77424067]
[2.60519201],[1.00548656],[1.77370844]
[2.56559392],[0.98195801],[1.70155609]
[2.63550048],[0.96923667],[1.71095631]
[2.59017308],[0.94072668],[1.69306197]
[2.62807072],[0.9260874],[1.6587462]
[2.57890862],[0.91493511],[1.63540273]
[2.571932],[0.90448531],[1.61693463]
[2.56558391],[0.89498855],[1.60058768]
[2.55346443],[0.88699302],[1.58810649]
[2.55151067],[0.87946047],[1.56810346]
[2.54250666],[0.87174007],[1.55147112]
[2.53429381],[0.86644913],[1.53723792]
[2.52937513],[0.8628285],[1.52185955]
[2.51602937],[0.8586301],[1.49696825]
[2.50494303],[0.85360036],[1.4794261]
[2.49616061],[0.84919916],[1.46917453]
[2.48527114],[0.84250736],[1.45108827]
[2.4751141],[0.83522191],[1.4353793]
[2.46280133],[0.82648831],[1.41543044]
[2.45066142],[0.81434238],[1.38644176]
[2.43271036],[0.79740302],[1.34705247]
[2.41780434],[0.7736873],[1.3065678]
[2.40451509],[0.74789855],[1.26851617]
[2.38673883],[0.72364184],[1.22531916]
[2.37629533],[0.69928972],[1.1964246]
[0.],[0.],[0.]
[0.],[0.],[0.]
[0.88310459],[0.3029969],[0.21792472]
[1.52160176],[0.50110574],[0.53616356]
[1.69447217],[0.67633401],[0.78976218]
[1.87358685],[0.77620643],[0.98209363]
[2.08244419],[1.02435851],[1.41617924]
[2.30883649],[1.12579266],[1.66504284]
[2.5110788],[1.2288391],[1.8902434]
[2.64838291],[1.29318845],[2.18868772]
[2.70672024],[1.34226953],[2.37842015]
[2.75143263],[1.36117574],[2.55453824]
[2.77010092],[1.37314096],[2.7411318]
[2.83322873],[1.38542882],[2.75165452]
[2.80189831],[1.38229477],[2.87405545]
[2.6205633],[1.37880507],[2.77188928]
[2.49755367],[1.37588802],[2.76187143]
[2.49770572],[1.37114468],[2.54948327]
[2.63168124],[1.36242775],[2.51496275]
[2.67400653],[1.3566084],[2.40030501]
[2.76765215],[1.33097861],[2.37121074]
[2.83926183],[1.26212703],[2.19660123]
[2.87226776],[1.181744],[2.12804741]
[2.90055781],[1.11749827],[2.00095967]
[2.91920037],[1.06691991],[1.97995674]
[2.96044636],[1.0374445],[1.92029075]
[2.95708155],[1.01537616],[1.90391591]
[2.98384176],[1.00012661],[1.84687224]
[2.94579264],[0.98402687],[1.84843005]
[2.9746065],[0.96841255],[1.80120924]
[2.94881614],[0.95044714],[1.79265038]
[2.9538982],[0.93530006],[1.75944223]
[3.01181886],[0.92589324],[1.79185822]
[2.96889398],[0.91525771],[1.76678849]
[3.00967781],[0.90671634],[1.77254323]
[2.96174746],[0.89883295],[1.72957257]
[2.93592658],[0.89132438],[1.71409072]
[2.93283798],[0.88595283],[1.70586165]
[2.92057739],[0.88205368],[1.6984098]
[2.91739613],[0.87850805],[1.68941675]
[2.91151093],[0.87479902],[1.67890103]
[2.89963888],[0.86938715],[1.66559332]
[2.88559095],[0.86529319],[1.65238893]
[2.86686774],[0.86104482],[1.63093732]
[2.82568397],[0.85704855],[1.60896666]
[2.76907739],[0.85407887],[1.59076022]
[2.72143896],[0.85305923],[1.56898616]
[2.67075818],[0.85274555],[1.54880408]
[2.61644598],[0.84856868],[1.52566689]
[2.55951851],[0.84218278],[1.5002417]
[2.50198507],[0.83054181],[1.46689798]
[2.48421707],[0.81398568],[1.43584535]
[2.4724956],[0.7920618],[1.40424567]
[2.45361538],[0.7713057],[1.36232912]
[2.43738548],[0.75007443],[1.32527629]
[0.],[0.],[0.]
[0.],[0.],[0.]
[0.90634064],[0.30243705],[0.24339527]
[1.54756953],[0.52864616],[0.58667052]
[1.71130502],[0.71515802],[0.84963473]
[1.90104165],[0.88421529],[1.12089744]
[2.11172647],[1.1137725],[1.57400867]
[2.31754522],[1.20565349],[1.8117762]
[2.52059471],[1.29145924],[2.01981621]
[2.65863694],[1.34063242],[2.3828109]
[2.71755509],[1.38015186],[2.63082518]
[2.76496408],[1.3951657],[2.74404401]
[2.77821014],[1.40643486],[2.92925771]
[2.81778583],[1.41498641],[2.93807723]
[2.62687806],[1.4086677],[2.99905477]
[2.58777845],[1.40149178],[2.88371884]
[2.69914954],[1.39551317],[2.80624484]
[2.74357725],[1.38724391],[2.64074996]
[2.82704251],[1.37944772],[2.66103244]
[2.90115205],[1.36151929],[2.54671165]
[2.96803887],[1.3131781],[2.48963117]
[3.0529275],[1.25251982],[2.35118037]
[3.06477989],[1.18856303],[2.27849138]
[3.15199821],[1.14003927],[2.18309049]
[3.11738278],[1.09792213],[2.13954869]
[3.18618149],[1.06910357],[2.07181676]
[3.159226],[1.04546191],[2.05425275]
[3.23754463],[1.02367955],[2.01434448]
[3.19713989],[0.99959333],[2.00884494]
[3.24562624],[0.98334041],[1.97290995]
[3.19533866],[0.96206527],[1.95253068]
[3.24760252],[0.95035042],[1.93056125]
[3.22751976],[0.94243683],[1.95145452]
[3.25289885],[0.93424362],[1.92845058]
[3.21820022],[0.92651183],[1.92237638]
[3.2291934],[0.91971899],[1.8830045]
[3.18097477],[0.91542472],[1.86750436]
[3.1736061],[0.91109257],[1.85913997]
[3.15673254],[0.90747],[1.84859979]
[3.15289079],[0.90380641],[1.84241331]
[3.15221598],[0.89929127],[1.8347076]
[3.14602291],[0.89303501],[1.82826913]
[3.13277721],[0.88781086],[1.81821358]
[3.12106549],[0.88269966],[1.79921149]
[3.09417163],[0.87916942],[1.77772928]
[3.04240045],[0.87724481],[1.75693631]
[2.99770449],[0.87621715],[1.73319927]
[2.95559085],[0.87585627],[1.7111919]
[2.90504268],[0.87254034],[1.68360286]
[2.85252411],[0.86771496],[1.65538027]
[2.80575028],[0.86424475],[1.62281307]
[2.75865591],[0.8573983],[1.5908541]
[2.70431561],[0.83853936],[1.54797358]
[2.65177399],[0.81948399],[1.50046408]
[2.59970565],[0.80024001],[1.45858106]
[0.],[0.],[0.]
[0.],[0.],[0.]
[0.92602062],[0.33645389],[0.26817402]
[1.57811511],[0.55997871],[0.63872746]
[1.73280964],[0.75149187],[0.90881441]
[1.92851372],[0.94575982],[1.24793526]
[2.12416504],[1.14938703],[1.64863447]
[2.32441689],[1.25874429],[1.92044686]
[2.53148398],[1.32696488],[2.21611935]
[2.67162896],[1.36868485],[2.53665719]
[2.72906602],[1.40823733],[2.78165546]
[2.77771056],[1.42041561],[2.87857108]
[2.76600859],[1.43145434],[3.05418349]
[2.71165653],[1.43669361],[3.04332246]
[2.68780634],[1.42879399],[3.04708049]
[2.74031582],[1.41725895],[2.86722888]
[2.83898787],[1.40883321],[2.82821723]
[2.93070841],[1.40493737],[2.79035937]
[2.99893059],[1.39742649],[2.81148243]
[3.06425473],[1.37934449],[2.68003158]
[3.09706813],[1.32208626],[2.60898717]
[3.21653485],[1.26556474],[2.49241206]
[3.20452374],[1.20071632],[2.40533937]
[3.31593797],[1.15596332],[2.32599036]
[3.26202145],[1.11687149],[2.27789455]
[3.36514876],[1.08537749],[2.22223835]
[3.32564683],[1.05698327],[2.18446394]
[3.4042792],[1.03630199],[2.14348095]
[3.32644589],[1.01206935],[2.10355781]
[3.39446731],[0.9943048],[2.07761565]
[3.3184217],[0.97663169],[2.0608188]
[3.38582315],[0.96618988],[2.06379583]
[3.34309405],[0.95856804],[2.08025828]
[3.38745504],[0.95053943],[2.08182123]
[3.33170906],[0.9440522],[2.07843968]
[3.36195344],[0.94042703],[2.04802152]
[3.31165122],[0.93595972],[2.0270621]
[3.30305025],[0.93139531],[2.01643764]
[3.28847367],[0.92761059],[2.00345585]
[3.28011445],[0.92304735],[1.99607659]
[3.27571918],[0.91832944],[1.98690695]
[3.26806243],[0.91315653],[1.98011342]
[3.25446818],[0.90882569],[1.96893663]
[3.24692614],[0.90561636],[1.95040669]
[3.21571018],[0.90317198],[1.91256623]
[3.15753818],[0.90177025],[1.88348082]
[3.11147383],[0.90204834],[1.86176912]
[3.06506343],[0.90124026],[1.83646572]
[3.01176905],[0.89834009],[1.80725261]
[2.95618184],[0.89283316],[1.77501399]
[2.91347723],[0.88790569],[1.74255213]
[2.86385539],[0.88303475],[1.71028868]
[2.80474133],[0.8776953],[1.67496652]
[2.75492203],[0.86278577],[1.62800575]
[2.70358819],[0.84481591],[1.5827941]
[0.],[0.],[0.]
[0.],[0.],[0.]
[0.94067522],[0.37070592],[0.28786173]
[1.61558774],[0.59571948],[0.69548771]
[1.75323284],[0.78657554],[0.96279464]
[1.9546653],[1.00267183],[1.37697337]
[2.13517084],[1.20629851],[1.74309728]
[2.33291781],[1.3020899],[2.13450582]
[2.54576533],[1.35306466],[2.44824713]
[2.6919434],[1.39364381],[2.6936494]
[2.72948507],[1.43049615],[2.9152726]
[2.7926392],[1.44249326],[3.00543284]
[2.66673427],[1.45493107],[3.15440874]
[2.71166309],[1.45869946],[3.08050388]
[2.81813524],[1.44969067],[3.06437865]
[2.91686304],[1.44277894],[2.97879491]
[3.00919738],[1.4370439],[3.01527055]
[3.05648665],[1.43105259],[2.91479256]
[3.10197401],[1.41030431],[2.89101753]
[3.21902862],[1.38759618],[2.78720905]
[3.22996694],[1.32226668],[2.71012534]
[3.3497897],[1.26758822],[2.59813598]
[3.32282109],[1.20319096],[2.50282386]
[3.42887499],[1.15987608],[2.43691251]
[3.37398182],[1.12010765],[2.37514648]
[3.4574055],[1.08593367],[2.31774289]
[3.40722368],[1.05882863],[2.26897178]
[3.481186],[1.03961419],[2.23697417]
[3.40499182],[1.01599884],[2.19168529]
[3.4681864],[0.9982896],[2.17552519]
[3.39870662],[0.98457575],[2.14342566]
[3.45698926],[0.97421586],[2.15374832]
[3.42035218],[0.96677786],[2.16828891]
[3.45287536],[0.95868395],[2.17103489]
[3.40443938],[0.95450861],[2.16610798]
[3.42644017],[0.95108599],[2.15762126]
[3.37928854],[0.94790349],[2.13605281]
[3.36530371],[0.94412021],[2.12376735]
[3.34791374],[0.93987059],[2.10954873]
[3.3371892],[0.93542887],[2.10138716]
[3.33325224],[0.93059751],[2.09105938]
[3.32432449],[0.92507401],[2.08196375]
[3.31221931],[0.92126926],[2.06834668]
[3.30748671],[0.91996301],[2.04949121]
[3.28606372],[0.91777103],[2.01499097]
[3.22747364],[0.91812763],[1.97383884]
[3.18330565],[0.91928919],[1.95511718]
[3.14195565],[0.9180704],[1.93387286]
[3.0942308],[0.91536207],[1.90828086]
[3.04159912],[0.91101278],[1.87533534]
[3.00041604],[0.90750571],[1.84270087]
[2.95629687],[0.9038004],[1.80970079]
[2.89904596],[0.90003279],[1.77555007]
[2.85042183],[0.89511731],[1.73455988]
[2.8015549],[0.8837533],[1.68986365]
[0.],[0.],[0.]
[0.],[0.],[0.]
[0.92053929],[0.36237455],[0.28679958]
[1.60531846],[0.61875333],[0.71422943]
[1.72378128],[0.8157111],[0.97419057]
[1.91987421],[1.05445028],[1.50115775]
[2.10002688],[1.25528802],[1.8989048]
[2.30034656],[1.31550292],[2.27140853]
[2.52641157],[1.36474981],[2.59278003]
[2.66304361],[1.40372742],[2.78231588]
[2.62989652],[1.43836709],[2.9584046]
[2.54493293],[1.4482129],[2.94667484]
[2.7727833],[1.44970216],[2.99597354]
[2.88408445],[1.4524988],[2.91330842]
[2.99679373],[1.44393409],[2.99920556]
[3.04622472],[1.43616229],[2.89941453]
[3.08879134],[1.40887112],[2.8621975]
[3.19843817],[1.38168666],[2.73264068]
[3.21795499],[1.31220762],[2.67448008]
[3.33627123],[1.25841072],[2.56282693]
[3.32320486],[1.19886338],[2.51606797]
[3.43797365],[1.15768519],[2.45479267]
[3.39856844],[1.11794044],[2.39615038]
[3.49281372],[1.08953094],[2.36865995]
[3.43717445],[1.06095441],[2.32276563]
[3.5177047],[1.03668301],[2.31182177]
[3.46883222],[1.01100971],[2.26630554]
[3.53842141],[0.99937341],[2.26114397]
[3.46997731],[0.986562],[2.22499081]
[3.52729362],[0.97743652],[2.22891295]
[3.46488293],[0.96822611],[2.19830396]
[3.51927466],[0.96433892],[2.22088164]
[3.49578052],[0.95826691],[2.23992802]
[3.51938041],[0.95744443],[2.25064686]
[3.48003864],[0.95477025],[2.24491006]
[3.49275036],[0.95176529],[2.23617277]
[3.45428089],[0.94814886],[2.22132341]
[3.43682684],[0.94420726],[2.21420779]
[3.41905306],[0.94113941],[2.2000359]
[3.4087147],[0.9375294],[2.19300128]
[3.40423027],[0.93598239],[2.18593215]
[3.39463],[0.93303491],[2.17877709]
[3.37840234],[0.93128736],[2.16358429]
[3.37456571],[0.93101378],[2.14897911]
[3.3570719],[0.93179208],[2.11812796]
[3.30508761],[0.93282849],[2.07451505]
[3.25880858],[0.93349115],[2.04573179]
[3.21784614],[0.93192624],[2.02212889]
[3.17613335],[0.92937586],[2.00139156]
[3.13385431],[0.92491838],[1.97451349]
[3.09675458],[0.92065796],[1.94242097]
[3.05358025],[0.91676061],[1.90725752]
[2.99827037],[0.91319317],[1.86861748]
[2.95131083],[0.90960647],[1.83033371]
[2.90351344],[0.9056016],[1.78949563]
[0.],[0.],[0.]
[0.],[0.],[0.]
[0.93669967],[0.39411321],[0.31532657]
[1.6375212],[0.64543411],[0.76547502]
[1.74408638],[0.88060241],[1.04559643]
[1.96418266],[1.18253973],[1.83544194]
[2.13169607],[1.31228586],[2.20170102]
[2.33409859],[1.3681936],[2.52678878]
[2.56416784],[1.41239826],[2.81150026]
[2.68105134],[1.44617157],[2.95542695]
[2.5835568],[1.47182774],[3.10699817]
[2.72856285],[1.47847822],[3.09470382]
[2.94202743],[1.47996667],[3.14146568]
[3.05327649],[1.48373785],[3.07875176]
[3.07643347],[1.47135005],[3.07730314]
[3.17104747],[1.45669319],[3.00524409]
[3.19757287],[1.42864838],[2.98002841]
[3.30898686],[1.40203372],[2.85363612]
[3.30224462],[1.32734682],[2.78327522]
[3.41555754],[1.26648589],[2.67407417]
[3.40814345],[1.20961301],[2.62615119]
[3.52261178],[1.16897261],[2.57794922]
[3.48485773],[1.13038928],[2.53007072]
[3.56095417],[1.10127059],[2.50769336]
[3.5211328],[1.07374266],[2.47590762]
[3.58488378],[1.04801478],[2.45442573]
[3.55068806],[1.02450293],[2.41295431]
[3.6058646],[1.01288357],[2.39905734]
[3.55309113],[1.00013858],[2.36622232]
[3.59529796],[0.99099169],[2.35818512]
[3.54686266],[0.98167564],[2.33079529]
[3.59006923],[0.9786121],[2.3407942]
[3.5774375],[0.97266506],[2.36260506]
[3.59096085],[0.97189907],[2.36164574]
[3.56316199],[0.96919436],[2.36372384]
[3.56578276],[0.96612182],[2.34367631]
[3.53710473],[0.96252565],[2.32725484]
[3.51498368],[0.95858292],[2.3144708]
[3.49693244],[0.95545788],[2.2985372]
[3.4864278],[0.95315379],[2.29139005]
[3.48210921],[0.95260549],[2.28528485]
[3.47415208],[0.94973819],[2.27767962]
[3.45756797],[0.94777999],[2.26200717]
[3.45128446],[0.94743336],[2.24325549]
[3.43555712],[0.9484638],[2.20662065]
[3.38524022],[0.94934024],[2.16043146]
[3.33962445],[0.94914766],[2.1394721]
[3.30069],[0.9472333],[2.11691904]
[3.25999268],[0.94499896],[2.09691716]
[3.2228428],[0.940687],[2.07266337]
[3.19412895],[0.9364629],[2.04415836]
[3.15916059],[0.93268036],[2.0125754]
[3.11046157],[0.92920644],[1.97423244]
[3.07102519],[0.92563013],[1.93883641]
[3.02505622],[0.92170875],[1.89626715]
[0.],[0.],[0.]
[0.],[0.],[0.]
[0.94963456],[0.41328877],[0.33672955]
[1.66501919],[0.67076772],[0.80484425]
[1.76759302],[0.99887154],[1.24300591]
[2.00973107],[1.26096902],[2.0349371]
[2.17796553],[1.34940237],[2.40842653]
[2.37147972],[1.39702825],[2.67797612]
[2.60105003],[1.43661894],[2.93143968]
[2.69102257],[1.46667148],[3.06753369]
[2.69664269],[1.48967708],[3.18567995]
[2.87594892],[1.49678553],[3.19079398]
[3.05450821],[1.50385911],[3.23951852]
[3.13045988],[1.50587571],[3.1599677]
[3.15111305],[1.49128533],[3.17661312]
[3.25395255],[1.47506997],[3.1168516]
[3.27284426],[1.44472037],[3.07089986]
[3.37942449],[1.41892882],[2.97239333]
[3.36583388],[1.33737442],[2.88834154]
[3.48711151],[1.27251573],[2.79352609]
[3.47555456],[1.21512229],[2.73583649]
[3.58116824],[1.17534643],[2.70249113]
[3.54999512],[1.1376283],[2.66130929]
[3.61559017],[1.10966805],[2.63476164]
[3.58658879],[1.08349931],[2.61613585]
[3.63903504],[1.05680217],[2.59365058]
[3.61457424],[1.03482742],[2.56594746]
[3.66221659],[1.02329346],[2.55116794]
[3.61917281],[1.01028909],[2.51913282]
[3.65419269],[1.0013901],[2.51833087]
[3.61104398],[0.99351463],[2.49649882]
[3.64582648],[0.99062759],[2.49671122]
[3.64256584],[0.98396915],[2.56826424]
[3.64880052],[0.98382956],[2.52230344]
[3.63016754],[0.98109197],[2.56612716]
[3.62638865],[0.97803619],[2.50829222]
[3.60414472],[0.97458042],[2.48998863]
[3.57826496],[0.97058634],[2.48761429]
[3.56135894],[0.96746856],[2.4725195]
[3.54965208],[0.96610993],[2.47375288]
[3.54422158],[0.96588263],[2.47216837]
[3.53536686],[0.96483368],[2.46786878]
[3.51990249],[0.96235894],[2.44938709]
[3.51317377],[0.96199938],[2.4158824]
[3.49942877],[0.96238076],[2.35451895]
[3.45179174],[0.96307497],[2.27271737]
[3.4059568],[0.96197951],[2.23579257]
[3.36563772],[0.95994372],[2.20468053]
[3.32531154],[0.95780814],[2.17966601]
[3.28706817],[0.95354914],[2.15406064]
[3.2616877],[0.94918182],[2.13253539]
[3.23036092],[0.9450989],[2.10547677]
[3.18841541],[0.94149133],[2.06952312]
[3.15389473],[0.93820378],[2.03790711]
[3.11836196],[0.9344725],[1.99489526]
[0.],[0.],[0.]
[0.],[0.],[0.]
[0.9292511],[0.39727908],[0.3310258]
[1.64548945],[0.68537478],[0.79491972]
[1.72864829],[1.0728941],[1.34810252]
[1.99863698],[1.27349404],[2.11301052]
[2.25752645],[1.35100989],[2.47335069]
[2.38024863],[1.39280524],[2.69855371]
[2.50986467],[1.43019496],[2.914743]
[2.54132995],[1.45937023],[2.88658407]
[2.77570553],[1.48052495],[2.93860574]
[2.96648818],[1.485803],[3.00791366]
[3.12140984],[1.49062969],[3.11384977]
[3.21259459],[1.48242949],[3.04596118]
[3.22387518],[1.45325464],[3.02549372]
[3.33356828],[1.42504709],[2.92908578]
[3.33951439],[1.34019946],[2.87120292]
[3.44525955],[1.27138334],[2.7463746]
[3.43182866],[1.2121871],[2.69975]
[3.55314748],[1.17402242],[2.66638102]
[3.5422108],[1.13703095],[2.65523652]
[3.6341069],[1.11021285],[2.65220352]
[3.61568179],[1.08423533],[2.64952006]
[3.66833551],[1.05860833],[2.67048273]
[3.65307],[1.03918887],[2.70445427]
[3.69133656],[1.04830191],[2.70528386]
[3.67986675],[1.01768289],[2.69699424]
[3.71486529],[1.03403864],[2.69029407]
[3.68688166],[1.00774936],[2.67346018]
[3.71054846],[1.02481378],[2.67987628]
[3.68003697],[1.00058344],[2.67022782]
[3.70305281],[1.01640779],[2.66676195]
[3.70795213],[1.00366637],[2.73773391]
[3.70634675],[1.00899403],[2.6895471]
[3.69867766],[0.99913083],[2.73973214]
[3.68605827],[0.99550299],[2.67697971]
[3.67236949],[0.99338186],[2.66158049]
[3.64279382],[0.99240649],[2.66337198]
[3.62696687],[0.99261095],[2.65614283]
[3.61532726],[0.99230434],[2.6671659]
[3.60955087],[0.9919985],[2.67113006]
[3.60188181],[0.99345612],[2.67326279]
[3.58659843],[0.98734324],[2.67051895]
[3.57776767],[0.97707371],[2.64330984]
[3.56662881],[0.97693425],[2.57687899]
[3.52288397],[0.97660136],[2.45894526]
[3.47658824],[0.97381573],[2.38381035]
[3.43655448],[0.97078447],[2.32374037]
[3.39906383],[0.9684683],[2.27257305]
[3.3584478],[0.96471243],[2.23883939]
[3.32946354],[0.96065681],[2.21209926]
[3.30026649],[0.95631702],[2.18755536]
[3.26237864],[0.95262828],[2.15402524]
[3.23168806],[0.94881076],[2.1263747]
[3.20226415],[0.94498381],[2.08723842]
[0.],[0.],[0.]
[0.],[0.],[0.]
[0.95576317],[0.4308767],[0.35914384]
[1.67396634],[0.68549561],[0.81613723]
[1.75530174],[1.14242027],[1.51390477]
[2.04082628],[1.31548906],[2.2205884]
[2.33270538],[1.38192111],[2.58140638]
[2.44779145],[1.41789779],[2.79970458]
[2.57588479],[1.45263648],[2.98772309]
[2.65169317],[1.48007543],[2.96032644]
[2.87654236],[1.49787665],[3.04121443]
[3.07359583],[1.50598048],[3.1253517]
[3.20883756],[1.51169667],[3.2137726]
[3.31472879],[1.50069012],[3.15504607]
[3.30935766],[1.47217108],[3.13684573]
[3.41436936],[1.44388242],[3.05633574]
[3.41786371],[1.35757331],[2.96881688]
[3.52471884],[1.28723993],[2.86867861]
[3.51564962],[1.22657575],[2.82346022]
[3.63166369],[1.18726532],[2.79838085]
[3.63023004],[1.14841393],[2.7927077]
[3.70021874],[1.12148625],[2.81556173]
[3.69563046],[1.09419043],[2.84605504]
[3.73395834],[1.09647219],[2.86426454]
[3.73351162],[1.0747109],[2.90067204]
[3.75689822],[1.08991757],[2.89420041]
[3.75811831],[1.06247141],[2.89368291]
[3.7801008],[1.07546789],[2.88232897]
[3.76583973],[1.05134126],[2.87106482]
[3.77721168],[1.0655305],[2.87223135]
[3.76045013],[1.04269345],[2.86710174]
[3.76928033],[1.05585174],[2.85480729]
[3.78390611],[1.04334943],[2.88597157]
[3.77175812],[1.04738426],[2.87487513]
[3.77502459],[1.0373764],[2.8774973]
[3.75375316],[1.03349732],[2.86338844]
[3.74941703],[1.03139183],[2.84855291]
[3.71586029],[1.0310695],[2.84697904]
[3.70079396],[1.03079873],[2.84179938]
[3.68963617],[1.03048227],[2.84136807]
[3.68455244],[1.03016761],[2.83982977]
[3.67744046],[1.03184872],[2.83610215]
[3.65968923],[1.02615157],[2.82561229]
[3.64943183],[1.01610658],[2.80329222]
[3.64030262],[1.00583176],[2.76458332]
[3.60122854],[0.99508171],[2.70319035]
[3.5545466],[0.99222664],[2.640297]
[3.51333209],[0.98953079],[2.55331794]
[3.47798298],[0.98628995],[2.45859431]
[3.43711585],[0.98184198],[2.38532155]
[3.40792642],[0.97641927],[2.32846463]
[3.37514142],[0.97100183],[2.27950373]
[3.33469245],[0.96579797],[2.23940073]
[3.30483926],[0.96196353],[2.21133667]
[3.28001529],[0.95821775],[2.17677356]
[0.],[0.],[0.]
[0.],[0.],[0.]
[0.98082918],[0.47001978],[0.38910166]
[1.70127338],[0.69881534],[0.84756362]
[1.79565902],[1.15721039],[1.5946114]
[2.08032678],[1.33030524],[2.27401723]
[2.42173121],[1.39908702],[2.68262535]
[2.5189566],[1.43206004],[2.8806299]
[2.64436681],[1.46704024],[3.03933151]
[2.75785056],[1.49463304],[3.03902948]
[2.96319763],[1.51634993],[3.15206327]
[3.15762471],[1.52631523],[3.23433509]
[3.28782491],[1.5295327],[3.31454789]
[3.39708868],[1.51627028],[3.26878083]
[3.3845083],[1.48913438],[3.24483542]
[3.48533223],[1.45946944],[3.1759427]
[3.48346877],[1.37455929],[3.08992459]
[3.59374695],[1.30513114],[3.01023013]
[3.58348278],[1.24342948],[2.97837448]
[3.68997154],[1.19995907],[2.99302869]
[3.69823803],[1.16185703],[3.01578324]
[3.75732516],[1.1386627],[3.03492146]
[3.76316258],[1.12234051],[3.06345975]
[3.7917907],[1.14624003],[3.07038293]
[3.79875551],[1.12765007],[3.10506639]
[3.81450695],[1.14097181],[3.09744363]
[3.82226595],[1.11526832],[3.0964487]
[3.83696841],[1.12562223],[3.07948198]
[3.82936607],[1.10267672],[3.07085652]
[3.83564819],[1.11370537],[3.06016955]
[3.82468712],[1.09274531],[3.0533962]
[3.82676201],[1.10372224],[3.03880961]
[3.8490755],[1.09179149],[3.03819478]
[3.82907815],[1.09514621],[3.04643149]
[3.84278513],[1.08602947],[3.03136674]
[3.81371756],[1.08209087],[3.0272924]
[3.81685116],[1.08077178],[3.01036589]
[3.77957936],[1.08047026],[3.00480946]
[3.76469685],[1.08021605],[3.00151081]
[3.75303061],[1.07992086],[2.99925261]
[3.74628071],[1.07962887],[2.99765317]
[3.73898028],[1.08137717],[2.99384769]
[3.72084173],[1.07659522],[2.98250896]
[3.71080442],[1.06740238],[2.9626528]
[3.70224899],[1.05862328],[2.9288737]
[3.66584804],[1.04830718],[2.87498868]
[3.61911095],[1.03801719],[2.82109107]
[3.57912707],[1.02735025],[2.76937217]
[3.54511413],[1.01674779],[2.71571941]
[3.5042831],[1.00306288],[2.65740652]
[3.47324183],[0.98995285],[2.59145368]
[3.44119276],[0.98371909],[2.51433649]
[3.40070832],[0.97856627],[2.40102366]
[3.36663184],[0.97351834],[2.33868774]
[3.33869497],[0.96883558],[2.26224018]
[0.],[0.],[0.]
[0.],[0.],[0.]
[1.00043227],[0.4990626],[0.41773908]
[1.72220907],[0.71758018],[0.87744332]
[1.81530904],[1.17037972],[1.62650324]
[2.1259486],[1.34176373],[2.35099264]
[2.49517873],[1.41315316],[2.76299066]
[2.60455426],[1.44460633],[2.97046148]
[2.73857982],[1.47944694],[3.10700845]
[2.8760987],[1.50717644],[3.13106413]
[3.06014842],[1.53110282],[3.25783781]
[3.24766544],[1.54292196],[3.33231235]
[3.37441763],[1.54341299],[3.40591439]
[3.47701338],[1.53093431],[3.36263432]
[3.45829201],[1.5054169],[3.3364571]
[3.56378655],[1.471316],[3.28193941]
[3.55607407],[1.38207044],[3.19048448]
[3.66117368],[1.31540673],[3.1442919]
[3.65621352],[1.25470276],[3.17873894]
[3.74962607],[1.21405451],[3.18032713]
[3.77025765],[1.17636641],[3.19838062]
[3.81806881],[1.17465417],[3.20491558]
[3.83370509],[1.16053532],[3.23827809]
[3.85290075],[1.18214262],[3.23205611]
[3.86774459],[1.16333826],[3.25688343]
[3.87595473],[1.17659252],[3.24002794]
[3.89102041],[1.15231087],[3.23564996]
[3.89752764],[1.1613103],[3.21508818]
[3.89630529],[1.13904015],[3.20786505]
[3.89497408],[1.14852132],[3.18945652]
[3.89102036],[1.12825303],[3.18020179]
[3.88523658],[1.13732643],[3.16348183]
[3.91586697],[1.12594944],[3.15181456]
[3.8871681],[1.12926248],[3.16512519]
[3.90963885],[1.12071324],[3.1504172]
[3.87290042],[1.11689601],[3.14826536]
[3.88396697],[1.1163575],[3.13442664]
[3.84266024],[1.11600535],[3.12688516]
[3.8277715],[1.11574947],[3.12405847]
[3.81601056],[1.11587058],[3.12243703]
[3.80846334],[1.11558331],[3.12101537]
[3.80052179],[1.11755402],[3.11531252]
[3.78283921],[1.11311238],[3.09929594]
[3.77265607],[1.10420795],[3.08017513]
[3.76461942],[1.09509549],[3.04668288]
[3.73079754],[1.08505297],[2.99488485]
[3.68393289],[1.07476045],[2.94212407]
[3.64504542],[1.0642032],[2.89257262]
[3.61224646],[1.05376661],[2.84329211]
[3.57153383],[1.04049043],[2.79039724]
[3.53942542],[1.0280898],[2.73659545]
[3.50693937],[1.01501936],[2.68119143]
[3.46656793],[0.98836543],[2.61095594]
[3.43254453],[0.98268523],[2.52686874]
[3.4025376],[0.97796541],[2.44251759]
[0.],[0.],[0.]
[0.],[0.],[0.]
[0.96837138],[0.47804708],[0.40825268]
[1.67867799],[0.72402955],[0.84759697]
[1.79243346],[1.15986415],[1.58390242]
[2.21561019],[1.33210804],[2.36310115]
[2.56277942],[1.41177518],[2.72778957]
[2.66409761],[1.44333702],[2.8264565]
[2.83563455],[1.47909519],[2.945236]
[2.97758269],[1.50727121],[3.02460807]
[3.14429648],[1.52368973],[3.16912997]
[3.34054474],[1.52139306],[3.20838147]
[3.4578547],[1.50625532],[3.23911275]
[3.55645538],[1.47605377],[3.18877991]
[3.53638844],[1.39550962],[3.14014533]
[3.64175853],[1.32972291],[3.09395811]
[3.63360147],[1.2654735],[3.15246152]
[3.72724327],[1.22463202],[3.16690439]
[3.72984826],[1.18402692],[3.18645719]
[3.81051472],[1.15870349],[3.22200275]
[3.84701375],[1.1572522],[3.26134692]
[3.88238446],[1.18508074],[3.26599771]
[3.90537739],[1.17493455],[3.30590803]
[3.9168526],[1.19440681],[3.31002807]
[3.94097611],[1.18116603],[3.33877973]
[3.93985444],[1.19731361],[3.32820741]
[3.96357107],[1.17682018],[3.33458153]
[3.96485569],[1.18451265],[3.32177147]
[3.96829308],[1.16433571],[3.31282854]
[3.96618608],[1.17269252],[3.30283998]
[3.96526747],[1.15445311],[3.28527037]
[3.95403378],[1.16254698],[3.27640577]
[3.99286686],[1.15353735],[3.2641286]
[3.95311895],[1.15860544],[3.28190017]
[3.98557951],[1.1526157],[3.273339]
[3.93734748],[1.15069224],[3.27308256]
[3.95463223],[1.14984073],[3.26045889]
[3.90660309],[1.14903968],[3.24903782]
[3.88913274],[1.14844377],[3.24571694]
[3.87556699],[1.14929981],[3.24291834]
[3.86610985],[1.15034726],[3.24303643]
[3.85699306],[1.15262538],[3.23859384]
[3.83820239],[1.14882125],[3.2226386]
[3.82636789],[1.14011192],[3.2000512]
[3.81760205],[1.13111602],[3.16399877]
[3.78610922],[1.12106792],[3.11423425]
[3.73809482],[1.11109],[3.06191136]
[3.69728417],[1.10073993],[3.01328512]
[3.66356289],[1.09028623],[2.96668915]
[3.62073672],[1.07697927],[2.91343667]
[3.58650554],[1.06443076],[2.86045465]
[3.55259251],[1.05140299],[2.80705777]
[3.51085739],[1.0291841],[2.74326498]
[3.47536557],[0.99826295],[2.67696747]
[3.44532252],[0.98928835],[2.61035249]
[0.],[0.],[0.]
[0.],[0.],[0.]
[0.97977085],[0.49712521],[0.42739223]
[1.696935],[0.73418841],[0.87542015]
[1.8065892],[1.20708761],[1.66507247]
[2.35188291],[1.36357193],[2.49222709]
[2.64917348],[1.43918459],[2.83487802]
[2.7188655],[1.46872892],[2.90865542]
[2.94241835],[1.50172383],[3.07176532]
[3.09647129],[1.52934268],[3.15569589]
[3.24349295],[1.5468802],[3.29202291]
[3.45296059],[1.54397485],[3.32660862]
[3.54310898],[1.51871246],[3.34057607]
[3.64899595],[1.48651525],[3.32168417]
[3.63021005],[1.40937381],[3.32788598]
[3.72828769],[1.34345059],[3.36466751]
[3.72835817],[1.28004704],[3.3802022]
[3.81073895],[1.23809479],[3.36686696]
[3.82181847],[1.20025458],[3.37529506]
[3.88340329],[1.19345321],[3.38433616]
[3.93452407],[1.192607],[3.42093832]
[3.9512127],[1.21941344],[3.41956238]
[3.97547466],[1.21174415],[3.45558729]
[3.98046635],[1.22996468],[3.46152866]
[4.00906081],[1.22157126],[3.49015412]
[4.01893227],[1.23815728],[3.50592265]
[4.04190015],[1.21702973],[3.50185023]
[4.03928801],[1.21994718],[3.49697319]
[4.05028951],[1.19949251],[3.4786265]
[4.03435562],[1.2043476],[3.46194401]
[4.04614012],[1.1864817],[3.44194531]
[4.02755707],[1.19254202],[3.43199813]
[4.06767934],[1.1832585],[3.41452758]
[4.02879485],[1.18713757],[3.43329874]
[4.05919341],[1.18101889],[3.41900824]
[4.01334025],[1.17842589],[3.41988612]
[4.02959926],[1.17721289],[3.40109884]
[3.98294354],[1.17607588],[3.38466247]
[3.96469571],[1.17516278],[3.37717866]
[3.9495102],[1.17575663],[3.3707076]
[3.9370028],[1.17635795],[3.36602984]
[3.92605715],[1.17812427],[3.35682756]
[3.90341807],[1.17390196],[3.33409871]
[3.88986134],[1.16453446],[3.3067947]
[3.87834983],[1.15539422],[3.26417803]
[3.83803126],[1.14490519],[3.20069623]
[3.79205063],[1.13459973],[3.14704549]
[3.75294204],[1.12377223],[3.0979821]
[3.71891403],[1.1133414],[3.05108054]
[3.67504759],[1.10024576],[2.99838837]
[3.64087894],[1.08795366],[2.94721063]
[3.60719864],[1.07493706],[2.89428988]
[3.56331477],[1.05324868],[2.83131164]
[3.52748641],[1.02396235],[2.76778247]
[3.49603649],[1.00150794],[2.70775337]
[0.],[0.],[0.]
[0.],[0.],[0.]
[0.98333381],[0.50228053],[0.43363142]
[1.69729592],[0.73796507],[0.88264389]
[1.80069263],[1.2115386],[1.65910485]
[2.42060046],[1.37194886],[2.56294625]
[2.70492595],[1.45343023],[2.9185997]
[2.81671498],[1.48330606],[3.00980084]
[3.02982591],[1.51643625],[3.17966967]
[3.18314489],[1.54754408],[3.27509111]
[3.31355582],[1.56719459],[3.41514689]
[3.52009144],[1.56006717],[3.45277224]
[3.59692633],[1.53848024],[3.46417598]
[3.70500619],[1.50627074],[3.49204755]
[3.67929432],[1.43741428],[3.60848923]
[3.77274032],[1.36771018],[3.58014933]
[3.77618418],[1.30214166],[3.56412535]
[3.85104191],[1.25943604],[3.53731113]
[3.86791011],[1.2228641],[3.54009118]
[3.92104056],[1.23907953],[3.53803791]
[3.98081581],[1.23676473],[3.58543267]
[3.99870178],[1.26273931],[3.59577773]
[4.02758049],[1.26141122],[3.64668274]
[4.04605569],[1.28565503],[3.69722984]
[4.08733604],[1.2808592],[3.75704007]
[4.08779634],[1.29749242],[3.77616462]
[4.13614095],[1.27400581],[3.78658565]
[4.12140784],[1.28000056],[3.7637017]
[4.15557482],[1.25268093],[3.75035739]
[4.13655851],[1.25851587],[3.70830929]
[4.15187542],[1.23393094],[3.68026996]
[4.10753738],[1.23963548],[3.64118608]
[4.15050172],[1.22689575],[3.61524587]
[4.09515957],[1.22724013],[3.61076868]
[4.1231627],[1.21857325],[3.5878405]
[4.06761391],[1.21527634],[3.5758123]
[4.07938229],[1.21303526],[3.55619457]
[4.04074611],[1.21157954],[3.54050931]
[4.02839027],[1.21016209],[3.53514281]
[4.01615442],[1.2103934],[3.52961671]
[4.00440454],[1.21051309],[3.52427155]
[3.99390084],[1.21167715],[3.5136548]
[3.97682891],[1.20695462],[3.49272249]
[3.96490578],[1.19707464],[3.46547501]
[3.95634427],[1.18780354],[3.41968136]
[3.91029033],[1.17757212],[3.34246741]
[3.83341908],[1.16772077],[3.26170707]
[3.79583717],[1.15725963],[3.20904933]
[3.76203263],[1.14720628],[3.16104806]
[3.71762413],[1.13458904],[3.10915825]
[3.68289367],[1.12269511],[3.05963833]
[3.64934247],[1.11138278],[3.01295223]
[3.60553636],[1.09138122],[2.95120089]
[3.56877114],[1.06398311],[2.88890302]
[3.5366041],[1.03472599],[2.82845461]
[0.],[0.],[0.]
[0.],[0.],[0.]
[0.99362803],[0.51291113],[0.44354487]
[1.70404337],[0.74310245],[0.89484507]
[1.79525774],[1.21096354],[1.64727802]
[2.45503679],[1.37473884],[2.5993615]
[2.73777945],[1.45895064],[2.95935576]
[2.86038881],[1.4887715],[3.05891486]
[3.08322017],[1.5225888],[3.24043248]
[3.23160863],[1.55556293],[3.33887857]
[3.34999571],[1.57639354],[3.47880456]
[3.5540525],[1.5673806],[3.52510644]
[3.62993865],[1.55118248],[3.53402315]
[3.73914677],[1.52068463],[3.60467923]
[3.71097132],[1.46180515],[3.71963445]
[3.80117159],[1.38848794],[3.68009769]
[3.80365581],[1.32041258],[3.66175811]
[3.87364911],[1.27589631],[3.62347404]
[3.89319617],[1.25243377],[3.63565043]
[3.94477684],[1.27005933],[3.64133343]
[4.0087367],[1.27557424],[3.71858795]
[4.03762106],[1.30809879],[3.76639204]
[4.0725108],[1.30748777],[3.84419183]
[4.08826946],[1.32969597],[3.89227281]
[4.15289464],[1.32173654],[3.96962335]
[4.15233809],[1.33946666],[3.98369896]
[4.21346531],[1.31757928],[4.01336374]
[4.20901508],[1.3228708],[4.04029768]
[4.23875157],[1.29618472],[3.98868516]
[4.22538858],[1.3022649],[3.96946744]
[4.24019389],[1.27898376],[3.90909256]
[4.1985956],[1.285485],[3.87233802]
[4.22930039],[1.27115892],[3.83729537]
[4.1753576],[1.2734123],[3.82255179]
[4.20120424],[1.26261861],[3.79637856]
[4.13143337],[1.25719631],[3.75847235]
[4.14992091],[1.25288014],[3.7376729]
[4.09600395],[1.24851962],[3.70177686]
[4.07867722],[1.24382499],[3.68168701]
[4.06053817],[1.24081863],[3.66066827]
[4.04224603],[1.2379754],[3.64090738]
[4.02363716],[1.23630614],[3.61800746]
[4.00607565],[1.23050172],[3.58875989]
[3.99459898],[1.21704693],[3.55472191]
[3.98734489],[1.20632173],[3.5085089]
[3.95187209],[1.19564386],[3.43291823]
[3.88443196],[1.18610797],[3.35138254]
[3.81955638],[1.17740858],[3.27902181]
[3.78614002],[1.17037633],[3.23321305]
[3.74176838],[1.15840883],[3.17785489]
[3.70607603],[1.14656336],[3.1283062]
[3.67291114],[1.1336296],[3.07775579]
[3.62956919],[1.11370832],[3.01747274]
[3.59308356],[1.08668193],[2.95476616]
[3.56085099],[1.05778485],[2.89421143]
[0.],[0.],[0.]
[0.],[0.],[0.]
[0.94120775],[0.50885997],[0.40121311]
[1.646848],[0.71268451],[0.82576022]
[1.74688829],[1.18653819],[1.57702678]
[2.46653257],[1.3544658],[2.43293366]
[2.75411423],[1.44925401],[2.77966564]
[2.88541601],[1.47815187],[2.91610013]
[3.10753845],[1.50503728],[3.1169963]
[3.25554865],[1.5290073],[3.18082123]
[3.3674795],[1.53002852],[3.28478612]
[3.57092107],[1.50766917],[3.33713776]
[3.65508785],[1.4749314],[3.33707887]
[3.7657874],[1.40672654],[3.36007017]
[3.7393706],[1.32774328],[3.49835476]
[3.82552208],[1.28174434],[3.5089674]
[3.82856213],[1.23732296],[3.5221715]
[3.89495355],[1.22825371],[3.52830433]
[3.92582057],[1.24694414],[3.59275762]
[3.97580842],[1.27493096],[3.6406147]
[4.04412861],[1.28127708],[3.74178226]
[4.07589831],[1.3144139],[3.82800924]
[4.13672382],[1.31667515],[3.93146049]
[4.14929307],[1.34229928],[3.98255174]
[4.22150391],[1.33557499],[4.07549898]
[4.23978484],[1.35409801],[4.16773042]
[4.29172191],[1.33473059],[4.20173627]
[4.29386543],[1.34072699],[4.22498056]
[4.31817718],[1.31449627],[4.19953213]
[4.31031727],[1.32147439],[4.17037563]
[4.32817967],[1.29924929],[4.11988363]
[4.29048634],[1.30821942],[4.09439687]
[4.32047317],[1.29633607],[4.06079101]
[4.26467891],[1.2989373],[4.0431739]
[4.28050097],[1.2884372],[3.99885339]
[4.22192069],[1.28312312],[3.96068562]
[4.22960602],[1.27876037],[3.91269573]
[4.17388892],[1.27547723],[3.85937111]
[4.14148334],[1.27248897],[3.82734437]
[4.11645781],[1.26960015],[3.80049073]
[4.09949237],[1.26651198],[3.77563504]
[4.08200225],[1.2643621],[3.7472863]
[4.05871363],[1.2567158],[3.70873604]
[4.03758628],[1.24132876],[3.66218551]
[4.02267907],[1.22629087],[3.60269314]
[3.98740207],[1.2128496],[3.52395322]
[3.9300843],[1.20144031],[3.43730289]
[3.8721293],[1.19184495],[3.35671258]
[3.81085196],[1.18240706],[3.28172567]
[3.7667123],[1.17058084],[3.22340001]
[3.73094028],[1.16033563],[3.17075703]
[3.69749652],[1.14737204],[3.12027586]
[3.65419376],[1.12642137],[3.05961201]
[3.6177569],[1.09949848],[2.99723953]
[3.58525086],[1.07054222],[2.93538116]
[0.],[0.],[0.]
[0.],[0.],[0.]
[0.94937708],[0.51339967],[0.40911216]
[1.65299955],[0.71834109],[0.83840886]
[1.74220972],[1.22118682],[1.63668319]
[2.50877468],[1.37640681],[2.49679401]
[2.79412251],[1.46262709],[2.84842233]
[2.9229525],[1.49119878],[2.96736808]
[3.1098941],[1.51494996],[3.15766855]
[3.2698042],[1.53800985],[3.22467428]
[3.38349261],[1.53852514],[3.32780412]
[3.59138938],[1.52083991],[3.39984864]
[3.6823329],[1.48849603],[3.40435241]
[3.79245478],[1.42918024],[3.46181509]
[3.77339676],[1.34804763],[3.58036824]
[3.86073696],[1.30200222],[3.58943344]
[3.87518578],[1.25827941],[3.6177732]
[3.93717546],[1.25983481],[3.63292176]
[3.97574733],[1.27513504],[3.72176397]
[4.03660304],[1.30587157],[3.79699471]
[4.11976986],[1.30972524],[3.91669622]
[4.14722978],[1.34127577],[3.99489193]
[4.20943623],[1.34134975],[4.09405385]
[4.23872887],[1.36878391],[4.16794961]
[4.30554825],[1.35995948],[4.29811627]
[4.33249969],[1.37956362],[4.38296712]
[4.39757749],[1.35999104],[4.43161102]
[4.43273262],[1.36701343],[4.4461127]
[4.46582571],[1.34078581],[4.45003404]
[4.48113211],[1.34819072],[4.41677864]
[4.49992698],[1.32472579],[4.39005488]
[4.47072461],[1.33392572],[4.3456736]
[4.48478719],[1.32154533],[4.3286958]
[4.43242277],[1.32439885],[4.29357805]
[4.44418907],[1.31283735],[4.2694658]
[4.37158427],[1.30695027],[4.20575941]
[4.38012407],[1.30245541],[4.17590366]
[4.30205051],[1.2988076],[4.09589007]
[4.24158937],[1.29586383],[4.04440381]
[4.20840795],[1.29307145],[4.00107396]
[4.17881942],[1.29013686],[3.96202749]
[4.1519572],[1.28802051],[3.91519213]
[4.11503979],[1.28117463],[3.86427197]
[4.09252464],[1.26593444],[3.81142412]
[4.0785041],[1.24934754],[3.73592235]
[4.05425076],[1.23425075],[3.64435355]
[4.00464611],[1.22051635],[3.5500492]
[3.93703408],[1.20633344],[3.45147147]
[3.8740798],[1.19310352],[3.36341612]
[3.79902707],[1.18037752],[3.27006861]
[3.76359169],[1.16851023],[3.20867259]
[3.7299914],[1.15581185],[3.15805009]
[3.68615368],[1.13320375],[3.09527999]
[3.64927267],[1.10633924],[3.0327588]
[3.61614546],[1.07725567],[2.96751249]
[0.],[0.],[0.]
[0.],[0.],[0.]
[0.95727709],[0.5190441],[0.41801889]
[1.65903174],[0.72531412],[0.85150912]
[1.73663774],[1.22309671],[1.64127928]
[2.54717606],[1.38121814],[2.53840996]
[2.83499284],[1.46969338],[2.89678121]
[2.983598],[1.49623348],[3.02990415]
[3.1685064],[1.52141695],[3.23001175]
[3.32407981],[1.54692247],[3.30248352]
[3.42840555],[1.54708186],[3.40891563]
[3.63012059],[1.53144753],[3.48107128]
[3.71866782],[1.50456941],[3.54623417]
[3.82991267],[1.45382465],[3.62268099]
[3.81052043],[1.36082899],[3.68995908]
[3.89840793],[1.31615277],[3.70755255]
[3.91540815],[1.28705892],[3.76847797]
[3.9738352],[1.30556049],[3.80320466]
[4.02252706],[1.31411597],[3.90024155]
[4.11291866],[1.34465299],[4.00537022]
[4.20198868],[1.34509772],[4.12528891]
[4.21885045],[1.37480817],[4.18010835]
[4.28927089],[1.37000202],[4.32247754]
[4.32677109],[1.39747918],[4.44247942]
[4.38986177],[1.3879274],[4.6096456]
[4.4816149],[1.40758673],[4.65077869]
[4.55059538],[1.38906463],[4.7497308]
[4.57478989],[1.39592543],[4.7073447]
[4.59938279],[1.3712479],[4.74982684]
[4.60580063],[1.37773142],[4.68841819]
[4.62388761],[1.35468067],[4.67183284]
[4.60165346],[1.36271614],[4.61306839]
[4.60711014],[1.35067088],[4.59990047]
[4.57421772],[1.35334309],[4.56801422]
[4.56743274],[1.34202584],[4.54271567]
[4.52378332],[1.33619113],[4.48789659]
[4.51318875],[1.3315886],[4.45910593]
[4.46984567],[1.32728756],[4.39348629]
[4.41636513],[1.32417665],[4.34871329]
[4.38031813],[1.32196134],[4.30978235]
[4.34272648],[1.31899377],[4.26712281]
[4.30705069],[1.31689877],[4.22207905]
[4.25440036],[1.30945915],[4.15180374]
[4.20684882],[1.29494971],[4.08076595]
[4.16928502],[1.27884493],[3.985358]
[4.11176123],[1.26251224],[3.80703845]
[4.06376666],[1.24822928],[3.70169338]
[4.01180732],[1.23374428],[3.60564446]
[3.94839948],[1.21885149],[3.50467732]
[3.86040363],[1.20157312],[3.39099129]
[3.78085177],[1.18594149],[3.28931672]
[3.74714111],[1.17318874],[3.22306183]
[3.70229051],[1.15004023],[3.15608049]
[3.66542171],[1.12505022],[3.09478559]
[3.63213393],[1.09759855],[3.02891138]
[0.],[0.],[0.]
[0.],[0.],[0.]
[0.96631074],[0.52410099],[0.42795523]
[1.6687856],[0.73224397],[0.86633275]
[1.74071292],[1.22367825],[1.66060069]
[2.58960532],[1.38395184],[2.57727373]
[2.8833597],[1.47274946],[2.93855426]
[3.04148441],[1.49828608],[3.08347785]
[3.23260942],[1.52420805],[3.29445447]
[3.38712148],[1.55071306],[3.36310326]
[3.47844002],[1.55193973],[3.47584423]
[3.66830447],[1.53210123],[3.52791493]
[3.75806894],[1.51042152],[3.61879747]
[3.87818254],[1.46321271],[3.70492882]
[3.85999986],[1.3829741],[3.80952568]
[3.94023662],[1.34644995],[3.84108513]
[3.96545657],[1.33401693],[3.92081526]
[4.05975832],[1.34306375],[3.97831846]
[4.13878913],[1.35410464],[4.0920765]
[4.18998869],[1.37363002],[4.17644757]
[4.27654615],[1.38128271],[4.32103432]
[4.31226845],[1.40409281],[4.38523238]
[4.37483792],[1.40077326],[4.58876046]
[4.41911776],[1.42294815],[4.68751103]
[4.54735658],[1.41412004],[4.88610116]
[4.62450328],[1.43346942],[4.91907099]
[4.67416144],[1.41641857],[5.02513012]
[4.68610843],[1.42430171],[4.9730134]
[4.70724645],[1.4004109],[5.04663234]
[4.7060096],[1.40607403],[4.94896235]
[4.72582846],[1.38349209],[4.97034081]
[4.70821407],[1.39020158],[4.86962389]
[4.70977147],[1.3783382],[4.86031351]
[4.68636133],[1.3806381],[4.81462186]
[4.67381213],[1.36980916],[4.79121668]
[4.64508415],[1.36408623],[4.72416074]
[4.62583351],[1.3599928],[4.69987673]
[4.59579042],[1.35562749],[4.62689473]
[4.54750412],[1.35251684],[4.58234874]
[4.51991456],[1.34953484],[4.54372853]
[4.49044883],[1.34652098],[4.50493095]
[4.45973591],[1.34434791],[4.45799695]
[4.4170407],[1.33677077],[4.39347518]
[4.37736779],[1.3208592],[4.32438445]
[4.34422619],[1.30504773],[4.23744804]
[4.29548894],[1.28746223],[4.07984748]
[4.14389774],[1.27296899],[3.84603042]
[4.07042151],[1.25802516],[3.72779723]
[4.02079845],[1.24241209],[3.62938966]
[3.95132469],[1.22451981],[3.51699074]
[3.87294259],[1.20702556],[3.39882226]
[3.78034532],[1.18910568],[3.28719901]
[3.71925226],[1.1593605],[3.20171542]
[3.68165079],[1.13330284],[3.12739131]
[3.64803136],[1.10514801],[3.05340321]
[0.],[0.],[0.]
[0.],[0.],[0.]
[0.91710121],[0.52683531],[0.38777121]
[1.59954663],[0.68904167],[0.77282604]
[1.63854771],[1.20052042],[1.57105994]
[2.60550795],[1.36938654],[2.46081871]
[2.91127455],[1.4499158],[2.8328247]
[3.05857667],[1.46827175],[2.95943651]
[3.24452369],[1.48548245],[3.12318351]
[3.41067883],[1.49862508],[3.17324934]
[3.50236004],[1.49007178],[3.28329749]
[3.70031928],[1.46113027],[3.3266812]
[3.79947125],[1.38917077],[3.44534425]
[3.92164048],[1.34456333],[3.5693699]
[3.90330561],[1.30368281],[3.72192626]
[3.99126532],[1.29705916],[3.80193763]
[4.04853126],[1.31034753],[3.91642266]
[4.15282985],[1.34137446],[4.03222199]
[4.22423396],[1.34739483],[4.15644155]
[4.24741976],[1.37752345],[4.24725111]
[4.35104983],[1.38128041],[4.43570553]
[4.40015231],[1.40997268],[4.5846415]
[4.47419511],[1.41051873],[4.78597523]
[4.58525474],[1.43216114],[4.90573893]
[4.67098158],[1.42821799],[5.08926318]
[4.72935124],[1.44525671],[5.1458118]
[4.7690534],[1.43038624],[5.26157605]
[4.77287608],[1.43754188],[5.22262532]
[4.79095176],[1.41578297],[5.29695584]
[4.78729662],[1.42153826],[5.23367332]
[4.80629748],[1.40329262],[5.25370823]
[4.79368066],[1.41155818],[5.15007153]
[4.79266181],[1.40029055],[5.16061165]
[4.77576927],[1.40257606],[5.09535484]
[4.75889818],[1.39241929],[5.06888414]
[4.74072153],[1.38695577],[4.99279265]
[4.71938172],[1.3841316],[4.95502317]
[4.70041967],[1.38129013],[4.88688433]
[4.65860278],[1.37825675],[4.83769652]
[4.6332612],[1.37538093],[4.79455125]
[4.60758332],[1.37249032],[4.7523035]
[4.578729],[1.37045387],[4.7019985]
[4.54323684],[1.36303241],[4.62998692]
[4.50926318],[1.3473006],[4.55589683]
[4.48016797],[1.33048092],[4.47011356]
[4.43458544],[1.31352946],[4.33125002]
[4.33607671],[1.2977405],[4.1463249]
[4.1753979],[1.28248619],[3.89666275]
[4.08374892],[1.2670506],[3.76025508]
[4.02746478],[1.2494502],[3.65160549]
[3.96870832],[1.23129472],[3.53787568]
[3.89763635],[1.21277408],[3.42158752]
[3.78988898],[1.18143962],[3.2941496]
[3.72362098],[1.15033252],[3.2023578]
[3.67316147],[1.1166388],[3.11069891]
[0.],[0.],[0.]
[0.],[0.],[0.]
[0.92640034],[0.52938006],[0.39717134]
[1.61242397],[0.70484566],[0.79724894]
[1.65023525],[1.23399992],[1.67065552]
[2.6643088],[1.38753419],[2.524104]
[2.93978679],[1.45871721],[2.8859884]
[3.08936483],[1.4762255],[2.99850156]
[3.2568179],[1.49482902],[3.15104156]
[3.42374631],[1.51091434],[3.21857271]
[3.53465527],[1.50397343],[3.35536759]
[3.73120164],[1.48094559],[3.44012717]
[3.83364162],[1.41636627],[3.6100008]
[3.96567187],[1.3753579],[3.73471271]
[3.98791984],[1.34755036],[3.89206651]
[4.0893394],[1.35269803],[3.98216888]
[4.16692724],[1.3627827],[4.11081657]
[4.23278658],[1.37543749],[4.21263643]
[4.29458912],[1.39013748],[4.35837141]
[4.33859478],[1.40559061],[4.46316318]
[4.43234947],[1.4246256],[4.67919546]
[4.52987074],[1.43843308],[4.85820745]
[4.62747594],[1.45086793],[5.06757035]
[4.71102674],[1.45809984],[5.16688477]
[4.76966341],[1.46559261],[5.36665999]
[4.81441938],[1.47291927],[5.42524175]
[4.84872076],[1.46492994],[5.55317532]
[4.85099803],[1.46556905],[5.52958922]
[4.86586881],[1.44236981],[5.59015212]
[4.86094801],[1.44508353],[5.52827958]
[4.87103308],[1.42777729],[5.54770414]
[4.88363888],[1.43518517],[5.46668611]
[4.86550599],[1.42437357],[5.46453349]
[4.86511713],[1.42582363],[5.41073061]
[4.83299143],[1.41603538],[5.3729425]
[4.82116369],[1.41064564],[5.29460123]
[4.79663245],[1.40747299],[5.25686915]
[4.78440452],[1.40469189],[5.17222801]
[4.74198492],[1.40172429],[5.10399871]
[4.71868803],[1.39890904],[5.04293901]
[4.69306485],[1.39607867],[4.98823893]
[4.66705772],[1.39406836],[4.93476605]
[4.63734378],[1.38648837],[4.86555754]
[4.61041911],[1.37069344],[4.79262848]
[4.58501248],[1.35414504],[4.70387186]
[4.54224689],[1.33613463],[4.56438061]
[4.47497773],[1.32035246],[4.38058731]
[4.36558824],[1.30353548],[4.18470189]
[4.21248832],[1.2885367],[3.93686656]
[4.09210373],[1.27140094],[3.77319847]
[4.04478361],[1.25295231],[3.66518232]
[3.9924036],[1.2339999],[3.55254545]
[3.91421614],[1.20151267],[3.42400747]
[3.82052909],[1.17003853],[3.3061996]
[3.74782074],[1.13640426],[3.19766962]
[0.],[0.],[0.]
[0.],[0.],[0.]
[0.93361469],[0.52912506],[0.403024]
[1.62225149],[0.71295813],[0.81307572]
[1.66235694],[1.23787499],[1.70190126]
[2.72226182],[1.39271478],[2.58775854]
[2.98340403],[1.46717603],[2.95615601]
[3.1084442],[1.48653101],[3.07280525]
[3.29838518],[1.50793616],[3.28147984]
[3.5007743],[1.52841111],[3.37515226]
[3.6082899],[1.51948239],[3.49244795]
[3.80072454],[1.50041174],[3.63198255]
[3.91832594],[1.44734133],[3.83655581]
[4.06526177],[1.42424912],[3.96700568]
[4.09275172],[1.41610264],[4.10749924]
[4.20451622],[1.41750767],[4.22318013]
[4.27020325],[1.42297176],[4.34324143]
[4.30734406],[1.43173371],[4.45056431]
[4.38064556],[1.44243028],[4.6207703]
[4.43519068],[1.45333541],[4.8060698]
[4.563433],[1.47112314],[5.03582751]
[4.68569832],[1.48364781],[5.18699396]
[4.75032769],[1.49580183],[5.37411126]
[4.81448928],[1.50166452],[5.49172043]
[4.85965945],[1.50604384],[5.71354535]
[4.89861732],[1.5118363],[5.79258799]
[4.92971479],[1.51186959],[5.91328767]
[4.94218839],[1.50052646],[5.90140051]
[4.94142345],[1.4892806],[5.94070401]
[4.97924415],[1.47945744],[5.91348293]
[4.97507328],[1.46966597],[5.91491949]
[5.10108097],[1.46356585],[5.87122214]
[5.04746656],[1.45019399],[5.83975905]
[5.0527524],[1.45129809],[5.80101977]
[4.9524666],[1.44200895],[5.73618465]
[4.95073355],[1.43676546],[5.67293097]
[4.89848703],[1.43327416],[5.61028086]
[4.89707495],[1.43060585],[5.54438504]
[4.83448552],[1.42776216],[5.46788154]
[4.80509291],[1.42506197],[5.40751419]
[4.776427],[1.42234351],[5.34760884]
[4.74972252],[1.42038861],[5.26727121]
[4.71708024],[1.41291271],[5.16755256]
[4.69006116],[1.3973033],[5.08639066]
[4.66726259],[1.38148245],[4.99505499]
[4.62794408],[1.36397369],[4.84958614]
[4.57411997],[1.34723014],[4.66003297]
[4.48820033],[1.33007357],[4.4531376]
[4.37363396],[1.31449524],[4.26189187]
[4.19903839],[1.29777988],[3.99652109]
[4.09873472],[1.27973895],[3.81063892]
[4.05626312],[1.26019653],[3.70184097]
[3.99405617],[1.22987044],[3.58129122]
[3.92288045],[1.19928654],[3.45675912]
[3.83282138],[1.16645316],[3.33067248]
[0.],[0.],[0.]
[0.],[0.],[0.]
[0.94604935],[0.52914835],[0.41204864]
[1.63932717],[0.72189244],[0.83600631]
[1.68874179],[1.23807807],[1.73597417]
[2.75714026],[1.39656189],[2.6426209]
[2.99505764],[1.47628224],[3.00860389]
[3.1283613],[1.49816527],[3.16026427]
[3.32357308],[1.5219452],[3.38347948]
[3.55556231],[1.54491644],[3.54645134]
[3.68975016],[1.53737164],[3.71566181]
[3.9039498],[1.51945229],[3.86003121]
[4.02052705],[1.49031261],[4.05546341]
[4.17599509],[1.48794724],[4.17683801]
[4.21675284],[1.47280995],[4.32435348]
[4.30302084],[1.47024918],[4.43002759]
[4.35698695],[1.47201125],[4.58153562]
[4.39531512],[1.47571735],[4.67091333]
[4.47043753],[1.48286279],[4.88058276]
[4.56102642],[1.4929871],[5.094425]
[4.70754769],[1.51121818],[5.34165202]
[4.81130717],[1.52279905],[5.47057987]
[4.85535084],[1.53461874],[5.67114166]
[4.90499725],[1.53966858],[5.80725255]
[4.94374],[1.54055852],[6.04188616]
[4.99392222],[1.54968515],[6.13809387]
[5.04003884],[1.55006357],[6.26960624]
[5.18856101],[1.53856453],[6.31490446]
[5.15848392],[1.52661913],[6.34629629]
[5.30212484],[1.51621823],[6.35832448]
[5.27633658],[1.50604314],[6.33406998]
[5.36883719],[1.49963328],[6.3181953]
[5.37050756],[1.48113794],[6.26477511]
[5.34900138],[1.48103371],[6.22241772]
[5.27130111],[1.47314477],[6.12493694]
[5.24045619],[1.4677928],[6.07125777]
[5.13871656],[1.46284936],[5.97892807]
[5.12733677],[1.4574176],[5.92347192]
[4.9790174],[1.45461086],[5.82416653]
[4.94309052],[1.45194406],[5.75841558]
[4.91374026],[1.44924693],[5.69288967]
[4.87904346],[1.44726503],[5.60592046]
[4.83644998],[1.43938638],[5.4964357]
[4.79632069],[1.42407319],[5.37302128]
[4.76032758],[1.40821638],[5.27340391]
[4.70582807],[1.39106523],[5.12592396]
[4.65750743],[1.37351215],[4.91517388]
[4.59003594],[1.35562809],[4.69790344]
[4.49993483],[1.33840335],[4.48578648]
[4.36696302],[1.32239975],[4.27097081]
[4.20021492],[1.30415862],[4.01291344]
[4.10845085],[1.28331958],[3.82075903]
[4.05867774],[1.25227346],[3.69948385]
[4.0031357],[1.22181275],[3.57912926]
[3.93447146],[1.18941312],[3.45227018]
[0.],[0.],[0.]
[0.],[0.],[0.]
[0.89891639],[0.52294121],[0.36653819]
[1.56296718],[0.67115336],[0.72282241]
[1.61366701],[1.20512671],[1.60150938]
[2.78653297],[1.36873313],[2.53135714]
[3.00238682],[1.44984475],[2.88825624]
[3.13794353],[1.47087681],[3.04520636]
[3.35559468],[1.48646562],[3.27302823]
[3.61165019],[1.49725543],[3.43755941]
[3.74240444],[1.48413882],[3.63896917]
[3.96612465],[1.43937031],[3.81718707]
[4.09656247],[1.40999755],[3.99636109]
[4.29163111],[1.43772887],[4.1685276]
[4.32612104],[1.43885631],[4.3403622]
[4.37340232],[1.44510526],[4.46633344]
[4.42568656],[1.45577559],[4.65612564]
[4.48603731],[1.46587009],[4.86263513]
[4.56933438],[1.48115239],[5.08949147]
[4.72201515],[1.49831748],[5.31361572]
[4.81465072],[1.51979808],[5.54120986]
[4.90226265],[1.53254704],[5.6829192]
[4.93194576],[1.54513708],[5.91963487]
[4.97606283],[1.5530741],[6.09128627]
[5.01136975],[1.5641378],[6.31978785]
[5.23564085],[1.57529029],[6.49183546]
[5.33090206],[1.57531978],[6.64277188]
[5.44627994],[1.56559818],[6.76906463]
[5.44495111],[1.557166],[6.81177741]
[5.5109408],[1.54936084],[6.86553379]
[5.50767641],[1.53872961],[6.84866986]
[5.54345835],[1.53202916],[6.8296152]
[5.60660712],[1.51355066],[6.78333402]
[5.57581791],[1.5150714],[6.70937592]
[5.54141364],[1.50851502],[6.59994503]
[5.46065739],[1.50245709],[6.51129533]
[5.41633648],[1.49731964],[6.41037864]
[5.37530733],[1.49152101],[6.34985182]
[5.30691135],[1.48729028],[6.24549386]
[5.24430877],[1.48248711],[6.16243644]
[5.18771136],[1.47677265],[6.08121344]
[5.11691225],[1.47162341],[5.97612046]
[5.0181247],[1.46385409],[5.8537833]
[4.9305131],[1.44925673],[5.72885525]
[4.88950424],[1.43327634],[5.59640661]
[4.82865829],[1.41665465],[5.4398594]
[4.75939179],[1.39998663],[5.23300872]
[4.68182342],[1.3822107],[4.98788376]
[4.6040135],[1.36509886],[4.75727781]
[4.50524455],[1.34721267],[4.51570158]
[4.38462428],[1.33052788],[4.31243214]
[4.22611535],[1.31038965],[4.07566775]
[4.11990143],[1.28175166],[3.84465603]
[4.07603751],[1.25340485],[3.73599324]
[4.03040565],[1.22334151],[3.61664152]
[0.],[0.],[0.]
[0.],[0.],[0.]
[0.90939043],[0.52245628],[0.37358099]
[1.5817904],[0.68179968],[0.74792657]
[1.71761591],[1.23110701],[1.70101783]
[2.84726275],[1.39210461],[2.64446174]
[3.01675328],[1.46908831],[2.9856178]
[3.20174035],[1.48983827],[3.15953632]
[3.41845789],[1.50599127],[3.39574563]
[3.68459142],[1.51612918],[3.5998309]
[3.7763694],[1.50381315],[3.81161666]
[4.01669178],[1.46949828],[3.99159479]
[4.15817918],[1.47517059],[4.19699755]
[4.3588234],[1.49727966],[4.37108671]
[4.39157883],[1.49361716],[4.5750198]
[4.42180552],[1.49679793],[4.69894349]
[4.4969591],[1.50741838],[4.90675599]
[4.56915871],[1.51638982],[5.15709747]
[4.71226605],[1.52586128],[5.41327305]
[4.83953172],[1.54255075],[5.60749444]
[4.90032161],[1.56320593],[5.84120682]
[4.98808842],[1.5766691],[6.02432862]
[5.0135789],[1.58766488],[6.28148855]
[5.09992857],[1.59540414],[6.46682153]
[5.20419764],[1.60536542],[6.6938923]
[5.49814163],[1.6150172],[6.96135692]
[5.56521812],[1.61452015],[7.13058063]
[5.62663984],[1.60596585],[7.29187746]
[5.64924888],[1.59558535],[7.36406568]
[5.70760361],[1.58786009],[7.42735355]
[5.74667587],[1.57746415],[7.43326384]
[5.77711388],[1.57041645],[7.42166015]
[5.89726353],[1.55139703],[7.41252674]
[5.87921659],[1.55296404],[7.31119595]
[5.87089268],[1.54588102],[7.21541829]
[5.73325044],[1.53906869],[7.07245632]
[5.72990056],[1.53231468],[6.97614621]
[5.63250623],[1.52527722],[6.86019817]
[5.60389018],[1.5202726],[6.757816]
[5.50655519],[1.51523054],[6.6375749]
[5.44727895],[1.51010405],[6.53453445]
[5.38235421],[1.50117328],[6.41019362]
[5.30085172],[1.48708886],[6.26677275]
[5.21663735],[1.47510184],[6.12746521]
[5.13759795],[1.4609878],[5.98415482]
[4.98414631],[1.44563446],[5.79997421]
[4.87360563],[1.42998497],[5.58387683]
[4.81074604],[1.41404382],[5.34685749]
[4.72072925],[1.39797828],[5.11116157]
[4.62589768],[1.37858606],[4.85574039]
[4.54978641],[1.36105344],[4.63904106]
[4.45395472],[1.33929845],[4.43051521]
[4.32692678],[1.31139824],[4.21027689]
[4.19491163],[1.28343135],[3.96634746]
[4.13472732],[1.25417683],[3.78690636]
[0.],[0.],[0.]
[0.],[0.],[0.]
[0.92062705],[0.52004344],[0.38063936]
[1.5998785],[0.68639651],[0.76815251]
[1.74150392],[1.23023399],[1.73343351]
[2.91344838],[1.40057495],[2.74180163]
[3.03619382],[1.48635792],[3.07926429]
[3.25061256],[1.50772788],[3.27168207]
[3.46957341],[1.52666526],[3.52575176]
[3.7475011],[1.53567006],[3.78786722]
[3.81892551],[1.52468987],[4.05258566]
[4.07396389],[1.50783621],[4.26487168]
[4.2541052],[1.5403409],[4.51892337]
[4.43990319],[1.56462177],[4.69715531]
[4.47298458],[1.556231],[4.877793]
[4.51783355],[1.55072419],[5.02640517]
[4.580219],[1.56069746],[5.29127961]
[4.7198984],[1.56654518],[5.52742835]
[4.8281191],[1.57515601],[5.77244356]
[4.9404942],[1.58883281],[5.96373547]
[4.984133],[1.60963214],[6.24086497]
[5.06922049],[1.62047016],[6.44592184]
[5.08865602],[1.63358706],[6.67278565]
[5.3733077],[1.64147445],[6.91894983]
[5.48029889],[1.64810697],[7.14867687]
[5.66054733],[1.65811739],[7.49182938]
[5.75237878],[1.65741048],[7.71281473]
[5.85216643],[1.65077974],[7.9263123]
[5.9179698],[1.63943004],[8.04054166]
[5.99972261],[1.63104343],[8.12100972]
[6.06965486],[1.62086941],[8.15247296]
[6.11355994],[1.61362573],[8.16064831]
[6.17443135],[1.59628368],[8.160718]
[6.17731606],[1.59469551],[8.04517087]
[6.16074482],[1.5884612],[7.94992881]
[6.07557464],[1.58268517],[7.78032361]
[6.05469663],[1.57693234],[7.70016279]
[5.95871617],[1.57113333],[7.54983256]
[5.93569618],[1.56643449],[7.46118614]
[5.82416937],[1.56185538],[7.32556454]
[5.74100292],[1.55807127],[7.22149516]
[5.68664352],[1.54954403],[7.10898774]
[5.63368851],[1.53142889],[6.98681597]
[5.58594426],[1.51249446],[6.86285981]
[5.52811499],[1.49644792],[6.72103995]
[5.40381141],[1.48092133],[6.49982028]
[5.24814261],[1.46581626],[6.22508964]
[5.09380204],[1.4506321],[5.85946922]
[4.91110276],[1.43530247],[5.59302936]
[4.78710044],[1.41526395],[5.31733601]
[4.68693348],[1.3959254],[5.08189754]
[4.61801683],[1.37227242],[4.83439929]
[4.52329545],[1.34562291],[4.58472489]
[4.42756893],[1.31850174],[4.38980394]
[4.30364112],[1.29051063],[4.17053964]
[0.],[0.],[0.]
[0.],[0.],[0.]
[0.93298829],[0.51870659],[0.38854794]
[1.61998962],[0.68942252],[0.7903434]
[1.76606908],[1.22860845],[1.77053766]
[2.95029643],[1.40643577],[2.82423466]
[3.06067317],[1.49975649],[3.16414516]
[3.2993584],[1.52138473],[3.37342308]
[3.53133321],[1.54108715],[3.64827068]
[3.79693229],[1.55032331],[3.93690893]
[3.8791818],[1.54050129],[4.22087739]
[4.13046137],[1.5490412],[4.45620277]
[4.33257887],[1.57267358],[4.73552369]
[4.49385953],[1.59525184],[4.91955533]
[4.53126423],[1.59478753],[5.09580726]
[4.60005714],[1.59749935],[5.29879393]
[4.68853211],[1.6066986],[5.58022628]
[4.86459441],[1.61145326],[5.83038511]
[4.93457019],[1.61794957],[6.08713828]
[5.03955031],[1.63006234],[6.31712546]
[5.0692439],[1.65030031],[6.59888272]
[5.18984203],[1.66168247],[6.82426768]
[5.23621327],[1.67545631],[7.04455316]
[5.57870461],[1.68460416],[7.3862025]
[5.66544014],[1.6917715],[7.65016593]
[5.79817448],[1.69823588],[8.03474012]
[5.98576556],[1.69985438],[8.34848545]
[6.12104391],[1.69326797],[8.62781264]
[6.17963438],[1.68214776],[8.7905777]
[6.24324389],[1.67573496],[8.91548534]
[6.2837027],[1.66489861],[8.95424616]
[6.36086011],[1.659054],[9.00989789]
[6.40632081],[1.64561204],[9.01964882]
[6.42184487],[1.64563391],[8.99613405]
[6.42453057],[1.63967929],[8.90368244]
[6.38189165],[1.63501664],[8.79270833]
[6.33001379],[1.63012814],[8.6995643]
[6.30063712],[1.62617811],[8.59640213]
[6.2458096],[1.62172287],[8.48402855]
[6.20874048],[1.61701977],[8.35219651]
[6.14292043],[1.61124275],[8.20906222]
[6.10270622],[1.60141561],[8.07411478]
[6.05880188],[1.5814874],[7.91955859]
[6.02455872],[1.56055808],[7.77465139]
[5.98451881],[1.5380635],[7.61353065]
[5.87620062],[1.5184934],[7.37609863]
[5.7122196],[1.50268135],[7.07151136]
[5.54141669],[1.48762093],[6.64663222]
[5.36735182],[1.4726132],[6.17607908]
[5.07392703],[1.45197806],[5.78164331]
[4.8667474],[1.4318219],[5.50639206]
[4.74968754],[1.40527763],[5.24674135]
[4.67789118],[1.3776607],[4.99741542]
[4.6035104],[1.35090011],[4.73531679]
[4.51827038],[1.32326322],[4.50970077]
[0.],[0.],[0.]
[0.],[0.],[0.]
[0.87331191],[0.33254074],[0.22449278]
[1.54287175],[0.49247061],[0.53615684]
[1.7669152],[1.05878773],[1.52681463]
[2.96244321],[1.24771798],[2.58052944]
[3.09503207],[1.35529163],[2.92807801]
[3.34138142],[1.39094059],[3.18535065]
[3.60024667],[1.43382262],[3.50968591]
[3.82964249],[1.47333778],[3.75694273]
[3.92342826],[1.46180958],[4.06376158]
[4.206314],[1.47217865],[4.35593281]
[4.39096449],[1.52009621],[4.70320452]
[4.53405263],[1.55083601],[4.89759478]
[4.59016347],[1.55528545],[5.1076918]
[4.66563034],[1.5672893],[5.37955616]
[4.8004461],[1.58577602],[5.69384739]
[4.9535245],[1.59515564],[5.94145132]
[5.00848415],[1.61464415],[6.2424311]
[5.11647289],[1.63437661],[6.51200665]
[5.1360199],[1.65664057],[6.78901862]
[5.4140844],[1.66995207],[7.07111532]
[5.51059006],[1.68846546],[7.32340985]
[5.72542836],[1.70027991],[7.74005205]
[5.79319983],[1.71346529],[8.07353118]
[5.97626528],[1.72569112],[8.54098918]
[6.22790398],[1.73067713],[8.99840246]
[6.38510838],[1.75745811],[9.36167464]
[6.50450415],[1.78858168],[9.59506978]
[6.6518035],[1.79479229],[9.81703053]
[6.67624757],[1.78551635],[9.90700878]
[6.85246876],[1.77396493],[10.05286622]
[6.90941],[1.75917483],[10.06770871]
[7.05131914],[1.74537799],[10.16665781]
[6.99012611],[1.73225654],[10.07684579]
[6.97709483],[1.71730565],[10.01655629]
[6.87474739],[1.69946668],[9.8555486]
[6.87793545],[1.68320675],[9.79735421]
[6.74465336],[1.67377073],[9.6182625]
[6.72823274],[1.66945467],[9.53062037]
[6.57665884],[1.6634801],[9.34386347]
[6.50663595],[1.65348981],[9.18962164]
[6.47405817],[1.63614319],[9.01305304]
[6.44595561],[1.61831748],[8.84234119]
[6.419485],[1.5869233],[8.65804136]
[6.34038547],[1.56100407],[8.40282362]
[6.18487498],[1.5402737],[8.04450596]
[6.01651296],[1.52206167],[7.59769097]
[5.84666176],[1.50599311],[7.04500113]
[5.63443151],[1.48564995],[6.49499418]
[5.24642409],[1.46486982],[6.03176663]
[4.97529454],[1.43897271],[5.69751415]
[4.82145333],[1.4090773],[5.41162262]
[4.73702931],[1.382535],[5.16522297]
[4.67363123],[1.35571149],[4.91073524]
