meltWidth,meltDepth,meltArea
[0.],[0.],[0.]
[0.],[0.],[0.]
[0.],[0.],[0.]
[0.],[0.],[0.]
[0.],[0.],[0.]
[0.],[0.],[0.]
[0.],[0.],[0.]
[0.],[0.],[0.]
[0.],[0.],[0.]
[0.],[0.],[0.]
[0.],[0.],[0.]
[0.],[0.],[0.]
[0.],[0.],[0.]
[0.],[0.],[0.]
[0.],[0.],[0.]
[0.],[0.],[0.]
[0.],[0.],[0.]
[0.],[0.],[0.]
[0.],[0.],[0.]
[0.],[0.],[0.]
[0.],[0.],[0.]
[0.],[0.],[0.]
[0.],[0.],[0.]
[0.],[0.],[0.]
[0.],[0.],[0.]
[0.],[0.],[0.]
[0.],[0.],[0.]
[0.],[0.],[0.]
[0.],[0.],[0.]
[0.],[0.],[0.]
[0.],[0.],[0.]
[0.],[0.],[0.]
[0.],[0.],[0.]
[0.],[0.],[0.]
[0.],[0.],[0.]
[0.],[0.],[0.]
[0.],[0.],[0.]
[0.],[0.],[0.]
[0.],[0.],[0.]
[0.],[0.],[0.]
[0.],[0.],[0.]
[0.],[0.],[0.]
[0.],[0.],[0.]
[0.],[0.],[0.]
[0.],[0.],[0.]
[0.],[0.],[0.]
[0.],[0.],[0.]
[0.],[0.],[0.]
[0.],[0.],[0.]
[0.],[0.],[0.]
[0.],[0.],[0.]
[0.],[0.],[0.]
[0.],[0.],[0.]
[0.],[0.],[0.]
[0.],[0.],[0.]
[0.],[0.],[0.]
[0.],[0.],[0.]
[1.73616446],[0.23445088],[0.24580319]
[1.78978039],[0.23845904],[0.27564721]
[1.85714445],[0.28364165],[0.34304386]
[1.96183676],[0.33959987],[0.4408915]
[2.06900641],[0.38580711],[0.53546934]
[2.1344043],[0.4303677],[0.5898837]
[2.27617178],[0.4463196],[0.66390341]
[2.30875079],[0.45661664],[0.6696258]
[2.38075195],[0.46792711],[0.71679474]
[2.39441845],[0.47774411],[0.71901034]
[2.4759266],[0.48888481],[0.76474131]
[2.51768721],[0.49436256],[0.7646212]
[2.60723958],[0.50004116],[0.79991343]
[2.61638511],[0.50356016],[0.79953118]
[2.67828307],[0.50894024],[0.82815295]
[2.67638267],[0.51511603],[0.8271045]
[2.73194737],[0.52095309],[0.8596027]
[2.73652755],[0.52574699],[0.86165095]
[2.77895491],[0.52873518],[0.88318073]
[2.79813805],[0.53211032],[0.88501609]
[2.81429184],[0.53460071],[0.90870176]
[2.83325958],[0.53612876],[0.90342275]
[2.83218704],[0.5376094],[0.91570684]
[2.84964507],[0.54070331],[0.90923319]
[2.84393461],[0.54339001],[0.92965297]
[2.86727967],[0.54658373],[0.92798654]
[2.87293413],[0.55051247],[0.94889428]
[2.88946471],[0.55154693],[0.95207948]
[2.92428587],[0.56168005],[0.98702315]
[2.94307586],[0.56212741],[1.0112199]
[2.95167259],[0.56903809],[1.02070177]
[2.96427314],[0.57882085],[1.02922199]
[2.94667823],[0.58990617],[1.05123193]
[2.95828419],[0.60395332],[1.08219208]
[2.96753952],[0.61458811],[1.11565464]
[2.9778566],[0.62782865],[1.14856396]
[2.99409032],[0.64810758],[1.19087328]
[3.00549273],[0.65439982],[1.22814362]
[3.01377459],[0.65012762],[1.2316463]
[3.01498166],[0.64626858],[1.2133647]
[3.00572948],[0.64296876],[1.20136114]
[2.97949952],[0.64486884],[1.19083161]
[2.95401656],[0.6446181],[1.18374298]
[2.92401043],[0.63963053],[1.16551127]
[2.8918188],[0.62942228],[1.14209582]
[2.86047094],[0.62400426],[1.12008122]
[2.82674155],[0.61446883],[1.08475805]
[2.79851293],[0.60958601],[1.0577324]
[2.75491629],[0.60136544],[1.02433862]
[2.70756432],[0.59028933],[0.978265]
[2.66669925],[0.58237521],[0.94099014]
[3.18765872],[0.10702398],[0.20001811]
[0.],[0.],[0.]
[0.],[0.],[0.]
[1.0369285],[0.17998098],[0.08516339]
[1.90880687],[0.3163634],[0.39713245]
[1.97239572],[0.39320153],[0.52733691]
[2.09248645],[0.49245161],[0.71201322]
[2.17153686],[0.56086897],[0.86200623]
[2.3136562],[0.63626903],[1.03454762]
[2.3852543],[0.69587109],[1.14980662]
[2.48946701],[0.74585107],[1.34776964]
[2.58543687],[0.80006783],[1.71661707]
[2.67635905],[0.81622909],[1.89611661]
[2.72234752],[0.8195444],[1.96498479]
[2.7871683],[0.82575784],[2.01613734]
[2.82429548],[0.83819565],[2.01590572]
[2.88192972],[0.8479962],[2.08644476]
[2.88665274],[0.84792927],[2.05616474]
[2.91878596],[0.85708676],[2.11518508]
[2.92024135],[0.86068502],[2.10880232]
[2.94940074],[0.8655593],[2.1586811]
[2.96988415],[0.86938471],[2.15170358]
[2.97632983],[0.87390748],[2.18619801]
[3.0243185],[0.87679951],[2.18902016]
[3.00068408],[0.88007056],[2.21030626]
[3.06661857],[0.88113106],[2.2083264]
[3.02349597],[0.88227497],[2.21325291]
[3.08098849],[0.88208035],[2.19971095]
[3.02597511],[0.87350932],[2.16933214]
[3.07813776],[0.87246237],[2.14501707]
[3.03157649],[0.86726086],[2.12535869]
[3.07366408],[0.85877686],[2.07515976]
[3.068123],[0.8696382],[2.08513659]
[3.09292384],[0.85169815],[2.05284855]
[3.06907965],[0.85923583],[2.02604186]
[3.0828391],[0.83548703],[1.98041114]
[3.04388533],[0.81602565],[1.94066659]
[3.04078719],[0.79713765],[1.91863932]
[3.03195414],[0.78682751],[1.88675812]
[3.02848394],[0.78508642],[1.86907771]
[3.02978408],[0.78217624],[1.85100731]
[3.02572299],[0.77519526],[1.82865755]
[3.01797082],[0.76556212],[1.78574333]
[3.01333929],[0.75566038],[1.73662535]
[2.99105591],[0.74427637],[1.68184234]
[2.95632973],[0.73401525],[1.62645579]
[2.92682779],[0.72542755],[1.59001932]
[2.90173871],[0.72099371],[1.55687351]
[2.87523613],[0.71483028],[1.5300644]
[2.86643102],[0.708],[1.5053477]
[2.84897999],[0.69768405],[1.46522674]
[2.8320842],[0.6906546],[1.43233854]
[2.80792965],[0.68583391],[1.39173492]
[2.79470958],[0.67879456],[1.34907405]
[2.78298963],[0.66318056],[1.29918829]
[4.88645835],[0.80315553],[2.69197645]
[4.08606282],[0.24661806],[0.59280862]
[2.59096231],[0.13346142],[0.21140417]
[1.3849055],[0.2692119],[0.18883394]
[2.11507503],[0.40688508],[0.55260227]
[2.2652459],[0.49488797],[0.75048509]
[2.32662608],[0.60831495],[0.96294362]
[2.37411655],[0.67780805],[1.11700178]
[2.44565852],[0.72999926],[1.25142068]
[2.49772086],[0.77815976],[1.38348362]
[2.55861522],[0.88650162],[1.59140737]
[2.69265031],[0.90753714],[2.18037921]
[2.77776559],[0.93117511],[2.42297173]
[2.83280736],[0.93123415],[2.43703077]
[2.88414326],[0.93452215],[2.49182082]
[2.93041344],[0.94368137],[2.5125227]
[2.96445048],[0.94854365],[2.54715054]
[2.98357505],[0.94556867],[2.53702365]
[3.00127721],[0.95440007],[2.57354897]
[3.01600845],[0.95785698],[2.56240559]
[3.03003745],[0.96199773],[2.60468001]
[3.05307932],[0.96564129],[2.58154653]
[3.05500528],[0.96995116],[2.62493165]
[3.10867836],[0.97307846],[2.61700715]
[3.07044299],[0.97529508],[2.63268723]
[3.14193949],[0.97735057],[2.62886239]
[3.08697554],[0.97897873],[2.6201244]
[3.15601243],[0.97618793],[2.61079776]
[3.09100439],[0.965896],[2.56966211]
[3.15186246],[0.9629077],[2.56273093]
[3.09169602],[0.95414462],[2.5324505]
[3.14488323],[0.94173178],[2.49598886]
[3.1325066],[0.95251434],[2.48195785]
[3.15757437],[0.92916304],[2.46846571]
[3.13436644],[0.93686254],[2.42499149]
[3.14747621],[0.91201442],[2.38669274]
[3.10648183],[0.90240075],[2.32029134]
[3.10351811],[0.89126778],[2.27635204]
[3.09565979],[0.87507824],[2.21878806]
[3.09497034],[0.86916074],[2.18370342]
[3.09760214],[0.8582744],[2.14338102]
[3.09225951],[0.84749837],[2.09974456]
[3.08404467],[0.82814824],[2.03927939]
[3.07787491],[0.81925384],[1.98209495]
[3.05966627],[0.80969844],[1.92443627]
[3.03581719],[0.79985972],[1.85859105]
[3.01940936],[0.78996458],[1.81117529]
[3.00151629],[0.77990877],[1.77100818]
[2.98183869],[0.77141252],[1.74014619]
[2.9724609],[0.76749728],[1.71763357]
[2.97087234],[0.76304976],[1.69752465]
[2.96437448],[0.757496],[1.67086141]
[2.94932985],[0.7522074],[1.63074353]
[2.9362555],[0.74686807],[1.60111663]
[2.91707832],[0.72925643],[1.55349588]
[6.40063033],[0.92212359],[4.79817757]
[4.95844428],[0.51281975],[1.37915911]
[4.09268686],[0.30264992],[0.73962255]
[2.43705073],[0.28029139],[0.37698314]
[2.38283337],[0.45337576],[0.69038526]
[2.51324031],[0.58327972],[0.95121582]
[2.4358957],[0.69063437],[1.13357504]
[2.46547428],[0.75541051],[1.32837604]
[2.5074525],[0.7998525],[1.44515345]
[2.56652714],[0.84021383],[1.58829953]
[2.60183643],[0.99881844],[2.22137131]
[2.70958069],[0.97992909],[2.56336658]
[2.80453848],[1.00204585],[2.72301469]
[2.8697781],[1.00634951],[2.76660721]
[2.91811305],[1.00699002],[2.79103627]
[2.97004018],[1.01423203],[2.80798117]
[3.00630622],[1.01794849],[2.83156751]
[3.02420545],[1.0158168],[2.81303473]
[3.03998826],[1.02372614],[2.83317912]
[3.05820905],[1.02652608],[2.82697232]
[3.06609909],[1.02986183],[2.84904757]
[3.08343329],[1.03276735],[2.83253305]
[3.088018],[1.03626798],[2.86143108]
[3.09981672],[1.03688897],[2.83957403]
[3.09585893],[1.03791074],[2.86628283]
[3.12146275],[1.0396387],[2.83980192]
[3.09645184],[1.0399661],[2.84548515]
[3.14084529],[1.03531212],[2.81076745]
[3.09496503],[1.02470749],[2.7979691]
[3.14442624],[1.02122878],[2.773605]
[3.09451826],[1.01316889],[2.7627385]
[3.14044631],[1.00200506],[2.73688955]
[3.14167475],[1.01425104],[2.73884744]
[3.1461123],[0.99071569],[2.70751183]
[3.1450318],[1.00004146],[2.6909511]
[3.14399427],[0.97448346],[2.65536399]
[3.117847],[0.9648242],[2.59488353]
[3.11864715],[0.9550176],[2.55962814]
[3.11194005],[0.93946709],[2.50803395]
[3.11646559],[0.93460627],[2.47694036]
[3.1191814],[0.92434439],[2.44666134]
[3.11678391],[0.91342827],[2.40473614]
[3.11138439],[0.89615593],[2.34177767]
[3.10378953],[0.87620458],[2.27582355]
[3.08443549],[0.86578983],[2.19836302]
[3.05739102],[0.8593905],[2.1030072]
[3.04982032],[0.85089018],[2.04841843]
[3.04313527],[0.84170631],[1.98881095]
[3.03247046],[0.83122158],[1.93915107]
[3.02271544],[0.81844923],[1.8947682]
[3.01643249],[0.80907046],[1.86221921]
[3.01121296],[0.80228909],[1.83924668]
[3.00243717],[0.79252244],[1.8028763]
[3.00681097],[0.78195202],[1.78761978]
[2.99962036],[0.77267383],[1.7529846]
[7.73202347],[1.05094791],[5.52322753]
[5.96652974],[0.86971281],[3.03596236]
[4.68164239],[0.52970547],[1.46281232]
[3.37546392],[0.32009708],[0.75749929]
[2.6601246],[0.49561366],[0.94671813]
[2.72840251],[0.65278374],[1.18265035]
[2.55339707],[0.75078918],[1.34299136]
[2.57000582],[0.81571805],[1.54553056]
[2.56677904],[0.85980776],[1.96143163]
[2.60994333],[0.89543193],[2.13943213]
[2.61103644],[1.08582719],[2.48605904]
[2.7038666],[1.06616462],[2.76605245]
[2.8069139],[1.0906964],[2.93790081]
[2.88706485],[1.0381916],[2.98089524]
[2.93123614],[1.07922093],[2.97598837]
[3.00231211],[1.05214092],[2.98349881]
[3.03362645],[1.08215125],[3.00136886]
[3.0543571],[1.05915141],[2.98256204]
[3.06964016],[1.09187213],[3.00209205]
[3.0924758],[1.07072902],[2.9955875]
[3.09710397],[1.10150259],[3.01939517]
[3.11543026],[1.07707508],[3.00353554]
[3.11419318],[1.11180753],[3.02814772]
[3.12663922],[1.08205263],[3.01247903]
[3.11761332],[1.1175628],[3.02823641]
[3.13037429],[1.0872244],[2.99908162]
[3.11482047],[1.10138555],[2.99990952]
[3.14549354],[1.08039508],[2.97291177]
[3.11130592],[1.07071932],[2.95801171]
[3.14157345],[1.068269],[2.9287891]
[3.11128172],[1.06073432],[2.92629983]
[3.1363148],[1.04834586],[2.88541881]
[3.1470706],[1.07032728],[2.89947263]
[3.14578461],[1.04010436],[2.87852024]
[3.14724815],[1.05536626],[2.86189463]
[3.14304945],[1.02084013],[2.82730817]
[3.11594481],[1.01122143],[2.76856016]
[3.11637704],[1.00100576],[2.73543632]
[3.11118271],[0.98361055],[2.6830702]
[3.11646836],[0.97928354],[2.65529458]
[3.11713589],[0.9690203],[2.63083422]
[3.11667937],[0.95722687],[2.58890747]
[3.11547191],[0.93849644],[2.52988688]
[3.11089808],[0.9185024],[2.47797761]
[3.0997929],[0.89756238],[2.41516043]
[3.07936084],[0.89395647],[2.32873581]
[3.06989223],[0.88926202],[2.26956266]
[3.05771838],[0.88465796],[2.20111369]
[3.04938799],[0.87901623],[2.13365696]
[3.04237093],[0.87148902],[2.06432761]
[3.03986852],[0.86023234],[2.02366937]
[3.02926729],[0.84853423],[1.97720408]
[3.02046828],[0.83377297],[1.93017717]
[3.03507511],[0.81751407],[1.91391736]
[3.03488572],[0.8040242],[1.88462329]
[7.94108027],[1.11202095],[5.95058828]
[6.15613488],[0.97930224],[3.45781206]
[4.87123371],[0.85067323],[2.07794742]
[3.51535144],[0.57492209],[1.0956394]
[2.55428733],[0.49014509],[1.1351703]
[2.77495922],[0.70512643],[1.35015436]
[2.64389826],[0.80688483],[1.80292052]
[2.63092806],[0.86915592],[2.0760511]
[2.62282862],[0.9208928],[2.25638753]
[2.63646295],[0.96990516],[2.44943755]
[2.62923386],[1.15175678],[2.69916896]
[2.70263825],[1.13650784],[2.91716235]
[2.83758459],[1.17166537],[3.08745112]
[2.93245395],[1.10950249],[3.1284058]
[2.97975346],[1.17260892],[3.12864853]
[3.05444595],[1.11189381],[3.12753046]
[3.08157985],[1.178322],[3.15161359]
[3.1054495],[1.12011983],[3.13534961]
[3.11759104],[1.18851869],[3.1601831]
[3.1410892],[1.13119213],[3.16039446]
[3.14451499],[1.19715727],[3.18434571]
[3.1602436],[1.1421127],[3.1717559]
[3.15669447],[1.20603289],[3.19269803]
[3.16343304],[1.15211955],[3.17715568]
[3.15482486],[1.20865307],[3.18969755]
[3.16080636],[1.14409684],[3.16028959]
[3.14992528],[1.19904738],[3.16852555]
[3.17305948],[1.12978529],[3.14376159]
[3.14169554],[1.17440339],[3.1331943]
[3.17198677],[1.12013269],[3.11117855]
[3.14559738],[1.14882197],[3.10972178]
[3.1653754],[1.10488441],[3.07943756]
[3.17910397],[1.13151456],[3.09111916]
[3.17466964],[1.0978978],[3.07423898]
[3.17827437],[1.11838965],[3.0559373]
[3.16970795],[1.08249496],[3.04212598]
[3.14653363],[1.07491667],[2.97696444]
[3.14543931],[1.06767941],[2.94632272]
[3.13889677],[1.05347527],[2.89591903]
[3.14296639],[1.05159411],[2.86841163]
[3.14317482],[1.04222085],[2.84299626]
[3.14230348],[1.02977567],[2.80310149]
[3.14123478],[1.01079773],[2.74806942]
[3.13705515],[0.98640664],[2.69848882]
[3.12636991],[0.95963143],[2.63785664]
[3.10725201],[0.92616071],[2.55179678]
[3.09969549],[0.91715567],[2.49524117]
[3.08997222],[0.91197218],[2.43672745]
[3.08276118],[0.90628358],[2.37198999]
[3.07280906],[0.90000029],[2.29786347]
[3.06334201],[0.89212972],[2.22499681]
[3.05781008],[0.8827455],[2.14798485]
[3.04423341],[0.87245737],[2.09104882]
[3.04982689],[0.85501565],[2.05839376]
[3.0629591],[0.83624303],[2.02353513]
[8.03969414],[1.20201088],[6.43612946]
[6.21743046],[1.07089133],[3.87240539]
[4.98357474],[0.92658927],[2.34684679]
[3.58773036],[0.67857927],[1.27590877]
[2.30542487],[0.45512277],[1.09989841]
[2.68329781],[0.74902905],[1.44380539]
[2.68962583],[0.85700055],[1.97794311]
[2.65908796],[0.90791867],[2.20530856]
[2.65211695],[0.96971854],[2.36744153]
[2.64174583],[1.00929108],[2.49598008]
[2.62693698],[1.20105129],[2.74366932]
[2.62689575],[1.17939079],[2.93879629]
[2.78914888],[1.21757326],[3.13828874]
[2.88590177],[1.14734249],[3.15487161]
[2.96636985],[1.20946072],[3.17167915]
[3.02984382],[1.15285101],[3.16207057]
[3.0715491],[1.21535858],[3.1879166]
[3.10157748],[1.16129271],[3.16449787]
[3.12325085],[1.22326477],[3.19300016]
[3.147993],[1.17039727],[3.18972817]
[3.16210006],[1.23067328],[3.21854096]
[3.17681611],[1.1816297],[3.20575866]
[3.17988148],[1.23757333],[3.22933113]
[3.18448032],[1.190485],[3.21442654]
[3.18354056],[1.23617149],[3.22669509]
[3.18545169],[1.18282524],[3.19956054]
[3.18195464],[1.22478884],[3.20798533]
[3.18649088],[1.16189781],[3.18367064]
[3.18152565],[1.20828046],[3.18292692]
[3.18849809],[1.13003229],[3.12927641]
[3.18647864],[1.18527981],[3.16297484]
[3.18843521],[1.09692878],[3.07315008]
[3.21391635],[1.12229971],[3.103124]
[3.20329517],[1.09257469],[3.05436118]
[3.21671133],[1.10111413],[3.05356969]
[3.20507029],[1.07915696],[3.02463839]
[3.19693227],[1.06897885],[2.97501674]
[3.1975398],[1.05858761],[2.94468576]
[3.19387533],[1.04308953],[2.90098232]
[3.19745389],[1.03651922],[2.87182153]
[3.19832699],[1.02634878],[2.84774354]
[3.19831898],[1.01391709],[2.80575453]
[3.19744981],[0.99547205],[2.74602581]
[3.19497637],[0.9708345],[2.69953106]
[3.18507888],[0.95163901],[2.64629036]
[3.1679729],[0.94778972],[2.5715084]
[3.15846123],[0.94297315],[2.52068616]
[3.15009478],[0.93831276],[2.47360281]
[3.14270298],[0.93325299],[2.42105955]
[3.13406733],[0.92754476],[2.36317877]
[3.12572418],[0.922418],[2.30916267]
[3.1183738],[0.91491766],[2.25006203]
[3.10348519],[0.90373731],[2.17014099]
[3.11151422],[0.89196998],[2.12130174]
[3.11031898],[0.87579505],[2.07797519]
[8.11506698],[1.29894986],[6.95387577]
[6.27571186],[1.10918503],[4.19488916]
[5.08540208],[0.89747],[2.64782286]
[3.72379405],[0.70380681],[1.4807877]
[2.15791766],[0.4506445],[0.8486389]
[2.46722217],[0.75829291],[1.35445307]
[2.6228249],[0.89010154],[1.71219868]
[2.66098729],[0.93783203],[2.22814257]
[2.65749828],[1.00664262],[2.37565013]
[2.62800904],[1.04034287],[2.44696148]
[2.62371953],[1.22484603],[2.71948857]
[2.71667417],[1.21057464],[2.93626304]
[2.86297212],[1.23359814],[3.21833835]
[2.94596856],[1.16444715],[3.22172166]
[3.01765894],[1.20874202],[3.20986153]
[3.08681058],[1.15656864],[3.14832001]
[3.12649984],[1.20455153],[3.17364203]
[3.1542051],[1.1584971],[3.10170847]
[3.17027465],[1.20925518],[3.16507775]
[3.19069715],[1.16327177],[3.13463938]
[3.20313986],[1.21251201],[3.19815629]
[3.21676173],[1.16363231],[3.15203125]
[3.22068138],[1.21279971],[3.21172657]
[3.22305843],[1.16338973],[3.1571141]
[3.22023787],[1.20982657],[3.20861309]
[3.22115282],[1.14757333],[3.1357812]
[3.21715406],[1.19369748],[3.17233701]
[3.22219892],[1.12999446],[3.08940168]
[3.21841846],[1.18132138],[3.1216199]
[3.22485064],[1.11467506],[3.05277291]
[3.22283495],[1.16673179],[3.10411432]
[3.22568002],[1.09247523],[3.00937246]
[3.24266829],[1.11579809],[3.02977585]
[3.23550884],[1.06504368],[2.97780722]
[3.24528557],[1.08542919],[2.97360896]
[3.23794239],[1.06815289],[2.93537737]
[3.2282801],[1.05024456],[2.88868382]
[3.22894897],[1.03313865],[2.85906259]
[3.22687878],[1.01165593],[2.81443902]
[3.22956283],[0.99760477],[2.78499497]
[3.23236407],[0.99429854],[2.7532848]
[3.23360876],[0.98803215],[2.71099462]
[3.23408027],[0.98196881],[2.65948863]
[3.23201558],[0.97698486],[2.60683754]
[3.22371214],[0.97293592],[2.54739656]
[3.20927691],[0.96784415],[2.48108634]
[3.20127668],[0.96302948],[2.44222944]
[3.19373994],[0.95796158],[2.39441843]
[3.18644736],[0.95220316],[2.34732128]
[3.17722239],[0.94567147],[2.30321461]
[3.16985728],[0.93981968],[2.25980188]
[3.16335706],[0.9329977],[2.21951873]
[3.14854359],[0.92507722],[2.16693652]
[3.14656061],[0.9174415],[2.13035048]
[3.14466552],[0.90399864],[2.08166134]
[8.09998707],[1.31054053],[7.19585503]
[6.27355828],[1.05958844],[4.28807421]
[5.02117243],[0.87011985],[2.79194695]
[3.6912169],[0.74398059],[1.66201298]
[2.29114664],[0.5269722],[1.00296519]
[2.49337765],[0.77979274],[1.45622701]
[2.64499321],[0.91273625],[1.74699832]
[2.6568201],[0.95426347],[2.21744641]
[2.64940078],[0.99148959],[2.36740175]
[2.6245919],[1.02250407],[2.42039111]
[2.62308065],[1.22164521],[2.70915468]
[2.75228286],[1.20300358],[2.94707801]
[2.89096123],[1.2231076],[3.24394995]
[2.98077552],[1.13844317],[3.23364266]
[3.04803512],[1.17929402],[3.16596984]
[3.1145837],[1.10973725],[3.04981688]
[3.14933995],[1.16813481],[3.0904452]
[3.17759949],[1.10553704],[3.00952164]
[3.1897754],[1.16711736],[3.08476974]
[3.21163171],[1.10344686],[3.03798427]
[3.22067943],[1.16719551],[3.11356001]
[3.23470399],[1.1034948],[3.0559566]
[3.23429715],[1.16672202],[3.12333962]
[3.23811798],[1.10271835],[3.05947941]
[3.23232085],[1.1590492],[3.11481361]
[3.23623221],[1.10453196],[3.02826969]
[3.23118612],[1.13651687],[3.06777372]
[3.23905941],[1.08057604],[2.96944711]
[3.2353256],[1.12030299],[3.02189638]
[3.24341864],[1.06843033],[2.93283043]
[3.23976551],[1.10424824],[2.9833135]
[3.24403902],[1.05808341],[2.89340809]
[3.25400615],[1.05077585],[2.91370538]
[3.25455909],[1.04807101],[2.87903179]
[3.25759993],[1.0428734],[2.87103024]
[3.25441353],[1.03647212],[2.8388985]
[3.24336707],[1.03137771],[2.80968544]
[3.24325704],[1.02925172],[2.79045208]
[3.2412307],[1.02546593],[2.75691147]
[3.24275251],[1.0223703],[2.73310789]
[3.2452957],[1.01906798],[2.70403985]
[3.24646717],[1.01261022],[2.667224]
[3.24736891],[1.00639303],[2.61578075]
[3.24570824],[1.00153693],[2.55642565]
[3.2374127],[0.9969708],[2.49003057]
[3.22166462],[0.98880281],[2.41334784]
[3.21236731],[0.98148571],[2.36675757]
[3.20128153],[0.97414761],[2.33212114]
[3.19164229],[0.96819214],[2.30198971]
[3.18050451],[0.96199759],[2.26882062]
[3.16996894],[0.95669331],[2.23533504]
[3.1589764],[0.9504216],[2.20258692]
[3.14278836],[0.94268429],[2.15543885]
[3.14058653],[0.93591198],[2.12867999]
[3.12971267],[0.92879133],[2.08569123]
[8.19011956],[1.36225615],[7.55082394]
[6.35354414],[1.12791168],[4.47090571]
[5.08098401],[0.91390269],[2.97949301]
[3.80267738],[0.80518797],[1.84041192]
[2.46930413],[0.63019399],[1.1472778]
[2.53177964],[0.79820779],[1.59885907]
[2.69468672],[0.92669717],[1.80327596]
[2.66109914],[0.9671013],[2.27957758]
[2.65856863],[1.01722248],[2.44309608]
[2.63320486],[1.04420132],[2.51212347]
[2.6347583],[1.24271362],[2.79933385]
[2.81994473],[1.2276963],[3.06064001]
[2.94516481],[1.24629017],[3.340265]
[3.02780926],[1.16516913],[3.33620231]
[3.08524901],[1.20330767],[3.29428159]
[3.14619133],[1.13699499],[3.17784821]
[3.17625828],[1.19400074],[3.20755565]
[3.19931345],[1.13388565],[3.12882784]
[3.21053492],[1.19214839],[3.19990342]
[3.23225905],[1.13186045],[3.15823978]
[3.24158323],[1.1914088],[3.22677252]
[3.25417587],[1.14192663],[3.17217283]
[3.25385093],[1.19128144],[3.23524377]
[3.25696578],[1.15663512],[3.1748641]
[3.25326442],[1.18256431],[3.22345053]
[3.25655504],[1.15336567],[3.1356279]
[3.2534994],[1.16191572],[3.17750335]
[3.2596151],[1.14380548],[3.08381275]
[3.25724801],[1.14775988],[3.13201675]
[3.26379244],[1.11655297],[3.04142342]
[3.26137766],[1.13122099],[3.09062434]
[3.26499432],[1.08546837],[2.99206287]
[3.26822577],[1.07534435],[2.99840982]
[3.27515715],[1.07263247],[2.97122674]
[3.27146163],[1.06667205],[2.95317822]
[3.27570245],[1.0596203],[2.93102496]
[3.26520501],[1.05372012],[2.90109407]
[3.26530637],[1.04882054],[2.88103013]
[3.26415905],[1.04227435],[2.85168213]
[3.26378029],[1.03686264],[2.8256529]
[3.26525142],[1.03431128],[2.80119837]
[3.26556726],[1.02848891],[2.76567883]
[3.26504154],[1.02269245],[2.71385089]
[3.26215268],[1.01780853],[2.65195104]
[3.2527162],[1.01234101],[2.5880234]
[3.23781215],[1.0037016],[2.50352614]
[3.22917637],[0.99580649],[2.44668954]
[3.21998096],[0.9879481],[2.38768282]
[3.20950199],[0.97978795],[2.34949226]
[3.19719072],[0.97270601],[2.31356719]
[3.18422748],[0.96743905],[2.27669138]
[3.17322216],[0.96143536],[2.24354633]
[3.15730508],[0.95426389],[2.1980453]
[3.15267213],[0.94799531],[2.17574288]
[3.14306174],[0.94109306],[2.13973849]
[8.17976892],[1.40157646],[7.78917759]
[6.3790498],[1.18532525],[4.60667391]
[5.05831468],[0.94313578],[3.06383916]
[3.77721738],[0.84059161],[1.88919732]
[2.48993555],[0.666692],[1.1595722]
[2.61331907],[0.81361096],[1.67899317]
[2.7074236],[0.93683949],[1.82220786]
[2.66954096],[0.9776078],[2.29736038]
[2.66886583],[1.01413594],[2.46240962]
[2.6417722],[1.04849361],[2.52684452]
[2.64697392],[1.24425115],[2.82322352]
[2.88712874],[1.22440017],[3.09457028]
[2.99328574],[1.24555783],[3.37535525]
[3.07113868],[1.1578219],[3.36423803]
[3.12009263],[1.19237734],[3.28903749]
[3.17694208],[1.11462138],[3.16326065]
[3.20580919],[1.18061153],[3.20101508]
[3.22516142],[1.13330082],[3.12040351]
[3.23768636],[1.178803],[3.20011334]
[3.25534136],[1.15430065],[3.15071915]
[3.26410674],[1.17766737],[3.22556927]
[3.27409472],[1.1690095],[3.16205456]
[3.27379268],[1.1783653],[3.22852226]
[3.27540501],[1.17430908],[3.15836355]
[3.2723919],[1.17356318],[3.21005903]
[3.27458115],[1.17065684],[3.1400869]
[3.27135581],[1.16628576],[3.17725197]
[3.27695473],[1.16116488],[3.10573927]
[3.27512671],[1.15188606],[3.12578463]
[3.28108736],[1.14519352],[3.06583984]
[3.27947144],[1.13303022],[3.08251886]
[3.28280378],[1.11773074],[3.01330359]
[3.28450871],[1.0879611],[3.00567266]
[3.29573535],[1.08565084],[2.98695124]
[3.28654719],[1.07953326],[2.96242157]
[3.29869596],[1.07225144],[2.94087623]
[3.28349438],[1.06630208],[2.90709211]
[3.28347987],[1.06190179],[2.88877918]
[3.2827537],[1.05513585],[2.85880767]
[3.282407],[1.04942656],[2.830805]
[3.28418153],[1.04335007],[2.79861091]
[3.28452751],[1.0367865],[2.75934331]
[3.28432289],[1.03112061],[2.70531833]
[3.28256935],[1.02598581],[2.6384239]
[3.2723637],[1.02006744],[2.56689648]
[3.25809894],[1.01193274],[2.48794363]
[3.24589209],[1.00432011],[2.43337865]
[3.23519977],[0.99688253],[2.37751655]
[3.22672441],[0.98912229],[2.33561843]
[3.216796],[0.98143801],[2.30192295]
[3.20495046],[0.97598231],[2.26995137]
[3.19340821],[0.96955516],[2.23644228]
[3.17536502],[0.9623727],[2.19108527]
[3.17147899],[0.95613677],[2.16882228]
[3.1618421],[0.94989294],[2.13739523]
[8.29389291],[1.42124707],[7.94555375]
[6.41965843],[1.20759469],[4.69530748]
[5.07019954],[0.94236945],[3.11426121]
[3.76027714],[0.85501254],[1.93321425]
[2.49152693],[0.68726928],[1.17003151]
[2.68234592],[0.81922434],[1.72274902]
[2.71106298],[0.94659501],[1.83085646]
[2.67242833],[0.98752427],[2.31892532]
[2.67219521],[1.02395679],[2.49423694]
[2.64715767],[1.06682426],[2.56408425]
[2.69446264],[1.24742818],[2.88087289]
[2.94571378],[1.22611956],[3.14965154]
[3.03898341],[1.24615854],[3.42567822]
[3.11096465],[1.15394176],[3.40212302]
[3.15830175],[1.1823525],[3.31914041]
[3.21801702],[1.15287722],[3.19392332]
[3.24080395],[1.17064304],[3.22776974]
[3.25366879],[1.17103941],[3.14089805]
[3.26310541],[1.17576536],[3.22217733]
[3.27707706],[1.18261502],[3.1641125]
[3.28382181],[1.1877724],[3.24001656]
[3.2918874],[1.19051508],[3.17970182]
[3.29024444],[1.1943338],[3.24259749]
[3.29245958],[1.19431857],[3.18736919]
[3.28855229],[1.19311262],[3.23367852]
[3.29088129],[1.19019474],[3.17860355]
[3.28702848],[1.18570344],[3.18391035]
[3.2922444],[1.18040689],[3.13615941]
[3.28907338],[1.1710846],[3.13001161]
[3.29590243],[1.16432992],[3.09154918]
[3.29307513],[1.15793775],[3.09535113]
[3.30289096],[1.14869645],[3.04500009]
[3.29786897],[1.12574818],[3.03636415]
[3.32433771],[1.12650577],[3.02463291]
[3.29983565],[1.11121414],[2.99674997]
[3.32719705],[1.09218338],[2.97779464]
[3.29849071],[1.08494984],[2.93359868]
[3.29852746],[1.0796418],[2.90740139]
[3.2975715],[1.07295414],[2.87374719]
[3.2972969],[1.06698969],[2.84631447]
[3.29918557],[1.06090988],[2.81115454]
[3.30053716],[1.04838496],[2.76710784]
[3.30085685],[1.04186787],[2.70822054]
[3.29998209],[1.03669744],[2.6404752]
[3.29201569],[1.03016303],[2.57732023]
[3.27872515],[1.02195585],[2.50355747]
[3.26578752],[1.01412567],[2.4493893]
[3.25625071],[1.00703233],[2.40339018]
[3.24457751],[0.99920811],[2.35265878]
[3.2327823],[0.99066851],[2.30941148]
[3.22437745],[0.98541964],[2.27829144]
[3.21556904],[0.97905465],[2.24855937]
[3.20043356],[0.971551],[2.20656399]
[3.19604162],[0.96501792],[2.18431904]
[3.18661991],[0.95848748],[2.15260197]
[8.3934561],[1.42480348],[8.04253573]
[6.41947525],[1.21410973],[4.72351888]
[5.03967991],[0.94042804],[3.12153914]
[3.72195298],[0.86457069],[1.94711827]
[2.44454222],[0.69955199],[1.27897385]
[2.72448165],[0.82982238],[1.75797588]
[2.71122131],[0.9589723],[1.84425739]
[2.6605338],[0.99863919],[2.33039698]
[2.66476895],[1.03346263],[2.51498007]
[2.64257921],[1.08666382],[2.57988497]
[2.7215661],[1.24592359],[2.91109166]
[2.98503806],[1.22066727],[3.18091016]
[3.07643966],[1.24248593],[3.46125581]
[3.16203231],[1.15800453],[3.41115707]
[3.20336386],[1.17840851],[3.3200076]
[3.24995584],[1.18234337],[3.19033442]
[3.26371248],[1.18844944],[3.21773304]
[3.28106707],[1.1909781],[3.14322568]
[3.28205471],[1.19641447],[3.21191634]
[3.29891582],[1.20302751],[3.18384914]
[3.29772904],[1.20788613],[3.23596032]
[3.31046487],[1.21068095],[3.20860424]
[3.30220054],[1.21249304],[3.24639309]
[3.3095712],[1.2114545],[3.22402402]
[3.3001214],[1.20913158],[3.23514171]
[3.30744892],[1.20568289],[3.20152755]
[3.29799116],[1.20099769],[3.19208098]
[3.30703303],[1.19508696],[3.15072182]
[3.29882232],[1.18582359],[3.13059555]
[3.31146263],[1.17902957],[3.09916793]
[3.30256872],[1.17128176],[3.09249166]
[3.31167344],[1.16216709],[3.04873308]
[3.30677485],[1.1512333],[3.04224116]
[3.35090334],[1.1454965],[3.02304093]
[3.30855975],[1.13611143],[2.99495791]
[3.36023384],[1.12460972],[2.9763605]
[3.3088469],[1.10721979],[2.93073104]
[3.30908208],[1.09244913],[2.89917032]
[3.3081219],[1.08632965],[2.85862962]
[3.30837922],[1.08084622],[2.83200268]
[3.30971625],[1.07446584],[2.78992043]
[3.31079114],[1.06117276],[2.73887838]
[3.31152866],[1.05229432],[2.67200744]
[3.3125907],[1.04712122],[2.62380836]
[3.30636783],[1.04102967],[2.57519805]
[3.2952149],[1.03373493],[2.52020201]
[3.28457615],[1.02659381],[2.47267541]
[3.27419587],[1.01943698],[2.42534213]
[3.26265687],[1.01169145],[2.37988545]
[3.25094149],[1.00319949],[2.33746162]
[3.23810483],[0.99754441],[2.30223203]
[3.22472611],[0.99122928],[2.26937932]
[3.20790326],[0.98379183],[2.23186423]
[3.1992362],[0.97738809],[2.20401618]
[3.18993409],[0.9710016],[2.17470225]
[8.58187359],[1.43688244],[8.24879045]
[6.50177474],[1.2294169],[4.8834124]
[5.11566964],[0.95404689],[3.24989887]
[3.751976],[0.86390853],[2.05437346]
[2.48810291],[0.72290891],[1.40523575]
[2.75197056],[0.83583101],[1.81547097]
[2.72390638],[0.97162309],[1.87381711]
[2.67396541],[1.01010691],[2.4044661]
[2.67601746],[1.06326994],[2.61591485]
[2.65145943],[1.15847779],[2.73511841]
[2.82185134],[1.26866496],[3.06710227]
[3.05921018],[1.25113898],[3.31649903]
[3.14581326],[1.26738305],[3.5728793]
[3.21427352],[1.20574093],[3.55584704]
[3.24059426],[1.21210513],[3.44745268]
[3.27758105],[1.21598854],[3.31566708]
[3.28533015],[1.22250518],[3.3328493]
[3.30084982],[1.22564062],[3.26080933]
[3.29882388],[1.23050815],[3.32378437]
[3.31419995],[1.235782],[3.29276634]
[3.3111136],[1.24029296],[3.33410158]
[3.32437574],[1.24238243],[3.30724412]
[3.31432852],[1.24262661],[3.34196364]
[3.35504634],[1.24183043],[3.31906581]
[3.31181095],[1.23964765],[3.32482715]
[3.39097354],[1.2367539],[3.30374068]
[3.30832276],[1.2327379],[3.28318308]
[3.46572308],[1.22673607],[3.27294751]
[3.31229147],[1.2182314],[3.22825706]
[3.49152251],[1.21062406],[3.23001701]
[3.3360627],[1.2029051],[3.19263875]
[3.5098984],[1.19336668],[3.18197368]
[3.38101364],[1.18277024],[3.14320242]
[3.52868118],[1.17745045],[3.1576312]
[3.35204714],[1.16863437],[3.09303772]
[3.51310055],[1.15765387],[3.10618626]
[3.3244599],[1.14839039],[3.03369276]
[3.32211939],[1.14029584],[3.00667435]
[3.31975727],[1.12887321],[2.96926468]
[3.32022856],[1.1185955],[2.94766008]
[3.32163166],[1.09859503],[2.90335155]
[3.32270159],[1.08286984],[2.8535337]
[3.32355925],[1.06963199],[2.78385791]
[3.32467599],[1.0586288],[2.70407449]
[3.31981563],[1.05239377],[2.64513104]
[3.31041171],[1.04515445],[2.59122981]
[3.30182516],[1.03778284],[2.54238061]
[3.29381216],[1.0305622],[2.49584126]
[3.28378726],[1.02347877],[2.45056821]
[3.27104634],[1.01506131],[2.39849717]
[3.26087094],[1.00756745],[2.35479295]
[3.25051609],[1.00033443],[2.32157574]
[3.23673387],[0.99289359],[2.28505782]
[3.22723032],[0.98667416],[2.25341527]
[3.21842257],[0.98014973],[2.22028296]
[8.64955224],[1.4578635],[8.54480691]
[6.52334366],[1.26871484],[5.12058856]
[5.17101286],[1.0085529],[3.37351521]
[3.74239613],[0.87196683],[2.12008785]
[2.46864004],[0.74681718],[1.4435231]
[2.76930854],[0.84313274],[1.86325857]
[2.73107789],[0.98555443],[1.89288006]
[2.67789288],[1.01881625],[2.46586894]
[2.6800701],[1.08745853],[2.71615942]
[2.65565006],[1.19616301],[2.82526976]
[2.92891671],[1.28067776],[3.16917683]
[3.1412784],[1.26374636],[3.39820831]
[3.19963052],[1.28099644],[3.64147637]
[3.25188486],[1.23039483],[3.61382183]
[3.26808628],[1.23171084],[3.49470664]
[3.29965651],[1.23551684],[3.36369356]
[3.30304654],[1.24180415],[3.36234231]
[3.3180416],[1.24485159],[3.30119059]
[3.31315523],[1.24944742],[3.34867019]
[3.34978321],[1.25442567],[3.33352704]
[3.3227418],[1.25863962],[3.36993318]
[3.49619523],[1.2608536],[3.38487828]
[3.3333602],[1.26065826],[3.37777836]
[3.5596751],[1.25988623],[3.40824274]
[3.38671379],[1.25775003],[3.37151842]
[3.5750837],[1.25586428],[3.3918822]
[3.43258093],[1.25210731],[3.33983113]
[3.61962195],[1.24635843],[3.36476783]
[3.4678597],[1.23562591],[3.28194817]
[3.63864973],[1.22762473],[3.31443806]
[3.51623853],[1.21948929],[3.25238416]
[3.65403422],[1.20964554],[3.26404745]
[3.55499069],[1.19834005],[3.20525494]
[3.66601525],[1.19351107],[3.23479037]
[3.57270297],[1.18473595],[3.16313373]
[3.65693742],[1.17373998],[3.17979775]
[3.56326828],[1.16434524],[3.10063978]
[3.5410378],[1.15578298],[3.06801613]
[3.50233753],[1.14509846],[3.02334319]
[3.48786185],[1.13524937],[2.99648023]
[3.49260091],[1.12572923],[2.97447804]
[3.47977213],[1.09357589],[2.92981749]
[3.44042751],[1.08263488],[2.86125213]
[3.44597106],[1.07024237],[2.79305955]
[3.33434877],[1.05998846],[2.69747931]
[3.3242691],[1.05326013],[2.64449999]
[3.31785612],[1.04628397],[2.59804617]
[3.3110988],[1.03919276],[2.54964706]
[3.3032502],[1.03230349],[2.50704089]
[3.29302876],[1.02460961],[2.45845836]
[3.28167685],[1.01798195],[2.41028745]
[3.27030436],[1.00986951],[2.36624121]
[3.25925607],[1.00226229],[2.33061495]
[3.25185207],[0.99562632],[2.30165247]
[3.2453023],[0.98885319],[2.26916539]
[8.70435036],[1.4730912],[8.69164008]
[6.54948268],[1.28149036],[5.20733878]
[5.19264152],[1.02153443],[3.40910592]
[3.78403995],[0.86690694],[2.12466348]
[2.41683017],[0.74298695],[1.50210632]
[2.77267867],[0.86527038],[1.91436015]
[2.7301992],[1.00475068],[2.2085781]
[2.66392568],[1.03894253],[2.53811734]
[2.67123734],[1.13994728],[2.81738008]
[2.66099609],[1.2251029],[2.93131247]
[3.03816236],[1.30140542],[3.28727349]
[3.19667693],[1.27802402],[3.4774576]
[3.23370489],[1.29231135],[3.69844965]
[3.27969042],[1.25142523],[3.65480162]
[3.28735396],[1.24916102],[3.51047937]
[3.31783424],[1.25316219],[3.39307766]
[3.31820015],[1.25914597],[3.3605367]
[3.40494064],[1.26143746],[3.3409361]
[3.3287004],[1.26574554],[3.36776602]
[3.52711839],[1.27086556],[3.4057185]
[3.45825205],[1.27520817],[3.41451084]
[3.61748343],[1.27750076],[3.45423102]
[3.52911426],[1.27741281],[3.44111316]
[3.66145572],[1.27681652],[3.47547372]
[3.56348365],[1.27484838],[3.43556076]
[3.67423868],[1.27218426],[3.45233241]
[3.59183637],[1.2680788],[3.40087151]
[3.70679285],[1.26167065],[3.420781]
[3.61392849],[1.25058251],[3.35762827]
[3.72009323],[1.24217901],[3.38402207]
[3.64820623],[1.23335356],[3.3306025]
[3.73485153],[1.22337296],[3.34198386]
[3.68358971],[1.21123063],[3.29597256]
[3.74374352],[1.20685849],[3.3139588]
[3.68672465],[1.19823699],[3.25660633]
[3.73531465],[1.1889211],[3.26721859]
[3.67824285],[1.18005281],[3.19973293]
[3.65687708],[1.17155592],[3.17148291]
[3.63334957],[1.16128885],[3.13407881]
[3.62344719],[1.15217985],[3.10858399]
[3.62595932],[1.14235371],[3.08724601]
[3.61838505],[1.10709317],[3.04266015]
[3.59171416],[1.08845201],[2.97138132]
[3.59534629],[1.07798554],[2.90752698]
[3.52621515],[1.06786857],[2.80963013]
[3.39247312],[1.05952254],[2.70144263]
[3.33067438],[1.05321368],[2.6459318]
[3.32574672],[1.04660003],[2.60066542]
[3.31938391],[1.03974963],[2.55698831]
[3.31065965],[1.03270926],[2.50984245]
[3.3015874],[1.02630984],[2.46373041]
[3.29015866],[1.01862977],[2.41541647]
[3.2754418],[1.01141168],[2.36840021]
[3.26442821],[1.00501597],[2.33730339]
[3.25762031],[0.99815346],[2.30684775]
[8.82821894],[1.4868204],[8.85200976]
[6.63130805],[1.29560882],[5.33885948]
[5.32702706],[1.03594934],[3.52967601]
[3.96130872],[0.865616],[2.23016814]
[2.46311162],[0.74751518],[1.59162494]
[2.78320872],[0.88230398],[1.98477485]
[2.74449658],[1.01895937],[2.29079195]
[2.6761465],[1.08896706],[2.7045533]
[2.68476223],[1.20082909],[2.98319181]
[2.85188175],[1.27186169],[3.1746024]
[3.12436999],[1.34368507],[3.48079403]
[3.24262557],[1.32770843],[3.64753871]
[3.26692984],[1.3396136],[3.82907143]
[3.30394745],[1.29192569],[3.81474717]
[3.30827261],[1.28465631],[3.70160497]
[3.38960427],[1.28706778],[3.55386017]
[3.35124032],[1.29312516],[3.50653461]
[3.54220371],[1.29584224],[3.47725643]
[3.47344293],[1.29978408],[3.50097432]
[3.63463468],[1.30510448],[3.54382192]
[3.59687651],[1.30894456],[3.55141379]
[3.72375275],[1.31101484],[3.59994956]
[3.64768034],[1.30933856],[3.57694995]
[3.75611862],[1.30885248],[3.61783594]
[3.67141707],[1.30708675],[3.57196381]
[3.76346165],[1.30393536],[3.59500135]
[3.68960904],[1.29923245],[3.53999821]
[3.78510983],[1.29353413],[3.56358165]
[3.70590901],[1.28277988],[3.49787111]
[3.79476893],[1.27489827],[3.52668589]
[3.73148252],[1.26647844],[3.47222002]
[3.80728088],[1.25781927],[3.48844987]
[3.77328046],[1.2460351],[3.4448314]
[3.81260938],[1.24201307],[3.46032077]
[3.78185173],[1.23359332],[3.41027658]
[3.80877824],[1.22408772],[3.41466371]
[3.77920197],[1.21521007],[3.35770063]
[3.7603717],[1.20670646],[3.32935933]
[3.74488501],[1.19659467],[3.29388646]
[3.73836362],[1.18773517],[3.26773739]
[3.73953895],[1.17852331],[3.24652401]
[3.73609076],[1.14580053],[3.20354114]
[3.71900786],[1.10807157],[3.13245171]
[3.72293958],[1.08918881],[3.0648643]
[3.67906728],[1.07921247],[2.97265407]
[3.56147497],[1.06881078],[2.84530993]
[3.45478282],[1.0622298],[2.74640352]
[3.3401611],[1.05652204],[2.66925767]
[3.33367299],[1.05028114],[2.62298457]
[3.32665068],[1.04344727],[2.57468358]
[3.32017129],[1.03697188],[2.53074845]
[3.31063621],[1.02920759],[2.48350401]
[3.29848277],[1.02100781],[2.43090394]
[3.28669917],[1.01292842],[2.38577196]
[3.28247998],[1.00627563],[2.35456]
[8.76086789],[1.5051888],[8.93179205]
[6.60630193],[1.32184947],[5.40472992]
[5.21511216],[1.0731896],[3.4709084]
[3.85753702],[0.86807135],[2.13727628]
[2.38651906],[0.74081472],[1.583485]
[2.78379204],[0.89263139],[2.00063714]
[2.75673221],[1.02879448],[2.33993046]
[2.68732873],[1.12439501],[2.81597927]
[2.74189741],[1.23661674],[3.09248544]
[2.97980764],[1.30454097],[3.31164659]
[3.17233564],[1.36987056],[3.58463336]
[3.26830875],[1.3526893],[3.72831253]
[3.28785631],[1.36468973],[3.9064391]
[3.31912421],[1.32363555],[3.89039396]
[3.32206527],[1.31241375],[3.77337107]
[3.4964564],[1.31151399],[3.65489133]
[3.47107642],[1.31521012],[3.57682249]
[3.61898417],[1.3156288],[3.56673148]
[3.57429863],[1.31955947],[3.57557977]
[3.70970712],[1.32417869],[3.62410497]
[3.67603613],[1.32800683],[3.62227768]
[3.78456818],[1.32925781],[3.66965436]
[3.71726329],[1.3272586],[3.63841189]
[3.80954155],[1.32655912],[3.68127733]
[3.73602172],[1.32367564],[3.62895069]
[3.81436991],[1.31938829],[3.66371552]
[3.74900007],[1.31689861],[3.61265918]
[3.83117893],[1.31269218],[3.6696225]
[3.76315601],[1.30282221],[3.59858521]
[3.83860499],[1.29563105],[3.64643947]
[3.78419156],[1.28698695],[3.57450078]
[3.85040848],[1.27824391],[3.59934217]
[3.83242633],[1.26561038],[3.54731151]
[3.8568553],[1.26165292],[3.56053365]
[3.83939725],[1.25310081],[3.50919282]
[3.85490277],[1.2434242],[3.50872975]
[3.83883592],[1.23456532],[3.45850377]
[3.82282048],[1.22590348],[3.43057723]
[3.81174124],[1.21568014],[3.39624207]
[3.80583244],[1.20707389],[3.37131323]
[3.80688493],[1.1975687],[3.34971333]
[3.80580744],[1.16465444],[3.30673434]
[3.79800006],[1.12630286],[3.23825214]
[3.80254812],[1.09406348],[3.16863474]
[3.77683026],[1.08393982],[3.07766474]
[3.69820708],[1.07353784],[2.95800625]
[3.59821148],[1.06420774],[2.84524073]
[3.49537789],[1.06043791],[2.74552884]
[3.36576567],[1.05522221],[2.66463932]
[3.3396914],[1.04880257],[2.61327026]
[3.3345676],[1.04300893],[2.57148274]
[3.32708547],[1.0358386],[2.52709644]
[3.31668446],[1.02801045],[2.47609748]
[3.30811136],[1.01987669],[2.42983937]
[3.30491947],[1.01268141],[2.39196414]
[8.75854999],[1.52096097],[8.97486555]
[6.59137304],[1.33230949],[5.36598162]
[5.15545882],[1.08771712],[3.41264256]
[3.77845573],[0.86495732],[2.06301085]
[2.32099063],[0.72549852],[1.49219314]
[2.76806818],[0.8941553],[1.97909204]
[2.75860872],[1.03170359],[2.32738923]
[2.69088764],[1.14052553],[2.85775755]
[2.79053659],[1.25937615],[3.15797609]
[3.04794822],[1.3304636],[3.39478747]
[3.19834921],[1.39469664],[3.65955578]
[3.28268958],[1.38042719],[3.81525131]
[3.30028406],[1.39197321],[3.99055632]
[3.34205597],[1.35195421],[3.99153269]
[3.34265126],[1.34201633],[3.87784682]
[3.56312403],[1.33707587],[3.76754718]
[3.54848772],[1.33900903],[3.66775938]
[3.67082631],[1.33923738],[3.64972785]
[3.63878749],[1.34063849],[3.65753535]
[3.75721877],[1.34308231],[3.70563524]
[3.72656251],[1.34447023],[3.69904129]
[3.82113362],[1.34570416],[3.74173659]
[3.7628503],[1.34373109],[3.70135498]
[3.8421733],[1.34216253],[3.75272902]
[3.77791471],[1.33907734],[3.69902372]
[3.8451101],[1.33440102],[3.74897332]
[3.78783705],[1.33237787],[3.69872619]
[3.85906659],[1.32824321],[3.7553689]
[3.79965773],[1.31772574],[3.68680398]
[3.86609175],[1.30999081],[3.73171757]
[3.81828012],[1.30132196],[3.66200494]
[3.88551908],[1.29259481],[3.68402184]
[3.89518036],[1.28096978],[3.64255026]
[3.88659166],[1.27714636],[3.64389883]
[3.89103064],[1.26854755],[3.59428881]
[3.88061911],[1.25890464],[3.58734021]
[3.87620297],[1.25017223],[3.53239055]
[3.85685856],[1.24152994],[3.50076658]
[3.84831826],[1.23131702],[3.46754652]
[3.84490699],[1.2221278],[3.44237698]
[3.84619253],[1.21259013],[3.42089778]
[3.84819494],[1.18055747],[3.38195936]
[3.84279608],[1.14199656],[3.3146563]
[3.84638134],[1.10329532],[3.24423688]
[3.82869717],[1.08832738],[3.15376119]
[3.7704088],[1.07807902],[3.04071705]
[3.6978732],[1.06857598],[2.93320842]
[3.60398434],[1.06256388],[2.8263044]
[3.49249607],[1.05871988],[2.727921]
[3.34894647],[1.05294422],[2.64451491]
[3.34219917],[1.04736783],[2.60114473]
[3.33577289],[1.04070248],[2.55855231]
[3.32622867],[1.03295809],[2.50844184]
[3.31788969],[1.02483297],[2.46276135]
[3.31520582],[1.01701027],[2.42063659]
[8.73788089],[1.5241164],[8.93324468]
[6.56766414],[1.33384606],[5.25457393]
[5.05394934],[1.07987128],[3.29705875]
[3.66848304],[0.85810183],[1.95935159]
[2.23014103],[0.70608059],[1.44743095]
[2.7537878],[0.90429718],[1.96123265]
[2.75129042],[1.03681723],[2.32886423]
[2.67818446],[1.15254404],[2.88563507]
[2.84808955],[1.27765443],[3.20852949]
[3.09272021],[1.35111195],[3.45335286]
[3.21197073],[1.41244597],[3.698356]
[3.28856481],[1.39828001],[3.86223614]
[3.30423462],[1.409454],[4.04373817]
[3.40805883],[1.3750948],[4.07162359]
[3.40509994],[1.3651648],[3.94145079]
[3.63054551],[1.35699605],[3.82613848]
[3.62481418],[1.35878715],[3.72510447]
[3.72303187],[1.35848658],[3.7161927]
[3.70223083],[1.35984959],[3.72287519]
[3.787193],[1.36204005],[3.76447685]
[3.7764911],[1.36306901],[3.76125599]
[3.84334286],[1.36198357],[3.80362658]
[3.80569103],[1.35690171],[3.76693038]
[3.86118857],[1.35353455],[3.81766493]
[3.81766352],[1.35142441],[3.78445075]
[3.86358332],[1.35116367],[3.8329221]
[3.8255542],[1.35267645],[3.8077262]
[3.8865459],[1.35055704],[3.86276349]
[3.85475962],[1.33580379],[3.81303777]
[3.90598799],[1.32506676],[3.84645468]
[3.90042041],[1.31134598],[3.79118591]
[3.95152825],[1.30108787],[3.78808675]
[3.9885308],[1.28814311],[3.73850282]
[3.94987825],[1.28422435],[3.71782566]
[3.95917029],[1.27556686],[3.66184399]
[3.92810129],[1.26585371],[3.64174828]
[3.94043211],[1.25708337],[3.59104391]
[3.90201222],[1.2486179],[3.55408457]
[3.88751268],[1.23835042],[3.51430489]
[3.88121243],[1.22909771],[3.48477993]
[3.88055639],[1.21951196],[3.46267574]
[3.88127858],[1.18648386],[3.42217551]
[3.87053421],[1.14770026],[3.35345118]
[3.87185155],[1.10905614],[3.28206593]
[3.85801453],[1.09048059],[3.19210865]
[3.80940792],[1.07963681],[3.08086566]
[3.74821666],[1.07040331],[2.97649366]
[3.67551465],[1.06384703],[2.87556916]
[3.6011163],[1.06030561],[2.78523556]
[3.48826522],[1.05486708],[2.69438071]
[3.35861206],[1.0495598],[2.61996285]
[3.34281948],[1.04283079],[2.57614782]
[3.33480575],[1.03531514],[2.52822614]
[3.32684102],[1.0272327],[2.48326647]
[3.3181101],[1.02005403],[2.43742827]
[8.83054441],[1.52887923],[8.97320765]
[6.62228712],[1.33699798],[5.2287242]
[5.04634958],[1.07460627],[3.26316659]
[3.66087923],[0.85445552],[1.93341907]
[2.22725635],[0.69824814],[1.50818655]
[2.74763224],[0.91277328],[1.96965026]
[2.76236037],[1.04499459],[2.37833932]
[2.69187995],[1.18719224],[2.97612029]
[2.89176699],[1.3069218],[3.2996106]
[3.13630899],[1.38088442],[3.56708197]
[3.23716362],[1.44050846],[3.80288935]
[3.30394126],[1.43359515],[4.00442037]
[3.32132259],[1.44114875],[4.14945815]
[3.48593301],[1.40833473],[4.21620289]
[3.49147004],[1.39899719],[4.11517598]
[3.67906677],[1.39118818],[4.02252638]
[3.67582449],[1.39283342],[3.8885253]
[3.75801042],[1.39129823],[3.84146893]
[3.74338585],[1.39156631],[3.84230447]
[3.82102781],[1.39435637],[3.90209868]
[3.80901237],[1.3969216],[3.89697383]
[3.86971892],[1.39899519],[3.95891081]
[3.83500344],[1.39819752],[3.94750719]
[3.88715031],[1.39818396],[4.00792421]
[3.86008337],[1.39750384],[3.98601964]
[3.90913604],[1.39552365],[4.03741419]
[3.90284749],[1.39431424],[4.02474439]
[3.95617449],[1.39152628],[4.09098409]
[3.95783288],[1.37916724],[4.03937301]
[3.99499553],[1.36744676],[4.08443068]
[4.01431188],[1.35341526],[4.01950518]
[4.0424768],[1.34045688],[4.00244667]
[4.12084006],[1.32258422],[3.96086596]
[4.04427812],[1.31502784],[3.90977743]
[4.07547598],[1.30277972],[3.85099147]
[4.01068421],[1.28946162],[3.80343902]
[4.02716283],[1.27943614],[3.74155403]
[3.97347179],[1.27120256],[3.68479802]
[3.95218953],[1.26136195],[3.63518109]
[3.94150292],[1.25232607],[3.59781186]
[3.93923883],[1.24286974],[3.5680618]
[3.93993927],[1.21138858],[3.52382996]
[3.93008276],[1.17435856],[3.45153958]
[3.92813973],[1.13801301],[3.37436192]
[3.91300267],[1.10008242],[3.28446731]
[3.85260232],[1.08753453],[3.16715376]
[3.80446581],[1.07799865],[3.06691668]
[3.74542154],[1.06879302],[2.9649004]
[3.66462354],[1.06358558],[2.86030496]
[3.57193258],[1.05942359],[2.76100319]
[3.46836784],[1.05465159],[2.67865675]
[3.34969297],[1.04845874],[2.611153]
[3.34232725],[1.04107838],[2.56330495]
[3.33517848],[1.03327651],[2.51873625]
[3.3286171],[1.0247961],[2.47159142]
[8.84860163],[1.53706566],[9.05410013]
[6.62534118],[1.34350556],[5.21614992]
[4.94483257],[1.10553619],[3.20461555]
[3.55936898],[0.85658477],[1.86687964]
[2.23912324],[0.68636723],[1.52777724]
[2.74201472],[0.92254559],[1.96075193]
[2.77150916],[1.05179794],[2.39069566]
[2.70632445],[1.20644103],[3.02101523]
[2.93780221],[1.32746492],[3.35053273]
[3.17496325],[1.40152189],[3.61856433]
[3.25962169],[1.45456075],[3.84869888]
[3.33642629],[1.45207393],[4.06031479]
[3.34900958],[1.45527306],[4.21930914]
[3.55288287],[1.43050166],[4.2987705]
[3.56418398],[1.42186059],[4.19776461]
[3.71979429],[1.41358317],[4.10863813]
[3.71965265],[1.41581639],[3.9671032]
[3.78911721],[1.41849753],[3.93981604]
[3.77967588],[1.42265401],[3.95784717]
[3.85056935],[1.42650359],[4.0299819]
[3.84213845],[1.43117112],[4.04686832]
[3.90916479],[1.43372173],[4.11462141]
[3.91023516],[1.43369096],[4.1279702]
[3.96020745],[1.43522079],[4.22080472]
[3.96903986],[1.43493717],[4.21629477]
[3.99727234],[1.43278431],[4.28341582]
[4.01872672],[1.43122151],[4.27037169]
[4.04728433],[1.42639913],[4.33367044]
[4.07647479],[1.41390034],[4.29170938]
[4.10302367],[1.40142175],[4.32243005]
[4.14358709],[1.38615116],[4.28386211]
[4.1760538],[1.3731005],[4.25619689]
[4.24834343],[1.35434937],[4.20968116]
[4.18714869],[1.34642709],[4.13572789]
[4.2146723],[1.33305536],[4.06223136]
[4.13207803],[1.3188805],[3.98068265]
[4.16201302],[1.30591684],[3.92943033]
[4.08218447],[1.29277593],[3.84618708]
[4.05500252],[1.27883537],[3.78486137]
[4.03912551],[1.26564333],[3.73354287]
[4.02430549],[1.25161618],[3.6858919]
[4.01463014],[1.21778086],[3.62220039]
[3.99594702],[1.18009673],[3.53233666]
[3.98362512],[1.14407143],[3.434233]
[3.96600621],[1.10540439],[3.33388957]
[3.91626402],[1.08969551],[3.21619388]
[3.84945492],[1.07922454],[3.11155758]
[3.80277497],[1.06999202],[3.01379052]
[3.73457997],[1.06430523],[2.91236058]
[3.64047692],[1.06031147],[2.80350057]
[3.55574009],[1.05588311],[2.72240773]
[3.44270769],[1.04913628],[2.64249632]
[3.34996401],[1.04177718],[2.57930366]
[3.34379976],[1.03432745],[2.53672624]
[3.34064829],[1.02639139],[2.4931783]
[8.97154729],[1.56288459],[9.18662643]
[6.750556],[1.3540786],[5.25184458]
[4.91531639],[1.11534883],[3.179133]
[3.50536263],[0.85528055],[1.82805869]
[2.23027422],[0.67610976],[1.51404536]
[2.73004208],[0.92802642],[1.94684008]
[2.77505024],[1.05977518],[2.38209485]
[2.71037333],[1.22458341],[3.06542295]
[2.97866408],[1.34883834],[3.41150812]
[3.20619289],[1.42110225],[3.6706889]
[3.27766094],[1.4685046],[3.90355832]
[3.3679046],[1.47153246],[4.13739406]
[3.3929076],[1.47150187],[4.30411377]
[3.61491108],[1.45761133],[4.40917855]
[3.63055256],[1.45534904],[4.32490852]
[3.75789476],[1.45054256],[4.28784435]
[3.77118869],[1.45302201],[4.18427633]
[3.83438049],[1.45592578],[4.12963585]
[3.8418347],[1.45923111],[4.13965399]
[3.91479376],[1.46278636],[4.21058819]
[3.95030846],[1.46646269],[4.24751583]
[3.99616684],[1.468117],[4.34251674]
[4.02343377],[1.4682784],[4.36765329]
[4.05015043],[1.46887714],[4.4629399]
[4.08649099],[1.46887461],[4.47849211]
[4.10275394],[1.46690946],[4.52622543]
[4.14695114],[1.46471513],[4.53912451]
[4.18439409],[1.46048127],[4.59387886]
[4.21094513],[1.44871183],[4.57504143]
[4.24130324],[1.43653776],[4.59260569]
[4.26599013],[1.42153801],[4.57049903]
[4.2986716],[1.40779172],[4.54321898]
[4.35494149],[1.3883604],[4.50088898]
[4.32161271],[1.37953573],[4.41351127]
[4.33409234],[1.36630395],[4.3428149]
[4.28132146],[1.35203018],[4.24573539]
[4.29418558],[1.33859055],[4.17024766]
[4.24311798],[1.32512572],[4.06669318]
[4.20738745],[1.31122568],[3.99406702]
[4.18383919],[1.29808745],[3.93369586]
[4.15891408],[1.28408849],[3.87557158]
[4.14068017],[1.24744797],[3.80205167]
[4.10849204],[1.20789704],[3.70030072]
[4.08352107],[1.16560496],[3.5907802]
[4.04756477],[1.12632925],[3.45532255]
[3.98999611],[1.09477918],[3.31474015]
[3.9154117],[1.08411842],[3.19525167]
[3.85466619],[1.07406533],[3.09039959]
[3.80910373],[1.06608319],[2.99217439]
[3.73464556],[1.06228155],[2.8847808]
[3.65523075],[1.05833532],[2.79250971]
[3.57456586],[1.05165672],[2.71178298]
[3.45235688],[1.04414808],[2.62694321]
[3.35331481],[1.03685009],[2.56635838]
[3.34905771],[1.0299838],[2.52317251]
[9.06927549],[1.56835102],[9.24881633]
[6.82730599],[1.35635157],[5.23378222]
[4.87904486],[1.11222274],[3.11183133]
[3.42342079],[0.85018993],[1.76349445]
[2.2547431],[0.6618949],[1.53789673]
[2.71487723],[0.94310529],[1.93994348]
[2.74365145],[1.08156811],[2.38149918]
[2.74225958],[1.24494591],[3.10939359]
[3.03134583],[1.36884184],[3.47099752]
[3.23295918],[1.4400759],[3.7109476]
[3.29713975],[1.48246115],[3.94773105]
[3.45020414],[1.48905735],[4.20898963]
[3.50039589],[1.48680167],[4.41802745]
[3.68138321],[1.49367532],[4.54214318]
[3.71374912],[1.49258366],[4.49822862]
[3.82690615],[1.48891417],[4.50686411]
[3.86569818],[1.48846145],[4.44061635]
[3.9253367],[1.49103622],[4.39868699]
[3.96621551],[1.49318463],[4.34389668]
[4.01285461],[1.49599137],[4.4456405]
[4.06989631],[1.49831354],[4.48254519]
[4.10258947],[1.49920214],[4.57578795]
[4.15606243],[1.49981829],[4.61775242]
[4.19065789],[1.50121593],[4.7049749]
[4.22348707],[1.50216958],[4.74438079]
[4.24538204],[1.50091055],[4.79359007]
[4.27078612],[1.49944053],[4.81818369]
[4.3076752],[1.49475931],[4.86445336]
[4.32218039],[1.48184994],[4.85079435]
[4.35266841],[1.46893249],[4.85609933]
[4.36577465],[1.45409741],[4.83866552]
[4.39825069],[1.44057464],[4.81265789]
[4.44057087],[1.4211626],[4.77209526]
[4.43809038],[1.41293297],[4.69007382]
[4.43352222],[1.3994233],[4.62096086]
[4.40060007],[1.38496248],[4.51973237]
[4.40295575],[1.37232785],[4.44966543]
[4.37220996],[1.36053912],[4.34934695]
[4.3404458],[1.34846108],[4.26561393]
[4.32389684],[1.33703959],[4.19974694]
[4.31114212],[1.32428193],[4.13960192]
[4.30321545],[1.29026426],[4.06343253]
[4.28418723],[1.25278018],[3.96753472]
[4.26883806],[1.21203757],[3.85255168]
[4.22678027],[1.17669711],[3.70328741]
[4.16338638],[1.13444702],[3.51893073]
[4.06305397],[1.09369536],[3.35544027]
[3.9725736],[1.07978644],[3.22414483]
[3.87672156],[1.06778231],[3.09435719]
[3.80060271],[1.0639562],[2.97046953]
[3.7416346],[1.05994129],[2.86822684]
[3.68226154],[1.05356366],[2.78424098]
[3.59437978],[1.04619051],[2.69798871]
[3.49385245],[1.03902351],[2.62201445]
[3.36729637],[1.03297519],[2.55171188]
[9.2477985],[1.5806187],[9.40146994]
[6.93892181],[1.36426981],[5.3120797]
[4.94655849],[1.11911916],[3.14595868]
[3.44075435],[0.84932734],[1.79906693]
[2.26411005],[0.66184191],[1.59693224]
[2.70843784],[0.95340122],[1.94814241]
[2.74510882],[1.12176733],[2.45847688]
[2.79627399],[1.27623504],[3.21145498]
[3.06655275],[1.39860864],[3.56883859]
[3.27403458],[1.46710488],[3.82738865]
[3.33312611],[1.50487535],[4.05884312]
[3.52492995],[1.52622586],[4.40550114]
[3.5808168],[1.52913158],[4.60472603]
[3.75253009],[1.53663623],[4.75318515]
[3.80485598],[1.53670628],[4.73428971]
[3.9037995],[1.53321267],[4.81318723]
[3.98434367],[1.53190634],[4.80595746]
[4.03161855],[1.5334482],[4.7803361]
[4.08726804],[1.5365146],[4.71873045]
[4.12607944],[1.53991383],[4.75948297]
[4.20021557],[1.54302732],[4.80329879]
[4.23869393],[1.54447689],[4.88403414]
[4.27160058],[1.54474926],[4.93948949]
[4.30522132],[1.54561272],[5.02946808]
[4.32479639],[1.54618552],[5.07840499]
[4.3485947],[1.54544823],[5.13549854]
[4.36304281],[1.54448336],[5.16354371]
[4.39900453],[1.54109306],[5.20702709]
[4.40597669],[1.53009355],[5.19083469]
[4.44145764],[1.51736753],[5.19890563]
[4.44222611],[1.50266604],[5.16312645]
[4.49782507],[1.48926714],[5.15363726]
[4.52631357],[1.47053046],[5.12985252]
[4.55725143],[1.46427175],[5.06844958]
[4.54361259],[1.45263084],[5.01110506]
[4.54081514],[1.44009316],[4.92855968]
[4.51908926],[1.42825961],[4.86637931]
[4.51827744],[1.41627097],[4.77749759]
[4.47345939],[1.40339459],[4.69036208]
[4.45987502],[1.39222968],[4.62415816]
[4.44667757],[1.37951478],[4.55794471]
[4.43929475],[1.34917978],[4.47581362]
[4.42610511],[1.31328644],[4.35677242]
[4.40672794],[1.27569782],[4.21138026]
[4.3759921],[1.23814402],[4.02211457]
[4.33075436],[1.19705637],[3.84174942]
[4.25681447],[1.15927762],[3.65461595]
[4.14519457],[1.11962547],[3.46047848]
[4.03881463],[1.08615769],[3.31381846]
[3.93015033],[1.07307212],[3.16852584]
[3.84893268],[1.06544815],[3.04312017]
[3.77648687],[1.05950076],[2.92281517]
[3.68498322],[1.0519437],[2.79894922]
[3.5997071],[1.04618358],[2.71142286]
[3.50422479],[1.04008064],[2.62749843]
[9.32799896],[1.59806729],[9.61333472]
[6.9736975],[1.38436375],[5.4058658]
[4.90124754],[1.15916531],[3.1428581]
[3.34649087],[0.86276066],[1.77117489]
[2.27713992],[0.65602642],[1.60570343]
[2.70224538],[0.96364659],[1.93758124]
[2.74788405],[1.1438699],[2.47609877]
[2.84766721],[1.29569439],[3.2644774]
[3.10367945],[1.42132596],[3.62718071]
[3.31172409],[1.4982231],[3.89693213]
[3.36167716],[1.53934988],[4.14121977]
[3.58211709],[1.55791024],[4.57351139]
[3.66976108],[1.56446815],[4.77991292]
[3.81716839],[1.57246839],[4.91536025]
[3.87519372],[1.57225356],[4.91409135]
[3.99363373],[1.56991081],[5.01563285]
[4.08734111],[1.56833193],[5.03496294]
[4.13792681],[1.57099511],[5.0415176]
[4.21231078],[1.57460494],[5.02160499]
[4.25654564],[1.57870807],[5.06692232]
[4.31053265],[1.58265819],[5.11800551]
[4.35116935],[1.58578696],[5.20095266]
[4.37206056],[1.58815696],[5.26630076]
[4.40460623],[1.59147551],[5.36321024]
[4.41296097],[1.59486016],[5.43030749]
[4.43935657],[1.59503165],[5.51548525]
[4.44278525],[1.59573678],[5.57603767]
[4.50094167],[1.59504853],[5.66105156]
[4.49029142],[1.58595026],[5.65454382]
[4.57106746],[1.57251197],[5.68789973]
[4.55220424],[1.55758633],[5.63695675]
[4.64033448],[1.54377004],[5.64029617]
[4.65935569],[1.52364441],[5.59333828]
[4.72092308],[1.51559166],[5.53647724]
[4.69462493],[1.50270577],[5.44618348]
[4.71361398],[1.4891266],[5.35687603]
[4.67024631],[1.47755037],[5.27755506]
[4.68875552],[1.46560308],[5.18448228]
[4.6353739],[1.45289822],[5.08912535]
[4.62346369],[1.44089064],[5.01730767]
[4.61117182],[1.42728205],[4.94626976]
[4.59999304],[1.39591145],[4.86108494]
[4.58350746],[1.36138018],[4.73841372]
[4.55876146],[1.32675387],[4.58944604]
[4.51184905],[1.29012763],[4.38143712]
[4.45988588],[1.24768965],[4.12898077]
[4.40961158],[1.20953461],[3.93641256]
[4.33637682],[1.16984976],[3.74082731]
[4.23820606],[1.12719538],[3.53796143]
[4.09520472],[1.08706318],[3.35648588]
[3.99765859],[1.07198402],[3.21774009]
[3.89779798],[1.0651029],[3.08606729]
[3.82872428],[1.05751173],[2.95227392]
[3.75664804],[1.05053694],[2.84053111]
[3.66587723],[1.04327914],[2.73515055]
[9.42813437],[1.62735125],[9.83840266]
[7.06534796],[1.40525295],[5.5171625]
[4.99572028],[1.1803205],[3.18016848]
[3.30587254],[0.86541426],[1.75545741]
[2.2448038],[0.65005349],[1.57286421]
[2.6787459],[0.96678049],[1.92315928]
[2.74372731],[1.16286354],[2.4729679]
[2.8882252],[1.31394723],[3.31167987]
[3.1284327],[1.45409916],[3.69895163]
[3.33994788],[1.53035561],[3.98922315]
[3.39016529],[1.5712605],[4.25160134]
[3.65887606],[1.58281024],[4.7458081]
[3.74992555],[1.59590122],[4.94236571]
[3.87634708],[1.60551642],[5.08013906]
[3.97178951],[1.6073293],[5.11273211]
[4.07670247],[1.60701608],[5.22610766]
[4.20081968],[1.6071802],[5.28019367]
[4.25990834],[1.61050386],[5.34521678]
[4.31150284],[1.6157748],[5.37067641]
[4.35461027],[1.62103872],[5.43367648]
[4.39367736],[1.62666696],[5.5041845]
[4.43688656],[1.63562357],[5.59416303]
[4.45696063],[1.64625643],[5.70031102]
[4.51606082],[1.6552226],[5.82348113]
[4.50944127],[1.66554671],[5.9247652]
[4.58540532],[1.67569223],[6.02250442]
[4.56674681],[1.68773535],[6.10091305]
[4.66061369],[1.68965048],[6.19533791]
[4.6342087],[1.68522496],[6.21274475]
[4.73478585],[1.67120885],[6.24890187]
[4.69532288],[1.6459541],[6.18707669]
[4.80059947],[1.61853516],[6.20348706]
[4.80175749],[1.57678671],[6.13215943]
[4.89674439],[1.57019464],[6.10097708]
[4.84942823],[1.55626175],[5.96017497]
[4.9055491],[1.54124118],[5.8789531]
[4.82823454],[1.52765124],[5.75610437]
[4.87171877],[1.51427503],[5.66751568]
[4.80315327],[1.5006571],[5.53845217]
[4.7904095],[1.4877049],[5.45105503]
[4.77875701],[1.47418361],[5.36745238]
[4.76736065],[1.44865108],[5.2719305]
[4.75234973],[1.41845268],[5.14263157]
[4.7248541],[1.38558409],[4.99679218]
[4.6764895],[1.34899696],[4.79503047]
[4.6247113],[1.30625814],[4.52680658]
[4.56996278],[1.26755146],[4.28240728]
[4.49419612],[1.2268752],[4.05124766]
[4.41838836],[1.18331301],[3.85224475]
[4.3208587],[1.13912962],[3.62742849]
[4.20709403],[1.09491503],[3.44075224]
[4.07967552],[1.07392146],[3.2877117]
[3.96434428],[1.06765995],[3.13108141]
[3.89170631],[1.06021737],[3.0114823]
[3.83119156],[1.05217271],[2.89630313]
[9.52377043],[1.64517023],[9.97173225]
[7.12079829],[1.41644402],[5.54397114]
[5.02184829],[1.18631714],[3.15955802]
[3.26075332],[0.86072871],[1.71160793]
[2.23225192],[0.64821255],[1.5664717]
[2.63814498],[0.97531332],[1.90647097]
[2.72362602],[1.19004958],[2.49483005]
[2.92718303],[1.34686144],[3.3800136]
[3.15091508],[1.48602942],[3.79469964]
[3.38042831],[1.5613867],[4.09050992]
[3.49922876],[1.59943621],[4.36786907]
[3.72802113],[1.61150178],[4.88327182]
[3.82539601],[1.62821191],[5.11717904]
[3.95090588],[1.63967316],[5.26628585]
[4.07748533],[1.64391287],[5.33734035]
[4.22086941],[1.64555036],[5.48917468]
[4.32803736],[1.659554],[5.60450019]
[4.38950134],[1.67254967],[5.70785994]
[4.42550801],[1.68719897],[5.81239156]
[4.47352803],[1.69926074],[5.88095745]
[4.49994617],[1.71075202],[6.03186092]
[4.58312329],[1.72138219],[6.10706196]
[4.57708687],[1.73309844],[6.26408789]
[4.67117038],[1.74310418],[6.34348169]
[4.64579917],[1.75520587],[6.48612985]
[4.74065415],[1.76654483],[6.56965812]
[4.70187659],[1.77912312],[6.68973949]
[4.81386858],[1.78075186],[6.76420469]
[4.77065295],[1.77893083],[6.82306671]
[4.90654043],[1.76834257],[6.83622524]
[4.83230234],[1.74312359],[6.81547237]
[4.99173074],[1.72152264],[6.82244583]
[4.99215017],[1.66450263],[6.74599137]
[5.09029635],[1.65765277],[6.75939369]
[5.09322907],[1.60828668],[6.57923968]
[5.1318918],[1.59652006],[6.4926667]
[5.07208143],[1.57880014],[6.32219659]
[5.09657747],[1.5649633],[6.22447057]
[5.02999257],[1.55068963],[6.05372769]
[5.0038227],[1.53675838],[5.94738382]
[4.98557612],[1.52164971],[5.84606304]
[4.97006133],[1.49817271],[5.73685359]
[4.95232053],[1.46762532],[5.5953156]
[4.91072926],[1.43820746],[5.42987113]
[4.84829641],[1.40498825],[5.2196828]
[4.79646269],[1.36598303],[4.92859369]
[4.74825177],[1.32762962],[4.67892953]
[4.68573511],[1.28809198],[4.42720953]
[4.59737795],[1.24562665],[4.17213724]
[4.48763119],[1.20043772],[3.93525169]
[4.41226267],[1.15475088],[3.72387813]
[4.3205399],[1.10382872],[3.53121642]
[4.18750851],[1.07601605],[3.34193289]
[4.05948161],[1.06934418],[3.19419348]
[3.95557885],[1.06151353],[3.05968192]
[9.72249548],[1.67116461],[10.205655]
[7.30683766],[1.4320092],[5.6729012]
[5.15484035],[1.19599718],[3.23041745]
[3.31723672],[0.85884341],[1.75005067]
[2.25512322],[0.65816097],[1.62822999]
[2.64695713],[0.98691792],[1.93316571]
[2.73993521],[1.24412077],[2.62447289]
[2.98799966],[1.39486247],[3.53760862]
[3.20781409],[1.52948494],[3.97928789]
[3.48579574],[1.60206636],[4.31615557]
[3.62353295],[1.63671436],[4.67549424]
[3.81736821],[1.65106815],[5.13309287]
[3.93206075],[1.66898913],[5.38568852]
[4.0658285],[1.68081009],[5.53464063]
[4.23960632],[1.68608352],[5.68646245]
[4.37995851],[1.7190827],[5.85918536]
[4.44959496],[1.7401298],[6.07671056]
[4.50311934],[1.75456631],[6.14898536]
[4.52509154],[1.76999297],[6.31567054]
[4.61330596],[1.78226112],[6.39313204]
[4.61292317],[1.79403206],[6.56271677]
[4.72686746],[1.80494149],[6.64890416]
[4.70557959],[1.8169677],[6.80213417]
[4.81634929],[1.82732356],[6.92231045]
[4.77496549],[1.83983151],[7.07307543]
[4.89675299],[1.85154426],[7.20090667]
[4.83031488],[1.86469678],[7.3164891]
[4.98642971],[1.86715894],[7.46988459]
[4.9135882],[1.86861688],[7.51436602]
[5.07350805],[1.86200923],[7.6005162]
[5.02442574],[1.83593934],[7.58936084]
[5.16496465],[1.81638874],[7.60292042]
[5.19344292],[1.76976918],[7.58624791]
[5.26764095],[1.76361222],[7.57874632]
[5.29862544],[1.70233126],[7.44118241]
[5.32771919],[1.69425474],[7.31606997]
[5.28738885],[1.66488354],[7.11794518]
[5.28310031],[1.63636515],[6.97474746]
[5.23801551],[1.61137193],[6.74613553]
[5.20494761],[1.59680281],[6.58078341]
[5.18555245],[1.58182155],[6.44627879]
[5.16705185],[1.55467331],[6.31072384]
[5.14656251],[1.52466311],[6.15337643]
[5.100723],[1.4956916],[5.97156792]
[5.03736584],[1.46076818],[5.75252573]
[4.97591901],[1.42690264],[5.46207001]
[4.91963784],[1.39390299],[5.16032735]
[4.85688583],[1.3573955],[4.89131842]
[4.7710845],[1.3171447],[4.63278901]
[4.66321192],[1.27539978],[4.33984077]
[4.55897989],[1.23360189],[4.08663759]
[4.47897829],[1.19179145],[3.87564903]
[4.38745749],[1.12748395],[3.64569592]
[4.28119359],[1.0856793],[3.4705903]
[4.14241507],[1.07568037],[3.29115717]
[9.82098894],[1.70035831],[10.48359102]
[7.3437895],[1.45692971],[5.83088538]
[5.18526166],[1.23564702],[3.33450319]
[3.35714815],[0.88119177],[1.77598769]
[2.3039177],[0.66415922],[1.69001772]
[2.67727801],[1.00699386],[1.97457681]
[2.85322828],[1.29277815],[2.79427122]
[3.09307966],[1.44000445],[3.70112066]
[3.31107568],[1.57083581],[4.16872739]
[3.61334263],[1.63553617],[4.57322201]
[3.75083168],[1.67046946],[4.93789072]
[3.91062239],[1.68579975],[5.37307216]
[4.06752417],[1.7030428],[5.65662275]
[4.2229633],[1.71459168],[5.84698068]
[4.38603611],[1.75431873],[6.07406515]
[4.5053225],[1.79380148],[6.28575436]
[4.55040638],[1.81476527],[6.53954706]
[4.64334113],[1.83087903],[6.64462446]
[4.64270373],[1.8487479],[6.82290093]
[4.75716279],[1.86259699],[6.93710716]
[4.73794685],[1.87627771],[7.10439424]
[4.87035751],[1.88901068],[7.23886945]
[4.83420261],[1.90297274],[7.38632219]
[4.98979301],[1.91438656],[7.55276995]
[4.91788889],[1.92776171],[7.68611562]
[5.06652529],[1.94006082],[7.8923123]
[5.007949],[1.9527404],[8.01051664]
[5.15104583],[1.95595321],[8.19802849]
[5.20521484],[1.95924001],[8.29886934]
[5.24876993],[1.95733137],[8.38176327]
[5.35303192],[1.93856818],[8.42945853]
[5.3443967],[1.92182587],[8.4265245]
[5.4663445],[1.88951803],[8.45162872]
[5.50003878],[1.87841947],[8.4100486]
[5.58306684],[1.83841562],[8.36187537]
[5.52472441],[1.82893413],[8.19993493]
[5.50677463],[1.79918267],[8.03815932]
[5.47372908],[1.76795041],[7.85810132]
[5.44589515],[1.7359031],[7.67093163]
[5.40148308],[1.69934889],[7.46001747]
[5.37679358],[1.66926852],[7.25531523]
[5.35408399],[1.63932363],[7.05241022]
[5.32633609],[1.59615861],[6.82376643]
[5.27334151],[1.55171243],[6.56509997]
[5.20611974],[1.51684749],[6.28975451]
[5.13810703],[1.48132337],[5.98230179]
[5.07833316],[1.44624789],[5.66244428]
[5.03101135],[1.41323856],[5.34987208]
[4.94717209],[1.37710837],[5.04640477]
[4.83540601],[1.33931411],[4.75412669]
[4.73370933],[1.30252247],[4.47703716]
[4.63338904],[1.26122974],[4.21047487]
[4.53264975],[1.19793857],[3.95311368]
[4.45891249],[1.1572985],[3.74357965]
[4.36681365],[1.09515458],[3.54441901]
[9.98591902],[1.7587535],[10.81733058]
[7.45567232],[1.48203749],[6.00351602]
[5.30262252],[1.26268895],[3.44476048]
[3.48351883],[0.8979126],[1.83556016]
[2.3229132],[0.67237179],[1.73141759]
[2.70749049],[1.02364394],[2.02282184]
[2.96215937],[1.33685868],[2.94661289]
[3.19285722],[1.47828244],[3.85591026]
[3.39944581],[1.6064087],[4.33851449]
[3.72618905],[1.66470325],[4.81945816]
[3.86452385],[1.70183787],[5.20684011]
[4.0227071],[1.71690069],[5.61961898]
[4.206856],[1.73336669],[5.95237127]
[4.37766334],[1.77085749],[6.21550298]
[4.50134648],[1.81916291],[6.50458616]
[4.62434536],[1.85724205],[6.7392307]
[4.67267656],[1.87872802],[6.98541537]
[4.7874507],[1.89286568],[7.14214243]
[4.77124159],[1.9102462],[7.30411751]
[4.90856272],[1.92401777],[7.46099243]
[4.86462831],[1.93795847],[7.61240288]
[5.04128276],[1.95163446],[7.79771977]
[5.00416853],[1.96650246],[7.92382758]
[5.14107234],[1.97892398],[8.15664092]
[5.11559849],[1.99362746],[8.31984623]
[5.23124115],[2.00723912],[8.53959742]
[5.2919401],[2.01995477],[8.7333228]
[5.39168023],[2.02672084],[8.93209997]
[5.54690519],[2.03679521],[9.12513633]
[5.56095613],[2.03713044],[9.19891673]
[5.70840603],[2.02449426],[9.33881113]
[5.7213758],[2.01074442],[9.33469614]
[5.84405289],[1.98510474],[9.44261638]
[5.92815396],[1.97418548],[9.40192679]
[5.99792665],[1.94396635],[9.40202251]
[6.04843118],[1.93120237],[9.27222467]
[5.9234042],[1.90976565],[9.08495338]
[5.82884625],[1.88281184],[8.82856166]
[5.73373083],[1.85461133],[8.6179899]
[5.60220703],[1.8225131],[8.36164862]
[5.57302617],[1.79063004],[8.14799707]
[5.54652317],[1.75763099],[7.93033845]
[5.51419211],[1.70879521],[7.67627902]
[5.45254264],[1.65777849],[7.4085668]
[5.380627],[1.58791835],[7.08173048]
[5.30841575],[1.538446],[6.65394134]
[5.2418066],[1.5053315],[6.24447592]
[5.18358313],[1.46994631],[5.89305456]
[5.10791484],[1.4331268],[5.55716537]
[5.01460932],[1.39738218],[5.20385572]
[4.90107453],[1.36523442],[4.90840127]
[4.79567495],[1.32963052],[4.63288738]
[4.68723984],[1.26674218],[4.32343957]
[4.58699113],[1.22892787],[4.06498562]
[4.52372481],[1.17223548],[3.84937648]
[10.08444309],[1.78665077],[11.01308359]
[7.48953927],[1.49295075],[6.09850634]
[5.34929482],[1.28372984],[3.51578116]
[3.55795849],[0.91629156],[1.86406605]
[2.38203831],[0.73590622],[1.80832616]
[2.70933749],[1.05175021],[2.06907554]
[3.04246382],[1.38299899],[3.11617034]
[3.29317707],[1.51936349],[4.02078497]
[3.5177375],[1.63734715],[4.55039028]
[3.82335914],[1.6950571],[5.04956094]
[4.00407326],[1.73181844],[5.4808316]
[4.13309269],[1.74673174],[5.9137011]
[4.35460007],[1.7923335],[6.292939]
[4.50618461],[1.83702735],[6.67344778]
[4.603827],[1.8830231],[6.9543061]
[4.77960119],[1.91571172],[7.20835555]
[4.81060166],[1.93550488],[7.46438527]
[4.95126658],[1.94820975],[7.67641578]
[4.90614744],[1.96659356],[7.81721061]
[5.07563599],[1.98073557],[8.03585527]
[5.0444439],[1.99575943],[8.16765691]
[5.1812253],[2.0094842],[8.39969076]
[5.19106899],[2.02460125],[8.55284852]
[5.31172795],[2.0378815],[8.79222284]
[5.31574506],[2.05192995],[9.00923897]
[5.41134479],[2.06480655],[9.2255019]
[5.593257],[2.08087897],[9.4740099]
[5.7207518],[2.09014557],[9.6891337]
[5.89144275],[2.10102278],[9.97386783]
[5.96789262],[2.10120261],[10.10897462]
[6.05636161],[2.0905625],[10.30544586]
[6.14600024],[2.07950908],[10.39627437]
[6.22072431],[2.05916881],[10.52067999]
[6.35788961],[2.04995251],[10.57124834]
[6.40459919],[2.02643742],[10.54424109]
[6.51694884],[2.01586775],[10.55719675]
[6.4429365],[1.99887804],[10.33936319]
[6.38804145],[1.98122958],[10.13591938]
[6.25736172],[1.95738972],[9.83910506]
[6.19526306],[1.92970856],[9.60286879]
[6.03207253],[1.90051373],[9.30950915]
[5.8875745],[1.87111263],[9.02569272]
[5.80449579],[1.83107602],[8.6927769]
[5.6308709],[1.78230011],[8.30839148]
[5.5562821],[1.72630711],[7.94652351]
[5.48072179],[1.65917537],[7.47593444]
[5.41103682],[1.57621432],[6.98421773]
[5.34767774],[1.52642051],[6.46884588]
[5.279631],[1.49025638],[6.08980297]
[5.17327523],[1.45506356],[5.71404109]
[5.07711242],[1.42400474],[5.3752266]
[4.98269013],[1.38852307],[5.06435443]
[4.85729952],[1.33013981],[4.74652271]
[4.75665443],[1.29097109],[4.46025914]
[4.65637857],[1.23682282],[4.17969494]
[10.23372297],[1.8339551],[11.36087936]
[7.71833577],[1.51081831],[6.3080817]
[5.52978858],[1.31385019],[3.68810817]
[3.72727986],[0.94372302],[1.97728342]
[2.45411647],[0.77355581],[1.94764747]
[2.75521227],[1.13744291],[2.17021914]
[3.13938682],[1.43461053],[3.33647412]
[3.41140909],[1.56349609],[4.26594199]
[3.67061922],[1.67029198],[4.83325826]
[3.92549928],[1.72784263],[5.3447067]
[4.13792298],[1.76244779],[5.80214785]
[4.29884582],[1.77737323],[6.25404121]
[4.47080903],[1.85857442],[6.7319087]
[4.62972364],[1.90233609],[7.13009615]
[4.73055196],[1.94112915],[7.43406382]
[4.91895254],[1.97023721],[7.73861333]
[4.9412043],[1.99069566],[7.97929897]
[5.09566393],[2.00409543],[8.26433438]
[5.07512803],[2.02260073],[8.40542308]
[5.19757748],[2.03749561],[8.64250697]
[5.20430605],[2.05267378],[8.80829631]
[5.32810287],[2.06680834],[9.03986618]
[5.37065981],[2.08075116],[9.25137498]
[5.47213009],[2.09247676],[9.48129854]
[5.5819331],[2.10773585],[9.74437381]
[5.71259795],[2.12263329],[9.96737234]
[5.93319284],[2.13742326],[10.33126663]
[6.10608979],[2.14730827],[10.62462181]
[6.24302786],[2.16036398],[10.99016324]
[6.3719356],[2.16322568],[11.25099903]
[6.41070696],[2.15430334],[11.47179585]
[6.55685735],[2.14231826],[11.7743732]
[6.61602476],[2.12482069],[11.86992021]
[6.70887908],[2.11565241],[11.99434673]
[6.79824497],[2.09472025],[11.96991923]
[6.87813543],[2.08429194],[11.89259755]
[6.97311981],[2.06868534],[11.78597955]
[6.88007981],[2.0527058],[11.56455731]
[6.82592594],[2.03624992],[11.2561115]
[6.71747324],[2.01382577],[10.98469947]
[6.61738813],[1.99203435],[10.64547241]
[6.47342994],[1.96864266],[10.33931625]
[6.3384954],[1.93929473],[9.99161157]
[6.1912661],[1.89080541],[9.58764969]
[6.04627957],[1.84494656],[9.15177017]
[5.80157781],[1.78974394],[8.56634891]
[5.57272847],[1.72547714],[7.93662212]
[5.50539957],[1.6543745],[7.40837567]
[5.44191016],[1.57280838],[6.81820837]
[5.33458548],[1.52037016],[6.33745678]
[5.21192729],[1.48881045],[5.94899724]
[5.12689322],[1.45452783],[5.6007397]
[5.03300574],[1.40124833],[5.25552518]
[4.91833009],[1.36062784],[4.95138611]
[4.80900823],[1.31243063],[4.6668007]
[10.35694921],[1.8791957],[11.82411342]
[7.76508166],[1.5299998],[6.55424739]
[5.57544213],[1.35063406],[3.88191221]
[3.8291137],[0.9939811],[2.07776761]
[2.532851],[0.81056914],[2.0607553]
[2.79620696],[1.21145818],[2.26971006]
[3.2566622],[1.47765521],[3.53794161]
[3.55282349],[1.60406258],[4.52078409]
[3.80458689],[1.70134758],[5.08953699]
[4.0468776],[1.75900957],[5.61171201]
[4.27875465],[1.80170174],[6.14064111]
[4.43623272],[1.84029316],[6.67546882]
[4.57239977],[1.92899899],[7.19207366]
[4.77356614],[1.96823099],[7.64101185]
[4.84959587],[2.00520113],[7.9675925]
[5.07073871],[2.03241104],[8.32495277]
[5.09493348],[2.05091097],[8.59517913]
[5.2123784],[2.06546309],[8.90244408]
[5.21994616],[2.08516737],[9.07960832]
[5.3354086],[2.09948055],[9.32801336]
[5.38325821],[2.11233411],[9.52365753]
[5.47339085],[2.12479534],[9.76906723]
[5.60995501],[2.13823345],[10.00409265]
[5.6982947],[2.15076267],[10.23727359]
[5.91708492],[2.16616564],[10.61581946]
[6.09019364],[2.18015853],[11.00606098]
[6.27265343],[2.19521894],[11.38250287]
[6.48436652],[2.20508204],[11.79360686]
[6.62175364],[2.21837165],[12.21117337]
[6.74983652],[2.22711363],[12.65291317]
[6.80687805],[2.25246021],[12.87494683]
[6.88855654],[2.22766492],[13.18137704]
[7.01236733],[2.20483393],[13.36819639]
[7.06901733],[2.18031028],[13.47691496]
[7.21720997],[2.16261473],[13.54162493]
[7.28385817],[2.15291739],[13.49532544]
[7.41047603],[2.13933843],[13.43420869]
[7.37023705],[2.12555636],[13.19386559]
[7.34084461],[2.11147936],[12.96280412]
[7.22313015],[2.09453501],[12.59184253]
[7.18634342],[2.07740798],[12.31134684]
[7.02227474],[2.05679332],[11.90854631]
[6.89243445],[2.03259368],[11.51596496]
[6.75550979],[1.98612199],[11.08016263]
[6.62192541],[1.94306077],[10.62702493]
[6.42007857],[1.89457602],[10.02221865]
[6.11058607],[1.83898903],[9.23742254]
[5.75913721],[1.77783506],[8.44922007]
[5.60414768],[1.71656364],[7.70697611]
[5.50733298],[1.65051425],[7.06526877]
[5.37688126],[1.57966619],[6.55517932]
[5.27049788],[1.51077117],[6.15711396]
[5.17700587],[1.45875205],[5.75903121]
[5.09259644],[1.41968817],[5.41593929]
[4.99013033],[1.37278036],[5.07497853]
[10.89583274],[1.9572465],[12.42055141]
[7.86265889],[1.55160077],[6.84984738]
[5.68336744],[1.38241936],[4.07733276]
[3.99439934],[1.03145137],[2.20549271]
[2.58252076],[0.83344243],[2.156944]
[2.93563434],[1.26472908],[2.4072892]
[3.35443295],[1.51398026],[3.71371043]
[3.68093102],[1.63736158],[4.75769086]
[3.93254241],[1.7299326],[5.33585509]
[4.15400742],[1.78840471],[5.87034581]
[4.39685918],[1.84577709],[6.46866202]
[4.55718471],[1.91093251],[7.09382757]
[4.68161013],[1.98948397],[7.6306904]
[4.9040553],[2.02890963],[8.16464339]
[4.98380247],[2.06519328],[8.49872316]
[5.18687576],[2.09265677],[8.93286501]
[5.21560233],[2.1115452],[9.21490862]
[5.33711435],[2.12516032],[9.52579316]
[5.4085265],[2.14295301],[9.74584749]
[5.49402022],[2.15639377],[9.99261025]
[5.62958686],[2.16884771],[10.22536373]
[5.71869876],[2.18083355],[10.4720321]
[5.93180488],[2.19576284],[10.86364676]
[6.08318364],[2.20838923],[11.30914349]
[6.24323501],[2.22888706],[11.69026731]
[6.46137231],[2.24343845],[12.16070427]
[6.59796241],[2.27192422],[12.53806213]
[6.81938447],[2.2791571],[13.10477526]
[6.95117961],[2.34782901],[13.48156933]
[7.07162741],[2.35739366],[13.95426605]
[7.19837301],[2.41441687],[14.33412063]
[7.25496284],[2.42622291],[14.66348813]
[7.43329041],[2.38593302],[14.99178098]
[7.47816814],[2.35610664],[15.10361056]
[7.56741952],[2.32166737],[15.17185069]
[7.64158967],[2.28891231],[15.13237573]
[7.72080672],[2.25601903],[15.04802763]
[7.82964462],[2.22416965],[14.91036025]
[7.76915236],[2.19208218],[14.62118837]
[7.71830036],[2.16273816],[14.30319282]
[7.62357824],[2.14194265],[13.97803607]
[7.54692378],[2.12626499],[13.60189196]
[7.41094547],[2.10597243],[13.16233497]
[7.29440522],[2.07299449],[12.71077611]
[7.18209087],[2.03645475],[12.2360987]
[7.01780867],[1.9918463],[11.65452876]
[6.72250502],[1.94047761],[10.91589435]
[6.40510819],[1.88245046],[9.91936317]
[6.06234377],[1.82420517],[8.96528511]
[5.76631745],[1.76015568],[7.93967769]
[5.54838395],[1.69408137],[7.28203275]
[5.4394114],[1.638772],[6.75948366]
[5.33820093],[1.5546838],[6.32591196]
[5.24548489],[1.47726128],[5.94530639]
[5.171874],[1.43065019],[5.59090291]
