meltWidth,meltDepth,meltArea
[0.71311816],[0.10235558],[0.0354417]
[1.00357079],[0.11020094],[0.05395873]
[1.31005164],[0.21564057],[0.15231432]
[1.48770349],[0.24282819],[0.20218594]
[1.6812161],[0.27662019],[0.27187367]
[1.78895852],[0.33124278],[0.34832043]
[1.82577701],[0.33803222],[0.37525595]
[1.86410975],[0.32704177],[0.36300321]
[1.8152704],[0.32634933],[0.34408199]
[1.82758084],[0.31391458],[0.33925476]
[1.8213008],[0.32088906],[0.34709113]
[1.82887353],[0.30051826],[0.33649461]
[1.77185349],[0.34757324],[0.36720181]
[1.78865397],[0.31234974],[0.35446874]
[1.7353323],[0.35302294],[0.3791228]
[1.72953271],[0.33302912],[0.37193678]
[1.70075506],[0.34996507],[0.38283076]
[1.70183715],[0.31327434],[0.35826265]
[1.66638655],[0.34152317],[0.36415304]
[1.6567605],[0.31311489],[0.34462995]
[1.61932251],[0.32875547],[0.34083896]
[1.61297284],[0.29537738],[0.31529603]
[1.59574248],[0.32077281],[0.31958999]
[1.5808112],[0.28562447],[0.296531]
[1.5536959],[0.30203743],[0.29405018]
[1.5190352],[0.25817406],[0.25928606]
[1.50066245],[0.29319064],[0.27139666]
[1.45912856],[0.24068158],[0.23610558]
[1.44434945],[0.27195254],[0.24241322]
[1.40740614],[0.23517223],[0.21723987]
[1.42920735],[0.24371383],[0.23553843]
[1.36642162],[0.23679347],[0.20421429]
[1.33388448],[0.23032115],[0.19485047]
[1.30987232],[0.22758353],[0.18611414]
[1.27570262],[0.20928219],[0.16847301]
[1.24550269],[0.2014863],[0.15408575]
[1.22253995],[0.19973782],[0.14734925]
[1.1852311],[0.17903815],[0.12892046]
[1.14772867],[0.17014618],[0.11586152]
[1.08827629],[0.14424425],[0.09523824]
[1.0081185],[0.1169113],[0.06771822]
[0.91317503],[0.08332969],[0.03786105]
[0.77588902],[0.06138836],[0.02266168]
[0.62810443],[0.04559848],[0.01337894]
[0.22805672],[0.01055304],[0.00087822]
[0.00795139],[0.00037703],[0.]
[0.10818078],[0.00601016],[0.00017783]
[0.24477911],[0.01452044],[0.00141606]
[0.],[0.],[0.]
[0.],[0.],[0.]
[0.],[0.],[0.]
[0.],[0.],[0.]
[0.],[0.],[0.]
[0.],[0.],[0.]
[0.],[0.],[0.]
[1.51934003],[0.15037755],[0.11583957]
[1.83235168],[0.27059637],[0.38584373]
[1.92443593],[0.46693067],[0.64731429]
[2.07375747],[0.56563216],[0.83115301]
[2.16402269],[0.66366647],[0.99980124]
[2.30063317],[0.68742061],[1.10339193]
[2.30325511],[0.73785189],[1.15914704]
[2.39759446],[0.74998422],[1.21021077]
[2.35126061],[0.78719143],[1.2546228]
[2.46523904],[0.80991829],[1.30691565]
[2.41805594],[0.85534201],[1.34867448]
[2.53590586],[0.90970977],[1.43491153]
[2.49180779],[0.96576607],[1.49857141]
[2.59187092],[1.0041398],[1.58743243]
[2.54754457],[1.02063728],[1.62235473]
[2.64268801],[1.0283535],[1.67635719]
[2.61348141],[1.03726437],[1.69865852]
[2.70934056],[1.04461868],[1.75682921]
[2.65847066],[1.05115779],[1.76522831]
[2.71560298],[1.05813319],[1.81866934]
[2.65915848],[1.06608913],[1.803323]
[2.71541614],[1.07047996],[1.8886806]
[2.64799829],[1.07154],[1.81595313]
[2.71335475],[1.07563591],[1.95103926]
[2.64895187],[1.07625084],[1.84948633]
[2.71143001],[1.07983349],[1.97551522]
[2.63804127],[1.07748075],[1.89322859]
[2.67144013],[1.07953716],[1.96299313]
[2.5689153],[1.07842309],[1.87495016]
[2.5981401],[1.07877941],[1.94679448]
[2.51763184],[1.08716004],[1.90002247]
[2.50713378],[1.08012027],[1.94564937]
[2.40688445],[1.07948454],[1.87927453]
[2.35662473],[1.07754125],[1.85977944]
[2.33082518],[1.07917941],[1.85436496]
[2.31896717],[1.07993783],[1.85495164]
[2.30473134],[1.08244937],[1.85878799]
[2.29325764],[1.08980392],[1.86095119]
[2.26731356],[1.10254605],[1.86702646]
[2.23268096],[1.11704564],[1.87991039]
[2.21177043],[1.12679556],[1.89234189]
[2.18360394],[1.12862668],[1.89619859]
[2.17015932],[1.12161089],[1.90567567]
[2.15421685],[1.11737169],[1.91895466]
[2.13611586],[1.1149777],[1.91758032]
[2.11940017],[1.11420294],[1.94176817]
[2.06030357],[1.10983925],[1.94523292]
[2.01107215],[1.11514375],[1.96089184]
[1.97394103],[1.12274278],[1.969186]
[1.97559824],[1.1198627],[1.97681292]
[1.97446426],[1.11743882],[1.97216819]
[1.97338853],[1.11393606],[1.96039772]
[1.97437848],[1.09561821],[1.9378181]
[0.25342821],[0.01922331],[0.00109257]
[0.],[0.],[0.]
[1.51204755],[0.23540442],[0.10380577]
[1.974736],[0.37349304],[0.52105917]
[2.08884533],[0.56585244],[0.83791872]
[2.27554904],[0.66830704],[1.07564629]
[2.36310976],[0.75044994],[1.24570451]
[2.62415436],[0.79973858],[1.40514908]
[2.76443496],[0.87401473],[1.51789487]
[2.84946763],[0.95424761],[1.64472438]
[2.85616857],[1.01750555],[1.74285427]
[2.92669219],[1.04262353],[1.83866063]
[2.93997053],[1.05429929],[1.88268548]
[2.99588558],[1.0665029],[1.9591285]
[3.01380441],[1.07574338],[2.01945935]
[3.06359994],[1.08578074],[2.08870525]
[3.09584986],[1.10483477],[2.14724828]
[3.12806949],[1.11404903],[2.20937148]
[3.18073166],[1.12818504],[2.25937583]
[3.23861429],[1.14322153],[2.3201876]
[3.30227927],[1.16210805],[2.38914574]
[3.36626278],[1.1736923],[2.43999668]
[3.36411853],[1.1914065],[2.47377875]
[3.42382004],[1.20619757],[2.51980218]
[3.40449756],[1.2160475],[2.54098439]
[3.44429974],[1.22151146],[2.56008459]
[3.41442692],[1.22881905],[2.56069611]
[3.45783205],[1.23438795],[2.56892178]
[3.40302276],[1.23252731],[2.54190184]
[3.43018445],[1.23162893],[2.53765939]
[3.38425047],[1.2326704],[2.51216724]
[3.39590687],[1.22996354],[2.50243688]
[3.40326108],[1.23520918],[2.51048981]
[3.37576681],[1.22948515],[2.49407845]
[3.38191276],[1.22831306],[2.4640071]
[3.34302672],[1.22542258],[2.41987758]
[3.31754587],[1.22422931],[2.4097541]
[3.30363609],[1.22477001],[2.40666518]
[3.28144582],[1.22181739],[2.40286679]
[3.27319449],[1.22055527],[2.40348682]
[3.24510479],[1.23200762],[2.43601866]
[3.17528254],[1.23172259],[2.44802253]
[3.0869216],[1.22338699],[2.42772753]
[2.97981273],[1.22103785],[2.39652344]
[2.87611489],[1.22041211],[2.37221886]
[2.83833428],[1.22141994],[2.37977017]
[2.77715423],[1.22362907],[2.37746913]
[2.72591528],[1.22549359],[2.37828449]
[2.67506633],[1.22625089],[2.38008523]
[2.6310106],[1.22642924],[2.40043212]
[2.57695716],[1.22639322],[2.41764047]
[2.52256777],[1.22074881],[2.44642597]
[2.4645749],[1.22230245],[2.45958777]
[2.3321163],[1.21887679],[2.4377477]
[2.34105533],[1.21072573],[2.38463209]
[1.44134718],[0.83439504],[0.65865892]
[0.],[0.],[0.]
[0.65160357],[0.24839244],[0.08000562]
[1.99370887],[0.42629043],[0.58211425]
[2.14843433],[0.64680548],[0.96540883]
[2.31131353],[0.72468887],[1.19206401]
[2.42378619],[0.85223444],[1.40075223]
[2.73201932],[0.95573934],[1.62162426]
[2.87789255],[1.02935468],[1.77498547]
[2.93197555],[1.06245192],[1.87831427]
[2.95377434],[1.09698679],[1.98845856]
[3.00412432],[1.11062032],[2.06759063]
[3.0392134],[1.12928962],[2.12472868]
[3.08380033],[1.14875118],[2.19105826]
[3.12792696],[1.16408322],[2.25409183]
[3.18581899],[1.17871564],[2.31941788]
[3.22080652],[1.19791047],[2.37806431]
[3.30648033],[1.20429928],[2.43844829]
[3.36788647],[1.2156855],[2.52416843]
[3.49205569],[1.22508523],[2.60732689]
[3.49905641],[1.24028298],[2.66080594]
[3.61094906],[1.249746],[2.73167539]
[3.56872793],[1.2616862],[2.7391754]
[3.6370996],[1.27073233],[2.82402263]
[3.57491785],[1.27822043],[2.7948075]
[3.63374023],[1.28289289],[2.87838861]
[3.57089883],[1.29015582],[2.82283927]
[3.63053218],[1.29520997],[2.90503196]
[3.54535266],[1.29514255],[2.80751124]
[3.59546462],[1.29471731],[2.88160932]
[3.53037991],[1.29569105],[2.78109007]
[3.56693628],[1.29341999],[2.87560477]
[3.55036585],[1.29890754],[2.83498291]
[3.5461735],[1.29325155],[2.88421575]
[3.53069815],[1.29234998],[2.84730142]
[3.51338743],[1.29006844],[2.8139647]
[3.4774171],[1.28911579],[2.80544248]
[3.46304173],[1.28951216],[2.80304595]
[3.44018331],[1.28713891],[2.79626074]
[3.42916653],[1.2915122],[2.8029612]
[3.40263928],[1.30282306],[2.81940431]
[3.37773891],[1.30498662],[2.82250502]
[3.34926108],[1.30020384],[2.7915949]
[3.31193637],[1.29958609],[2.75700651]
[3.24331368],[1.29804354],[2.72932761]
[3.21033299],[1.29361298],[2.72087433]
[3.14109173],[1.28871378],[2.71981243]
[3.08159911],[1.28157671],[2.73420908]
[3.02284053],[1.27563255],[2.728111]
[2.94459562],[1.26914171],[2.70886853]
[2.84864518],[1.26146002],[2.68670518]
[2.73383973],[1.25535914],[2.67012658]
[2.52225584],[1.25368063],[2.61931569]
[2.51342302],[1.24386027],[2.70465241]
[2.60162924],[1.23717591],[2.76835106]
[2.29686676],[0.97485506],[1.40901344]
[0.],[0.],[0.]
[0.61828104],[0.25109769],[0.07674316]
[1.86625186],[0.44086334],[0.53981725]
[1.93638371],[0.67507592],[0.8722407]
[2.0792546],[0.76616534],[1.06541667]
[2.22809816],[0.94843684],[1.32233399]
[2.54132166],[1.0311719],[1.58194276]
[2.73831323],[1.0849696],[1.76454705]
[2.77548051],[1.14009274],[1.89374093]
[2.82383368],[1.18121259],[2.00471203]
[2.84483947],[1.1935726],[2.09252869]
[2.88520453],[1.20965613],[2.11863436]
[2.91883578],[1.22200698],[2.26927749]
[2.95549744],[1.22966581],[2.25716515]
[3.06381003],[1.23732123],[2.41958825]
[3.11706728],[1.24693204],[2.41871899]
[3.22055068],[1.24931618],[2.57423338]
[3.23167361],[1.25461773],[2.53865221]
[3.36069605],[1.26217635],[2.70017646]
[3.32502693],[1.27566337],[2.67332683]
[3.40734172],[1.28378008],[2.78552808]
[3.35567686],[1.28992723],[2.73874381]
[3.44003756],[1.29727072],[2.84557249]
[3.37619767],[1.30209265],[2.80235512]
[3.45255443],[1.30332586],[2.89102778]
[3.38791027],[1.30567202],[2.83286461]
[3.46731442],[1.30658373],[2.91566499]
[3.37844835],[1.30519201],[2.83956983]
[3.44101883],[1.30519528],[2.90601763]
[3.34710283],[1.3065205],[2.82925141]
[3.37851539],[1.3044217],[2.87693815]
[3.29745716],[1.31124266],[2.83626036]
[3.26183657],[1.30517205],[2.8369275]
[3.19114567],[1.30461746],[2.78867229]
[3.14267043],[1.30275025],[2.7478883]
[3.06041234],[1.30241093],[2.71704799]
[3.00489487],[1.30289591],[2.69618269]
[2.95526452],[1.30139637],[2.678932]
[2.86980736],[1.3086696],[2.67298307]
[2.78357448],[1.31705664],[2.66193967]
[2.68207286],[1.31919842],[2.63143756]
[2.57523754],[1.31807594],[2.57863122]
[2.42457351],[1.3165316],[2.50882707]
[2.35157467],[1.31400504],[2.4882589]
[2.26914552],[1.30795432],[2.47693673]
[2.39456782],[1.30133993],[2.54788369]
[2.4997363],[1.29197378],[2.58708805]
[2.5781232],[1.28575744],[2.62185144]
[2.65317518],[1.27900313],[2.64848018]
[2.70077911],[1.27177843],[2.65019285]
[2.72329327],[1.26361626],[2.63053027]
[2.76131945],[1.25661761],[2.62204007]
[2.81840789],[1.25315027],[2.63319449]
[2.84776796],[1.24682235],[2.62944477]
[2.34811611],[0.98525816],[1.58378707]
[0.81482218],[0.3701145],[0.14999048]
[0.72666576],[0.26170275],[0.09400499]
[1.81259624],[0.48634188],[0.57924986]
[1.90154481],[0.72327057],[0.92434753]
[2.04802917],[0.81957729],[1.10839166]
[2.24540948],[1.03045012],[1.46641089]
[2.55100556],[1.13971398],[1.8594627]
[2.76927098],[1.19181481],[2.05063832]
[2.78377685],[1.2348209],[2.3231508]
[2.8392484],[1.26997875],[2.41740267]
[2.8825094],[1.283733],[2.53571451]
[2.93770343],[1.30040112],[2.57592267]
[3.02650743],[1.31101209],[2.69305382]
[3.07485219],[1.31842827],[2.73615683]
[3.18171721],[1.32472516],[2.83165313]
[3.19883271],[1.32739136],[2.83889635]
[3.30039482],[1.33335834],[2.93179185]
[3.25970616],[1.33874697],[2.94239544]
[3.36536306],[1.34543558],[3.01781095]
[3.25437453],[1.35469438],[3.00488133]
[3.30602312],[1.35662719],[3.0525395]
[3.22105587],[1.36072168],[3.03758699]
[3.27713684],[1.36586811],[3.0853124]
[3.19986867],[1.37053246],[3.07399968]
[3.25610699],[1.37267863],[3.10925242]
[3.17608594],[1.37586661],[3.08961604]
[3.21898471],[1.37726397],[3.11354568]
[3.1477248],[1.37632721],[3.08481657]
[3.17821885],[1.37571685],[3.08958722]
[3.09350953],[1.37533816],[3.05512998]
[3.10968894],[1.37352937],[3.04824628]
[3.06211347],[1.3742979],[3.03524013]
[2.99993588],[1.37173717],[3.00938704]
[2.97134395],[1.37061189],[2.98745291]
[2.91278664],[1.3689842],[2.94698109]
[2.85637321],[1.36781465],[2.92039464]
[2.81700921],[1.36693275],[2.90132172]
[2.78271689],[1.36525599],[2.88594204]
[2.73467881],[1.37076346],[2.88419398]
[2.66786777],[1.37667091],[2.86478225]
[2.5884758],[1.37630664],[2.85336929]
[2.5387847],[1.37416487],[2.92669789]
[2.64836125],[1.37231203],[2.96487661]
[2.7253672],[1.36969884],[2.99426732]
[2.79489309],[1.36679325],[3.00765975]
[2.9155852],[1.36117358],[3.04900119]
[2.99018213],[1.35489468],[3.07480639]
[3.03361169],[1.3446727],[3.08397561]
[3.05673936],[1.33294652],[3.0830821]
[3.05264018],[1.32267775],[3.05929811]
[3.04954903],[1.31335212],[3.03658954]
[3.04147874],[1.30468014],[2.99676002]
[3.02683063],[1.29541345],[2.93355812]
[3.0216018],[1.28230609],[2.88032166]
[2.72466536],[1.0496309],[1.84300163]
[0.66935887],[0.40437226],[0.12802627]
[0.65083773],[0.31806981],[0.10251413]
[1.93791676],[0.51998746],[0.65636601]
[1.99596438],[0.76654528],[1.02032044]
[2.10049783],[0.8608621],[1.19191241]
[2.30700093],[1.08333045],[1.6105689]
[2.57495125],[1.18792025],[2.15193678]
[2.81899091],[1.2357047],[2.40695775]
[2.88615607],[1.27598549],[2.56144757]
[2.94317652],[1.30984567],[2.67816813]
[3.0341452],[1.32868875],[2.81263162]
[3.05137105],[1.35042348],[2.87535052]
[3.15290779],[1.36100501],[2.94848771]
[3.10191441],[1.36813935],[2.96985659]
[3.11546573],[1.37021866],[2.99874258]
[3.02120901],[1.37609371],[3.00588201]
[3.02896936],[1.38076163],[3.04249672]
[2.94019622],[1.38676861],[3.04256256]
[2.93200471],[1.39385087],[3.07019594]
[2.8865426],[1.39972539],[3.07827983]
[2.89838763],[1.40187087],[3.11289312]
[2.86409716],[1.40681102],[3.11551329]
[2.87403049],[1.41278654],[3.15757344]
[2.83516062],[1.4180294],[3.14457449]
[2.83826235],[1.42052492],[3.17937517]
[2.80448063],[1.42469751],[3.16130928]
[2.80367382],[1.42659518],[3.1868533]
[2.77699556],[1.42525331],[3.15104184]
[2.75866597],[1.42441754],[3.15687209]
[2.72487064],[1.42306303],[3.11630155]
[2.70349794],[1.42076542],[3.10983646]
[2.69897421],[1.4197972],[3.10119297]
[2.63468753],[1.41731524],[3.0759875]
[2.62344456],[1.4153633],[3.05381471]
[2.54476117],[1.41294509],[3.00943137]
[2.49909013],[1.41100465],[2.98192787]
[2.44674886],[1.4092874],[2.95073143]
[2.44323839],[1.40798716],[2.92409067]
[2.45021275],[1.41465073],[2.91135939]
[2.59718042],[1.41887994],[2.95495754]
[2.74079355],[1.41767309],[3.02739395]
[2.83876557],[1.41460243],[3.09162376]
[2.89943973],[1.41096061],[3.12196471]
[2.94467888],[1.4071084],[3.15375567]
[3.04016836],[1.40256427],[3.20061371]
[3.12325604],[1.39537443],[3.23753377]
[3.17310678],[1.38816929],[3.2545722]
[3.17672441],[1.38066768],[3.24887199]
[3.15932837],[1.37242421],[3.22768745]
[3.14194423],[1.36510088],[3.18839074]
[3.12664062],[1.35355936],[3.1504749]
[3.11072826],[1.3430561],[3.11207043]
[3.08503642],[1.33419955],[3.05890769]
[3.06155026],[1.32171347],[2.99928309]
[2.93661349],[1.08687349],[2.14980051]
[0.66317992],[0.40435186],[0.12670766]
[0.71369036],[0.35514724],[0.12560603]
[2.02591153],[0.55258268],[0.73093294]
[2.03721128],[0.77392224],[1.06851938]
[2.10321899],[0.89737484],[1.2455291]
[2.3519288],[1.16088393],[1.79095956]
[2.64114047],[1.25763817],[2.36491832]
[2.88517689],[1.30272349],[2.60787891]
[3.01646111],[1.33417165],[2.762489]
[3.06422886],[1.35770912],[2.91433562]
[3.15707286],[1.37236837],[3.01355685]
[3.12708651],[1.39031095],[3.07846388]
[3.15580606],[1.39756293],[3.124568]
[3.0613698],[1.39987538],[3.13395717]
[3.04416744],[1.40287237],[3.16268778]
[2.95559193],[1.41118406],[3.17311277]
[2.95076496],[1.41644978],[3.23675036]
[2.89990306],[1.42285816],[3.25845865]
[2.91743565],[1.43102825],[3.32548475]
[2.89620341],[1.43759528],[3.3411437]
[2.90906295],[1.44133128],[3.4022877]
[2.87921117],[1.4477488],[3.39327676]
[2.89968886],[1.4537968],[3.45767141]
[2.87181252],[1.45916579],[3.42709461]
[2.88848607],[1.46182117],[3.48419212]
[2.85704117],[1.46553143],[3.44341824]
[2.86907671],[1.46804075],[3.49190251]
[2.83692456],[1.4677954],[3.43613252]
[2.85209363],[1.4679775],[3.47299735]
[2.80671052],[1.46752374],[3.41323276]
[2.80549503],[1.46615786],[3.42850571]
[2.79215055],[1.46744918],[3.40696799]
[2.75593068],[1.46476604],[3.35239128]
[2.7454191],[1.46370528],[3.331371]
[2.69531364],[1.46244526],[3.25550472]
[2.66001103],[1.46158507],[3.22387464]
[2.65731678],[1.4607125],[3.20513727]
[2.66798837],[1.46381161],[3.20105596]
[2.86493402],[1.46995074],[3.30944152]
[2.95257043],[1.47318337],[3.37176115]
[3.00263546],[1.47287375],[3.41459829]
[3.04784789],[1.47047124],[3.45357244]
[3.07967468],[1.46713857],[3.47339123]
[3.09666358],[1.46281404],[3.47995546]
[3.10948157],[1.45894623],[3.46945122]
[3.14127655],[1.45304562],[3.45978233]
[3.17584479],[1.44562814],[3.45532106]
[3.20602267],[1.43802821],[3.44463949]
[3.23789977],[1.43015458],[3.43594566]
[3.23155843],[1.42237189],[3.40322705]
[3.21206406],[1.41436819],[3.36801777]
[3.18086903],[1.40400485],[3.3140847]
[3.15075101],[1.39067588],[3.25265731]
[3.12456325],[1.37651294],[3.17767552]
[3.01593615],[1.13216631],[2.22311864]
[0.66375748],[0.42461967],[0.13288379]
[0.63788244],[0.36337296],[0.11488171]
[1.75531333],[0.54113458],[0.6642913]
[1.82130937],[0.80057944],[0.98645439]
[1.918799],[0.90980053],[1.15931483]
[2.23223102],[1.20410217],[1.84202069]
[2.48575215],[1.28502353],[2.38530251]
[2.67645529],[1.32006838],[2.6501103]
[2.67986722],[1.34971779],[2.77012988]
[2.66021612],[1.3726307],[2.89611726]
[2.60917461],[1.38706778],[2.95573427]
[2.59490622],[1.40354555],[3.00782345]
[2.57739747],[1.41011908],[3.01935229]
[2.58709446],[1.41314341],[3.03399077]
[2.64471937],[1.41538695],[3.07361005]
[2.69086732],[1.42259631],[3.10012069]
[2.75549357],[1.42794536],[3.16344154]
[2.79460132],[1.43327304],[3.18068422]
[2.87163616],[1.44030352],[3.23650842]
[2.87598197],[1.44480318],[3.24478353]
[2.96450095],[1.44831617],[3.30605205]
[2.94231396],[1.45421354],[3.29031016]
[3.02014147],[1.4600265],[3.34769335]
[2.96331997],[1.46495374],[3.3158064]
[3.03550113],[1.46769898],[3.36960057]
[2.98361437],[1.4712442],[3.3370131]
[3.05427701],[1.47402307],[3.38791014]
[2.97665358],[1.47357832],[3.34069083]
[3.04631693],[1.47361209],[3.37984655]
[2.9810939],[1.47260804],[3.32374771]
[3.02387162],[1.47085774],[3.34680662]
[3.05908726],[1.47209836],[3.39340265]
[2.9861723],[1.46836614],[3.29240959]
[3.08234803],[1.46700798],[3.40191238]
[3.00416552],[1.46538532],[3.26649775]
[3.00166748],[1.46410009],[3.26843604]
[3.02044987],[1.46273655],[3.27047662]
[3.0424342],[1.46704406],[3.29722252]
[3.11518797],[1.47236701],[3.38976648]
[3.13797237],[1.47582727],[3.41958364]
[3.14076711],[1.47571892],[3.40994971]
[3.15671009],[1.47311391],[3.41751537]
[3.1764844],[1.46913624],[3.40637941]
[3.18696001],[1.4647962],[3.41325325]
[3.19039808],[1.46094702],[3.40961528]
[3.196793],[1.45613859],[3.40247867]
[3.20112071],[1.44806745],[3.3857936]
[3.20191828],[1.44021315],[3.36115608]
[3.22236633],[1.43139368],[3.34327681]
[3.25370978],[1.42355847],[3.32448372]
[3.28185943],[1.41532649],[3.30914866]
[3.29896981],[1.4045954],[3.28228094]
[3.26010389],[1.38963314],[3.22312047]
[3.22683474],[1.37553299],[3.15700684]
[3.14420969],[1.15141465],[2.2843839]
[0.78803571],[0.48931546],[0.17992144]
[0.70277598],[0.37297246],[0.12992354]
[1.8352514],[0.58618248],[0.72984727]
[1.86528666],[0.83024737],[1.0402287]
[1.97471486],[0.97101415],[1.29969865]
[2.29675492],[1.25963735],[2.0522085]
[2.56543148],[1.33007429],[2.55694057]
[2.68162442],[1.36509659],[2.91524066]
[2.65533071],[1.3927628],[3.04050539]
[2.74474562],[1.41462442],[3.19154055]
[2.85329944],[1.42935453],[3.27433023]
[2.92700299],[1.45191627],[3.34870898]
[2.96199014],[1.45858615],[3.37937918]
[2.93389405],[1.46024848],[3.36915525]
[2.99762451],[1.46246815],[3.40320162]
[2.97597256],[1.4702122],[3.39302856]
[3.01735959],[1.47472974],[3.40859169]
[2.98553605],[1.47877482],[3.38702336]
[3.09757492],[1.48369244],[3.457724]
[3.06252204],[1.48710439],[3.44231564]
[3.17288646],[1.49069146],[3.51663456]
[3.13502905],[1.4957989],[3.50014367]
[3.23645151],[1.50061267],[3.57143205]
[3.16508001],[1.50444939],[3.54684837]
[3.25733605],[1.50667099],[3.61037982]
[3.19345749],[1.5093694],[3.57709396]
[3.28192139],[1.51159887],[3.63537951]
[3.18624382],[1.51051149],[3.57934942]
[3.26795111],[1.51029101],[3.6307415]
[3.20182299],[1.50891481],[3.59159825]
[3.26225395],[1.50694206],[3.62251139]
[3.2567046],[1.50745101],[3.71292205]
[3.25537291],[1.50381838],[3.63805599]
[3.24802291],[1.50232165],[3.6958521]
[3.23215136],[1.50067506],[3.59264706]
[3.20595263],[1.49915844],[3.56836883]
[3.19901359],[1.49756001],[3.55249001]
[3.18902426],[1.50077385],[3.5374853]
[3.20496488],[1.50460785],[3.55587142]
[3.21046882],[1.5066017],[3.55723666]
[3.22192399],[1.50595669],[3.56161486]
[3.23398199],[1.50317594],[3.56805397]
[3.24831301],[1.49828444],[3.54379635]
[3.25046883],[1.49346765],[3.53119996]
[3.25192985],[1.48898045],[3.52177266]
[3.25610856],[1.48268688],[3.51464306]
[3.26081835],[1.47544906],[3.50188408]
[3.26323752],[1.4689581],[3.48280169]
[3.26511541],[1.46116431],[3.46622478]
[3.298621],[1.45309803],[3.45190303]
[3.33013774],[1.44453758],[3.44057391]
[3.35187205],[1.43474391],[3.41890449]
[3.32405684],[1.41970446],[3.36579909]
[3.29230409],[1.40050461],[3.28493762]
[3.26661157],[1.20497081],[2.40493978]
[1.06302303],[0.53364615],[0.25171158]
[0.75794953],[0.37602496],[0.14218962]
[1.89182209],[0.62215585],[0.79082372]
[1.91118878],[0.84841912],[1.08818564]
[2.02956544],[1.06705387],[1.68843309]
[2.35327818],[1.28877105],[2.22023675]
[2.61893373],[1.35699319],[2.68962619]
[2.74715593],[1.3911059],[3.08268034]
[2.74048294],[1.41833256],[3.21737582]
[2.86156269],[1.43868077],[3.36246173]
[2.97507576],[1.45685465],[3.44923136]
[3.04212549],[1.47817469],[3.51216387]
[3.08265492],[1.48535555],[3.54846909]
[3.05149067],[1.48406551],[3.53788935]
[3.1238294],[1.48341569],[3.56790808]
[3.09252639],[1.48676167],[3.53086449]
[3.15414257],[1.48871166],[3.54471069]
[3.09658933],[1.49085026],[3.50092764]
[3.21024154],[1.49552181],[3.56560441]
[3.16068257],[1.49922984],[3.55945414]
[3.26669694],[1.50329889],[3.64311118]
[3.22014087],[1.50885967],[3.62339179]
[3.3146807],[1.51420927],[3.69091788]
[3.23971554],[1.51813237],[3.66421458]
[3.32641043],[1.52073601],[3.72513959]
[3.26057182],[1.52381687],[3.69554434]
[3.3459338],[1.52675665],[3.75338238]
[3.25610964],[1.52584616],[3.69554293]
[3.33212285],[1.52565289],[3.7425611]
[3.26055784],[1.52456821],[3.69218195]
[3.31859278],[1.52319817],[3.71238777]
[3.28986904],[1.52354699],[3.7648692]
[3.29365128],[1.52045802],[3.67756531]
[3.27859794],[1.51909531],[3.74598887]
[3.26913646],[1.51760738],[3.6479809]
[3.24167479],[1.51622311],[3.63102982]
[3.23775644],[1.51574185],[3.62393178]
[3.23172145],[1.52039809],[3.61576472]
[3.24552477],[1.52416965],[3.63181237]
[3.2512677],[1.52594229],[3.62296614]
[3.25553568],[1.52597863],[3.622432]
[3.2666566],[1.52350219],[3.63543083]
[3.27804217],[1.51906293],[3.63166103]
[3.27733964],[1.51383474],[3.60549015]
[3.27377966],[1.50841777],[3.58433284]
[3.27772754],[1.50244067],[3.5780637]
[3.28155583],[1.49590045],[3.57057989]
[3.28286697],[1.48931134],[3.5558353]
[3.28465067],[1.48200518],[3.54483122]
[3.30159332],[1.47467895],[3.52920407]
[3.33508682],[1.46668847],[3.52100484]
[3.35748331],[1.45807072],[3.50092167]
[3.37081253],[1.44436032],[3.45871135]
[3.33770912],[1.41613181],[3.34865817]
[3.41330588],[1.25590994],[2.52300912]
[1.41640358],[0.56008638],[0.32959981]
[0.78333946],[0.37949601],[0.15819848]
[1.9518751],[0.64828989],[0.84822806]
[1.96083522],[0.86509927],[1.14165131]
[2.0905313],[1.13429502],[1.86725554]
[2.40201725],[1.31550088],[2.37760616]
[2.66995014],[1.37991596],[2.82343892]
[2.81593831],[1.40990725],[3.1978439]
[2.8222325],[1.43322113],[3.34113244]
[2.95894797],[1.45084787],[3.49153046]
[3.07651273],[1.46571408],[3.57615688]
[3.13532577],[1.48159999],[3.61966543]
[3.17966236],[1.48751797],[3.65280077]
[3.11445715],[1.48900638],[3.61838856]
[3.18037142],[1.49000641],[3.62396638]
[3.1084095],[1.49345675],[3.54929899]
[3.21219061],[1.49545428],[3.6085855]
[3.15821817],[1.49758035],[3.57744353]
[3.28004413],[1.50259401],[3.64824188]
[3.23354554],[1.50666408],[3.65841251]
[3.33178202],[1.51145585],[3.73837389]
[3.28304993],[1.51720959],[3.72058779]
[3.37409953],[1.52266537],[3.78693255]
[3.30092295],[1.5263762],[3.76380317]
[3.38688047],[1.5288016],[3.81712644]
[3.32162782],[1.53205594],[3.79117497]
[3.4081681],[1.53510246],[3.84604046]
[3.31728828],[1.5349321],[3.80363751]
[3.39092404],[1.5346244],[3.84630142]
[3.31858317],[1.53375966],[3.79847827]
[3.37942334],[1.53245903],[3.81236691]
[3.33435839],[1.53240347],[3.82954895]
[3.35023441],[1.5296669],[3.75854808]
[3.31361878],[1.5282808],[3.77342235]
[3.31029527],[1.52678232],[3.67150986]
[3.27207688],[1.52537568],[3.64150452]
[3.27385792],[1.52682546],[3.64481696]
[3.2778365],[1.53136405],[3.66270219]
[3.28912127],[1.53500545],[3.67982001]
[3.29323653],[1.53756738],[3.68300413]
[3.29191123],[1.53743669],[3.67802435]
[3.29936872],[1.53644458],[3.693531]
[3.31002753],[1.53259607],[3.69536335]
[3.30774635],[1.52782795],[3.66330826]
[3.30124001],[1.52284623],[3.62953811]
[3.30153137],[1.51727876],[3.61368901]
[3.30523739],[1.51139818],[3.60661138]
[3.30602656],[1.50511177],[3.59886325]
[3.3066979],[1.49771128],[3.59087534]
[3.31311589],[1.48940203],[3.56532075]
[3.34044426],[1.48173932],[3.55773054]
[3.36490162],[1.47275721],[3.541653]
[3.38696253],[1.45958687],[3.49893155]
[3.38376367],[1.42651532],[3.38256185]
[3.57630115],[1.3073693],[2.67532978]
[1.6396573],[0.59971225],[0.41667098]
[0.66350546],[0.3955118],[0.15581178]
[1.72412309],[0.66228905],[0.75497123]
[1.80552231],[0.87186119],[1.06819008]
[1.95652962],[1.15773417],[1.88869844]
[2.20670922],[1.30832411],[2.35746164]
[2.3886682],[1.36744574],[2.72572502]
[2.64548221],[1.39473573],[2.98981223]
[2.84247005],[1.41764434],[3.11744791]
[3.00406906],[1.43690977],[3.30141161]
[3.13485445],[1.45221666],[3.37492405]
[3.17594592],[1.46741926],[3.39361159]
[3.23184988],[1.47015879],[3.40138698]
[3.13570325],[1.47026373],[3.31159552]
[3.23740673],[1.47102266],[3.35742591]
[3.17980599],[1.47434888],[3.31563991]
[3.28988327],[1.47632814],[3.39277136]
[3.23121831],[1.47820191],[3.35965824]
[3.35704901],[1.48300645],[3.46922566]
[3.30249055],[1.48761071],[3.47021635]
[3.397378],[1.49250905],[3.56021463]
[3.34556289],[1.49805018],[3.5234566]
[3.44133426],[1.50366347],[3.60093495]
[3.36193134],[1.50719655],[3.56818586]
[3.45244526],[1.50997769],[3.64642237]
[3.37939085],[1.51326461],[3.61814527]
[3.47632878],[1.51644772],[3.6814192]
[3.37748223],[1.51704043],[3.62914415]
[3.46043952],[1.51685579],[3.67426715]
[3.37570614],[1.51681375],[3.59999189]
[3.45138465],[1.51535048],[3.60719476]
[3.38638631],[1.51878486],[3.61025398]
[3.42070298],[1.5129362],[3.53923799]
[3.36664427],[1.51021824],[3.52311677]
[3.37397746],[1.50840191],[3.43962779]
[3.3340207],[1.50665916],[3.40199819]
[3.32859674],[1.50966983],[3.40748142]
[3.32976964],[1.51369087],[3.43033176]
[3.33678321],[1.51682689],[3.45584516]
[3.33982616],[1.52146558],[3.46688543]
[3.33725838],[1.52331165],[3.47646841]
[3.33741496],[1.52241913],[3.49073366]
[3.34653829],[1.51667994],[3.49305487]
[3.3438982],[1.51021666],[3.48366616]
[3.33697105],[1.50257276],[3.46029777]
[3.33440916],[1.49566548],[3.44760393]
[3.33442726],[1.48767578],[3.4240861]
[3.3335515],[1.48077962],[3.41926309]
[3.33304899],[1.47296071],[3.41711538]
[3.33690443],[1.46558014],[3.39988212]
[3.34601919],[1.45744686],[3.38309137]
[3.37320551],[1.44544117],[3.36344033]
[3.39638205],[1.42803318],[3.32263222]
[3.43777251],[1.39651092],[3.23014238]
[3.32893692],[1.34404128],[2.56680486]
[1.54398207],[0.62597112],[0.45220521]
[0.71458218],[0.40605204],[0.16363797]
[1.76600961],[0.67423439],[0.78917034]
[1.83498549],[0.88693581],[1.10921697]
[1.99611656],[1.18963115],[2.05339725]
[2.23873324],[1.33142083],[2.49438121]
[2.43016563],[1.38773152],[2.84831687]
[2.70850573],[1.4142553],[3.08977358]
[2.92569937],[1.43795226],[3.24034522]
[3.07375318],[1.45794569],[3.41053566]
[3.25780122],[1.47397679],[3.52360753]
[3.27341663],[1.48706714],[3.52021311]
[3.34750536],[1.49327782],[3.53938438]
[3.2581616],[1.49306653],[3.45458516]
[3.36940274],[1.49458095],[3.4884407]
[3.29862255],[1.49794009],[3.4507155]
[3.41567176],[1.50014496],[3.52871376]
[3.34807933],[1.50239192],[3.5337271]
[3.46880787],[1.50616959],[3.62327857]
[3.39734234],[1.51134103],[3.62239946]
[3.51107274],[1.51622461],[3.70951397]
[3.44781403],[1.521973],[3.68702081]
[3.54854323],[1.52730708],[3.76095738]
[3.46966819],[1.53051901],[3.74876421]
[3.56118592],[1.53336121],[3.8284931]
[3.4933313],[1.53655902],[3.80310935]
[3.58625898],[1.53996253],[3.86298718]
[3.49433664],[1.54133548],[3.81568422]
[3.57454075],[1.54135141],[3.8541085]
[3.49439061],[1.5405636],[3.78712266]
[3.57026095],[1.53806922],[3.78375512]
[3.52665802],[1.54124185],[3.77867625]
[3.54519902],[1.53417903],[3.71086601]
[3.48908453],[1.53236507],[3.69898063]
[3.49542418],[1.53051744],[3.60866343]
[3.44009013],[1.52868197],[3.55785626]
[3.42189205],[1.53102359],[3.54556685]
[3.41384955],[1.53433105],[3.53806857]
[3.41464354],[1.53682671],[3.55899722]
[3.41962476],[1.54205556],[3.56936105]
[3.4183477],[1.54409011],[3.58193653]
[3.4175291],[1.54330047],[3.60237286]
[3.4286665],[1.53803268],[3.60045435]
[3.41418579],[1.53051091],[3.58104417]
[3.40606019],[1.52273044],[3.5535875]
[3.3990084],[1.51564839],[3.53669101]
[3.39474877],[1.50862969],[3.51880385]
[3.38884212],[1.50135787],[3.49935193]
[3.38377767],[1.49280226],[3.49180921]
[3.38586483],[1.48559095],[3.47924901]
[3.38705933],[1.47809719],[3.46446753]
[3.40952581],[1.46827134],[3.44516281]
[3.43579256],[1.44330994],[3.38626446]
[3.50396229],[1.41007031],[3.29009397]
[3.31559457],[1.39164706],[2.71007247]
[1.41320257],[0.62579165],[0.42951331]
[0.78110392],[0.40520884],[0.16836058]
[1.78583878],[0.68242573],[0.81303312]
[1.85159088],[0.89931406],[1.13825479]
[2.03562537],[1.18919312],[2.09231652]
[2.28662562],[1.3348492],[2.5633344]
[2.4794086],[1.39167075],[2.91996126]
[2.70736104],[1.41954161],[3.12788627]
[2.9452523],[1.44616667],[3.29803321]
[3.09523991],[1.46641626],[3.44757113]
[3.29168702],[1.48342829],[3.53787653]
[3.29739278],[1.49354297],[3.52497423]
[3.40731273],[1.49904139],[3.54936625]
[3.31638181],[1.50216881],[3.52243884]
[3.43030389],[1.50490092],[3.57383836]
[3.36403576],[1.50810884],[3.53862311]
[3.47871925],[1.51051834],[3.63441272]
[3.40455466],[1.51312618],[3.64008392]
[3.52881842],[1.51714091],[3.73394353]
[3.46351945],[1.52261276],[3.73539909]
[3.57243254],[1.52776396],[3.81847284]
[3.51176832],[1.53381523],[3.81637304]
[3.60732138],[1.53916982],[3.89994889]
[3.53393439],[1.54281747],[3.89797732]
[3.618799],[1.54583531],[3.97751834]
[3.55260011],[1.5498854],[3.95184107]
[3.63893801],[1.55395561],[4.01196958]
[3.55615652],[1.55594228],[3.96944139]
[3.63073744],[1.55596096],[4.00674619]
[3.56085146],[1.5528269],[3.95320164]
[3.63207006],[1.55116967],[3.96225298]
[3.59998072],[1.55355928],[3.94731095]
[3.61183571],[1.54677469],[3.874759]
[3.56276138],[1.54475968],[3.84622023]
[3.56164126],[1.54288707],[3.76380362]
[3.51250228],[1.54282458],[3.7107252]
[3.49848706],[1.54448635],[3.68731831]
[3.49009405],[1.54775171],[3.66215322]
[3.49053569],[1.55077001],[3.66369245]
[3.49511732],[1.55630279],[3.66793452]
[3.49333779],[1.55697345],[3.66324393]
[3.49022371],[1.55793002],[3.67561673]
[3.50009843],[1.55424776],[3.66569681]
[3.48358076],[1.54795929],[3.6502033]
[3.44912792],[1.5401924],[3.62078597]
[3.43215202],[1.53314046],[3.60301558]
[3.42688709],[1.52637344],[3.58411339]
[3.41980923],[1.51910875],[3.56314997]
[3.4117787],[1.51048099],[3.54587903]
[3.41212137],[1.5026887],[3.52949926]
[3.41261242],[1.49495496],[3.51943106]
[3.41170033],[1.48533844],[3.49139058]
[3.44220197],[1.45383739],[3.40846017]
[3.50102479],[1.41328602],[3.29941794]
[3.21302372],[1.42575802],[2.7234544]
[1.36992784],[0.61583819],[0.41316219]
[0.59529275],[0.39313493],[0.11595307]
[1.59604146],[0.68359712],[0.71884489]
[1.71988019],[0.88338485],[1.05816832]
[1.99188322],[1.16231348],[2.01541556]
[2.29670659],[1.3182889],[2.41712706]
[2.48193862],[1.3764047],[2.69311251]
[2.70824495],[1.40480797],[2.88813337]
[2.96674924],[1.43299362],[3.04449668]
[3.10595313],[1.45246239],[3.19099919]
[3.3339527],[1.46988207],[3.25913966]
[3.35283232],[1.47773179],[3.29074014]
[3.47177454],[1.47904742],[3.33187797]
[3.38975768],[1.47983838],[3.32882602]
[3.49580966],[1.48342852],[3.37974849]
[3.43212873],[1.48868644],[3.40379765]
[3.5427223],[1.4910024],[3.49302003]
[3.4778563],[1.49315804],[3.50564938]
[3.59395478],[1.49661305],[3.59235721]
[3.53576871],[1.50070531],[3.60847555]
[3.63678258],[1.50536672],[3.68349742]
[3.58126534],[1.50955407],[3.68606195]
[3.66821981],[1.51257125],[3.74476665]
[3.59871769],[1.51506298],[3.74061137]
[3.67477218],[1.51232804],[3.78788664]
[3.61626796],[1.51065171],[3.77231141]
[3.69148632],[1.50875244],[3.79768198]
[3.62359789],[1.5080022],[3.7884654]
[3.70510043],[1.50326259],[3.79617616]
[3.63174506],[1.49466091],[3.75889519]
[3.74328127],[1.49134436],[3.75559868]
[3.71135495],[1.49050938],[3.71985887]
[3.73889707],[1.48029819],[3.67589182]
[3.66268569],[1.47554553],[3.60936757]
[3.67341749],[1.47164323],[3.56000748]
[3.59358472],[1.47002997],[3.48801141]
[3.57747423],[1.46768102],[3.45944521]
[3.56968167],[1.46550121],[3.42637291]
[3.57014177],[1.470426],[3.41477263]
[3.57640828],[1.47835513],[3.42045118]
[3.57547768],[1.48381784],[3.43513093]
[3.56970162],[1.49091212],[3.45249306]
[3.57690008],[1.49361289],[3.43764445]
[3.56642213],[1.48827123],[3.41847345]
[3.53306794],[1.48615825],[3.40128339]
[3.50290343],[1.48290616],[3.38733944]
[3.479846],[1.47570558],[3.36717645]
[3.45316048],[1.46718085],[3.34368663]
[3.44395887],[1.45867909],[3.33084421]
[3.44334482],[1.44672397],[3.29360481]
[3.44119797],[1.43547297],[3.27292426]
[3.43513886],[1.42512271],[3.25371544]
[3.4489855],[1.38725369],[3.15854965]
[3.50979825],[1.29854171],[2.99049215]
[2.84233518],[1.43725726],[2.59640423]
[1.34572435],[0.60640167],[0.42248853]
[0.65179467],[0.39908239],[0.12890489]
[1.63262694],[0.68987678],[0.75266326]
[1.75730695],[0.90572612],[1.11009844]
[2.14725353],[1.19408362],[2.19318627]
[2.37954497],[1.34265778],[2.54637815]
[2.53845578],[1.39886206],[2.80508867]
[2.76766571],[1.42798626],[2.98771863]
[3.03392029],[1.45583688],[3.14876152]
[3.18836215],[1.47532789],[3.30359278]
[3.43589191],[1.49085546],[3.39795374]
[3.43575853],[1.49719139],[3.42125036]
[3.56720418],[1.50147664],[3.49300315]
[3.4971607],[1.50275228],[3.48019853]
[3.58683311],[1.50683827],[3.57736219]
[3.53950292],[1.51300874],[3.58821163]
[3.63726332],[1.5162442],[3.69897928]
[3.59354453],[1.51917768],[3.70179202]
[3.70025481],[1.52372876],[3.8006742]
[3.65785826],[1.52894713],[3.81695085]
[3.77172326],[1.5341116],[3.92370158]
[3.69344195],[1.53793181],[3.887816]
[3.81902324],[1.54272755],[3.98998386]
[3.74115346],[1.54359743],[3.98113786]
[3.85625529],[1.54488781],[4.09246854]
[3.82197633],[1.54475642],[4.08101993]
[3.91738415],[1.54430289],[4.15855974]
[3.88551056],[1.54556812],[4.15208669]
[3.94842658],[1.54098768],[4.18629802]
[3.93617062],[1.53091354],[4.15621294]
[3.98453603],[1.52516384],[4.15311634]
[4.01962564],[1.52088409],[4.13029513]
[4.00014383],[1.50754328],[4.0478322]
[3.97481563],[1.49974444],[3.94956942]
[3.93080536],[1.48996348],[3.85891294]
[3.89264342],[1.48552922],[3.75655238]
[3.84684341],[1.48085058],[3.69319043]
[3.8130029],[1.48069678],[3.64298166]
[3.79259508],[1.48636211],[3.61322239]
[3.78948844],[1.49146047],[3.61214702]
[3.78781758],[1.49671305],[3.62077915]
[3.78104007],[1.50451445],[3.63071666]
[3.77327435],[1.50852833],[3.59815475]
[3.74432447],[1.50315126],[3.55257346]
[3.65384139],[1.50119541],[3.49349418]
[3.6268757],[1.49787865],[3.46922364]
[3.6075716],[1.48883572],[3.44058387]
[3.5814861],[1.48096238],[3.41511479]
[3.54579907],[1.47209725],[3.39504795]
[3.52619449],[1.46230369],[3.36592702]
[3.50213007],[1.4502924],[3.33962207]
[3.48458477],[1.43196655],[3.28933406]
[3.48364501],[1.38583916],[3.16232187]
[3.57734444],[1.29139069],[3.01229681]
[2.88306767],[1.48855702],[2.73031457]
[1.24250882],[0.63609476],[0.39210871]
[0.72055579],[0.4093824],[0.14622011]
[1.67975213],[0.70216452],[0.79773265]
[1.80145707],[0.91790161],[1.15790418]
[2.18484842],[1.19400804],[2.28418962]
[2.4141522],[1.34692411],[2.63904861]
[2.57110039],[1.40421367],[2.88123044]
[2.82571141],[1.43783171],[3.07450231]
[3.0748098],[1.46586847],[3.22767721]
[3.21169211],[1.48676333],[3.3529622]
[3.48733171],[1.5001452],[3.48687077]
[3.48471425],[1.50538358],[3.5269608]
[3.61575408],[1.51062264],[3.6298355]
[3.55041319],[1.51500857],[3.64525441]
[3.63497294],[1.52227567],[3.74722976]
[3.59747131],[1.53058335],[3.77018679]
[3.69633293],[1.5405825],[3.89154767]
[3.66206156],[1.55088008],[3.94376141]
[3.80472635],[1.55749611],[4.09317967]
[3.84160879],[1.56472868],[4.18432657]
[3.97024004],[1.57165113],[4.36579098]
[3.96622818],[1.57902743],[4.37930237]
[4.02881084],[1.58278946],[4.49947522]
[4.02625969],[1.58331218],[4.50102646]
[4.06580951],[1.59430217],[4.58156748]
[4.07376983],[1.58629306],[4.56101924]
[4.1082014],[1.59191302],[4.6004771]
[4.11612785],[1.58757071],[4.59602496]
[4.12782548],[1.58347593],[4.60187808]
[4.14057779],[1.57238518],[4.58306244]
[4.14744336],[1.56572837],[4.56313438]
[4.18988892],[1.55977493],[4.52898949]
[4.16265603],[1.54279228],[4.45410003]
[4.16618449],[1.53434334],[4.36762124]
[4.11494806],[1.5268513],[4.29021034]
[4.10961283],[1.52117978],[4.19453851]
[4.06767339],[1.51318822],[4.12147067]
[4.04018216],[1.51025006],[4.06283978]
[4.0189798],[1.51304548],[4.01034315]
[4.00036996],[1.51417352],[3.97486278]
[3.98494596],[1.51559676],[3.94392898]
[3.96395922],[1.51886803],[3.91564923]
[3.93313806],[1.52115182],[3.83510543]
[3.88747969],[1.51170241],[3.73765443]
[3.80186713],[1.50944727],[3.6444416]
[3.70956327],[1.50581243],[3.56107668]
[3.66586389],[1.49988493],[3.51350656]
[3.64165765],[1.49413107],[3.47830117]
[3.60836387],[1.48546135],[3.45596686]
[3.59058503],[1.47574244],[3.42640126]
[3.56852012],[1.46392662],[3.39891082]
[3.53446445],[1.43341359],[3.30471292]
[3.50456487],[1.3765786],[3.16252334]
[3.56629565],[1.28957937],[3.00816573]
[2.94057193],[1.61081796],[2.85943192]
[1.10629771],[0.62610412],[0.32846406]
[0.77455987],[0.42526575],[0.17141075]
[1.74312598],[0.71298576],[0.84824768]
[1.84208671],[0.92971882],[1.19948388]
[2.20643826],[1.19284103],[2.3441195]
[2.4506264],[1.35027415],[2.7451831]
[2.60677385],[1.40835762],[2.98022659]
[2.88217543],[1.44476964],[3.18419895]
[3.13850201],[1.47287341],[3.33630176]
[3.26754713],[1.49341402],[3.46944882]
[3.53918575],[1.5066139],[3.60474635]
[3.53452039],[1.51061411],[3.67829206]
[3.66392269],[1.51707594],[3.80505304]
[3.61092141],[1.53031673],[3.83468415]
[3.70246931],[1.54592313],[3.94892951]
[3.6849787],[1.56673019],[4.03523057]
[3.81126409],[1.58140511],[4.22297627]
[3.86566693],[1.59176328],[4.34297797]
[4.04233372],[1.60004789],[4.58737738]
[4.0934113],[1.6076126],[4.70438024]
[4.14918374],[1.61538809],[4.84855659]
[4.16806734],[1.62366215],[4.86902118]
[4.19056736],[1.6481557],[4.95276732]
[4.20960269],[1.6505252],[4.96373311]
[4.2186468],[1.66609713],[5.00992554]
[4.24238495],[1.6675033],[4.99937255]
[4.25227852],[1.68001849],[5.02048411]
[4.27621748],[1.67155562],[5.03056326]
[4.26672386],[1.66839884],[4.98738084]
[4.32631944],[1.63354785],[4.97374415]
[4.35012201],[1.6163434],[4.93549737]
[4.4709067],[1.60205284],[4.9451577]
[4.42391855],[1.58408964],[4.85586294]
[4.46535467],[1.57533121],[4.79053389]
[4.32418813],[1.56810284],[4.68029182]
[4.36419345],[1.56081395],[4.60271719]
[4.23810967],[1.55185738],[4.50827208]
[4.20177781],[1.54978688],[4.4497993]
[4.18074529],[1.54740153],[4.3832342]
[4.16217756],[1.54823386],[4.34422506]
[4.14637639],[1.54762216],[4.30601758]
[4.12438249],[1.54674337],[4.26151543]
[4.09822591],[1.54457253],[4.1664444]
[4.06783885],[1.53210618],[4.05859345]
[4.01389279],[1.52499278],[3.92806103]
[3.93322542],[1.5184],[3.78909224]
[3.83452788],[1.51021143],[3.66922604]
[3.71022335],[1.5056392],[3.56618587]
[3.66635371],[1.49679636],[3.52020659]
[3.64871511],[1.48741719],[3.48652382]
[3.62855326],[1.4761745],[3.45399503]
[3.59716467],[1.43480857],[3.32996221]
[3.56857319],[1.37497586],[3.18175256]
[3.55121075],[1.29424559],[3.02194224]
[3.01079351],[1.67379791],[3.03161031]
[1.03446262],[0.61887702],[0.30540876]
[0.50475328],[0.41461075],[0.10375004]
[1.52290359],[0.67491674],[0.72007172]
[1.69978773],[0.90580082],[1.1052728]
[2.21652958],[1.16347348],[2.10928293]
[2.4826086],[1.33531424],[2.53330273]
[2.63734162],[1.39352199],[2.77805886]
[2.92981096],[1.43257002],[3.01055177]
[3.1980365],[1.45987397],[3.14580904]
[3.32696286],[1.47874663],[3.29191251]
[3.60093178],[1.495801],[3.46472811]
[3.60381316],[1.5082623],[3.56796815]
[3.7218272],[1.51934177],[3.69992841]
[3.71877446],[1.52976549],[3.80409091]
[3.83264185],[1.54106711],[3.94358508]
[3.87961236],[1.55552273],[4.0669669]
[4.05343302],[1.56924845],[4.28958073]
[4.11535657],[1.5788451],[4.41498907]
[4.19605184],[1.58206561],[4.59893804]
[4.25658284],[1.58458961],[4.71019717]
[4.28278725],[1.58883991],[4.79214629]
[4.38012467],[1.59950572],[4.85098465]
[4.43404801],[1.60224594],[4.89660398]
[4.49353141],[1.60554899],[4.9542488]
[4.51870646],[1.61108399],[4.97957885]
[4.57041337],[1.61408057],[5.03224899]
[4.60900555],[1.61538798],[5.04848643]
[4.64735011],[1.61987685],[5.10793837]
[4.65477006],[1.61571171],[5.09129012]
[4.67542331],[1.59588488],[5.0950673]
[4.68039714],[1.58463842],[5.05188197]
[4.7324918],[1.56891265],[5.01121222]
[4.71929018],[1.54412756],[4.9190472]
[4.73670181],[1.52997062],[4.8443602]
[4.67918558],[1.51876496],[4.74042217]
[4.68005782],[1.50597721],[4.65423549]
[4.62377366],[1.48942356],[4.54378335]
[4.57941215],[1.48627371],[4.48478605]
[4.54057901],[1.48709505],[4.42454874]
[4.50587248],[1.48668287],[4.38536114]
[4.47402313],[1.48424891],[4.34486957]
[4.42177319],[1.48442321],[4.2945477]
[4.34156449],[1.48213014],[4.19058633]
[4.24756506],[1.46926608],[4.07475328]
[4.17367645],[1.45556155],[3.94679423]
[4.1253282],[1.44135467],[3.79980191]
[4.06230664],[1.42811764],[3.66084576]
[3.98538446],[1.41261472],[3.53096114]
[3.8825154],[1.3995346],[3.41877564]
[3.77466344],[1.38532833],[3.31682762]
[3.72370467],[1.3671035],[3.253284]
[3.6659559],[1.2946129],[3.09968607]
[3.63381503],[1.2359877],[2.95411446]
[3.61348398],[1.18557617],[2.83468903]
[2.87007937],[1.72530083],[3.0771721]
[1.08513104],[0.59758904],[0.32789132]
[0.57530732],[0.42548217],[0.12139528]
[1.58549055],[0.69105057],[0.76560915]
[1.73088284],[0.92872147],[1.1453701]
[2.29126553],[1.19402436],[2.24920399]
[2.53399951],[1.36171749],[2.64996125]
[2.67547433],[1.41919869],[2.90022755]
[2.98767249],[1.46242357],[3.16076757]
[3.28330915],[1.49389019],[3.3325544]
[3.42593021],[1.51825877],[3.56270149]
[3.67675701],[1.54049957],[3.77184943]
[3.70876663],[1.55386164],[3.91135365]
[3.84835854],[1.56519834],[4.08508279]
[3.86553064],[1.57613838],[4.18690645]
[4.04276975],[1.58964744],[4.41775549]
[4.11275502],[1.60517742],[4.57086711]
[4.20028064],[1.61729332],[4.78856053]
[4.26536815],[1.63684733],[4.92718183]
[4.30249162],[1.68163907],[5.08298821]
[4.4936153],[1.68650218],[5.23022548]
[4.63771073],[1.71464379],[5.3506423]
[4.70822381],[1.70272359],[5.42555137]
[4.73985675],[1.72141139],[5.47381761]
[4.77196445],[1.70159943],[5.54087725]
[4.79079226],[1.71409635],[5.58500009]
[4.81719198],[1.715327],[5.63853899]
[4.84192666],[1.72350374],[5.6590481]
[4.86575369],[1.73608223],[5.72053849]
[4.87258412],[1.72851406],[5.66289052]
[4.87963462],[1.70129168],[5.6671735]
[4.88215047],[1.68434502],[5.63236363]
[4.90376746],[1.65953872],[5.60682981]
[4.89988732],[1.63642325],[5.5091547]
[4.90239889],[1.61361034],[5.41837636]
[4.88105571],[1.59388083],[5.31361309]
[4.86982488],[1.5791238],[5.22341401]
[4.84716941],[1.56229463],[5.12199627]
[4.82394776],[1.56108611],[5.06881501]
[4.79944508],[1.56138579],[5.007827]
[4.77665872],[1.55898515],[4.96185118]
[4.7541054],[1.55111434],[4.90676177]
[4.72219664],[1.5430118],[4.83567715]
[4.66832897],[1.53381801],[4.71309246]
[4.60734672],[1.5232078],[4.56926514]
[4.52749143],[1.50923901],[4.43410163]
[4.43621297],[1.49388659],[4.28204716]
[4.25484787],[1.47828144],[4.11894879]
[4.18789791],[1.46804204],[3.98813159]
[4.12995634],[1.46005805],[3.86275641]
[4.07288337],[1.45097356],[3.74902673]
[4.01048258],[1.4246661],[3.61552284]
[3.91077624],[1.33461022],[3.37556829]
[3.8524038],[1.27082812],[3.18694877]
[3.81139423],[1.20513516],[3.01611818]
[2.95923932],[1.76849922],[3.27144197]
[1.08090889],[0.62155688],[0.34977458]
[0.63907847],[0.43440877],[0.1377091]
[1.62872355],[0.70336949],[0.80068815]
[1.7793496],[0.93708618],[1.18093199]
[2.28220997],[1.18239633],[2.28971571]
[2.54512976],[1.36647587],[2.70959581]
[2.70010889],[1.43095871],[2.99853317]
[3.01319819],[1.48242763],[3.27326406]
[3.31552251],[1.51492915],[3.47169949]
[3.47933362],[1.54114422],[3.76534636]
[3.75298243],[1.56476078],[4.01722808]
[3.80453096],[1.57800101],[4.20098367]
[3.95396186],[1.59405832],[4.4171143]
[4.0098017],[1.61015056],[4.56393344]
[4.15910756],[1.62371439],[4.81481124]
[4.2272933],[1.63892206],[4.97969303]
[4.29281714],[1.69000539],[5.1920037]
[4.3538592],[1.7235666],[5.35684328]
[4.46866607],[1.76434114],[5.51676345]
[4.6752123],[1.77854573],[5.70369433]
[4.79262947],[1.79825117],[5.84730408]
[4.85210448],[1.81085162],[5.92325706]
[4.88216212],[1.82383456],[5.98532839]
[4.90407295],[1.82532627],[6.04524265]
[4.92585005],[1.8333267],[6.10201508]
[4.94093359],[1.80975963],[6.11067424]
[4.96845548],[1.81628884],[6.14657186]
[4.98267558],[1.82670823],[6.21425425]
[4.99553049],[1.83022942],[6.21514405]
[4.99151356],[1.80658037],[6.22443677]
[5.01934302],[1.79187251],[6.20578821]
[5.03038454],[1.77072596],[6.2052389]
[5.06471316],[1.74926777],[6.11016095]
[5.0568181],[1.7293767],[6.00695988]
[5.06621606],[1.71103],[5.88412923]
[5.0167647],[1.69042739],[5.76139849]
[5.01613769],[1.66839907],[5.6459993]
[4.96948499],[1.66754373],[5.5757112]
[4.93651765],[1.66556385],[5.51241546]
[4.90712382],[1.66134428],[5.4754126]
[4.87786113],[1.63586185],[5.42322923]
[4.84500367],[1.61553082],[5.36132438]
[4.80502137],[1.6066869],[5.255226]
[4.76371973],[1.58882143],[5.11450506]
[4.71247183],[1.56877805],[4.96099377]
[4.65862089],[1.54853064],[4.78477179]
[4.54576058],[1.53318062],[4.61597009]
[4.38122098],[1.52192313],[4.45003533]
[4.25722637],[1.51319865],[4.31472548]
[4.21168005],[1.50435259],[4.19121661]
[4.1704482],[1.45792103],[3.98659214]
[4.10843758],[1.36932289],[3.72896398]
[4.03481411],[1.29946665],[3.48362367]
[3.95301736],[1.24248893],[3.27723327]
[3.108923],[1.83389018],[3.59503745]
[1.09061454],[0.6411483],[0.37463026]
[0.73199455],[0.44736954],[0.16248395]
[1.69004239],[0.72090263],[0.84610095]
[1.83260349],[0.94906752],[1.21743276]
[2.27905915],[1.18778393],[2.36993499]
[2.56328925],[1.37583179],[2.83891726]
[2.72635646],[1.44548282],[3.11597226]
[3.06046282],[1.50006634],[3.42085209]
[3.40716265],[1.53134684],[3.68039221]
[3.54541035],[1.55894815],[3.97039079]
[3.84131345],[1.58337129],[4.26362165]
[3.91365092],[1.60111988],[4.46635169]
[4.10231884],[1.62101666],[4.75978281]
[4.16340684],[1.63748508],[4.91059157]
[4.26845172],[1.65063788],[5.14026969]
[4.3305325],[1.68727815],[5.31171077]
[4.38167898],[1.73747145],[5.52307777]
[4.50575848],[1.77259671],[5.72397654]
[4.67560331],[1.81344241],[5.9318095]
[4.82724199],[1.8312898],[6.13410982]
[4.93077659],[1.85046777],[6.29984387]
[4.97811411],[1.86332112],[6.37702379]
[5.00875784],[1.87066222],[6.40576025]
[5.02034568],[1.87637291],[6.46413068]
[5.04785614],[1.88231261],[6.53861722]
[5.05451082],[1.89332975],[6.59982611]
[5.11721866],[1.89635351],[6.64610671]
[5.1092777],[1.90006843],[6.72030678]
[5.17653125],[1.89523545],[6.7286229]
[5.14454771],[1.878161],[6.7422742]
[5.21078455],[1.86209394],[6.72813781]
[5.21188871],[1.84482843],[6.7281479]
[5.33039966],[1.82647686],[6.67520839]
[5.32646179],[1.81137855],[6.58717005]
[5.37550965],[1.79786461],[6.49936041]
[5.3013199],[1.78218308],[6.36933655]
[5.31992208],[1.77178861],[6.27925653]
[5.24186251],[1.77273412],[6.19360695]
[5.18960187],[1.77076268],[6.12473151]
[5.13626021],[1.76306219],[6.07833646]
[5.10817137],[1.73315133],[6.01980603]
[5.07567469],[1.70464801],[5.94692412]
[5.01078811],[1.67650347],[5.82734667]
[4.94265438],[1.64763191],[5.66330226]
[4.87337006],[1.62549902],[5.4734349]
[4.83231475],[1.60435198],[5.28713814]
[4.76447369],[1.58183066],[5.08327386]
[4.65617964],[1.55931867],[4.86277573]
[4.4989293],[1.54960041],[4.69087983]
[4.32616592],[1.53356063],[4.51262114]
[4.29053899],[1.48886579],[4.29402541]
[4.24483464],[1.41720218],[4.04382798]
[4.1985194],[1.33838215],[3.78697674]
[4.14243713],[1.2749667],[3.55666939]
[3.22245148],[1.8763522],[3.87546844]
[1.12213643],[0.67159143],[0.42089875]
[0.48515539],[0.42327262],[0.10183084]
[1.48830403],[0.66703278],[0.70772603]
[1.68125014],[0.92422374],[1.11396349]
[2.27156677],[1.17486586],[2.11121591]
[2.59261313],[1.36703727],[2.64277287]
[2.75368896],[1.43740221],[2.9535543]
[3.10983896],[1.49238208],[3.2743354]
[3.48079742],[1.52048998],[3.54998432]
[3.61519921],[1.54501573],[3.82944698]
[3.92196756],[1.57260519],[4.13163435]
[4.03960696],[1.58459218],[4.36104172]
[4.21768073],[1.5953412],[4.65582753]
[4.27658047],[1.61012093],[4.81739301]
[4.35329399],[1.65085682],[5.01184447]
[4.41001753],[1.68942096],[5.18207182]
[4.48806684],[1.73195537],[5.37105775]
[4.68762873],[1.76522658],[5.6079478]
[4.82877677],[1.79393806],[5.80633069]
[4.9422903],[1.77260108],[5.98645006]
[5.03976871],[1.79128359],[6.14090313]
[5.078212],[1.81363936],[6.24181698]
[5.15203903],[1.82149805],[6.32647881]
[5.14291639],[1.83217166],[6.42638126]
[5.21946996],[1.84530199],[6.50433433]
[5.20152668],[1.85872427],[6.60421634]
[5.3342463],[1.86654129],[6.66173051]
[5.27392802],[1.8789826],[6.78049403]
[5.459623],[1.88388459],[6.83746445]
[5.4097122],[1.8692696],[6.88840744]
[5.54722439],[1.85979771],[6.96939711]
[5.56978651],[1.84685498],[7.04087603]
[5.62549605],[1.82305158],[7.04218188]
[5.65243575],[1.80482637],[6.96302359]
[5.6856999],[1.78845445],[6.88317156]
[5.71638717],[1.77447403],[6.76955514]
[5.66422124],[1.7672544],[6.65297134]
[5.64140717],[1.76942747],[6.55231823]
[5.57709038],[1.76844576],[6.46438784]
[5.54249828],[1.76105433],[6.39274778]
[5.50336824],[1.73217252],[6.29945198]
[5.45251962],[1.69998979],[6.18956506]
[5.34567798],[1.66802229],[6.03014828]
[5.19352169],[1.6362856],[5.83653843]
[5.08567882],[1.58771736],[5.59711846]
[5.01593864],[1.55275667],[5.36127263]
[4.94000246],[1.52717899],[5.13903303]
[4.84476842],[1.50580223],[4.93460258]
[4.73683757],[1.48812908],[4.73702452]
[4.61929203],[1.46358165],[4.55454973]
[4.47470427],[1.37111544],[4.26755199]
[4.34694586],[1.29820829],[4.01117159]
[4.31380641],[1.24323035],[3.80177555]
[4.27854372],[1.19774087],[3.60793344]
[3.06498648],[1.89477177],[3.89217147]
[1.1553195],[0.67681465],[0.4592747]
[0.55432005],[0.43426121],[0.11940977]
[1.55637906],[0.68946277],[0.75716137]
[1.76579161],[0.96526357],[1.24182867]
[2.36725119],[1.20806289],[2.32292021]
[2.65279027],[1.40497188],[2.83967143]
[2.82527864],[1.47154504],[3.11840248]
[3.21619576],[1.52319047],[3.50443042]
[3.58446548],[1.55252885],[3.820411]
[3.73208244],[1.57855245],[4.10790443]
[4.06013056],[1.60704349],[4.46814219]
[4.19521218],[1.62088209],[4.72092969]
[4.31609789],[1.63837239],[5.01651624]
[4.37247622],[1.67394407],[5.19345442]
[4.42760543],[1.70874692],[5.3738688]
[4.50191659],[1.74812803],[5.55245004]
[4.6938894],[1.78596517],[5.7571143]
[4.83446845],[1.82225085],[6.00589178]
[4.95593502],[1.84874547],[6.23466071]
[5.04893387],[1.87205384],[6.46383021]
[5.17605214],[1.88342801],[6.64320897]
[5.23560477],[1.90658099],[6.80636089]
[5.41556643],[1.91133808],[6.91509626]
[5.39055407],[1.91719681],[7.05464229]
[5.55238286],[1.93288321],[7.20153107]
[5.54049401],[1.94695914],[7.34756971]
[5.65965197],[1.95529206],[7.50827861]
[5.66241828],[1.96832989],[7.66757631]
[5.75164059],[1.97359055],[7.76886092]
[5.7657964],[1.96279748],[7.85358312]
[5.8410015],[1.95414373],[7.92013483]
[5.92950948],[1.94303023],[7.99632973]
[5.95113129],[1.92184062],[8.01345304]
[6.07651532],[1.90576354],[7.98271274]
[6.09018825],[1.89095082],[7.88621973]
[6.2081778],[1.87796016],[7.80886528]
[6.13971584],[1.86734371],[7.65407168]
[6.13665893],[1.86743974],[7.57165836]
[6.04511915],[1.86491193],[7.44315702]
[5.99094025],[1.85254556],[7.33543916]
[5.94399766],[1.82635637],[7.21059207]
[5.89359254],[1.79040697],[7.04234937]
[5.80278167],[1.75844303],[6.84836091]
[5.65089235],[1.72032637],[6.56877611]
[5.48520837],[1.68235776],[6.29886074]
[5.3466699],[1.64165142],[6.00599134]
[5.18920763],[1.59728904],[5.72486517]
[5.05511573],[1.56807535],[5.46414065]
[4.90459909],[1.55076844],[5.23220459]
[4.82279883],[1.51542582],[4.98504675]
[4.73655561],[1.42544273],[4.65514726]
[4.605618],[1.34401738],[4.3482096]
[4.45475784],[1.28508434],[4.09180342]
[4.38352346],[1.23371555],[3.88003402]
[3.22188231],[1.92236254],[4.16231573]
[1.15043588],[0.72936762],[0.49921758]
[0.59934663],[0.44291708],[0.13170869]
[1.63779121],[0.71596042],[0.82024208]
[1.83679201],[0.99714819],[1.33013229]
[2.37957081],[1.23539708],[2.48202646]
[2.68474551],[1.42415439],[3.02576425]
[2.89138532],[1.49326607],[3.31077984]
[3.3178709],[1.5452862],[3.75101792]
[3.65981767],[1.577063],[4.08633858]
[3.82232944],[1.60782681],[4.40108558]
[4.17915178],[1.63726736],[4.8433355]
[4.33319924],[1.66129721],[5.1307656]
[4.42307289],[1.70481279],[5.41856946]
[4.47110484],[1.74645362],[5.57977635]
[4.51683306],[1.7832116],[5.78426568]
[4.70557457],[1.82466807],[6.04639449]
[4.86993299],[1.87049198],[6.3459194]
[4.99488787],[1.91568002],[6.64924123]
[5.10172561],[1.94273095],[6.91338515]
[5.17679328],[1.96846134],[7.19314389]
[5.49516252],[1.98088489],[7.46247606]
[5.62675913],[2.00108264],[7.67995867]
[5.74647786],[2.00922615],[7.84667832]
[5.75895739],[2.01943178],[8.03994227]
[5.84629784],[2.02677312],[8.22790547]
[5.89327225],[2.03917479],[8.41917713]
[5.96813098],[2.04663476],[8.55129368]
[6.02920948],[2.05852529],[8.76327148]
[6.10955914],[2.06305307],[8.85918222]
[6.20035986],[2.06392836],[9.03966218]
[6.27034592],[2.04857673],[9.10055039]
[6.36810449],[2.04090042],[9.24122759]
[6.3961631],[2.02370049],[9.25369646]
[6.46133498],[2.00537077],[9.2719339]
[6.49784386],[1.99575704],[9.19925277]
[6.55588022],[1.9863267],[9.08506008]
[6.62010629],[1.97678932],[8.9376499]
[6.55359879],[1.97182525],[8.80225841]
[6.53179979],[1.95751044],[8.59993996]
[6.45335787],[1.94282785],[8.47271924]
[6.40564501],[1.91959777],[8.33471706]
[6.35211376],[1.89356037],[8.1817498]
[6.27197261],[1.86546901],[7.96324896]
[6.15291231],[1.8320693],[7.66420564]
[5.96535809],[1.79065593],[7.29569997]
[5.7938846],[1.75087679],[6.9331712]
[5.63709165],[1.70784538],[6.53548561]
[5.44961638],[1.67013732],[6.18153547]
[5.10818021],[1.63588876],[5.84082496]
[4.96476273],[1.56995327],[5.47389517]
[4.90478147],[1.49746938],[5.12305917]
[4.82006198],[1.40713579],[4.74539414]
[4.71578192],[1.35600032],[4.45568458]
[4.59016604],[1.30138859],[4.20180847]
[3.40312748],[1.96759079],[4.44489443]
[1.14007384],[0.76075273],[0.51679956]
[0.67313285],[0.45444985],[0.15181845]
[1.71075463],[0.72871514],[0.8704781]
[1.91198291],[1.02482551],[1.41519277]
[2.38141696],[1.25801862],[2.58385168]
[2.71097276],[1.43836201],[3.21593747]
[2.94838028],[1.51196903],[3.503457]
[3.39371239],[1.56556493],[3.97830105]
[3.72075159],[1.59900986],[4.3285304]
[3.89763378],[1.63547316],[4.66759764]
[4.26889539],[1.66459227],[5.15816935]
[4.43185173],[1.73013412],[5.51697288]
[4.51599564],[1.77933892],[5.83492551]
[4.57804659],[1.82668074],[6.07473807]
[4.77089984],[1.86424969],[6.3709365]
[4.9213073],[1.91365798],[6.71026738]
[5.05939898],[1.96397057],[7.07364065]
[5.15313098],[2.00748924],[7.40945005]
[5.26504116],[2.03472624],[7.67819751]
[5.43623473],[2.05919237],[8.01013604]
[5.78649196],[2.07349575],[8.37164903]
[5.94235892],[2.09013127],[8.67232272]
[6.07035775],[2.09927005],[8.86758866]
[6.16987851],[2.10934166],[9.12231576]
[6.26761695],[2.11646571],[9.31586069]
[6.3478395],[2.12806666],[9.60250252]
[6.41860202],[2.13273064],[9.7724757]
[6.47362293],[2.14429788],[10.06940244]
[6.54165302],[2.14767997],[10.18746206]
[6.5704792],[2.15299303],[10.39668487]
[6.66289466],[2.13858813],[10.48974506]
[6.70165026],[2.1321117],[10.6535578]
[6.79506267],[2.11624607],[10.7186622]
[6.82144578],[2.09938383],[10.73744772]
[6.99114303],[2.08524914],[10.76780307]
[7.03163455],[2.0689795],[10.59558445]
[7.14753272],[2.05930411],[10.47349108]
[7.10505017],[2.05375049],[10.26480816]
[7.09288116],[2.04662568],[10.07433937]
[7.0140242],[2.02484361],[9.83060385]
[6.9548343],[2.00016632],[9.64386055]
[6.889442],[1.97456537],[9.45515069]
[6.77710517],[1.94777143],[9.19875456]
[6.60918795],[1.91623988],[8.87008545]
[6.45400872],[1.87949791],[8.46995982]
[6.29709227],[1.8376553],[8.03986913]
[6.15253385],[1.79685115],[7.52111488]
[5.9498923],[1.75545308],[7.02291612]
[5.66379174],[1.71280814],[6.53126151]
[5.16858934],[1.64167449],[6.01280201]
[5.05385686],[1.55678527],[5.58013195]
[4.97480532],[1.47318708],[5.16580242]
[4.90374587],[1.4143414],[4.81761938]
[4.81025854],[1.35255893],[4.52000773]
[3.67179365],[2.00581338],[4.74797242]
[1.17613186],[0.79704347],[0.55906529]
[0.49647086],[0.42855519],[0.10553344]
[1.55158946],[0.69358308],[0.75797163]
[1.80900428],[1.01567308],[1.36451974]
[2.40604628],[1.24371769],[2.41625427]
[2.74517656],[1.43326552],[3.00057677]
[3.06708663],[1.5140853],[3.38789449]
[3.48077084],[1.56397455],[3.89236569]
[3.80187002],[1.59744466],[4.27378241]
[4.03871027],[1.62751304],[4.65585136]
[4.3605156],[1.69196177],[5.19275426]
[4.52023208],[1.76772633],[5.56237448]
[4.59085599],[1.81554539],[5.86112658]
[4.78501653],[1.87032706],[6.20021863]
[4.95120834],[1.90524415],[6.52103258]
[5.05587837],[1.95669687],[6.88790874]
[5.17119818],[1.99706237],[7.21860656]
[5.24282008],[2.03807521],[7.57047824]
[5.50124054],[2.05475702],[7.85160506]
[5.72912016],[2.07426833],[8.28624942]
[5.94455469],[2.08182407],[8.65263012]
[6.29354111],[2.09941295],[9.10602345]
[6.46672039],[2.10257511],[9.32879796]
[6.53340033],[2.11129498],[9.67669549]
[6.60677546],[2.11493141],[9.90124109]
[6.64637418],[2.12642896],[10.23022134]
[6.78545586],[2.12831641],[10.45296955]
[6.78761011],[2.13920654],[10.77574393]
[6.96817696],[2.1439191],[10.99525992]
[6.94846683],[2.14194539],[11.21366962]
[7.16254651],[2.12577658],[11.43365438]
[7.19610776],[2.11721914],[11.59101524]
[7.27163789],[2.09206572],[11.65077877]
[7.30988052],[2.07994083],[11.66129969]
[7.36303576],[2.06955393],[11.66975448]
[7.42455171],[2.0630549],[11.60255144]
[7.46502259],[2.05377581],[11.47249166]
[7.60765045],[2.0487929],[11.33766184]
[7.50496039],[2.04079759],[11.08701745]
[7.50138176],[2.01790932],[10.86501617]
[7.41013758],[1.99242336],[10.5991216]
[7.3550521],[1.96271964],[10.35383694]
[7.2884444],[1.93591439],[10.09450419]
[7.15100945],[1.90609569],[9.76248349]
[7.002321],[1.87334125],[9.31237517]
[6.84141617],[1.83208387],[8.7895176]
[6.66248514],[1.78438317],[8.25696639]
[6.5016511],[1.74098941],[7.63289765]
[6.31236197],[1.6944644],[6.99527107]
[5.83184155],[1.60399746],[6.24455098]
[5.36463209],[1.52619631],[5.71176237]
[5.13724187],[1.4617088],[5.28851703]
[5.03641114],[1.41042654],[4.93004248]
[4.96612592],[1.35486126],[4.63247259]
[3.55610158],[2.02460782],[4.82783928]
[1.24233298],[0.81502112],[0.60328608]
[0.57559029],[0.45188407],[0.12909455]
[1.65835878],[0.71432671],[0.82988604]
[1.9247259],[1.08176357],[1.60710709]
[2.50519594],[1.29944716],[2.68751865]
[2.81932123],[1.47738041],[3.3027051]
[3.26960427],[1.55584313],[3.7575354]
[3.58736598],[1.60390904],[4.25443225]
[3.92714935],[1.63848316],[4.69879424]
[4.21735807],[1.66980621],[5.14420254]
[4.45145927],[1.7610198],[5.6845394]
[4.60472104],[1.84232612],[6.04447658]
[4.80575105],[1.89753257],[6.43629015]
[4.94821549],[1.95695331],[6.84972726]
[5.08722095],[1.99774892],[7.22091467]
[5.15042559],[2.04620776],[7.59106265]
[5.26488639],[2.08556331],[7.93698753]
[5.35417537],[2.12428907],[8.33513167]
[5.75929909],[2.14354296],[8.73100307]
[5.9065754],[2.18781757],[9.24119986]
[6.19153356],[2.20792881],[9.67473037]
[6.52599186],[2.22753827],[10.25244177]
[6.71321788],[2.24437658],[10.57656331]
[6.75383593],[2.2636099],[10.93581878]
[6.93630362],[2.27515208],[11.26453637]
[6.94557045],[2.29453811],[11.62552135]
[7.18775952],[2.32029375],[12.01245707]
[7.20892897],[2.3427997],[12.40114632]
[7.35198345],[2.35345381],[12.73352424]
[7.37291274],[2.34648318],[12.9291152]
[7.45616952],[2.34944037],[13.13614473]
[7.5440045],[2.31699824],[13.34200859]
[7.57957282],[2.27638957],[13.40214464]
[7.76397578],[2.24120659],[13.50549257]
[7.84267133],[2.19162753],[13.50388242]
[7.97328098],[2.14398028],[13.48744398]
[8.01977882],[2.13465749],[13.36836835]
[8.09131529],[2.13071637],[13.22608115]
[8.10063358],[2.12290735],[12.9592291]
[8.0684892],[2.10208459],[12.7188016]
[8.01582062],[2.07904923],[12.397939]
[7.95570818],[2.05112678],[12.10122956]
[7.89960377],[2.02133504],[11.7592307]
[7.74127137],[1.987486],[11.3453056]
[7.48619314],[1.9561381],[10.85376881]
[7.32258297],[1.91772286],[10.27178407]
[7.17914023],[1.87329781],[9.69112476]
[7.07717994],[1.83180663],[9.11111804]
[6.92841225],[1.76530344],[8.23456062]
[6.6946963],[1.68566081],[7.26950447]
[6.05542986],[1.59275141],[6.42492909]
[5.54906441],[1.5243825],[5.82326988]
[5.23849403],[1.46438435],[5.37890576]
[5.06923999],[1.40345691],[5.0141202]
[4.3609098],[2.05297054],[5.39469604]
[1.32857595],[0.91884934],[0.71070888]
[0.65872386],[0.47377085],[0.15496751]
[1.73912758],[0.73317051],[0.89370236]
[2.06428127],[1.12675256],[1.80674553]
[2.56696199],[1.34511827],[2.90434417]
[2.88998063],[1.51092417],[3.60704967]
[3.40868175],[1.59189331],[4.10847237]
[3.67418687],[1.64294852],[4.62581917]
[4.07924084],[1.68090176],[5.17758755]
[4.34518554],[1.76276169],[5.6783248]
[4.52839918],[1.84854885],[6.18483974]
[4.77858722],[1.92886601],[6.60573225]
[4.98463063],[1.98213886],[7.08429274]
[5.09946146],[2.03960978],[7.54752808]
[5.21247903],[2.08030917],[7.89014955]
[5.25791608],[2.12454279],[8.31355915]
[5.50243003],[2.16278937],[8.70132096]
[5.67898334],[2.22124904],[9.22943051]
[5.94043333],[2.2733926],[9.71080167]
[6.17528125],[2.32884093],[10.26720132]
[6.51819524],[2.35442681],[10.86899332]
[6.70930041],[2.38712341],[11.50160872]
[7.08667703],[2.41430461],[12.03220449]
[7.18018099],[2.44662927],[12.48915652]
[7.34492719],[2.47741952],[12.96676465]
[7.37928724],[2.50985631],[13.37144692]
[7.46959846],[2.53007823],[13.70849741]
[7.50705248],[2.548596],[14.11677894]
[7.60400307],[2.56941213],[14.44527214]
[7.69856187],[2.58705256],[14.76162615]
[7.86311491],[2.58900411],[15.02163122]
[8.02058556],[2.56214844],[15.31022715]
[8.07690714],[2.5346385],[15.36430342]
[8.16178393],[2.50935978],[15.47906032]
[8.21266243],[2.4711666],[15.52244372]
[8.25308343],[2.42190322],[15.47426824]
[8.33140326],[2.39195897],[15.3916674]
[8.38614894],[2.3638196],[15.26179325]
[8.63792331],[2.31660477],[15.13413782]
[8.60295667],[2.27898741],[14.8099137]
[8.56414843],[2.2402508],[14.50837187]
[8.41435455],[2.1792931],[14.11635579]
[8.33415374],[2.11665894],[13.75063342]
[8.19228469],[2.08380723],[13.31570979]
[8.06575119],[2.05561392],[12.78833983]
[7.94134716],[2.02673492],[12.13495687]
[7.77273597],[1.98453433],[11.41448001]
[7.52109652],[1.93052826],[10.67253392]
[7.36581459],[1.85417197],[9.81215236]
[7.23414412],[1.77245031],[8.78228983]
[7.02393031],[1.67150295],[7.64020646]
[6.23696749],[1.59119888],[6.60040399]
[5.68775032],[1.52625307],[5.98731187]
[5.41750074],[1.46203723],[5.52743074]
[5.31778155],[2.0859278],[6.06840132]
[1.38838663],[0.96518548],[0.77054824]
[0.76602541],[0.49292845],[0.19408741]
[1.8330381],[0.7563902],[0.96684338]
[2.20999017],[1.17337639],[1.99271583]
[2.62712418],[1.38975105],[3.09754754]
[3.07593885],[1.54942533],[3.90764071]
[3.52754857],[1.62683953],[4.45120832]
[3.75301677],[1.6778073],[4.9839864]
[4.20777434],[1.75553427],[5.67865024]
[4.45270239],[1.8374254],[6.16799723]
[4.59894096],[1.92170599],[6.65076102]
[4.93610322],[2.00133432],[7.19350542]
[5.12619862],[2.06138314],[7.70734925]
[5.20936691],[2.11561806],[8.18746736]
[5.31635071],[2.15272937],[8.54093148]
[5.3735221],[2.22044251],[9.05984074]
[5.77145722],[2.27983293],[9.60006702]
[5.89980703],[2.35311415],[10.18448345]
[6.13256103],[2.43180076],[10.75270024]
[6.48976165],[2.51623573],[11.52134615]
[6.71814719],[2.54995403],[12.21787515]
[6.93174397],[2.57989688],[12.97768667]
[7.37451235],[2.60464563],[13.66025393]
[7.48901058],[2.63129611],[14.14691002]
[7.57885922],[2.65745494],[14.5935411]
[7.6757524],[2.68261309],[15.02287431]
[7.82428821],[2.70194957],[15.42488671]
[7.97379496],[2.71560889],[15.9617135]
[8.08844815],[2.73081033],[16.36838587]
[8.16886169],[2.74140106],[16.7407436]
[8.25548946],[2.74382753],[17.043658]
[8.30776362],[2.72041324],[17.31329943]
[8.35377005],[2.69925178],[17.46162453]
[8.39697196],[2.67837045],[17.55017723]
[8.63456611],[2.65132813],[17.75831761]
[8.73592221],[2.62696255],[17.75559368]
[8.86068935],[2.60594394],[17.76188421]
[8.92523157],[2.58479417],[17.61555928]
[8.98091874],[2.55917851],[17.44029895]
[9.02525695],[2.53694746],[17.18359446]
[8.99286142],[2.51279576],[16.86816578]
[8.94932761],[2.45513304],[16.47963542]
[8.89765921],[2.35244367],[16.04978377]
[8.80188331],[2.27267785],[15.56889637]
[8.6135513],[2.21903199],[15.00327569]
[8.3428967],[2.16183487],[14.25407026]
[8.17341845],[2.11566713],[13.46140985]
[8.08159585],[2.08373934],[12.58692924]
[7.95832495],[1.92889678],[11.44564156]
[7.81474255],[1.84382189],[10.30606698]
[7.61707724],[1.75054961],[9.11840801]
[7.16370037],[1.66657155],[7.84944999]
[6.45091977],[1.59158956],[6.77927179]
[5.81653732],[1.52166856],[6.13767327]
[5.82422209],[2.12054092],[6.66950214]
[1.47192319],[1.0483899],[0.87421021]
[0.61100601],[0.48919339],[0.1484683]
[1.72168143],[0.73039219],[0.88853642]
[2.12159085],[1.18163915],[2.00094584]
[2.67483034],[1.38909619],[3.08784013]
[3.22633781],[1.55508633],[3.90836876]
[3.61724873],[1.63725197],[4.42251461]
[3.83146468],[1.70449938],[5.04070447]
[4.30301831],[1.79560188],[5.76068141]
[4.53349482],[1.87822435],[6.25052674]
[4.74543636],[1.95976147],[6.75830439]
[5.05578243],[2.03720919],[7.38635014]
[5.22808498],[2.09788218],[7.86063899]
[5.29702434],[2.15157202],[8.41649115]
[5.50823503],[2.21421809],[8.85103813]
[5.62919543],[2.28440465],[9.41273743]
[5.9340505],[2.35410061],[10.01501522]
[6.09262856],[2.45530413],[10.65540555]
[6.43307128],[2.52907432],[11.32446017]
[6.674479],[2.59650375],[12.14376148]
[6.94922257],[2.62125386],[12.81161758]
[7.29235968],[2.64637247],[13.62406171]
[7.54524039],[2.66745198],[14.33402345]
[7.84581921],[2.69005082],[14.99175577]
[8.04682905],[2.71189517],[15.54145318]
[8.14646845],[2.73263047],[16.05456372]
[8.23930567],[2.74851651],[16.51339535]
[8.29799283],[2.76050271],[17.05603152]
[8.36853865],[2.77154315],[17.49925325]
[8.40201275],[2.78024626],[17.89369211]
[8.58247546],[2.77410997],[18.34429296]
[8.69967229],[2.75159649],[18.67929998]
[8.8698822],[2.72214416],[19.00398294]
[8.95249795],[2.69927095],[19.12813431]
[9.02633863],[2.65928698],[19.21750943]
[9.08314752],[2.6360208],[19.20778838]
[9.10838396],[2.62100376],[19.16420851]
[9.15988853],[2.61073021],[19.17198674]
[9.31778249],[2.58427984],[19.01451953]
[9.6054937],[2.56304746],[18.92602696]
[9.69417424],[2.53677449],[18.55598258]
[9.64235336],[2.48803485],[18.18296063]
[9.52701144],[2.40382794],[17.63882549]
[9.17225826],[2.30608989],[17.02438579]
[9.00075414],[2.19471001],[16.47796651]
[8.89549119],[2.09039447],[15.70947089]
[8.76374613],[2.04114524],[14.91134245]
[8.57674268],[1.99434696],[13.99428106]
[8.28001198],[1.91165327],[12.68133948]
[8.15391854],[1.8167085],[11.48219635]
[8.07529052],[1.74103528],[10.26456511]
[7.87405775],[1.66724279],[9.06180136]
[7.30899687],[1.59655457],[7.83095953]
[6.62875995],[1.52904164],[6.72883975]
[6.21466776],[2.14083349],[7.1215527]
[2.08817547],[1.10890723],[1.12959021]
[0.71131599],[0.5091552],[0.17996839]
[1.81512871],[0.75636732],[0.96109434]
[2.28785548],[1.24816295],[2.25858297]
[2.76548289],[1.44894596],[3.33482731]
[3.37921638],[1.60135548],[4.24934984]
[3.70541882],[1.6764211],[4.79313697]
[4.01931635],[1.77701977],[5.51964244]
[4.39238083],[1.86722743],[6.24398056]
[4.59572898],[1.95120119],[6.72922288]
[4.92854349],[2.0322367],[7.37994749]
[5.15348692],[2.10802693],[8.02148007]
[5.31152157],[2.16688789],[8.4874156]
[5.38194088],[2.2472115],[9.15271793]
[5.75814464],[2.31274991],[9.72138395]
[5.86640578],[2.40479568],[10.33002036]
[6.06338482],[2.49878635],[10.96234061]
[6.37283142],[2.58677587],[11.72085623]
[6.64710526],[2.65271272],[12.49503307]
[6.82621866],[2.71056141],[13.31916374]
[7.29388892],[2.74023514],[14.17699829]
[7.51765525],[2.76353751],[14.98428125]
[7.81828704],[2.78141672],[15.75856048]
[8.17535293],[2.79850191],[16.58064844]
[8.33709991],[2.81786435],[17.21949032]
[8.37758885],[2.84437794],[17.75546954]
[8.47724451],[2.86629256],[18.25034596]
[8.52031967],[2.89126598],[18.78362582]
[8.8502251],[2.90996872],[19.51770267]
[8.90316124],[2.91848592],[19.98209456]
[9.03721614],[2.9061322],[20.49555012]
[9.10540617],[2.87133489],[20.84394567]
[9.14606214],[2.85304792],[21.17179938]
[9.20130159],[2.82218631],[21.46302386]
[9.25252712],[2.80021864],[21.59658192]
[9.54522228],[2.78531157],[21.81340644]
[9.67604378],[2.77194523],[21.79681038]
[9.80054311],[2.7601134],[21.80079763]
[9.89365068],[2.74247943],[21.61683077]
[10.02119193],[2.72946398],[21.34808633]
[10.34539081],[2.71594553],[21.11398109]
[10.44428863],[2.68668845],[20.73317343]
[10.39709277],[2.62701133],[20.18240039]
[10.27354747],[2.55520826],[19.65313888]
[9.77578326],[2.47414341],[19.0037275]
[9.47160664],[2.3654812],[18.21119335]
[9.05920657],[2.25666495],[17.20990455]
[8.98235301],[2.14117773],[16.15268626]
[8.86420288],[1.98194729],[14.88772263]
[8.71223615],[1.89757989],[13.48134612]
[8.49501675],[1.81778163],[12.01720878]
[8.20944087],[1.73781701],[10.5817124]
[7.95001685],[1.6656746],[9.37437252]
[7.42077808],[1.59548953],[8.10550719]
[7.15233287],[2.17317773],[8.03112041]
[3.10617174],[1.19214881],[1.43276913]
[0.79683554],[0.5280863],[0.22938411]
[1.91003224],[0.79820089],[1.05880659]
[2.46213419],[1.30520965],[2.48573306]
[2.85034472],[1.49809967],[3.54942414]
[3.49133581],[1.65001107],[4.55201107]
[3.8373747],[1.70835387],[5.25969443]
[4.17338534],[1.85947406],[6.07552542]
[4.47294308],[1.94675869],[6.71837558]
[4.77427623],[2.0393697],[7.34016972]
[5.07217265],[2.1166365],[8.01811463]
[5.25024572],[2.17901513],[8.66000934]
[5.48182404],[2.2379523],[9.21773559]
[5.63749842],[2.34735135],[9.95351796]
[5.92639509],[2.43914982],[10.61744324]
[6.02882295],[2.54171038],[11.25905598]
[6.31141643],[2.62171022],[12.0343664]
[6.61904213],[2.69670979],[12.93592264]
[6.85669565],[2.75081496],[13.7188962]
[7.16511323],[2.80030547],[14.58546575]
[7.51052959],[2.82627747],[15.53918908]
[7.78913442],[2.85483098],[16.39683217]
[8.19350001],[2.88552276],[17.29899393]
[8.38873746],[2.9146445],[18.2387897]
[8.74266601],[2.9540354],[19.03354616]
[8.86038093],[2.98157502],[19.59367288]
[9.02733479],[3.01237362],[20.33945376]
[9.09537623],[3.04493946],[20.99845085]
[9.17087431],[3.06932903],[21.65319237]
[9.22883735],[3.11038541],[22.17998792]
[9.2707647],[3.10981027],[22.7135013]
[9.47315955],[3.06832254],[23.26917028]
[9.63352738],[3.03095819],[23.66059084]
[9.81410993],[2.99923106],[24.04550244]
[9.92420168],[2.97468709],[24.24340728]
[9.99431402],[2.92939383],[24.30648674]
[10.22409914],[2.9089593],[24.33754623]
[10.44496774],[2.89522843],[24.39867497]
[10.57282383],[2.8750163],[24.62748011]
[10.66518005],[2.82755652],[24.35746023]
[10.7833178],[2.81382803],[24.07929376]
[11.09721979],[2.79082684],[23.79602981]
[11.2075096],[2.75240045],[23.33648013]
[11.16250198],[2.70114543],[22.73994454]
[10.77705185],[2.64115974],[21.93174539]
[10.40780447],[2.55958183],[21.0572326]
[9.94209997],[2.47367868],[20.01363683]
[9.6846259],[2.3492411],[18.8543444]
[9.28084928],[2.16671636],[17.28620355]
[9.03674304],[1.99354689],[15.67545775]
[8.94472703],[1.8967947],[14.16265697]
[8.81922137],[1.81208367],[12.51714579]
[8.36872892],[1.73799991],[10.96164184]
[8.04118995],[1.66819141],[9.73699696]
[7.94747733],[2.21174989],[9.37662178]
[5.00640877],[1.28142215],[1.79371632]
[0.87783142],[0.54070796],[0.2958382]
[1.96063057],[0.83616409],[1.14604219]
[2.58891585],[1.34669413],[2.66363077]
[2.93911875],[1.53434042],[3.72298924]
[3.57209123],[1.6900853],[4.77287205]
[3.97031629],[1.7486101],[5.66132971]
[4.27607788],[1.93187408],[6.49851055]
[4.53260492],[2.02107491],[7.12801464]
[4.92679172],[2.11262935],[7.90980275]
[5.17518207],[2.1855771],[8.56969461]
[5.32351103],[2.2541333],[9.20627907]
[5.69393163],[2.3143139],[9.93682707]
[5.84715176],[2.49392479],[10.76400042]
[6.04144106],[2.58104576],[11.58258011]
[6.24703488],[2.66396385],[12.34620343]
[6.58450622],[2.72713371],[13.25957824]
[6.78007793],[2.78959277],[14.10768437]
[7.1664978],[2.83674182],[14.99748584]
[7.45461584],[2.89263523],[15.93574392]
[7.68975256],[2.93271743],[16.94045325]
[8.16108404],[2.96726743],[17.95903348]
[8.40545833],[3.00595934],[18.95130871]
[8.73012801],[3.03876884],[19.93451082]
[9.0977551],[3.07383772],[21.01365231]
[9.23454303],[3.1289925],[21.72327107]
[9.26938082],[3.16129599],[22.41670915]
[9.40762548],[3.20309899],[23.08547965]
[9.54900431],[3.24020081],[23.78927085]
[9.74168303],[3.28258698],[24.58804501]
[9.90697118],[3.28914091],[25.23243793]
[9.98327406],[3.28338361],[25.72400439]
[10.15458924],[3.23465578],[26.10692108]
[10.29702235],[3.18775953],[26.43558303]
[10.54759542],[3.14840891],[27.13041688]
[10.68814978],[3.11607332],[27.37284484]
[10.76629084],[3.0625348],[27.43917184]
[10.95653342],[3.04303867],[27.47203499]
[11.19857649],[3.02232577],[27.46167427]
[11.33415169],[2.99815021],[27.38123059]
[11.45007186],[2.97976936],[27.22009777]
[11.56902245],[2.96427194],[26.91596331]
[11.86147773],[2.93994305],[26.61260511]
[11.97773812],[2.89323779],[26.09230545]
[11.92253233],[2.82327712],[25.47277834]
[11.41273744],[2.75310059],[24.56270183]
[10.93322883],[2.68948728],[23.3932096]
[10.55802055],[2.57648951],[22.00936488]
[10.16683601],[2.38997736],[20.05926265]
[9.82597838],[2.22016923],[18.51936849]
[9.57760149],[2.06839762],[16.79221274]
[9.19749625],[1.90992032],[14.72281917]
[8.95032071],[1.80717615],[13.04562378]
[8.54931888],[1.73211954],[11.3528994]
[8.57072257],[2.24989992],[13.09696073]
[6.26156125],[1.36244278],[2.50749929]
[0.76122512],[0.37724544],[0.20221502]
[1.86502412],[0.59946235],[0.78574821]
[2.45286072],[1.08387149],[2.29186791]
[3.00281893],[1.28559887],[3.33228305]
[3.61726129],[1.44550401],[4.32958009]
[4.04714001],[1.65534295],[5.20522849]
[4.33327719],[1.86050061],[6.0443279]
[4.57354283],[1.93606779],[6.698878]
[4.99920009],[2.01191808],[7.4907513]
[5.22338055],[2.08468515],[8.13399152]
[5.36214965],[2.1891765],[8.81355614]
[5.79777663],[2.29544623],[9.59601813]
[5.94346455],[2.48435769],[10.49623878]
[6.11861145],[2.55489761],[11.35712663]
[6.42953179],[2.62421591],[12.20293734]
[6.69296451],[2.67792695],[13.08075137]
[6.88418728],[2.73636966],[13.91174027]
[7.32472978],[2.79353117],[14.90790495]
[7.55798122],[2.87060203],[15.83765533]
[7.90400168],[2.94796009],[16.88809931]
[8.28450984],[2.99554241],[17.99265072]
[8.505522],[3.02662326],[19.03605496]
[8.9625962],[3.07782853],[20.15774795]
[9.2098112],[3.12552576],[21.39644717]
[9.40046768],[3.19116713],[22.22697737]
[9.57392622],[3.22588846],[22.94830643]
[9.7597077],[3.282073],[23.85699953]
[9.92398228],[3.32003358],[24.73026929]
[9.9970224],[3.33889176],[25.43590189]
[10.19669053],[3.36581491],[26.07268383]
[10.35506533],[3.33425692],[26.63729982]
[10.58949148],[3.27331916],[27.51383061]
[10.73455719],[3.20650426],[27.92849486]
[10.86732439],[3.16777962],[28.35427433]
[11.06989436],[3.13181158],[28.65786703]
[11.30466435],[3.10224951],[28.91676369]
[11.41728967],[3.0743247],[29.16255758]
[11.58182329],[3.0399866],[29.25702926]
[11.73136154],[2.99424045],[29.23888208]
[11.99850126],[2.95901893],[29.25730335]
[12.1327951],[2.94873752],[29.08887315]
[12.21549552],[2.92192612],[28.76455075]
[12.48699506],[2.88671128],[28.42538864]
[12.63326445],[2.82017247],[27.78576376]
[12.43618179],[2.75144877],[26.95105131]
[11.98791107],[2.70039995],[25.8806026]
[11.49161224],[2.65100558],[24.45956765]
[11.0521153],[2.55389335],[22.59892249]
[10.72245531],[2.44145246],[20.95401195]
[10.39970129],[2.22753548],[18.93794468]
[10.00784507],[2.01107781],[16.81555362]
[9.67738631],[1.89779939],[14.91853324]
[8.99945761],[1.77306322],[13.11681564]
