meltWidth,meltDepth,meltArea
[1.7165373],[0.50298438],[0.51714673]
[2.09089906],[0.51778306],[0.65650832]
[2.1484734],[0.65098921],[0.85921104]
[2.35219835],[0.64614142],[0.99923707]
[2.32829294],[0.75899648],[1.15212104]
[2.59567011],[0.73745912],[1.32109999]
[2.66324461],[0.81782078],[1.44531543]
[2.82489933],[0.79431825],[1.57824174]
[2.82391142],[0.83672398],[1.6180954]
[2.88189599],[0.82394256],[1.70611288]
[2.87939213],[0.84392977],[1.72543386]
[2.92176995],[0.84316637],[1.78657912]
[2.91957838],[0.85910575],[1.80466821]
[2.93983395],[0.85451282],[1.83276799]
[2.93634807],[0.85708229],[1.82190115]
[2.95317414],[0.85740771],[1.84531114]
[2.94952975],[0.85538822],[1.85765463]
[2.96514779],[0.85465404],[1.8759719]
[2.95974487],[0.87977537],[1.90179856]
[2.96894553],[0.86224122],[1.92408901]
[2.97598176],[0.94340083],[1.98153141]
[3.02151467],[0.91308483],[2.00947632]
[3.04707332],[0.99050441],[2.08223838]
[3.05573663],[0.97602767],[2.12227985]
[3.07813798],[1.01454872],[2.17256305]
[3.1180005],[0.99836764],[2.21833588]
[3.14005446],[1.03523402],[2.26341986]
[3.15708612],[1.02298711],[2.29784877]
[3.16874885],[1.04713209],[2.34261362]
[3.12079222],[1.04353178],[2.32265532]
[3.20484924],[1.05269967],[2.37169285]
[3.09002866],[1.06156354],[2.3291307]
[3.07614254],[1.06996772],[2.33830269]
[3.05444561],[1.07959279],[2.34886757]
[3.0309824],[1.08327029],[2.34316887]
[3.01839684],[1.08402487],[2.35037161]
[2.98977396],[1.08511355],[2.3560047]
[2.96690475],[1.08427855],[2.35547146]
[2.94523261],[1.0821263],[2.33411133]
[2.91968435],[1.07860446],[2.31782712]
[2.87589461],[1.0774794],[2.31269169]
[2.75245288],[1.07632116],[2.27247592]
[2.66691318],[1.07306176],[2.25802256]
[2.59395641],[1.07716593],[2.25503619]
[2.5165598],[1.08017323],[2.23473032]
[2.44953907],[1.08317941],[2.20525757]
[2.38878368],[1.08149386],[2.1806203]
[2.3422537],[1.07468804],[2.16134602]
[2.29653707],[1.06767622],[2.153801]
[2.28312039],[1.06037519],[2.15488478]
[2.36449944],[1.05205656],[2.11401433]
[1.95075978],[1.04045002],[1.69996752]
[1.11330777],[1.02920182],[0.92410193]
[0.52119818],[0.27959162],[0.07201188]
[2.31496711],[0.49291285],[0.73001668]
[2.62135082],[0.57699264],[1.04177095]
[2.77838568],[0.64460668],[1.27358414]
[2.84138204],[0.71120563],[1.45533734]
[2.96627721],[0.76298228],[1.66378562]
[3.03849399],[0.82336852],[1.80483244]
[3.12352418],[0.86398827],[1.98246821]
[3.22975098],[0.90066894],[2.09906123]
[3.24990565],[0.92026466],[2.16285451]
[3.2523901],[0.92475242],[2.19692529]
[3.26488978],[0.92870357],[2.23300896]
[3.29027259],[0.93577215],[2.26035653]
[3.37432053],[0.94180418],[2.3278944]
[3.39902633],[0.94886577],[2.35378667]
[3.4640742],[0.9489034],[2.39759198]
[3.50720215],[0.94880424],[2.43211612]
[3.58324239],[0.95001234],[2.48883494]
[3.60316454],[0.96077636],[2.51284092]
[3.66085639],[0.98535791],[2.56328379]
[3.63784913],[1.02611118],[2.56761889]
[3.69574611],[1.07039318],[2.62921758]
[3.66811745],[1.11808877],[2.66646057]
[3.71303354],[1.14747858],[2.7205092]
[3.68437955],[1.17715424],[2.76442053]
[3.72464091],[1.20295397],[2.81344973]
[3.67877536],[1.2289542],[2.86149643]
[3.72741412],[1.24187979],[2.91603558]
[3.679229],[1.25363407],[2.92754311]
[3.7302991],[1.26105306],[2.98960382]
[3.70240135],[1.26857535],[3.02659001]
[3.74573847],[1.27534216],[3.08913625]
[3.74159167],[1.28205563],[3.11560586]
[3.75354833],[1.28833951],[3.10715737]
[3.71541266],[1.29472447],[3.12664518]
[3.696673],[1.29995355],[3.14414469]
[3.6696911],[1.30371559],[3.14917277]
[3.65343046],[1.31236669],[3.16599896]
[3.63636446],[1.32006467],[3.17990895]
[3.61471332],[1.32391263],[3.19144863]
[3.58526043],[1.32750484],[3.18580141]
[3.5644051],[1.33017151],[3.18131197]
[3.50187273],[1.33110871],[3.16292802]
[3.3996644],[1.3335854],[3.13219404]
[3.33919119],[1.33605997],[3.13062922]
[3.28332154],[1.33878989],[3.13792892]
[3.22376313],[1.34117905],[3.14181386]
[3.16063016],[1.34442783],[3.13507442]
[3.12385549],[1.34629573],[3.13625684]
[3.08269221],[1.34833822],[3.13742808]
[3.04847575],[1.34803831],[3.13603345]
[3.0166632],[1.34252418],[3.12513978]
[2.97428494],[1.33171337],[3.12426605]
[2.74016105],[1.32106825],[2.69862539]
[1.98467359],[1.31137532],[1.74521728]
[0.31148821],[0.35530049],[0.05491274]
[2.38062511],[0.54775588],[0.95222653]
[2.8139093],[0.62492733],[1.2865807]
[2.94558893],[0.69489516],[1.53319447]
[3.02751962],[0.75405719],[1.70664575]
[3.113861],[0.80638708],[1.87240647]
[3.24509623],[0.85190999],[2.02252553]
[3.39133745],[0.89111631],[2.17975573]
[3.42472535],[0.92233751],[2.25677955]
[3.4630485],[0.92480269],[2.31024198]
[3.4628949],[0.92711521],[2.32884632]
[3.53996563],[0.93035174],[2.37844039]
[3.59099732],[0.92997971],[2.41770026]
[3.69776869],[0.92936778],[2.48723549]
[3.72651688],[0.93099275],[2.51626836]
[3.81651006],[0.93118311],[2.59832421]
[3.815411],[0.93153777],[2.61052969]
[3.86470859],[0.93495532],[2.6608774]
[3.85782023],[0.95099407],[2.6750349]
[3.91546346],[0.9572296],[2.74385864]
[3.90367681],[0.97144098],[2.75987234]
[3.98514205],[0.97199521],[2.81797315]
[3.92384703],[0.98872413],[2.81679743]
[4.03303734],[0.98845281],[2.88487658]
[3.98095844],[1.00535027],[2.87837642]
[4.08013938],[1.00363742],[2.93629473]
[4.00373973],[1.01595588],[2.91545969]
[4.10366495],[1.01504969],[2.98311449]
[4.03489268],[1.04526741],[2.96219062]
[4.1413077],[1.0613799],[3.02687679]
[4.09336821],[1.07964027],[3.02784917]
[4.18288241],[1.0980198],[3.07687081]
[4.18353038],[1.11411794],[3.10033016]
[4.21285068],[1.12950689],[3.11041623]
[4.21417494],[1.14418592],[3.12606518]
[4.19666035],[1.16072365],[3.15413272]
[4.19050125],[1.17280044],[3.18629127]
[4.18800698],[1.18283989],[3.22558204]
[4.18484978],[1.20181924],[3.27167752]
[4.18009818],[1.22305297],[3.32169819]
[4.15715711],[1.24205037],[3.36825644]
[4.14053557],[1.25876579],[3.41769802]
[4.1109879],[1.2754133],[3.44909033]
[4.0614016],[1.29249023],[3.44627188]
[3.99251483],[1.30819688],[3.44139609]
[3.91702629],[1.32352451],[3.45302921]
[3.83635789],[1.33615522],[3.45522641]
[3.74184978],[1.34257148],[3.44484353]
[3.67044143],[1.34445241],[3.43605153]
[3.60939801],[1.34241182],[3.43287337]
[3.54422155],[1.3400127],[3.42513836]
[3.49619954],[1.33833253],[3.42058585]
[3.46540591],[1.33081177],[3.43223929]
[3.19244547],[1.32291438],[3.00439934]
[2.42030519],[1.31473752],[2.08223031]
[0.34263782],[0.35807828],[0.06086553]
[2.37110833],[0.57681163],[0.98227663]
[2.91197749],[0.65753877],[1.43299264]
[3.02617132],[0.72970931],[1.67547854]
[3.12729396],[0.78436991],[1.86264544]
[3.24699222],[0.82371251],[2.02164302]
[3.41245655],[0.87173438],[2.19386875]
[3.53611337],[0.90356365],[2.30054308]
[3.54050345],[0.92468441],[2.35608087]
[3.65707781],[0.92768908],[2.43812715]
[3.69500834],[0.92445205],[2.4756858]
[3.82383242],[0.92276984],[2.55911015]
[3.83815011],[0.92279128],[2.61681199]
[3.90620179],[0.92707313],[2.67139477]
[3.89733973],[0.94108158],[2.69602085]
[3.96601398],[0.9441524],[2.76770764]
[3.93265547],[0.96548705],[2.8068935]
[4.04289877],[0.96843898],[2.91033134]
[4.02329466],[0.98464519],[2.92976695]
[4.14432138],[0.99219654],[3.031938]
[4.13096518],[1.00824879],[3.03854476]
[4.23057596],[1.0148664],[3.11985967]
[4.20388721],[1.02234846],[3.09804281]
[4.29765767],[1.0255786],[3.18484021]
[4.29049713],[1.03031578],[3.16527339]
[4.37083973],[1.03235665],[3.24634061]
[4.34301783],[1.05048226],[3.21180363]
[4.40302468],[1.06547183],[3.28851204]
[4.37585363],[1.08875824],[3.2557346]
[4.44084755],[1.10548929],[3.32759112]
[4.44149913],[1.12422458],[3.31935869]
[4.47073543],[1.12857468],[3.35695699]
[4.49565442],[1.13202142],[3.36374187]
[4.47205325],[1.13469166],[3.35395928]
[4.49095044],[1.13734923],[3.33667536]
[4.45656103],[1.14104513],[3.33461844]
[4.44483836],[1.14515346],[3.34305355]
[4.43603023],[1.16151534],[3.37404495]
[4.42881149],[1.18257758],[3.41694113]
[4.41299585],[1.20434267],[3.43915637]
[4.36908996],[1.22961541],[3.43639267]
[4.32582617],[1.25160934],[3.46010608]
[4.27860746],[1.27065077],[3.50421876]
[4.19414688],[1.28594756],[3.5277234]
[4.13815598],[1.29919034],[3.5517065]
[4.08766793],[1.31169028],[3.57284771]
[4.02350184],[1.32083143],[3.57978657]
[3.94337968],[1.32548199],[3.56907106]
[3.8825269],[1.32776168],[3.57127858]
[3.83302063],[1.33056022],[3.58262326]
[3.7819137],[1.336198],[3.59317377]
[3.7332871],[1.33545679],[3.5960204]
[3.69218802],[1.32605599],[3.59858906]
[3.44911786],[1.31672703],[3.14261914]
[2.67132809],[1.3070023],[2.21346189]
[0.46977215],[0.36781734],[0.08573519]
[2.3650252],[0.58757066],[1.00394076]
[2.94967573],[0.67168321],[1.53727484]
[3.04697215],[0.75048623],[1.76679219]
[3.13971115],[0.81523411],[1.95561569]
[3.26542544],[0.85291667],[2.10302587]
[3.45088283],[0.88823074],[2.25674883]
[3.63258576],[0.91432827],[2.37327837]
[3.7084286],[0.93412351],[2.50761554]
[3.83550027],[0.93393762],[2.63284801]
[3.83366737],[0.93684556],[2.66329442]
[3.92726884],[0.94159125],[2.7273669]
[3.90743023],[0.95481351],[2.75875047]
[3.98280146],[0.96068126],[2.84819405]
[3.9588916],[0.97839335],[2.88414002]
[4.05995478],[0.99099173],[2.98334534]
[4.04273153],[1.00657114],[3.00047106]
[4.17049073],[1.0183084],[3.11466201]
[4.16128383],[1.03078078],[3.12878143]
[4.27834893],[1.03944284],[3.24271082]
[4.28074486],[1.06004843],[3.25294183]
[4.37792456],[1.0731662],[3.35159359]
[4.37767534],[1.08585535],[3.34519026]
[4.46166223],[1.1027409],[3.44403443]
[4.47522583],[1.12295049],[3.43948272]
[4.5487234],[1.14194085],[3.52941133]
[4.53527188],[1.16154532],[3.50614032]
[4.56100819],[1.17543713],[3.597186]
[4.53561502],[1.19161303],[3.56556944]
[4.56813739],[1.20284774],[3.66716064]
[4.56374181],[1.21394889],[3.64018166]
[4.56489206],[1.21916343],[3.72284237]
[4.59984896],[1.22212408],[3.67485787]
[4.55536812],[1.22433771],[3.6808656]
[4.58695601],[1.22653909],[3.67703274]
[4.5433827],[1.22961637],[3.69247778]
[4.52690705],[1.24493536],[3.70621445]
[4.50987546],[1.26684591],[3.71712286]
[4.48304044],[1.28967998],[3.73643568]
[4.45643517],[1.30606171],[3.74705933]
[4.38213429],[1.320183],[3.73422137]
[4.33207989],[1.33559975],[3.76058231]
[4.29781267],[1.35032231],[3.7825379]
[4.23177276],[1.35928553],[3.79282174]
[4.18820277],[1.36671127],[3.79624994]
[4.14882032],[1.37415728],[3.80161997]
[4.10899946],[1.37911032],[3.7952797]
[4.06355922],[1.38282426],[3.78385511]
[4.03146556],[1.38322927],[3.77435308]
[4.00264052],[1.38408132],[3.76922652]
[3.96582484],[1.38375056],[3.76196289]
[3.91834329],[1.37373472],[3.75056773]
[3.87149316],[1.35745385],[3.74560391]
[3.62733994],[1.34586391],[3.34508856]
[2.83432454],[1.33498911],[2.4198292]
[0.68980893],[0.4077925],[0.13963313]
[2.39874312],[0.62119773],[1.18293178]
[2.9741696],[0.70542898],[1.63808259]
[3.05552518],[0.78243957],[1.83663002]
[3.15364548],[0.82327594],[1.99353207]
[3.43441787],[0.85936566],[2.21312494]
[3.61014189],[0.89519092],[2.39871871]
[3.77437018],[0.91628767],[2.53282089]
[3.78295785],[0.93080822],[2.61012854]
[3.88531069],[0.93343225],[2.70577544]
[3.88220666],[0.94499761],[2.75891433]
[3.95825393],[0.9585459],[2.83895183]
[3.93598194],[0.99841814],[2.90755603]
[4.03033393],[1.00848208],[3.01509388]
[4.01345375],[1.03237019],[3.04898696]
[4.12960594],[1.05623332],[3.18730358]
[4.12388848],[1.09327419],[3.23969247]
[4.24790653],[1.13151958],[3.43168244]
[4.24797763],[1.16063725],[3.43740826]
[4.36092285],[1.18521644],[3.62716423]
[4.36888044],[1.20767755],[3.61890671]
[4.46176903],[1.22307474],[3.81532279]
[4.47228473],[1.2374219],[3.76517633]
[4.54722997],[1.25360122],[3.94638502]
[4.57365601],[1.27124847],[3.88856882]
[4.60082244],[1.28634701],[4.04813855]
[4.57726245],[1.30182522],[3.97508745]
[4.59761343],[1.31331776],[4.12694997]
[4.57733163],[1.32739365],[4.06130682]
[4.60511123],[1.33747688],[4.20222567]
[4.60526523],[1.34675422],[4.17293614]
[4.60543455],[1.35144402],[4.27862308]
[4.65064868],[1.35368308],[4.27009298]
[4.59774663],[1.35557747],[4.28400624]
[4.63578799],[1.35739603],[4.28131971]
[4.58919553],[1.35923661],[4.27896018]
[4.57507882],[1.37262711],[4.29304165]
[4.54993384],[1.38552618],[4.28780319]
[4.51310693],[1.39783563],[4.27763919]
[4.45682776],[1.41054756],[4.2463]
[4.36449515],[1.42403756],[4.21576176]
[4.31529328],[1.43565879],[4.2059226]
[4.28244019],[1.44455063],[4.19316679]
[4.22645664],[1.44942313],[4.17646763]
[4.1850855],[1.45309533],[4.15681185]
[4.14656983],[1.45526239],[4.13332324]
[4.12236801],[1.4559895],[4.11066906]
[4.08390274],[1.45430051],[4.07085761]
[4.04831885],[1.45188404],[4.05045127]
[4.01789207],[1.44883089],[4.03381662]
[3.97653646],[1.44149944],[4.02311958]
[3.92141617],[1.42950376],[4.06513583]
[3.84023356],[1.406584],[4.07104903]
[3.61379748],[1.39964782],[3.62836809]
[2.81725783],[1.3938838],[2.63986544]
[0.90247314],[0.44403118],[0.20385703]
[2.40214861],[0.64194554],[1.30215808]
[2.99845309],[0.7089776],[1.66003363]
[3.09245353],[0.77384879],[1.86821637]
[3.24800406],[0.83812548],[2.07049432]
[3.45437224],[0.88199296],[2.28043973]
[3.61772695],[0.90271848],[2.46290256]
[3.80940522],[0.92440121],[2.61358898]
[3.82407971],[0.94506222],[2.70787535]
[3.92737894],[0.95577734],[2.81598481]
[3.9115078],[0.99645058],[2.90342332]
[3.99538412],[1.04912356],[3.01822902]
[3.97068501],[1.07455299],[3.06427264]
[4.08282285],[1.0944077],[3.2231834]
[4.07255625],[1.12739372],[3.34500365]
[4.20321161],[1.16537075],[3.55444579]
[4.19287939],[1.20966591],[3.610606]
[4.31847714],[1.248344],[3.82388207]
[4.33403245],[1.28856928],[3.87813538]
[4.44504677],[1.31008714],[4.0852203]
[4.46904831],[1.32480766],[4.11757144]
[4.54218132],[1.33887531],[4.26721167]
[4.58222909],[1.35471119],[4.27465283]
[4.62076712],[1.36950147],[4.39729998]
[4.61966215],[1.38392124],[4.39403743]
[4.63961914],[1.39692636],[4.4946649]
[4.6291789],[1.4111369],[4.49693733]
[4.64626114],[1.4213653],[4.59250715]
[4.64070805],[1.43396359],[4.59412456]
[4.66202275],[1.4430445],[4.70555325]
[4.67209674],[1.45149046],[4.72773934]
[4.66628115],[1.45579009],[4.80028419]
[4.71902308],[1.45783997],[4.81036835]
[4.66091986],[1.46052734],[4.8142402]
[4.70429773],[1.47098071],[4.82766297]
[4.65903995],[1.48133946],[4.81886717]
[4.63459866],[1.48994042],[4.80561295]
[4.60579565],[1.49689666],[4.78577698]
[4.57640982],[1.50240121],[4.7742437]
[4.53189712],[1.50533122],[4.72871137]
[4.43004301],[1.50705953],[4.67912829]
[4.36564616],[1.51219784],[4.65147753]
[4.32369423],[1.51694002],[4.63021127]
[4.25885042],[1.51915764],[4.59114045]
[4.21400522],[1.52110758],[4.55399553]
[4.17775624],[1.52173332],[4.51944356]
[4.15355746],[1.52040938],[4.49415921]
[4.11522841],[1.51537689],[4.44873015]
[4.07898484],[1.51007794],[4.47049913]
[4.03341452],[1.50193162],[4.47741468]
[3.95886108],[1.48959438],[4.45824122]
[3.88096194],[1.47648491],[4.44313975]
[3.79528986],[1.46364961],[4.41197499]
[3.58264013],[1.45702035],[3.87809509]
[2.76962178],[1.4408395],[2.82357362]
[1.10819313],[0.52886773],[0.28237845]
[2.3833782],[0.64844583],[1.32765818]
[2.98861562],[0.72673888],[1.69333343]
[3.0855992],[0.80670744],[1.93433643]
[3.24223356],[0.87248733],[2.14685195]
[3.45178036],[0.90862447],[2.35848756]
[3.63404996],[0.93216577],[2.56066846]
[3.86845292],[0.95446777],[2.72969817]
[3.87999479],[0.97453027],[2.83046601]
[3.9720326],[1.01144705],[2.96991805]
[3.95571099],[1.09017185],[3.07319441]
[4.06156898],[1.11576167],[3.23424547]
[4.04903325],[1.14229578],[3.39164871]
[4.18144283],[1.17985732],[3.6477853]
[4.18319934],[1.22893267],[3.72681966]
[4.31044589],[1.26448603],[3.96077835]
[4.32649445],[1.3042269],[4.04527846]
[4.44538004],[1.3371664],[4.28113938]
[4.49403596],[1.37014576],[4.37108406]
[4.56861077],[1.39320428],[4.52810841]
[4.61632284],[1.40792945],[4.58943953]
[4.67574252],[1.42731484],[4.7121396]
[4.6836318],[1.44174186],[4.74766724]
[4.69562554],[1.45725143],[4.82716809]
[4.70652134],[1.46922985],[4.86195532]
[4.71513492],[1.48235226],[4.94230973]
[4.71379179],[1.49624828],[4.95923534]
[4.71599798],[1.50620335],[5.03999138]
[4.71939528],[1.51808336],[5.06203055]
[4.72918462],[1.5270664],[5.15440743]
[4.7543914],[1.53561178],[5.210611]
[4.73075457],[1.54173767],[5.25173142]
[4.77735108],[1.54986535],[5.28893976]
[4.71545058],[1.55637084],[5.27561103]
[4.72999458],[1.56204654],[5.28243737]
[4.67291805],[1.56717207],[5.24059537]
[4.61755869],[1.57050408],[5.20001568]
[4.5614885],[1.57331457],[5.16342567]
[4.50008136],[1.57609006],[5.14698269]
[4.44222639],[1.57582607],[5.12494884]
[4.3706138],[1.57540745],[5.07811365]
[4.33542561],[1.57492587],[5.05042628]
[4.30587719],[1.5738917],[5.01789746]
[4.26806442],[1.57370027],[4.98040109]
[4.2232508],[1.57243662],[4.94311979]
[4.17639694],[1.56779854],[4.90709771]
[4.11719265],[1.56231695],[4.8894758]
[4.04649211],[1.55224375],[4.8509177]
[3.97177334],[1.53905172],[4.82224381]
[3.89219636],[1.52460146],[4.78933309]
[3.79956633],[1.52191802],[4.72949826]
[3.74699788],[1.51312459],[4.66878471]
[3.7226378],[1.50059507],[4.56472804]
[3.07004267],[1.48708741],[3.84467287]
[2.2167507],[1.46823686],[2.71565835]
[1.41274582],[0.56840685],[0.38173346]
[2.38320046],[0.66877089],[1.37726964]
[2.99949396],[0.77514962],[1.7961579]
[3.09698311],[0.85153554],[2.0422455]
[3.23000664],[0.91393367],[2.24548939]
[3.40887021],[0.94452844],[2.44595744]
[3.60312918],[0.96804489],[2.65844962]
[3.89046904],[0.98876251],[2.84896482]
[3.89582337],[1.067434],[2.98583327]
[4.00980993],[1.13434554],[3.19301899]
[4.00330387],[1.16877601],[3.29745051]
[4.13291359],[1.21064273],[3.62244647]
[4.14532883],[1.25485993],[3.77672247]
[4.27757355],[1.28961366],[4.04495168]
[4.29241904],[1.328664],[4.14979713]
[4.41948168],[1.35657069],[4.3865205]
[4.47219956],[1.38655567],[4.50167312]
[4.5673254],[1.41262175],[4.69391514]
[4.6286801],[1.43714704],[4.80211096]
[4.69587901],[1.45268078],[4.94664919]
[4.72359175],[1.46487493],[5.03813221]
[4.73320533],[1.4865328],[5.13829792]
[4.74880473],[1.4990629],[5.19074685]
[4.7531208],[1.51830362],[5.27667265]
[4.7697145],[1.52665211],[5.32031907]
[4.77105957],[1.5401273],[5.41282419]
[4.77449557],[1.55377601],[5.44585303]
[4.77875474],[1.56352983],[5.54152346]
[4.78786895],[1.57447737],[5.5855019]
[4.80360102],[1.5859562],[5.68117222]
[4.82678229],[1.59602888],[5.79567004]
[4.80828007],[1.6052808],[5.79879065]
[4.84861592],[1.6127293],[5.86759573]
[4.77585396],[1.61876004],[5.80712232]
[4.79178559],[1.62407721],[5.83958138]
[4.73589782],[1.62731626],[5.8019007]
[4.68098308],[1.63002678],[5.76901337]
[4.62715783],[1.63193509],[5.74749761]
[4.56563381],[1.63343163],[5.73010327]
[4.50232759],[1.63240074],[5.70385256]
[4.44233717],[1.63130169],[5.65785116]
[4.40115114],[1.63013741],[5.66421431]
[4.36595543],[1.62972185],[5.67284282]
[4.34178259],[1.62717809],[5.64738365]
[4.33758051],[1.62350975],[5.61754734]
[4.33711075],[1.61715784],[5.57335261]
[4.33830664],[1.60628553],[5.51819738]
[4.32339669],[1.59289734],[5.44792173]
[4.31211285],[1.58632047],[5.39121669]
[4.28316921],[1.57806199],[5.32506585]
[4.24240245],[1.56648965],[5.23232147]
[4.21240789],[1.55441262],[5.10852833]
[4.08125821],[1.54066507],[4.85612234]
[3.29768798],[1.52767498],[4.02605498]
[2.51119772],[1.51043526],[2.84007248]
[1.54217513],[0.58784299],[0.5846871]
[2.39473767],[0.72523386],[1.4920737]
[3.01586951],[0.82748229],[1.91656097]
[3.11402807],[0.89376243],[2.16253539]
[3.25435763],[0.9470688],[2.36938589]
[3.42821108],[0.97505481],[2.58426606]
[3.61172235],[0.99504483],[2.79180971]
[3.9077746],[1.05381368],[3.00450777]
[3.908757],[1.16570747],[3.19377222]
[4.02538007],[1.2011558],[3.39793524]
[4.02625903],[1.24485594],[3.57423962]
[4.17312011],[1.28315709],[3.94541697]
[4.17446154],[1.31734535],[4.06241023]
[4.31574995],[1.34821647],[4.3333527]
[4.34028705],[1.379008],[4.45936559]
[4.47187199],[1.4116936],[4.6911876]
[4.55496482],[1.43386057],[4.8279653]
[4.63493478],[1.45980366],[5.02743922]
[4.71967881],[1.48339521],[5.1610067]
[4.73334318],[1.50402337],[5.3006167]
[4.76560895],[1.51921399],[5.41274387]
[4.78364871],[1.53811448],[5.53736395]
[4.83059467],[1.55590263],[5.62802471]
[4.86060288],[1.56920328],[5.70708312]
[4.89987777],[1.58434881],[5.79259186]
[4.92697248],[1.59843289],[5.88616544]
[4.92524752],[1.61244401],[5.94714207]
[4.93920309],[1.6231863],[6.04178742]
[4.9227606],[1.63641404],[6.10733319]
[4.94025663],[1.64706733],[6.19602971]
[4.93707406],[1.66344783],[6.32253481]
[4.91514805],[1.67101347],[6.31628976]
[4.93441667],[1.67724562],[6.39102301]
[4.87297804],[1.68205204],[6.34270239]
[4.89706215],[1.68503093],[6.3884901]
[4.85406542],[1.6870403],[6.36843814]
[4.80371119],[1.68863293],[6.33361859]
[4.76885151],[1.68997625],[6.31949948]
[4.71970231],[1.68898751],[6.30465169]
[4.72578233],[1.68578706],[6.29016379]
[4.72524813],[1.68265454],[6.2449834]
[4.73163502],[1.67969995],[6.22837391]
[4.73983193],[1.67701283],[6.22079641]
[4.73283658],[1.67321486],[6.16547222]
[4.73459007],[1.66862444],[6.12646521]
[4.73820846],[1.65886711],[6.07851854]
[4.74296784],[1.64075673],[6.01943621]
[4.7316027],[1.63052396],[5.93600397]
[4.72572166],[1.62557011],[5.86142531]
[4.70419783],[1.61497419],[5.78241026]
[4.66804458],[1.598212],[5.665035]
[4.63588303],[1.58057032],[5.46011751]
[4.44253539],[1.56508352],[5.16767893]
[3.66402108],[1.55157429],[4.26195421]
[2.87725476],[1.53775414],[3.03453202]
[1.58249528],[0.65494357],[0.77061065]
[2.40529622],[0.77672429],[1.60724149]
[3.04307223],[0.87095713],[2.03989507]
[3.14122183],[0.93033895],[2.28585141]
[3.29582345],[0.97748679],[2.50533545]
[3.45494254],[0.99814277],[2.7170001]
[3.64583382],[1.01588323],[2.92467749]
[3.93189349],[1.12758237],[3.17732297]
[3.93001715],[1.21393981],[3.39008711]
[4.05930771],[1.24787324],[3.6532645]
[4.05953834],[1.29233224],[3.9019209]
[4.22720741],[1.32851639],[4.24942676]
[4.23127419],[1.36182482],[4.38574504]
[4.38887366],[1.39810184],[4.65224598]
[4.45710677],[1.42452588],[4.80957061]
[4.58542843],[1.45413148],[5.05488255]
[4.69208987],[1.48332535],[5.23519778]
[4.77707546],[1.50806046],[5.45815458]
[4.85869489],[1.53182323],[5.62916936]
[4.88772524],[1.54840321],[5.75772319]
[4.93647924],[1.5667374],[5.90813583]
[4.97637858],[1.58301131],[6.0200452]
[5.01079723],[1.60141709],[6.12648483]
[5.05781302],[1.61522113],[6.20063906]
[5.07982197],[1.63141694],[6.29406799]
[5.1238627],[1.64654885],[6.38158147]
[5.10561089],[1.66121841],[6.44591447]
[5.13679115],[1.67229202],[6.5380414]
[5.10478907],[1.68472638],[6.59820475]
[5.14385377],[1.69575934],[6.70016601]
[5.12298855],[1.71023034],[6.7954005]
[5.13203914],[1.71777871],[6.83194717]
[5.1185856],[1.72322983],[6.88498782]
[5.09608328],[1.72771172],[6.86830371]
[5.07682508],[1.73076838],[6.88770902]
[5.06278629],[1.73203781],[6.88393341]
[5.00268549],[1.73296316],[6.84029809]
[4.96097436],[1.73371417],[6.82141189]
[4.92266558],[1.73208912],[6.80516371]
[4.93176596],[1.72989518],[6.76978619]
[4.92825657],[1.72799446],[6.6925532]
[4.92995142],[1.72597436],[6.64222049]
[4.93480177],[1.72303777],[6.60690074]
[4.93103322],[1.71942541],[6.54283031]
[4.93174343],[1.71299295],[6.48973654]
[4.9330481],[1.69927593],[6.42833584]
[4.93711229],[1.68046837],[6.3625829]
[4.93262425],[1.66066273],[6.27750665]
[4.93065246],[1.65575022],[6.20175771]
[4.92099946],[1.64293424],[6.11649986]
[4.88942486],[1.62731121],[5.94127198]
[4.86131669],[1.60954162],[5.73155901]
[4.63004632],[1.58931392],[5.42089816]
[3.85377103],[1.57100798],[4.43687217]
[3.0738551],[1.55715395],[3.1805862]
[1.56965766],[0.71673952],[0.83124543]
[2.41480144],[0.81808445],[1.69634393]
[3.07356329],[0.90313145],[2.14660515]
[3.16853886],[0.95422209],[2.38039791]
[3.33919211],[0.99696307],[2.62042965]
[3.51488455],[1.01508143],[2.83075154]
[3.70962631],[1.06884593],[3.07578627]
[3.99277075],[1.21265333],[3.40021607]
[3.98046055],[1.25570249],[3.62473645]
[4.13466561],[1.2929424],[3.99962866]
[4.13313316],[1.33978616],[4.25254161]
[4.31589437],[1.38285649],[4.57890557]
[4.33169919],[1.40920609],[4.72907938]
[4.49690722],[1.44435433],[4.99932699]
[4.60334426],[1.47818931],[5.20592728]
[4.71960226],[1.5035891],[5.45203126]
[4.87329248],[1.52791113],[5.6969136]
[4.95236707],[1.54859986],[5.87491297]
[5.0112849],[1.56744689],[6.06281641]
[5.06966529],[1.58146212],[6.20395162]
[5.09848842],[1.60069727],[6.34343847]
[5.15295039],[1.62039877],[6.45903953]
[5.17246853],[1.63874431],[6.55602829]
[5.23645059],[1.65095571],[6.645805]
[5.24757724],[1.66547511],[6.72881745]
[5.31256033],[1.67923214],[6.82626645]
[5.27982872],[1.69401857],[6.88594143]
[5.33051024],[1.70583821],[6.99632271]
[5.27523535],[1.7183052],[7.03161798]
[5.32110505],[1.7302781],[7.14617464]
[5.27956499],[1.74382262],[7.20018033]
[5.27578197],[1.74996841],[7.24078696]
[5.22772946],[1.75424227],[7.26336457]
[5.20913911],[1.75798574],[7.25381402]
[5.15527353],[1.76062677],[7.24469287]
[5.14650654],[1.76325936],[7.23757628]
[5.09586101],[1.76523539],[7.16839652]
[5.10104185],[1.76581319],[7.12035355]
[5.10922753],[1.7628072],[7.07802175]
[5.11286233],[1.75942888],[7.01483343]
[5.11078403],[1.75552534],[6.94263742]
[5.11057594],[1.75163061],[6.89595184]
[5.11201923],[1.7459627],[6.85113535]
[5.10854795],[1.73690984],[6.7884497]
[5.10708151],[1.7259671],[6.73607467]
[5.10521915],[1.71362669],[6.6785828]
[5.10592312],[1.6975857],[6.61750353]
[5.10257205],[1.67863781],[6.52828667]
[5.10122159],[1.65966071],[6.38850246]
[5.0960981],[1.64251417],[6.21207711]
[5.07121501],[1.62473167],[5.97486351]
[5.04758086],[1.6072561],[5.74090862]
[4.78652388],[1.5874314],[5.43665702]
[4.00994052],[1.56779572],[4.45446128]
[3.23190687],[1.55270909],[3.24450334]
[1.59971001],[0.75956061],[0.92130215]
[2.43711319],[0.84764649],[1.78977955]
[3.10736699],[0.92680035],[2.25306735]
[3.19506442],[0.97853176],[2.48608448]
[3.39151612],[1.01813608],[2.74624488]
[3.59061557],[1.05221433],[2.98437266]
[3.80846624],[1.21250883],[3.37671692]
[4.02843932],[1.2822387],[3.7123018]
[4.03204444],[1.32556767],[4.00134982]
[4.19308414],[1.36323388],[4.40684107]
[4.20710662],[1.40649943],[4.63815906]
[4.39412235],[1.44050048],[4.96317478]
[4.47420847],[1.47549301],[5.16400885]
[4.62408296],[1.50127804],[5.44604536]
[4.77869211],[1.5262423],[5.70607717]
[4.89785928],[1.54485225],[5.93030237]
[5.05512658],[1.56698232],[6.20295935]
[5.14028808],[1.58719952],[6.35805079]
[5.19496316],[1.6083257],[6.5453322]
[5.26221161],[1.62631194],[6.68840341]
[5.27378599],[1.64439422],[6.80622367]
[5.34167061],[1.66077808],[6.93930483]
[5.33985006],[1.67827096],[7.0161925]
[5.40911581],[1.69014792],[7.13668387]
[5.38971941],[1.70428302],[7.19014106]
[5.45926253],[1.71755467],[7.3127507]
[5.4074917],[1.73212896],[7.33872153]
[5.4623001],[1.74392343],[7.46368304]
[5.38551495],[1.75597263],[7.45868485]
[5.43382158],[1.76449416],[7.58707335]
[5.37611347],[1.77354282],[7.61875207]
[5.37934416],[1.77936179],[7.68960167]
[5.31922833],[1.78338797],[7.70764005]
[5.3140324],[1.78637286],[7.72139056]
[5.25935914],[1.78767969],[7.69335955]
[5.30310602],[1.78886384],[7.70167592]
[5.27814562],[1.7901236],[7.62683005]
[5.28641828],[1.79049656],[7.58464092]
[5.29145201],[1.7892663],[7.53102293]
[5.29475992],[1.7876832],[7.46056491]
[5.29348698],[1.78527442],[7.37484602]
[5.29268978],[1.78237701],[7.30435948]
[5.29165966],[1.77389469],[7.24420811]
[5.28938081],[1.76588639],[7.1638305]
[5.287827],[1.75588554],[7.09682206]
[5.28588003],[1.74308303],[7.0284992]
[5.28486812],[1.72853226],[6.96116858]
[5.28292936],[1.70885211],[6.86370226]
[5.28130642],[1.68893828],[6.69945789]
[5.278475],[1.66596637],[6.51815083]
[5.26544194],[1.64321993],[6.29159568]
[5.24600993],[1.62638063],[6.04515145]
[4.96777418],[1.60610968],[5.71104551]
[4.18871468],[1.58622095],[4.68435571]
[3.41047967],[1.56452982],[3.43864571]
[1.65618099],[0.79156684],[1.05786434]
[2.46340495],[0.87548502],[1.88796703]
[3.16903329],[0.94763657],[2.36629018]
[3.23813012],[0.99866441],[2.59750886]
[3.45835787],[1.05514106],[2.86966325]
[3.68258652],[1.15353555],[3.20970708]
[3.90874081],[1.26253842],[3.65229728]
[4.11924955],[1.32786424],[4.04083259]
[4.14417973],[1.37205498],[4.34251478]
[4.31395454],[1.4107438],[4.74405095]
[4.38226608],[1.46010399],[5.00285545]
[4.54043154],[1.48908223],[5.34611694]
[4.6979183],[1.51675334],[5.62932645]
[4.80578528],[1.535546],[5.89047456]
[4.9865333],[1.56027135],[6.19300614]
[5.11001645],[1.58058321],[6.38977953]
[5.22536427],[1.60658816],[6.63367516]
[5.34746205],[1.62866948],[6.79856703]
[5.34932784],[1.64718728],[6.95751151]
[5.40677121],[1.66310083],[7.09574229]
[5.39250193],[1.68242672],[7.20827926]
[5.4634979],[1.69892423],[7.34958581]
[5.44750921],[1.71557973],[7.41503784]
[5.52652028],[1.72784515],[7.5505963]
[5.49574241],[1.74198974],[7.59698158]
[5.57333982],[1.75295068],[7.74558538]
[5.50767609],[1.76505475],[7.77430571]
[5.57111527],[1.77583193],[7.93220388]
[5.48193418],[1.79041619],[7.93289839]
[5.54911432],[1.821018],[8.10515494]
[5.47085057],[1.82247639],[8.13075421]
[5.50127069],[1.8611614],[8.23724925]
[5.43161994],[1.86105531],[8.24005002]
[5.440808],[1.86175946],[8.27046974]
[5.38394824],[1.86158086],[8.22869663]
[5.42891435],[1.85841237],[8.23341446]
[5.39609793],[1.85971233],[8.15668837]
[5.40222349],[1.85935292],[8.10678358]
[5.40462308],[1.84912982],[8.04075602]
[5.40361336],[1.84128095],[7.95298078]
[5.40445747],[1.83070221],[7.85195869]
[5.40224321],[1.81839058],[7.77351302]
[5.39658836],[1.80388823],[7.69433908]
[5.39533619],[1.79229506],[7.60161257]
[5.39184785],[1.7794313],[7.51415799]
[5.38597441],[1.7697601],[7.42785206]
[5.3818297],[1.75811141],[7.33253902]
[5.38128936],[1.74099671],[7.20067647]
[5.37773186],[1.72276621],[7.01215793]
[5.37002318],[1.70033146],[6.81380664]
[5.36256465],[1.67843528],[6.59724855]
[5.3421098],[1.65529096],[6.34359793]
[5.04439754],[1.62720904],[5.97135392]
[4.26652117],[1.60792441],[4.88867221]
[3.48958299],[1.58859085],[3.6087607]
[1.66058116],[0.82016526],[1.10736656]
[2.47634362],[0.89943861],[1.95453847]
[3.21240032],[0.96857012],[2.45675102]
[3.28462774],[1.0208266],[2.6887887]
[3.5475634],[1.14643984],[3.06614962]
[3.80789589],[1.2306986],[3.5101254]
[4.00291881],[1.29739411],[3.92477541]
[4.24410087],[1.36883129],[4.3603591]
[4.30000537],[1.41608097],[4.66914244]
[4.4558704],[1.45736238],[5.0920791]
[4.57647064],[1.50107343],[5.42789402]
[4.70307832],[1.52658841],[5.7666762]
[4.87032026],[1.54714619],[6.06633881]
[4.96290618],[1.56821793],[6.28637445]
[5.11879412],[1.5967976],[6.59643816]
[5.23062271],[1.61681127],[6.7629616]
[5.32813257],[1.63913575],[6.99197174]
[5.4372277],[1.65713398],[7.14306352]
[5.42088145],[1.67426125],[7.2870237]
[5.49831566],[1.69320059],[7.42922586]
[5.4750192],[1.71656074],[7.54350461]
[5.55474689],[1.73677981],[7.70551003]
[5.52791],[1.75111401],[7.78806074]
[5.61725868],[1.76859865],[7.96201833]
[5.57430945],[1.77291304],[8.00469891]
[5.65738248],[1.815342],[8.16965737]
[5.57426574],[1.82498581],[8.19064407]
[5.6460796],[1.86435025],[8.36628598]
[5.53527908],[1.87495568],[8.35118861]
[5.6016327],[1.90736172],[8.53019058]
[5.5091204],[1.91426575],[8.51131838]
[5.54910223],[1.94299919],[8.66475939]
[5.46309913],[1.94280167],[8.61936387]
[5.51123655],[1.94405002],[8.69545158]
[5.46892155],[1.94407053],[8.60188124]
[5.50821718],[1.94144145],[8.59020109]
[5.47261366],[1.94224768],[8.46718951]
[5.47560385],[1.94028158],[8.40458614]
[5.47839251],[1.9294125],[8.34158451]
[5.47418406],[1.92188999],[8.26413239]
[5.4782207],[1.91194906],[8.16915933]
[5.47704798],[1.90203429],[8.08307582]
[5.47061741],[1.88811803],[7.9883463]
[5.47276857],[1.87614562],[7.89189644]
[5.46974779],[1.86047139],[7.78992027]
[5.46365535],[1.83522595],[7.64844466]
[5.45883135],[1.8065864],[7.45774381]
[5.4584259],[1.77633316],[7.26164125]
[5.45413597],[1.74009002],[7.03266457]
[5.44545104],[1.70175707],[6.80225043]
[5.44192759],[1.68026639],[6.56898811]
[5.42229423],[1.65858075],[6.314179]
[5.12085882],[1.63177301],[5.96880636]
[4.34307456],[1.60482539],[4.91218346]
[3.56823839],[1.57817771],[3.6415097]
[1.67868592],[0.84662179],[1.16865315]
[2.48837864],[0.91925594],[2.01439714]
[3.26572218],[0.98870175],[2.55780872]
[3.37124152],[1.12783246],[2.88870735]
[3.66015473],[1.23197949],[3.42784119]
[3.89836764],[1.29473197],[3.8349652]
[4.07461994],[1.36062232],[4.26651271]
[4.33439192],[1.44326615],[4.77215172]
[4.42023303],[1.48374825],[5.12342431]
[4.55708873],[1.51754729],[5.51877036]
[4.71429137],[1.55495211],[5.88827752]
[4.82162376],[1.57444208],[6.1838502]
[4.99650452],[1.59367355],[6.51311766]
[5.09484957],[1.60792157],[6.70247714]
[5.22658664],[1.62820099],[6.97329289]
[5.34476443],[1.64709196],[7.13214523]
[5.4451129],[1.67045708],[7.35351273]
[5.54238133],[1.69240635],[7.50893223]
[5.51749752],[1.71484716],[7.62600369]
[5.60256014],[1.73370229],[7.7831836]
[5.57026787],[1.755506],[7.88962886]
[5.65500749],[1.7809007],[8.08754164]
[5.62156829],[1.8012071],[8.19409813]
[5.71608185],[1.85288031],[8.40782028]
[5.67303463],[1.85013893],[8.46177307]
[5.75326517],[1.89465332],[8.68075543]
[5.67027229],[1.90700955],[8.64096534]
[5.7406379],[1.93598393],[8.87369413]
[5.6264707],[1.94989528],[8.78603341]
[5.69667336],[1.97227554],[9.02417806]
[5.60125791],[1.98139016],[8.9562916]
[5.64184341],[2.00135166],[9.1293006]
[5.56848876],[2.0013491],[9.07454342]
[5.60649708],[2.00168209],[9.12665016]
[5.57858696],[2.00065534],[9.04753956]
[5.60480893],[1.99735419],[9.01970438]
[5.58172729],[1.99732862],[8.90174872]
[5.58058677],[1.99382429],[8.83442777]
[5.58330456],[1.98416793],[8.75752689]
[5.5807297],[1.97678696],[8.67805609]
[5.58232019],[1.96716058],[8.58555653]
[5.58058056],[1.95754511],[8.49826718]
[5.5745444],[1.94556412],[8.40021081]
[5.57769571],[1.93480862],[8.30401344]
[5.57542291],[1.91755752],[8.19016428]
[5.56868704],[1.89581608],[7.98397724]
[5.56417381],[1.86953745],[7.79022734]
[5.56451406],[1.84027683],[7.59262908]
[5.56006996],[1.80695665],[7.3690738]
[5.55070651],[1.76964025],[7.11155145]
[5.55026896],[1.7319954],[6.84701551]
[5.53453733],[1.69574868],[6.57906977]
[5.22605982],[1.656303],[6.23129191]
[4.44875723],[1.62954554],[5.14466996]
[3.67509305],[1.59801011],[3.82611268]
[1.70389768],[0.87321996],[1.24331886]
[2.5043769],[0.93831003],[2.07669701]
[3.31777502],[1.01007166],[2.65099797]
[3.45995007],[1.20520659],[3.20979153]
[3.77655016],[1.2931136],[3.71716429]
[3.98920637],[1.3461948],[4.16995134]
[4.17732578],[1.41490166],[4.66487319]
[4.42028208],[1.48016602],[5.12385271]
[4.57183868],[1.51641805],[5.5186088]
[4.68130916],[1.54816341],[5.89451834]
[4.8602663],[1.58945718],[6.30658312]
[4.95150249],[1.60792638],[6.57912277]
[5.12322476],[1.62788252],[6.91437263]
[5.22867607],[1.64506838],[7.09430048]
[5.33686497],[1.67003726],[7.34330942]
[5.48630228],[1.6902827],[7.50022663]
[5.54979989],[1.71493956],[7.69851444]
[5.6460766],[1.73477584],[7.83627434]
[5.62229751],[1.755097],[7.96841001]
[5.70523731],[1.78414185],[8.15502739]
[5.67995552],[1.80143643],[8.30661388]
[5.76526708],[1.86377524],[8.56391775]
[5.74551958],[1.87581007],[8.67937192]
[5.8295942],[1.91710951],[8.93474486]
[5.79608709],[1.92397026],[8.95647064]
[5.86911091],[1.95404418],[9.17984067]
[5.79492678],[1.97356708],[9.13502811]
[5.85810059],[1.99322786],[9.34334477]
[5.75331312],[2.01288119],[9.26820753]
[5.81459683],[2.0286732],[9.46442332]
[5.72879317],[2.0418685],[9.40371476]
[5.76631508],[2.05807007],[9.54791344]
[5.69564509],[2.05766245],[9.4926474]
[5.70117851],[2.05835541],[9.53543643]
[5.67372969],[2.05715618],[9.45766885]
[5.70416216],[2.05469883],[9.42746945]
[5.68079754],[2.05155045],[9.29701251]
[5.68083322],[2.04554644],[9.21665458]
[5.68162928],[2.03601682],[9.14179984]
[5.67640854],[2.02848079],[9.05861184]
[5.67606368],[2.01934038],[8.96465025]
[5.67270216],[2.01018763],[8.87361455]
[5.66586801],[1.99891003],[8.77771431]
[5.66730017],[1.98788847],[8.68289477]
[5.66303555],[1.97178002],[8.56821749]
[5.65571364],[1.95264611],[8.35590061]
[5.64988504],[1.92980184],[8.14003571]
[5.64992987],[1.90396073],[7.92557324]
[5.64596276],[1.8756062],[7.72074355]
[5.63511143],[1.84148933],[7.48199396]
[5.63480439],[1.80750383],[7.2391757]
[5.62356203],[1.77267806],[6.96844913]
[5.30614379],[1.73520796],[6.57548869]
[4.5306271],[1.69877285],[5.44196844]
[3.75389387],[1.66124915],[4.08511876]
[1.72224191],[0.89608853],[1.29980638]
[2.52845914],[0.95513367],[2.14992024]
[3.36719349],[1.0736685],[2.77473968]
[3.56529051],[1.26261299],[3.49685583]
[3.88782706],[1.33911104],[4.03210034]
[4.08043499],[1.39173891],[4.5570784]
[4.32046372],[1.45582901],[5.03115092]
[4.52039309],[1.51354854],[5.45476425]
[4.71835246],[1.55007642],[5.87462794]
[4.80027714],[1.58752097],[6.23619978]
[4.99724747],[1.6199461],[6.66197442]
[5.08065703],[1.63777188],[6.918181]
[5.2497535],[1.65844181],[7.23861411]
[5.34647452],[1.67680096],[7.38875844]
[5.46603155],[1.70106492],[7.65384489]
[5.59605635],[1.71928054],[7.78571051]
[5.6583511],[1.74108251],[7.98078203]
[5.7512779],[1.76006173],[8.12730483]
[5.74106035],[1.77580306],[8.2815912]
[5.81925263],[1.83697265],[8.50665199]
[5.81430033],[1.85632347],[8.69923484]
[5.88751247],[1.91406171],[8.98243346]
[5.88536387],[1.92430817],[9.07874811]
[5.95387193],[1.963557],[9.3352359]
[5.93568412],[1.97305783],[9.37202813]
[5.99382347],[2.00050713],[9.557563]
[5.93871025],[2.02069187],[9.5445594]
[5.9844796],[2.03924899],[9.71978036]
[5.89952085],[2.05848587],[9.66656555]
[5.94317523],[2.07379073],[9.84402184]
[5.87638641],[2.08640028],[9.80396114]
[5.90215328],[2.10390164],[9.94027985]
[5.83923419],[2.10355103],[9.88477223]
[5.82572599],[2.10459423],[9.92733436]
[5.79517255],[2.10324678],[9.85256089]
[5.82072157],[2.09900047],[9.8234978]
[5.80560267],[2.09748658],[9.69433961]
[5.80497934],[2.09031645],[9.59873915]
[5.80894747],[2.08087008],[9.50753028]
[5.79789419],[2.07324558],[9.41358214]
[5.79427402],[2.06342859],[9.31065857]
[5.78882672],[2.05350102],[9.21181939]
[5.77929234],[2.04129393],[9.10672097]
[5.7773227],[2.02973232],[9.00427216]
[5.7707077],[2.01392912],[8.87283755]
[5.7616901],[1.99629668],[8.65739598]
[5.75390177],[1.97579112],[8.42520386]
[5.7516205],[1.95222781],[8.21115844]
[5.74631478],[1.92581288],[8.00098577]
[5.7354683],[1.89288251],[7.77216471]
[5.73222534],[1.86006034],[7.54020317]
[5.72325642],[1.82629409],[7.27932095]
[5.4001579],[1.78835505],[6.88187361]
[4.6177947],[1.75291817],[5.7312676]
[3.83861381],[1.71623206],[4.34979364]
[1.71820091],[0.90772682],[1.31571698]
[2.54647229],[0.96489381],[2.20236188]
[3.39144872],[1.12320381],[3.01172117]
[3.65742889],[1.29686485],[3.75314385]
[3.96123645],[1.37399271],[4.34455215]
[4.1769781],[1.42435321],[4.85314514]
[4.43876291],[1.49179315],[5.31654449]
[4.63719386],[1.54407684],[5.74354857]
[4.84169067],[1.58163417],[6.18642325]
[4.90990186],[1.61487012],[6.52772048]
[5.10067141],[1.64553393],[6.95717952]
[5.23494535],[1.66589629],[7.22837788]
[5.37248132],[1.68820287],[7.50672782]
[5.47496244],[1.70621458],[7.68156479]
[5.56370256],[1.72919804],[7.92024401]
[5.6872103],[1.747008],[8.04974842]
[5.74112492],[1.76714396],[8.245825]
[5.84589331],[1.80341688],[8.42505827]
[5.83371128],[1.82939068],[8.60802454]
[5.91643313],[1.88933375],[8.89373472]
[5.90840195],[1.9073531],[9.07595958]
[5.98710862],[1.96351598],[9.37103629]
[5.98972219],[1.97494671],[9.48187506]
[6.05792972],[2.00838862],[9.70231799]
[6.04968258],[2.02086234],[9.76128968]
[6.09902547],[2.04484861],[9.92853685]
[6.04927057],[2.06632587],[9.93131903]
[6.06849863],[2.08370613],[10.0719761]
[5.99982047],[2.10277777],[10.03092689]
[6.01108282],[2.11538346],[10.1678415]
[5.96933631],[2.12970191],[10.14381903]
[5.94996934],[2.14292256],[10.2330155]
[5.92576883],[2.1433478],[10.18559565]
[5.95002232],[2.14433413],[10.18918844]
[5.94442955],[2.14279876],[10.08357501]
[5.96127686],[2.13930319],[10.03515077]
[5.95860985],[2.13660208],[9.90645617]
[5.95787221],[2.12995374],[9.81407211]
[5.96419449],[2.12037733],[9.72649912]
[5.94925467],[2.1126528],[9.62092024]
[5.93943756],[2.1034477],[9.51454156]
[5.93143471],[2.08892975],[9.39796102]
[5.91981134],[2.07010652],[9.26713947]
[5.91420419],[2.05440617],[9.07451441]
[5.9062581],[2.03878387],[8.84235853]
[5.89543137],[2.01919738],[8.61341912]
[5.88487961],[1.99649935],[8.41015431]
[5.88005052],[1.97090044],[8.20956216]
[5.8731183],[1.94450657],[8.00581215]
[5.86086954],[1.91199842],[7.77439275]
[5.85594027],[1.87898],[7.55153965]
[5.84750766],[1.84444903],[7.32023914]
[5.5154989],[1.80572223],[6.91727631]
[4.72353322],[1.7663023],[5.76910621]
[3.93549237],[1.72553668],[4.40545223]
[1.73266897],[0.91408761],[1.34470383]
[2.55872484],[0.97474924],[2.24512606]
[3.4062841],[1.17159782],[3.25122953]
[3.75250373],[1.33884963],[4.05920379]
[4.05283012],[1.40806819],[4.69440696]
[4.28472044],[1.45686429],[5.15656579]
[4.56417591],[1.52645179],[5.63381132]
[4.75121342],[1.57009997],[6.05558956]
[4.9692289],[1.61954589],[6.52527758]
[5.03749228],[1.64448374],[6.8298458]
[5.24519608],[1.67810846],[7.26813954]
[5.3283071],[1.6975644],[7.49149485]
[5.49405173],[1.71794613],[7.78677673]
[5.6115702],[1.73458293],[7.9539837]
[5.65842848],[1.7565971],[8.1783332]
[5.78912464],[1.7731545],[8.33353447]
[5.86447985],[1.79982848],[8.55781582]
[5.96999421],[1.8606582],[8.80364931]
[5.96969757],[1.88495183],[9.00564645]
[6.04028848],[1.94122063],[9.31919807]
[6.05658307],[1.96067537],[9.50950274]
[6.12005407],[2.01000128],[9.79144946]
[6.14639998],[2.02120147],[9.92699132]
[6.19537358],[2.05303591],[10.12185805]
[6.2124975],[2.06512688],[10.19935903]
[6.24016436],[2.08776672],[10.33665431]
[6.21576837],[2.10826198],[10.3663415]
[6.20308062],[2.12451041],[10.46714325]
[6.16368611],[2.14291177],[10.45491377]
[6.14855527],[2.15441586],[10.55726214]
[6.13275285],[2.16788835],[10.56615685]
[6.09911293],[2.18020994],[10.62501328]
[6.10357003],[2.1824416],[10.57687688]
[6.1112737],[2.18200266],[10.56069297]
[6.12855212],[2.18050614],[10.4638143]
[6.13011455],[2.1760238],[10.4062594]
[6.14940637],[2.17228487],[10.287763]
[6.15195906],[2.1659494],[10.19467412]
[6.16277497],[2.15663288],[10.0960789]
[6.14509203],[2.1495694],[9.97967114]
[6.12931076],[2.14109196],[9.84944496]
[6.11537523],[2.12689744],[9.72564278]
[6.09771489],[2.10837294],[9.58871139]
[6.08667148],[2.09361016],[9.38367032]
[6.07570833],[2.07795092],[9.15880786]
[6.06026235],[2.05840552],[8.93015274]
[6.04447102],[2.03683185],[8.73627017]
[6.03257859],[2.01088803],[8.54242154]
[6.0201545],[1.98509884],[8.32084757]
[6.00252442],[1.95390708],[8.07223565]
[5.99128168],[1.92067402],[7.83403676]
[5.97919032],[1.88712509],[7.58556983]
[5.65185367],[1.84642861],[7.15755256]
[4.84199118],[1.8070007],[5.99212319]
[4.03626906],[1.76574439],[4.61495239]
[1.75749438],[0.92154827],[1.40113214]
[2.57686008],[0.99134457],[2.30118163]
[3.4267367],[1.20871392],[3.45899854]
[3.86546647],[1.37220775],[4.32693189]
[4.15874042],[1.43760608],[4.97446283]
[4.3976208],[1.48679856],[5.41296271]
[4.69062735],[1.56448975],[5.92442954]
[4.88357978],[1.59952536],[6.35845265]
[5.09700769],[1.65165459],[6.83625116]
[5.17500844],[1.67552042],[7.13954732]
[5.37545287],[1.70750537],[7.56066719]
[5.47568222],[1.72648484],[7.792075]
[5.66060461],[1.74683704],[8.11297415]
[5.68422976],[1.76362937],[8.26308883]
[5.77719969],[1.78212672],[8.53657032]
[5.87219333],[1.84698823],[8.72165425]
[5.96897882],[1.87008528],[9.00464237]
[6.06467969],[1.92518504],[9.29541578]
[6.08656713],[1.94705784],[9.52027224]
[6.14102431],[1.99772421],[9.7882566]
[6.18327625],[2.02554067],[10.03193342]
[6.2317219],[2.06353329],[10.25618316]
[6.28426845],[2.07950601],[10.40987499]
[6.31488841],[2.1011884],[10.54617418]
[6.36306275],[2.12032698],[10.66224788]
[6.39353441],[2.14025422],[10.75398974]
[6.39209856],[2.15970529],[10.82438572]
[6.37154608],[2.17405873],[10.8897044]
[6.34839365],[2.19085128],[10.921289]
[6.30842891],[2.20266381],[10.99760936]
[6.30762897],[2.21600644],[11.0590204]
[6.25450653],[2.22470564],[11.11914272]
[6.26141648],[2.2278287],[11.12019802]
[6.25162912],[2.22526283],[11.0978604]
[6.32067715],[2.2235119],[11.0059372]
[6.30369902],[2.21646842],[10.94363851]
[6.37746848],[2.20837333],[10.82465224]
[6.39059284],[2.20209874],[10.70409835]
[6.39475049],[2.19225028],[10.56914314]
[6.35460729],[2.18518433],[10.42252118]
[6.29043108],[2.17694266],[10.2673734]
[6.25778535],[2.16529087],[10.12194638]
[6.23658166],[2.1485635],[9.96295303]
[6.22063985],[2.13423717],[9.74115572]
[6.20786933],[2.11873171],[9.50005533]
[6.19050133],[2.0999105],[9.26360339]
[6.17152343],[2.08126329],[9.04665486]
[6.1552761],[2.05487061],[8.84571687]
[6.14005572],[2.02705607],[8.63223711]
[6.11927046],[1.99863013],[8.37861798]
[6.1032473],[1.9659088],[8.1290331]
[6.08618516],[1.93187335],[7.87427794]
[5.75126093],[1.89254585],[7.4136965]
[4.936649],[1.85347764],[6.22981823]
[4.12046075],[1.80652382],[4.80680505]
[1.77330696],[0.91911921],[1.44028749]
[2.59020202],[1.00921203],[2.34695326]
[3.44113508],[1.24274082],[3.58310341]
[3.9732785],[1.39513062],[4.5512216]
[4.27279979],[1.46338225],[5.19250677]
[4.5082163],[1.51869301],[5.64415726]
[4.82488888],[1.5906175],[6.18524061]
[5.00667047],[1.62701631],[6.60385908]
[5.22325999],[1.67559665],[7.07972907]
[5.30447077],[1.69824232],[7.38115016]
[5.50363905],[1.72738847],[7.79281588]
[5.61200493],[1.74643706],[8.03800832]
[5.77040355],[1.7664487],[8.35187158]
[5.75463669],[1.79443264],[8.51790195]
[5.90921397],[1.83040255],[8.82857527]
[5.95550506],[1.89273033],[9.05664132]
[6.07224916],[1.9148984],[9.39150766]
[6.16246484],[1.96646541],[9.63076159]
[6.21163232],[1.99143107],[9.91461816]
[6.24902398],[2.03803818],[10.13886714]
[6.32813952],[2.06985383],[10.4216843]
[6.3537143],[2.09857597],[10.58848595]
[6.45346331],[2.11934939],[10.7842602]
[6.51319582],[2.13859591],[10.88281139]
[6.57889735],[2.16415249],[11.06531569]
[6.64623934],[2.18732133],[11.22709604]
[6.61054483],[2.20998249],[11.33755345]
[6.63462052],[2.22706096],[11.4673349]
[6.57518215],[2.24736501],[11.5315087]
[6.59467204],[2.26057396],[11.67233901]
[6.5716243],[2.27599669],[11.76454685]
[6.6194723],[2.28656104],[11.86917623]
[6.68357617],[2.28794806],[11.90093217]
[6.75035629],[2.28168495],[11.85625712]
[6.79946988],[2.27619224],[11.75728293]
[6.89411602],[2.26267591],[11.69425086]
[6.926151],[2.25229452],[11.59259114]
[7.04110555],[2.24035307],[11.47651304]
[7.0403397],[2.2232948],[11.30026091]
[7.0339773],[2.211434],[11.06260394]
[6.90110482],[2.20269394],[10.79556448]
[6.7204222],[2.19386435],[10.54662746]
[6.57439445],[2.17992532],[10.33348416]
[6.5156946],[2.16728264],[10.07873177]
[6.46687958],[2.15214279],[9.83585595]
[6.40899796],[2.13394059],[9.61194812]
[6.34880322],[2.11599993],[9.38449706]
[6.29771754],[2.09242863],[9.14608908]
[6.27615181],[2.06676926],[8.90676446]
[6.24973065],[2.03825464],[8.64616536]
[6.22597058],[2.00300852],[8.38145675]
[6.20608617],[1.96613272],[8.07949822]
[5.86379634],[1.9256654],[7.61799782]
[5.04958078],[1.88646298],[6.4118513]
[4.21825141],[1.84152995],[4.97608145]
[1.76391031],[0.92648625],[1.44859186]
[2.59118573],[1.04290887],[2.40418983]
[3.43748757],[1.26887447],[3.67577276]
[4.05776533],[1.41558898],[4.76186253]
[4.37126194],[1.4917002],[5.39378458]
[4.60616328],[1.54352471],[5.86204375]
[4.92913749],[1.61344298],[6.40653753]
[5.09868423],[1.65033539],[6.80797871]
[5.28900987],[1.6964383],[7.26787687]
[5.38766886],[1.71978921],[7.56321899]
[5.63138563],[1.74714706],[7.98227384]
[5.72782824],[1.76627664],[8.24191809]
[5.88327778],[1.78204882],[8.56623725]
[5.81766177],[1.83885214],[8.76748958]
[6.01693418],[1.86971401],[9.1274684]
[6.01451292],[1.93053877],[9.35814876]
[6.13740122],[1.95535811],[9.74202109]
[6.22764855],[2.00430486],[9.93876933]
[6.28943265],[2.02884027],[10.25218475]
[6.32325614],[2.07081833],[10.44830289]
[6.41921392],[2.12282682],[10.79739344]
[6.49857173],[2.16005534],[10.97026555]
[6.60127966],[2.18947707],[11.24179393]
[6.68688603],[2.21092757],[11.44739378]
[6.71412085],[2.23564168],[11.73558806]
[6.82726011],[2.25811633],[11.98831938]
[6.91886488],[2.27943238],[12.17886225]
[7.04198519],[2.29543585],[12.35571997]
[7.10550332],[2.31440863],[12.45117849]
[7.20430359],[2.3273432],[12.6546463]
[7.23332071],[2.34195455],[12.74586144]
[7.3146513],[2.35282121],[12.87124302]
[7.3598997],[2.35273811],[12.78016191]
[7.41453236],[2.34271507],[12.75015229]
[7.47952529],[2.32951464],[12.62655541]
[7.50779281],[2.31094106],[12.60355754]
[7.59943473],[2.29936074],[12.49318398]
[7.61469199],[2.28658562],[12.3373927]
[7.71127478],[2.26978046],[12.12026421]
[7.64557148],[2.25380303],[11.83131912]
[7.61486035],[2.23355059],[11.50341682]
[7.48983837],[2.21490693],[11.04262802]
[7.32517385],[2.19418668],[10.59328673]
[7.17667308],[2.17838395],[10.23303109]
[7.02526735],[2.16293402],[9.90185738]
[6.83141639],[2.14453074],[9.58810365]
[6.71821772],[2.12691218],[9.32165905]
[6.65244614],[2.10355296],[9.07504039]
[6.59217849],[2.07173047],[8.77751439]
[6.51991778],[2.0413762],[8.51042018]
[6.45326337],[2.00412645],[8.25005604]
[6.39236186],[1.9590366],[7.94382343]
[5.99778213],[1.90923132],[7.50213591]
[5.19240824],[1.85925794],[6.33846865]
[4.34071142],[1.7748878],[4.92595688]
[1.7694502],[0.93335684],[1.46037369]
[2.59598672],[1.06286268],[2.44395274]
[3.44490791],[1.29000335],[3.77481456]
[4.10681391],[1.43612875],[4.96038499]
[4.42024263],[1.51648958],[5.58186309]
[4.64803957],[1.56755594],[6.03820264]
[4.97780578],[1.63632392],[6.59445766]
[5.15530893],[1.67263961],[6.98644114]
[5.336054],[1.71836742],[7.44442445]
[5.45777895],[1.74005812],[7.75226656]
[5.70649229],[1.76674428],[8.16425735]
[5.77190847],[1.78171833],[8.42279946]
[5.95429],[1.82157221],[8.78500824]
[5.85254327],[1.88284604],[9.03611203]
[6.07444596],[1.91466443],[9.42316526]
[6.07137086],[1.97237058],[9.65527953]
[6.2185111],[1.99518251],[10.0359207]
[6.30493545],[2.04541306],[10.27971783]
[6.39327141],[2.0954195],[10.66966341]
[6.43518149],[2.14402419],[10.90514642]
[6.56756873],[2.19616538],[11.30217955]
[6.67132158],[2.23162023],[11.57281508]
[6.76706308],[2.26042544],[11.99301208]
[6.86041697],[2.28070925],[12.29706711]
[7.12026559],[2.3043484],[12.63946806]
[7.28483961],[2.32555434],[13.00156523]
[7.53154144],[2.34640907],[13.25493506]
[7.63975104],[2.3628181],[13.51291535]
[7.83487861],[2.38179931],[13.66808211]
[7.85104058],[2.39391549],[13.89391819]
[7.94344447],[2.4076067],[14.04082278]
[7.9239128],[2.41765411],[14.14978174]
[7.99292712],[2.4169774],[14.16193701]
[8.00428924],[2.40583449],[14.09002138]
[8.06583213],[2.39132721],[14.03438734]
[8.07632732],[2.37197321],[13.91802073]
[8.12697221],[2.35192518],[13.80529925]
[8.15328213],[2.33415956],[13.64488004]
[8.18113106],[2.31612181],[13.4564702]
[8.17809897],[2.29956886],[13.14639421]
[8.14218031],[2.28106623],[12.72189643]
[8.10911654],[2.26268073],[12.19838668]
[8.00304548],[2.24196797],[11.66773639]
[7.88736601],[2.22336464],[11.18408571]
[7.75555545],[2.20382617],[10.75181929]
[7.59021783],[2.1780736],[10.30033563]
[7.43875693],[2.15576004],[9.90450402]
[7.29207983],[2.13238419],[9.54929261]
[7.1564519],[2.10331473],[9.17460371]
[6.99601559],[2.07131497],[8.84368097]
[6.9056869],[2.03465202],[8.57194015]
[6.83885794],[1.99018539],[8.27822682]
[6.44106283],[1.93895411],[7.78646146]
[5.612683],[1.88727837],[6.590262]
[4.59919115],[1.79881274],[5.13822428]
[1.78398707],[0.94516637],[1.4912007]
[2.6088937],[1.07291186],[2.47322639]
[3.46925664],[1.30203638],[3.83764122]
[4.14380322],[1.44996924],[5.06824079]
[4.49908518],[1.53171342],[5.70400813]
[4.69931757],[1.58348738],[6.14918205]
[5.04140322],[1.6572282],[6.74310834]
[5.21000527],[1.69015387],[7.10745256]
[5.40290434],[1.73674733],[7.58055989]
[5.51192947],[1.75963158],[7.89784236]
[5.75798802],[1.78018833],[8.34201524]
[5.83554483],[1.82215386],[8.64283933]
[6.00179648],[1.87507643],[9.08187512]
[5.92035513],[1.9370705],[9.37482764]
[6.13919889],[1.96301559],[9.80941507]
[6.14069022],[2.02432688],[10.02798136]
[6.32145016],[2.06327707],[10.52943462]
[6.39138285],[2.11800911],[10.75572549]
[6.53397193],[2.17514974],[11.22419376]
[6.60978724],[2.22033512],[11.42842552]
[6.72166092],[2.26666595],[11.99566019]
[6.82598938],[2.30015262],[12.34847956]
[7.10485973],[2.32810523],[12.7931098]
[7.21889217],[2.34739433],[13.11817188]
[7.49023073],[2.37175267],[13.52768707]
[7.60772518],[2.39382777],[13.94224302]
[7.90328886],[2.41328559],[14.30124941]
[7.9516791],[2.42587881],[14.53849951]
[8.12190902],[2.43973407],[14.76818145]
[8.14005107],[2.44868558],[14.94487855]
[8.20704821],[2.45827727],[15.15387989]
[8.21928159],[2.46616196],[15.2437366]
[8.25294821],[2.46449124],[15.36649073]
[8.29388177],[2.45496015],[15.35428885]
[8.32624815],[2.4421041],[15.35164979]
[8.3712399],[2.42668412],[15.24114806]
[8.38448544],[2.405737],[15.12087623]
[8.44860485],[2.38095484],[14.95188881]
[8.44522005],[2.36195465],[14.73297959]
[8.4708093],[2.34314602],[14.42487699]
[8.42005675],[2.32597763],[14.02693552]
[8.40209242],[2.30823486],[13.42798927]
[8.32211517],[2.28806058],[12.801785]
[8.20685355],[2.27016041],[12.25841452]
[8.0909617],[2.2504295],[11.73155759]
[7.96048978],[2.22818188],[11.24570474]
[7.83080558],[2.20655989],[10.80664034]
[7.67887342],[2.18064088],[10.38849697]
[7.53924971],[2.1473279],[9.95148357]
[7.39649859],[2.11025927],[9.51114733]
[7.26647975],[2.07210791],[9.11329912]
[7.13762384],[2.02903404],[8.74213183]
[6.68124673],[1.97968442],[8.21164532]
[5.86217514],[1.92765923],[6.95448076]
[4.94352542],[1.84610888],[5.40722284]
[1.79768744],[0.95597016],[1.51996672]
[2.6224387],[1.08068613],[2.49885268]
[3.50186045],[1.31487545],[3.90261475]
[4.15806355],[1.45836532],[5.1410698]
[4.57053365],[1.54203901],[5.78944266]
[4.74303336],[1.59383412],[6.22296485]
[5.09973522],[1.66830974],[6.84075955]
[5.25502852],[1.69955559],[7.17604819]
[5.4692131],[1.74621534],[7.66872894]
[5.55672531],[1.76575582],[7.98463715]
[5.78718844],[1.78934967],[8.45022999]
[5.90815596],[1.84803715],[8.80187248]
[6.04627091],[1.89889051],[9.27562404]
[6.0050836],[1.96341885],[9.59378085]
[6.19402192],[2.00256371],[10.10095743]
[6.21303404],[2.06355079],[10.34610107]
[6.43176672],[2.1187485],[10.94551806]
[6.56233909],[2.17245314],[11.13507464]
[6.69432888],[2.22615456],[11.71726835]
[6.77808742],[2.27008966],[11.97953817]
[7.00572032],[2.31409064],[12.63353251]
[7.15987304],[2.34600177],[12.97948335]
[7.47809765],[2.37441282],[13.45577915]
[7.54934783],[2.39649235],[13.83578948]
[7.87180574],[2.41943889],[14.34248523]
[7.91902436],[2.43680517],[14.71976438]
[8.18413069],[2.4523071],[15.16198074]
[8.21330124],[2.46366114],[15.39596002]
[8.37843025],[2.47533952],[15.68393299]
[8.42116182],[2.48387884],[15.86005184]
[8.4637677],[2.49286048],[16.11049759]
[8.50479436],[2.5003792],[16.22124709]
[8.50405048],[2.50130021],[16.34931821]
[8.56852755],[2.49292765],[16.39689933]
[8.56626898],[2.47937401],[16.40350494]
[8.64211779],[2.46368125],[16.36422121]
[8.62377687],[2.44183468],[16.25067426]
[8.70840428],[2.42052319],[16.12900338]
[8.70027716],[2.39791413],[15.90016853]
[8.72146806],[2.37982494],[15.53677633]
[8.67379145],[2.36035301],[15.09654709]
[8.65777658],[2.34367737],[14.42150947]
[8.61063388],[2.32608083],[13.74910579]
[8.49171169],[2.30882362],[13.19353719]
[8.37425117],[2.28995456],[12.64396811]
[8.24616695],[2.26782662],[12.08161048]
[8.11573618],[2.24722618],[11.52943077]
[7.98444879],[2.2221544],[11.04799954]
[7.85185077],[2.19038802],[10.59558422]
[7.70742198],[2.15193339],[10.12458895]
[7.57666456],[2.10929292],[9.68824571]
[7.44718395],[2.06097547],[9.26020199]
[6.97123501],[2.00862539],[8.61806877]
[6.09993369],[1.95369655],[7.26825227]
[5.24434596],[1.87599569],[5.65597452]
[1.78437136],[0.96045141],[1.51205439]
[2.61879712],[1.08934668],[2.51540742]
[3.48666975],[1.3288989],[3.93762803]
[4.14902516],[1.46887863],[5.18675197]
[4.55560447],[1.55219764],[5.83099937]
[4.75875809],[1.60390806],[6.27636679]
[5.08362667],[1.68020431],[6.88713695]
[5.26414616],[1.7078587],[7.22131679]
[5.4535819],[1.75458455],[7.70989444]
[5.55121063],[1.77298291],[8.03988664]
[5.81028465],[1.79952178],[8.51924785]
[5.97683719],[1.87369309],[8.95354524]
[6.08731388],[1.932675],[9.46663157]
[6.1113902],[2.00435273],[9.86270307]
[6.2549854],[2.05706396],[10.40107056]
[6.23784215],[2.11321204],[10.68117611]
[6.48283769],[2.17277919],[11.3010665]
[6.64236565],[2.2217875],[11.53436341]
[6.75776994],[2.27184504],[12.21016279]
[6.87764127],[2.31284869],[12.52616183]
[7.30900768],[2.35323343],[13.22291101]
[7.47493397],[2.38349293],[13.5820775]
[7.88951573],[2.41325636],[14.12954932]
[7.87259733],[2.43142994],[14.52157691]
[8.21353827],[2.45107435],[15.06838769]
[8.18416731],[2.4664997],[15.40536798]
[8.43835805],[2.48034318],[15.94587831]
[8.4773952],[2.49071295],[16.17199764]
[8.6464537],[2.50257415],[16.49676307]
[8.70506404],[2.51135203],[16.68686035]
[8.7278416],[2.51878062],[16.93135754]
[8.7808203],[2.52213385],[17.0699003]
[8.76077544],[2.52039173],[17.15919765]
[8.82466384],[2.51156798],[17.19722836]
[8.82874101],[2.49843668],[17.15602169]
[8.88220444],[2.48227373],[17.09921852]
[8.89065077],[2.45972279],[16.93864473]
[8.9464024],[2.43406308],[16.82029704]
[8.96401022],[2.41306788],[16.57183784]
[8.96011244],[2.39184467],[16.07580165]
[8.93951515],[2.37116727],[15.44448604]
[8.90870778],[2.35122603],[14.82497695]
[8.87774485],[2.33196762],[14.18485784]
[8.7820065],[2.313725],[13.54269805]
[8.66609268],[2.29398917],[12.94314018]
[8.54010968],[2.27248121],[12.37909662]
[8.40953846],[2.24714563],[11.83695711]
[8.28027844],[2.21472065],[11.27469438]
[8.14519988],[2.17771491],[10.75185018]
[8.00042201],[2.13409568],[10.2687117]
[7.87242737],[2.08969344],[9.85142817]
[7.74300135],[2.03551229],[9.434355]
[7.26006015],[1.97492178],[8.79544582]
[6.38497231],[1.87384162],[7.38253005]
[5.51203771],[1.79069452],[5.76289294]
[1.78819354],[0.95704792],[1.51200498]
[2.62401126],[1.09505856],[2.53204622]
[3.5010845],[1.3416137],[3.98111712]
[4.1560587],[1.47928499],[5.25321107]
[4.58037811],[1.56503156],[5.91715282]
[4.78676983],[1.61680601],[6.35144988]
[5.10101234],[1.69159693],[6.96468142]
[5.28909342],[1.71877166],[7.28763228]
[5.47129507],[1.76541938],[7.78981468]
[5.56820253],[1.78040631],[8.12139279]
[5.8434919],[1.82117924],[8.66462527]
[5.98312316],[1.92199342],[9.15547446]
[6.13586872],[1.97451604],[9.76522421]
[6.12241952],[2.04502823],[10.14101978]
[6.31451643],[2.11370197],[10.73442186]
[6.28633924],[2.16486999],[11.0024914]
[6.58182927],[2.21925897],[11.69345017]
[6.74404908],[2.26614799],[11.98967146]
[6.96663649],[2.31244054],[12.73771584]
[7.08269555],[2.35070158],[13.07839704]
[7.5643666],[2.38890769],[13.7333243]
[7.71937733],[2.42134701],[14.17868039]
[8.19144559],[2.44512868],[14.82743096]
[8.13078014],[2.46104868],[15.16662959]
[8.40181468],[2.47884649],[15.7697058]
[8.42281331],[2.49303391],[16.18632616]
[8.63456773],[2.50658912],[16.74146585]
[8.71823795],[2.51753822],[17.07245228]
[8.88921989],[2.52905284],[17.44392483]
[8.95015773],[2.53673811],[17.71141642]
[8.9943471],[2.54658312],[17.95274716]
[9.01793168],[2.55420169],[18.11415418]
[9.03510785],[2.5612265],[18.20487548]
[9.0663111],[2.5635594],[18.25027818]
[9.10369014],[2.56614833],[18.19889877]
[9.12779553],[2.54855412],[18.17519565]
[9.17238648],[2.53034788],[18.06491977]
[9.18850065],[2.48760423],[17.93284915]
[9.24556391],[2.44441069],[17.69427063]
[9.20392102],[2.41724442],[17.22447778]
[9.21475809],[2.39677266],[16.5698193]
[9.16850417],[2.37590594],[15.87178557]
[9.14894898],[2.35421962],[15.18573648]
[9.10141556],[2.33184071],[14.54633345]
[8.98490994],[2.31175459],[13.91084737]
[8.86286524],[2.29042244],[13.25079286]
[8.73761708],[2.26404919],[12.61224776]
[8.60977482],[2.23425766],[12.04685352]
[8.47641914],[2.19910443],[11.51114866]
[8.33242723],[2.15810197],[10.97423251]
[8.2022686],[2.11281072],[10.48433288]
[8.07417307],[2.06061107],[10.00308313]
[7.58959859],[2.00186183],[9.36094879]
[6.70834316],[1.90225745],[7.95515335]
[5.82621753],[1.81947201],[6.25824659]
[1.80624119],[0.96331144],[1.53517585]
[2.63836514],[1.09997911],[2.55390756]
[3.53339575],[1.35362021],[4.03761485]
[4.17322263],[1.49196312],[5.31218748]
[4.63923152],[1.57780808],[6.01703879]
[4.82792138],[1.63235373],[6.43680997]
[5.13582011],[1.70471058],[7.06065664]
[5.3196133],[1.73168534],[7.37999023]
[5.51815334],[1.78247036],[7.92037]
[5.600695],[1.80538553],[8.30016638]
[5.86899481],[1.89458574],[8.95835046]
[6.08831733],[1.97639719],[9.55512271]
[6.16741338],[2.05508351],[10.18543]
[6.24407807],[2.11211658],[10.58645522]
[6.40294994],[2.17667],[11.20329123]
[6.44922638],[2.2219441],[11.51785827]
[6.71203879],[2.27206664],[12.22224693]
[6.91791883],[2.3145386],[12.64326947]
[7.23264308],[2.3566833],[13.37284585]
[7.40731318],[2.39071859],[13.73233337]
[7.87229521],[2.42716012],[14.44466604]
[7.99659409],[2.45448684],[14.91611025]
[8.43251293],[2.474041],[15.60269136]
[8.40520821],[2.48937072],[15.89268874]
[8.66738963],[2.50612936],[16.62654934]
[8.68806275],[2.51987967],[17.0317375]
[8.89053268],[2.5342421],[17.66822831]
[8.95625357],[2.55068287],[18.06306635]
[9.16646445],[2.5663933],[18.49565938]
[9.20099085],[2.5769427],[18.76967417]
[9.28078392],[2.58710598],[19.03921787]
[9.2677675],[2.60551368],[19.21972712]
[9.31382102],[2.63698909],[19.36056715]
[9.31527307],[2.64641284],[19.45567867]
[9.37933647],[2.63999223],[19.48034334]
[9.37397451],[2.62365952],[19.43749737]
[9.44670227],[2.60044806],[19.34609348]
[9.42742087],[2.56286531],[19.20261693]
[9.51011654],[2.51447709],[18.97703142]
[9.44254069],[2.46303685],[18.58999304]
[9.47746896],[2.43065147],[17.91429474]
[9.41890007],[2.40168437],[17.21113308]
[9.39832125],[2.37988516],[16.440451]
[9.38079475],[2.3554771],[15.68067149]
[9.27394049],[2.33218848],[15.00108642]
[9.15294653],[2.31140565],[14.32100606]
[9.0226841],[2.28803013],[13.66983276]
[8.89400708],[2.26018687],[13.03887422]
[8.76463044],[2.22876969],[12.41944826]
[8.62252208],[2.19313289],[11.86377199]
[8.48690317],[2.15031036],[11.36413887]
[8.35752963],[2.10017028],[10.88181837]
[7.85345921],[2.04496802],[10.18920913]
[6.98432034],[1.95152989],[8.72314559]
[6.12142189],[1.87203735],[6.98836346]
[1.82309186],[0.96940921],[1.55475394]
[2.6536501],[1.10613795],[2.57344447]
[3.5643833],[1.36190015],[4.07763236]
[4.18622745],[1.49706279],[5.34407812]
[4.69409058],[1.58549055],[6.08135242]
[4.85923931],[1.64041542],[6.48734112]
[5.18319372],[1.71292688],[7.13017138]
[5.34716536],[1.74363204],[7.46151623]
[5.56615577],[1.80132552],[8.0708232]
[5.64934934],[1.84781994],[8.49928436]
[5.89120921],[1.95994773],[9.24147338]
[6.12032835],[2.0411023],[9.89452212]
[6.22393179],[2.11418249],[10.54962976]
[6.35043621],[2.16645427],[11.03645464]
[6.50077421],[2.22592293],[11.63115589]
[6.58487558],[2.26905266],[12.02723404]
[6.85381984],[2.31566451],[12.75257653]
[7.10492884],[2.35506351],[13.23495312]
[7.44475301],[2.39449608],[13.92338423]
[7.64568286],[2.42649521],[14.34752912]
[8.09708195],[2.46006642],[15.11526069]
[8.20752297],[2.48339976],[15.54540212]
[8.60387716],[2.50302609],[16.27792406]
[8.63851285],[2.51695528],[16.68787497]
[8.89849645],[2.53952447],[17.46264444]
[8.90953567],[2.56188642],[17.96683366]
[9.15599035],[2.58133997],[18.6519145]
[9.1753724],[2.59781398],[19.0655935]
[9.44546965],[2.61319801],[19.61868984]
[9.45054121],[2.64014542],[19.96941457]
[9.57719661],[2.66965711],[20.31954236]
[9.5217127],[2.700293],[20.51203787]
[9.58815018],[2.72542814],[20.6925065]
[9.5722412],[2.74011775],[20.7750756]
[9.64461003],[2.71931027],[20.81526402]
[9.64294183],[2.70374464],[20.75618947]
[9.71303247],[2.68274227],[20.68334856]
[9.72206989],[2.65786927],[20.50842668]
[9.7723845],[2.61816418],[20.31626509]
[9.73405399],[2.57346358],[19.93586552]
[9.73755679],[2.52932719],[19.43218988]
[9.70445101],[2.48624515],[18.72071967]
[9.6705544],[2.43982849],[17.94570799]
[9.65454731],[2.40694816],[17.14055868]
[9.57707148],[2.37637579],[16.37098279]
[9.44617908],[2.34604575],[15.61218248]
[9.31699305],[2.32392418],[14.92354626]
[9.19051462],[2.2984746],[14.28651824]
[9.08237425],[2.26885159],[13.70523702]
[8.96478963],[2.23534891],[13.13596289]
[8.84875527],[2.19713874],[12.58505417]
[8.73485243],[2.15217909],[12.02746798]
[8.2302068],[2.09372178],[11.21796889]
[7.36598745],[2.00790331],[9.69404704]
[6.50791522],[1.92543227],[7.86708381]
[1.80362872],[0.96965038],[1.53746689]
[2.64762496],[1.11255272],[2.57696655]
[3.52843939],[1.37153329],[4.0820673]
[4.17187243],[1.50302117],[5.35606894]
[4.67278216],[1.59272712],[6.08505959]
[4.85154343],[1.64952987],[6.51397141]
[5.15892961],[1.72473872],[7.15813092]
[5.34161489],[1.75920027],[7.53109054]
[5.53766871],[1.81783822],[8.15057426]
[5.68644996],[1.8920424],[8.66921496]
[5.9201097],[2.00589513],[9.43694599]
[6.18508255],[2.08706894],[10.15914675]
[6.30696879],[2.15881879],[10.81769848]
[6.44667933],[2.20881268],[11.37107335]
[6.60143351],[2.26682664],[11.95994606]
[6.71879373],[2.30819775],[12.48207524]
[6.97589943],[2.35321113],[13.16612674]
[7.26190114],[2.39127655],[13.7364191]
[7.64126154],[2.42762313],[14.37960851]
[7.87941884],[2.45770394],[14.93415052]
[8.31133692],[2.48682819],[15.66522566]
[8.40960135],[2.51003701],[16.09535257]
[8.76485466],[2.52690504],[16.91441819]
[8.8567103],[2.55075186],[17.39877824]
[9.08300417],[2.5810781],[18.18526137]
[9.09369781],[2.60405548],[18.75819819]
[9.38505653],[2.62398127],[19.52582572]
[9.36240471],[2.65058292],[20.0247374]
[9.68435658],[2.68347414],[20.68719515]
[9.64800435],[2.72047252],[20.9855797]
[9.81155787],[2.74497942],[21.38104444]
[9.76549951],[2.77561313],[21.53263414]
[9.82748041],[2.79876563],[21.6993642]
[9.85063832],[2.81559603],[21.75361199]
[9.90954199],[2.80452837],[21.80911167]
[9.95125227],[2.77403582],[21.77545219]
[10.00417418],[2.74907226],[21.75738659]
[10.06403726],[2.72507169],[21.65476264]
[10.08343967],[2.69288572],[21.47164889]
[10.06900734],[2.65707743],[20.94631638]
[10.02328091],[2.61862234],[20.35605029]
[10.0152985],[2.57785526],[19.67371786]
[9.97558472],[2.53407508],[18.93842978]
[9.97288314],[2.48457529],[18.14862608]
[9.94872152],[2.43010255],[17.35507058]
[9.84623605],[2.37708596],[16.5808014]
[9.72508079],[2.33552173],[15.85123909]
[9.61550545],[2.29719122],[15.19147978]
[9.51294302],[2.25265466],[14.56639745]
[9.39711807],[2.21214678],[13.9491977]
[9.28287482],[2.17069518],[13.42056566]
[9.16006894],[2.12439381],[12.88395427]
[8.61491729],[2.03527865],[12.00489514]
[7.75584613],[1.96069688],[10.40640382]
[6.89398617],[1.90635647],[8.59126962]
[1.81014999],[0.96366739],[1.53218722]
[2.65362407],[1.12642261],[2.59433549]
[3.54300576],[1.38042261],[4.11743765]
[4.18826042],[1.51293972],[5.40243918]
[4.69839027],[1.60672775],[6.1560339]
[4.86008121],[1.6666065],[6.59873523]
[5.18418242],[1.74127974],[7.26380528]
[5.35662568],[1.77805278],[7.64709981]
[5.57078658],[1.83441026],[8.32814455]
[5.73762922],[1.93411245],[8.87497248]
[5.9947874],[2.04735878],[9.7202388]
[6.25131715],[2.12623702],[10.43535787]
[6.39384753],[2.19601983],[11.13350867]
[6.51075942],[2.24498581],[11.66048851]
[6.69691529],[2.30110131],[12.34458325]
[6.77785246],[2.34116124],[12.84478621]
[7.17581181],[2.38425279],[13.58372123]
[7.46297133],[2.41897056],[14.15295403]
[7.84688534],[2.45686389],[14.8610709]
[8.01826981],[2.48136312],[15.39157192]
[8.44903142],[2.51127735],[16.14485317]
[8.52673639],[2.53911401],[16.62696212]
[8.87899703],[2.56990234],[17.52552981]
[8.97003453],[2.59526946],[18.06965419]
[9.24831484],[2.62581029],[18.98543325]
[9.24099692],[2.66732818],[19.61526725]
[9.55659736],[2.70801749],[20.55183143]
[9.51039839],[2.74936404],[21.05882958]
[9.83336036],[2.78681938],[21.80779329]
[9.84261138],[2.8129944],[22.16280805]
[9.98883321],[2.83548876],[22.6445626]
[9.97139879],[2.86550356],[22.84132994]
[10.01545517],[2.88710422],[23.05034328]
[10.07016392],[2.90088078],[23.15765359]
[10.10827676],[2.89813074],[23.22672155]
[10.18749127],[2.86924386],[23.2449272]
[10.22919166],[2.83606518],[23.25860525]
[10.35042401],[2.80386021],[23.21750273]
[10.39292881],[2.77640897],[23.11937342]
[10.4283098],[2.74445169],[22.7454961]
[10.40447131],[2.70871503],[22.20986849]
[10.43336347],[2.67234353],[21.63817537]
[10.40797108],[2.63313372],[20.90269017]
[10.39915787],[2.59315706],[20.13422184]
[10.40499097],[2.54550705],[19.30645219]
[10.3565628],[2.49638142],[18.44374452]
[10.21267899],[2.44230582],[17.55811424]
[10.08685286],[2.38607042],[16.8018924]
[9.96039848],[2.31055506],[16.11591307]
[9.82588285],[2.25678566],[15.43694495]
[9.71348648],[2.20246171],[14.80673244]
[9.59663822],[2.15966569],[14.21748022]
[9.03702435],[2.07101341],[13.22977045]
[8.17217293],[2.00569593],[11.56373716]
[7.31008112],[1.95258684],[9.68398768]
[1.82782917],[0.96973484],[1.5520531]
[2.66996749],[1.13922318],[2.61574911]
[3.58470615],[1.39194327],[4.17812377]
[4.21043296],[1.5280268],[5.46935455]
[4.75379086],[1.62623866],[6.26791072]
[4.88653443],[1.68928446],[6.72540567]
[5.23822704],[1.76339279],[7.40611003]
[5.38732898],[1.80166544],[7.85593735]
[5.62722638],[1.87778948],[8.59130884]
[5.81296917],[1.99540808],[9.22901942]
[6.05417062],[2.09810651],[10.09519021]
[6.32766665],[2.17283557],[10.83294136]
[6.47869643],[2.23871405],[11.52787755]
[6.60903932],[2.28459973],[12.07024564]
[6.8007499],[2.33799109],[12.79100199]
[6.96091807],[2.37515745],[13.32544162]
[7.36564607],[2.41441332],[14.04335789]
[7.67798322],[2.44976873],[14.69084105]
[8.03630825],[2.48337735],[15.42927216]
[8.21955558],[2.50955568],[15.95009675]
[8.60070424],[2.53916952],[16.71987328]
[8.72661453],[2.58679791],[17.36023557]
[9.03953025],[2.62009984],[18.28814204]
[9.14408189],[2.66328009],[19.02557286]
[9.45941675],[2.73936452],[20.04648852]
[9.42831271],[2.78989442],[20.73660121]
[9.76852338],[2.82861142],[21.78128892]
[9.70780271],[2.85960042],[22.2983571]
[10.05186685],[2.89236885],[23.19770433]
[10.07202467],[2.9088543],[23.60458205]
[10.23230613],[2.92605144],[24.1786146]
[10.24956124],[2.94618326],[24.41581017]
[10.28740493],[2.96345371],[24.66039393]
[10.40032792],[2.97594447],[24.8229108]
[10.44382572],[2.97212812],[24.9185095]
[10.55157034],[2.95036602],[25.01010672]
[10.62614373],[2.92132932],[25.01918169]
[10.71330078],[2.89040632],[25.03263166]
[10.80274094],[2.85228176],[24.93057322]
[10.79205125],[2.82090111],[24.7073252]
[10.81797061],[2.78771245],[24.21865566]
[10.79550272],[2.75424489],[23.64336278]
[10.81529174],[2.71824928],[22.97187758]
[10.77898147],[2.6813753],[22.13086048]
[10.78964109],[2.640204],[21.31495138]
[10.78640555],[2.59535692],[20.43008529]
[10.69330077],[2.54994559],[19.54342772]
[10.55791824],[2.499769],[18.71499881]
[10.4228743],[2.44719577],[17.91377576]
[10.26491584],[2.36011934],[17.12853324]
[10.13371597],[2.27116384],[16.4417625]
[10.02126703],[2.21544367],[15.77329571]
[9.42829552],[2.13937193],[14.68198427]
[8.56428749],[2.06514317],[12.88517488]
[7.69791759],[2.00990125],[10.87422228]
[1.84311525],[0.97649951],[1.57140549]
[2.6890915],[1.15191169],[2.63824799]
[3.62895365],[1.40777985],[4.25890287]
[4.2434537],[1.54568534],[5.54783304]
[4.82191942],[1.6438037],[6.38530186]
[4.91688665],[1.71006189],[6.85908338]
[5.29692012],[1.78184883],[7.55220229]
[5.42127314],[1.82046774],[8.04937688]
[5.69569069],[1.9249611],[8.82512573]
[5.88878831],[2.03239417],[9.5227987]
[6.10631085],[2.13320678],[10.41517675]
[6.40506285],[2.20685823],[11.16135705]
[6.56473502],[2.2712873],[11.85964201]
[6.7114639],[2.31567514],[12.45301678]
[6.90087604],[2.3663316],[13.20014008]
[7.18688447],[2.40230782],[13.75389964]
[7.55102407],[2.44372307],[14.46871562]
[7.86728717],[2.47714595],[15.18376742]
[8.21952825],[2.51149938],[15.98923097]
[8.40111362],[2.54131018],[16.527488]
[8.74855573],[2.5959122],[17.45305223]
[8.92360022],[2.6590773],[18.22019787]
[9.20691612],[2.74286932],[19.31938475]
[9.339677],[2.8033841],[20.20256247]
[9.69372426],[2.86170276],[21.28998486]
[9.6602485],[2.9003504],[22.10604857]
[10.00704406],[2.93528853],[23.2021952]
[9.99420332],[2.96104223],[23.77893416]
[10.32886771],[2.98872551],[24.79081931]
[10.43395857],[3.00215709],[25.27710225]
[10.56991972],[3.0155252],[25.85537719]
[10.62958692],[3.02818902],[26.21319594]
[10.68674527],[3.03636852],[26.43470982]
[10.77545362],[3.04718599],[26.63935734]
[10.8653249],[3.04360983],[26.78862488]
[10.92258772],[3.0270477],[26.90145536]
[11.03970742],[3.00290195],[26.95322853]
[11.08169717],[2.97658853],[26.96369782]
[11.21280494],[2.94382909],[26.94863145]
[11.16965238],[2.90820281],[26.75577328]
[11.20949287],[2.8728586],[26.34316032]
[11.1713966],[2.83937754],[25.76021553]
[11.20143022],[2.80567513],[25.14985732]
[11.17919511],[2.77324008],[24.43437092]
[11.1773612],[2.7384192],[23.59668626]
[11.18838015],[2.70074288],[22.68661048]
[11.13672043],[2.66005732],[21.72286449]
[11.01188046],[2.61511212],[20.79858391]
[10.87797556],[2.56732585],[19.91891893]
[10.73064788],[2.50999262],[19.05475108]
[10.57480412],[2.42352546],[18.24598633]
[10.41288734],[2.32824339],[17.49329765]
[9.75355645],[2.23786717],[16.24675442]
[8.90141295],[2.14486936],[14.32767786]
[8.04688272],[2.07294818],[12.20197279]
[1.82384598],[0.7154003],[1.13512928]
[2.67788013],[0.88467261],[2.02484279]
[3.57775388],[1.14408524],[3.57026622]
[4.27797161],[1.27577783],[4.80781261]
[4.77214966],[1.34968482],[5.5960714]
[4.90968879],[1.40290451],[6.07425693]
[5.26408578],[1.46651717],[6.70665442]
[5.43919457],[1.56536414],[7.25869272]
[5.70779335],[1.67454988],[8.04188085]
[5.97275108],[1.77712771],[8.77248532]
[6.17188678],[1.86116193],[9.61995587]
[6.48418191],[1.93600158],[10.36110873]
[6.64975584],[1.99769813],[11.01627969]
[6.80497417],[2.03959213],[11.65721552]
[7.06047205],[2.084301],[12.40452536]
[7.41898212],[2.11737719],[13.00078981]
[7.76746459],[2.15380561],[13.74519392]
[8.08588657],[2.18844607],[14.4606908]
[8.43953904],[2.24041519],[15.31836728]
[8.629421],[2.28434755],[15.91465224]
[8.94045485],[2.37396669],[16.96807966]
[9.168155],[2.45540835],[17.86676143]
[9.46169764],[2.54651403],[19.05229897]
[9.60339335],[2.61139879],[19.92202929]
[9.96377599],[2.65813367],[21.15149693]
[9.98134592],[2.68963889],[21.91812699]
[10.28491487],[2.71929502],[23.00185796]
[10.31311025],[2.74068053],[23.69197336]
[10.61294758],[2.76426064],[24.68201536]
[10.79125073],[2.78277605],[25.39219711]
[10.98215983],[2.79999215],[25.97069573]
[11.01439204],[2.81739302],[26.41699744]
[11.11180793],[2.83397107],[26.74624287]
[11.15537709],[2.85200123],[27.02686963]
[11.27775453],[2.87936211],[27.25041272]
[11.31563283],[2.88849324],[27.41167101]
[11.42109061],[2.90787742],[27.55027814]
[11.49096691],[2.90657394],[27.60030833]
[11.56889546],[2.89519207],[27.56712687]
[11.58858233],[2.86976177],[27.24226706]
[11.5751507],[2.84192392],[26.91337904]
[11.59019489],[2.81500547],[26.44663919]
[11.56871037],[2.7862321],[25.89574997]
[11.59376436],[2.75226387],[25.16411068]
[11.56720245],[2.72938487],[24.36479458]
[11.57903424],[2.70906175],[23.53670063]
[11.56077582],[2.67550388],[22.66852331]
[11.47688919],[2.63008037],[21.81125269]
[11.34190191],[2.60645996],[20.99577624]
[11.19585558],[2.53426907],[20.18999045]
[11.04651871],[2.44831189],[19.43670381]
[10.88704971],[2.36450132],[18.69534116]
[10.17897224],[2.28236741],[17.33883871]
[9.28337215],[2.19754826],[15.3869205]
[8.39144457],[2.11071655],[13.26161701]
[0.],[0.],[0.]
[1.99463878],[0.13992627],[0.19384883]
[3.4017182],[0.39743089],[0.98644264]
[4.32533574],[0.52438421],[1.63936183]
[4.72341708],[0.59776917],[2.1113587]
[4.98030702],[0.65371083],[2.44557188]
[5.27768261],[0.73031368],[2.87802699]
[5.49962053],[0.85201044],[3.34005244]
[5.76321005],[0.95848138],[4.01151943]
[6.04873703],[1.05768459],[4.6492779]
[6.27998428],[1.14255954],[5.332588]
[6.56813715],[1.21167534],[5.88021297]
[6.7844268],[1.26882033],[6.45619537]
[6.91527837],[1.3093183],[6.95466985]
[7.36275763],[1.35491862],[7.46655203]
[7.74240314],[1.38560564],[7.92097111]
[8.06535028],[1.42515712],[8.49019799]
[8.3197194],[1.47271413],[8.97215379]
[8.65047816],[1.52415604],[9.64760396]
[8.84928503],[1.60307762],[10.26498637]
[9.14756107],[1.69576169],[11.22307362]
[9.35878723],[1.77274863],[12.10094034]
[9.69485883],[1.85014343],[13.12447086]
[9.80423548],[1.90754286],[13.94886845]
[10.17780868],[1.94726769],[14.97691009]
[10.24983735],[1.97615829],[15.63299386]
[10.53371889],[2.00399056],[16.62466558]
[10.59338185],[2.02424941],[17.25361632]
[10.94936293],[2.05482056],[18.16656868]
[11.06708056],[2.08362362],[18.8697608]
[11.35675224],[2.10813617],[19.54960813]
[11.36265883],[2.12812537],[20.00050995]
[11.45746773],[2.14798516],[20.39542095]
[11.53357113],[2.1715317],[20.67721879]
[11.61112312],[2.19997035],[20.95784613]
[11.7033385],[2.21373728],[21.15473531]
[11.75508824],[2.23063547],[21.34733459]
[11.8773268],[2.23307466],[21.48679895]
[11.92303458],[2.22245467],[21.61521058]
[11.97693775],[2.19750483],[21.66994478]
[11.93076882],[2.17117677],[21.58079686]
[11.97935764],[2.14509957],[21.42823356]
[11.94180401],[2.11731175],[21.10572956]
[11.98589233],[2.08940962],[20.7872407]
[11.96060684],[2.0620908],[20.38689885]
[11.9642596],[2.03328745],[19.96529636]
[11.94940093],[2.00557509],[19.45520377]
[11.94452199],[1.98309531],[18.95169339]
[11.81849103],[1.96645397],[18.39695355]
[11.67098666],[1.94576857],[17.80850192]
[11.51822372],[1.92517002],[17.23304635]
[11.36358184],[1.89774657],[16.65805105]
[10.66056449],[1.86117021],[15.52490826]
[9.75443801],[1.8179085],[14.10065481]
[8.83865202],[1.77814894],[12.5751695]
