meltWidth,meltDepth,meltArea
[0.1855215],[0.05267791],[0.0046751]
[1.19717663],[0.24052843],[0.21985206]
[1.35594419],[0.34361965],[0.2854452]
[1.39404805],[0.36649636],[0.34227529]
[1.4861524],[0.38950509],[0.35697148]
[1.50072061],[0.40976648],[0.41175753]
[1.63146416],[0.43125587],[0.43863852]
[1.59808075],[0.44301136],[0.48005465]
[1.70312099],[0.43181209],[0.47717452]
[1.60919124],[0.42015983],[0.47362331]
[1.68215795],[0.40682236],[0.46685002]
[1.58435254],[0.39544695],[0.45659776]
[1.659909],[0.38003249],[0.44473687]
[1.59620753],[0.38584645],[0.44192662]
[1.69523485],[0.36027194],[0.43803342]
[1.64288958],[0.37023221],[0.43664391]
[1.75142509],[0.36010316],[0.44504857]
[1.74556185],[0.37119759],[0.45541449]
[1.85240756],[0.36209004],[0.46571273]
[1.80611233],[0.37037355],[0.46779714]
[1.89627301],[0.36465487],[0.47700491]
[1.86577737],[0.37224644],[0.48477922]
[1.94731422],[0.36539619],[0.49307273]
[1.90007995],[0.37259501],[0.49413618]
[1.99983036],[0.36536496],[0.50841603]
[1.97187313],[0.37428155],[0.52024533]
[2.05718763],[0.36537174],[0.52869989]
[2.0186509],[0.37513442],[0.53770248]
[2.10676797],[0.36428298],[0.55277769]
[2.07755111],[0.3731742],[0.55506643]
[2.09685916],[0.36722332],[0.56546622]
[2.0903209],[0.36656445],[0.55615354]
[2.08118917],[0.36588918],[0.55460209]
[2.08214608],[0.36415431],[0.55231389]
[2.08325474],[0.36417581],[0.55255658]
[2.08331257],[0.3635095],[0.55321522]
[2.08548804],[0.36200742],[0.55142763]
[2.08664183],[0.36265381],[0.55217003]
[2.0899689],[0.36199133],[0.55296868]
[2.08916781],[0.35984643],[0.55234333]
[2.08829199],[0.35875363],[0.5524753]
[2.08664734],[0.36092767],[0.5557585]
[2.08470128],[0.36288514],[0.55932423]
[2.0829554],[0.36550123],[0.56016757]
[2.08112615],[0.36794654],[0.56277029]
[2.08292529],[0.37049332],[0.56681614]
[2.08406558],[0.37552322],[0.57053984]
[2.08933312],[0.38400507],[0.57606908]
[2.0982425],[0.39150762],[0.58549234]
[2.1084893],[0.39906224],[0.59661918]
[2.12642385],[0.40395757],[0.60623383]
[2.13648601],[0.40105701],[0.61096263]
[1.87300201],[0.39968066],[0.55963293]
[0.],[0.],[0.]
[0.],[0.],[0.]
[0.87709521],[0.15041528],[0.06476211]
[1.36458599],[0.40313716],[0.38027339]
[1.48462777],[0.45294693],[0.48454834]
[1.58303614],[0.50869667],[0.56592696]
[1.72215862],[0.51897781],[0.62943936]
[1.83161983],[0.5672066],[0.71751597]
[1.99897123],[0.58292078],[0.81254962]
[2.09618414],[0.60827882],[0.89819261]
[2.14396484],[0.60515947],[0.92549727]
[2.15097975],[0.62294292],[0.94834558]
[2.17789129],[0.61355537],[0.9596764]
[2.18331554],[0.62495172],[0.97419013]
[2.20804345],[0.6264717],[0.99261613]
[2.22979041],[0.63984702],[1.02779478]
[2.2640521],[0.62948628],[1.05837552]
[2.28979529],[0.64916405],[1.0974623]
[2.32215301],[0.63879688],[1.12344287]
[2.34436679],[0.66674487],[1.16673111]
[2.36446378],[0.65494632],[1.17519255]
[2.36545303],[0.67639257],[1.19585321]
[2.38272755],[0.66381515],[1.19798584]
[2.3747333],[0.68523],[1.21670268]
[2.38969571],[0.67174575],[1.21682776]
[2.38203362],[0.6906016],[1.23104192]
[2.39914246],[0.67732607],[1.22997073]
[2.38762339],[0.69736439],[1.24357547]
[2.40648503],[0.68291856],[1.23978459]
[2.39250111],[0.70315101],[1.25111867]
[2.41114373],[0.6881695],[1.24776335]
[2.41417541],[0.70381795],[1.25895556]
[2.40969972],[0.69717222],[1.2594418]
[2.41641363],[0.69758052],[1.25642671]
[2.40627571],[0.69788623],[1.25383031]
[2.40748847],[0.69688001],[1.2526199]
[2.40782531],[0.6984975],[1.25419313]
[2.40571805],[0.69880339],[1.25498583]
[2.40776722],[0.69779428],[1.25371994]
[2.40713661],[0.69939422],[1.25377627]
[2.40579519],[0.69852729],[1.25063837]
[2.40126221],[0.69388455],[1.24149279]
[2.39638919],[0.68714049],[1.22742982]
[2.3915575],[0.68252339],[1.2179195]
[2.38749774],[0.67877324],[1.21346338]
[2.38768736],[0.67373641],[1.20759835]
[2.38550412],[0.67002279],[1.20301497]
[2.38364861],[0.66559403],[1.19870293]
[2.37892078],[0.66107934],[1.19128458]
[2.37967468],[0.65506373],[1.18256789]
[2.37985169],[0.65108266],[1.17420393]
[2.37949579],[0.64895747],[1.1684759]
[2.38358381],[0.64570876],[1.16073756]
[2.38706866],[0.64439223],[1.15661526]
[2.14401453],[0.64725381],[1.08973183]
[0.],[0.],[0.]
[0.],[0.],[0.]
[1.04535614],[0.19594105],[0.10740194]
[1.42795555],[0.44120551],[0.42995834]
[1.60767402],[0.47942873],[0.53541493]
[1.76640646],[0.53379347],[0.63756542]
[1.98162121],[0.54772999],[0.75317375]
[2.07978189],[0.60376089],[0.86002873]
[2.21173685],[0.61763976],[0.95871392]
[2.26970822],[0.65514966],[1.02031359]
[2.31286996],[0.66500335],[1.06894966]
[2.33124022],[0.67587127],[1.1072574]
[2.37299993],[0.67763877],[1.147255]
[2.37381126],[0.6939031],[1.18453072]
[2.41733013],[0.68819704],[1.21728668]
[2.4074487],[0.7185074],[1.25271217]
[2.44148595],[0.70845634],[1.27618304]
[2.43828802],[0.74791559],[1.31780687]
[2.48020159],[0.74221848],[1.34541053]
[2.47209976],[0.77575187],[1.37751583]
[2.50765407],[0.76901564],[1.39232959]
[2.55186392],[0.78901274],[1.42184712]
[2.5412261],[0.78069916],[1.4256119]
[2.55032806],[0.79718875],[1.44215819]
[2.55293014],[0.79102555],[1.45057165]
[2.53117395],[0.8052557],[1.45734883]
[2.57128785],[0.79970159],[1.47224645]
[2.56092156],[0.81178206],[1.47565956]
[2.5793174],[0.80778168],[1.48990717]
[2.55797257],[0.81864359],[1.48754743]
[2.57285],[0.8160635],[1.49891598]
[2.56575526],[0.81979042],[1.49465279]
[2.54769896],[0.8245164],[1.49991862]
[2.55958181],[0.82445508],[1.49851665]
[2.54447035],[0.82439343],[1.49432043]
[2.54558003],[0.82466561],[1.49376991]
[2.54494718],[0.82412129],[1.49295676]
[2.54107152],[0.82406026],[1.49221305]
[2.54355667],[0.82430045],[1.49208577]
[2.54175703],[0.82371018],[1.48848079]
[2.53844003],[0.81987884],[1.48038973]
[2.53201524],[0.8134102],[1.46587684]
[2.52948957],[0.80524779],[1.44869462]
[2.52635275],[0.79654215],[1.43520772]
[2.52004282],[0.78965757],[1.42206471]
[2.51847202],[0.78326024],[1.40863651]
[2.51521209],[0.77536372],[1.39624954]
[2.52296784],[0.7683877],[1.39034686]
[2.53966794],[0.76155357],[1.38479614]
[2.54536686],[0.75517718],[1.37830327]
[2.55228788],[0.74700562],[1.36955038]
[2.5606031],[0.73984399],[1.36336727]
[2.57505266],[0.73335062],[1.35795825]
[2.56750982],[0.72874533],[1.34953801]
[2.28419733],[0.72487737],[1.26160732]
[0.],[0.],[0.]
[0.],[0.],[0.]
[0.98664917],[0.20008873],[0.0972745]
[1.42410737],[0.432266],[0.42415335]
[1.66893623],[0.48085135],[0.54635912]
[1.88208271],[0.5450803],[0.68231466]
[2.11452106],[0.58884232],[0.85337272]
[2.22664453],[0.66342614],[0.99659697]
[2.35003637],[0.6848645],[1.11521997]
[2.39816907],[0.70279806],[1.17949244]
[2.4362527],[0.70718753],[1.23111216]
[2.43703158],[0.7379458],[1.2828834]
[2.47469005],[0.73385654],[1.31988181]
[2.46973402],[0.7679273],[1.36552045]
[2.51779568],[0.76670624],[1.4102214]
[2.51639498],[0.79603656],[1.44779325]
[2.55070609],[0.80071658],[1.48053755]
[2.55017589],[0.82382119],[1.50647582]
[2.59049539],[0.83231424],[1.53928056]
[2.66752406],[0.84829305],[1.56386641]
[2.69106865],[0.85334332],[1.58852917]
[2.83212806],[0.85854188],[1.62141354]
[2.82338333],[0.86287561],[1.62767018]
[2.87890067],[0.86562816],[1.64464852]
[2.84499795],[0.86988974],[1.6476005]
[2.89920025],[0.87142478],[1.65904838]
[2.85423903],[0.8751133],[1.66217109]
[2.89746794],[0.87654662],[1.67729473]
[2.85820829],[0.88119777],[1.68177678]
[2.89770846],[0.88169585],[1.69147914]
[2.85710962],[0.88609092],[1.69462041]
[2.90063439],[0.8823763],[1.698977]
[2.8780064],[0.88487051],[1.70426952]
[2.89747772],[0.88490729],[1.70178434]
[2.87202678],[0.8849448],[1.68958149]
[2.84609694],[0.88513273],[1.68607812]
[2.84052861],[0.88500549],[1.68552024]
[2.82994804],[0.88512266],[1.6854574]
[2.82787416],[0.88531672],[1.68480469]
[2.8231746],[0.88537927],[1.68111076]
[2.81621936],[0.88330081],[1.6761186]
[2.81058912],[0.87951332],[1.66329291]
[2.79985539],[0.87338772],[1.64450956]
[2.79993146],[0.86716721],[1.63213285]
[2.80050555],[0.86172278],[1.62302202]
[2.80496431],[0.85665102],[1.61703522]
[2.80355125],[0.84955545],[1.60762427]
[2.7991906],[0.84317147],[1.59875317]
[2.79793082],[0.83679862],[1.58920767]
[2.80099821],[0.8309068],[1.57813948]
[2.7977773],[0.82297461],[1.56322741]
[2.78857038],[0.81622278],[1.54553137]
[2.7843229],[0.80966569],[1.52720552]
[2.7892716],[0.80132012],[1.51277833]
[2.50475875],[0.79532987],[1.41005548]
[0.],[0.],[0.]
[0.],[0.],[0.]
[0.8762356],[0.22250529],[0.09623568]
[1.5091518],[0.45485071],[0.45604729]
[1.95250642],[0.55786693],[0.71647723]
[2.13971941],[0.62273212],[0.90826533]
[2.29093309],[0.67285249],[1.07096467]
[2.36614925],[0.73683278],[1.20630202]
[2.45876584],[0.74432044],[1.30393465]
[2.47906826],[0.7821341],[1.37840926]
[2.52615007],[0.79342664],[1.44800282]
[2.52416372],[0.81708628],[1.49717999]
[2.56802888],[0.8251557],[1.53807689]
[2.55874691],[0.84256897],[1.55995457]
[2.59731236],[0.85117078],[1.59275909]
[2.66710847],[0.86730473],[1.62210318]
[2.63538743],[0.87907787],[1.65434904]
[2.81933053],[0.88668583],[1.69826515]
[2.87435826],[0.8935599],[1.7253731]
[2.97988525],[0.89703706],[1.75956149]
[3.05370213],[0.90455143],[1.78573446]
[3.1321223],[0.90427563],[1.80497941]
[3.17608919],[0.91142476],[1.82528754]
[3.16427987],[0.910765],[1.83408403]
[3.18018789],[0.91611961],[1.84939964]
[3.16972352],[0.91470497],[1.85363829]
[3.19056153],[0.92147473],[1.87193832]
[3.17471776],[0.92141873],[1.88150596]
[3.19272531],[0.92896103],[1.90123537]
[3.18098808],[0.9282092],[1.90681531]
[3.19686426],[0.93293033],[1.92176634]
[3.18807051],[0.92883854],[1.92156807]
[3.22426401],[0.93086851],[1.93298914]
[3.19036255],[0.93086664],[1.92277336]
[3.21163946],[0.93086517],[1.9168074]
[3.16238186],[0.93094845],[1.90802092]
[3.15168362],[0.93085331],[1.90488102]
[3.13723387],[0.9308389],[1.90179827]
[3.12393269],[0.93088919],[1.89649612]
[3.11615472],[0.93009095],[1.88983794]
[3.10423609],[0.92747558],[1.88169024]
[3.0884528],[0.9226268],[1.86526433]
[3.07483846],[0.91826358],[1.8454197]
[3.06588644],[0.91527229],[1.83364077]
[3.05858462],[0.91272211],[1.82529518]
[3.04919558],[0.9103458],[1.8140247]
[3.03553622],[0.90761346],[1.8037826]
[3.02033495],[0.90542533],[1.79336027]
[3.00527114],[0.90064999],[1.7798106]
[2.98354224],[0.89626255],[1.76031221]
[2.96150973],[0.89016385],[1.74061078]
[2.94785161],[0.88470623],[1.7224829]
[2.94277718],[0.87936149],[1.70403525]
[2.93957485],[0.87208382],[1.6869327]
[2.63289479],[0.86589059],[1.56283274]
[0.],[0.],[0.]
[0.],[0.],[0.]
[0.67470036],[0.18945326],[0.06289597]
[1.76857351],[0.52426596],[0.56409109]
[2.13541735],[0.63114168],[0.89130028]
[2.26908351],[0.69633828],[1.07980141]
[2.4177938],[0.75657875],[1.27349107]
[2.45701127],[0.81010445],[1.39710886]
[2.54151683],[0.83288197],[1.50396787]
[2.54445765],[0.85335379],[1.55148056]
[2.5967237],[0.87206509],[1.61178325]
[2.64741278],[0.88305595],[1.64279023]
[2.64920523],[0.89773755],[1.67999688]
[2.7796102],[0.90165273],[1.71956498]
[2.8401868],[0.9079736],[1.75946172]
[2.96406733],[0.91192519],[1.80632419]
[3.06261965],[0.91749967],[1.85202667]
[3.14523691],[0.91696321],[1.88148502]
[3.28692203],[0.92356846],[1.92516102]
[3.31731177],[0.92324965],[1.95630074]
[3.41476841],[0.93240906],[2.00021146]
[3.43436797],[0.9328313],[2.02203832]
[3.48746187],[0.94112358],[2.0553684]
[3.46691243],[0.93864058],[2.06348582]
[3.48879485],[0.94574605],[2.09102541]
[3.47033343],[0.94228441],[2.09250192]
[3.49995334],[0.95079067],[2.11990244]
[3.47274366],[0.94841907],[2.13033717]
[3.49818361],[0.95761397],[2.15333083]
[3.47813579],[0.95488656],[2.16841972]
[3.5017417],[0.96179923],[2.17311839]
[3.48937819],[0.95549247],[2.18360606]
[3.52383803],[0.95806644],[2.19649231]
[3.49588917],[0.957822],[2.18650861]
[3.51570549],[0.95740503],[2.18102672]
[3.48145612],[0.95711119],[2.16271741]
[3.46563097],[0.95659135],[2.15729973]
[3.45293875],[0.95614465],[2.15227139]
[3.44010359],[0.95572211],[2.14420538]
[3.43480386],[0.95359299],[2.1366713]
[3.42432319],[0.95057481],[2.12587262]
[3.4095825],[0.94510912],[2.10981502]
[3.3972882],[0.9413731],[2.08876152]
[3.3835238],[0.93923669],[2.07173423]
[3.36288228],[0.93747995],[2.05084292]
[3.34167485],[0.93599543],[2.02195081]
[3.30663406],[0.9338157],[1.99430987]
[3.26980516],[0.9312756],[1.97513099]
[3.23616725],[0.92878864],[1.95728165]
[3.20217362],[0.92636582],[1.9347207]
[3.1717249],[0.92363926],[1.91664387]
[3.14070554],[0.92114318],[1.90010391]
[3.10810936],[0.91885363],[1.87952498]
[3.0805822],[0.91630915],[1.86101143]
[2.73551764],[0.91217762],[1.71375235]
[0.],[0.],[0.]
[0.],[0.],[0.]
[1.32972794],[0.32877765],[0.21671386]
[2.09458099],[0.56278711],[0.80464869]
[2.29606142],[0.69988921],[1.09571467]
[2.38600961],[0.75440554],[1.25475714]
[2.49871742],[0.81119483],[1.4186028]
[2.50787055],[0.85550973],[1.51097892]
[2.59073432],[0.88146687],[1.60984069]
[2.7099292],[0.89457204],[1.66158914]
[2.76441373],[0.90830205],[1.71739816]
[2.87183405],[0.91134146],[1.76585044]
[2.95894909],[0.91794924],[1.81396635]
[3.06083621],[0.91983828],[1.86886518]
[3.1869288],[0.92659229],[1.9245391]
[3.26973843],[0.92963373],[1.96341776]
[3.42312139],[0.93624353],[2.02314498]
[3.44723701],[0.93691551],[2.06068189]
[3.53793333],[0.94508557],[2.11737762]
[3.591927],[0.94214196],[2.15401111]
[3.65028481],[0.95205247],[2.20479996]
[3.69901656],[0.94981246],[2.22846323]
[3.7101468],[0.95812406],[2.26301677]
[3.73602395],[0.95384909],[2.28337016]
[3.71345454],[0.96227698],[2.3015108]
[3.73570078],[0.95818684],[2.31771067]
[3.72113868],[0.96818589],[2.33370234]
[3.74164353],[0.96472102],[2.36346907]
[3.71807315],[0.97533799],[2.3635099]
[3.74203401],[0.97158723],[2.41607984]
[3.72181587],[0.98024408],[2.39520699]
[3.75144278],[0.97300497],[2.4543941]
[3.75185535],[0.97616298],[2.43926052]
[3.75919814],[0.97582097],[2.46536854]
[3.74953483],[0.97547991],[2.43294531]
[3.74243778],[0.97535274],[2.41021395]
[3.71120048],[0.97483143],[2.40428369]
[3.69926185],[0.97463423],[2.40030917]
[3.68509299],[0.97442797],[2.3925184]
[3.67814913],[0.97209513],[2.38690335]
[3.6705609],[0.96908899],[2.378157]
[3.65280353],[0.9635039],[2.36702955]
[3.6362266],[0.9600737],[2.33625273]
[3.62383277],[0.95772077],[2.30388993]
[3.60619003],[0.95566062],[2.28164207]
[3.5876725],[0.95399586],[2.25645124]
[3.56874864],[0.95168286],[2.2296799]
[3.54121189],[0.94980541],[2.20080409]
[3.50733239],[0.947858],[2.16967307]
[3.47049663],[0.94625902],[2.13440409]
[3.43740805],[0.94401054],[2.10381228]
[3.40159654],[0.94210408],[2.07405678]
[3.36080347],[0.94040619],[2.03953389]
[3.32168318],[0.93752982],[2.01024144]
[2.94218354],[0.93472939],[1.84434263]
[0.],[0.],[0.]
[0.],[0.],[0.]
[1.52112168],[0.40790633],[0.37357309]
[2.20189813],[0.63507985],[0.95151223]
[2.3930128],[0.7469349],[1.22049583]
[2.44229025],[0.79550657],[1.35552106]
[2.55250975],[0.84492257],[1.50981172]
[2.54984108],[0.88314311],[1.58830635]
[2.66113069],[0.89724889],[1.68027229]
[2.87824353],[0.90772711],[1.75061116]
[3.03699581],[0.9204046],[1.82748622]
[3.13258157],[0.92456421],[1.89776956]
[3.2840755],[0.9309079],[1.97898939]
[3.34606857],[0.93464371],[2.0224758]
[3.49552925],[0.94251389],[2.09695835]
[3.55963023],[0.94666912],[2.14717911]
[3.63829976],[0.95355577],[2.20752142]
[3.71752114],[0.9521795],[2.25766218]
[3.76867828],[0.95964379],[2.3161531]
[3.85613414],[0.95736551],[2.39091038]
[3.86715255],[0.96750191],[2.40306875]
[3.93973881],[0.96536416],[2.47360233]
[3.91840495],[0.97356957],[2.46378218]
[3.97939526],[0.96969358],[2.54965641]
[3.92382831],[0.9776024],[2.50655066]
[3.97513647],[0.97436656],[2.60635779]
[3.928217],[0.98425871],[2.57225923]
[3.98180127],[0.98165233],[2.70495441]
[3.92136835],[0.99185423],[2.67022242]
[3.97810919],[0.98882237],[2.81248987]
[3.92691162],[0.99700024],[2.76169599]
[3.98793611],[0.99041346],[2.87610049]
[3.95693686],[0.99277807],[2.86562083]
[3.99422268],[0.99264771],[2.88855847]
[3.95671549],[0.99269738],[2.87155263]
[3.97548207],[0.99280537],[2.85315721]
[3.93031069],[0.99298694],[2.8455989]
[3.91929342],[0.99545907],[2.84338449]
[3.90309923],[0.9949915],[2.83555665]
[3.89407984],[0.99552179],[2.83147279]
[3.88764005],[0.99750836],[2.82359429]
[3.87150097],[0.99292849],[2.80928439]
[3.85384046],[0.97873709],[2.77631799]
[3.84487925],[0.97592874],[2.73201015]
[3.8296311],[0.97362391],[2.66075892]
[3.8119449],[0.97164624],[2.59014343]
[3.79807881],[0.96917459],[2.53320695]
[3.77671217],[0.96690791],[2.47690519]
[3.74330185],[0.96472098],[2.43510435]
[3.7074708],[0.96279429],[2.3781463]
[3.67790766],[0.96035433],[2.34873263]
[3.64338977],[0.9582866],[2.31442692]
[3.60343872],[0.95660167],[2.27272246]
[3.56890166],[0.95430672],[2.23665625]
[3.18505204],[0.95204771],[2.04758087]
[0.],[0.],[0.]
[0.],[0.],[0.]
[1.5992549],[0.46288541],[0.53062023]
[2.2866547],[0.68511031],[1.08826214]
[2.44322673],[0.78266152],[1.32932791]
[2.48360649],[0.82754358],[1.45329309]
[2.58101226],[0.86471457],[1.58742995]
[2.62881887],[0.90069738],[1.66239032]
[2.83366469],[0.91363423],[1.76519649]
[3.02791191],[0.92507959],[1.85583937]
[3.22898649],[0.94036126],[1.94938521]
[3.31832446],[0.94411079],[2.03971968]
[3.47942342],[0.95087624],[2.12941831]
[3.57028635],[0.95280039],[2.19004695]
[3.67202467],[0.96030847],[2.26269837]
[3.78402176],[0.96575876],[2.31981869]
[3.84049103],[0.97252667],[2.38106057]
[3.9517046],[0.9787262],[2.47431117]
[3.96568575],[0.98575679],[2.50156724]
[4.10860035],[0.98646114],[2.62483215]
[4.07984685],[0.99479894],[2.60200032]
[4.17337601],[0.99412208],[2.76940996]
[4.13069872],[1.00068482],[2.74174145]
[4.21556008],[0.99835744],[2.87947426]
[4.1467391],[1.00501179],[2.84876589]
[4.21684144],[1.00363695],[2.95378695]
[4.14970944],[1.01163787],[2.95205377]
[4.22551573],[1.01748102],[3.05812351]
[4.14276726],[1.0346829],[3.04732335]
[4.22078508],[1.0494712],[3.14806722]
[4.14805873],[1.06733808],[3.12016769]
[4.22426934],[1.07247244],[3.20398918]
[4.18246576],[1.07870032],[3.2067758]
[4.22915323],[1.07610488],[3.23099285]
[4.18847095],[1.07729516],[3.21498791]
[4.21714357],[1.07735761],[3.21425675]
[4.17328938],[1.07854445],[3.19942235]
[4.16066725],[1.08126328],[3.19821443]
[4.14407104],[1.08127755],[3.19004188]
[4.13449099],[1.08196841],[3.18728925]
[4.13151527],[1.08383073],[3.18227247]
[4.11851068],[1.07899443],[3.16956148]
[4.0954252],[1.06524423],[3.13853179]
[4.088634],[1.05127361],[3.10704747]
[4.07553917],[1.03730732],[3.06854594]
[4.0568949],[1.02064909],[3.02371215]
[4.0449647],[1.00565364],[2.98385362]
[4.03503256],[0.99130447],[2.93656249]
[4.000836],[0.98870879],[2.88310123]
[3.96243818],[0.98682341],[2.82219302]
[3.93459719],[0.98415635],[2.75781806]
[3.89992036],[0.98192794],[2.6915452]
[3.86129752],[0.97996716],[2.62038305]
[3.82883143],[0.97745615],[2.55936445]
[3.44607219],[0.97495505],[2.33558967]
[0.],[0.],[0.]
[0.],[0.],[0.]
[1.63538436],[0.50559219],[0.62112493]
[2.335425],[0.71509327],[1.16512546]
[2.48063899],[0.7980967],[1.39395758]
[2.51384339],[0.84247123],[1.51318115]
[2.61348352],[0.88042584],[1.64444536]
[2.77306126],[0.91421819],[1.73905997]
[3.00413408],[0.92796428],[1.86373558]
[3.17978407],[0.94342683],[1.97150899]
[3.40889132],[0.95521504],[2.0839149]
[3.48727757],[0.95742097],[2.17792182]
[3.63326215],[0.96547704],[2.28485326]
[3.73545849],[0.97101148],[2.35983169]
[3.80740633],[0.97837136],[2.42410079]
[3.9439259],[0.98547303],[2.5206564]
[3.96544693],[0.99225533],[2.55235813]
[4.09392727],[0.99742456],[2.70735625]
[4.09018045],[1.00551965],[2.69394641]
[4.2267304],[1.00730148],[2.90446078]
[4.20727785],[1.01617554],[2.93380197]
[4.29013067],[1.01782338],[3.07752919]
[4.2610508],[1.0366116],[3.10153203]
[4.33316264],[1.04976942],[3.19219425]
[4.28012353],[1.06187081],[3.18404783]
[4.33621562],[1.07447482],[3.26102613]
[4.28888589],[1.09250786],[3.26694987]
[4.34981664],[1.10825086],[3.35715854]
[4.29067929],[1.12459816],[3.34807685]
[4.35155675],[1.13824386],[3.43335553]
[4.30132785],[1.15357143],[3.42786868]
[4.3630812],[1.15944987],[3.49137287]
[4.34405672],[1.1631883],[3.49864742]
[4.372525],[1.16214699],[3.53175568]
[4.35586204],[1.16306261],[3.51682111]
[4.3691254],[1.16315588],[3.52313285]
[4.34896015],[1.16406756],[3.50729159]
[4.32966082],[1.16590488],[3.50672156]
[4.31632396],[1.1658955],[3.50170633]
[4.3097435],[1.16628491],[3.49937438]
[4.30829274],[1.16670839],[3.49403095]
[4.30081356],[1.16167981],[3.4775334]
[4.28446677],[1.15105448],[3.44558728]
[4.28070122],[1.13817361],[3.41845189]
[4.27261695],[1.12537751],[3.38373295]
[4.25789672],[1.11065195],[3.3410722]
[4.24775441],[1.09681725],[3.30215123]
[4.23985141],[1.08363556],[3.26108965]
[4.21196764],[1.07005818],[3.21355807]
[4.17280161],[1.05493328],[3.1565991]
[4.14485031],[1.04151917],[3.1092281]
[4.11010418],[1.02888528],[3.05893146]
[4.07023943],[1.01322229],[3.00119589]
[4.03694422],[0.9991903],[2.94602397]
[3.65095208],[0.99568406],[2.71679745]
[0.],[0.],[0.]
[0.],[0.],[0.]
[1.67714921],[0.55248248],[0.71560964]
[2.37765042],[0.72851833],[1.22852514]
[2.52032388],[0.81040403],[1.45479554]
[2.54687338],[0.85450044],[1.56662287]
[2.68684191],[0.89308428],[1.69907389]
[2.91813854],[0.92702287],[1.82387627]
[3.17476341],[0.94332444],[1.963948]
[3.33683916],[0.95432105],[2.07968587]
[3.55713779],[0.96433885],[2.21834526]
[3.65831774],[0.97066013],[2.3213229]
[3.78969283],[0.9777074],[2.43858014]
[3.89252001],[0.98410857],[2.52082962]
[3.96285887],[0.99168771],[2.57318658]
[4.08499992],[0.9980392],[2.72342187]
[4.09604779],[1.00683939],[2.73191535]
[4.21708057],[1.01101148],[2.93527584]
[4.22397913],[1.02032465],[2.99609781]
[4.33989668],[1.03084058],[3.14728646]
[4.34233222],[1.06282283],[3.21013865]
[4.4050162],[1.08412233],[3.31754692]
[4.39486682],[1.10089542],[3.35179517]
[4.44135267],[1.11398327],[3.41805957]
[4.40450625],[1.12802104],[3.42822807]
[4.43787186],[1.1430027],[3.49049074]
[4.40601347],[1.16071367],[3.52061084]
[4.44519035],[1.17575576],[3.58264899]
[4.4003055],[1.19168748],[3.60361701]
[4.43851097],[1.20340273],[3.66210942]
[4.40153583],[1.21721484],[3.67917933]
[4.44751537],[1.22325425],[3.72589727]
[4.4363461],[1.2268006],[3.73716764]
[4.44998415],[1.22600558],[3.76996999]
[4.44042786],[1.22700097],[3.75553353]
[4.44355841],[1.22725689],[3.76535802]
[4.43200387],[1.22823857],[3.74766694]
[4.4062205],[1.23000739],[3.74524628]
[4.39432029],[1.22981937],[3.74100622]
[4.38715525],[1.23001928],[3.73593342]
[4.38213006],[1.22951707],[3.7287543]
[4.37259972],[1.22515638],[3.71191621]
[4.35399401],[1.21589525],[3.67751665]
[4.34687305],[1.20312206],[3.64169674]
[4.33582765],[1.19058862],[3.59898376]
[4.31744297],[1.17597089],[3.55048755]
[4.30451978],[1.16247508],[3.50348563]
[4.29440634],[1.14867285],[3.46120307]
[4.26886136],[1.13459076],[3.41234312]
[4.22819342],[1.11912752],[3.35288819]
[4.19722542],[1.10521321],[3.30348967]
[4.16069257],[1.09190981],[3.25291648]
[4.11852116],[1.07634948],[3.19710223]
[4.08337354],[1.06287677],[3.14990509]
[3.6962781],[1.04940952],[2.92532126]
[0.],[0.],[0.]
[0.],[0.],[0.]
[1.71851159],[0.60263688],[0.80211886]
[2.41103133],[0.74000772],[1.27740748]
[2.55942733],[0.82319204],[1.50751447]
[2.6019556],[0.86526052],[1.61997805]
[2.85883238],[0.90448859],[1.77774647]
[3.06474184],[0.93936289],[1.91943959]
[3.35247684],[0.95154588],[2.07283803]
[3.50043426],[0.96646586],[2.20716394]
[3.71697228],[0.9768286],[2.35761573]
[3.82941209],[0.98306767],[2.48685174]
[3.93830498],[0.9907255],[2.58786307]
[4.06708526],[0.99581941],[2.72550034]
[4.10608589],[1.00366218],[2.76688476]
[4.21024769],[1.00952432],[2.95976278]
[4.23397395],[1.01942124],[3.03873062]
[4.32990676],[1.03320169],[3.17404177]
[4.35127981],[1.06515728],[3.25177668]
[4.43398591],[1.09429051],[3.37372373]
[4.44502876],[1.12386934],[3.44488319]
[4.47627349],[1.14307634],[3.52404352]
[4.47105452],[1.15841464],[3.57129277]
[4.49787047],[1.17189321],[3.61852148]
[4.47285832],[1.18779528],[3.64844694]
[4.4897797],[1.20180278],[3.70444329]
[4.46929275],[1.21799722],[3.73460315]
[4.49130961],[1.23145379],[3.79057799]
[4.45942605],[1.24491708],[3.81255763]
[4.48258393],[1.25621283],[3.86580783]
[4.45400358],[1.26921309],[3.88655397]
[4.49281019],[1.27518394],[3.931695]
[4.48534577],[1.27743523],[3.94117992]
[4.49187701],[1.27637335],[3.97660668]
[4.48564769],[1.27653361],[3.9593745]
[4.48283315],[1.27614308],[3.96888897]
[4.47442031],[1.27628126],[3.94662577]
[4.44441985],[1.27751726],[3.94187742]
[4.43093306],[1.27684694],[3.93422693]
[4.42213316],[1.27665593],[3.92548962]
[4.41655903],[1.27436999],[3.91601497]
[4.40590297],[1.26964077],[3.896297]
[4.38785637],[1.26074985],[3.85873345]
[4.37918099],[1.24777734],[3.82034612]
[4.36962144],[1.23485497],[3.77698764]
[4.3515371],[1.22033412],[3.72464114]
[4.33926996],[1.20695612],[3.6732752]
[4.32911176],[1.19378929],[3.62250667]
[4.30737095],[1.17987114],[3.56567122]
[4.26814893],[1.16388272],[3.4968581]
[4.23622071],[1.14991805],[3.44215171]
[4.19971049],[1.13527845],[3.38641276]
[4.15745625],[1.11853567],[3.32473961]
[4.12223716],[1.10294968],[3.2706329]
[3.73235241],[1.08780745],[3.04214212]
[0.],[0.],[0.]
[0.],[0.],[0.]
[1.75028412],[0.62230014],[0.87243696]
[2.44445872],[0.7563912],[1.33875175]
[2.58583281],[0.84171563],[1.56741776]
[2.7313362],[0.87882561],[1.69522373]
[3.02207742],[0.92119753],[1.87319583]
[3.21401707],[0.95664107],[2.03014294]
[3.50608853],[0.96936801],[2.20131295]
[3.66602289],[0.98272316],[2.35747083]
[3.87026696],[0.99374939],[2.51680528]
[3.99537075],[0.99907126],[2.66746603]
[4.07625235],[1.007066],[2.79071227]
[4.17954747],[1.0105646],[2.96114718]
[4.18933343],[1.02075362],[3.05160445]
[4.28495257],[1.03771178],[3.19330824]
[4.29836311],[1.07086979],[3.2659323]
[4.38838823],[1.09535809],[3.3901385]
[4.4080026],[1.12466538],[3.46670044]
[4.48783998],[1.15145062],[3.5809104]
[4.4962689],[1.17865423],[3.65099777]
[4.52427687],[1.19649842],[3.72355637]
[4.51657203],[1.21117991],[3.76588253]
[4.5439653],[1.22386085],[3.81239421]
[4.51893626],[1.24033927],[3.83549849]
[4.5349815],[1.25290912],[3.89172219]
[4.51383715],[1.26659489],[3.91546437]
[4.53706241],[1.27716898],[3.97007051]
[4.50526817],[1.28772508],[3.98597046]
[4.52804311],[1.29687029],[4.0374886]
[4.50212648],[1.3081491],[4.05353748]
[4.53517259],[1.31344668],[4.09647171]
[4.53441836],[1.31524594],[4.10579504]
[4.53431282],[1.31303213],[4.13779911]
[4.53452453],[1.3129592],[4.1208315]
[4.52633353],[1.31194431],[4.12943348]
[4.52486445],[1.31134224],[4.10394782]
[4.49221366],[1.31121169],[4.0943975]
[4.47939347],[1.30969594],[4.08472303]
[4.47161653],[1.30811982],[4.07307171]
[4.46649548],[1.30387377],[4.05956911]
[4.4598404],[1.29866554],[4.04020575]
[4.44248695],[1.28970548],[3.99925184]
[4.43445061],[1.27777786],[3.95815299]
[4.42239533],[1.26503716],[3.9116169]
[4.40405726],[1.25081132],[3.85880819]
[4.39110686],[1.23759377],[3.80582971]
[4.379832],[1.22524712],[3.75579769]
[4.36372771],[1.21191135],[3.70119344]
[4.3277212],[1.19707607],[3.63170846]
[4.29565995],[1.18266563],[3.57006422]
[4.25941866],[1.16846501],[3.50911151]
[4.21709366],[1.15247271],[3.44402041]
[4.18192107],[1.13778285],[3.38853207]
[3.79193103],[1.12344675],[3.15480751]
[0.],[0.],[0.]
[0.],[0.],[0.]
[1.75627746],[0.63366592],[0.88034121]
[2.46523286],[0.76623936],[1.35519415]
[2.61622686],[0.85314139],[1.59406236]
[2.83846108],[0.88832295],[1.75702863]
[3.16504545],[0.93818832],[1.96267461]
[3.32667506],[0.96696612],[2.12544723]
[3.62033722],[0.98107765],[2.31635774]
[3.78127079],[0.99428165],[2.48849237]
[3.9718663],[1.00541817],[2.65446052]
[4.10158934],[1.00919709],[2.91266465]
[4.14961641],[1.02516691],[3.06759073]
[4.22257261],[1.05426969],[3.20349003]
[4.24154605],[1.08187503],[3.28879304]
[4.32515336],[1.10546576],[3.41070782]
[4.34724365],[1.1352215],[3.48603165]
[4.42738309],[1.1552202],[3.59189766]
[4.45576274],[1.17910175],[3.67876281]
[4.52275852],[1.20163209],[3.77925474]
[4.53705395],[1.22311413],[3.83988171]
[4.55654962],[1.23692553],[3.89772415]
[4.55811249],[1.24953536],[3.92764682]
[4.57600915],[1.26122482],[3.97050165]
[4.55758999],[1.27610533],[3.99074086]
[4.56554398],[1.28707972],[4.0395734]
[4.55295174],[1.29859716],[4.06475168]
[4.566216],[1.3083996],[4.11227091]
[4.54349219],[1.31851572],[4.13021688]
[4.55732068],[1.32703538],[4.17742458]
[4.53877369],[1.33805148],[4.19586905]
[4.56736082],[1.34348781],[4.24208061]
[4.5702781],[1.34518623],[4.25801457]
[4.56620396],[1.34432415],[4.29100602]
[4.57093256],[1.3438771],[4.29335971]
[4.55927518],[1.34367791],[4.28886121]
[4.56224192],[1.34318388],[4.2637126]
[4.5276993],[1.34240256],[4.25200724]
[4.51476108],[1.34053917],[4.23981732]
[4.5067313],[1.33764004],[4.22641839]
[4.50085913],[1.33301814],[4.21293455]
[4.49290677],[1.32781143],[4.18898672]
[4.47723202],[1.31941537],[4.14685894]
[4.46884208],[1.30912795],[4.10598288]
[4.45853137],[1.29717399],[4.06305049]
[4.43993152],[1.28420085],[4.01097164]
[4.4269453],[1.27199506],[3.95795577]
[4.4161748],[1.2599758],[3.90605446]
[4.40163685],[1.24777996],[3.85056219]
[4.36765112],[1.23411534],[3.7805646]
[4.33617806],[1.22116534],[3.71891283]
[4.29959489],[1.20814828],[3.65658905]
[4.25693839],[1.19270652],[3.58816372]
[4.22155589],[1.17864023],[3.52580062]
[3.82743849],[1.16494811],[3.28402903]
[0.],[0.],[0.]
[0.],[0.],[0.]
[1.7632639],[0.64005977],[0.88474315]
[2.48877693],[0.77512128],[1.37853598]
[2.65740578],[0.86004333],[1.63135476]
[2.92507637],[0.89436109],[1.81497339]
[3.28672427],[0.94751734],[2.04620423]
[3.42914611],[0.97262048],[2.198168]
[3.72749507],[0.98877974],[2.4223852]
[3.87572004],[0.99987512],[2.596541]
[4.07191404],[1.0122162],[2.82980255]
[4.15942831],[1.04084235],[3.08940416]
[4.19995583],[1.06958291],[3.23416218]
[4.2629511],[1.09377238],[3.3493125]
[4.29444564],[1.11667953],[3.42980045]
[4.36431171],[1.1365822],[3.53491517]
[4.39526184],[1.16197523],[3.61438981]
[4.4644385],[1.18044937],[3.70631375]
[4.50130382],[1.20330669],[3.78975124]
[4.55652064],[1.22420003],[3.88028267]
[4.57808976],[1.24521723],[3.94000318]
[4.58910125],[1.25828949],[3.99768213]
[4.59832844],[1.27142113],[4.03251046]
[4.60781443],[1.28388205],[4.07361233]
[4.59725836],[1.29900733],[4.10092223]
[4.59748513],[1.30982932],[4.14672159]
[4.59234735],[1.32078675],[4.17468424]
[4.59728745],[1.33038899],[4.21877958]
[4.58206322],[1.34079628],[4.2405328]
[4.58848049],[1.34998492],[4.28615771]
[4.57500065],[1.36216641],[4.30947259]
[4.59907292],[1.36716015],[4.35844574]
[4.6057923],[1.37078277],[4.41337601]
[4.59774962],[1.36873155],[4.41175847]
[4.60646736],[1.36816154],[4.44633134]
[4.59121715],[1.36754628],[4.41138103]
[4.5987191],[1.36698035],[4.38719676]
[4.5628799],[1.36523953],[4.37433922]
[4.55007146],[1.36261235],[4.36029941]
[4.54156153],[1.35850413],[4.34569115]
[4.53540644],[1.35465311],[4.33281725]
[4.52747902],[1.34922784],[4.30762468]
[4.51237998],[1.34017343],[4.26438056]
[4.50403442],[1.33113071],[4.22180158]
[4.49347013],[1.31951912],[4.17494097]
[4.47620577],[1.30644626],[4.12084301]
[4.46329474],[1.29459116],[4.06791175]
[4.4521439],[1.28301999],[4.01537435]
[4.43825464],[1.27102937],[3.95885707]
[4.40766654],[1.257663],[3.88964071]
[4.37764945],[1.24540247],[3.82618045]
[4.3412432],[1.23324548],[3.76157946]
[4.29824617],[1.21881336],[3.69137382]
[4.26141028],[1.20580596],[3.62911335]
[3.86258003],[1.19313227],[3.38205988]
[0.],[0.],[0.]
[0.],[0.],[0.]
[1.76746983],[0.6496048],[0.91835789]
[2.49963374],[0.78946483],[1.42698241]
[2.71516851],[0.87177836],[1.68536371]
[3.01069575],[0.90990844],[1.90084588]
[3.39035988],[0.96160521],[2.13718404]
[3.54270822],[0.98201107],[2.30955771]
[3.79908809],[0.99949901],[2.52935364]
[3.98641392],[1.00917967],[2.74918636]
[4.1364936],[1.04414128],[2.9995479]
[4.2088165],[1.07374818],[3.22964845]
[4.24524091],[1.10283178],[3.36764034]
[4.31226089],[1.12653989],[3.47595671]
[4.34425827],[1.14815081],[3.55438532]
[4.41202819],[1.16618861],[3.64997179]
[4.44484314],[1.18985554],[3.73323467]
[4.50901148],[1.20740304],[3.82442077]
[4.54994546],[1.22987821],[3.90912187]
[4.59943859],[1.25043973],[4.00576107]
[4.62167734],[1.27107174],[4.05929998]
[4.63023863],[1.2837946],[4.11630643]
[4.64071218],[1.2968715],[4.14784253]
[4.64783037],[1.31035225],[4.19181856]
[4.6407056],[1.32522977],[4.219186]
[4.63667094],[1.33660639],[4.26780952]
[4.63383176],[1.3472445],[4.29402235]
[4.63839624],[1.35699639],[4.34310728]
[4.62703772],[1.36788913],[4.36645304]
[4.63037838],[1.37718977],[4.42615215]
[4.62408691],[1.38919628],[4.4628078]
[4.64353013],[1.39240086],[4.51216337]
[4.65812543],[1.39751713],[4.5928417]
[4.64301969],[1.39364663],[4.58746103]
[4.66007455],[1.39292878],[4.62408204]
[4.6384504],[1.3911827],[4.5940462]
[4.65418478],[1.38950818],[4.57335043]
[4.61531898],[1.38824739],[4.55938487]
[4.60181419],[1.38475396],[4.53951856]
[4.59259882],[1.38055439],[4.53023872]
[4.58384585],[1.37817877],[4.51290589]
[4.57462503],[1.37253763],[4.47447907]
[4.55858046],[1.36405499],[4.41963287]
[4.55004745],[1.3553226],[4.36436908]
[4.54039416],[1.34402252],[4.31403405]
[4.52363526],[1.33128001],[4.25950172]
[4.51152905],[1.31971914],[4.2046775]
[4.50068868],[1.30842155],[4.14898588]
[4.48620991],[1.29680052],[4.09002281]
[4.46017089],[1.28386762],[4.02004398]
[4.43319935],[1.27258883],[3.9575838]
[4.39775651],[1.26091714],[3.89163107]
[4.35576454],[1.24754067],[3.82062019]
[4.32043115],[1.23588284],[3.75685297]
[3.92199574],[1.22384693],[3.50796724]
[0.],[0.],[0.]
[0.],[0.],[0.]
[1.7801515],[0.65518838],[0.93387157]
[2.51804268],[0.79600507],[1.45697927]
[2.81661242],[0.87905505],[1.73812845]
[3.08462896],[0.92098589],[1.96265249]
[3.50182689],[0.97183416],[2.22757034]
[3.61950398],[0.99024441],[2.39884085]
[3.88029699],[1.00856106],[2.63752649]
[4.04250216],[1.02135626],[2.92054522]
[4.18200199],[1.0918437],[3.17843544]
[4.24708633],[1.1165132],[3.37848598]
[4.29543672],[1.14573313],[3.51861382]
[4.35281775],[1.16683512],[3.62364696]
[4.39504496],[1.18737832],[3.71434296]
[4.45003952],[1.20448734],[3.80091782]
[4.49148149],[1.22672981],[3.88768392]
[4.54777229],[1.24291313],[3.98278132]
[4.60063683],[1.26479509],[4.06564146]
[4.63866984],[1.28531319],[4.15684411]
[4.66987724],[1.30442315],[4.21181348]
[4.66913881],[1.31496093],[4.26455961]
[4.68963527],[1.32780915],[4.30526101]
[4.68859569],[1.34111556],[4.35373583]
[4.68971574],[1.35543117],[4.39712335]
[4.67857567],[1.36627797],[4.45356682]
[4.68493328],[1.37655361],[4.49610783]
[4.67863872],[1.38673952],[4.54864029]
[4.6773831],[1.39610511],[4.5775754]
[4.67164263],[1.40310014],[4.63451929]
[4.67238105],[1.41268566],[4.67076638]
[4.68680181],[1.41669962],[4.71848947]
[4.7066866],[1.42180624],[4.78579396]
[4.69371068],[1.41844532],[4.792638]
[4.70898312],[1.41732586],[4.81627836]
[4.6977732],[1.41473347],[4.80739307]
[4.7094767],[1.4129046],[4.78351493]
[4.66587242],[1.41115962],[4.76405926]
[4.64853396],[1.40698211],[4.74047425]
[4.6386622],[1.40335095],[4.72948355]
[4.628962],[1.40042174],[4.71027598]
[4.61903665],[1.39444854],[4.67294976]
[4.6023114],[1.38643905],[4.62423995]
[4.59173291],[1.37834824],[4.57483759]
[4.57980714],[1.36869194],[4.52115409]
[4.56127195],[1.35701367],[4.45156508]
[4.54807729],[1.34711282],[4.38627803]
[4.53597617],[1.3371939],[4.32318546]
[4.52100119],[1.32618085],[4.25602862]
[4.49697008],[1.31394678],[4.18015379]
[4.47199965],[1.30270546],[4.10884334]
[4.43628243],[1.29166183],[4.04026038]
[4.39433743],[1.2794542],[3.96787278]
[4.35896193],[1.26917725],[3.90165409]
[3.95750453],[1.258905],[3.64978418]
[0.],[0.],[0.]
[0.],[0.],[0.]
[1.79358702],[0.65957987],[0.94689489]
[2.53719536],[0.8022898],[1.48333404]
[2.88558704],[0.88408312],[1.77465291]
[3.15569991],[0.92958026],[2.01268147]
[3.56483627],[0.97795558],[2.29180044]
[3.69721588],[0.99485288],[2.47832472]
[3.94624168],[1.01404474],[2.75219525]
[4.09676145],[1.04987656],[3.02534675]
[4.22896556],[1.11728233],[3.29100884]
[4.28806665],[1.14125864],[3.47052408]
[4.34867171],[1.17126021],[3.62437144]
[4.39417382],[1.19140357],[3.71786072]
[4.44832344],[1.21149769],[3.82191325]
[4.49067357],[1.22820311],[3.9031837]
[4.5448274],[1.25085574],[3.99897603]
[4.58989944],[1.26743857],[4.08907084]
[4.65652273],[1.28906563],[4.17946739]
[4.67993474],[1.3093507],[4.26487697]
[4.72000185],[1.32863968],[4.32406832]
[4.71051453],[1.33850995],[4.39023293]
[4.74411188],[1.35109169],[4.46626289]
[4.73177813],[1.36584006],[4.51483564]
[4.7437011],[1.38150497],[4.56567694]
[4.72952262],[1.39555355],[4.62669359]
[4.73827155],[1.40831701],[4.67377385]
[4.73841734],[1.41959124],[4.74147006]
[4.72929539],[1.43144911],[4.76914857]
[4.7382924],[1.44170974],[4.85317517]
[4.73409266],[1.4529398],[4.89933598]
[4.76085355],[1.45932476],[4.97628903]
[4.78057162],[1.46462793],[5.03868625]
[4.76396609],[1.45794904],[5.05307856]
[4.78925475],[1.45280104],[5.0691268]
[4.77909284],[1.44641439],[5.04895564]
[4.80741808],[1.44121189],[5.01766909]
[4.77039466],[1.4359594],[4.978731]
[4.7482545],[1.43000307],[4.9394387]
[4.72297725],[1.42697619],[4.91080411]
[4.70201389],[1.42278455],[4.88142522]
[4.67896424],[1.41620257],[4.83635676]
[4.64896002],[1.40848454],[4.77936635]
[4.63962884],[1.39995475],[4.73185871]
[4.62492726],[1.39059346],[4.67921265]
[4.60543318],[1.3775273],[4.61207342]
[4.59186995],[1.36585595],[4.55371078]
[4.57982355],[1.35552753],[4.4660005]
[4.56415223],[1.34570714],[4.38244021]
[4.54067334],[1.33484973],[4.30573984]
[4.51407383],[1.32419669],[4.23092823]
[4.47583357],[1.31434439],[4.15478649]
[4.43277417],[1.30353835],[4.07608791]
[4.39736188],[1.29349624],[4.00929983]
[3.99300697],[1.28353316],[3.75339984]
[0.],[0.],[0.]
[0.],[0.],[0.]
[1.81792828],[0.66422883],[0.96427149]
[2.56013178],[0.8088265],[1.51053143]
[2.94859982],[0.889554],[1.81376098]
[3.20671647],[0.93899096],[2.06428898]
[3.61977284],[0.98420558],[2.35505761]
[3.75744858],[0.99939666],[2.576132]
[4.00707936],[1.02119773],[2.87980682]
[4.1546315],[1.07723156],[3.13671914]
[4.28574293],[1.14076745],[3.40341901]
[4.33426762],[1.16522214],[3.56477928]
[4.40882277],[1.19461898],[3.73193921]
[4.43952426],[1.21421744],[3.81832789]
[4.50536902],[1.23362063],[3.92950387]
[4.53340312],[1.25057418],[4.00756402]
[4.5992957],[1.2738936],[4.11111281]
[4.63278661],[1.28984989],[4.19609336]
[4.71376261],[1.31156343],[4.29487574]
[4.7263637],[1.33348566],[4.38255483]
[4.77765696],[1.36075916],[4.47501217]
[4.77327523],[1.37591619],[4.59885073]
[4.81305729],[1.39376797],[4.69125149]
[4.8001151],[1.41344635],[4.77545977]
[4.81877057],[1.4336553],[4.84542623]
[4.79663734],[1.44892894],[4.9230341]
[4.8303633],[1.4617619],[4.99876285]
[4.81667925],[1.47358538],[5.06983781]
[4.85380396],[1.48426202],[5.14260443]
[4.83248128],[1.49346938],[5.22160171]
[4.87226429],[1.50552199],[5.28258395]
[4.87120064],[1.5130739],[5.40449822]
[4.90175106],[1.51596763],[5.45709308]
[4.88846253],[1.50553282],[5.54648407]
[4.91538193],[1.49974234],[5.55025985]
[4.90140784],[1.49354886],[5.57187653]
[4.92226887],[1.48737306],[5.51146168]
[4.90543073],[1.48131326],[5.45856879]
[4.89081885],[1.47133506],[5.39346511]
[4.86633439],[1.46347968],[5.32814512]
[4.83564172],[1.45399813],[5.23754059]
[4.79672513],[1.44130833],[5.09392977]
[4.75791444],[1.42953672],[4.97565419]
[4.73029554],[1.41990697],[4.90395362]
[4.70007875],[1.40979033],[4.84210849]
[4.66617042],[1.39505328],[4.76724652]
[4.63541249],[1.38287282],[4.69929298]
[4.62331141],[1.37137435],[4.62201772]
[4.60961201],[1.36007217],[4.52537128]
[4.58731677],[1.3487439],[4.42595987]
[4.56328192],[1.33940992],[4.35279764]
[4.52501821],[1.33198086],[4.27479753]
[4.47564489],[1.32276283],[4.19086095]
[4.43721746],[1.31327384],[4.1157047]
[4.02853205],[1.30363534],[3.85284646]
[0.],[0.],[0.]
[0.],[0.],[0.]
[1.81401528],[0.67134237],[0.99083959]
[2.56512652],[0.81988171],[1.54492869]
[2.98849035],[0.90438756],[1.86612293]
[3.25908255],[0.95331941],[2.13594249]
[3.66850287],[0.99497241],[2.44898513]
[3.82196577],[1.01066484],[2.71890373]
[4.05331653],[1.04692671],[3.0173051]
[4.20901117],[1.11030372],[3.26497887]
[4.3305049],[1.17051115],[3.51893493]
[4.38562002],[1.19513349],[3.67787093]
[4.45898187],[1.22373031],[3.85561517]
[4.48977864],[1.24232337],[3.94673706]
[4.55730055],[1.26177922],[4.05546247]
[4.58472224],[1.27905423],[4.13382169]
[4.65978609],[1.30283992],[4.25046367]
[4.69136093],[1.32819173],[4.35472894]
[4.78231699],[1.35947501],[4.49543991]
[4.80652677],[1.39060791],[4.65465735]
[4.85954794],[1.4205378],[4.81709807]
[4.84758695],[1.43666076],[4.95680194]
[4.92916879],[1.45755449],[5.08474099]
[4.89693423],[1.47855168],[5.17525415]
[4.95070973],[1.49724497],[5.25671924]
[4.90475375],[1.50973959],[5.37145813]
[4.96661158],[1.52037088],[5.43289012]
[4.92401314],[1.53080636],[5.58712834]
[4.99529996],[1.54154796],[5.66102056]
[4.9718704],[1.55088265],[5.80449675]
[5.05320725],[1.56291622],[5.91301002]
[5.07815304],[1.57063187],[6.02764937]
[5.17324748],[1.57390387],[6.10652036]
[5.14793141],[1.56416585],[6.14626785]
[5.25435368],[1.55644702],[6.1589853]
[5.23221599],[1.54676931],[6.126274]
[5.3527623],[1.53766347],[6.11820227]
[5.3799353],[1.5309811],[6.06073983]
[5.3209576],[1.52101846],[5.97630244]
[5.17145729],[1.51313604],[5.8676556]
[5.06120696],[1.50197025],[5.76610439]
[4.94780748],[1.49050584],[5.63680301]
[4.88844394],[1.47696442],[5.4941147]
[4.85804524],[1.46156177],[5.34809705]
[4.82153729],[1.44512386],[5.19333702]
[4.78219403],[1.42488586],[5.02596524]
[4.74518668],[1.4079686],[4.91219188]
[4.72103659],[1.39392205],[4.8273438]
[4.69431779],[1.38156782],[4.7352638]
[4.6623589],[1.36840343],[4.62400152]
[4.62163988],[1.35921304],[4.50622623]
[4.5956263],[1.35127052],[4.42683611]
[4.54676223],[1.34214941],[4.34169152]
[4.50461728],[1.33407368],[4.26222941]
[4.09392947],[1.32643],[3.99489655]
[0.],[0.],[0.]
[0.],[0.],[0.]
[1.84842009],[0.67679966],[1.01736662]
[2.59634375],[0.8269795],[1.57903897]
[3.05108205],[0.91710204],[1.92289579]
[3.31918621],[0.96521602],[2.21399976]
[3.72364941],[1.0063466],[2.59848122]
[3.88439969],[1.02548142],[2.89683898]
[4.1170463],[1.0939073],[3.19862123]
[4.26656109],[1.153323],[3.43362603]
[4.39735751],[1.2064946],[3.68478855]
[4.43514017],[1.23122156],[3.83957347]
[4.52449556],[1.25824036],[4.02476897]
[4.53792863],[1.27615699],[4.11465858]
[4.62995336],[1.30599249],[4.25762714]
[4.64026902],[1.33348759],[4.36031082]
[4.73466313],[1.36669604],[4.52810523]
[4.76362331],[1.39265065],[4.68720897]
[4.89327347],[1.42534821],[4.92487566]
[4.8925883],[1.45598875],[5.08739498]
[4.99733547],[1.48258718],[5.27028812]
[4.98422878],[1.49977406],[5.42162812]
[5.16229466],[1.51972389],[5.64985404]
[5.18923209],[1.53822307],[5.8008682]
[5.26574056],[1.55321929],[5.92602631]
[5.25696811],[1.56378791],[6.03148937]
[5.32831959],[1.57411165],[6.19583137]
[5.35888941],[1.5840939],[6.28381537]
[5.44920868],[1.59440673],[6.46023258]
[5.47109571],[1.60250271],[6.53495067]
[5.53046079],[1.61328589],[6.71041338]
[5.57545882],[1.62039673],[6.81168826]
[5.5956134],[1.62466316],[6.93818625]
[5.63462211],[1.61606972],[6.99581849]
[5.6335559],[1.6089836],[7.04480755]
[5.6751871],[1.59923076],[7.04533901]
[5.66836959],[1.58937972],[7.03141993]
[5.7233913],[1.57922136],[6.93300977]
[5.71560044],[1.56783197],[6.81930801]
[5.66105252],[1.55779106],[6.69932795]
[5.5950517],[1.54679522],[6.53870043]
[5.50162206],[1.53566709],[6.3207287]
[5.36671584],[1.52314523],[6.08949569]
[5.18226542],[1.51039611],[5.90464036]
[5.06516609],[1.49548444],[5.75094369]
[4.9428756],[1.47416093],[5.59179982]
[4.88047161],[1.45367552],[5.4390938]
[4.84974763],[1.43264284],[5.28292727]
[4.80552118],[1.41170263],[5.10040834]
[4.75715058],[1.39281576],[4.88269867]
[4.7105399],[1.3809919],[4.7602897]
[4.65901674],[1.37251289],[4.6396009]
[4.60017781],[1.36313175],[4.51713356]
[4.55818277],[1.35506726],[4.43779231]
[4.14020802],[1.34837804],[4.16963434]
[0.],[0.],[0.]
[0.],[0.],[0.]
[1.88076612],[0.68231329],[1.04559898]
[2.6201618],[0.83982508],[1.60744063]
[3.10345975],[0.92391088],[1.96429939]
[3.35814946],[0.97214848],[2.26658387]
[3.76884019],[1.0130545],[2.7417349]
[3.93113895],[1.05615843],[3.01080175]
[4.16715363],[1.12064113],[3.31430065]
[4.30948686],[1.17901861],[3.53285462]
[4.45114633],[1.22928864],[3.80334465]
[4.48043255],[1.26076789],[3.96644438]
[4.60092875],[1.29957719],[4.20160693]
[4.58512226],[1.33035251],[4.3096636]
[4.70972648],[1.36291955],[4.51338464]
[4.68866802],[1.38929554],[4.64283969]
[4.84427696],[1.42482977],[4.90395112]
[4.87022118],[1.45233674],[5.12217163]
[5.03295001],[1.4834853],[5.39504475]
[5.04071182],[1.51262046],[5.51126167]
[5.25350575],[1.54297435],[5.80878642]
[5.29951506],[1.55886492],[6.01926619]
[5.53250905],[1.57550105],[6.34627478]
[5.59866853],[1.5909471],[6.49791931]
[5.67507521],[1.60579398],[6.73376456]
[5.66671469],[1.61526041],[6.83352302]
[5.73178214],[1.62523063],[7.06301103]
[5.71534174],[1.63478405],[7.14648454]
[5.77459179],[1.6440359],[7.38809614]
[5.79275552],[1.6740237],[7.48601151]
[5.82513693],[1.69111567],[7.70623015]
[5.89442863],[1.72155737],[7.84107323]
[5.90559765],[1.73797049],[7.94264952]
[6.04643049],[1.73120246],[8.06557647]
[6.06692869],[1.71545611],[8.06412465]
[6.15285338],[1.69509509],[8.11790213]
[6.18948137],[1.67261002],[8.05194062]
[6.23215527],[1.65172412],[8.03261708]
[6.27188453],[1.6334066],[7.87989709]
[6.23774525],[1.61641174],[7.72488881]
[6.11819105],[1.59095449],[7.51270989]
[5.94025269],[1.57944273],[7.26084942]
[5.75325089],[1.56735928],[7.00255291]
[5.66163357],[1.55580989],[6.76417299]
[5.58850675],[1.5414261],[6.49742224]
[5.49477511],[1.5237276],[6.2416286]
[5.36381029],[1.50608983],[5.99994766]
[5.17489616],[1.48513874],[5.78916396]
[5.02935644],[1.4652063],[5.61046777]
[4.88549326],[1.4444882],[5.39586907]
[4.84788955],[1.42482287],[5.14165848]
[4.79111434],[1.40734013],[4.94178611]
[4.70726565],[1.39067713],[4.77531433]
[4.61268038],[1.37928106],[4.60699405]
[4.18237236],[1.36945297],[4.30474295]
[0.],[0.],[0.]
[0.],[0.],[0.]
[1.90417412],[0.68522399],[1.06194711]
[2.6395659],[0.84401644],[1.62496901]
[3.13571101],[0.92640629],[1.98415707]
[3.38015199],[0.97463929],[2.29640317]
[3.79973767],[1.01705526],[2.80599602]
[3.95566659],[1.07002389],[3.06015815]
[4.19831884],[1.13382584],[3.37991761]
[4.33411347],[1.19921598],[3.60805653]
[4.49901863],[1.26096536],[3.91862732]
[4.51421249],[1.30004818],[4.09277203]
[4.65337806],[1.34082692],[4.37467963]
[4.61901564],[1.37112651],[4.50271635]
[4.78046574],[1.40661048],[4.74619089]
[4.78650655],[1.43609552],[4.96327501]
[4.96791094],[1.47138774],[5.28086728]
[4.93719042],[1.49869555],[5.44069512]
[5.15998218],[1.53140061],[5.73351827]
[5.20867519],[1.5652584],[5.97582586]
[5.44543703],[1.58867335],[6.28589996]
[5.5545013],[1.60182241],[6.53770989]
[5.74914988],[1.61811039],[6.95205501]
[5.76226397],[1.63349554],[7.21034028]
[5.83069551],[1.64872721],[7.48656677]
[5.84148802],[1.6862559],[7.61395502]
[5.91874973],[1.7059127],[7.88268484]
[5.90997023],[1.74404274],[7.98164359]
[5.99836526],[1.7652395],[8.24129969]
[6.06706251],[1.79194701],[8.39220407]
[6.12886583],[1.80871421],[8.59708672]
[6.22491053],[1.82834673],[8.84579664]
[6.26559607],[1.84169795],[8.94872786]
[6.30535514],[1.83887859],[9.10781749]
[6.3329196],[1.83636514],[9.12396431]
[6.35449621],[1.81741445],[9.17304732]
[6.39188439],[1.79852938],[9.10593293]
[6.39015558],[1.77556786],[9.04376831]
[6.42931565],[1.75090474],[8.90963681]
[6.41196459],[1.72853134],[8.73834064]
[6.34865055],[1.69706823],[8.53481948]
[6.25575993],[1.64949712],[8.23128762]
[6.12915972],[1.60630763],[7.86511621]
[5.95617668],[1.59084173],[7.52581014]
[5.76378814],[1.57712309],[7.23214204]
[5.66468141],[1.56120125],[6.98188504]
[5.5950818],[1.54495022],[6.71686336]
[5.49999501],[1.5286402],[6.42930462]
[5.34104551],[1.51392723],[6.12765925]
[5.11969264],[1.49726468],[5.85171028]
[4.94496124],[1.48043841],[5.64959281]
[4.86780552],[1.46286992],[5.44161195]
[4.8075287],[1.44402749],[5.18642542]
[4.74170438],[1.42763733],[4.99373607]
[4.2623631],[1.41340405],[4.63185888]
[0.],[0.],[0.]
[0.],[0.],[0.]
[1.90124492],[0.69370336],[1.08246978]
[2.63865978],[0.86364708],[1.64630258]
[3.14188789],[0.93504523],[2.0121448]
[3.39037908],[0.98274873],[2.33783026]
[3.81350986],[1.02445106],[2.85875343]
[3.97808667],[1.08551041],[3.11137731]
[4.23420104],[1.15619001],[3.4593369]
[4.35372197],[1.22417647],[3.69884686]
[4.54638999],[1.28871326],[4.03453939]
[4.54430699],[1.32936735],[4.21123819]
[4.7145886],[1.37293724],[4.53988556]
[4.68121021],[1.40661276],[4.69261773]
[4.88166247],[1.44244256],[5.01772953]
[4.86835741],[1.4712456],[5.2419547]
[5.05763032],[1.50606504],[5.55295175]
[5.01653785],[1.53509482],[5.71193942]
[5.32326607],[1.57186441],[6.08796994]
[5.39052801],[1.59703206],[6.32658938]
[5.67590059],[1.61975578],[6.72135369]
[5.7086469],[1.63301697],[6.95772738]
[5.8706487],[1.64933736],[7.46965765]
[5.93140655],[1.66966806],[7.73960154]
[6.04883186],[1.71366156],[8.05431487]
[6.11117308],[1.76873929],[8.30574553]
[6.20853706],[1.78907288],[8.56101394]
[6.21364739],[1.82140448],[8.78888857]
[6.33627972],[1.84348213],[9.04856031]
[6.29883343],[1.86686639],[9.21943341]
[6.41358998],[1.88318444],[9.47095398]
[6.406441],[1.90010175],[9.66300741]
[6.44573372],[1.91300955],[9.77282356]
[6.44860525],[1.91751218],[9.88665368]
[6.47374924],[1.92186172],[9.90847223]
[6.47125218],[1.9060369],[9.93268362]
[6.60165585],[1.89029808],[9.89719245]
[6.61103976],[1.87076573],[9.81035426]
[6.75754239],[1.84939357],[9.78822417]
[6.75109269],[1.83036103],[9.57359713]
[6.62249896],[1.79995539],[9.3265062]
[6.42100427],[1.76064379],[9.02697094]
[6.35419653],[1.71505813],[8.72828577]
[6.26997957],[1.67140134],[8.42197976]
[6.15406911],[1.63157257],[8.113303]
[5.99027613],[1.60090599],[7.76095857]
[5.79337867],[1.58315774],[7.43697557]
[5.69888373],[1.56966751],[7.17896662]
[5.62402179],[1.55533991],[6.90181447]
[5.54621105],[1.53967227],[6.60924535]
[5.43196009],[1.5246911],[6.23715182]
[5.23269802],[1.50928093],[5.88716328]
[4.9907745],[1.49241314],[5.66153515]
[4.86513561],[1.47623875],[5.45157987]
[4.42622638],[1.4591802],[4.99515095]
[0.],[0.],[0.]
[0.],[0.],[0.]
[1.92136942],[0.69427583],[1.09134945]
[2.65357996],[0.86552297],[1.65975573]
[3.16735954],[0.94169679],[2.03901278]
[3.40828685],[0.98838478],[2.40923952]
[3.84863356],[1.0500214],[2.96520811]
[4.00190725],[1.12540247],[3.23320254]
[4.2822193],[1.19463498],[3.62149653]
[4.38199952],[1.25984888],[3.8549384]
[4.6005154],[1.32329077],[4.20846282]
[4.60738087],[1.36814979],[4.42463991]
[4.81921534],[1.41375773],[4.79159509]
[4.78761639],[1.44572169],[5.02844537]
[5.01597033],[1.47988016],[5.3928463]
[4.94571872],[1.50875024],[5.55347756]
[5.1430054],[1.54400081],[5.86350459]
[5.16613854],[1.57476409],[6.15385767]
[5.48549969],[1.60368869],[6.51593892]
[5.62699097],[1.62513729],[6.7817152]
[5.85115891],[1.64960832],[7.18593824]
[5.89641259],[1.66037072],[7.51195122]
[6.10868112],[1.6836797],[8.03079539]
[6.2351195],[1.74410854],[8.40826847]
[6.41511573],[1.78335265],[8.86470663]
[6.35110028],[1.83235491],[9.09270148]
[6.51330554],[1.85320238],[9.41171456]
[6.40063763],[1.87918249],[9.54374419]
[6.57428084],[1.90116059],[9.87026838]
[6.45261291],[1.92204026],[9.95560173]
[6.61076345],[1.93756149],[10.2378388]
[6.54423413],[1.95303493],[10.35461926]
[6.68998553],[1.96603909],[10.4911128]
[6.72092331],[1.97645487],[10.59522269]
[6.84457289],[1.98622669],[10.76109578]
[6.87437486],[1.97552351],[10.81658506]
[6.95328363],[1.96468358],[10.91737736]
[6.97966851],[1.9503785],[10.8702258]
[7.02411911],[1.93505983],[10.86282409]
[7.03476158],[1.9204477],[10.72478286]
[6.98957135],[1.89010573],[10.5239696]
[6.89392034],[1.85807232],[10.21491186]
[6.73592948],[1.81931157],[9.79157576]
[6.51812673],[1.77963308],[9.3977688]
[6.41376361],[1.736808],[9.07645078]
[6.35489838],[1.6926538],[8.78001919]
[6.28036653],[1.6544471],[8.49477826]
[6.18527591],[1.60279641],[8.18513412]
[6.04505143],[1.58920378],[7.82251355]
[5.8398051],[1.57442125],[7.38653694]
[5.73742991],[1.56025909],[7.050273]
[5.63867691],[1.54566484],[6.6518746]
[5.52550842],[1.52985404],[6.19901676]
[5.21419647],[1.51462051],[5.9027566]
[4.56709372],[1.49898092],[5.48089766]
[0.],[0.],[0.]
[0.],[0.],[0.]
[1.94346773],[0.69272317],[1.0954067]
[2.66822293],[0.86703157],[1.67116429]
[3.19495755],[0.946322],[2.05855122]
[3.42957252],[0.99301746],[2.4591028]
[3.88472802],[1.07421332],[3.05074251]
[4.02176445],[1.15131558],[3.31999706]
[4.32901946],[1.22035944],[3.74503397]
[4.41909084],[1.28498709],[3.97903067]
[4.68112634],[1.35493338],[4.36412183]
[4.67725951],[1.40071539],[4.60610386]
[4.91418853],[1.44664806],[5.06625829]
[4.87594382],[1.47926136],[5.31326704]
[5.11958268],[1.51522252],[5.68557733]
[5.00897627],[1.54467476],[5.85325333]
[5.28500401],[1.58199073],[6.2565069]
[5.32176996],[1.60648076],[6.51459322]
[5.73452062],[1.64215742],[6.98354333]
[5.79071474],[1.65533375],[7.20160559]
[6.04821233],[1.68304147],[7.70673967]
[6.15585264],[1.73873703],[8.11939223]
[6.46426042],[1.77709064],[8.69798196]
[6.42749366],[1.82918131],[9.16955642]
[6.63701262],[1.86491224],[9.6548374]
[6.5029467],[1.90130691],[9.81597802]
[6.69924457],[1.92270181],[10.1839393]
[6.56297574],[1.94927914],[10.28544771]
[6.78765025],[1.97348904],[10.67065566]
[6.75058067],[1.99452992],[10.77919033]
[6.97101369],[2.01128251],[11.18287226]
[6.97463289],[2.02660165],[11.39108027]
[7.0889871],[2.04280572],[11.64425986]
[7.13328195],[2.05622007],[11.78892555]
[7.17231947],[2.06557375],[11.91916002]
[7.20279376],[2.05777746],[12.00011409]
[7.22030686],[2.04893385],[12.07020041]
[7.23283335],[2.03742195],[12.06020513]
[7.22969653],[2.02445525],[11.99859704]
[7.31160033],[2.00895189],[11.90527821]
[7.23151834],[1.98419216],[11.69411518]
[7.18302052],[1.95659601],[11.43422461]
[7.12312524],[1.92316382],[11.10840267]
[7.04608914],[1.89098126],[10.74967861]
[6.94016402],[1.85679831],[10.36238946]
[6.79908079],[1.8171562],[9.94466088]
[6.59822458],[1.77345817],[9.49708521]
[6.45560251],[1.71786778],[9.15594427]
[6.38891502],[1.67303526],[8.85478055]
[6.31405822],[1.62313802],[8.50550774]
[6.21279964],[1.59782204],[8.1179547]
[6.06201641],[1.58365919],[7.68198126]
[5.8796838],[1.56844936],[7.03809109]
[5.70569157],[1.55384321],[6.55197107]
[4.94245505],[1.53866996],[5.91188951]
[0.],[0.],[0.]
[0.],[0.],[0.]
[1.96784357],[0.69026217],[1.09577544]
[2.6878007],[0.87105732],[1.68783854]
[3.23890112],[0.951269],[2.0933612]
[3.45971886],[1.00057052],[2.53586976]
[3.92320397],[1.09553999],[3.13349586]
[4.05440734],[1.17431087],[3.41828551]
[4.4011458],[1.24658333],[3.87734715]
[4.48200387],[1.31305013],[4.12151366]
[4.76797363],[1.38449969],[4.53381881]
[4.74740064],[1.4323448],[4.83422273]
[5.01425514],[1.47977429],[5.3965165]
[4.94401132],[1.51165064],[5.57823737]
[5.20608657],[1.54709865],[5.97196249]
[5.07275718],[1.5772004],[6.21210719]
[5.41425156],[1.60886163],[6.6390118]
[5.50022108],[1.63293574],[6.90525914]
[5.88415025],[1.6760084],[7.39267309]
[5.9289349],[1.68078688],[7.63070255]
[6.24871956],[1.73435936],[8.26459617]
[6.37438711],[1.81665398],[8.74951147]
[6.66908287],[1.85760777],[9.44864802]
[6.55348177],[1.90298097],[9.89027231]
[6.83354921],[1.93938244],[10.41712585]
[6.81231102],[1.97406826],[10.69007868]
[7.07779636],[1.99657285],[11.20972596]
[7.01339935],[2.02076023],[11.39284123]
[7.21614516],[2.04408901],[11.86905984]
[7.24179396],[2.06239658],[11.99380154]
[7.37839397],[2.07816764],[12.3848641]
[7.43935608],[2.09123055],[12.5637923]
[7.46683456],[2.10930953],[12.76082905]
[7.5015433],[2.12182722],[12.89844098]
[7.49367876],[2.13225517],[12.98228205]
[7.67560593],[2.12471078],[13.19970874]
[7.70302464],[2.11670962],[13.2577974]
[7.81362657],[2.10524099],[13.3831915]
[7.84851199],[2.09163297],[13.3514623]
[7.89132591],[2.07501943],[13.30185246]
[7.8941675],[2.0547629],[13.13440851]
[7.7622865],[2.03109635],[12.83882685]
[7.58988739],[2.00148929],[12.42663348]
[7.39525583],[1.97234029],[11.94090709]
[7.21748333],[1.94235985],[11.48475263]
[7.1629487],[1.90879408],[11.12369933]
[7.09199021],[1.86962799],[10.76720921]
[6.99874071],[1.8216839],[10.38284186]
[6.86394156],[1.76858827],[9.97109513]
[6.67431868],[1.71717359],[9.50923835]
[6.50854654],[1.67192628],[9.0317016]
[6.41831419],[1.62378476],[8.59763835]
[6.3412796],[1.59963437],[8.06637067]
[6.20648234],[1.58564208],[7.4051906]
[5.35403398],[1.57113931],[6.61971501]
[0.],[0.],[0.]
[0.],[0.],[0.]
[1.96056547],[0.6955109],[1.10762492]
[2.68491899],[0.89335094],[1.71150359]
[3.26255994],[0.96707364],[2.13542619]
[3.45638318],[1.01228978],[2.59032005]
[3.958341],[1.11945081],[3.21447979]
[4.10403616],[1.19970077],[3.50889528]
[4.453883],[1.27459712],[3.98939559]
[4.52611029],[1.33984839],[4.24879491]
[4.83719728],[1.41416119],[4.71184125]
[4.82716419],[1.46320026],[5.06298839]
[5.10810228],[1.51240924],[5.65159961]
[4.99569676],[1.54457551],[5.80948024]
[5.26514756],[1.58324364],[6.30637094]
[5.18532972],[1.61022836],[6.54129756]
[5.5429891],[1.65166753],[7.05070175]
[5.64611509],[1.66950852],[7.34320053]
[5.97327209],[1.71571617],[7.91450367]
[6.05839505],[1.77901715],[8.33106164]
[6.49176059],[1.84292072],[9.02397647]
[6.48578809],[1.90599845],[9.5953307]
[6.79454247],[1.94319407],[10.34168493]
[6.82584955],[1.98033282],[10.70490556]
[7.18374054],[2.01348549],[11.52822651]
[7.29709856],[2.04383422],[11.82694809]
[7.42034438],[2.06517086],[12.31950163]
[7.433056],[2.08719697],[12.44877502]
[7.53307788],[2.1093271],[12.94429509]
[7.55814644],[2.12522357],[13.03231337]
[7.62922334],[2.13969002],[13.45041838]
[7.91811011],[2.15136353],[13.79557359]
[7.97419428],[2.16958322],[14.0277394]
[8.06908599],[2.18192012],[14.28644605]
[8.10889988],[2.18999181],[14.42928067]
[8.15238382],[2.18412396],[14.59816096]
[8.1884925],[2.17704595],[14.66630089]
[8.1899651],[2.16827049],[14.69210193]
[8.22751296],[2.15677149],[14.66832055]
[8.21751981],[2.13985161],[14.55971607]
[8.31795125],[2.12091143],[14.42741188]
[8.21044547],[2.09746415],[14.15598964]
[8.07560935],[2.07108898],[13.8247481]
[7.95362014],[2.04661161],[13.4145296]
[7.79174763],[2.02098375],[12.96554416]
[7.63547341],[1.99202737],[12.49271331]
[7.47505722],[1.95759508],[11.99717475]
[7.24485346],[1.92052512],[11.50019631]
[7.17516787],[1.87505725],[11.11398346]
[7.10990394],[1.82234445],[10.71983051]
[7.01933632],[1.77416679],[10.29479589]
[6.88670168],[1.7254842],[9.77454576]
[6.69281328],[1.677714],[9.12272208]
[6.52490432],[1.6242848],[8.45921335]
[5.90671352],[1.60719156],[7.51089453]
[0.],[0.],[0.]
[0.],[0.],[0.]
[2.00069177],[0.69701869],[1.12332087]
[2.71330438],[0.90496362],[1.74390148]
[3.33100391],[0.97786241],[2.19523147]
[3.51551957],[1.02291849],[2.72137432]
[4.02840779],[1.15258271],[3.35197114]
[4.18849596],[1.23382322],[3.6681379]
[4.52255766],[1.30934889],[4.239104]
[4.60160276],[1.37529247],[4.4626668]
[4.92102971],[1.45067994],[5.05572268]
[4.92722926],[1.5020636],[5.39196976]
[5.19865095],[1.55339402],[6.01246987]
[5.06464197],[1.58866324],[6.22310976]
[5.37707108],[1.62599884],[6.82852489]
[5.32855511],[1.64812522],[7.03517472]
[5.77098495],[1.696766],[7.63957044]
[5.79733879],[1.73605772],[7.95532054]
[6.15731107],[1.80221152],[8.70972868]
[6.35040481],[1.88027699],[9.15623926]
[6.73698772],[1.93596096],[9.9347946]
[6.69027787],[1.98351659],[10.47392519]
[7.15150044],[2.01722579],[11.26220158]
[7.16771941],[2.04948972],[11.79951537]
[7.46841316],[2.07975934],[12.57171442]
[7.64962635],[2.10586432],[12.82580302]
[7.75348065],[2.12624739],[13.35316128]
[8.00068753],[2.14599899],[13.66393748]
[8.09822269],[2.16712906],[14.20290924]
[8.19268231],[2.18021954],[14.46570241]
[8.28912023],[2.19684394],[14.96414118]
[8.34954822],[2.21354653],[15.22054232]
[8.39472374],[2.23924291],[15.45992446]
[8.38531902],[2.25886437],[15.63152807]
[8.42040747],[2.26328764],[15.75178184]
[8.42960909],[2.2508061],[15.86627889]
[8.62563452],[2.23911325],[16.08150585]
[8.66306492],[2.22818467],[16.11260654]
[8.77226881],[2.21474188],[16.25800947]
[8.81582257],[2.19574703],[16.18682312]
[8.85870955],[2.17736597],[16.1068121]
[8.86986334],[2.15625716],[15.86019833]
[8.77096925],[2.13273493],[15.49264628]
[8.58990563],[2.10953085],[14.96717861]
[8.33049442],[2.08499739],[14.3480751]
[8.07087301],[2.05870567],[13.83062356]
[7.95586269],[2.02975688],[13.40669942]
[7.826638],[1.99865932],[12.96195171]
[7.69261862],[1.95831448],[12.48827128]
[7.54260915],[1.91216501],[11.98129859]
[7.33970666],[1.86640945],[11.43626876]
[7.20945201],[1.81591163],[10.86557083]
[7.14563603],[1.76866327],[10.31849696]
[7.05217635],[1.71768101],[9.68721252]
[6.37414165],[1.66853816],[8.56624626]
[0.],[0.],[0.]
[0.],[0.],[0.]
[2.04290638],[0.6980983],[1.14168388]
[2.75398143],[0.91961676],[1.7883018]
[3.42843969],[0.98792861],[2.29306403]
[3.56856675],[1.03267421],[2.80268773]
[4.0957643],[1.18071426],[3.55904947]
[4.27351593],[1.26772896],[3.82977266]
[4.60717123],[1.34733419],[4.52002657]
[4.68319833],[1.41592696],[4.71129701]
[5.04319382],[1.48855256],[5.43631803]
[5.03216146],[1.53986329],[5.7184442]
[5.30463612],[1.59375965],[6.35423068]
[5.18375402],[1.62465432],[6.65675131]
[5.54921756],[1.67299789],[7.32053695]
[5.60377475],[1.68905648],[7.56935037]
[5.95943389],[1.75797897],[8.25318919]
[5.98820343],[1.85015572],[8.72781081]
[6.47949896],[1.9114284],[9.5105786]
[6.551526],[1.97230668],[10.03454608]
[6.94649321],[2.02176501],[10.899854]
[7.07546416],[2.06234889],[11.36692356]
[7.43031195],[2.09180592],[12.34273039]
[7.44177983],[2.12505203],[12.7741204]
[7.63766807],[2.15862658],[13.55117971]
[8.06716557],[2.17833788],[14.11586594]
[8.24958973],[2.19950746],[14.73987411]
[8.31006923],[2.21799001],[14.99709381]
[8.41042514],[2.23602215],[15.61573606]
[8.4292929],[2.26136695],[15.81816038]
[8.53804308],[2.28218027],[16.35312148]
[8.61254246],[2.30277524],[16.57451743]
[8.81579043],[2.33257511],[16.96728046]
[8.87473084],[2.35036494],[17.17703205]
[8.95403847],[2.35438153],[17.47630958]
[9.00338031],[2.3415252],[17.63331322]
[9.03714688],[2.32970099],[17.79349149]
[9.07292667],[2.31826894],[17.81121125]
[9.08062636],[2.3078243],[17.83502634]
[9.11473623],[2.29046995],[17.77643531]
[9.11247856],[2.27067348],[17.64074037]
[9.36746423],[2.23946098],[17.55400675]
[9.22641122],[2.20193678],[17.13125816]
[8.99585987],[2.17095726],[16.64717587]
[8.88507385],[2.15032076],[16.12956177]
[8.75100908],[2.1301112],[15.57915081]
[8.58128591],[2.10471229],[15.00118401]
[8.36581826],[2.0755082],[14.40082159]
[8.06159068],[2.04089748],[13.86031924]
[7.93355635],[2.00343183],[13.38474527]
[7.85511399],[1.96642122],[12.89745548]
[7.74512722],[1.923424],[12.36711575]
[7.59082729],[1.87819119],[11.67611119]
[7.3608509],[1.83258982],[10.85641118]
[6.73433085],[1.78785053],[9.77109035]
[0.],[0.],[0.]
[0.],[0.],[0.]
[2.08063251],[0.70480012],[1.17145674]
[2.78688457],[0.93837404],[1.85050205]
[3.53847195],[1.00534774],[2.43721732]
[3.6611982],[1.06227339],[2.93990368]
[4.18581318],[1.21695492],[3.78929604]
[4.3771545],[1.30695941],[4.04183693]
[4.7125179],[1.38800935],[4.7906577]
[4.81420343],[1.45443032],[5.0276368]
[5.18785067],[1.52376011],[5.79091012]
[5.13131781],[1.57406187],[6.02226657]
[5.41208459],[1.63030358],[6.75925124]
[5.36116411],[1.65496266],[7.08045347]
[5.79707647],[1.70620139],[7.79268649]
[5.80613519],[1.76971736],[8.08230935]
[6.09642371],[1.83943972],[8.92271151]
[6.2948555],[1.92122762],[9.36850471]
[6.74151086],[1.97761607],[10.23159259]
[6.7221584],[2.03378927],[10.78631693]
[7.26764499],[2.08278811],[11.706188]
[7.34304265],[2.12065186],[12.26856189]
[7.59615932],[2.16110444],[13.25583491]
[7.70756871],[2.1939369],[13.74334894]
[8.05652892],[2.22454623],[14.72212069]
[8.3062112],[2.24402532],[15.30048954]
[8.48216902],[2.26694048],[16.03301779]
[8.51509847],[2.29653029],[16.23965949]
[8.69439842],[2.33194348],[16.95129498]
[8.83968405],[2.36107204],[17.23778852]
[8.969955],[2.38619747],[17.97841261]
[9.08044919],[2.40690558],[18.3369954]
[9.13393197],[2.43714561],[18.71685406]
[9.18141039],[2.45484718],[18.92448038]
[9.1900426],[2.46189403],[19.12743691]
[9.22554047],[2.45806125],[19.28141995]
[9.24545117],[2.4569293],[19.38129791]
[9.47841398],[2.44433466],[19.575648]
[9.56213728],[2.43263963],[19.68268595]
[9.68625542],[2.42108284],[19.83653954]
[9.75794851],[2.40768251],[19.73026268]
[9.8050753],[2.38934511],[19.59093856]
[9.83601721],[2.36257725],[19.28133663]
[9.75733167],[2.31293613],[18.8052119]
[9.53800705],[2.26126121],[17.98704535]
[9.21718052],[2.20594588],[17.18298817]
[8.97269771],[2.16792978],[16.60671938]
[8.8634199],[2.13743346],[16.0842401]
[8.72018323],[2.10568443],[15.51730207]
[8.56294333],[2.07125099],[14.89864267]
[8.34947388],[2.03704095],[14.24564885]
[8.06404114],[1.99933217],[13.59584061]
[7.94658054],[1.95897044],[12.92760883]
[7.86791149],[1.9145078],[12.24963637]
[7.21597422],[1.8700101],[10.94598668]
[0.],[0.],[0.]
[0.],[0.],[0.]
[2.07339256],[0.7209195],[1.2046956]
[2.79038233],[0.95911265],[1.91825083]
[3.63234627],[1.0219574],[2.56627546]
[3.74327642],[1.09838288],[3.06748468]
[4.29927593],[1.25852676],[4.00653319]
[4.46179336],[1.35053006],[4.27474493]
[4.81226632],[1.42980409],[5.041698]
[4.93459041],[1.49421266],[5.37071878]
[5.2873432],[1.56231133],[6.09771177]
[5.21543518],[1.61222713],[6.37356687]
[5.55618745],[1.67321137],[7.15754585]
[5.58842094],[1.6892314],[7.51775311]
[5.9692864],[1.75850722],[8.29743674]
[5.92533685],[1.85099997],[8.72053733]
[6.28765079],[1.91773141],[9.51953523]
[6.5115116],[1.98717193],[10.03920581]
[6.88103631],[2.04329328],[11.03301457]
[7.01959445],[2.10231722],[11.52697597]
[7.47765721],[2.1507738],[12.52353772]
[7.50715543],[2.18326893],[13.12869126]
[7.84708811],[2.21970703],[14.12164388]
[8.00371975],[2.24914759],[14.81208748]
[8.31943175],[2.28824726],[15.84640856]
[8.46812992],[2.32569167],[16.36945559]
[8.83506645],[2.36367476],[17.29748605]
[9.02058043],[2.39573933],[17.687891]
[9.10540746],[2.43383464],[18.49146064]
[9.18532059],[2.46848121],[18.82065097]
[9.23497795],[2.51685597],[19.54635655]
[9.30253187],[2.55551596],[19.91567361]
[9.3168064],[2.60496208],[20.26562287]
[9.48633202],[2.62957076],[20.56982471]
[9.5750626],[2.642789],[20.78327241]
[9.72627667],[2.61711783],[21.14779474]
[9.79867706],[2.59648543],[21.35177145]
[9.85319416],[2.58528134],[21.5082589]
[9.90992626],[2.57373203],[21.57084444]
[9.93934612],[2.55490228],[21.57841165]
[10.13601959],[2.54075016],[21.5689988]
[10.36275785],[2.52201896],[21.46562707]
[10.48885938],[2.49283599],[21.41697173]
[10.48440213],[2.45878214],[20.8965678]
[10.18373556],[2.42203707],[20.09182887]
[9.80079432],[2.38105483],[19.34598428]
[9.65779377],[2.33985355],[18.59650347]
[9.48132614],[2.28762855],[17.81508716]
[9.22250808],[2.23634416],[17.10321511]
[8.91860755],[2.1763295],[16.44672826]
[8.79197198],[2.10224981],[15.85626662]
[8.63694748],[2.06799878],[15.20244517]
[8.46893415],[2.02964643],[14.44071449]
[8.31793998],[1.99170327],[13.61340703]
[7.47063239],[1.95382627],[12.18862318]
[0.12163896],[0.82799571],[0.06336781]
[0.],[0.],[0.]
[2.1085704],[0.74053722],[1.24267231]
[2.83311323],[0.98018493],[2.00837053]
[3.71339311],[1.03839366],[2.72057351]
[3.84848136],[1.15293551],[3.27114119]
[4.39286623],[1.30810925],[4.2606894]
[4.56639478],[1.39920651],[4.59374302]
[4.90691309],[1.47917927],[5.41111658]
[5.04658872],[1.53413949],[5.7408873]
[5.36768329],[1.6129375],[6.4311154]
[5.38216527],[1.65712074],[6.83904758]
[5.75191904],[1.71167564],[7.63683459]
[5.79956453],[1.75851954],[8.04961105]
[6.10134747],[1.84462872],[8.99056868]
[6.16895575],[1.925958],[9.3850307]
[6.65258964],[1.98815819],[10.26380928]
[6.68202125],[2.05043639],[10.89052279]
[7.14253627],[2.11033493],[11.85379009]
[7.30439319],[2.16733377],[12.3764375]
[7.6281174],[2.21028905],[13.46204134]
[7.83966459],[2.24500192],[14.12491744]
[8.2306058],[2.30758709],[15.16648045]
[8.31870867],[2.34308375],[15.96937371]
[8.53061578],[2.38567349],[17.00289779]
[8.86542655],[2.42350061],[17.77838455]
[9.14988713],[2.46885564],[18.86234406]
[9.28928876],[2.53662652],[19.31795431]
[9.32381558],[2.60391341],[20.08076644]
[9.44949224],[2.64547984],[20.39030862]
[9.48652781],[2.68381343],[21.05166977]
[9.75736783],[2.71478369],[21.67019068]
[9.84795311],[2.75103706],[22.11317813]
[9.92301246],[2.76810942],[22.55408586]
[9.98277376],[2.77516899],[22.8145433]
[10.01361052],[2.7556736],[23.01223782]
[10.12907383],[2.73660307],[23.1886072]
[10.25229014],[2.71712396],[23.34377921]
[10.49612646],[2.69329317],[23.69129974]
[10.66160658],[2.66988995],[23.8159448]
[10.73571601],[2.65318216],[23.83129885]
[10.94373031],[2.6343155],[23.7069021]
[11.09990362],[2.6039881],[23.54505308]
[11.14582328],[2.57471795],[23.23702036]
[11.12147472],[2.54106536],[22.61300748]
[10.88532365],[2.50390487],[21.81959906]
[10.39454877],[2.46885632],[20.73670622]
[9.97343626],[2.43304156],[19.83466997]
[9.7512872],[2.39671771],[19.12900036]
[9.62262052],[2.35189797],[18.33386632]
[9.41635043],[2.27243255],[17.55747445]
[9.12163259],[2.16441289],[16.7113743]
[8.77267749],[2.08952119],[15.88753082]
[8.65413964],[2.05242781],[15.09062227]
[8.05985231],[2.01778425],[13.62840392]
[0.29248404],[0.92870138],[0.20775349]
[0.],[0.],[0.]
[2.14612537],[0.7614455],[1.28049675]
[2.87533924],[0.99473805],[2.09012047]
[3.78355991],[1.05092778],[2.86464658]
[3.99334492],[1.19260431],[3.45369483]
[4.47357035],[1.35000271],[4.48200588]
[4.67425042],[1.44003756],[4.88984178]
[5.04834901],[1.52475223],[5.75001574]
[5.14662048],[1.57054038],[6.0530382]
[5.47479007],[1.65932132],[6.77935579]
[5.58784616],[1.69634549],[7.29423191]
[5.9402275],[1.74713614],[8.1388214]
[5.95562827],[1.85193575],[8.71406192]
[6.22353332],[1.93610586],[9.6222659]
[6.49191484],[2.00210252],[10.14579162]
[6.85000667],[2.06093379],[11.10293661]
[6.89008925],[2.11735998],[11.72902578]
[7.43733608],[2.1811282],[12.71232431]
[7.48877209],[2.23185395],[13.38861979]
[7.83528835],[2.26907928],[14.3926513]
[8.09515345],[2.33832927],[15.21139467]
[8.42546436],[2.40222859],[16.3859502]
[8.49637645],[2.43770083],[17.14255116]
[8.87185959],[2.49730949],[18.39112901]
[9.17073075],[2.56337355],[19.27907049]
[9.33448206],[2.62727617],[20.29938746]
[9.63015988],[2.67610605],[20.84021026]
[9.75381878],[2.72917649],[21.60475937]
[9.91334663],[2.76286798],[22.19167654]
[9.99592057],[2.79772619],[22.90304229]
[10.06476383],[2.83343322],[23.52240087]
[10.1474766],[2.86194568],[24.02883982]
[10.23904303],[2.87873163],[24.40011492]
[10.41235123],[2.87613962],[24.8955173]
[10.57957401],[2.87477451],[25.25935726]
[10.747747],[2.86472863],[25.67306732]
[10.91105512],[2.8425873],[25.8380993]
[11.05891748],[2.82216179],[26.01572321]
[11.27418725],[2.8038765],[26.18164007]
[11.43846275],[2.78334416],[26.23023582]
[11.52834058],[2.75904126],[26.19340432]
[11.73680997],[2.72514686],[26.11473061]
[11.82297193],[2.68936502],[25.87986708]
[11.80923397],[2.64870225],[25.32589254]
[11.80806597],[2.61171815],[24.44557525]
[11.53975037],[2.57971723],[23.46377933]
[11.04054544],[2.54692802],[22.35753055]
[10.59059529],[2.51396117],[21.32833086]
[10.21643073],[2.47418429],[20.33027266]
[9.85961073],[2.42365749],[19.54437396]
[9.63419766],[2.33058014],[18.73613183]
[9.45741037],[2.20860957],[17.78119832]
[9.23901039],[2.1175448],[16.80436058]
[8.39223427],[2.08418886],[15.05519449]
[0.44266134],[1.00452493],[0.35061578]
[0.],[0.],[0.]
[2.18927819],[0.78534984],[1.32540921]
[2.92208304],[1.00922935],[2.17236622]
[3.84505071],[1.06251617],[3.02900055]
[4.15014509],[1.23751966],[3.7107435]
[4.5429048],[1.38933974],[4.71224762]
[4.80281093],[1.47799349],[5.29469668]
[5.16877418],[1.56748706],[6.06614179]
[5.2357129],[1.61598021],[6.42668263]
[5.60090675],[1.69754557],[7.19562505]
[5.81733803],[1.73215239],[7.75296976]
[6.07154647],[1.80750506],[8.64893554]
[6.09728214],[1.92736844],[9.31211551]
[6.54767555],[2.00942065],[10.24672855]
[6.69942934],[2.06975461],[10.9635555]
[7.01248067],[2.12674983],[11.92392672]
[7.27811477],[2.18319947],[12.58161355]
[7.61074401],[2.24127755],[13.6399687]
[7.73612599],[2.2932865],[14.34446563]
[8.19924393],[2.37286705],[15.41728101]
[8.2979471],[2.44657469],[16.42475314]
[8.68443534],[2.54770158],[17.67420341]
[8.81842668],[2.60546176],[18.56371429]
[9.1424802],[2.66581974],[19.91012944]
[9.35128395],[2.71640103],[20.70525692]
[9.65203011],[2.7663715],[21.78839642]
[9.97371388],[2.80526474],[22.68514567]
[10.11846456],[2.85819687],[23.53320867]
[10.18879148],[2.89544405],[24.00105577]
[10.36226573],[2.93665884],[24.74244962]
[10.52972815],[2.97034831],[25.34831952]
[10.72688603],[2.99128158],[26.30407687]
[10.87724715],[3.01199888],[26.87453472]
[11.00190439],[3.03729102],[27.32766286]
[11.19747403],[3.03637194],[27.73008456]
[11.36524047],[3.01843085],[28.05958967]
[11.52356993],[2.9930035],[28.36286326]
[11.70152002],[2.96991039],[28.56992023]
[11.85226608],[2.94939764],[28.74718611]
[12.03127031],[2.92419647],[28.95392373]
[12.22462325],[2.89830379],[28.98064161]
[12.3328884],[2.86632094],[28.96369567]
[12.49175887],[2.82668047],[28.84054262]
[12.49980919],[2.78370107],[28.43682054]
[12.50503287],[2.73857924],[27.63713478]
[12.48864964],[2.69850177],[26.51286916]
[12.18723282],[2.65955498],[25.21328019]
[11.68314739],[2.62903001],[23.97086268]
[11.20571831],[2.59503522],[22.91137499]
[10.80058199],[2.55556412],[21.91993274]
[10.39247488],[2.4804204],[20.81203956]
[10.00897714],[2.38800621],[19.65497351]
[9.6668442],[2.2748196],[18.66631103]
[8.93085409],[2.15104974],[16.82660968]
[0.75361429],[1.09989163],[0.60093982]
[0.],[0.],[0.]
[2.22929259],[0.58687241],[1.03484819]
[2.94045121],[0.70737182],[1.65970158]
[3.87396593],[0.84699768],[2.48735081]
[4.2487676],[1.07930167],[3.17654717]
[4.5933973],[1.20669038],[4.06930099]
[4.92945501],[1.29453384],[4.75099544]
[5.26225522],[1.34389663],[5.38000573]
[5.28987221],[1.40349227],[5.82199151]
[5.81006755],[1.47850759],[6.59699598]
[5.94671464],[1.59555508],[7.15707193]
[6.16542152],[1.72785375],[8.1195515]
[6.38684947],[1.82775552],[8.80243032]
[6.7920148],[1.90539955],[9.76547614]
[6.8136641],[1.94876822],[10.56679132]
[7.33220999],[2.00558315],[11.45087398]
[7.47135414],[2.07017392],[12.20993988]
[7.72175942],[2.15269654],[13.16699586]
[8.04452268],[2.21965397],[13.99309495]
[8.3818318],[2.30516767],[15.13350649]
[8.49703584],[2.42473035],[16.23519632]
[8.9649877],[2.5114979],[17.49553552]
[9.09735127],[2.55677396],[18.5627659]
[9.3212089],[2.60556421],[19.67744078]
[9.65455601],[2.65984683],[20.73284058]
[9.99024316],[2.71562317],[21.90155639]
[10.1932894],[2.76545183],[22.77190731]
[10.51761858],[2.82291117],[23.65721536]
[10.78447725],[2.87015849],[24.40688465]
[10.90311135],[2.92306446],[25.35515544]
[11.12740735],[2.97234951],[26.10915257]
[11.28810958],[3.02879707],[26.81693172]
[11.44841562],[3.05330496],[27.5224733]
[11.64164766],[3.08007957],[28.12550929]
[11.78447286],[3.09788231],[28.66702835]
[11.9642455],[3.1085605],[29.11380356]
[12.14064245],[3.12265059],[29.48923017]
[12.30191842],[3.12069958],[29.82123553]
[12.48785071],[3.08405291],[30.05003854]
[12.63331637],[3.04786986],[30.2299188]
[12.79446851],[3.00607857],[30.35281774]
[13.00774796],[2.96279086],[30.33040476]
[13.11563583],[2.91750581],[30.25277261]
[13.2050987],[2.85776572],[29.96421455]
[13.17338129],[2.79103097],[29.39342837]
[13.19040618],[2.74276886],[28.35759342]
[13.16005054],[2.70320364],[27.00227166]
[12.85909177],[2.665543],[25.53873057]
[12.33432936],[2.62864159],[24.18065118]
[11.82741388],[2.58489108],[22.93604678]
[11.42001061],[2.53458786],[21.93110288]
[10.98055658],[2.46143193],[20.73257129]
[10.54480895],[2.38194537],[19.62286836]
[9.58094375],[2.29441887],[17.49969932]
