meltWidth,meltDepth,meltArea
[2.0993266],[0.54434428],[0.76399622]
[2.26526279],[0.62233441],[0.96201235]
[2.38300302],[0.66031724],[1.07184125]
[2.45416574],[0.6910077],[1.15747385]
[2.53609166],[0.72879321],[1.26949794]
[2.57842023],[0.74779164],[1.33485037]
[2.93881956],[0.76329684],[1.48246157]
[3.13894721],[0.77399432],[1.5661578]
[3.17606113],[0.76885371],[1.65084062]
[3.22071916],[0.76413199],[1.68870262]
[3.23399239],[0.75908419],[1.74271784]
[3.24456906],[0.75475592],[1.73710161]
[3.2521302],[0.74881785],[1.7724283]
[3.25969409],[0.74521331],[1.76176473]
[3.2574607],[0.73997221],[1.78890415]
[3.25881204],[0.73578538],[1.78242215]
[3.26001736],[0.73151181],[1.81314152]
[3.31276878],[0.73713535],[1.81097229]
[3.32120211],[0.73034038],[1.84007913]
[3.52213254],[0.74382308],[1.91461708]
[3.52070386],[0.73684106],[1.94445424]
[3.64080782],[0.77183391],[2.04284561]
[3.60262661],[0.76470791],[2.04132531]
[3.67235881],[0.81250747],[2.12935611]
[3.65730249],[0.81115523],[2.13862645]
[3.69753872],[0.84299166],[2.20343033]
[3.7817687],[0.85494259],[2.25415184]
[3.7326181],[0.87632962],[2.28548994]
[3.81814247],[0.89219261],[2.33653838]
[3.75522853],[0.91290768],[2.35374869]
[3.77527614],[0.92675535],[2.36808643]
[3.76724719],[0.94100242],[2.39007236]
[3.76869021],[0.95724749],[2.41491168]
[3.78036973],[0.97263488],[2.43987177]
[3.78899522],[0.97980143],[2.45490882]
[3.80174245],[0.98639337],[2.47148861]
[3.80524358],[0.99279865],[2.48667321]
[3.79766267],[0.99899215],[2.49688159]
[3.79366874],[1.00312591],[2.50564322]
[3.78024238],[1.00224615],[2.50657349]
[3.77145463],[0.99909468],[2.50739752]
[3.76245096],[0.99704341],[2.50940803]
[3.75446867],[0.99606497],[2.51484729]
[3.73821715],[0.99244635],[2.51827982]
[3.72425892],[0.98984588],[2.52038565]
[3.71507886],[0.98724086],[2.52885324]
[3.69848457],[0.98753632],[2.54409386]
[3.68521984],[0.98784184],[2.56454487]
[3.68084186],[1.00424561],[2.60276148]
[3.41892152],[1.03202327],[2.56309556]
[2.66274637],[1.06467346],[1.95231604]
[1.90721873],[1.00456712],[1.17941283]
[1.15659015],[0.72782589],[0.53722584]
[0.35951276],[0.13466493],[0.02365993]
[2.11474383],[0.47503952],[0.63188836]
[2.47149818],[0.57606553],[1.05972562]
[2.89409516],[0.66071653],[1.34337515]
[3.1017645],[0.72190734],[1.58167614]
[3.24411273],[0.75812734],[1.70882872]
[3.31798491],[0.77974007],[1.84371223]
[3.37962189],[0.79627624],[1.91092925]
[3.48091776],[0.81331153],[2.00750309]
[3.58036803],[0.80909613],[2.02693882]
[3.54341809],[0.80316874],[2.06511251]
[3.565763],[0.79927933],[2.0582863]
[3.52418532],[0.79764746],[2.09040095]
[3.54292291],[0.79654496],[2.08029969]
[3.50683104],[0.79418201],[2.11228001]
[3.7272193],[0.79499402],[2.18085443]
[3.65743513],[0.79874891],[2.16690139]
[3.82838993],[0.80062034],[2.27230294]
[3.80859489],[0.80226737],[2.26849419]
[3.89025992],[0.80613681],[2.35640689]
[3.90502708],[0.81375947],[2.38007947]
[3.94573154],[0.81984183],[2.45288419]
[3.961417],[0.82602136],[2.49311322]
[3.9829547],[0.83153217],[2.55521513]
[4.03567687],[0.83767214],[2.59988115]
[4.05631557],[0.84320633],[2.63420345]
[4.13017843],[0.84989133],[2.69280321]
[4.19781679],[0.85543342],[2.72081322]
[4.36492614],[0.86213674],[2.83167723]
[4.37212921],[0.86797083],[2.85768703]
[4.50225689],[0.87202909],[2.94487741]
[4.48271103],[0.87374379],[2.95570816]
[4.52694887],[0.87428015],[3.0035389]
[4.51433078],[0.87492476],[2.98761012]
[4.49539519],[0.87425245],[2.98412105]
[4.49104378],[0.87266599],[2.97438221]
[4.48507038],[0.87146697],[2.97080046]
[4.48386504],[0.87146242],[2.97210868]
[4.47300589],[0.87265138],[2.96563264]
[4.46267198],[0.87390152],[2.96140594]
[4.45447806],[0.87539985],[2.96142168]
[4.43607971],[0.87686641],[2.95768532]
[4.42275136],[0.87766508],[2.94938832]
[4.40989662],[0.87766322],[2.94392656]
[4.40266994],[0.87721948],[2.9421308]
[4.38549813],[0.87695164],[2.93464021]
[4.37122374],[0.87642524],[2.9296245]
[4.36580818],[0.8754948],[2.94115085]
[4.35277952],[0.88465038],[2.95161971]
[4.33422682],[0.9047923],[2.94970779]
[4.32053545],[0.9307127],[2.96311476]
[4.04939607],[0.96065527],[2.89217844]
[3.28614288],[0.99412414],[2.32002414]
[2.52617624],[1.05038934],[1.64523904]
[1.77333142],[0.87882601],[0.9440604]
[0.],[0.],[0.]
[2.17408357],[0.53076175],[0.70933686]
[2.92073799],[0.63531712],[1.29924448]
[3.23130102],[0.69125444],[1.53941518]
[3.40515426],[0.75150622],[1.78018122]
[3.49197877],[0.77491777],[1.87361047]
[3.54010093],[0.79042507],[2.00264579]
[3.69614223],[0.80143563],[2.0701269]
[3.76112805],[0.80751655],[2.15211967]
[3.82371304],[0.80913401],[2.17246282]
[3.77007687],[0.81439672],[2.20950635]
[3.80980856],[0.82017831],[2.22836381]
[3.77608851],[0.82772053],[2.27012804]
[3.785706],[0.83378959],[2.26638327]
[3.7727971],[0.83927522],[2.32014526]
[3.81080287],[0.84474438],[2.31943853]
[3.79280472],[0.85153176],[2.35946359]
[4.01649731],[0.85826986],[2.49716937]
[4.04766039],[0.86685138],[2.55239683]
[4.15045956],[0.87322076],[2.71471963]
[4.19513473],[0.88300062],[2.78417456]
[4.22496487],[0.89280239],[2.87484909]
[4.25277503],[0.90096608],[2.92790803]
[4.41817766],[0.90806305],[3.02991482]
[4.57568022],[0.91591495],[3.14377323]
[4.65773566],[0.92281662],[3.22117815]
[4.7056213],[0.93098822],[3.29084476]
[4.74312787],[0.9376883],[3.34292238]
[4.94498067],[0.94560595],[3.46873298]
[4.83272443],[0.95137511],[3.45819954]
[4.98926123],[0.95429679],[3.53806181]
[4.85396745],[0.95563651],[3.48296984]
[4.86210531],[0.95600907],[3.50268829]
[4.86641264],[0.95636951],[3.48957355]
[4.83590764],[0.95489409],[3.47682392]
[4.84214117],[0.95245534],[3.46991672]
[4.83582029],[0.9506728],[3.46304741]
[4.83143053],[0.94895744],[3.45870385]
[4.8232082],[0.94715129],[3.44550879]
[4.81784578],[0.94543854],[3.43783709]
[4.81607711],[0.94299768],[3.43286803]
[4.79450008],[0.9406573],[3.41587606]
[4.78783926],[0.93862685],[3.40044083]
[4.77521887],[0.93658085],[3.38949374]
[4.7637697],[0.93465427],[3.37980394]
[4.74719335],[0.93293747],[3.36059846]
[4.7317922],[0.93171655],[3.34448187]
[4.71858508],[0.9291798],[3.33161608]
[4.69601915],[0.92693917],[3.31401552]
[4.68368642],[0.92486267],[3.2955301]
[4.66657789],[0.92300891],[3.28045674]
[4.29487758],[0.92071002],[3.1258987]
[3.5338578],[0.91880025],[2.46596971]
[2.77172139],[0.91498079],[1.77551067]
[2.0125551],[0.8420229],[1.10576535]
[0.],[0.],[0.]
[2.59619957],[0.56488871],[0.88164298]
[3.14014289],[0.68409711],[1.51923386]
[3.40504304],[0.73244901],[1.74160337]
[3.50309969],[0.76196813],[1.94327027]
[3.60916457],[0.79264244],[2.03060701]
[3.73081564],[0.79519105],[2.16835264]
[3.85772159],[0.82170171],[2.24852196]
[3.89894089],[0.83815424],[2.32964145]
[3.92912728],[0.85330249],[2.35708977]
[3.91663124],[0.86868723],[2.41686338]
[3.97577592],[0.87461823],[2.44523899]
[4.01760384],[0.88017406],[2.51106115]
[4.05105538],[0.88556149],[2.54377083]
[4.10711537],[0.89498361],[2.62186069]
[4.17779173],[0.90373544],[2.73747273]
[4.21558099],[0.91458977],[2.78010304]
[4.23789022],[0.93128881],[2.94789124]
[4.27396658],[0.94503794],[3.03185528]
[4.36393046],[0.95789044],[3.1386655]
[4.47415422],[0.97276683],[3.23508433]
[4.68817302],[0.98388432],[3.38783167]
[4.81079706],[0.99202062],[3.52398876]
[4.91247971],[0.99944945],[3.6501226]
[4.91463667],[1.00746928],[3.69203666]
[4.96564471],[1.0146164],[3.74278532]
[4.94463128],[1.02172651],[3.74621212]
[4.96755379],[1.02537969],[3.78980755]
[5.1016855],[1.02969743],[3.86034996]
[4.99651695],[1.03249376],[3.84950043]
[5.10718047],[1.035243],[3.9144703]
[5.00053696],[1.03491963],[3.88703674]
[4.98949538],[1.03459284],[3.90798938]
[5.00273098],[1.03420807],[3.90243747]
[4.97221044],[1.03312782],[3.89291918]
[4.97997654],[1.03119098],[3.89044551]
[4.97587613],[1.02927202],[3.88432828]
[4.96944048],[1.02746589],[3.87997117]
[4.95395585],[1.02538481],[3.85836498]
[4.94353423],[1.02309946],[3.8451961]
[4.94084902],[1.02060157],[3.83715915]
[4.92954786],[1.01825976],[3.82151026]
[4.93331898],[1.01594557],[3.80905097]
[4.93084261],[1.01350438],[3.79740764]
[4.92830827],[1.01116256],[3.7863183]
[4.92689799],[1.00879725],[3.76771147]
[4.92605718],[1.00558502],[3.75177956]
[4.93336776],[0.9992378],[3.73498606]
[4.93809124],[0.99106364],[3.71287261]
[4.93838289],[0.98111259],[3.68376466]
[4.92653823],[0.96619885],[3.65063961]
[4.54528399],[0.95907175],[3.46056339]
[3.79236251],[0.95455013],[2.74397602]
[3.0385305],[0.93934123],[2.0089306]
[2.28396534],[0.87153111],[1.30984045]
[1.03164328],[0.1969656],[0.13983937]
[2.73366338],[0.54614099],[0.97099124]
[3.15590972],[0.67076942],[1.54951729]
[3.3518531],[0.73858305],[1.77002524]
[3.44505184],[0.77359165],[1.97683053]
[3.56120421],[0.81249907],[2.08948653]
[3.69261152],[0.82405677],[2.23709671]
[3.89129963],[0.85791052],[2.3581113]
[3.96689208],[0.87932864],[2.46188649]
[4.04376828],[0.89559765],[2.52967979]
[4.08371923],[0.90527305],[2.60934122]
[4.15676072],[0.91738776],[2.68861288]
[4.20746677],[0.92915537],[2.75654513]
[4.24446238],[0.9438545],[2.92308817]
[4.29339592],[0.96553314],[2.98584281]
[4.32782909],[0.98256173],[3.17524863]
[4.39276581],[0.9996893],[3.24889587]
[4.48855476],[1.00965167],[3.38259279]
[4.56539594],[1.01608622],[3.46382015]
[4.8150211],[1.02319159],[3.66733338]
[4.92206577],[1.03223015],[3.82836811]
[5.01242461],[1.0391012],[3.95258386]
[5.00429835],[1.04593734],[3.97308195]
[5.05451909],[1.04974255],[4.03540186]
[5.02036893],[1.05385248],[4.03002076]
[5.06063127],[1.05731469],[4.08140168]
[5.02618005],[1.06163593],[4.06956365]
[5.04071386],[1.06460175],[4.11056346]
[5.14500288],[1.06816415],[4.16323794]
[5.05877017],[1.07128168],[4.15223873]
[5.14812275],[1.07570918],[4.20746165]
[5.05914279],[1.08621273],[4.1841962]
[5.0428631],[1.0905793],[4.19972842]
[5.05872792],[1.09444285],[4.19686712]
[5.02796987],[1.09811168],[4.18706207]
[5.03497428],[1.09440223],[4.18476403]
[5.02313745],[1.0879085],[4.17026516]
[5.01699243],[1.08190755],[4.15759919]
[5.00987334],[1.07471514],[4.1350511]
[5.00431062],[1.06850466],[4.12087488]
[5.00097718],[1.06206737],[4.10974954]
[5.01427889],[1.05874608],[4.09548139]
[5.02995067],[1.05685748],[4.08451087]
[5.04144683],[1.05457206],[4.07558708]
[5.05134998],[1.05253951],[4.07009581]
[5.06026811],[1.05059259],[4.05608402]
[5.06868687],[1.04888546],[4.04347548]
[5.07370478],[1.04564882],[4.02658797]
[5.08243663],[1.04195292],[4.0049832]
[5.09814375],[1.03731888],[3.97392729]
[5.1097104],[1.02796123],[3.94083386]
[4.73075574],[1.01882765],[3.7197673]
[3.99975498],[1.00937002],[2.94815034]
[3.2664073],[0.97076532],[2.18043605]
[2.52556644],[0.90184673],[1.46296724]
[1.58514257],[0.36303853],[0.3889416]
[2.90738463],[0.56286649],[1.1922942]
[3.23691638],[0.68388122],[1.63406282]
[3.37958637],[0.74578374],[1.85089852]
[3.46350352],[0.79280749],[2.06208777]
[3.5743202],[0.84631127],[2.2032338]
[3.762518],[0.85968366],[2.36698099]
[4.02219384],[0.89387412],[2.51349001]
[4.12705934],[0.91092143],[2.63149214]
[4.25077566],[0.92139185],[2.81536624]
[4.25658824],[0.93784467],[2.85103575]
[4.31401501],[0.95855162],[3.06736589]
[4.33986045],[0.97739465],[3.12303493]
[4.36744015],[0.98909177],[3.27577586]
[4.4285644],[1.00202982],[3.3505314]
[4.52189838],[1.01259864],[3.48537163]
[4.60571945],[1.02202821],[3.57304027]
[4.84258878],[1.0291497],[3.78420434]
[4.93724727],[1.03764117],[3.93376664]
[5.02416548],[1.04658764],[4.06971504]
[5.05239273],[1.05435592],[4.11539477]
[5.10486498],[1.06745713],[4.18801722]
[5.10061407],[1.0672967],[4.19778201]
[5.13883657],[1.08959083],[4.25435159]
[5.09519594],[1.08892584],[4.24752924]
[5.18020049],[1.11201589],[4.31400471]
[5.10754795],[1.11139017],[4.30878816]
[5.16367677],[1.13464737],[4.36705847]
[5.24687129],[1.13510202],[4.45274008]
[5.19447028],[1.15722014],[4.45308102]
[5.252375],[1.15961491],[4.5376095]
[5.20198492],[1.17356291],[4.51148732]
[5.16293374],[1.17869073],[4.52687088]
[5.201014],[1.18341173],[4.5394303]
[5.13864364],[1.18628158],[4.51825752]
[5.13129257],[1.18424606],[4.51359727]
[5.11517788],[1.17867506],[4.49867209]
[5.10022236],[1.1725565],[4.48454949]
[5.08343456],[1.16550527],[4.46040133]
[5.06678965],[1.15931223],[4.44077294]
[5.04092646],[1.15296447],[4.41693103]
[5.04086378],[1.14681231],[4.38900883]
[5.06058914],[1.13958437],[4.37219328]
[5.07732167],[1.1331352],[4.35675577]
[5.09205671],[1.12682385],[4.34412133]
[5.10472311],[1.11903529],[4.32373475]
[5.11627017],[1.11207946],[4.30445961]
[5.1245655],[1.10441226],[4.27962803]
[5.12952118],[1.0905244],[4.24859756]
[5.13656051],[1.07378544],[4.20721172]
[5.14006952],[1.05840513],[4.16725212]
[4.73670271],[1.05102292],[3.92093717]
[4.00009346],[1.0438772],[3.11387208]
[3.27102358],[1.01811339],[2.3092395]
[2.53918175],[0.95954947],[1.54683562]
[2.11645732],[0.43631337],[0.62965564]
[3.06793708],[0.58252407],[1.36946574]
[3.33011229],[0.69221399],[1.73281825]
[3.46639601],[0.76364452],[1.96943654]
[3.56893905],[0.8176358],[2.17963879]
[3.80147609],[0.85187697],[2.36641792]
[3.95511861],[0.87622884],[2.54171909]
[4.30077098],[0.91301294],[2.86732845]
[4.35580823],[0.94151225],[2.97943269]
[4.38445318],[0.95834409],[3.16566972]
[4.38916254],[0.97541405],[3.22494842]
[4.43317518],[0.98896394],[3.36238182]
[4.4781384],[1.00394516],[3.42649918]
[4.56439378],[1.01441718],[3.53703009]
[4.68300504],[1.02497094],[3.64909643]
[4.91486834],[1.03367385],[3.85744275]
[5.00119825],[1.04180203],[4.01252978]
[5.071221],[1.0480133],[4.12254117]
[5.08070065],[1.05516054],[4.15234967]
[5.15505243],[1.06196129],[4.23267965]
[5.19645767],[1.09496157],[4.30206852]
[5.33068455],[1.12275026],[4.4198754]
[5.30477949],[1.14509322],[4.44615493]
[5.41320498],[1.16385361],[4.5465335]
[5.35724966],[1.17453749],[4.55240914]
[5.45098189],[1.18873715],[4.65845371]
[5.38307066],[1.19850111],[4.66034923]
[5.4372545],[1.21263209],[4.76306584]
[5.50731888],[1.2232794],[4.87349674]
[5.46515186],[1.23554775],[4.89133403]
[5.52151727],[1.24721405],[4.9882416]
[5.46753493],[1.25537168],[4.99671773]
[5.46214871],[1.26527481],[5.00056588]
[5.47235387],[1.27609925],[5.03342041]
[5.43213656],[1.2849545],[5.0107672]
[5.41206921],[1.29200243],[5.007323]
[5.39794779],[1.29647221],[5.00301944]
[5.3819459],[1.29823064],[4.98921344]
[5.35895742],[1.29991336],[4.95975068]
[5.34145599],[1.30073726],[4.93891149]
[5.31882439],[1.29994266],[4.91182049]
[5.2795754],[1.29507908],[4.87309693]
[5.26243492],[1.28996094],[4.83837725]
[5.23533983],[1.28432211],[4.81087714]
[5.20999703],[1.27777918],[4.78379082]
[5.18499431],[1.2702139],[4.74691136]
[5.18874198],[1.26306884],[4.72886206]
[5.20047457],[1.25566347],[4.70725459]
[5.20736282],[1.248222],[4.67556747]
[5.2146219],[1.23445239],[4.63062377]
[5.22064287],[1.22045202],[4.583907]
[4.79491206],[1.20577076],[4.30845149]
[4.05642314],[1.18715621],[3.45717045]
[3.31524913],[1.16928696],[2.60465257]
[2.56870794],[1.15210176],[1.72673415]
[2.29899063],[0.49707876],[0.88955615]
[3.27135011],[0.6520314],[1.60527357]
[3.46666615],[0.74444443],[1.92361703]
[3.70588296],[0.81095544],[2.20743641]
[3.88809219],[0.86071391],[2.46092417]
[4.21479737],[0.89903972],[2.816777]
[4.31516736],[0.93633264],[3.00612075]
[4.40691385],[0.96547721],[3.22348288]
[4.46993478],[0.98176014],[3.34267816]
[4.52450289],[0.99536974],[3.47236603]
[4.53684473],[1.00907541],[3.537181]
[4.62826863],[1.01978111],[3.62709248]
[4.80688795],[1.0306897],[3.77808586]
[4.98571302],[1.0389124],[3.97384049]
[5.05578626],[1.04702145],[4.1069018]
[5.10961626],[1.05254884],[4.17842356]
[5.11368634],[1.05814054],[4.22741156]
[5.23221835],[1.06276316],[4.31777035]
[5.2660138],[1.09738489],[4.3916611]
[5.43637837],[1.13778715],[4.57264216]
[5.47295368],[1.1711994],[4.64283128]
[5.58584729],[1.19695028],[4.85251358]
[5.58169157],[1.21995677],[4.87674892]
[5.64599033],[1.24015731],[5.09177687]
[5.61908379],[1.26375128],[5.05307552]
[5.68754253],[1.28441766],[5.24309847]
[5.65429699],[1.30462418],[5.20286883]
[5.6723181],[1.32123853],[5.36871323]
[5.80432617],[1.34292728],[5.51515427]
[5.70257441],[1.35746484],[5.52027969]
[5.82243815],[1.37274856],[5.66658105]
[5.70785211],[1.38619253],[5.62679055]
[5.74094126],[1.39507272],[5.63713487]
[5.71642469],[1.40367779],[5.67995018]
[5.71770349],[1.40939199],[5.66690865]
[5.68670969],[1.41476819],[5.66341453]
[5.66898641],[1.41762399],[5.65602649]
[5.64852485],[1.41835198],[5.64316925]
[5.62243479],[1.41910734],[5.61643973]
[5.60929519],[1.41891879],[5.59318059]
[5.58873054],[1.41798319],[5.56192471]
[5.55083297],[1.41387486],[5.51959839]
[5.53657308],[1.40882611],[5.4810817]
[5.51057976],[1.40417204],[5.44978867]
[5.48481151],[1.39895952],[5.41667556]
[5.45667368],[1.39321844],[5.37670026]
[5.4412598],[1.38784398],[5.34648126]
[5.42410717],[1.38356246],[5.31206342]
[5.39713588],[1.37791955],[5.26576696]
[5.38087362],[1.3682988],[5.2126919]
[5.37009101],[1.35793182],[5.17172207]
[4.92834459],[1.34714632],[4.90081881]
[4.18396969],[1.33042849],[4.02826184]
[3.44279902],[1.31296266],[3.08408847]
[2.68937048],[1.2966023],[2.09195581]
[2.35603161],[0.52251073],[1.05139862]
[3.40884613],[0.70871034],[1.79266789]
[3.57142536],[0.79284262],[2.10081935]
[3.92045033],[0.87149435],[2.44785531]
[4.07066165],[0.92172441],[2.71278746]
[4.31393657],[0.94740567],[3.05503979]
[4.37413467],[0.98005275],[3.22558152]
[4.44129526],[1.0026972],[3.41390653]
[4.49374806],[1.01546664],[3.50874084]
[4.57657508],[1.02597159],[3.62807271]
[4.6456872],[1.03722655],[3.70522658]
[4.96659502],[1.04565604],[3.93575333]
[5.06411319],[1.05282593],[4.11732363]
[5.1248269],[1.05794561],[4.20978569]
[5.15584439],[1.06379683],[4.28965527]
[5.3113723],[1.08338726],[4.4418337]
[5.34927191],[1.1188073],[4.52457524]
[5.50683813],[1.15375471],[4.71581723]
[5.56879983],[1.19017482],[4.79565335]
[5.69606804],[1.22556885],[5.04544133]
[5.76829893],[1.25751217],[5.14107139]
[5.82861],[1.28380544],[5.38026969]
[5.84880939],[1.31017693],[5.41326973]
[5.88213855],[1.33002202],[5.618164]
[5.88276514],[1.35074765],[5.61915589]
[5.92860425],[1.36853265],[5.80085271]
[5.93082561],[1.38574403],[5.8261732]
[5.91544203],[1.40018455],[5.97455884]
[6.08393742],[1.4181366],[6.19558488]
[5.94697005],[1.43087231],[6.14156502]
[6.10046293],[1.4448377],[6.34756514]
[5.94849859],[1.45637243],[6.26307252]
[6.00502444],[1.46573394],[6.30716928]
[5.95999685],[1.47386604],[6.33992429]
[5.9821447],[1.47973999],[6.35209384]
[5.94514218],[1.48721236],[6.34283761]
[5.9319134],[1.49039854],[6.34141481]
[5.91772619],[1.49186905],[6.33300921]
[5.89442949],[1.49337346],[6.31630603]
[5.88316698],[1.49320353],[6.3001807]
[5.86461301],[1.49298448],[6.27452742]
[5.82632063],[1.4904507],[6.23752952]
[5.81870814],[1.48796497],[6.21153198]
[5.79396153],[1.48599561],[6.18406941]
[5.77113293],[1.48369726],[6.15129183]
[5.73883626],[1.48188226],[6.11453344]
[5.72710455],[1.48021808],[6.08845289]
[5.70886567],[1.47846787],[6.04445121]
[5.6792217],[1.47458359],[5.99404646]
[5.66537532],[1.46829951],[5.94160116]
[5.64460968],[1.46087344],[5.90057746]
[5.15865436],[1.45085771],[5.60156081]
[4.3913916],[1.43676777],[4.66547689]
[3.6364583],[1.423794],[3.64256586]
[2.86033265],[1.41360606],[2.55319467]
[2.44628727],[0.61114265],[1.27551152]
[3.58328784],[0.75624758],[2.00083588]
[3.66394449],[0.86266498],[2.33671682]
[4.07242638],[0.91332812],[2.70849402]
[4.20628989],[0.95176977],[2.94011766]
[4.39989495],[0.978825],[3.26222963]
[4.45651949],[1.00614733],[3.40826807]
[4.50745962],[1.02432044],[3.58208811]
[4.64411324],[1.03593745],[3.68162914]
[4.78756064],[1.04541401],[3.81109266]
[4.84497495],[1.05188526],[3.89980075]
[5.12580896],[1.0568873],[4.14396871]
[5.16095055],[1.06374826],[4.25555892]
[5.28003242],[1.08623972],[4.40087523]
[5.34095069],[1.12850035],[4.53232861]
[5.51877939],[1.16098267],[4.7448468]
[5.58638372],[1.19689779],[4.84433387]
[5.71826893],[1.2285518],[5.09252621]
[5.84269506],[1.26705408],[5.20870598]
[5.95928615],[1.29896449],[5.48148529]
[6.00877714],[1.32914719],[5.58405441]
[6.06946373],[1.34752749],[5.80911356]
[6.09960845],[1.36661212],[5.90260524]
[6.14431025],[1.38753307],[6.09046889]
[6.13090435],[1.40921902],[6.13895503]
[6.20479033],[1.42699352],[6.3125483]
[6.18918204],[1.44454011],[6.3466839]
[6.20488625],[1.45777066],[6.47776912]
[6.32957301],[1.47447848],[6.72968015]
[6.2426231],[1.48678513],[6.65088417]
[6.35363435],[1.50054937],[6.89706582]
[6.25174025],[1.51131558],[6.78590154]
[6.27536077],[1.5209576],[6.87286375]
[6.26748317],[1.52916961],[6.89091081]
[6.24610833],[1.53710732],[6.9196256]
[6.24275555],[1.54574261],[6.9141683]
[6.21819128],[1.54821516],[6.91958181]
[6.2081399],[1.54939144],[6.92483488]
[6.18652125],[1.55044676],[6.91411321]
[6.1724351],[1.54977281],[6.90705284]
[6.15723721],[1.54832715],[6.88665316]
[6.1163399],[1.54517589],[6.84594208]
[6.11230731],[1.54195978],[6.82497231]
[6.08783631],[1.53951629],[6.79907477]
[6.06844495],[1.53691671],[6.77450354]
[6.03631935],[1.53400192],[6.73994938]
[6.01869444],[1.53118145],[6.71902219]
[5.99811854],[1.5289857],[6.6776385]
[5.9662482],[1.52663981],[6.62191486]
[5.95520155],[1.52001964],[6.56685306]
[5.93613613],[1.51280637],[6.52175504]
[5.40413438],[1.50296068],[6.16768484]
[4.63718196],[1.49149049],[5.20064546]
[3.88372821],[1.48176183],[4.13959966]
[3.1184768],[1.4731292],[3.00849032]
[2.54657302],[0.68442618],[1.49384246]
[3.67611308],[0.81989039],[2.2056942]
[3.74762257],[0.90222106],[2.55680286]
[4.20382273],[0.94251203],[2.92923206]
[4.315433],[0.9818302],[3.14828653]
[4.4758643],[1.00523374],[3.4642708]
[4.52605305],[1.0300076],[3.59671915]
[4.68771446],[1.04292424],[3.77652092]
[4.82807582],[1.05099793],[3.8975941]
[5.00143552],[1.05710201],[4.04272805]
[5.05364163],[1.06350268],[4.13014982]
[5.28131612],[1.08557529],[4.38335585]
[5.30710669],[1.13447675],[4.52419916]
[5.48185632],[1.17103726],[4.72495056]
[5.56179014],[1.20486316],[4.87564109]
[5.72035201],[1.23651248],[5.1569955]
[5.80706457],[1.27138571],[5.24138845]
[5.92556499],[1.30264482],[5.51637484]
[6.06191481],[1.33927235],[5.68032285]
[6.15192745],[1.36804438],[5.96985415]
[6.19677407],[1.39286123],[6.14912142]
[6.26943846],[1.40994855],[6.38216582]
[6.28168904],[1.42888379],[6.50052445]
[6.34663702],[1.4426147],[6.65670382]
[6.3187648],[1.46019727],[6.6842419]
[6.40679552],[1.47747713],[6.86462869]
[6.38174613],[1.49294656],[6.90661941]
[6.42160472],[1.50548226],[7.02229163]
[6.51217555],[1.52128929],[7.25378178]
[6.46020943],[1.53242883],[7.23640275]
[6.53564398],[1.54516722],[7.42680299]
[6.47913277],[1.55458541],[7.38819865]
[6.48146463],[1.56372882],[7.47148857]
[6.49245418],[1.57210654],[7.49245721]
[6.46320916],[1.58069315],[7.50634951]
[6.4789402],[1.58963659],[7.52144125]
[6.44921551],[1.59235281],[7.52165124]
[6.44477428],[1.59378108],[7.52256092]
[6.43201886],[1.59485907],[7.5045828]
[6.42296446],[1.59475866],[7.47708261]
[6.4068682],[1.59398125],[7.4477523]
[6.36275987],[1.59145864],[7.40254289]
[6.36470298],[1.58860504],[7.38136865]
[6.34547984],[1.58634016],[7.35136509]
[6.32985913],[1.58408344],[7.32756183]
[6.30011137],[1.58170538],[7.28994221]
[6.28347949],[1.57817307],[7.26676021]
[6.26712394],[1.57445632],[7.23088809]
[6.22466082],[1.5709389],[7.16964152]
[6.21942292],[1.56439439],[7.12007996]
[6.2026248],[1.55651462],[7.06991807]
[5.62011838],[1.5470338],[6.62305952]
[4.85654657],[1.53760449],[5.59553123]
[4.10270072],[1.52937533],[4.48212173]
[3.34584684],[1.52082045],[3.31836056]
[2.59081227],[0.74666989],[1.68562207]
[3.79553328],[0.86340393],[2.44410073]
[3.95814903],[0.93617624],[2.79465254]
[4.35607788],[0.97451045],[3.20213029]
[4.43583363],[1.01379948],[3.41189852]
[4.54115949],[1.03074265],[3.68204663]
[4.66877688],[1.04845624],[3.82024495]
[4.89612364],[1.0597816],[3.99187049]
[5.02093473],[1.06822728],[4.1064146]
[5.21123215],[1.08246342],[4.31221544]
[5.23691294],[1.14807616],[4.4767316]
[5.45974776],[1.17785013],[4.78065049]
[5.50875243],[1.21540634],[4.93218626]
[5.66009708],[1.2477889],[5.19461317]
[5.76346421],[1.28002883],[5.36221785]
[5.90592982],[1.30975789],[5.65459549]
[6.02701516],[1.34268874],[5.77301234]
[6.14308271],[1.37350588],[6.04314591]
[6.23405833],[1.40761759],[6.29231181]
[6.36885038],[1.43232244],[6.57496058]
[6.38827613],[1.45517493],[6.74897182]
[6.48263237],[1.47783183],[6.97691504]
[6.47889303],[1.49382414],[7.11199185]
[6.56630308],[1.5068426],[7.28735814]
[6.51772729],[1.52243703],[7.3176819]
[6.62510367],[1.53146459],[7.4733619]
[6.5804167],[1.54601648],[7.51184994]
[6.64280563],[1.55475431],[7.6222689]
[6.69457979],[1.56955345],[7.80241575]
[6.67350532],[1.57518822],[7.80573625]
[6.71644603],[1.58982225],[7.96463228]
[6.68811166],[1.59807269],[7.94394694]
[6.66627172],[1.60591126],[8.01522674]
[6.6999291],[1.61392364],[8.04560831]
[6.64994349],[1.62084073],[8.06077515]
[6.68456077],[1.62484361],[8.08184086]
[6.64393872],[1.62735706],[8.07973954]
[6.63633786],[1.62808621],[8.08290379]
[6.61573659],[1.62841969],[8.05820575]
[6.60370015],[1.62847219],[8.0354848]
[6.59475761],[1.62777835],[7.99561552]
[6.54973402],[1.62594918],[7.93235075]
[6.55861273],[1.62372891],[7.91476034]
[6.54222987],[1.62185327],[7.88623601]
[6.52102635],[1.61974411],[7.85970998]
[6.49151234],[1.61730829],[7.82066881]
[6.47370069],[1.61501625],[7.7971739]
[6.46014359],[1.61233946],[7.76452406]
[6.4162922],[1.60972362],[7.70223274]
[6.41142039],[1.60500791],[7.65479536]
[6.39365907],[1.5988467],[7.60505193]
[5.78441829],[1.59106327],[7.09039699]
[5.02084754],[1.58384925],[6.01390799]
[4.26590646],[1.57711425],[4.86180864]
[3.5134912],[1.57035768],[3.65110974]
[2.60866493],[0.78867103],[1.8101798]
[3.81665426],[0.90209821],[2.67070651]
[4.12495912],[0.96541562],[3.0058869]
[4.44578432],[1.00685308],[3.43564374]
[4.51851898],[1.03729402],[3.62229009]
[4.61274326],[1.05343771],[3.85270793]
[4.8233402],[1.07004799],[3.99907907]
[5.07294283],[1.09560714],[4.22834668]
[5.19456185],[1.16964913],[4.48598245]
[5.39920977],[1.19532473],[4.83424406]
[5.43784483],[1.24569618],[5.014085]
[5.64280238],[1.27541777],[5.40908216]
[5.718216],[1.30466824],[5.5562202]
[5.85124829],[1.33261321],[5.82990255]
[5.97949436],[1.36133603],[6.01063093]
[6.11006186],[1.38801752],[6.25348241]
[6.22910119],[1.41539627],[6.47245533]
[6.34716243],[1.44518141],[6.74326293]
[6.42503903],[1.46881882],[6.96334811]
[6.58019982],[1.49669961],[7.23670537]
[6.57386262],[1.51460296],[7.40162838]
[6.68437646],[1.53343192],[7.62534385]
[6.66166455],[1.54628626],[7.73157445]
[6.7694372],[1.56199113],[7.89852619]
[6.70356643],[1.57323726],[7.92044022]
[6.83205145],[1.586334],[8.07516861]
[6.76968391],[1.5956609],[8.10457054]
[6.85509153],[1.60882786],[8.22251266]
[6.85986001],[1.61776286],[8.35251213]
[6.87770776],[1.62680278],[8.3900386]
[6.88198441],[1.63817112],[8.50792156]
[6.89636712],[1.64660377],[8.53164852]
[6.84736255],[1.6545208],[8.59470522]
[6.91723833],[1.66247327],[8.64884864]
[6.8316406],[1.66981009],[8.65935972]
[6.89815726],[1.67274879],[8.70264535]
[6.83777234],[1.67062345],[8.70717366]
[6.83382134],[1.66893438],[8.72223557]
[6.81762286],[1.66795926],[8.70866857]
[6.808987],[1.66580501],[8.69961445]
[6.80581115],[1.66149393],[8.67740527]
[6.76905669],[1.65957699],[8.6018841]
[6.77372173],[1.65766055],[8.59191208]
[6.76368713],[1.65623623],[8.55739526]
[6.74287729],[1.65364683],[8.51057138]
[6.71173641],[1.65049266],[8.451976]
[6.68963571],[1.6479074],[8.42581646]
[6.67149906],[1.6466947],[8.39425411]
[6.62350866],[1.64440836],[8.33266051]
[6.62047176],[1.64096944],[8.29358415]
[6.60408382],[1.63577182],[8.24943162]
[5.93774608],[1.63006148],[7.6451974]
[5.17377873],[1.62466371],[6.5082849]
[4.41722549],[1.61867244],[5.30441296]
[3.66564982],[1.61248581],[4.06189327]
[2.65524738],[0.83480708],[1.94865779]
[3.85296018],[0.93012123],[2.87584041]
[4.31749506],[0.98529407],[3.22926404]
[4.53235909],[1.02403929],[3.62157187]
[4.60351762],[1.05186092],[3.77326448]
[4.80152447],[1.06664611],[4.00555442]
[4.99978846],[1.1164983],[4.23724104]
[5.2754548],[1.18764991],[4.57567455]
[5.39592246],[1.24623347],[4.90405965]
[5.60455676],[1.2796597],[5.31512152]
[5.6660433],[1.31807968],[5.55091185]
[5.84915678],[1.34449318],[5.95382495]
[5.95329494],[1.36960778],[6.1132489]
[6.06911438],[1.39537622],[6.36836021]
[6.20521552],[1.42055685],[6.56739004]
[6.34450117],[1.44929932],[6.84913485]
[6.43002654],[1.47601457],[7.05891162]
[6.57251342],[1.50639209],[7.32091774]
[6.63501115],[1.52509547],[7.54341648]
[6.79426215],[1.550883],[7.8019641]
[6.75980389],[1.56339573],[7.94201508]
[6.88399317],[1.58615765],[8.15937007]
[6.8460164],[1.59439446],[8.25058458]
[6.99815371],[1.61449056],[8.42719196]
[6.90078803],[1.6202073],[8.44488942]
[7.13812079],[1.63757103],[8.63303473]
[7.02370146],[1.64194123],[8.63682749]
[7.23945996],[1.65926398],[8.81219215]
[7.12295662],[1.66309573],[8.88957517]
[7.29489326],[1.67914414],[9.02141083]
[7.22521288],[1.68740961],[9.1041754]
[7.35508219],[1.70484185],[9.2201888]
[7.33727752],[1.71773857],[9.28165083]
[7.39762043],[1.72942712],[9.38491972]
[7.36350119],[1.74172309],[9.39184009]
[7.41134169],[1.75552597],[9.47273309]
[7.40415614],[1.76392382],[9.47114077]
[7.39528811],[1.76115501],[9.4974898]
[7.39508431],[1.75812153],[9.49346147]
[7.38564921],[1.75394565],[9.4858255]
[7.37178715],[1.74761004],[9.46627754]
[7.34052224],[1.7413991],[9.41321452]
[7.33269587],[1.73359289],[9.38065939]
[7.29785915],[1.72666402],[9.32835273]
[7.2329283],[1.72024141],[9.27458255]
[7.14477028],[1.71309804],[9.19913907]
[7.08274161],[1.70655195],[9.14376573]
[7.04036034],[1.69963874],[9.08839737]
[6.95761287],[1.69257636],[8.97962564]
[6.90853738],[1.68295808],[8.94142241]
[6.85028878],[1.66981922],[8.85751404]
[6.06361738],[1.66485919],[8.0877923]
[5.25752464],[1.65690972],[6.89521918]
[4.49125926],[1.65110708],[5.65825371]
[3.73733073],[1.64611703],[4.39336087]
[2.69636846],[0.87667093],[2.06506089]
[3.88147654],[0.95071187],[3.061484]
[4.46491196],[1.01330446],[3.44945238]
[4.59992487],[1.0412979],[3.76368665]
[4.7528559],[1.06627215],[3.91923846]
[5.01368746],[1.0872371],[4.22870968]
[5.20780392],[1.20401914],[4.59365587]
[5.47820386],[1.26747784],[5.05935482]
[5.60883569],[1.31293057],[5.37746035]
[5.80837703],[1.34945778],[5.82553753]
[5.89575313],[1.37987725],[6.0901706]
[6.05651459],[1.40519847],[6.45504966]
[6.18340444],[1.42801305],[6.65431526]
[6.29154455],[1.45526495],[6.9052642]
[6.40979173],[1.47914911],[7.13646276]
[6.56685958],[1.5093952],[7.40443562]
[6.61978026],[1.52639727],[7.61163458]
[6.8074416],[1.55710565],[7.8785488]
[6.82217762],[1.57010206],[8.0656791]
[7.03098994],[1.59885381],[8.32997125]
[6.95398839],[1.60666599],[8.43983325]
[7.19845341],[1.63197111],[8.67723999]
[7.15883447],[1.6368042],[8.74798048]
[7.40048731],[1.65934484],[9.00847473]
[7.40527033],[1.66585512],[9.02101488]
[7.60569874],[1.68137633],[9.27342431]
[7.72468551],[1.69823421],[9.30368183]
[7.78074926],[1.71262485],[9.50384131]
[7.87172167],[1.72977657],[9.59315299]
[7.87577973],[1.74366832],[9.72999485]
[7.95326549],[1.76744508],[9.83871056]
[7.9674689],[1.79276796],[9.95843336]
[8.01690942],[1.8078096],[10.04906897]
[8.01532943],[1.82300596],[10.15564482]
[8.01631636],[1.83803076],[10.19566646]
[8.00443479],[1.85339354],[10.26985363]
[8.00201876],[1.86206157],[10.28617561]
[7.98331234],[1.85951326],[10.30613242]
[7.94426134],[1.85603813],[10.30323157]
[7.92605991],[1.85152361],[10.28943583]
[7.90902535],[1.8433445],[10.27012094]
[7.87491456],[1.83558177],[10.2208102]
[7.86833631],[1.82682957],[10.18029915]
[7.8462736],[1.81808901],[10.13322499]
[7.79501746],[1.80866745],[10.07284141]
[7.68934621],[1.79847083],[9.98256916]
[7.58918187],[1.78739183],[9.89678275]
[7.4806379],[1.77639355],[9.80803266]
[7.34066107],[1.76528805],[9.67045119]
[7.24826357],[1.75424693],[9.59589917]
[7.13650336],[1.73675486],[9.4949273]
[6.32008],[1.7192443],[8.62262524]
[5.48810637],[1.70042542],[7.35272141]
[4.68171721],[1.68460387],[6.0485946]
[3.89733821],[1.66906667],[4.72121996]
[2.75450724],[0.91467904],[2.16400888]
[3.90394118],[0.96699977],[3.17439443]
[4.53295338],[1.03543552],[3.57169888]
[4.66998977],[1.057631],[3.89653311]
[4.95603742],[1.13138876],[4.22634097]
[5.21760349],[1.19810093],[4.63411372]
[5.36229988],[1.28858918],[5.12112611]
[5.64242212],[1.34895352],[5.59370755]
[5.80028117],[1.38431002],[5.93080926]
[5.98832023],[1.42093328],[6.3830753]
[6.09822555],[1.44866681],[6.67714161]
[6.23943369],[1.4751363],[7.03506866]
[6.35980897],[1.49598664],[7.27691516]
[6.49541598],[1.52457123],[7.54457043]
[6.58734533],[1.53402598],[7.76863796]
[6.7578629],[1.56342284],[8.00786229]
[6.81107118],[1.57413671],[8.18878907]
[7.01243592],[1.60781568],[8.44958077]
[7.02584075],[1.61464235],[8.59492766]
[7.32897667],[1.64626189],[8.88811271]
[7.36105405],[1.65268461],[8.98224698]
[7.54412001],[1.6754363],[9.29007278]
[7.61774953],[1.69599066],[9.39008167]
[7.76082157],[1.71961337],[9.70033685]
[7.8760324],[1.74120383],[9.75745924]
[8.02903668],[1.75601203],[9.9934235]
[8.12121204],[1.7756269],[10.06525198]
[8.28704238],[1.79381452],[10.28339404]
[8.30818463],[1.81600599],[10.40350146]
[8.38147457],[1.83708398],[10.5950792]
[8.37987045],[1.86322805],[10.7018828]
[8.45431912],[1.8827713],[10.89427258]
[8.44772947],[1.89607762],[10.99690459]
[8.49604547],[1.91013458],[11.12634582]
[8.42839647],[1.92356849],[11.16940741]
[8.46954674],[1.93724855],[11.23131745]
[8.40172078],[1.9466005],[11.25537958]
[8.42753457],[1.94463789],[11.27039688]
[8.35299129],[1.94222549],[11.2616581]
[8.33044618],[1.93898111],[11.24405407]
[8.30406521],[1.93147164],[11.20570942]
[8.2629416],[1.92384591],[11.13923398]
[8.25117128],[1.91566849],[11.08227578]
[8.22656771],[1.90822792],[11.01740788]
[8.19513238],[1.90070928],[10.93859208]
[8.1095589],[1.88996185],[10.8249556]
[8.00155988],[1.87984966],[10.73074054]
[7.88967649],[1.86964932],[10.64344747]
[7.75037936],[1.85933065],[10.51826803]
[7.64755461],[1.84666542],[10.41321051]
[7.47012624],[1.82886282],[10.25753963]
[6.62010328],[1.80737405],[9.28336495]
[5.75466345],[1.78299867],[7.92833424]
[4.91466848],[1.75989482],[6.53829329]
[4.10267697],[1.73929737],[5.14033109]
[2.853483],[0.93055661],[2.26409555]
[3.93243508],[0.98115754],[3.27842344]
[4.64268871],[1.04901284],[3.72086677]
[4.90812616],[1.06772811],[4.14417046]
[5.12601884],[1.21358571],[4.56150704]
[5.37468069],[1.27646236],[5.10066371]
[5.51106914],[1.35215127],[5.53258095]
[5.80129194],[1.40813845],[6.0224315]
[5.9872717],[1.44193405],[6.39921297]
[6.15828472],[1.48477146],[6.85441814]
[6.27560813],[1.50785329],[7.16403733]
[6.42409853],[1.53068578],[7.52428613]
[6.52183296],[1.54518249],[7.78641771]
[6.67670285],[1.56988723],[8.04548935]
[6.72194787],[1.57773145],[8.22283315]
[6.92038039],[1.60408888],[8.47874552]
[6.91898026],[1.61391818],[8.6309916]
[7.15328768],[1.64427987],[8.90303673]
[7.20046928],[1.65046841],[9.03275911]
[7.51453052],[1.67906665],[9.3951872]
[7.67170695],[1.69986898],[9.52903312]
[7.80404605],[1.7328444],[9.88076147]
[7.92965353],[1.77620754],[10.03219264]
[8.09385541],[1.80685124],[10.37948181]
[8.17719388],[1.83237714],[10.51417103]
[8.37547652],[1.85139075],[10.82336991]
[8.42411587],[1.8719191],[10.90996485]
[8.61778258],[1.89000223],[11.20142441]
[8.64825506],[1.91783416],[11.33236657]
[8.72071548],[1.94045429],[11.55139025]
[8.73729929],[1.96670999],[11.67432995]
[8.79062669],[1.9826327],[11.8631871]
[8.8272188],[1.99506475],[11.96322362]
[8.84478491],[2.00582927],[12.07329339]
[8.82006009],[2.01549897],[12.08442712]
[8.81203175],[2.02516779],[12.1110287]
[8.78747317],[2.02736629],[12.09979539]
[8.77744007],[2.01810887],[12.08816479]
[8.74118561],[2.01475077],[12.04223851]
[8.70558981],[2.01091335],[12.00760515]
[8.68557207],[2.00396825],[11.95290003]
[8.64688003],[1.99678486],[11.87459487]
[8.63388722],[1.98907902],[11.815696]
[8.61114124],[1.98180848],[11.75044155]
[8.58678338],[1.97349694],[11.67125859]
[8.53058119],[1.96393693],[11.55904093]
[8.42643525],[1.95417257],[11.44963661]
[8.31006678],[1.94473836],[11.34203924]
[8.17360258],[1.93459328],[11.20172912]
[8.07000334],[1.92171535],[11.08376589]
[7.84050367],[1.90570532],[10.90882886]
[6.98906904],[1.8848986],[9.88299734]
[6.12415907],[1.86172891],[8.52734061]
[5.27037805],[1.8389588],[7.10573175]
[4.41739907],[1.8157346],[5.63779655]
[2.93381089],[0.94292241],[2.34020726]
[3.95047848],[0.99769315],[3.34820994]
[4.71034315],[1.05837239],[3.86270128]
[5.04441916],[1.16093671],[4.41717662]
[5.24053583],[1.2752201],[4.96147534]
[5.5070607],[1.34217925],[5.47217832]
[5.66634282],[1.40517725],[5.87315975]
[5.93874955],[1.45752019],[6.39802884]
[6.14843931],[1.49519172],[6.77248468]
[6.29816219],[1.53049823],[7.20709187]
[6.40096181],[1.54817257],[7.5428665]
[6.55451393],[1.56616281],[7.90147751]
[6.63209781],[1.57693543],[8.15469461]
[6.7841445],[1.59773414],[8.39570926]
[6.82076515],[1.6049744],[8.5662097]
[7.0024855],[1.62879064],[8.82557771]
[6.9761932],[1.63875149],[8.96030365]
[7.30199421],[1.66684025],[9.30389451]
[7.44502797],[1.67878689],[9.46942057]
[7.74436998],[1.71500889],[9.87696251]
[7.96206919],[1.7564078],[10.05957691]
[8.14272297],[1.80424677],[10.44831866]
[8.22960097],[1.86072776],[10.68966512]
[8.42912823],[1.89278415],[11.0766438]
[8.47563462],[1.91867689],[11.28787666]
[8.68912534],[1.9399216],[11.67638704]
[8.75263945],[1.9631518],[11.81887897]
[8.91486002],[1.98484349],[12.15779891]
[9.00601005],[2.01281638],[12.33491199]
[9.03890911],[2.03270049],[12.56785035]
[9.10165049],[2.05561831],[12.72079339]
[9.13115151],[2.06666218],[12.91873998]
[9.24000271],[2.07822475],[13.04221843]
[9.22412838],[2.08573981],[13.16170063]
[9.25118495],[2.09317899],[13.16620109]
[9.18710618],[2.10118937],[13.1758066]
[9.20879322],[2.10013359],[13.11626005]
[9.14521212],[2.08703164],[13.06279257]
[9.14767723],[2.06905617],[12.96819215]
[9.0848699],[2.05566383],[12.88649478]
[9.06001945],[2.04091553],[12.79784771]
[9.02351567],[2.02967036],[12.69085463]
[9.0027249],[2.02096015],[12.59859966]
[8.98057287],[2.01253904],[12.48889468]
[8.95239933],[2.00482788],[12.343764]
[8.91337892],[1.9959001],[12.18320815]
[8.83695185],[1.98682118],[12.05818213]
[8.72468449],[1.977175],[11.94840129]
[8.59338949],[1.96742545],[11.80738249]
[8.48953623],[1.95631367],[11.68169186]
[8.21117467],[1.94339483],[11.46079638]
[7.35805046],[1.92425285],[10.36324303]
[6.49481909],[1.90290681],[8.96280027]
[5.6410578],[1.8818459],[7.50965601]
[4.78728213],[1.86002978],[6.00726358]
[2.94333626],[0.95434838],[2.37627141]
[3.96252505],[1.01825784],[3.42953229]
[4.71851624],[1.11875917],[4.13368314]
[5.16521476],[1.24143657],[4.77565478]
[5.34817361],[1.32718413],[5.26397963]
[5.6255212],[1.39045323],[5.78736716]
[5.7970495],[1.44482348],[6.21526024]
[6.05434558],[1.49494997],[6.7275583]
[6.28040046],[1.52775573],[7.10469491]
[6.43225639],[1.55989746],[7.54073979]
[6.52061641],[1.57292253],[7.89241314]
[6.68890808],[1.58795821],[8.27869744]
[6.73447694],[1.59958889],[8.49472962]
[6.92602673],[1.61742583],[8.76236805]
[6.91487646],[1.62620759],[8.9067274]
[7.1329639],[1.64713733],[9.20393925]
[7.15240065],[1.65889646],[9.34020764]
[7.49330588],[1.68922082],[9.73258065]
[7.76158326],[1.725098],[9.95376696]
[8.06309491],[1.77007403],[10.38879627]
[8.27292097],[1.83691343],[10.66510576]
[8.4903437],[1.89632315],[11.156378]
[8.53552425],[1.95322223],[11.49705521]
[8.74527494],[1.98327768],[12.00897709]
[8.81513834],[2.0068633],[12.3116088]
[9.00214018],[2.02734817],[12.78254326]
[9.13546433],[2.04938582],[13.03790919]
[9.31809881],[2.0708903],[13.46467242]
[9.51244746],[2.09678648],[13.68956746]
[9.59491357],[2.11561387],[13.94486577]
[9.66776202],[2.1349967],[14.09778246]
[9.74663752],[2.14585156],[14.28460489]
[9.80275788],[2.15558811],[14.43254172]
[9.87791683],[2.16223106],[14.52566086]
[9.83425309],[2.16880052],[14.54338725]
[9.83775426],[2.17587015],[14.50852274]
[9.79103281],[2.17409641],[14.43705543]
[9.78928648],[2.16267295],[14.34917778]
[9.73926232],[2.14408524],[14.23816724]
[9.72642287],[2.12570931],[14.11841195]
[9.67357736],[2.10617589],[13.99758166]
[9.63717555],[2.08874457],[13.83284042]
[9.61358303],[2.06970805],[13.69874133]
[9.58674288],[2.05285354],[13.54716915]
[9.56041196],[2.03621616],[13.35697669]
[9.52233287],[2.02666342],[13.13668207]
[9.47871869],[2.01870646],[12.9202318]
[9.3096023],[2.00907623],[12.6757022]
[9.07330293],[1.99897729],[12.41524499]
[8.88368302],[1.9878021],[12.22526618]
[8.60343236],[1.97602065],[11.99008834]
[7.7501625],[1.95703647],[10.85462836]
[6.88749529],[1.93638948],[9.42625051]
[6.0348735],[1.91602892],[7.94423767]
[5.1812475],[1.89484978],[6.39596397]
[2.98135328],[0.96051943],[2.41448659]
[3.97002586],[1.02950751],[3.50176062]
[4.7258939],[1.16948562],[4.45447327]
[5.26171709],[1.29024713],[5.07352316]
[5.43378962],[1.36556062],[5.57522919]
[5.71855029],[1.42655963],[6.14483626]
[5.90217053],[1.47784663],[6.56725517]
[6.14732907],[1.52727338],[7.06729443]
[6.37396086],[1.55550285],[7.4879278]
[6.55050387],[1.58386899],[7.92270321]
[6.62367496],[1.59678384],[8.28956405]
[6.78877624],[1.61142842],[8.66245933]
[6.83344556],[1.62256064],[8.8666079]
[6.99465841],[1.63968652],[9.1289633]
[6.96876385],[1.64834339],[9.27141751]
[7.26431719],[1.67148781],[9.60592304]
[7.38812262],[1.68976391],[9.7916158]
[7.71238151],[1.73373461],[10.26685774]
[8.02031512],[1.80536344],[10.57669041]
[8.35913051],[1.87132977],[11.14425581]
[8.56765769],[1.93747419],[11.5476496]
[8.79010958],[1.99116349],[12.12049272]
[8.87580258],[2.04168151],[12.54874738]
[9.07193636],[2.06979336],[13.15266518]
[9.253428],[2.09114069],[13.54722427]
[9.46251055],[2.11055525],[14.10937557]
[9.63665985],[2.13253011],[14.42831647]
[9.87159366],[2.15216202],[14.8367097]
[10.02573041],[2.17636533],[15.12724457]
[10.20370932],[2.19291782],[15.36275474]
[10.2493508],[2.20809444],[15.52461239]
[10.3540117],[2.21892007],[15.72305535]
[10.41080582],[2.22745343],[15.88055996]
[10.46467898],[2.23324132],[15.98746096]
[10.47423582],[2.23896573],[16.01859897]
[10.45164719],[2.24512354],[15.97136717]
[10.4286508],[2.24390401],[15.89395192]
[10.40508669],[2.23430722],[15.7878678]
[10.36811735],[2.21696741],[15.65581658]
[10.34685558],[2.19912029],[15.53449094]
[10.31391894],[2.17818931],[15.38981681]
[10.26063845],[2.15613885],[15.22026755]
[10.23701893],[2.13760078],[15.03963783]
[10.20970308],[2.12088007],[14.86512215]
[10.18530293],[2.10411107],[14.68630302]
[10.14842284],[2.08580981],[14.45922617]
[10.11932762],[2.06888392],[14.21003103]
[10.08138662],[2.05260834],[13.93405648]
[9.87040141],[2.03714631],[13.59648944]
[9.65328664],[2.02607915],[13.29496353]
[9.24555498],[2.01555688],[12.89799961]
[8.28590094],[1.99829318],[11.59146436]
[7.31266425],[1.97571909],[10.02711611]
[6.41828082],[1.95637317],[8.48403681]
[5.56599474],[1.93695167],[6.90504027]
[3.05286997],[0.97041403],[2.55694817]
[3.98759951],[1.04172731],[3.58913029]
[4.7447957],[1.20520646],[4.64684526]
[5.37589937],[1.32646763],[5.30408942]
[5.53483051],[1.39636724],[5.82320993]
[5.81791965],[1.45465808],[6.4311344]
[6.01603659],[1.50427859],[6.84869835]
[6.25257361],[1.55083526],[7.34088229]
[6.47924697],[1.57773948],[7.80251152]
[6.675984],[1.60587456],[8.24040925]
[6.713143],[1.61792173],[8.56751728]
[6.90975634],[1.63307767],[8.9587988]
[6.90402262],[1.64311948],[9.15157614]
[7.09182205],[1.66657485],[9.47405408]
[7.05047244],[1.68662527],[9.67408344]
[7.43473656],[1.71886086],[10.113441]
[7.69000274],[1.7704737],[10.42165875]
[8.00815538],[1.85386801],[11.02329074]
[8.29150563],[1.92834619],[11.47367432]
[8.65204661],[1.98169722],[12.09094677]
[8.90897018],[2.03990976],[12.60626924]
[9.18538958],[2.08680994],[13.27510844]
[9.39486601],[2.13010674],[13.7758523]
[9.60326363],[2.1549835],[14.44024645]
[9.75512876],[2.17549402],[14.91321765]
[10.02195721],[2.19565271],[15.45426163]
[10.14166531],[2.21474782],[15.86831028]
[10.3945562],[2.23081649],[16.33727102]
[10.58612298],[2.25104582],[16.66465818]
[10.7465114],[2.26581749],[16.95130576]
[10.86931398],[2.27856388],[17.12002683]
[10.91293421],[2.28935616],[17.31376425]
[11.00312348],[2.29536784],[17.46898157]
[11.0470434],[2.3005396],[17.59046202]
[11.0739076],[2.3056616],[17.65186025]
[11.04060378],[2.3111696],[17.60361552]
[11.03853757],[2.31065059],[17.53247635]
[10.99444294],[2.30242029],[17.418703]
[10.9874346],[2.28655876],[17.28230047]
[10.93781786],[2.26944097],[17.14736669]
[10.93845464],[2.24983958],[17.00264715]
[10.8796419],[2.22979068],[16.82619103]
[10.85300438],[2.20848404],[16.64137522]
[10.82944791],[2.19093547],[16.4449716]
[10.80762552],[2.17808858],[16.2258421]
[10.78186577],[2.16370691],[15.9843951]
[10.75873833],[2.14982443],[15.73182015]
[10.72965578],[2.13601361],[15.47467469]
[10.66572785],[2.12118758],[15.15446179]
[10.44820152],[2.10477413],[14.80920359]
[10.00852804],[2.08798741],[14.34266784]
[9.04804573],[2.06689061],[12.9513657]
[8.08696388],[2.03872809],[11.31172919]
[7.16083346],[2.01196254],[9.64036998]
[6.22909097],[1.98998322],[7.89424393]
[3.11159708],[0.98678251],[2.6914081]
[3.99635491],[1.05177168],[3.67673021]
[4.75453836],[1.23816392],[4.78986905]
[5.48174226],[1.35803596],[5.51994354]
[5.64075743],[1.42170139],[6.06746695]
[5.91667402],[1.47724011],[6.67133923]
[6.12864569],[1.52644927],[7.09453634]
[6.36791124],[1.57114565],[7.60041243]
[6.5781463],[1.59773782],[8.06515377]
[6.78048014],[1.62431088],[8.48892838]
[6.81703057],[1.63764559],[8.85355711]
[6.97864003],[1.66337721],[9.2896628]
[6.97054666],[1.68518673],[9.55494956]
[7.2238952],[1.71325533],[9.95152396]
[7.34777383],[1.75871755],[10.25490745]
[7.67554537],[1.82470799],[10.82589957]
[8.01103562],[1.89647797],[11.30488142]
[8.39166371],[1.96465359],[11.89807962]
[8.68839302],[2.02656402],[12.43498121]
[9.06910956],[2.07502456],[13.13460719]
[9.41183328],[2.12792451],[13.72965782]
[9.71414913],[2.17150911],[14.4883244]
[9.88194492],[2.20940168],[15.04777299]
[10.15858755],[2.23032649],[15.70128389]
[10.27590102],[2.24925926],[16.23491729]
[10.52349171],[2.26709664],[16.85229972]
[10.6931647],[2.28429474],[17.30178572]
[10.88437994],[2.29908642],[17.80677089]
[11.06271888],[2.31718465],[18.18690292]
[11.24356742],[2.33042641],[18.5806109]
[11.34936258],[2.34468281],[18.79528284]
[11.49323026],[2.3540951],[19.04731665]
[11.53952082],[2.35979325],[19.24481079]
[11.65898365],[2.3653414],[19.40967158]
[11.64080795],[2.36988441],[19.4953854]
[11.64206465],[2.37563696],[19.45951497]
[11.57137362],[2.37807553],[19.39082416]
[11.58815097],[2.37072263],[19.28454236]
[11.50791839],[2.35697602],[19.15251486]
[11.51812036],[2.34043217],[19.00152242]
[11.44871886],[2.32346318],[18.85263048]
[11.43728516],[2.30560914],[18.66925012]
[11.36994615],[2.2871716],[18.47830854]
[11.33930037],[2.26999914],[18.27823687]
[11.30989546],[2.25288858],[18.06940268]
[11.27445454],[2.23819616],[17.81597506]
[11.24573348],[2.22622973],[17.58280446]
[11.22621953],[2.21413804],[17.34863241]
[11.19839898],[2.20081635],[17.05942756]
[11.12930403],[2.18536072],[16.71625004]
[10.7343687],[2.16901246],[16.18180336]
[9.85906066],[2.14991731],[14.70302463]
[8.967567],[2.12308185],[13.01404717]
[8.04532291],[2.09734473],[11.25809657]
[7.1278571],[2.07012842],[9.41697824]
[3.13492224],[1.00284215],[2.76900237]
[4.01101203],[1.06914804],[3.808177]
[4.76461284],[1.26916547],[4.9707867]
[5.51822217],[1.38735653],[5.75897893]
[5.75396666],[1.44446077],[6.32266485]
[6.01549408],[1.50042183],[6.91142619]
[6.24451906],[1.55156629],[7.3381169]
[6.48840847],[1.5931349],[7.90508269]
[6.65876396],[1.62918238],[8.3975086]
[6.90021689],[1.66263401],[8.88294713]
[6.8950904],[1.68651335],[9.29183874]
[7.0579719],[1.71271653],[9.8089282]
[7.07409529],[1.74823549],[10.16083057]
[7.49306536],[1.81466879],[10.684717]
[7.81028127],[1.89418588],[11.1659253]
[8.14697784],[1.95148023],[11.75488515]
[8.44672058],[2.01009495],[12.26006757]
[8.84668021],[2.06321247],[12.93158743]
[9.16971437],[2.11907448],[13.52070032]
[9.51640566],[2.16211366],[14.3308628]
[9.83930955],[2.20863151],[14.99569341]
[10.23038532],[2.24605569],[15.74951321]
[10.40189169],[2.27968852],[16.35172923]
[10.62554717],[2.29818174],[17.02727098]
[10.82281166],[2.31644233],[17.58949552]
[11.0010907],[2.33249434],[18.25948156]
[11.15345436],[2.34809779],[18.84258392]
[11.37419651],[2.3686221],[19.45833041]
[11.51009782],[2.38727061],[19.9068667]
[11.74671677],[2.40354766],[20.37370939]
[11.87911945],[2.41367658],[20.6930995]
[12.02855634],[2.43705403],[21.02014707]
[12.12598277],[2.44282534],[21.2534873]
[12.17978941],[2.44775841],[21.49577714]
[12.26925672],[2.45476363],[21.64434847]
[12.1901291],[2.46465938],[21.69920719]
[12.19217917],[2.47122037],[21.65581963]
[12.13437808],[2.46112894],[21.60047053]
[12.11789122],[2.43881004],[21.48411915]
[12.06548175],[2.41793883],[21.38427962]
[12.04752936],[2.3968201],[21.24430583]
[12.00907812],[2.38056215],[21.10157961]
[12.00202715],[2.36232988],[20.89039955]
[11.95952598],[2.34384453],[20.68797663]
[11.9435059],[2.32737802],[20.44060977]
[11.91648982],[2.30995201],[20.15075564]
[11.897509],[2.29427509],[19.85476534]
[11.8774003],[2.28237145],[19.55310152]
[11.83564439],[2.27129035],[19.22273918]
[11.81674334],[2.2569515],[18.85334457]
[11.43307124],[2.24245587],[18.22266001]
[10.49011722],[2.22506392],[16.65844677]
[9.58437002],[2.19979922],[14.89888993]
[8.70639298],[2.17629334],[13.05533189]
[7.83536624],[2.15136195],[11.12606208]
[3.15634455],[1.0149163],[2.83182154]
[4.00998268],[1.12114951],[3.91136744]
[4.76363339],[1.29914907],[5.16476431]
[5.51771511],[1.41553605],[6.02243897]
[5.83730558],[1.47276313],[6.61374971]
[6.08513832],[1.53744586],[7.22139324]
[6.33329582],[1.5928105],[7.75251864]
[6.53982907],[1.63872941],[8.35537609]
[6.72233945],[1.678443],[8.86572029]
[6.95536067],[1.71262123],[9.40649978]
[6.97643529],[1.73623429],[9.88626828]
[7.2747122],[1.80564117],[10.50184105]
[7.45087018],[1.88167604],[10.9757307]
[7.80491286],[1.94114239],[11.61386814]
[8.1681003],[2.01023104],[12.1167495]
[8.56332025],[2.05582906],[12.7143627]
[8.84637991],[2.10600593],[13.27823339]
[9.21485119],[2.15102721],[14.07628383]
[9.56492046],[2.20016721],[14.76527976]
[9.94805073],[2.23875504],[15.58087376]
[10.23850799],[2.28007712],[16.2563015]
[10.6223309],[2.31368203],[17.04328529]
[10.91197965],[2.3452354],[17.67747617]
[11.10515023],[2.36607322],[18.42284593]
[11.25270151],[2.38625284],[19.07489669]
[11.50390378],[2.42501205],[19.91362689]
[11.59961125],[2.44331479],[20.60640462]
[11.84712408],[2.47812264],[21.32708455]
[12.00422233],[2.48946953],[21.98304233]
[12.19392085],[2.53468346],[22.56726044]
[12.3894384],[2.5603586],[23.02787748]
[12.5458253],[2.6119136],[23.51044914]
[12.66441354],[2.61647351],[23.86878645]
[12.74101335],[2.62497057],[24.174813]
[12.78670056],[2.63135991],[24.47569875]
[12.79101062],[2.63621243],[24.60685891]
[12.7708421],[2.64316029],[24.68906908]
[12.76801105],[2.64324052],[24.60926569]
[12.74754468],[2.59828012],[24.53428801]
[12.74076589],[2.55940203],[24.37590532]
[12.73090771],[2.51917641],[24.24648452]
[12.7217061],[2.4829512],[24.03677116]
[12.70172307],[2.45776343],[23.84573134]
[12.68793717],[2.43417649],[23.5871227]
[12.64967499],[2.40662242],[23.32687229]
[12.61923146],[2.38323384],[22.99419755]
[12.59813499],[2.36814731],[22.64171169]
[12.58013024],[2.35077938],[22.28294028]
[12.54981042],[2.33433888],[21.90110616]
[12.52719121],[2.32124539],[21.46791671]
[12.22841152],[2.30857178],[20.80556551]
[11.36393677],[2.29255505],[19.12718853]
[10.40314226],[2.27133236],[17.21554384]
[9.45660557],[2.2506096],[15.21832488]
[8.50978187],[2.22860059],[13.14629069]
[3.19183723],[1.02724535],[2.92191374]
[4.00968034],[1.14669368],[3.98455408]
[4.76363879],[1.32449963],[5.28174751]
[5.52261263],[1.44758052],[6.23806576]
[5.86331071],[1.5165866],[6.91344412]
[6.11793601],[1.5874176],[7.59699265]
[6.35696155],[1.6443837],[8.1901015]
[6.5850784],[1.68853275],[8.79176062]
[6.78336613],[1.72780486],[9.34888674]
[7.04058637],[1.78732982],[9.98846304]
[7.05211213],[1.87288541],[10.57603446]
[7.43663995],[1.94181693],[11.30185243]
[7.69447701],[2.0061575],[11.89343979]
[8.04967492],[2.05502933],[12.49270363]
[8.39228385],[2.10879903],[13.05534256]
[8.79092239],[2.14840093],[13.76058079]
[9.11088112],[2.19294969],[14.43681168]
[9.46175235],[2.2336015],[15.27235627]
[9.79990765],[2.27842493],[16.00815297]
[10.20236785],[2.31789301],[16.82188726]
[10.51795903],[2.36153818],[17.58163098]
[10.88381834],[2.41022232],[18.44373027]
[11.16417301],[2.44141185],[19.2004022]
[11.44942105],[2.49532681],[20.127941]
[11.56431889],[2.53218201],[20.93954884]
[11.83730074],[2.58668014],[21.91733822]
[11.98228828],[2.62044113],[22.81632618]
[12.19089086],[2.672667],[23.73893486]
[12.40072395],[2.68805709],[24.61618382]
[12.60045617],[2.73062584],[25.41803629]
[12.78806933],[2.75444622],[26.09060697]
[13.04251959],[2.7857648],[26.65175046]
[13.16011827],[2.79080833],[27.12268985]
[13.29436019],[2.79720724],[27.51810054]
[13.3534213],[2.80085564],[27.79859281]
[13.40485321],[2.80347295],[28.01903896]
[13.37987232],[2.80747908],[28.06538416]
[13.38623983],[2.80415697],[28.05193451]
[13.35473931],[2.77213032],[27.89996438]
[13.36623262],[2.73701816],[27.78614665]
[13.33729364],[2.70120534],[27.56643791]
[13.35256634],[2.66210457],[27.35916459]
[13.31232614],[2.62168686],[27.05195311]
[13.32310714],[2.58055893],[26.78545308]
[13.29094168],[2.53341554],[26.43205892]
[13.26063727],[2.48160428],[26.07636074]
[13.24903297],[2.45529324],[25.73577506]
[13.23483896],[2.42855989],[25.35718271]
[13.21228723],[2.40360295],[24.94340025]
[13.19402616],[2.38440595],[24.47901478]
[12.86662611],[2.37085723],[23.70709402]
[12.11178792],[2.35399999],[21.90310666]
[11.21273944],[2.33558653],[19.81522701]
[10.26616551],[2.31710901],[17.684988]
[9.31874066],[2.29762316],[15.51832892]
[3.21554974],[1.0326702],[2.96936103]
[4.00832615],[1.16268208],[4.03368153]
[4.77069095],[1.34668859],[5.40208407]
[5.5298512],[1.47109135],[6.40625467]
[5.88204629],[1.54486166],[7.13013831]
[6.15634746],[1.6229265],[7.84544228]
[6.4063907],[1.68059335],[8.44694258]
[6.65099469],[1.72655423],[9.06697934]
[6.83862627],[1.77651965],[9.71129827]
[7.13088021],[1.89172726],[10.45297355]
[7.19136591],[1.97294696],[11.09148069]
[7.57578309],[2.039792],[11.90518914]
[7.88258011],[2.09578133],[12.5697585]
[8.24493274],[2.14072617],[13.21351649]
[8.56235334],[2.19393892],[13.87856145]
[8.96348142],[2.23324255],[14.69880977]
[9.31078017],[2.27707407],[15.45735118]
[9.67096815],[2.31699374],[16.28712755]
[9.98163225],[2.36088258],[17.09814992]
[10.38409769],[2.41422309],[18.04937166]
[10.72253984],[2.46154446],[18.90320718]
[11.06922621],[2.53661954],[19.95917563]
[11.35776715],[2.61564758],[20.9395]
[11.6947789],[2.70446587],[22.00916345]
[11.84146872],[2.74066211],[23.09508039]
[12.09521962],[2.78331069],[24.2705377]
[12.30002269],[2.81254211],[25.31157844]
[12.50088535],[2.8438294],[26.40791709]
[12.70332148],[2.86125815],[27.44644303]
[12.95414696],[2.88901773],[28.33831146]
[13.09663457],[2.90871305],[29.09430651]
[13.3711506],[2.92295586],[29.71215983]
[13.54629817],[2.92791278],[30.18491007]
[13.66012789],[2.93136423],[30.57807595]
[13.77735542],[2.93285396],[30.86996178]
[13.80285004],[2.93830112],[31.0883901]
[13.84871771],[2.93754477],[31.2167651]
[13.80837271],[2.92873481],[31.18595425]
[13.84636073],[2.90839988],[31.07672429]
[13.7973738],[2.88188868],[30.9061181]
[13.83061283],[2.85608188],[30.73164017]
[13.77916054],[2.82901941],[30.50433939]
[13.80267686],[2.79677249],[30.24453009]
[13.74799173],[2.76194443],[29.97135737]
[13.76713358],[2.72492366],[29.64866989]
[13.71090414],[2.68287747],[29.25334893]
[13.69931244],[2.63930449],[28.88359489]
[13.68771473],[2.59335233],[28.48709131]
[13.67363113],[2.54410897],[28.06093007]
[13.65922078],[2.4892723],[27.53026978]
[13.31286739],[2.46133043],[26.68901653]
[12.55416135],[2.42791877],[24.74311386]
[11.75657904],[2.39599523],[22.49546931]
[10.83320876],[2.37926941],[20.22581651]
[9.88663372],[2.35952478],[17.93304919]
[3.22653786],[1.03874301],[3.00136586]
[4.02482612],[1.18543482],[4.15260365]
[4.78370894],[1.36597299],[5.53133616]
[5.54310629],[1.49047114],[6.58163474]
[5.9509112],[1.57050233],[7.34378014]
[6.23490032],[1.64948585],[8.06913992]
[6.48036884],[1.71101424],[8.68142308]
[6.73040606],[1.75855773],[9.36708034]
[6.90740504],[1.85803089],[10.09577031]
[7.25659108],[1.97162089],[10.9008411]
[7.3845035],[2.05688309],[11.65132818]
[7.72981811],[2.11919506],[12.52316807]
[8.06604318],[2.17168418],[13.27697523]
[8.45115286],[2.21367678],[13.98928534]
[8.78110356],[2.26387582],[14.79973939]
[9.16981534],[2.30215964],[15.61899281]
[9.53467085],[2.3451961],[16.38437036]
[9.93698962],[2.39093677],[17.29765615]
[10.24338275],[2.44309184],[18.22550874]
[10.6386815],[2.52341895],[19.25382522]
[10.99179059],[2.59922929],[20.2768689]
[11.35726332],[2.69599405],[21.49209506]
[11.64611345],[2.77981487],[22.61817111]
[11.97644603],[2.83973519],[23.87739673]
[12.1935091],[2.87540282],[25.06282515]
[12.40146457],[2.90690197],[26.32520118]
[12.61071211],[2.93292603],[27.50754019]
[12.85522349],[2.95444911],[28.58974344]
[13.0073422],[2.97104952],[29.72967086]
[13.27793315],[2.99263743],[30.62143951]
[13.43794668],[3.00916004],[31.45284237]
[13.67401269],[3.02423544],[32.22380572]
[13.90975961],[3.03302232],[32.81818118]
[14.01212144],[3.03345377],[33.23760894]
[14.12556895],[3.03271308],[33.60399514]
[14.18038672],[3.03683676],[33.8018262]
[14.19293682],[3.03559494],[33.95277185]
[14.19469395],[3.02452312],[33.92874251]
[14.19529963],[3.00243872],[33.83325146]
[14.20088323],[2.98133228],[33.64559219]
[14.20567324],[2.96062589],[33.49362217]
[14.19879062],[2.93953469],[33.22466411]
[14.19200248],[2.91348994],[32.98213996]
[14.18600971],[2.88431965],[32.66455774]
[14.18452549],[2.85381067],[32.38327592]
[14.17510665],[2.81818927],[31.99266836]
[14.14570933],[2.78019581],[31.6082533]
[14.1308277],[2.74163339],[31.19968196]
[14.11036806],[2.7024332],[30.75666955]
[14.09478781],[2.65699388],[30.22734345]
[13.75895619],[2.61141833],[29.30900244]
[12.99862931],[2.56237469],[27.31854243]
[12.2352023],[2.49977167],[24.9813768]
[11.40475381],[2.46586117],[22.55493503]
[10.47055343],[2.431865],[20.12832192]
[3.23796315],[1.04725123],[3.03936523]
[4.02879746],[1.21087799],[4.26212915]
[4.78807624],[1.39119621],[5.68190974]
[5.54777762],[1.51784915],[6.78855951]
[6.00507666],[1.61110247],[7.61244004]
[6.27862411],[1.684511],[8.34574577]
[6.53559444],[1.74495019],[8.97816235]
[6.78625126],[1.79109712],[9.72570587]
[6.97832492],[1.93175106],[10.55974308]
[7.38468281],[2.03764887],[11.40498595]
[7.60343093],[2.11690973],[12.22107753]
[7.95008009],[2.17909983],[13.16008829]
[8.3037421],[2.23044698],[13.95201988]
[8.71587507],[2.27228392],[14.8268943]
[9.06894915],[2.32236433],[15.65821082]
[9.44034694],[2.35926726],[16.49168804]
[9.79694753],[2.40305422],[17.33942175]
[10.22184729],[2.48043653],[18.40645516]
[10.54589581],[2.55740422],[19.39042997]
[10.90168361],[2.65215922],[20.54530877]
[11.22936813],[2.73273484],[21.7706123]
[11.62771641],[2.81115034],[23.05206035]
[11.91118178],[2.88376633],[24.35483722]
[12.24549806],[2.92641445],[25.62358496]
[12.49966267],[2.95846078],[26.90024079]
[12.73963669],[2.98346546],[28.14773876]
[12.89855829],[3.00705904],[29.31173646]
[13.1825131],[3.03454404],[30.52684982]
[13.32605504],[3.06041348],[31.61366586]
[13.56998549],[3.09206189],[32.62486094]
[13.77037077],[3.10551337],[33.58543313]
[13.97901191],[3.11943673],[34.40108858]
[14.20205248],[3.12774897],[35.13416494]
[14.37455299],[3.12636054],[35.65112222]
[14.45341586],[3.1249281],[36.07791746]
[14.56664777],[3.12287731],[36.3453326]
[14.52962453],[3.12145447],[36.50128652]
[14.5807751],[3.10887848],[36.5588011]
[14.53171403],[3.08951507],[36.42027929]
[14.58282269],[3.06812845],[36.26019319]
[14.54446808],[3.0380542],[36.02586282]
[14.58701385],[3.00792453],[35.7825093]
[14.52954573],[2.98591333],[35.47503264]
[14.57475732],[2.96200957],[35.20031556]
[14.52197865],[2.93704205],[34.86046729]
[14.55502314],[2.90756517],[34.49803043]
[14.50408504],[2.87562462],[34.07168674]
[14.49817784],[2.84092359],[33.64325028]
[14.48877689],[2.80411892],[33.17971042]
[14.48260611],[2.76650048],[32.66142697]
[14.1606508],[2.72729869],[31.79016508]
[13.41217583],[2.68540647],[29.72992273]
[12.65861362],[2.63258187],[27.33031473]
[11.90678615],[2.58032269],[24.83950963]
[11.03899883],[2.54928698],[22.27812692]
[3.24880313],[1.05852947],[3.08816611]
[4.03589583],[1.25458529],[4.45135413]
[4.79724867],[1.43372382],[5.89153737]
[5.55639539],[1.55560879],[7.0806637]
[6.11056265],[1.65861374],[7.98822028]
[6.36809628],[1.72107879],[8.68142384]
[6.64599565],[1.77944803],[9.40994043]
[6.88401167],[1.88124489],[10.22502109]
[7.06349372],[2.01071149],[11.14127146]
[7.55962507],[2.10317072],[12.02723245]
[7.8747593],[2.17993345],[12.9145568]
[8.26286984],[2.2415194],[13.85001376]
[8.57773816],[2.29196322],[14.78270731]
[8.99133867],[2.33164474],[15.67298484]
[9.37562341],[2.37879029],[16.55308396]
[9.75259144],[2.44652908],[17.48503655]
[10.07749645],[2.50684008],[18.47328938]
[10.50239865],[2.6073627],[19.59671834]
[10.86914052],[2.68917088],[20.75064607]
[11.19297642],[2.76903038],[22.03972384]
[11.48806351],[2.84694017],[23.34184186]
[11.88316165],[2.91176996],[24.73129747]
[12.19700841],[2.97093881],[26.04957493]
[12.53256707],[3.00311939],[27.36170507]
[12.79060514],[3.03691141],[28.65822432]
[13.09440154],[3.06756018],[29.92669643]
[13.2137791],[3.09804131],[31.18028118]
[13.48470084],[3.12607225],[32.35091566]
[13.67909757],[3.15192591],[33.57291157]
[13.87693052],[3.1814086],[34.6470331]
[14.08473333],[3.19201434],[35.67204179]
[14.3193247],[3.20600921],[36.6305171]
[14.50704559],[3.21081608],[37.45500072]
[14.73056506],[3.20848906],[38.14897521]
[14.81308856],[3.20622305],[38.6326381]
[14.89895199],[3.20343681],[38.97984179]
[14.90854914],[3.20111097],[39.14230716]
[14.94439944],[3.18968881],[39.26721728]
[14.92940684],[3.18557233],[39.13230571]
[14.93556085],[3.16435525],[38.98745213]
[14.92512603],[3.13426693],[38.71207266]
[14.935302],[3.10040287],[38.48189152]
[14.91685939],[3.06600797],[38.12264591]
[14.92342495],[3.03766166],[37.83268615]
[14.90961559],[3.00615752],[37.44502396]
[14.90749792],[2.97415767],[37.07416811]
[14.89296547],[2.94621767],[36.64549864]
[14.86734958],[2.91847165],[36.19440276]
[14.85523929],[2.88961003],[35.69419674]
[14.84543771],[2.85690089],[35.1464981]
[14.54333391],[2.82095674],[34.21981731]
[13.78774684],[2.7828231],[32.10856083]
[13.02148149],[2.74175301],[29.67490396]
[12.2677304],[2.69644019],[27.14755065]
[11.48063149],[2.64244671],[24.52964944]
[3.25993039],[1.0735169],[3.17075866]
[4.04353817],[1.30213632],[4.63613347]
[4.80384128],[1.48053869],[6.08464521]
[5.5637653],[1.59147547],[7.35673599]
[6.21289654],[1.69598008],[8.33570735]
[6.49160591],[1.75510872],[9.03775661]
[6.74993661],[1.82661297],[9.85832343]
[6.99739117],[1.95390242],[10.72859368]
[7.25609514],[2.06948188],[11.67462384]
[7.73442285],[2.15702315],[12.60395041]
[8.11983684],[2.23304957],[13.57399435]
[8.5796344],[2.29408929],[14.5541556]
[8.89295913],[2.34257248],[15.56337283]
[9.26820592],[2.38463446],[16.47384825]
[9.65468131],[2.45285012],[17.5067393]
[10.06359489],[2.55267836],[18.5486887]
[10.38824224],[2.63022339],[19.68842552]
[10.78273833],[2.72492558],[20.90210058]
[11.1265429],[2.81171572],[22.30644265]
[11.4886276],[2.87781305],[23.5758227]
[11.76542557],[2.94394026],[24.9923952]
[12.13674728],[3.0037023],[26.33825284]
[12.47298913],[3.04652912],[27.7634775]
[12.81612629],[3.08383985],[29.04972525]
[13.08964675],[3.12710781],[30.41964308]
[13.39889766],[3.15666713],[31.73210592]
[13.57044456],[3.18478731],[33.00374717]
[13.78188588],[3.21293118],[34.21242995]
[14.00555878],[3.24249669],[35.58442234]
[14.22280741],[3.26436703],[36.678517]
[14.39018745],[3.27514893],[37.86559052]
[14.66050129],[3.29215611],[38.92447064]
[14.83034308],[3.30826541],[39.89003736]
[15.03894918],[3.32782475],[40.72829348]
[15.20980876],[3.32310693],[41.32440362]
[15.25178439],[3.31805652],[41.7166114]
[15.30261534],[3.31238058],[41.9096738]
[15.32120065],[3.30665187],[42.02117748]
[15.34841974],[3.29888049],[41.98342482]
[15.30105834],[3.27380227],[41.77111213]
[15.32625142],[3.23397902],[41.53497302]
[15.28030602],[3.19313459],[41.24719085]
[15.31684829],[3.16913878],[40.92348148]
[15.26779917],[3.1311088],[40.56205805]
[15.30991672],[3.10351549],[40.19918038]
[15.25421456],[3.07215955],[39.74594089]
[15.29732994],[3.04159015],[39.3335572]
[15.24574334],[3.00926656],[38.84056388]
[15.2426623],[2.97481857],[38.34619239]
[15.23716681],[2.9396173],[37.78738967]
[14.94574614],[2.91051158],[36.80996285]
[14.20919466],[2.87935003],[34.63669764]
[13.46049151],[2.84499761],[32.14640168]
[12.71533736],[2.80541106],[29.58427148]
[11.86966803],[2.75674791],[26.91235461]
[3.27459009],[1.10256621],[3.29451289]
[4.05969641],[1.35603502],[4.85614961]
[4.81804623],[1.52943225],[6.30916769]
[5.57330628],[1.63445025],[7.66153563]
[6.32788358],[1.7331802],[8.70916817]
[6.62832232],[1.78985392],[9.47342065]
[6.86482882],[1.90382154],[10.36743503]
[7.11408919],[2.01677959],[11.25686082]
[7.5229166],[2.12551076],[12.30860704]
[7.95159642],[2.20886872],[13.21798779]
[8.37565881],[2.2842426],[14.25596645]
[8.84371892],[2.3435632],[15.31704176]
[9.21662483],[2.38938025],[16.35843161]
[9.57923961],[2.46096944],[17.34877967]
[9.93525921],[2.54173142],[18.54810889]
[10.35105604],[2.64422685],[19.64017411]
[10.70379919],[2.73409653],[20.87640011]
[11.06568745],[2.81711939],[22.22423838]
[11.37969008],[2.89586943],[23.66956494]
[11.76311727],[2.95458255],[24.97360376]
[12.05663086],[3.01461287],[26.42417575]
[12.39215605],[3.06730231],[27.79910035]
[12.7279858],[3.1333857],[29.36812229]
[13.10969188],[3.1773239],[30.68184503]
[13.37914822],[3.21825538],[32.18868179]
[13.70327494],[3.24849535],[33.4862712]
[13.90959301],[3.27615138],[34.88539229]
[14.11353967],[3.31981726],[36.19225178]
[14.30422702],[3.37354661],[37.75056298]
[14.57031982],[3.41367669],[39.0337747]
[14.70239167],[3.43643127],[40.35039354]
[14.96322509],[3.4684501],[41.60473374]
[15.17960314],[3.49514363],[42.63025172]
[15.33763294],[3.49745225],[43.61075703]
[15.54874489],[3.49622681],[44.34227015]
[15.62586713],[3.49140484],[44.80522838]
[15.68119873],[3.4872639],[45.06620294]
[15.70768152],[3.48039892],[45.1592865]
[15.7324289],[3.45478988],[45.13960354]
[15.69744971],[3.41832911],[44.89475611]
[15.7023879],[3.39147322],[44.57308606]
[15.67367736],[3.34395209],[44.18367537]
[15.68330877],[3.32442665],[43.86321528]
[15.65798688],[3.29465971],[43.44330316]
[15.66917367],[3.2481549],[43.11130693]
[15.64925244],[3.19393314],[42.62317188]
[15.66058223],[3.14455771],[42.19796623]
[15.64452899],[3.11446766],[41.65957123]
[15.62432271],[3.08256165],[41.12480655]
[15.61626801],[3.04969986],[40.52212781]
[15.30107638],[3.01738866],[39.46062685]
[14.56243157],[2.98408374],[37.24374732]
[13.8172978],[2.94657597],[34.69537275]
[13.07512212],[2.90888175],[32.04708479]
[12.29575081],[2.85598311],[29.2719815]
[3.27921668],[1.15835193],[3.43022473]
[4.06592276],[1.4043254],[5.05588446]
[4.82177589],[1.57703379],[6.54756751]
[5.57724928],[1.67881381],[7.94209789]
[6.33165842],[1.76623753],[9.0717241]
[6.73717182],[1.8275175],[9.903545]
[6.97695893],[1.96654335],[10.87355788]
[7.31397781],[2.07289129],[11.7981048]
[7.7406948],[2.18131642],[12.87734742]
[8.18409833],[2.25801123],[13.84461275]
[8.60246389],[2.33572933],[14.91120862]
[9.07727966],[2.38883961],[16.03353707]
[9.48778595],[2.45521437],[17.13067218]
[9.87751391],[2.54920352],[18.27213757]
[10.20718977],[2.64418741],[19.61621208]
[10.60923129],[2.73145529],[20.73910425]
[10.97246843],[2.82197043],[22.1550481]
[11.32772436],[2.89546702],[23.48928807]
[11.62053668],[2.96598369],[24.99426576]
[11.99818291],[3.02211418],[26.31444346]
[12.32984458],[3.07643945],[27.83441928]
[12.65848765],[3.14766777],[29.28882326]
[12.96034661],[3.22104247],[30.90782698]
[13.34180158],[3.26466594],[32.31231287]
[13.64778409],[3.31356794],[33.80852616]
[13.98473958],[3.37046844],[35.24967397]
[14.20556352],[3.42199159],[36.84165184]
[14.44949933],[3.46976874],[38.26411315]
[14.59419185],[3.51301543],[39.94626832]
[14.86681863],[3.55027136],[41.30803853]
[15.03753018],[3.58525399],[42.71738932]
[15.25711268],[3.62019455],[43.98470373]
[15.4894441],[3.64590662],[45.19912619]
[15.66112132],[3.65567383],[46.20775846]
[15.85398092],[3.65660992],[47.14041121]
[16.00381008],[3.65116347],[47.78696534]
[16.00172539],[3.64631949],[48.11622332]
[16.09026087],[3.6367809],[48.27863363]
[16.07578805],[3.60792008],[48.27274924]
[16.09443151],[3.54650905],[48.12044777]
[16.04646],[3.51598675],[47.76976878]
[16.06734518],[3.47212065],[47.35644833]
[16.03007066],[3.4465212],[46.90396818]
[16.05790266],[3.42341821],[46.47992042]
[16.01664918],[3.38886401],[46.04849443]
[16.05195409],[3.34326185],[45.58782572]
[16.00983907],[3.2959665],[45.08936166]
[16.04305407],[3.24682764],[44.55690262]
[16.00145891],[3.1999828],[43.9663788]
[15.99777855],[3.15460776],[43.36527703]
[15.68320365],[3.11850396],[42.24636846]
[14.94150002],[3.08840886],[39.9605621]
[14.20032247],[3.05475232],[37.36304439]
[13.4635309],[3.02093346],[34.64311569]
[12.72637435],[2.97820333],[31.80766552]
[3.28666475],[1.22741459],[3.60463896]
[4.06949193],[1.46519568],[5.26098258]
[4.82733008],[1.62310284],[6.82018345]
[5.58173203],[1.72547767],[8.2405216]
[6.33994445],[1.80060938],[9.52492395]
[6.85538906],[1.91394801],[10.44993331]
[7.07454732],[2.03570633],[11.47547943]
[7.52948115],[2.13641869],[12.45927417]
[7.97833852],[2.24560937],[13.56965855]
[8.44025403],[2.31770218],[14.53113862]
[8.86353882],[2.39268577],[15.76300641]
[9.32774458],[2.45514542],[16.81209968]
[9.7495885],[2.53976071],[18.07493689]
[10.18319662],[2.63937909],[19.34341086]
[10.52999678],[2.74583316],[20.79937775]
[10.8835356],[2.82137186],[22.0594843]
[11.22352733],[2.90057682],[23.54981537]
[11.60981867],[2.9654679],[24.87525077]
[11.90329499],[3.02741214],[26.43100642]
[12.24640495],[3.07584385],[27.7280103]
[12.59149531],[3.15502576],[29.42588902]
[12.95214594],[3.22569523],[30.83971406]
[13.23140946],[3.30547262],[32.54601882]
[13.59277961],[3.37713688],[33.92873608]
[13.93270815],[3.44627636],[35.60857538]
[14.26409],[3.49945752],[37.17554124]
[14.51688307],[3.54541413],[38.90150499]
[14.77976174],[3.59380877],[40.39884988]
[14.94263187],[3.65108357],[42.13979708]
[15.16954219],[3.69665557],[43.63454404]
[15.38999644],[3.73921488],[45.12161508]
[15.58927845],[3.77441585],[46.48582541]
[15.79550222],[3.79000232],[47.75691714]
[16.00608567],[3.79543536],[48.98287038]
[16.1591242],[3.7934444],[50.01377016]
[16.37859868],[3.78867296],[50.93590977]
[16.4179517],[3.78450586],[51.39574245]
[16.54915485],[3.77880075],[51.68503988]
[16.56891734],[3.74741352],[51.74982089]
[16.58671359],[3.69363773],[51.73049818]
[16.55631052],[3.64735488],[51.4124523]
[16.5676251],[3.60236695],[51.00079349]
[16.55489668],[3.5882464],[50.41262798]
[16.56596715],[3.5604461],[49.91772455]
[16.55731587],[3.51770296],[49.36671302]
[16.57247673],[3.4662986],[48.86300659]
[16.57769671],[3.42319049],[48.30681044]
[16.58283711],[3.38143495],[47.80209024]
[16.60094315],[3.33861984],[47.17512637]
[16.58708827],[3.29875732],[46.53869197]
[16.26236229],[3.25890487],[45.32279183]
[15.53436595],[3.21730523],[42.95970186]
[14.80537292],[3.17196602],[40.28979806]
[14.07995104],[3.12491366],[37.53712418]
[13.35195979],[3.09033971],[34.61169694]
[3.29292467],[1.30585171],[3.79485091]
[4.07399364],[1.52465308],[5.44919365]
[4.83594157],[1.66536838],[7.06818666]
[5.6433723],[1.76029006],[8.52161348]
[6.36639681],[1.8389076],[9.93470616]
[6.98959568],[1.97646239],[10.96971202]
[7.26897382],[2.09344283],[12.0941982]
[7.74701785],[2.20304832],[13.07165402]
[8.21128051],[2.30261274],[14.24890897]
[8.6864453],[2.37686941],[15.28977984]
[9.12344047],[2.44801968],[16.54833393]
[9.58056374],[2.5450566],[17.6726836]
[10.0084545],[2.65880375],[19.19883358]
[10.44188094],[2.74388069],[20.47194383]
[10.85059708],[2.83738877],[22.11938519]
[11.15836315],[2.90166986],[23.37421557]
[11.4734913],[2.97047191],[24.93216045]
[11.85852332],[3.02900559],[26.30547429]
[12.19387117],[3.08696847],[27.93421678]
[12.51460096],[3.15345145],[29.32597769]
[12.85114623],[3.22916639],[31.0266964]
[13.23071875],[3.30293596],[32.49571995]
[13.52957484],[3.39927082],[34.18282153]
[13.84301091],[3.48915011],[35.64192107]
[14.18946014],[3.5472226],[37.45519169]
[14.54890435],[3.60266254],[39.04235597]
[14.81749641],[3.66168101],[40.95431316]
[15.08644726],[3.71596487],[42.53555054]
[15.29854848],[3.77877668],[44.39372047]
[15.48453921],[3.83000931],[45.88595778]
[15.69480795],[3.87991266],[47.55165661]
[15.93845547],[3.90597921],[48.95518751]
[16.09634778],[3.91813184],[50.38218319]
[16.31752584],[3.91574312],[51.68378905]
[16.52416847],[3.91270013],[53.00078413]
[16.74669197],[3.90952817],[54.13059366]
[16.99754968],[3.90532465],[54.86710878]
[17.11066471],[3.89977744],[55.28461339]
[17.24616275],[3.86435876],[55.60174749]
[17.22671118],[3.81968635],[55.73051835]
[17.23425212],[3.77713345],[55.63291133]
[17.2150814],[3.73973691],[55.35248033]
[17.24547068],[3.73342784],[54.84994634]
[17.24154654],[3.71124327],[54.24443214]
[17.26520367],[3.67501361],[53.598934]
[17.27332202],[3.62035256],[52.90551368]
[17.29913177],[3.55998069],[52.3235862]
[17.30984131],[3.50367971],[51.66500179]
[17.32662766],[3.45633902],[51.06859569]
[17.36165565],[3.41983706],[50.32672533]
[16.98762763],[3.38396846],[49.02479221]
[16.26748382],[3.34779709],[46.6197789]
[15.54771895],[3.30800053],[43.92008421]
[14.82938225],[3.2676158],[41.03568594]
[14.11145592],[3.22775448],[38.05933963]
[3.29917169],[1.11223866],[3.0678027]
[4.08453719],[1.29653722],[4.60133625]
[4.84319168],[1.39348706],[6.11700302]
[5.69342092],[1.46710234],[7.47382616]
[6.48806046],[1.69016732],[8.97260201]
[7.10192086],[1.7992709],[10.05379713]
[7.54671072],[1.90488512],[11.17907134]
[8.00298635],[1.99000399],[12.12995164]
[8.46016715],[2.07320449],[13.3186617]
[8.93475045],[2.14836081],[14.33190655]
[9.39641601],[2.25143662],[15.64338794]
[9.8611902],[2.40756563],[16.85529843]
[10.27716099],[2.51323665],[18.46400347]
[10.71821364],[2.5980359],[19.68984162]
[11.10854122],[2.66271899],[21.43991702]
[11.45344533],[2.72403905],[22.60996411]
[11.74242018],[2.76896495],[24.25121954]
[12.11588072],[2.82538988],[25.54297196]
[12.47230023],[2.89385629],[27.34088975]
[12.80257935],[2.95964287],[28.61428303]
[13.10467498],[3.02454426],[30.34643884]
[13.48477897],[3.13150096],[31.74646021]
[13.82565098],[3.24647467],[33.54720206]
[14.13433647],[3.33148717],[35.02597693]
[14.44902796],[3.41573496],[36.93116492]
[14.82100443],[3.47106984],[38.60477178]
[15.11513169],[3.53460476],[40.59220952]
[15.39009302],[3.58679821],[42.24493123]
[15.61420804],[3.64401226],[44.06080222]
[15.83442482],[3.69247282],[45.63990918]
[15.99550621],[3.73857792],[47.36732574]
[16.26444236],[3.76731128],[48.96507868]
[16.43471996],[3.78872612],[50.38846646]
[16.63690651],[3.7972261],[51.93809871]
[16.88092678],[3.79599432],[53.32624096]
[17.22530448],[3.79280596],[54.83169709]
[17.54008635],[3.7878187],[56.02424685]
[17.84108039],[3.7948589],[56.83418899]
[18.01305927],[3.81905548],[57.38441132]
[18.07986982],[3.84228811],[57.79328931]
[18.05051708],[3.83496138],[57.99196147]
[18.07697163],[3.83084822],[57.96023848]
[18.09040006],[3.82440145],[57.54501414]
[18.11522943],[3.81799857],[57.06992444]
[18.13133782],[3.81133077],[56.43969082]
[18.16289131],[3.74753917],[55.82352143]
[18.20020056],[3.67653474],[55.06071223]
[18.20510856],[3.60588209],[54.3434387]
[18.25497045],[3.5334673],[53.59511366]
[18.26763978],[3.46291473],[52.90215951]
[17.92491515],[3.41451355],[51.42007633]
[17.17343074],[3.37736917],[49.01605558]
[16.46337649],[3.34701373],[46.43165933]
[15.74846993],[3.3145058],[43.72125541]
[15.01649817],[3.28243371],[40.81925692]
[4.68912932],[0.75432823],[2.42002575]
[3.91300418],[0.56229891],[1.9165143]
[4.88683463],[0.65071128],[2.5832446]
[5.72455962],[0.74077293],[3.3870168]
[6.57059092],[0.98442475],[4.43107779]
[6.94985629],[1.08563571],[5.22648947]
[7.25334823],[1.18626176],[6.08808562]
[7.44549731],[1.26716169],[6.79274293]
[8.05220604],[1.3464323],[7.6617864]
[8.12383578],[1.44316222],[8.4120066]
[8.84025362],[1.57398831],[9.41354897]
[9.13489634],[1.71626962],[10.5151204]
[9.8413288],[1.82277312],[11.755125]
[10.04066445],[1.89858164],[12.7914313]
[10.72109575],[1.95332271],[14.1678682]
[10.92194793],[2.00467763],[15.21526779]
[11.60918018],[2.05534711],[16.53683453]
[11.83734505],[2.1235323],[17.77234595]
[12.45238027],[2.19077781],[19.23326219]
[12.56899508],[2.25677841],[20.35764557]
[13.13066368],[2.35012608],[21.78997227]
[13.22763021],[2.47261378],[23.06141422]
[13.71071573],[2.56267001],[24.6590173]
[13.81984273],[2.65816792],[26.04208363]
[14.35028711],[2.75492952],[27.81812722]
[14.47302553],[2.80738172],[29.32797599]
[14.94340043],[2.86689488],[31.07081826]
[15.20329706],[2.90843461],[32.49910828]
[15.59843924],[2.96040648],[34.23046571]
[15.8138923],[3.00303872],[35.63694038]
[16.20039377],[3.06087447],[37.33993985]
[16.50976496],[3.12599688],[38.79223498]
[16.714601],[3.16549387],[40.33287378]
[16.96874361],[3.17808474],[41.76270785]
[17.26641578],[3.18332621],[43.20375513]
[17.60110026],[3.1885922],[44.74802499]
[17.9025507],[3.18995332],[46.21066651]
[18.31260174],[3.19900335],[47.45424535]
[18.75204607],[3.23143138],[48.43316505]
[18.98065055],[3.25145464],[48.94026893]
[18.99485536],[3.25467222],[49.29564027]
[19.02121557],[3.25661534],[49.51351463]
[19.00983853],[3.25197456],[49.41338999]
[19.04913306],[3.24673982],[48.98150154]
[19.01732489],[3.23578751],[48.3449804]
[19.06801148],[3.19668036],[47.59714444]
[19.04538857],[3.15469504],[46.80602605]
[19.0897997],[3.10924437],[45.98601609]
[19.057465],[2.97982023],[45.10658444]
[19.12008129],[2.89887466],[44.14148321]
[18.68621095],[2.82644875],[42.83370237]
[17.9999143],[2.76008033],[40.88855399]
[17.2187912],[2.70286171],[38.53515748]
[16.50060589],[2.65906542],[36.06967644]
[15.79407111],[2.62257858],[33.55006323]
