meltWidth,meltDepth,meltArea
[0.1867929],[0.04635176],[0.00411397]
[0.75303887],[0.160393],[0.05957678]
[0.97762642],[0.18712794],[0.09042382]
[1.25564659],[0.26512355],[0.16630265]
[1.46142283],[0.28932163],[0.22633632]
[1.67535222],[0.36394771],[0.33510514]
[1.85429808],[0.38679191],[0.40008924]
[1.94417563],[0.44084551],[0.47130346]
[2.06112706],[0.41433493],[0.48768259]
[2.09927733],[0.44088815],[0.52313207]
[2.15108998],[0.41207961],[0.5196234]
[2.1022527],[0.42865643],[0.52960764]
[2.10756297],[0.4110016],[0.51089635]
[2.0809862],[0.40371963],[0.50121355]
[2.07235321],[0.40521599],[0.50210147]
[2.09546511],[0.38622289],[0.49045829]
[2.06292883],[0.39332767],[0.49228724]
[2.11634455],[0.37431191],[0.48540592]
[2.06573697],[0.38052838],[0.482761]
[2.14673768],[0.36188824],[0.47628371]
[2.06726513],[0.36636485],[0.46743476]
[2.1843881],[0.3464911],[0.46711442]
[2.09076274],[0.35564213],[0.46021012]
[2.22666753],[0.3406784],[0.46078767]
[2.09039846],[0.34754905],[0.44634182]
[2.22658715],[0.33015211],[0.44709326]
[2.08441054],[0.34036735],[0.43200999]
[2.21740884],[0.32103391],[0.43074921]
[2.07925142],[0.33049713],[0.41825206]
[2.21026805],[0.31346124],[0.41721591]
[2.12943084],[0.3148488],[0.41167349]
[2.20118702],[0.31056496],[0.40683536]
[2.12421872],[0.30632457],[0.39010979]
[2.10590115],[0.30287445],[0.38000031]
[2.08765007],[0.29685218],[0.37103274]
[2.0686684],[0.29250765],[0.36377799]
[2.05307259],[0.28903739],[0.35637392]
[2.03984755],[0.28261751],[0.34800349]
[2.01244268],[0.27804743],[0.33968083]
[1.93200969],[0.25536674],[0.30321629]
[1.72557949],[0.22768462],[0.24658473]
[1.53124845],[0.19263317],[0.18757954]
[1.33829053],[0.15548395],[0.1313201]
[1.11429219],[0.11778458],[0.07876162]
[0.90557728],[0.07186737],[0.03591051]
[0.43463737],[0.02858322],[0.00567267]
[0.],[0.],[0.]
[0.],[0.],[0.]
[0.],[0.],[0.]
[0.],[0.],[0.]
[0.],[0.],[0.]
[0.],[0.],[0.]
[0.],[0.],[0.]
[0.],[0.],[0.]
[0.],[0.],[0.]
[1.16324166],[0.33971407],[0.19581608]
[1.72415613],[0.47882587],[0.47428654]
[1.9321492],[0.52967218],[0.61310104]
[1.9997269],[0.60530033],[0.75234908]
[2.20777927],[0.64688232],[0.91058286]
[2.20695592],[0.72006297],[1.03148567]
[2.34785964],[0.7551192],[1.15275842]
[2.3365546],[0.77565131],[1.22583864]
[2.38571375],[0.81213391],[1.28999169]
[2.40494928],[0.80774031],[1.3159943]
[2.3432748],[0.81477983],[1.31000063]
[2.54555368],[0.78726255],[1.38854442]
[2.42105109],[0.79743607],[1.32189417]
[2.57500779],[0.7831059],[1.39908306]
[2.47512649],[0.79470625],[1.34775273]
[2.63939563],[0.80322223],[1.45070632]
[2.53325826],[0.82076073],[1.39380181]
[2.68903446],[0.82999011],[1.50154952]
[2.56443825],[0.85106694],[1.42477056]
[2.70512324],[0.90598496],[1.55769926]
[2.54172443],[0.96779363],[1.49991584]
[2.71893618],[0.9964515],[1.68145305]
[2.54557197],[1.00243079],[1.62532515]
[2.72627499],[1.00443821],[1.77402216]
[2.59185307],[1.01520395],[1.69666539]
[2.73972575],[1.01638103],[1.80894986]
[2.61885749],[1.02632756],[1.73776376]
[2.7479424],[1.02510274],[1.84431922]
[2.62520716],[1.03732352],[1.78601963]
[2.7493638],[1.03416412],[1.88258219]
[2.70393665],[1.04612494],[1.88133538]
[2.75663191],[1.05074097],[1.93216645]
[2.71415745],[1.05459546],[1.89305683]
[2.66875843],[1.06325621],[1.88345948]
[2.65155146],[1.07151143],[1.88207886]
[2.62724392],[1.07965657],[1.87910523]
[2.59723494],[1.08627486],[1.87157069]
[2.56938557],[1.08797306],[1.86990183]
[2.52344402],[1.09040984],[1.86925217]
[2.46275342],[1.09189562],[1.85802373]
[2.36214983],[1.08053969],[1.81443264]
[2.27421273],[1.06484744],[1.77388821]
[2.21277103],[1.05369759],[1.75095523]
[2.11779246],[1.04397396],[1.71229445]
[1.98748298],[1.02975366],[1.65088182]
[1.81118786],[1.01710877],[1.5886358]
[1.68342105],[1.00493407],[1.52738117]
[1.68724266],[0.9945368],[1.44737053]
[1.70216608],[0.98004605],[1.36051847]
[1.71666753],[0.96633777],[1.24494912]
[1.72882079],[0.95266088],[1.12705964]
[1.73851195],[0.9335932],[1.03697863]
[1.74818286],[0.87851905],[0.95591962]
[0.],[0.],[0.]
[0.],[0.],[0.]
[1.5285535],[0.42340478],[0.42690096]
[2.06121619],[0.57010456],[0.7664708]
[2.22427278],[0.6472964],[0.96585078]
[2.31901218],[0.69490927],[1.11475308]
[2.40755293],[0.75341863],[1.2471562]
[2.47581646],[0.7719207],[1.32909044]
[2.55913335],[0.79662703],[1.41141972]
[2.72802153],[0.79578656],[1.49923086]
[2.76794151],[0.83444936],[1.52227612]
[2.91627146],[0.8318224],[1.65274442]
[2.86719937],[0.86128721],[1.60570082]
[2.98261447],[0.86181836],[1.73184239]
[2.95995317],[0.86780048],[1.67740969]
[3.05333605],[0.87729214],[1.81856189]
[3.06138641],[0.87660064],[1.76763696]
[3.12224734],[0.89121813],[1.92128578]
[3.17459491],[0.8947557],[1.88887891]
[3.22645888],[0.90737059],[2.03078572]
[3.26204745],[0.91020816],[1.99631535]
[3.31961353],[0.91966274],[2.10099138]
[3.3415309],[0.92999526],[2.05835947]
[3.40697845],[0.93726876],[2.15978648]
[3.39324817],[0.94944415],[2.10484155]
[3.45648582],[0.9447604],[2.17386085]
[3.43933614],[0.95603892],[2.12085994]
[3.49257508],[0.94470116],[2.19350351]
[3.44890206],[0.9600137],[2.14128115]
[3.50516852],[0.94530734],[2.2048211]
[3.46334682],[0.96037553],[2.15733486]
[3.50428974],[0.96158005],[2.20553134]
[3.50854909],[1.02059881],[2.23825776]
[3.50026585],[0.99728484],[2.21129987]
[3.48912312],[1.01140768],[2.189128]
[3.46773052],[1.0194632],[2.14467293]
[3.42556688],[1.03278457],[2.12574726]
[3.40656269],[1.05243403],[2.11435825]
[3.37441415],[1.06682597],[2.08594932]
[3.34484075],[1.09058471],[2.08390708]
[3.2800431],[1.11921334],[2.08717714]
[3.20264222],[1.13408304],[2.07196326]
[3.11611738],[1.13974653],[2.03971035]
[3.04511604],[1.14850626],[2.02012793]
[2.98160674],[1.14978117],[2.01728838]
[2.92009762],[1.14541844],[2.01052003]
[2.87725447],[1.14261023],[2.00509626]
[2.82964404],[1.14189975],[1.98740244]
[2.77852493],[1.13819869],[1.98807341]
[2.61110404],[1.13132186],[1.94145859]
[2.40026451],[1.12046285],[1.9018478]
[2.09643438],[1.10716682],[1.83961527]
[1.86632678],[1.09171117],[1.67870993]
[1.94796159],[1.07611442],[1.63509647]
[2.00989871],[1.05942556],[1.5873632]
[0.],[0.],[0.]
[0.],[0.],[0.]
[1.53523705],[0.43057146],[0.4605613]
[2.09084769],[0.55668791],[0.80491376]
[2.224075],[0.63645897],[0.98672661]
[2.31160975],[0.68532298],[1.13244934]
[2.40862406],[0.75042081],[1.27596401]
[2.48919703],[0.77358107],[1.35871818]
[2.64223627],[0.81437895],[1.46280126]
[2.84877579],[0.8304997],[1.56929805]
[2.91540611],[0.87307529],[1.62689566]
[2.97806868],[0.88125037],[1.72284116]
[3.01877229],[0.8848194],[1.73734071]
[3.06830551],[0.89273244],[1.83369478]
[3.12222494],[0.89875407],[1.85799863]
[3.16648255],[0.91227395],[1.95170525]
[3.2253951],[0.91783778],[1.99311642]
[3.2728443],[0.93062649],[2.06962277]
[3.32722283],[0.94260649],[2.10447747]
[3.40963562],[0.95545721],[2.17754908]
[3.44704891],[0.96691665],[2.21030974]
[3.54016792],[0.98497469],[2.275745]
[3.54375915],[0.99000299],[2.2816764]
[3.62538426],[1.01200585],[2.35139207]
[3.5812953],[1.01006837],[2.34720121]
[3.64736041],[1.01901821],[2.38864049]
[3.60217624],[1.01572991],[2.36851808]
[3.67068539],[1.0154954],[2.39851019]
[3.60380063],[1.01558817],[2.36014288]
[3.67486213],[1.01323662],[2.38892821]
[3.612713],[1.01716432],[2.37865591]
[3.66535704],[1.01202223],[2.38277571]
[3.63881504],[1.0552966],[2.427566]
[3.6498309],[1.04194222],[2.37763741]
[3.61504407],[1.05719711],[2.37377457]
[3.60195303],[1.06598456],[2.32403299]
[3.54531663],[1.07976083],[2.29477231]
[3.51946928],[1.09917998],[2.27321003]
[3.47536025],[1.11323172],[2.23853759]
[3.41608655],[1.13638067],[2.23966807]
[3.35366734],[1.16432162],[2.24421825]
[3.28947512],[1.17725923],[2.23417379]
[3.21351836],[1.17742586],[2.20199056]
[3.15291826],[1.18044559],[2.17064955]
[3.09845012],[1.17677417],[2.1421898]
[3.04870135],[1.16602175],[2.11220526]
[3.00964621],[1.15963195],[2.08701622]
[2.96567528],[1.15765319],[2.05032174]
[2.90349849],[1.1517165],[2.03534129]
[2.7037127],[1.14404456],[1.96794464]
[2.50877971],[1.13882137],[1.92210286]
[2.26626638],[1.12920034],[1.88641277]
[1.83405969],[1.11292572],[1.75351403]
[1.92581238],[1.09678248],[1.6770968]
[1.98130059],[1.07881672],[1.62258088]
[0.],[0.],[0.]
[0.],[0.],[0.]
[1.53383984],[0.40176168],[0.44859547]
[2.11072511],[0.53831188],[0.81702864]
[2.243009],[0.63431578],[1.00946888]
[2.34313141],[0.68481135],[1.15226043]
[2.43511357],[0.76563812],[1.31946987]
[2.59590801],[0.80713607],[1.44224106]
[2.7965958],[0.84866133],[1.56897878]
[2.97811846],[0.86540892],[1.70290509]
[3.07986761],[0.897243],[1.79765811]
[3.1110838],[0.9052105],[1.90439963]
[3.16999248],[0.91940713],[1.95374747]
[3.20308974],[0.9313234],[2.0469445]
[3.25865975],[0.94748931],[2.08417022]
[3.32669654],[0.96102796],[2.17371493]
[3.37637608],[0.97449743],[2.21477018]
[3.45957742],[0.99212309],[2.29225136]
[3.49676381],[1.00061282],[2.3356491]
[3.60486386],[1.02296863],[2.42643249]
[3.61813821],[1.02841828],[2.45925403]
[3.71199781],[1.04697161],[2.54321201]
[3.68228133],[1.0514995],[2.5686649]
[3.76330699],[1.0626706],[2.62908591]
[3.70644831],[1.0692761],[2.62981652]
[3.78593481],[1.06570824],[2.66130538]
[3.71721085],[1.07345332],[2.64449417]
[3.78978813],[1.06656041],[2.66148845]
[3.6907231],[1.07389159],[2.61006595]
[3.75821291],[1.06477199],[2.61321646]
[3.66930498],[1.07398569],[2.56886219]
[3.72090131],[1.06377783],[2.56190969]
[3.67624115],[1.09131552],[2.57528232]
[3.68789189],[1.09202304],[2.52957594]
[3.63309169],[1.10571826],[2.50041378]
[3.62121503],[1.11711108],[2.42576874]
[3.54150072],[1.12975421],[2.39912445]
[3.480015],[1.14540959],[2.38162373]
[3.41093684],[1.16567244],[2.36481579]
[3.36190772],[1.18837441],[2.37600396]
[3.29906744],[1.21080845],[2.3735277]
[3.24051655],[1.22188394],[2.35366779]
[3.18628609],[1.2199331],[2.3265429]
[3.14751905],[1.21270589],[2.29324075]
[3.11232734],[1.20827855],[2.26527665]
[2.96129029],[1.20186048],[2.17738914]
[2.75314078],[1.19588914],[2.06611369]
[2.56351813],[1.19082367],[1.96458805]
[2.37883967],[1.18231898],[1.90786352]
[2.07622806],[1.1705387],[1.81920476]
[1.76377971],[1.15869727],[1.73302612]
[1.8407399],[1.14736237],[1.68832634]
[1.94319423],[1.13076175],[1.65480723]
[1.99783644],[1.10940309],[1.5940443]
[2.03438964],[1.08622643],[1.51438051]
[0.],[0.],[0.]
[0.],[0.],[0.]
[1.57713727],[0.42788683],[0.52043292]
[2.13122864],[0.54455441],[0.83543679]
[2.27006125],[0.63406386],[1.02403068]
[2.36761438],[0.70199449],[1.18916729]
[2.45550402],[0.79093329],[1.3831456]
[2.65417395],[0.83125394],[1.54399667]
[2.85360691],[0.86393138],[1.68651226]
[3.01527806],[0.88262141],[1.83840566]
[3.13285885],[0.92194415],[1.94887109]
[3.1716644],[0.94737688],[2.09817478]
[3.24220924],[0.97233497],[2.18566439]
[3.28971029],[0.97879218],[2.27628323]
[3.34462214],[0.99171795],[2.33809859]
[3.42913319],[1.00962087],[2.44120623]
[3.47438073],[1.03620758],[2.50831702]
[3.56524085],[1.0554791],[2.60034114]
[3.58664982],[1.07942186],[2.65447489]
[3.69861402],[1.09959105],[2.74278563]
[3.67709065],[1.11947567],[2.80003167]
[3.78093141],[1.13493523],[2.87004073]
[3.73207655],[1.14704856],[2.90905339]
[3.82139086],[1.15402494],[2.9604601]
[3.75923051],[1.16710626],[2.97095394]
[3.84347662],[1.16237809],[2.9953799]
[3.76629708],[1.17169981],[2.97482126]
[3.84646436],[1.17156337],[2.9883081]
[3.74435243],[1.17139043],[2.94839169]
[3.82194144],[1.17304232],[2.95373287]
[3.72848395],[1.17762964],[2.91599575]
[3.78688537],[1.17700083],[2.89825547]
[3.73176852],[1.19971905],[2.9021654]
[3.7467078],[1.20157937],[2.85411775]
[3.68413727],[1.21261971],[2.830471]
[3.67057765],[1.22126409],[2.74125278]
[3.56125389],[1.24173874],[2.6929799]
[3.49579303],[1.26549078],[2.70232667]
[3.43130487],[1.28118364],[2.70618415]
[3.37776766],[1.29695376],[2.70763347]
[3.33567998],[1.31323031],[2.70582661]
[3.28638987],[1.31427638],[2.67743728]
[3.22316385],[1.30550209],[2.63377008]
[3.1423834],[1.29158094],[2.56613434]
[2.94191739],[1.2786269],[2.44671207]
[2.69352033],[1.26924997],[2.34241597]
[2.47366629],[1.2632688],[2.29130597]
[2.28991217],[1.25658761],[2.26880216]
[2.15330061],[1.24787727],[2.21323996]
[2.20385024],[1.23726894],[2.1214722]
[2.24429452],[1.2255395],[2.05265645]
[2.27418351],[1.21123059],[2.00202551]
[2.2914048],[1.19363094],[1.93576842]
[2.30143433],[1.17555592],[1.85885339]
[2.30983416],[1.13321496],[1.73473167]
[0.],[0.],[0.]
[0.],[0.],[0.]
[1.62132289],[0.43982242],[0.5787364]
[2.15715436],[0.55705478],[0.88294449]
[2.30648463],[0.65773543],[1.09873575]
[2.38970181],[0.72758377],[1.28227091]
[2.47862255],[0.81116],[1.47064617]
[2.69566281],[0.85397412],[1.64988843]
[2.88849101],[0.88086382],[1.80122034]
[3.05784878],[0.90648538],[1.98588781]
[3.20055971],[0.97028082],[2.15372762]
[3.24019733],[1.00944787],[2.30719912]
[3.31503764],[1.03685382],[2.42301421]
[3.3766656],[1.07051166],[2.53170464]
[3.42875822],[1.11289626],[2.63376016]
[3.52491659],[1.13856368],[2.73879563]
[3.54858081],[1.16668779],[2.8005134]
[3.6594728],[1.18643777],[2.88988272]
[3.6554762],[1.20780163],[2.96224684]
[3.77257831],[1.22645018],[3.04753233]
[3.74427649],[1.24656039],[3.11922327]
[3.84041219],[1.2585246],[3.19171553]
[3.78621158],[1.2659808],[3.2362277]
[3.88197585],[1.27440876],[3.29516999]
[3.8141384],[1.28158919],[3.29924151]
[3.90087179],[1.28625625],[3.33269085]
[3.82423343],[1.29000619],[3.30295435]
[3.91247025],[1.29277355],[3.33306503]
[3.80056749],[1.29268725],[3.28001684]
[3.8794082],[1.29382765],[3.29316498]
[3.77000563],[1.29716946],[3.23091729]
[3.83128328],[1.29680853],[3.22582751]
[3.76276735],[1.30540986],[3.2054476]
[3.78493708],[1.30272083],[3.16195895]
[3.69635885],[1.31769374],[3.10684149]
[3.66877176],[1.33319648],[3.05231483]
[3.56130683],[1.34749913],[3.03550474]
[3.499033],[1.36349757],[3.03166789]
[3.43241829],[1.37433638],[3.02019264]
[3.38734225],[1.38352706],[3.01602561]
[3.34720943],[1.38825158],[3.0017677]
[3.29643028],[1.3847619],[2.98913481]
[3.20281624],[1.37185784],[2.96474818]
[2.96183658],[1.35527093],[2.86907376]
[2.69678565],[1.3402049],[2.76705748]
[2.43893551],[1.32390574],[2.68213629]
[2.45736059],[1.3113171],[2.59926788]
[2.47234133],[1.30052874],[2.50027248]
[2.48788004],[1.28952946],[2.39374596]
[2.49442871],[1.27708217],[2.33095983]
[2.49860969],[1.26445038],[2.27135926]
[2.49463921],[1.24815327],[2.20061929]
[2.48760474],[1.22908795],[2.11902439]
[2.47993449],[1.20281987],[2.00269848]
[2.47327612],[1.12920961],[1.85670827]
[0.],[0.],[0.]
[0.61350683],[0.06666885],[0.01951552]
[1.64104727],[0.4608339],[0.63060432]
[2.1926425],[0.60273715],[0.97609128]
[2.35241284],[0.70246512],[1.21217472]
[2.4192177],[0.77181642],[1.38731873]
[2.52773392],[0.83833],[1.56958878]
[2.76302113],[0.88409364],[1.77564772]
[2.93610403],[0.90903748],[1.94301503]
[3.10311149],[0.97464067],[2.19351508]
[3.26695939],[1.01944587],[2.3646879]
[3.31582752],[1.07605497],[2.53662305]
[3.39214211],[1.11893286],[2.68302195]
[3.46934753],[1.15597184],[2.80660087]
[3.50670639],[1.19581268],[2.90185226]
[3.6175615],[1.22345262],[3.02036221]
[3.63124943],[1.25086619],[3.0996602]
[3.73331405],[1.27005239],[3.20282012]
[3.72548417],[1.29150079],[3.29237558]
[3.84653041],[1.30982411],[3.38614259]
[3.80056096],[1.33010849],[3.44658578]
[3.8948426],[1.34050557],[3.51992056]
[3.83797157],[1.35219829],[3.5527452]
[3.93914667],[1.36270776],[3.61064051]
[3.86907744],[1.37387003],[3.61774906]
[3.96397334],[1.38095611],[3.66851839]
[3.88906736],[1.38468248],[3.63923969]
[3.98509407],[1.38639461],[3.68691346]
[3.86822133],[1.38570094],[3.61859314]
[3.95454996],[1.38631649],[3.65088413]
[3.84247868],[1.38822071],[3.59644867]
[3.91257899],[1.39049932],[3.60022493]
[3.84048394],[1.4012566],[3.58244784]
[3.85959308],[1.40751283],[3.58493897]
[3.75771636],[1.41361242],[3.50471166]
[3.71553704],[1.41871974],[3.41667201]
[3.57964164],[1.42527482],[3.37175756]
[3.5110274],[1.43816517],[3.359175]
[3.44850976],[1.4471086],[3.34988872]
[3.39778646],[1.44777925],[3.34111513]
[3.3536569],[1.4443761],[3.35838977]
[3.26621055],[1.43680658],[3.34094141]
[3.0061564],[1.42071329],[3.22442682]
[2.74696358],[1.40228554],[3.09871786]
[2.68394134],[1.38520836],[2.98107697]
[2.67477348],[1.3663882],[2.86653707]
[2.66944498],[1.34803337],[2.73166498]
[2.66514013],[1.3302832],[2.60294693]
[2.65980918],[1.31683206],[2.53569244]
[2.65320968],[1.3023113],[2.4677433]
[2.63786076],[1.28661034],[2.38428595]
[2.62342107],[1.26833334],[2.30285952]
[2.60926521],[1.24778147],[2.21133152]
[2.593587],[1.18731292],[2.05544484]
[2.57800088],[1.11739555],[1.92453641]
[0.],[0.],[0.]
[0.79288682],[0.11782162],[0.08500254]
[1.62968792],[0.50566601],[0.66497653]
[2.21083141],[0.64199324],[1.04125609]
[2.35968861],[0.73575138],[1.2748285]
[2.43144481],[0.80398922],[1.45480681]
[2.57701828],[0.86434273],[1.64973693]
[2.81272747],[0.90972435],[1.88434987]
[2.9896857],[0.96387262],[2.1080708]
[3.15446458],[1.01787858],[2.35670073]
[3.341772],[1.0779774],[2.566751]
[3.41475678],[1.1439392],[2.74137616]
[3.49579256],[1.18166115],[2.91237307]
[3.58278212],[1.21555458],[3.05492811]
[3.62017752],[1.25489877],[3.15402421]
[3.72612866],[1.27596545],[3.27188567]
[3.72547242],[1.30118143],[3.36832881]
[3.84074738],[1.31968502],[3.47371061]
[3.82394758],[1.33770937],[3.55416982]
[3.94292291],[1.35365709],[3.65106662]
[3.88316152],[1.37068951],[3.69631283]
[3.97906247],[1.37886026],[3.80390967]
[3.91503425],[1.38909672],[3.81202593]
[4.01669807],[1.39866703],[3.92270123]
[3.9320117],[1.40877539],[3.88657304]
[4.03344171],[1.41573005],[4.00115822]
[3.93705843],[1.42016896],[3.92173292]
[4.04153721],[1.42271255],[4.02781281]
[3.90885339],[1.42420562],[3.9217929]
[4.0131186],[1.4261278],[4.0110366]
[3.86483422],[1.43091832],[3.89667119]
[3.91500379],[1.43862464],[3.911624]
[3.79102847],[1.45324811],[3.81910808]
[3.76462141],[1.4574857],[3.82365973]
[3.63712204],[1.46546537],[3.74824507]
[3.62765631],[1.47215811],[3.75427279]
[3.53406134],[1.47121207],[3.69788589]
[3.47095868],[1.46980072],[3.67402503]
[3.33677997],[1.46706759],[3.63666666]
[3.08504819],[1.46424646],[3.55672419]
[3.05644437],[1.46101536],[3.47145652]
[3.05833521],[1.45202933],[3.37787141]
[3.05840193],[1.43081217],[3.24608556]
[3.06242614],[1.40965664],[3.12006275]
[3.04502831],[1.39091523],[2.9641834]
[3.00161956],[1.37055879],[2.8371117]
[2.96244242],[1.34957522],[2.72991309]
[2.92444688],[1.32648044],[2.63534087]
[2.88464992],[1.30980351],[2.55119925]
[2.83967311],[1.29157616],[2.4599288]
[2.7902401],[1.24715812],[2.31910992]
[2.74089294],[1.18562751],[2.18464723]
[2.7200626],[1.13482579],[2.06253419]
[2.69842424],[1.09072954],[1.94687448]
[2.67900977],[1.0449627],[1.85085081]
[0.],[0.],[0.]
[0.79330609],[0.13930221],[0.09891545]
[1.64544121],[0.54295703],[0.71261072]
[2.23701016],[0.67769064],[1.11245577]
[2.37878059],[0.77083495],[1.34989652]
[2.4497449],[0.83817258],[1.53222087]
[2.62811409],[0.89615891],[1.75537866]
[2.86693574],[0.94603193],[2.05939963]
[3.04122922],[1.03803445],[2.32441241]
[3.18461035],[1.09275692],[2.54253305]
[3.38107174],[1.16356864],[2.75988122]
[3.47376264],[1.21376964],[2.96468116]
[3.55699618],[1.24709937],[3.15369931]
[3.65734921],[1.27596973],[3.3031478]
[3.69297672],[1.30481622],[3.4226619]
[3.79514909],[1.32093741],[3.5368611]
[3.81500964],[1.34154544],[3.62738004]
[3.93508606],[1.35761795],[3.74407124]
[3.93486672],[1.37527105],[3.82628847]
[4.05395506],[1.39113932],[3.97803714]
[4.0015066],[1.40712925],[4.00206058]
[4.1032423],[1.41579064],[4.16766524]
[4.04278641],[1.42723611],[4.15191697]
[4.15423686],[1.43828998],[4.3059826]
[4.08846115],[1.44871872],[4.25518241]
[4.18381053],[1.45778121],[4.39060779]
[4.1321069],[1.46267453],[4.32318752]
[4.20324012],[1.46576273],[4.42547961]
[4.09975472],[1.46736522],[4.33254569]
[4.15012847],[1.4704335],[4.40527922]
[4.03510622],[1.48071978],[4.30244195]
[4.03703229],[1.48745914],[4.33507511]
[3.92984541],[1.4991783],[4.24531637]
[3.86485978],[1.50294124],[4.23202534]
[3.73208141],[1.50949888],[4.14411303]
[3.67939998],[1.50837193],[4.1345611]
[3.53088811],[1.50613397],[4.06034438]
[3.42255207],[1.50402026],[4.01819487]
[3.42558794],[1.49989051],[3.9271345]
[3.4343776],[1.49559617],[3.83786534]
[3.44261654],[1.49098787],[3.74774214]
[3.44820872],[1.48223627],[3.62702242]
[3.44662456],[1.46376843],[3.50231116]
[3.45738788],[1.44344907],[3.36488848]
[3.46237804],[1.42422418],[3.22913937]
[3.46479728],[1.40465908],[3.177891]
[3.46333681],[1.38398684],[3.12000241]
[3.42782614],[1.35992597],[2.98882178]
[3.38253876],[1.3351283],[2.86049288]
[3.31769573],[1.31708275],[2.73596579]
[3.24372203],[1.2589598],[2.56983896]
[3.18333512],[1.19906483],[2.41256293]
[3.12608585],[1.14201304],[2.26048179]
[3.07439105],[1.09471973],[2.12405669]
[3.01843228],[1.05356346],[2.01346768]
[0.],[0.],[0.]
[0.8152732],[0.18493349],[0.14227745]
[1.66266082],[0.5794774],[0.75710556]
[2.28546756],[0.71115253],[1.18961227]
[2.41211122],[0.80487055],[1.43138204]
[2.47505265],[0.8676819],[1.61660177]
[2.68696951],[0.92660366],[1.86261287]
[2.94313454],[1.01737019],[2.27555221]
[3.1281562],[1.07383025],[2.48151643]
[3.23455728],[1.13389694],[2.68163423]
[3.44511463],[1.19814805],[2.91828573]
[3.54829795],[1.2438385],[3.1487389]
[3.6367204],[1.2755995],[3.35964386]
[3.74525644],[1.30355417],[3.52599953]
[3.77975875],[1.33279393],[3.64778037]
[3.90708769],[1.35071179],[3.79136008]
[3.92287551],[1.37215466],[3.88493505]
[4.07517129],[1.3893917],[4.06846434]
[4.06086641],[1.40804538],[4.11737704]
[4.19609116],[1.42456],[4.33106249]
[4.14418181],[1.44075946],[4.3355295]
[4.24764664],[1.45134144],[4.52817554]
[4.20340374],[1.46457135],[4.51160816]
[4.29875085],[1.47720252],[4.6857326]
[4.25687825],[1.49071587],[4.64304978]
[4.32830106],[1.50174573],[4.77822139]
[4.27447274],[1.50753941],[4.69581988]
[4.32691197],[1.51107002],[4.80129358]
[4.22952108],[1.51409183],[4.69599042]
[4.26056849],[1.51873526],[4.7684171]
[4.15445437],[1.52807037],[4.66341373]
[4.15655667],[1.53333929],[4.70485287]
[4.06685904],[1.54292337],[4.63337048]
[3.99133008],[1.54740714],[4.62551033]
[3.81715561],[1.55174896],[4.51621629]
[3.77268108],[1.54897385],[4.48705437]
[3.73598919],[1.5461295],[4.40786615]
[3.73560968],[1.54327893],[4.32762108]
[3.72915508],[1.5383792],[4.22260394]
[3.72699352],[1.53340477],[4.1210008]
[3.72239318],[1.52748465],[3.99489914]
[3.71399271],[1.51808461],[3.86434643]
[3.69837483],[1.49866951],[3.72481351]
[3.70036926],[1.48005332],[3.58727041]
[3.69711265],[1.46105865],[3.45467688]
[3.66033653],[1.43884323],[3.33514688]
[3.63106902],[1.41901399],[3.27187231]
[3.61408951],[1.39528812],[3.19860374]
[3.59018587],[1.37145493],[3.11973458]
[3.55412118],[1.33939061],[2.97732049]
[3.52375632],[1.25875908],[2.8076918]
[3.4902175],[1.19760263],[2.6311254]
[3.43526933],[1.1441121],[2.45044394]
[3.40353364],[1.09424274],[2.30778606]
[3.35710392],[1.05298943],[2.18075503]
[0.],[0.],[0.]
[0.841427],[0.25780923],[0.20242723]
[1.68022474],[0.61535374],[0.80735243]
[2.3321502],[0.74704438],[1.26697156]
[2.45646111],[0.83485835],[1.51326773]
[2.52621765],[0.89942721],[1.699198]
[2.76820488],[0.97626455],[2.02767086]
[3.0379229],[1.03033649],[2.41270979]
[3.24476454],[1.10469102],[2.64504355]
[3.37733606],[1.16175547],[2.85646375]
[3.56765385],[1.22806054],[3.14686161]
[3.68253639],[1.27179699],[3.38167136]
[3.76693442],[1.30374816],[3.60555093]
[3.88796344],[1.33429089],[3.80459519]
[3.91642398],[1.36365435],[3.91545106]
[4.06523615],[1.38013205],[4.12303623]
[4.06829349],[1.40183175],[4.18772991]
[4.21966893],[1.41986105],[4.42248525]
[4.21490103],[1.43970268],[4.47275569]
[4.32950134],[1.45730869],[4.68826504]
[4.29270226],[1.47446993],[4.70061873]
[4.36652829],[1.48755945],[4.88747129]
[4.32534219],[1.50314905],[4.88625349]
[4.39792268],[1.51638179],[5.04091426]
[4.3563517],[1.52588331],[5.00498673]
[4.41098211],[1.53556839],[5.12396944]
[4.36654105],[1.54291808],[5.06129751]
[4.41085555],[1.54714109],[5.16662435]
[4.32489808],[1.54979735],[5.07265531]
[4.34747005],[1.55523009],[5.14656051]
[4.25422734],[1.56325424],[5.04528472]
[4.25316376],[1.56911183],[5.08099928]
[4.18379784],[1.57572414],[5.02017669]
[4.08360373],[1.58115033],[5.00545857]
[4.00203321],[1.58194089],[4.90189597]
[4.01494618],[1.57850819],[4.84155376]
[4.0017554],[1.57528175],[4.74303845]
[3.99081175],[1.57109357],[4.58639033]
[3.98530073],[1.56554788],[4.46377647]
[3.98420589],[1.55984246],[4.35095275]
[3.98065767],[1.55356913],[4.21411101]
[3.97590849],[1.5445004],[4.08009548]
[3.96187279],[1.52797202],[3.93807698]
[3.95431632],[1.50947815],[3.79563969]
[3.9395089],[1.49044327],[3.67333464]
[3.89546169],[1.46849203],[3.54427604]
[3.85198917],[1.44621721],[3.42540743]
[3.81580631],[1.42355717],[3.34153734]
[3.77692802],[1.3981445],[3.25240307]
[3.71809016],[1.36188783],[3.13620519]
[3.6796281],[1.27188063],[2.97925428]
[3.63612351],[1.20611299],[2.78871777]
[3.59645302],[1.15187517],[2.60870451]
[3.56432416],[1.10401983],[2.47232158]
[3.53209046],[1.06065814],[2.34532891]
[0.],[0.],[0.]
[0.85123221],[0.29208565],[0.22918929]
[1.68158003],[0.64625705],[0.84190989]
[2.36758259],[0.77656845],[1.33634115]
[2.49192214],[0.86204371],[1.58290967]
[2.66062473],[0.93333785],[1.83083009]
[2.91472008],[1.00780204],[2.2581888]
[3.14052085],[1.07526233],[2.57249598]
[3.365254],[1.14697045],[2.80470826]
[3.55343438],[1.20537197],[3.10978632]
[3.71908519],[1.26843364],[3.40613978]
[3.85979948],[1.3087518],[3.65809551]
[3.91226521],[1.34221779],[3.87143919]
[4.05162261],[1.37060294],[4.13759048]
[4.06034793],[1.39978921],[4.25026898]
[4.20421846],[1.41589913],[4.50377022]
[4.20703189],[1.43714129],[4.57633857]
[4.32979164],[1.45340063],[4.78645323]
[4.33988952],[1.47602445],[4.84946067]
[4.41702769],[1.49608108],[5.04141134]
[4.38519022],[1.51538919],[5.05782697]
[4.44127208],[1.52875817],[5.22297835]
[4.40648371],[1.54297352],[5.22633429]
[4.46549388],[1.55330482],[5.35438845]
[4.42651745],[1.561798],[5.31718985]
[4.46146958],[1.57022686],[5.4061221]
[4.40582798],[1.57682545],[5.33060843]
[4.41944805],[1.58052249],[5.3935546]
[4.32207928],[1.58438469],[5.29076202]
[4.31955933],[1.58932663],[5.33676088]
[4.20410351],[1.59534455],[5.22100774]
[4.16578238],[1.59992973],[5.23080006]
[4.16588744],[1.59423001],[5.13584499]
[4.18019917],[1.59438389],[5.10508448]
[4.18026069],[1.58861964],[4.98330355]
[4.17332082],[1.5820097],[4.81534299]
[4.17410937],[1.57587238],[4.63617303]
[4.15279631],[1.57009545],[4.49729255]
[4.14501611],[1.56309004],[4.35816392]
[4.13977426],[1.55584592],[4.23686917]
[4.13114914],[1.54796658],[4.11455043]
[4.12322225],[1.53761649],[3.99902875]
[4.10608009],[1.52218203],[3.89739574]
[4.10281303],[1.50306232],[3.80907966]
[4.0982478],[1.48011903],[3.71335398]
[4.06724883],[1.45357546],[3.5838814]
[4.03163877],[1.42556616],[3.4459546]
[4.00100532],[1.38475022],[3.29263639]
[3.96633608],[1.32546709],[3.16066806]
[3.90610245],[1.2789099],[3.01281696]
[3.8528274],[1.17132099],[2.85068334]
[3.79677198],[1.13161021],[2.732877]
[3.74381356],[1.09565974],[2.6002485]
[3.69996778],[1.05927234],[2.48952265]
[3.66017922],[1.02419524],[2.3845348]
[0.],[0.],[0.]
[0.86671056],[0.3408349],[0.27192445]
[1.70352782],[0.67282146],[0.90041106]
[2.41100805],[0.80335607],[1.41930808]
[2.5432522],[0.90212609],[1.68842879]
[2.79717894],[0.97906072],[2.01322422]
[3.0665764],[1.06920551],[2.50411325]
[3.25839463],[1.13844353],[2.7687362]
[3.5314732],[1.206184],[3.09682069]
[3.71522412],[1.25679786],[3.42106055]
[3.89674604],[1.31334494],[3.72533162]
[4.00922105],[1.34904488],[4.01570403]
[4.04044092],[1.37917471],[4.2455821]
[4.15832665],[1.40932123],[4.55766626]
[4.16289649],[1.44226401],[4.68539727]
[4.28110605],[1.46072873],[4.89498964]
[4.29622029],[1.48545392],[4.9800746]
[4.4040287],[1.50554241],[5.16657275]
[4.42263784],[1.52771412],[5.22517769]
[4.49056415],[1.53849666],[5.38995581]
[4.47513421],[1.55465409],[5.42036752]
[4.51675265],[1.56044379],[5.55053039]
[4.50085063],[1.57889053],[5.56024791]
[4.54508495],[1.58304087],[5.66454521]
[4.52489724],[1.59478286],[5.6423384]
[4.54734834],[1.60091214],[5.70933017]
[4.50571235],[1.60845617],[5.6534558]
[4.50892652],[1.61375151],[5.70801138]
[4.43106714],[1.62081099],[5.62743367]
[4.41638632],[1.62510839],[5.66568033]
[4.30858729],[1.63005838],[5.56534807]
[4.32563322],[1.63275024],[5.5623643]
[4.34604305],[1.62388289],[5.47121252]
[4.33478962],[1.62466106],[5.40579166]
[4.35885738],[1.61847233],[5.28312754]
[4.32605629],[1.61294501],[5.09777502]
[4.34880841],[1.60736558],[4.90031524]
[4.309784],[1.60049113],[4.73636426]
[4.29735344],[1.59273585],[4.589144]
[4.2925325],[1.58489106],[4.46549439]
[4.282243],[1.57633998],[4.33668067]
[4.27388514],[1.56542025],[4.23392534]
[4.25719087],[1.55158251],[4.13491414]
[4.25162701],[1.53174325],[4.04446591]
[4.24667718],[1.50686817],[3.93279567]
[4.22280658],[1.47980113],[3.80311472]
[4.19223388],[1.44743809],[3.65333841]
[4.16489022],[1.41011563],[3.52103861]
[4.13759635],[1.36466736],[3.3936391]
[4.09281393],[1.32650343],[3.24921451]
[4.05271787],[1.22946916],[3.08406825]
[4.01009337],[1.15811526],[2.93933119]
[3.95444732],[1.12225603],[2.80478984]
[3.90447244],[1.0880542],[2.6856597]
[3.86335297],[1.05348465],[2.57496546]
[0.],[0.],[0.]
[0.88007913],[0.38183971],[0.30553116]
[1.72823955],[0.69775651],[0.96445753]
[2.45381773],[0.82887009],[1.49580614]
[2.62728456],[0.94269306],[1.79282744]
[2.92781182],[1.01783965],[2.1977471]
[3.20992428],[1.10936196],[2.67872102]
[3.38596424],[1.17921196],[2.96153852]
[3.64289317],[1.24362471],[3.3465466]
[3.84420362],[1.29694032],[3.69957444]
[3.99301937],[1.35505492],[4.02031513]
[4.09361761],[1.39130671],[4.34231842]
[4.12192073],[1.42509453],[4.58000373]
[4.22392899],[1.45424136],[4.88509097]
[4.2475665],[1.48767333],[5.02166795]
[4.34561],[1.50331003],[5.21694545]
[4.37930702],[1.53254031],[5.31255891]
[4.47485563],[1.54278831],[5.46274435]
[4.50755012],[1.56983541],[5.53550409]
[4.561876],[1.5732091],[5.6676097]
[4.55937683],[1.59603947],[5.71216158]
[4.58716612],[1.59805922],[5.82047513]
[4.58550576],[1.61668874],[5.84637963]
[4.61819171],[1.61273323],[5.93332444]
[4.60996734],[1.62785582],[5.93617771]
[4.62275653],[1.62624208],[5.99510804]
[4.60131883],[1.63706692],[5.97477436]
[4.5940334],[1.64044136],[6.02688584]
[4.53061187],[1.6483001],[5.96987977]
[4.49613051],[1.65291846],[5.99444603]
[4.41738657],[1.65779187],[5.90586511]
[4.43147282],[1.6580577],[5.88180554]
[4.46029057],[1.64873444],[5.80554274]
[4.42688601],[1.64856983],[5.70871748]
[4.45802172],[1.64232444],[5.55083562]
[4.41699225],[1.63612466],[5.34803504]
[4.44559182],[1.63034803],[5.14261743]
[4.40471525],[1.62337899],[4.97286937]
[4.39636231],[1.61637166],[4.82584457]
[4.39458386],[1.60868],[4.69546466]
[4.38795296],[1.59985628],[4.56999934]
[4.38337062],[1.58825868],[4.47135807]
[4.36753647],[1.57474722],[4.3683628]
[4.35977851],[1.55487651],[4.2629563]
[4.35177623],[1.53136699],[4.12936517]
[4.32496593],[1.50050992],[3.97779246]
[4.29402349],[1.46786208],[3.82502636]
[4.26755212],[1.43116396],[3.68961401]
[4.24201344],[1.3790651],[3.56835473]
[4.20107706],[1.34845207],[3.433439]
[4.16675019],[1.26078203],[3.27661656]
[4.13167583],[1.18357228],[3.13722892]
[4.08391794],[1.14063096],[3.00497684]
[4.04472439],[1.10575531],[2.89180223]
[3.97789709],[1.07204959],[2.77110298]
[0.],[0.],[0.]
[0.88372362],[0.3951701],[0.3055765]
[1.73355656],[0.70971993],[0.99730538]
[2.47385745],[0.85140704],[1.556145]
[2.7266164],[0.96856182],[1.89873339]
[3.0231479],[1.0392129],[2.43770912]
[3.30781436],[1.17244716],[2.85412319]
[3.48030919],[1.23566575],[3.22722202]
[3.72279312],[1.29430596],[3.58030001]
[3.93094906],[1.34046397],[4.01167442]
[4.05889514],[1.39954566],[4.31959716]
[4.15695229],[1.42571046],[4.63659275]
[4.18978448],[1.47374056],[4.85703219]
[4.28632513],[1.50117067],[5.14365208]
[4.31704408],[1.53528571],[5.29388553]
[4.41251906],[1.54374079],[5.46233045]
[4.45676815],[1.57021477],[5.57341705]
[4.54708726],[1.57820846],[5.71573239]
[4.59130093],[1.60545358],[5.80652147]
[4.63219466],[1.60695037],[5.90617819]
[4.63093822],[1.62600195],[5.96119725]
[4.64471291],[1.62677012],[6.04080233]
[4.64213042],[1.6442065],[6.07007611]
[4.65525575],[1.63956914],[6.13280151]
[4.63877743],[1.65433596],[6.15230508]
[4.6218748],[1.65250053],[6.21497167]
[4.58843508],[1.66301684],[6.2069816]
[4.55876351],[1.66644007],[6.24310258]
[4.50463088],[1.67331225],[6.1667375]
[4.50097106],[1.67495762],[6.15779088]
[4.51277479],[1.6682573],[6.0313101]
[4.51658535],[1.66204199],[5.98678774]
[4.55288563],[1.64846173],[5.83624342]
[4.50961235],[1.64596099],[5.62931978]
[4.54854779],[1.63876478],[5.44483185]
[4.50036827],[1.63190478],[5.26173396]
[4.53576823],[1.62488622],[5.10681645]
[4.49147646],[1.61658968],[4.96215321]
[4.48310651],[1.6075998],[4.81000414]
[4.48098706],[1.59857745],[4.71414991]
[4.47334355],[1.58548949],[4.60625337]
[4.46749894],[1.56764046],[4.49631988]
[4.45162432],[1.54711829],[4.36915407]
[4.44316979],[1.52189075],[4.25522897]
[4.43651732],[1.48904588],[4.10739066]
[4.41493539],[1.4515331],[3.9224891]
[4.38858599],[1.39320482],[3.7521644]
[4.36230142],[1.33802745],[3.58142975]
[4.33788435],[1.25935963],[3.43677687]
[4.30330314],[1.20816425],[3.31807125]
[4.2743317],[1.16595884],[3.20944643]
[4.2434727],[1.13049315],[3.11582444]
[4.19920752],[1.09690725],[3.01690968]
[4.16269286],[1.06953848],[2.93547533]
[4.05055428],[1.04358659],[2.84431282]
[0.],[0.],[0.]
[0.89714908],[0.43086267],[0.33544186]
[1.75101651],[0.7315523],[1.03980319]
[2.51429663],[0.88156697],[1.64308441]
[2.84799106],[0.99321818],[2.03301407]
[3.12303177],[1.06164245],[2.73498238]
[3.43295389],[1.22009722],[3.15120591]
[3.57362824],[1.27622898],[3.50679022]
[3.82180584],[1.32909512],[3.92444688]
[4.01800405],[1.39616002],[4.3102365]
[4.13380313],[1.44913794],[4.60498129]
[4.22500778],[1.47551339],[4.90295442]
[4.2698452],[1.52359374],[5.14619594]
[4.35360053],[1.54629171],[5.3983736]
[4.40383628],[1.57494331],[5.57379973]
[4.48072484],[1.5829661],[5.7071893]
[4.5403457],[1.60602841],[5.82264373]
[4.61238175],[1.61339282],[5.93804847]
[4.66690659],[1.63572816],[6.03506155]
[4.6923314],[1.63578831],[6.13358649]
[4.70241445],[1.6525458],[6.19521689]
[4.70479198],[1.65344768],[6.28127282]
[4.70746876],[1.6701691],[6.33456122]
[4.71021911],[1.66736492],[6.41105461]
[4.70053598],[1.68148362],[6.46121679]
[4.68019904],[1.679718],[6.51511831]
[4.6564184],[1.68943304],[6.5203956]
[4.61795902],[1.69330122],[6.55406368]
[4.60752944],[1.69958427],[6.49187909]
[4.58825429],[1.70157284],[6.46495446]
[4.6098154],[1.695781],[6.36116622]
[4.60176905],[1.69071703],[6.31142767]
[4.6438802],[1.67640965],[6.16565371]
[4.59162949],[1.66888855],[5.96345484]
[4.63828879],[1.66021847],[5.77541673]
[4.58117432],[1.65278281],[5.56403415]
[4.62468754],[1.64488063],[5.405729]
[4.57685305],[1.63555296],[5.25849657]
[4.56776597],[1.6268394],[5.10745785]
[4.56602406],[1.61630306],[4.9857928]
[4.55941705],[1.59889621],[4.86724809]
[4.55303741],[1.58185498],[4.73600794]
[4.53690079],[1.56204479],[4.60898036]
[4.52883961],[1.53818675],[4.4930859]
[4.52431725],[1.50509634],[4.34699376]
[4.5060247],[1.46721209],[4.16868231]
[4.48415027],[1.41302609],[3.99245287]
[4.45783836],[1.34975583],[3.80177318]
[4.43623473],[1.2801127],[3.63886996]
[4.40876609],[1.22849959],[3.50497702]
[4.38156188],[1.18680101],[3.39205964]
[4.35293693],[1.14865826],[3.29242609]
[4.31072428],[1.11084541],[3.1941416]
[4.27683192],[1.08318041],[3.11419591]
[4.1305644],[1.05723119],[3.01284021]
[0.],[0.],[0.]
[0.91310269],[0.47084532],[0.37162665]
[1.77245579],[0.74635589],[1.07623132]
[2.55118095],[0.90800573],[1.71681305]
[2.9667978],[1.01081818],[2.14929617]
[3.22586661],[1.09114933],[2.85034898]
[3.52558328],[1.24509001],[3.32020449]
[3.66832033],[1.30230893],[3.72156751]
[3.90378568],[1.36864119],[4.1569558]
[4.10367362],[1.4347923],[4.53938197]
[4.21094643],[1.48491046],[4.83142135]
[4.29517764],[1.51547879],[5.13408061]
[4.3558445],[1.55935512],[5.40628319]
[4.42475131],[1.58024608],[5.63119945]
[4.49050705],[1.60658656],[5.83582405]
[4.54965545],[1.61549337],[5.93667437]
[4.62225108],[1.63777245],[6.07431025]
[4.67765392],[1.64315927],[6.16747761]
[4.74667467],[1.66216428],[6.28062439]
[4.75089042],[1.66288166],[6.36823003]
[4.77090718],[1.67950653],[6.4547162]
[4.76330476],[1.68098882],[6.54463624]
[4.77659964],[1.69899264],[6.65005604]
[4.76683321],[1.7007176],[6.73468041]
[4.76374258],[1.71669984],[6.82085787]
[4.73751311],[1.71681025],[6.90399123]
[4.71929299],[1.72784875],[6.94541618]
[4.66929306],[1.73127112],[6.97717836]
[4.69129836],[1.73434223],[6.9052013]
[4.6715523],[1.73406816],[6.87494927]
[4.7060472],[1.72511408],[6.76020358]
[4.70552831],[1.71839034],[6.6940135]
[4.72866423],[1.70430616],[6.50710565]
[4.6624112],[1.69753394],[6.29200977]
[4.70676325],[1.68644499],[6.10145977]
[4.64971603],[1.67606878],[5.9093674]
[4.69288902],[1.66710234],[5.72836497]
[4.64576056],[1.65719363],[5.57247691]
[4.63633288],[1.64772697],[5.42710794]
[4.63266632],[1.63481886],[5.28072854]
[4.6252519],[1.61490172],[5.15043231]
[4.61766559],[1.59815754],[4.99683177]
[4.59926842],[1.57561599],[4.8622771]
[4.58779952],[1.55250445],[4.74087271]
[4.58064292],[1.5163136],[4.58405832]
[4.56121524],[1.47742433],[4.40297518]
[4.5379531],[1.41933119],[4.21894151]
[4.50929289],[1.36858138],[4.02772257]
[4.48633547],[1.29584519],[3.84236533]
[4.45690799],[1.24110061],[3.68471557]
[4.43110979],[1.19833816],[3.54371489]
[4.40169774],[1.16111837],[3.41540688]
[4.35893855],[1.1243275],[3.2859562]
[4.32305983],[1.09417856],[3.1910825]
[4.16742805],[1.06810808],[3.08521776]
[0.],[0.],[0.]
[0.9288477],[0.50756622],[0.40517178]
[1.79213095],[0.76495085],[1.11926983]
[2.56973597],[0.93153395],[1.79285281]
[3.0588004],[1.02482988],[2.24388375]
[3.31933662],[1.11753065],[3.00768536]
[3.59945432],[1.26462059],[3.51631581]
[3.73696138],[1.32468854],[3.92041087]
[3.97267586],[1.4032752],[4.35987639]
[4.16347633],[1.467835],[4.7346669]
[4.26786307],[1.51094797],[5.02403286]
[4.35057099],[1.54200993],[5.33443705]
[4.41415805],[1.58696523],[5.62115369]
[4.47638896],[1.60615462],[5.81732328]
[4.55920648],[1.63112721],[6.03871711]
[4.59533801],[1.64017505],[6.12085117]
[4.67079725],[1.65966738],[6.27142176]
[4.71821513],[1.66445636],[6.3546]
[4.79351162],[1.68258911],[6.49332803]
[4.78318413],[1.68317049],[6.55406435]
[4.80874488],[1.70317637],[6.6858318]
[4.795172],[1.71179265],[6.79239897]
[4.81540699],[1.73540226],[6.95423453]
[4.80041231],[1.73805724],[7.07161939]
[4.79870725],[1.75543735],[7.19191049]
[4.76978334],[1.75548736],[7.29052546]
[4.81226694],[1.76787354],[7.37522821]
[4.81507847],[1.77561741],[7.40400103]
[4.85095119],[1.77445498],[7.36750619]
[4.82951483],[1.77418515],[7.30968476]
[4.85610449],[1.76177364],[7.21193615]
[4.85994614],[1.75414212],[7.13178178]
[4.87955097],[1.73426738],[6.98443518]
[4.82232309],[1.72923992],[6.69930893]
[4.8397217],[1.71519143],[6.51062692]
[4.77730097],[1.70146402],[6.27823779]
[4.7986209],[1.68823789],[6.07721336]
[4.74157949],[1.67435224],[5.8716616]
[4.71593901],[1.66165221],[5.69069843]
[4.69723696],[1.64169568],[5.50286964]
[4.67476742],[1.62263546],[5.33892841]
[4.65784279],[1.60533408],[5.17803268]
[4.64113952],[1.58271854],[5.03184082]
[4.63119627],[1.56004725],[4.90642983]
[4.62505516],[1.52472706],[4.75599845]
[4.60687477],[1.48538269],[4.55870827]
[4.58393923],[1.42768631],[4.35266859]
[4.55092557],[1.38307905],[4.16293024]
[4.52322539],[1.30925433],[3.96490496]
[4.48862701],[1.25215677],[3.78095876]
[4.46531655],[1.20452217],[3.63251751]
[4.43901611],[1.16705454],[3.50067116]
[4.39961504],[1.13013363],[3.36226662]
[4.36575626],[1.09953543],[3.25011288]
[4.20293443],[1.07403928],[3.12809028]
[0.],[0.],[0.]
[0.92664759],[0.51741357],[0.4058776]
[1.78806925],[0.77236091],[1.13312782]
[2.56788839],[0.94176167],[1.81677931]
[3.08544653],[1.03595915],[2.29796602]
[3.3524654],[1.13150002],[3.07220267]
[3.62578511],[1.27981219],[3.64650415]
[3.7704724],[1.35663407],[4.06159792]
[3.99582643],[1.43601768],[4.50339297]
[4.19654942],[1.4933936],[4.88597695]
[4.2984975],[1.53580744],[5.1862732]
[4.37944849],[1.56621344],[5.48424507]
[4.44690755],[1.61304845],[5.77880492]
[4.50748039],[1.63018971],[5.957861]
[4.62912025],[1.65509962],[6.19176842]
[4.62652763],[1.66087492],[6.26940499]
[4.69768094],[1.6787722],[6.43815625]
[4.74952438],[1.68545435],[6.51693954]
[4.82214493],[1.70891734],[6.68911675]
[4.81190308],[1.71698542],[6.76527212]
[4.83638973],[1.74251955],[6.97039517]
[4.80648646],[1.75262977],[7.0966624]
[4.84511879],[1.7753237],[7.29826566]
[4.81331293],[1.7776841],[7.44632635]
[4.90397027],[1.79725838],[7.58784751]
[4.8916404],[1.81801425],[7.64791634]
[4.97664714],[1.8277007],[7.7081412]
[4.9730952],[1.84372869],[7.69599691]
[5.01969228],[1.84001223],[7.63726971]
[4.9955385],[1.83270877],[7.55040141]
[5.02461762],[1.81579222],[7.4175746]
[5.03086354],[1.80076112],[7.25992708]
[5.04494202],[1.78169652],[7.02955281]
[5.00195654],[1.76536946],[6.81885208]
[5.00246101],[1.74612056],[6.63860465]
[4.95383402],[1.72778188],[6.41931798]
[4.95928456],[1.70773917],[6.2156539]
[4.91231938],[1.68697683],[5.97633672]
[4.88252212],[1.65381381],[5.74617042]
[4.86356582],[1.62766763],[5.54775528]
[4.84111959],[1.5998195],[5.36354716]
[4.8161546],[1.57425943],[5.19898455]
[4.78472805],[1.53996574],[5.04515056]
[4.75840017],[1.51176874],[4.89805312]
[4.73587987],[1.46545051],[4.72391907]
[4.69395723],[1.39947433],[4.49579246]
[4.64922103],[1.30940106],[4.24565986]
[4.60642137],[1.25568959],[4.03480408]
[4.57747377],[1.21263622],[3.87070968]
[4.5376015],[1.17124976],[3.71970804]
[4.50672279],[1.13782846],[3.58397576]
[4.48377827],[1.10758981],[3.46175261]
[4.44407987],[1.07748913],[3.33611526]
[4.41129046],[1.05512197],[3.23528292]
[4.24714733],[1.03867468],[3.10948134]
[0.],[0.],[0.]
[0.9364859],[0.54164505],[0.42991707]
[1.80018231],[0.79344962],[1.16358036]
[2.57957846],[0.96534074],[1.86466254]
[3.13904798],[1.05382965],[2.40923433]
[3.39025778],[1.15753067],[3.19527266]
[3.67137937],[1.32386746],[3.82011931]
[3.82198916],[1.39512846],[4.24582354]
[4.04928533],[1.46801879],[4.70026855]
[4.23945691],[1.52217432],[5.05796208]
[4.343546],[1.56281025],[5.34925152]
[4.41705938],[1.59320155],[5.61692211]
[4.49175361],[1.63961177],[5.93309519]
[4.54404601],[1.65578527],[6.08854253]
[4.6761787],[1.67833315],[6.34706301]
[4.66616808],[1.68939115],[6.44594016]
[4.75152225],[1.71288924],[6.65231989]
[4.79437986],[1.72499234],[6.73585878]
[4.87222979],[1.75106614],[6.9903007]
[4.85310471],[1.75952396],[7.10507931]
[4.89881551],[1.78393891],[7.38186865]
[4.89896122],[1.7942134],[7.57028062]
[4.99477613],[1.8141237],[7.78722067]
[4.97931784],[1.84396515],[7.91483721]
[5.06458466],[1.87886951],[8.06656392]
[5.05851309],[1.89952743],[8.11951995]
[5.14325474],[1.92120508],[8.19334263]
[5.16887266],[1.92874816],[8.20872118]
[5.22621551],[1.91579823],[8.15419758]
[5.21214986],[1.9037598],[8.07818848]
[5.24447752],[1.88592417],[7.95180732]
[5.26209223],[1.87688755],[7.82063613]
[5.27668982],[1.84992709],[7.65717129]
[5.24871838],[1.83808954],[7.4236417]
[5.23881977],[1.81922551],[7.22892837]
[5.19798167],[1.80069333],[6.96497906]
[5.1937353],[1.77818047],[6.74584005]
[5.1504915],[1.75811424],[6.46044743]
[5.11036141],[1.72306547],[6.18864864]
[5.08398986],[1.67910529],[5.96258907]
[5.05332587],[1.64602378],[5.76650552]
[5.01894255],[1.61279625],[5.59288773]
[4.97606536],[1.57473105],[5.41202772]
[4.94791378],[1.53836494],[5.23717738]
[4.92259868],[1.48327878],[5.04461362]
[4.87994328],[1.43203097],[4.81013753]
[4.83249137],[1.34651568],[4.55868972]
[4.77399893],[1.28264777],[4.32832175]
[4.70985946],[1.230896],[4.11621388]
[4.64011686],[1.19421885],[3.90676977]
[4.58681401],[1.1586086],[3.75730326]
[4.55507753],[1.12697186],[3.63217015]
[4.51302927],[1.09487792],[3.50485088]
[4.47946751],[1.06810637],[3.39437863]
[4.29712456],[1.05036419],[3.25602147]
[0.],[0.],[0.]
[0.94552885],[0.55969619],[0.44827636]
[1.81415953],[0.80865866],[1.19162686]
[2.59048504],[0.97867977],[1.89750288]
[3.19294091],[1.06573099],[2.48875499]
[3.42415452],[1.19368916],[3.28234161]
[3.71605097],[1.34902619],[3.97138417]
[3.86606914],[1.4206853],[4.39589547]
[4.09820614],[1.49297959],[4.85461342]
[4.27733242],[1.54569862],[5.20616873]
[4.39315261],[1.58912626],[5.51226966]
[4.45573812],[1.62155162],[5.79024199]
[4.59489682],[1.67431782],[6.15050023]
[4.59000421],[1.69279002],[6.32004933]
[4.83055938],[1.71894015],[6.65218184]
[4.70938611],[1.73156482],[6.71875901]
[4.8584782],[1.75658958],[7.02203553]
[4.84255622],[1.76976342],[7.15107269]
[4.98224635],[1.79359641],[7.51286326]
[4.96432276],[1.80230947],[7.6647192]
[5.07328732],[1.82495748],[7.94849425]
[5.04321201],[1.86060195],[8.10032386]
[5.18429028],[1.91946711],[8.34633505]
[5.15381357],[1.94877666],[8.45144434]
[5.25537132],[1.97773744],[8.61275452]
[5.27509606],[1.99620099],[8.77140198]
[5.38834079],[2.01642154],[8.90690931]
[5.37832597],[2.02598252],[8.92501595]
[5.43545615],[2.01360622],[8.8737157]
[5.40591176],[2.0033024],[8.79561713]
[5.43319883],[1.98666184],[8.66257574]
[5.43607008],[1.97642049],[8.49855373]
[5.43474311],[1.94569267],[8.3419847]
[5.43135904],[1.94202741],[8.12796152]
[5.40576221],[1.92477215],[7.92308323]
[5.39461369],[1.90417331],[7.66103001]
[5.37440941],[1.87812761],[7.40489568]
[5.35715422],[1.84746168],[7.09210012]
[5.3285245],[1.81878096],[6.80771679]
[5.31259505],[1.78813179],[6.5690881]
[5.2934172],[1.75327961],[6.35215498]
[5.27114889],[1.71719458],[6.16097104]
[5.24464557],[1.65892412],[5.95783998]
[5.21854992],[1.60322046],[5.75259266]
[5.19012889],[1.53028011],[5.53111987]
[5.13189266],[1.46973406],[5.23794533]
[5.05477165],[1.39483345],[4.95885074]
[4.95145743],[1.33111331],[4.6889109]
[4.87958219],[1.27454146],[4.46762166]
[4.79316415],[1.22908953],[4.25653599]
[4.73123114],[1.18368834],[4.06863422]
[4.67642949],[1.14409638],[3.88824301]
[4.60270165],[1.11202619],[3.73654933]
[4.53680448],[1.08231526],[3.59933538]
[4.33262906],[1.06413317],[3.43781391]
[0.],[0.],[0.]
[0.95282468],[0.5690192],[0.45989458]
[1.83207425],[0.81945394],[1.21466351]
[2.60016032],[0.98394792],[1.91886757]
[3.22695495],[1.07376745],[2.53487831]
[3.44277149],[1.21037453],[3.3548286]
[3.74509921],[1.36503088],[4.05766663]
[3.88720592],[1.43589277],[4.47441078]
[4.12974559],[1.50838418],[4.94863186]
[4.29714309],[1.56512418],[5.3063181]
[4.43316479],[1.61627751],[5.65542328]
[4.48727152],[1.65681171],[5.96087374]
[4.69268172],[1.70840383],[6.38110693]
[4.67759789],[1.72651325],[6.54924166]
[4.978744],[1.75196068],[6.94179207]
[4.803475],[1.76496444],[7.03972787]
[5.05412315],[1.7908634],[7.46175383]
[4.92376125],[1.80316239],[7.58971821]
[5.16361488],[1.82560116],[7.97876179]
[5.05353103],[1.83938231],[8.0842481]
[5.24234195],[1.89798958],[8.40242537]
[5.19649211],[1.9459921],[8.53480137]
[5.36041522],[1.99437801],[8.8077247]
[5.33769258],[2.02380671],[8.9822486]
[5.47454852],[2.05372335],[9.24622477]
[5.4487534],[2.07199831],[9.38423742]
[5.5535073],[2.09082231],[9.51768671]
[5.51036366],[2.10033658],[9.50520061]
[5.57413896],[2.08671361],[9.48389643]
[5.56919218],[2.07457291],[9.39460109]
[5.56374644],[2.05923261],[9.30355766]
[5.65210985],[2.04632402],[9.10447681]
[5.66073114],[2.02359055],[8.95365378]
[5.73084845],[2.01405351],[8.75223553]
[5.62492934],[1.99703679],[8.51364068]
[5.60822674],[1.97734806],[8.26484141]
[5.52045941],[1.95187641],[8.00386436]
[5.51444534],[1.92228431],[7.68209507]
[5.46052554],[1.89443834],[7.387932]
[5.44621709],[1.86564544],[7.1261163]
[5.42882236],[1.83404828],[6.89705158]
[5.41148267],[1.7997037],[6.69170112]
[5.3946563],[1.74424612],[6.47628413]
[5.37768826],[1.68484824],[6.26115645]
[5.35707721],[1.61592389],[6.03396757]
[5.32255978],[1.51443929],[5.74392869]
[5.27543877],[1.4401553],[5.42295649]
[5.21379585],[1.37693827],[5.12052677]
[5.10260375],[1.31413817],[4.82077919]
[4.96231373],[1.27268406],[4.5733897]
[4.882086],[1.23181994],[4.37865682]
[4.81975848],[1.19509441],[4.19909247]
[4.74918078],[1.15904291],[4.01241141]
[4.68249575],[1.12854944],[3.847188]
[4.46159671],[1.09078903],[3.66519708]
[0.],[0.],[0.]
[0.94726982],[0.56698466],[0.44927447]
[1.82104204],[0.81501077],[1.20905244]
[2.59535136],[0.98612288],[1.91084428]
[3.19911515],[1.0731199],[2.52117125]
[3.44887579],[1.21374241],[3.37416227]
[3.74543625],[1.3718214],[4.07188382]
[3.9001959],[1.44465152],[4.50973045]
[4.13295634],[1.52114654],[4.99874693]
[4.31179744],[1.58314465],[5.3817004]
[4.45587023],[1.6387093],[5.76425734]
[4.50880164],[1.68110901],[6.08675883]
[4.74756443],[1.73038089],[6.5341781]
[4.74981488],[1.74849654],[6.7176462]
[5.08561111],[1.77525478],[7.17416565]
[4.89687644],[1.78856577],[7.30122039]
[5.18009442],[1.81323428],[7.76736479]
[5.01702007],[1.82496749],[7.88607772]
[5.28093037],[1.85769283],[8.26849786]
[5.15303389],[1.90185574],[8.35942604]
[5.34536375],[1.95784392],[8.67843241]
[5.29168194],[2.0021049],[8.80855714]
[5.51036877],[2.05160857],[9.16811683]
[5.46097924],[2.08224202],[9.36242222]
[5.58707252],[2.1117453],[9.5856318]
[5.53640844],[2.1279687],[9.65448787]
[5.64012899],[2.13939487],[9.7934877]
[5.67713472],[2.1414599],[9.78436999]
[5.75917763],[2.13063795],[9.73431717]
[5.85860817],[2.11726038],[9.61684674]
[5.86172445],[2.09726745],[9.46514752]
[5.99378136],[2.08039463],[9.41316707]
[6.03050083],[2.06127529],[9.26227115]
[6.06580639],[2.04093142],[9.05713056]
[6.04378599],[2.01735071],[8.76189652]
[6.00100623],[1.99100779],[8.42859506]
[5.94352567],[1.96371007],[8.10200526]
[5.91009106],[1.93279857],[7.7866562]
[5.82411175],[1.89720024],[7.49349201]
[5.74581861],[1.86156289],[7.25493672]
[5.67581057],[1.82346074],[7.0379089]
[5.59414744],[1.78342822],[6.8180224]
[5.50399974],[1.71525661],[6.59728345]
[5.44536521],[1.63221992],[6.3794252]
[5.42756764],[1.54983707],[6.14196092]
[5.39798044],[1.45721241],[5.84433028]
[5.3614314],[1.40587574],[5.5326018]
[5.31717145],[1.36030032],[5.24257964]
[5.25325747],[1.31381595],[4.95591447]
[5.11459674],[1.27562647],[4.69021625]
[4.98591985],[1.24580801],[4.47886919]
[4.91533129],[1.21732333],[4.31177872]
[4.84318866],[1.18611337],[4.14575789]
[4.77281764],[1.15652407],[3.98754558]
[4.54665806],[1.12029128],[3.78852253]
[0.],[0.],[0.]
[0.95597875],[0.57837359],[0.46201867]
[1.83566809],[0.82492095],[1.22728985]
[2.60379099],[0.99177851],[1.92622377]
[3.23099517],[1.08561666],[2.57749612]
[3.46720676],[1.23685482],[3.4459838]
[3.77495129],[1.39238503],[4.16633293]
[3.92238772],[1.46958961],[4.60654077]
[4.17060836],[1.5471615],[5.13185402]
[4.33920997],[1.60858249],[5.49418338]
[4.50479082],[1.66517182],[5.92476403]
[4.54321916],[1.70726894],[6.23850671]
[4.84754173],[1.75233013],[6.7321349]
[4.80964009],[1.77082848],[6.88594515]
[5.16715798],[1.79836615],[7.41025836]
[4.96612632],[1.81093965],[7.54947633]
[5.23593748],[1.83382664],[8.01445483]
[5.09153466],[1.84892129],[8.11972794]
[5.3319425],[1.89316112],[8.50134625]
[5.23645617],[1.9435996],[8.61347038]
[5.42625802],[2.00187535],[8.95778582]
[5.42228235],[2.04431908],[9.21385877]
[5.61796145],[2.09248223],[9.57347113]
[5.55120024],[2.12055535],[9.72487227]
[5.66166199],[2.14836476],[9.93838009]
[5.65718066],[2.16377348],[10.04155639]
[5.80459808],[2.17467275],[10.20247814]
[6.00088185],[2.17645211],[10.3783596]
[6.12774474],[2.16730432],[10.36629342]
[6.13354622],[2.15396054],[10.29507046]
[6.18791142],[2.13468827],[10.1141063]
[6.19648973],[2.11803938],[10.04265298]
[6.22989967],[2.10302575],[9.88602522]
[6.23008241],[2.07829453],[9.66601778]
[6.24524452],[2.05279401],[9.36609082]
[6.20058422],[2.02598354],[9.02389236]
[6.18991271],[1.99927984],[8.67322339]
[6.14363643],[1.96971492],[8.34785659]
[6.12420321],[1.93785692],[8.03577696]
[6.07141659],[1.90662306],[7.79245814]
[6.0366734],[1.8714449],[7.5786557]
[5.99627752],[1.83225365],[7.35512577]
[5.94408485],[1.76015924],[7.08379408]
[5.89647809],[1.67907661],[6.8378569]
[5.83329961],[1.59903777],[6.57743173]
[5.65771993],[1.51585064],[6.25200372]
[5.44686406],[1.44486702],[5.89407751]
[5.41482314],[1.40240518],[5.58930306]
[5.37259102],[1.35449414],[5.30306164]
[5.28066844],[1.31045133],[5.00685261]
[5.15568999],[1.2794738],[4.75540059]
[5.03243069],[1.25103182],[4.5467889]
[4.9580593],[1.21967044],[4.37120047]
[4.88754597],[1.18992697],[4.20955911]
[4.63631356],[1.15142558],[3.98929874]
[0.],[0.],[0.]
[0.96367694],[0.58641128],[0.47275984]
[1.8545147],[0.83214526],[1.24576305]
[2.61245693],[0.99362596],[1.93848282]
[3.26459433],[1.08855652],[2.6061766]
[3.48598275],[1.25420192],[3.50041924]
[3.81175456],[1.41417298],[4.25423258]
[3.94992406],[1.49338666],[4.71288415]
[4.21512366],[1.57157116],[5.28427905]
[4.3663744],[1.6345923],[5.6506286]
[4.56080081],[1.69405081],[6.1294923]
[4.61610457],[1.73182991],[6.46853157]
[4.92251058],[1.77671634],[6.97450435]
[4.92465718],[1.79634215],[7.12431063]
[5.26244269],[1.8234233],[7.74732671]
[5.08169976],[1.83514574],[7.88168006]
[5.3787705],[1.8693605],[8.37875864]
[5.21510983],[1.89274917],[8.4553905]
[5.49832343],[1.96161096],[8.89718479]
[5.36127067],[2.00380207],[8.98596335]
[5.62075839],[2.07452468],[9.4545638]
[5.55316903],[2.10903164],[9.68314638]
[5.76111562],[2.1565867],[10.0346856]
[5.65012332],[2.16711882],[10.13060107]
[5.80400832],[2.19311435],[10.40153066]
[5.90977429],[2.20780308],[10.59228102]
[6.15923491],[2.2178317],[10.85893971]
[6.21662253],[2.21926071],[11.05813797]
[6.36126868],[2.2117068],[11.08437679]
[6.28874724],[2.19845573],[10.97403301]
[6.3643425],[2.17999507],[10.80613426]
[6.32874113],[2.1628252],[10.69817009]
[6.3970372],[2.14979618],[10.55705964]
[6.40696955],[2.12493607],[10.32236244]
[6.57206334],[2.10072851],[10.08321256]
[6.43988188],[2.07398213],[9.66836694]
[6.45453421],[2.04628113],[9.30486947]
[6.27318866],[2.01617798],[8.93701234]
[6.27963927],[1.98630576],[8.6171761]
[6.22481648],[1.95409122],[8.32959911]
[6.19909997],[1.92026541],[8.11232408]
[6.16957668],[1.88226831],[7.89251462]
[6.13906273],[1.82077079],[7.6517724]
[6.109335],[1.74610457],[7.41047788]
[6.06786842],[1.66723076],[7.14449485]
[5.98469919],[1.58636679],[6.80987992]
[5.86632993],[1.50696543],[6.43238766]
[5.66041934],[1.44751903],[5.996229]
[5.44815658],[1.40427997],[5.66796727]
[5.38106299],[1.35800187],[5.35691382]
[5.28093699],[1.32107986],[5.07620581]
[5.15402665],[1.2933153],[4.808604]
[5.04220078],[1.26239981],[4.58544165]
[4.97163631],[1.23344055],[4.41674301]
[4.71149775],[1.19457688],[4.19109252]
[0.],[0.],[0.]
[0.97145069],[0.5938676],[0.48334155]
[1.87480137],[0.83489595],[1.26250361]
[2.62136782],[0.99516724],[1.95088058]
[3.30293231],[1.09778271],[2.64411158]
[3.51024665],[1.28072309],[3.57549736]
[3.85643953],[1.43539451],[4.35992744]
[3.98000824],[1.51467564],[4.83404424]
[4.2650262],[1.59128594],[5.44063054]
[4.41297881],[1.6538709],[5.80787405]
[4.6636181],[1.71548849],[6.34105216]
[4.73046568],[1.75052104],[6.66996202]
[4.99073259],[1.79666051],[7.16953869]
[5.04818534],[1.816321],[7.37419909]
[5.34682424],[1.84172332],[8.03608017]
[5.22070398],[1.85641733],[8.15829232]
[5.48316834],[1.90213599],[8.70615881]
[5.35287501],[1.9383302],[8.76619914]
[5.61952724],[2.02140844],[9.28251946]
[5.52332572],[2.06165047],[9.43517785]
[5.81095201],[2.12757412],[9.92236831]
[5.67681492],[2.15903652],[10.07018137]
[5.90175645],[2.20603542],[10.44779182]
[5.86842627],[2.20862224],[10.56689315]
[6.08041224],[2.23768281],[10.92960839]
[6.21685055],[2.24333752],[11.31731883]
[6.42943472],[2.25375023],[11.61144675]
[6.35949321],[2.2553448],[11.72579713]
[6.55238459],[2.24863138],[11.78764716]
[6.51323375],[2.2357007],[11.66830133]
[6.67061476],[2.2176495],[11.55106312]
[6.71795396],[2.20005203],[11.44079007]
[6.79284448],[2.18605823],[11.36218884]
[6.82255748],[2.1609132],[11.147335]
[6.85837053],[2.1362968],[10.90526483]
[6.85348933],[2.11094552],[10.48358685]
[6.81116635],[2.08117258],[10.03564246]
[6.75689888],[2.05071062],[9.61204027]
[6.72376266],[2.02007097],[9.27535433]
[6.65949409],[1.99064734],[8.95564745]
[6.59466502],[1.95907244],[8.70986676]
[6.53516954],[1.92408646],[8.46064492]
[6.45420989],[1.86575255],[8.18837253]
[6.37413783],[1.79952042],[7.91726372]
[6.27809287],[1.71931276],[7.64052221]
[6.16174692],[1.63998146],[7.30879563]
[6.09902155],[1.55978067],[6.93678894]
[6.00788646],[1.48573451],[6.53002093]
[5.8689082],[1.44385661],[6.08085591]
[5.46383834],[1.40147013],[5.68085612]
[5.38152239],[1.36358919],[5.38404373]
[5.27920121],[1.33197714],[5.12447333]
[5.16244377],[1.30263485],[4.83740351]
[5.06773776],[1.27533697],[4.63798609]
[4.80275689],[1.23542685],[4.40803455]
[0.],[0.],[0.]
[0.96458505],[0.59223371],[0.46927309]
[1.85491525],[0.82994023],[1.24767725]
[2.61733358],[0.99178875],[1.93295319]
[3.27361656],[1.10658315],[2.64800343]
[3.49867856],[1.29977969],[3.6300752]
[3.85537412],[1.45346317],[4.4585074]
[4.01221462],[1.53201522],[4.95911976]
[4.30496846],[1.60922436],[5.57430439]
[4.45815854],[1.67150441],[5.94812657]
[4.71128737],[1.73566636],[6.50844334]
[4.81564691],[1.76783226],[6.83915222]
[5.05464686],[1.81536299],[7.3263987]
[5.14838198],[1.83441504],[7.60950049]
[5.4203091],[1.86546507],[8.28947875]
[5.34737419],[1.89186967],[8.43034528]
[5.57102496],[1.95557873],[8.99621441]
[5.47275081],[2.0023941],[9.06731539]
[5.74001216],[2.07605235],[9.65985698]
[5.66266551],[2.11362518],[9.81632967]
[5.91253997],[2.17519102],[10.30421165]
[5.76999858],[2.19810739],[10.38180146]
[6.09181954],[2.23991493],[10.80439378]
[6.15577367],[2.24303344],[11.06876816]
[6.43118161],[2.26547216],[11.45896743]
[6.38704671],[2.26830636],[11.7131295]
[6.59218614],[2.27720877],[12.00240522]
[6.5873129],[2.2758312],[11.97850393]
[6.9245483],[2.26635747],[12.14278344]
[6.9145329],[2.25273171],[12.08782959]
[6.99173261],[2.23634168],[12.01337648]
[7.00153498],[2.21958888],[11.90296813]
[7.00579292],[2.19536441],[11.78310296]
[7.02531395],[2.16103976],[11.43952911]
[7.01857795],[2.13155237],[11.04838132]
[7.04167394],[2.09945838],[10.58677268]
[7.00171887],[2.06943254],[10.21212707]
[6.98034258],[2.03275163],[9.85583537]
[6.94339101],[1.99556013],[9.56689854]
[6.92636252],[1.95937262],[9.29351866]
[6.88031196],[1.91862691],[9.05114644]
[6.84406674],[1.86382195],[8.80979864]
[6.80118417],[1.78518275],[8.54559687]
[6.75846236],[1.71829757],[8.28339399]
[6.70094598],[1.65632907],[8.02044042]
[6.56094804],[1.59646488],[7.69440351]
[6.34855817],[1.53212469],[7.30677182]
[6.20024837],[1.48597064],[6.94075349]
[6.1469839],[1.44502248],[6.53146696]
[6.04193451],[1.4110202],[6.1144499]
[5.48457141],[1.38186306],[5.68469386]
[5.4104167],[1.35306682],[5.41435033]
[5.33233171],[1.32305612],[5.15533972]
[5.25543398],[1.29543744],[4.91145284]
[4.93400377],[1.25477725],[4.58377684]
[0.],[0.],[0.]
[0.97019177],[0.59804036],[0.47360168]
[1.87922085],[0.83372421],[1.26508676]
[2.63071929],[0.99832686],[1.94813096]
[3.31904685],[1.14417075],[2.75231831]
[3.52345552],[1.33636297],[3.77679578]
[3.9191872],[1.48173659],[4.6526463]
[4.06931282],[1.5572151],[5.13590095]
[4.38659822],[1.63296298],[5.75958549]
[4.51438967],[1.69379881],[6.12499134]
[4.78910107],[1.75619577],[6.70747314]
[4.88248144],[1.78922733],[7.00704224]
[5.14031572],[1.83447446],[7.54904927]
[5.19981576],[1.85511038],[7.83117977]
[5.49982859],[1.90242854],[8.57331096]
[5.4261957],[1.93378669],[8.70089641]
[5.63682135],[2.01477683],[9.28220731]
[5.58030361],[2.0591237],[9.47626779]
[5.84142531],[2.12781978],[10.08033651]
[5.74304727],[2.16289345],[10.19495473]
[5.97052439],[2.22213099],[10.6577826]
[5.92564595],[2.2434389],[10.78608154]
[6.34587425],[2.28326865],[11.36023243]
[6.38163502],[2.2792337],[11.73016287]
[6.59633038],[2.30635309],[12.11580721]
[6.54743378],[2.30203779],[12.30064441]
[6.89201231],[2.31446898],[12.71949758]
[6.95911915],[2.30987436],[12.84021589]
[7.13471154],[2.30109376],[12.99477141]
[7.09535187],[2.28751511],[12.94068537]
[7.14692748],[2.26930035],[12.82422786]
[7.13794655],[2.25337581],[12.70806276]
[7.12069022],[2.23060592],[12.55573042]
[7.3004929],[2.20098042],[12.35206381]
[7.32206277],[2.17321086],[11.98065387]
[7.4385481],[2.14258601],[11.57890273]
[7.40798751],[2.11217261],[11.12286352]
[7.39836392],[2.07790685],[10.77746813]
[7.29024215],[2.04587014],[10.4117809]
[7.29101275],[2.01272659],[10.16727736]
[7.16356381],[1.97575442],[9.87764151]
[7.07033021],[1.93256509],[9.63689358]
[7.024519],[1.85273056],[9.38530073]
[6.99071197],[1.78363994],[9.13876044]
[6.95620062],[1.71939538],[8.88611835]
[6.90608045],[1.66067377],[8.59959812]
[6.84171164],[1.59686356],[8.24662535]
[6.75916548],[1.54088629],[7.8602364]
[6.63902773],[1.50020986],[7.42134175]
[6.45894921],[1.46093921],[6.81987042]
[6.22946885],[1.43077799],[6.34714139]
[5.81334991],[1.40194091],[5.89138078]
[5.46129935],[1.36821203],[5.57051785]
[5.41205337],[1.33561557],[5.30554346]
[5.10845888],[1.29558964],[4.98096163]
[0.],[0.],[0.]
[0.98002964],[0.60611117],[0.48109705]
[1.90516144],[0.83387031],[1.27865162]
[2.64217685],[1.0014603],[1.95527968]
[3.38113311],[1.16478414],[2.83274622]
[3.58228719],[1.35920005],[3.89855555]
[3.99992722],[1.50402681],[4.82468831]
[4.13770006],[1.57925627],[5.30004501]
[4.47565154],[1.65528803],[5.94256499]
[4.57225544],[1.71852309],[6.3282776]
[4.87093008],[1.77989126],[6.92000029]
[4.9619516],[1.81265817],[7.24108078]
[5.23247677],[1.86013258],[7.8679179]
[5.3374629],[1.89836781],[8.22892728]
[5.5798021],[1.9677824],[8.94263357]
[5.58436573],[2.01395154],[9.11002217]
[5.76205065],[2.0846435],[9.77214779]
[5.75932188],[2.12595012],[10.00742711]
[5.95700768],[2.18787671],[10.56107756]
[5.86458517],[2.22006831],[10.64063079]
[6.05704073],[2.27492404],[11.16394373]
[6.22031343],[2.29359405],[11.48751794]
[6.62917499],[2.33291933],[12.15010085]
[6.54244943],[2.32710296],[12.31751575]
[6.83749164],[2.35254446],[12.78536562]
[6.92091567],[2.34107528],[13.06074137]
[7.20615883],[2.35983198],[13.63615739]
[7.14760494],[2.34606699],[13.69298719]
[7.2943387],[2.33794845],[13.86367933]
[7.41952986],[2.32621853],[13.86589931]
[7.46716243],[2.31126899],[13.81967114]
[7.57888734],[2.29730443],[13.84864972]
[7.59668595],[2.27907856],[13.70881107]
[7.64188735],[2.25292991],[13.56417655]
[7.66185936],[2.22831582],[13.2538091]
[7.69731871],[2.20097297],[12.8662773]
[7.72769421],[2.17313702],[12.44197749]
[7.70282892],[2.14242284],[12.07994461]
[7.68065156],[2.1089399],[11.71406469]
[7.65797657],[2.07791512],[11.45509816]
[7.63887176],[2.04416389],[11.15087628]
[7.59374341],[2.00224259],[10.85913474]
[7.56076422],[1.93508664],[10.56512798]
[7.52868505],[1.86431773],[10.29475425]
[7.49136223],[1.79665721],[10.01208621]
[7.3848475],[1.73235781],[9.64926554]
[7.22728458],[1.667906],[9.22532271]
[7.02572892],[1.60656535],[8.77195433]
[6.96175986],[1.55944608],[8.35434807]
[6.890234],[1.52098409],[7.86952528]
[6.79652029],[1.48574124],[7.26436716]
[6.42110307],[1.45534047],[6.59981846]
[5.96109183],[1.42063976],[6.1060536]
[5.50599938],[1.38435962],[5.78297985]
[5.20813265],[1.34339952],[5.38897726]
[0.],[0.],[0.]
[0.98985583],[0.61486508],[0.48909683]
[1.9357833],[0.83431718],[1.29652313]
[2.65426662],[1.00350346],[1.96611925]
[3.46193202],[1.18257314],[2.91859295]
[3.64720432],[1.37680236],[4.00593609]
[4.08508736],[1.52059127],[4.9615228]
[4.21095643],[1.59512971],[5.4344136]
[4.56549338],[1.67094994],[6.10672104]
[4.63766912],[1.73512097],[6.48975283]
[4.95593543],[1.79737921],[7.09367764]
[5.04518805],[1.83306632],[7.45066137]
[5.29854059],[1.89218627],[8.12768074]
[5.4334215],[1.94181161],[8.56669204]
[5.64886676],[2.02393218],[9.23725065]
[5.70231477],[2.06906292],[9.53208046]
[5.87487863],[2.1357925],[10.19302074]
[5.89789252],[2.17521925],[10.45475943]
[6.05279159],[2.23367359],[10.95136785]
[5.97961852],[2.26370761],[11.07352382]
[6.26007842],[2.31688499],[11.64663623]
[6.47939829],[2.33489914],[12.10138369]
[6.80048187],[2.37306585],[12.70683326]
[6.78890067],[2.36799097],[12.8753597]
[7.21578916],[2.39296401],[13.58256714]
[7.18293509],[2.38589491],[13.86782689]
[7.40393526],[2.40425111],[14.51452297]
[7.4019621],[2.38466441],[14.65373451]
[7.70644152],[2.38452406],[15.03013882]
[7.74141421],[2.36872006],[15.19248104]
[7.86763065],[2.35409433],[15.24214497]
[7.85392517],[2.34090253],[15.22248246]
[7.87940312],[2.32722491],[15.10063042]
[7.8772037],[2.30403746],[14.93053926]
[7.92383528],[2.28093668],[14.69425125]
[7.98037559],[2.25511745],[14.30904508]
[8.18578056],[2.22888699],[13.96077085]
[8.17607467],[2.20051581],[13.51178371]
[8.18230479],[2.16907894],[13.1559029]
[8.05569604],[2.13709332],[12.77718247]
[8.07783667],[2.1018575],[12.48214035]
[7.93006235],[2.06217675],[12.13649818]
[7.85250356],[2.00552069],[11.81539836]
[7.81676919],[1.93697533],[11.50021169]
[7.77508186],[1.8680823],[11.18367696]
[7.70630964],[1.80190502],[10.81395487]
[7.64281697],[1.73279577],[10.38361965]
[7.56577248],[1.668272],[9.87888764]
[7.4582199],[1.61565804],[9.35089379]
[7.29242486],[1.57397734],[8.74361052]
[7.06625452],[1.53884804],[8.13082964]
[6.92507512],[1.50341682],[7.52545025]
[6.58360928],[1.4684291],[6.77661629]
[6.11720703],[1.4292003],[6.28851504]
[5.42312613],[1.38686054],[5.82242315]
[0.],[0.],[0.]
[0.98640081],[0.61730539],[0.47587893]
[1.91861668],[0.83200924],[1.28472089]
[2.64957571],[0.99742907],[1.94328151]
[3.46008064],[1.18965705],[2.93101641]
[3.64776012],[1.38482531],[4.04674263]
[4.09329883],[1.53299022],[5.03554978]
[4.24613089],[1.6075013],[5.53392718]
[4.57343904],[1.68382901],[6.20326469]
[4.67215534],[1.75473203],[6.61502192]
[4.9733989],[1.81571438],[7.21615569]
[5.11748173],[1.85143589],[7.64537381]
[5.34709699],[1.92601553],[8.35305904]
[5.49803593],[1.99864337],[8.8446656]
[5.70579093],[2.07892647],[9.48778443]
[5.82457529],[2.12322867],[9.94849923]
[5.95350374],[2.18593285],[10.51546008]
[5.96897693],[2.22526049],[10.80316219]
[6.10208557],[2.28221287],[11.30614376]
[6.10334626],[2.30758802],[11.56783575]
[6.51153386],[2.35440072],[12.22895453]
[6.60478987],[2.3633765],[12.57986542]
[6.93622171],[2.40056053],[13.16007553]
[7.11098235],[2.39808378],[13.5389195]
[7.42721586],[2.42381284],[14.20907381]
[7.37179033],[2.41080712],[14.44446158]
[7.68651275],[2.42755554],[15.01251241]
[7.79579401],[2.40583241],[15.37068702]
[8.06547973],[2.40735701],[15.85121294]
[7.96303562],[2.43479817],[15.98049034]
[8.16871711],[2.44855916],[16.1785692]
[8.23606809],[2.43777375],[16.15786767]
[8.36596471],[2.40171185],[16.1363792]
[8.40152459],[2.35256519],[15.86856031]
[8.4644378],[2.28828659],[15.59672792]
[8.51417257],[2.25978621],[15.23832729]
[8.55554704],[2.22781005],[14.9078595]
[8.58853059],[2.19409806],[14.53415306]
[8.58837141],[2.1574105],[14.22543921]
[8.56040008],[2.11958819],[13.8780475]
[8.52519331],[2.07616983],[13.58274847]
[8.48530733],[2.01548877],[13.22672897]
[8.43725517],[1.95710515],[12.89081057]
[8.40586159],[1.88929566],[12.57248552]
[8.37289274],[1.83117557],[12.23402402]
[8.2938504],[1.77553695],[11.84048446]
[8.12341417],[1.71656391],[11.35869012]
[7.88186936],[1.66717117],[10.78336541]
[7.75140931],[1.62529621],[10.21107467]
[7.68254044],[1.5829337],[9.62758026]
[7.60119594],[1.55222891],[9.00132541]
[7.4509532],[1.52224607],[8.3446572]
[7.00766453],[1.48697376],[7.63646698]
[6.73758069],[1.44581547],[6.92657813]
[5.93104723],[1.40378877],[6.28308416]
[0.],[0.],[0.]
[0.99256],[0.61819418],[0.47917255]
[1.94212603],[0.82856163],[1.29112123]
[2.65911224],[0.99781769],[1.94099371]
[3.51825343],[1.21295357],[3.03708164]
[3.68649828],[1.40575757],[4.15536187]
[4.15160139],[1.55068396],[5.1639493]
[4.28833622],[1.62333192],[5.65863708]
[4.63253117],[1.70076273],[6.3497604]
[4.72856405],[1.77394068],[6.75469881]
[5.0366405],[1.83234424],[7.36678887]
[5.18140221],[1.86930935],[7.82170085]
[5.39571761],[1.9788612],[8.61293212]
[5.55141914],[2.05656313],[9.11050881]
[5.8092444],[2.13725285],[9.87565152]
[5.90110967],[2.18483287],[10.34472946]
[6.02230749],[2.24526901],[10.91194433]
[6.01207919],[2.28365249],[11.2684157]
[6.14683531],[2.33686665],[11.79786757]
[6.39130944],[2.35966998],[12.27684664]
[6.73875295],[2.40192304],[12.89000438]
[6.72294013],[2.41135085],[13.22732523]
[7.26444387],[2.44415358],[14.0091]
[7.31024004],[2.44637688],[14.4698878]
[7.57255528],[2.46864515],[15.19160468]
[7.72655903],[2.4592199],[15.6562353]
[8.05670669],[2.47485483],[16.31231495]
[7.96426345],[2.5017576],[16.75062631]
[8.22799677],[2.55913605],[17.21805703]
[8.37515744],[2.58619829],[17.47140284]
[8.60533906],[2.5920074],[17.80124818]
[8.61410653],[2.59148035],[17.80976389]
[8.64260304],[2.56342624],[17.746178]
[8.68018812],[2.52683426],[17.54388273]
[8.685918],[2.47023625],[17.20015758]
[8.92975224],[2.38169362],[16.88784395]
[9.10626246],[2.28915739],[16.57605359]
[9.25398819],[2.25926711],[16.32110623]
[9.35462153],[2.22456725],[15.92183702]
[9.35807778],[2.18856378],[15.58089675]
[9.31432542],[2.14636249],[15.17157929]
[9.23867494],[2.09686351],[14.81677245]
[9.18232291],[2.02570274],[14.39933938]
[9.08773515],[1.94768914],[14.00452431]
[9.01245821],[1.89007342],[13.64357918]
[8.85967451],[1.83492497],[13.22741128]
[8.53469295],[1.78209468],[12.75108204]
[8.45008311],[1.73059787],[12.211834]
[8.34921132],[1.6876015],[11.51829516]
[8.19952711],[1.6433847],[10.78676596]
[7.98949966],[1.60002475],[10.01987808]
[7.7660308],[1.5660998],[9.31161633]
[7.59962954],[1.52925343],[8.60224126]
[7.22716867],[1.4893918],[7.87198196]
[6.58311267],[1.44729881],[7.05822646]
[0.],[0.],[0.]
[0.99736197],[0.61736658],[0.4811139]
[1.96233595],[0.82463945],[1.29104709]
[2.6704844],[0.99473104],[1.93349922]
[3.56020186],[1.20587549],[3.03009208]
[3.70433813],[1.40408372],[4.15839836]
[4.1883104],[1.55423781],[5.20189082]
[4.30382568],[1.63012298],[5.70818723]
[4.66378975],[1.71146149],[6.43055385]
[4.74496738],[1.78657629],[6.84888298]
[5.06309685],[1.8470722],[7.4832689]
[5.2173729],[1.89946139],[8.02649811]
[5.42048906],[2.03606853],[8.88995005]
[5.60202926],[2.11024046],[9.4036639]
[5.88036779],[2.18579471],[10.23639871]
[5.97576834],[2.2336628],[10.68692996]
[6.07167624],[2.29094578],[11.26150194]
[6.06999526],[2.32771094],[11.67012179]
[6.22554135],[2.37774005],[12.22924621]
[6.57011061],[2.40369345],[12.8387]
[6.85430259],[2.44325425],[13.39631757]
[6.96375864],[2.45346443],[13.8253073]
[7.43421662],[2.48468681],[14.72552017]
[7.4562967],[2.49103716],[15.2519377]
[7.81579985],[2.52219643],[16.05836945]
[7.94314681],[2.5269329],[16.80609486]
[8.22796997],[2.59017363],[17.65803232]
[8.11892224],[2.64314068],[17.99974824]
[8.61238351],[2.68721679],[18.76872054]
[8.61574141],[2.70510221],[18.96886134]
[8.82524815],[2.70440401],[19.2320693]
[8.91783282],[2.70704801],[19.25568908]
[9.0195365],[2.68517135],[19.22125028]
[9.22361719],[2.6614623],[19.31069087]
[9.28801243],[2.61691793],[19.09240349]
[9.39399828],[2.56233332],[18.84042684]
[9.51315508],[2.50634573],[18.50170205]
[9.707907],[2.4084445],[18.15974092]
[9.97549234],[2.32444173],[17.90506923]
[10.101231],[2.2676173],[17.56656641]
[10.12086621],[2.22013074],[17.16252554]
[10.08708658],[2.17019923],[16.7583034]
[10.03138506],[2.10308452],[16.3678502]
[9.99182024],[2.03376756],[15.95419578]
[9.91897626],[1.96868985],[15.52751518]
[9.85378176],[1.9254834],[15.07480213]
[9.52308422],[1.85394329],[14.51092905]
[9.19126774],[1.79778548],[13.86206242]
[8.83544278],[1.7541516],[12.98002859]
[8.5557743],[1.70930459],[12.15280846]
[8.48476019],[1.65913808],[11.39601016]
[8.38944786],[1.6173811],[10.55432742]
[8.09440945],[1.57592954],[9.6637474]
[7.70367292],[1.536439],[8.95027942]
[7.10629625],[1.49516191],[8.08148043]
[0.],[0.],[0.]
[1.00252308],[0.61736996],[0.48405062]
[1.9861932],[0.82313065],[1.29527819]
[2.68437655],[0.99511804],[1.93501154]
[3.63084125],[1.21161069],[3.09376156]
[3.73601395],[1.41352975],[4.220997]
[4.25850588],[1.56234609],[5.30562239]
[4.35739546],[1.63893792],[5.8157655]
[4.71934576],[1.72263667],[6.54991886]
[4.79645161],[1.79602745],[6.96708713]
[5.12933293],[1.85653537],[7.62078912]
[5.26426328],[1.91624389],[8.19012198]
[5.45938933],[2.0649883],[9.07683814]
[5.65194574],[2.13871181],[9.60762987]
[5.94020604],[2.21223603],[10.4768946]
[6.04824468],[2.25989702],[10.92265393]
[6.11558082],[2.31604828],[11.50336234]
[6.15213336],[2.35283353],[11.93781517]
[6.45180884],[2.400953],[12.62435557]
[6.68918151],[2.4273554],[13.21210289]
[6.93346019],[2.46791976],[13.732603]
[7.2101709],[2.47897761],[14.40311345]
[7.53643015],[2.51658997],[15.25056157]
[7.63142518],[2.53215014],[15.86612053]
[8.04911297],[2.56382736],[16.7860982]
[8.07354141],[2.62268954],[17.67590931]
[8.32340169],[2.69358533],[18.61070711]
[8.397695],[2.73531082],[19.00301575]
[8.79392614],[2.77039586],[19.8769488]
[8.74780266],[2.78668566],[20.01698315]
[8.95496967],[2.79027084],[20.31072213]
[9.28718409],[2.78826718],[20.56439229]
[9.41378285],[2.76892895],[20.66044489]
[9.51382406],[2.75403928],[20.6948951]
[9.55759755],[2.72397052],[20.55730421]
[9.6337453],[2.67999409],[20.27512985]
[9.94724663],[2.6352327],[20.04255157]
[10.08575094],[2.5767174],[19.67415801]
[10.17379764],[2.48620724],[19.47245328]
[10.35012392],[2.40781349],[19.08567021]
[10.56576239],[2.34486751],[18.82827463]
[10.59688479],[2.29367936],[18.39657628]
[10.47845859],[2.24396972],[17.92623288]
[10.44743304],[2.18375533],[17.49262725]
[10.28880988],[2.0975193],[17.01242945]
[10.20674857],[2.02177839],[16.56931522]
[10.04219058],[1.96570127],[16.05995931]
[9.83435598],[1.89957418],[15.43835454]
[9.35698798],[1.81994109],[14.66691863]
[9.19207369],[1.76753367],[13.7409449]
[8.94875881],[1.71665466],[12.84064103]
[8.58691609],[1.67107191],[11.78762729]
[8.50326203],[1.62597462],[10.87238453]
[8.17314689],[1.58418172],[9.93915375]
[7.40273453],[1.53964961],[9.01424451]
[0.],[0.],[0.]
[0.99685321],[0.41632239],[0.32120441]
[1.96166916],[0.54918003],[0.86458746]
[2.67238758],[0.67996662],[1.37882606]
[3.57893146],[0.90616283],[2.41853405]
[3.72435028],[1.10059961],[3.54621917]
[4.23586309],[1.21671509],[4.52943563]
[4.41119508],[1.29881726],[5.06988845]
[4.68844509],[1.36701973],[5.69752532]
[4.82579983],[1.42617253],[6.1397844]
[5.0996841],[1.48766729],[6.77519208]
[5.29501424],[1.57707466],[7.37180651]
[5.49361241],[1.72082791],[8.20685813]
[5.73078909],[1.79200345],[8.80293468]
[5.98908134],[1.89310767],[9.59955359]
[6.09790351],[1.92896313],[10.03006312]
[6.14988233],[1.9804326],[10.5958335]
[6.3195593],[2.02622953],[11.15290745]
[6.62437655],[2.07710812],[11.80083139]
[6.76363941],[2.1034966],[12.34384371]
[7.08727424],[2.13432486],[12.93203034]
[7.34641099],[2.1748856],[13.65002535]
[7.60114149],[2.2336474],[14.49996484]
[7.84414053],[2.30220134],[15.18983511]
[8.18279848],[2.41730825],[16.22901172]
[8.1575043],[2.5314277],[16.98937305]
[8.497936],[2.61114483],[17.92057658]
[8.59353595],[2.66006003],[18.49627992]
[8.91118765],[2.69242467],[19.36835927]
[8.88531578],[2.72128374],[19.58075966]
[9.29371101],[2.75180629],[20.12944894]
[9.51738437],[2.7678006],[20.54148762]
[9.62372947],[2.77873869],[20.6895625]
[9.67829093],[2.74481079],[20.68295767]
[9.88646351],[2.73100525],[20.56030547]
[10.07394526],[2.67092946],[20.46975477]
[10.17484306],[2.60696344],[20.46612085]
[10.28721849],[2.52423815],[20.30090506]
[10.50257814],[2.45922147],[20.17726406]
[10.74695742],[2.3975081],[20.02823923]
[10.87110414],[2.34920283],[19.75894538]
[10.91239159],[2.30733802],[19.41702455]
[10.89173478],[2.26568979],[19.02583283]
[10.83405699],[2.21272143],[18.60739814]
[10.79075393],[2.13570096],[18.17023451]
[10.73189683],[2.05947927],[17.74032762]
[10.62956865],[2.00419793],[17.2416826]
[10.18457311],[1.94265816],[16.53470871]
[9.9647448],[1.87700485],[15.71982089]
[9.64669729],[1.80139559],[14.67215123]
[9.29801873],[1.71880539],[13.79326335]
[9.13471448],[1.67207562],[12.85603725]
[8.84438666],[1.62935178],[11.65513421]
[8.47162448],[1.58873262],[10.74089378]
[7.77584636],[1.54484672],[9.64068045]
