meltWidth,meltDepth,meltArea
[0.35068485],[0.06352014],[0.01072271]
[1.01634411],[0.19887457],[0.09995168]
[1.16353536],[0.21217918],[0.14443643]
[1.29874004],[0.29029454],[0.23179476]
[1.37547791],[0.2838936],[0.26594479]
[1.48108],[0.36867654],[0.36180292]
[1.53971094],[0.35512627],[0.37407771]
[1.63828068],[0.42635639],[0.44808264]
[1.74747853],[0.3918319],[0.44414376]
[1.80600536],[0.44622117],[0.49160798]
[1.84097012],[0.413318],[0.47911985]
[1.89489251],[0.44543386],[0.51523375]
[1.90304586],[0.41176293],[0.49864146]
[1.94681962],[0.4404251],[0.53482345]
[1.95169724],[0.41812349],[0.53162455]
[1.98969289],[0.43481127],[0.55475413]
[1.97476821],[0.42250632],[0.5453021]
[2.00441682],[0.43164966],[0.55549524]
[1.9903636],[0.42263426],[0.54735238]
[2.01881099],[0.42340518],[0.55123604]
[2.00081004],[0.42042264],[0.54742521]
[2.0311136],[0.41888605],[0.5505925]
[2.00809078],[0.41833705],[0.54625013]
[2.03192134],[0.41493224],[0.5438677]
[2.00676648],[0.41455035],[0.53759243]
[2.04040944],[0.41061761],[0.53631553]
[2.00913271],[0.41268177],[0.5284685]
[2.03402517],[0.40787781],[0.52351684]
[2.00434421],[0.40978327],[0.51924444]
[2.02866717],[0.40572647],[0.51469104]
[2.0263049],[0.40590102],[0.52029518]
[2.0257407],[0.40487642],[0.50895895]
[2.01088351],[0.40391768],[0.50452747]
[2.00569871],[0.40298438],[0.49971374]
[2.00456247],[0.40142162],[0.49636135]
[2.00540138],[0.40045461],[0.49478361]
[2.00161583],[0.39965098],[0.49026361]
[1.99944965],[0.39794204],[0.4862447]
[1.9999154],[0.39755703],[0.48517411]
[2.00185653],[0.39789886],[0.48519515]
[1.998873],[0.40142754],[0.48676226]
[1.99853875],[0.40407548],[0.48808461]
[1.99837334],[0.40677689],[0.48869141]
[1.9947654],[0.40707938],[0.48546629]
[1.99129288],[0.39935519],[0.47768255]
[1.99083739],[0.39298669],[0.47189801]
[1.98639735],[0.38627555],[0.46155924]
[1.9751363],[0.38041421],[0.45011702]
[1.97588202],[0.37148847],[0.44510926]
[1.97791441],[0.37140461],[0.44681979]
[1.97466543],[0.37083111],[0.44458693]
[1.97650051],[0.3675316],[0.44004649]
[1.91663568],[0.3605566],[0.42930643]
[0.],[0.],[0.]
[0.],[0.],[0.]
[1.20006913],[0.28875157],[0.19654386]
[1.48796706],[0.46665892],[0.41338195]
[1.76958226],[0.50378862],[0.56384157]
[1.88770857],[0.57539252],[0.68505872]
[1.95900131],[0.60586712],[0.77589898]
[2.06825942],[0.66902748],[0.88928834]
[2.11244949],[0.67122288],[0.94782561]
[2.21676087],[0.68750096],[1.01721231]
[2.21511641],[0.6861267],[1.03774855]
[2.25901959],[0.6862943],[1.06545069]
[2.23158628],[0.68292282],[1.07162133]
[2.28318518],[0.67928217],[1.09290575]
[2.25930292],[0.68499432],[1.09128152]
[2.30754453],[0.68226849],[1.10442072]
[2.28435894],[0.68941555],[1.10601353]
[2.32411297],[0.68734824],[1.1159358]
[2.3046831],[0.69650551],[1.12184724]
[2.36772605],[0.70344854],[1.15371899]
[2.32250639],[0.70918487],[1.15281972]
[2.35789749],[0.71248425],[1.17251768]
[2.33342385],[0.70723484],[1.16931223]
[2.36345939],[0.71233894],[1.1890956]
[2.34112762],[0.71019207],[1.18458077]
[2.36787816],[0.70636197],[1.19205746]
[2.34547513],[0.71067516],[1.19222429]
[2.37880525],[0.70468778],[1.20210274]
[2.35636078],[0.71057848],[1.1987658]
[2.38641466],[0.70544677],[1.20566934]
[2.36094771],[0.70930757],[1.20300771]
[2.39194571],[0.70562714],[1.20960678]
[2.37953839],[0.70544434],[1.21778333]
[2.39541759],[0.70526439],[1.21224965]
[2.38372922],[0.70503154],[1.20827382]
[2.38291107],[0.70476881],[1.20583338]
[2.383531],[0.70421421],[1.20472383]
[2.38398142],[0.70432672],[1.20547517]
[2.38293192],[0.70500188],[1.20275275]
[2.38237272],[0.70454938],[1.20129207]
[2.38281976],[0.7036346],[1.20215959]
[2.38503826],[0.70353569],[1.20248738]
[2.38210377],[0.70528996],[1.19819818]
[2.38135847],[0.70914142],[1.20083514]
[2.38295337],[0.71204948],[1.21378373]
[2.38364543],[0.71404353],[1.21893302]
[2.38001312],[0.72695432],[1.23529602]
[2.37704635],[0.73945212],[1.2516976]
[2.37642848],[0.75271429],[1.26548078]
[2.37180305],[0.76528385],[1.27400254]
[2.37017451],[0.77086432],[1.28197323]
[2.36883559],[0.78797655],[1.30222716]
[2.36955754],[0.80559199],[1.31730627]
[2.37144725],[0.82052334],[1.32679138]
[2.24060792],[0.83028384],[1.31268493]
[0.],[0.],[0.]
[0.],[0.],[0.]
[1.40562689],[0.38422577],[0.30251311]
[1.84360556],[0.52599758],[0.58726231]
[1.95756498],[0.5895307],[0.74550837]
[2.10205844],[0.62204185],[0.86520417]
[2.16681439],[0.66493391],[0.9778127]
[2.27702741],[0.67761305],[1.05668704]
[2.30282826],[0.69276199],[1.10784829]
[2.36744729],[0.69543479],[1.15036516]
[2.35605843],[0.70111192],[1.16546893]
[2.38827858],[0.70030883],[1.17784279]
[2.37502002],[0.71647394],[1.18832251]
[2.45330889],[0.72349213],[1.22566118]
[2.40995849],[0.74034338],[1.24134096]
[2.53565488],[0.74679907],[1.28863006]
[2.49106808],[0.75835984],[1.30113538]
[2.59995679],[0.75988071],[1.34786656]
[2.55144491],[0.76537222],[1.3483979]
[2.6527359],[0.77451137],[1.41034545]
[2.6166075],[0.78104253],[1.41281889]
[2.7030388],[0.79235436],[1.47480707]
[2.66485972],[0.79463345],[1.46035294]
[2.7482892],[0.80333584],[1.5204485]
[2.7048552],[0.80385011],[1.49724097]
[2.77541619],[0.81082059],[1.55243539]
[2.73736897],[0.81027939],[1.52305292]
[2.80701906],[0.81456824],[1.5696175]
[2.7680512],[0.81234597],[1.53309784]
[2.83812101],[0.81734125],[1.58015897]
[2.79344118],[0.81488394],[1.54315904]
[2.84889691],[0.81961667],[1.58643443]
[2.86371494],[0.81877433],[1.57825313]
[2.86730145],[0.82016685],[1.59301619]
[2.88347502],[0.8211655],[1.58342632]
[2.86044087],[0.82155952],[1.57852317]
[2.86746251],[0.82313715],[1.58229571]
[2.87398896],[0.82413038],[1.58678346]
[2.87800833],[0.82456176],[1.58833091]
[2.88920223],[0.82638741],[1.59293287]
[2.89412854],[0.82550202],[1.59267178]
[2.90428029],[0.821711],[1.59415172]
[2.90731221],[0.81648152],[1.58307086]
[2.9125322],[0.81226306],[1.57473603]
[2.91624488],[0.80722964],[1.56701189]
[2.91387682],[0.80135109],[1.55776628]
[2.91841871],[0.79677438],[1.55695612]
[2.92106313],[0.81693027],[1.5615925]
[2.92599749],[0.83284054],[1.56534787]
[2.92265637],[0.84646566],[1.55969952]
[2.9145773],[0.86432217],[1.55479986]
[2.90317684],[0.88731395],[1.55612437]
[2.8863315],[0.90323519],[1.55297411]
[2.87911279],[0.93553595],[1.56482566]
[2.75132953],[0.97787235],[1.59105422]
[0.],[0.],[0.]
[0.],[0.],[0.]
[1.46169089],[0.37696368],[0.32217764]
[1.85790326],[0.51683307],[0.59823217]
[2.0065427],[0.59000202],[0.79236641]
[2.14766809],[0.62701611],[0.90926192]
[2.22768539],[0.66954794],[1.02236945]
[2.34471788],[0.68379971],[1.10247753]
[2.37610962],[0.71299929],[1.16389905]
[2.47280084],[0.72571005],[1.21686033]
[2.44321245],[0.74814946],[1.25126983]
[2.55360829],[0.75768057],[1.30300775]
[2.52203679],[0.7785689],[1.32301748]
[2.63413993],[0.78483352],[1.38087003]
[2.59744662],[0.79510926],[1.39076974]
[2.70074995],[0.79592025],[1.45057901]
[2.6686047],[0.80266342],[1.46388826]
[2.76096784],[0.81429884],[1.53978756]
[2.73769703],[0.82105876],[1.54953773]
[2.82551565],[0.83426262],[1.63096683]
[2.82480695],[0.83964573],[1.62841944]
[2.90899275],[0.84975835],[1.70065552]
[2.90386113],[0.85279625],[1.6822892]
[2.96692745],[0.85910562],[1.73876807]
[2.95089631],[0.86086048],[1.71530995]
[2.984076],[0.8688545],[1.76388167]
[2.9590755],[0.86747687],[1.73183488]
[2.99828677],[0.87532289],[1.77959861]
[2.97053195],[0.86924656],[1.73814771]
[3.01334178],[0.87905195],[1.78606768]
[2.99207078],[0.87099148],[1.7460785]
[3.02190718],[0.88190641],[1.79130398]
[3.05240944],[0.87772318],[1.78603668]
[3.03720968],[0.87918863],[1.79475281]
[3.06656425],[0.88064588],[1.7881027]
[3.0373709],[0.88090086],[1.78009105]
[3.04213437],[0.88345342],[1.78186301]
[3.04691056],[0.88488611],[1.78389998]
[3.04696395],[0.88514117],[1.78178608]
[3.05682871],[0.8876475],[1.78360664]
[3.06154448],[0.88711939],[1.78285591]
[3.06681661],[0.88055938],[1.77646239]
[3.0685748],[0.87380782],[1.75900328]
[3.0715512],[0.86933417],[1.74661084]
[3.07029842],[0.8626227],[1.73356915]
[3.0614551],[0.85659184],[1.71521604]
[3.0649516],[0.85051746],[1.69946128]
[3.05928009],[0.84436984],[1.69826741]
[3.05091657],[0.84439383],[1.70026564]
[3.04097742],[0.86103999],[1.69717975]
[3.03279834],[0.88092685],[1.69915347]
[3.02151537],[0.9053046],[1.69830261]
[3.00600928],[0.92239401],[1.69035223]
[2.99977733],[0.9436747],[1.68586658]
[2.86881717],[0.96641119],[1.67149485]
[0.],[0.],[0.]
[0.],[0.],[0.]
[1.56831428],[0.358647],[0.3445099]
[1.93837811],[0.52303499],[0.66363895]
[2.0824145],[0.60400295],[0.86797151]
[2.21341997],[0.63281694],[0.96172859]
[2.28440766],[0.69635798],[1.08954526]
[2.38726074],[0.72915546],[1.18741598]
[2.4458826],[0.76619682],[1.26555414]
[2.59629901],[0.78050052],[1.34041976]
[2.58497672],[0.81222008],[1.38390121]
[2.7010261],[0.81786014],[1.45407131]
[2.68378111],[0.82777971],[1.47334788]
[2.78654049],[0.83399276],[1.54961302]
[2.77716875],[0.83982468],[1.57004033]
[2.8701913],[0.85457527],[1.65943119]
[2.86436847],[0.86118898],[1.67909968]
[2.93209059],[0.87756569],[1.76349785]
[2.94716479],[0.87922729],[1.76585263]
[3.02155687],[0.90369136],[1.85537371]
[3.04903155],[0.90128241],[1.84552822]
[3.11422243],[0.92140372],[1.91512131]
[3.10209847],[0.91476796],[1.88920474]
[3.11857837],[0.93262104],[1.95194091]
[3.10360067],[0.92530875],[1.92349501]
[3.11709696],[0.94224903],[1.97342938]
[3.11099553],[0.93487835],[1.9418115]
[3.13121434],[0.94783984],[1.99038541]
[3.12051115],[0.93799188],[1.94643041]
[3.14403067],[0.95048085],[1.99177223]
[3.14176328],[0.94144873],[1.95312972]
[3.15011354],[0.95248071],[1.99194815]
[3.19529819],[0.94900127],[1.99270126]
[3.16451782],[0.94999892],[1.99230837]
[3.20845421],[0.95099262],[1.98912383]
[3.17369729],[0.9510679],[1.97820221]
[3.17983943],[0.95286766],[1.98109184]
[3.18599347],[0.95384921],[1.98459031]
[3.18677935],[0.95392511],[1.98378084]
[3.19897575],[0.95570142],[1.98631394]
[3.20587985],[0.95483853],[1.98459168]
[3.21269803],[0.94903031],[1.97858195]
[3.2181511],[0.94177353],[1.95925972]
[3.22350252],[0.93585042],[1.94308723]
[3.2224738],[0.92771953],[1.92419541]
[3.21166492],[0.91629893],[1.8964546]
[3.20551962],[0.90504631],[1.87240214]
[3.1921628],[0.89341336],[1.84828152]
[3.1781623],[0.8879646],[1.84618298]
[3.16118255],[0.88167339],[1.83832879]
[3.14532536],[0.90159722],[1.83303242]
[3.12999592],[0.93011491],[1.83021464]
[3.11121465],[0.95181452],[1.83058272]
[3.09080773],[0.9736628],[1.8248039]
[2.95501775],[0.99529057],[1.79317565]
[0.],[0.],[0.]
[0.],[0.],[0.]
[1.57388075],[0.35059858],[0.35640644]
[1.99339666],[0.52425098],[0.7109691]
[2.10675598],[0.6121813],[0.90653445]
[2.24914537],[0.67881596],[1.04682333]
[2.32311806],[0.75023561],[1.18847119]
[2.42494614],[0.78933809],[1.29669688]
[2.52224256],[0.8164075],[1.38586985]
[2.71367053],[0.8310277],[1.48581797]
[2.70915015],[0.84397435],[1.52709764]
[2.80972006],[0.85559367],[1.61949708]
[2.80682042],[0.8660777],[1.64777777]
[2.89777934],[0.88210458],[1.74813433]
[2.90471361],[0.88816368],[1.76428]
[2.99036389],[0.91480672],[1.87092135]
[3.01988413],[0.91481163],[1.88989072]
[3.08507718],[0.9420413],[1.97640068]
[3.13315284],[0.94416931],[1.98031211]
[3.17447123],[0.96876695],[2.0596296]
[3.19009194],[0.97160917],[2.05040134]
[3.19953909],[0.98516895],[2.10891339]
[3.19876105],[0.98359525],[2.08189721]
[3.20522612],[0.99445005],[2.13879016]
[3.2013897],[0.99248571],[2.10937583]
[3.20984961],[1.00304591],[2.15848858]
[3.21601664],[1.00102134],[2.13121354]
[3.2239482],[1.00804819],[2.17863084]
[3.2245665],[1.00314176],[2.13657136]
[3.24096352],[1.01056097],[2.17947981]
[3.2495716],[1.00535807],[2.14584188]
[3.25296023],[1.01243488],[2.1824445]
[3.3091576],[1.01026355],[2.20128815]
[3.27708399],[1.01089384],[2.1893655]
[3.3248689],[1.0116482],[2.19523622]
[3.29313049],[1.0119153],[2.17439453]
[3.29580279],[1.01333404],[2.17643518]
[3.30263937],[1.01419024],[2.17971943]
[3.30244124],[1.01452299],[2.17465887]
[3.3157738],[1.01592439],[2.17789484]
[3.31961464],[1.01535726],[2.1735626]
[3.32217601],[1.01105035],[2.16395281]
[3.32615192],[1.00531438],[2.14428977]
[3.33078733],[1.00031528],[2.131136]
[3.32634686],[0.99411683],[2.11600974]
[3.30808834],[0.98429502],[2.08433975]
[3.30133254],[0.97329522],[2.06018158]
[3.28962163],[0.96208106],[2.03542803]
[3.27520448],[0.95052181],[2.02222821]
[3.25244033],[0.93777717],[2.00365703]
[3.22972042],[0.93533604],[1.99021143]
[3.20500142],[0.96484431],[1.99599066]
[3.16899027],[0.98895731],[1.98719431]
[3.1357691],[1.01040678],[1.96308006]
[2.99435013],[1.03134951],[1.92380329]
[0.],[0.],[0.]
[0.],[0.],[0.]
[1.59347045],[0.38971464],[0.46790496]
[2.03026597],[0.5405311],[0.7711086]
[2.12723426],[0.64577561],[0.96723238]
[2.28245642],[0.71009088],[1.12426061]
[2.35199363],[0.77680929],[1.26713159]
[2.46095549],[0.81322127],[1.37808937]
[2.5712719],[0.83523901],[1.47330793]
[2.76422454],[0.85317103],[1.58904027]
[2.76927526],[0.86810879],[1.63911918]
[2.86450337],[0.88919079],[1.75793184]
[2.86725036],[0.89583535],[1.78502571]
[2.95368667],[0.92284996],[1.89856618]
[2.9871405],[0.92869689],[1.92901148]
[3.07474284],[0.95464678],[2.03728613]
[3.11422693],[0.95921056],[2.04566997]
[3.17254431],[0.98264888],[2.13243787]
[3.19056982],[0.98757207],[2.12466921]
[3.21495884],[1.00611924],[2.19942058]
[3.22123956],[1.00955245],[2.18896486]
[3.22798218],[1.0184249],[2.25453087]
[3.22850689],[1.01908537],[2.23829682]
[3.2333445],[1.02681416],[2.29761297]
[3.23116076],[1.0276056],[2.27840401]
[3.2429984],[1.03527859],[2.3305669]
[3.25357951],[1.03565797],[2.31177753]
[3.26653363],[1.03923273],[2.35648363]
[3.27055216],[1.03729879],[2.32229126]
[3.29373549],[1.04044391],[2.36280982]
[3.30316251],[1.03921481],[2.33683249]
[3.30993012],[1.04167926],[2.36699057]
[3.36610249],[1.04285217],[2.39323607]
[3.33491401],[1.04356741],[2.37852775]
[3.37902671],[1.0442487],[2.38935317]
[3.35041027],[1.04454771],[2.36580611]
[3.35146231],[1.04566346],[2.36819323]
[3.35893586],[1.04634705],[2.3718771]
[3.35903004],[1.04664364],[2.36697341]
[3.37232911],[1.04722033],[2.3696723]
[3.37809273],[1.04654488],[2.36606515]
[3.38175187],[1.04334806],[2.35605676]
[3.38387758],[1.03896324],[2.32707094]
[3.38795825],[1.0345285],[2.30138297]
[3.37870624],[1.0277476],[2.27299661]
[3.35671764],[1.01864714],[2.2317572]
[3.34661723],[1.00934462],[2.1998531]
[3.33286089],[1.00041093],[2.18036472]
[3.31814668],[0.99122466],[2.1833887]
[3.29504227],[0.99325902],[2.18087433]
[3.27190533],[1.01703907],[2.17307101]
[3.2444632],[1.04284867],[2.16164154]
[3.19970245],[1.05947268],[2.12377252]
[3.16480637],[1.07412076],[2.08433191]
[3.03144927],[1.08638708],[2.02400469]
[0.],[0.],[0.]
[0.],[0.],[0.]
[1.60043313],[0.42112355],[0.50604315]
[2.03282933],[0.58097127],[0.81153682]
[2.15210881],[0.68594466],[1.03593919]
[2.31526271],[0.74449415],[1.20167109]
[2.37556401],[0.80723464],[1.34624766]
[2.50488761],[0.84105091],[1.46544265]
[2.62351427],[0.85822311],[1.56503424]
[2.80799235],[0.88893942],[1.70709218]
[2.82784379],[0.89892644],[1.7659208]
[2.92095982],[0.92610095],[1.89270655]
[2.95292905],[0.93468355],[1.93392212]
[3.04630117],[0.96039503],[2.05702408]
[3.08168733],[0.9681579],[2.08114281]
[3.16390201],[0.99186915],[2.18375019]
[3.18450764],[0.99675811],[2.1852502]
[3.20931781],[1.01418495],[2.26466776]
[3.23232728],[1.01874059],[2.26207693]
[3.25085994],[1.02827581],[2.34597836]
[3.26364154],[1.03312567],[2.36876838]
[3.28467987],[1.03626403],[2.43601138]
[3.30419576],[1.04142586],[2.43866272]
[3.3212367],[1.05544826],[2.489202]
[3.31618681],[1.06727751],[2.48766003]
[3.32553227],[1.07424312],[2.52516925]
[3.3216777],[1.08223792],[2.51767228]
[3.33048766],[1.08735086],[2.5488572]
[3.31766866],[1.08674482],[2.52656232]
[3.34775439],[1.08733143],[2.55702248]
[3.35561189],[1.08948379],[2.54616949]
[3.36922957],[1.08871379],[2.56700578]
[3.43234974],[1.09268937],[2.59960879]
[3.40038046],[1.08922131],[2.58583341]
[3.44899322],[1.08901756],[2.60738052]
[3.41871516],[1.08789687],[2.58182642]
[3.41888128],[1.08706654],[2.58448172]
[3.42598874],[1.0875503],[2.58877629]
[3.42541655],[1.08503392],[2.58683212]
[3.43850219],[1.08395286],[2.59215529]
[3.44182605],[1.08567571],[2.58888693]
[3.44220534],[1.08308559],[2.58058604]
[3.44065103],[1.06976942],[2.55856927]
[3.44083722],[1.06372611],[2.53948302]
[3.43314964],[1.07516389],[2.52588338]
[3.41097655],[1.08224525],[2.49825533]
[3.4014334],[1.09164114],[2.47954103]
[3.38858775],[1.10272567],[2.46095536]
[3.37256303],[1.11151138],[2.44070838]
[3.34566516],[1.11962119],[2.41191398]
[3.31647873],[1.13738594],[2.38413859]
[3.2807094],[1.15269133],[2.34835197]
[3.23096323],[1.16315821],[2.29532483]
[3.19432429],[1.16929384],[2.27781306]
[3.06858146],[1.16253575],[2.24246345]
[0.],[0.],[0.]
[0.],[0.],[0.]
[1.59747125],[0.4504887],[0.51754914]
[2.04769874],[0.61381484],[0.85332103]
[2.1918701],[0.72139346],[1.11220122]
[2.34671831],[0.77723418],[1.28825797]
[2.403045],[0.83650141],[1.42843894]
[2.57261788],[0.87448905],[1.56041856]
[2.69802014],[0.88820565],[1.66183722]
[2.86636602],[0.92781504],[1.81511837]
[2.89316548],[0.93970569],[1.88172742]
[2.99795051],[0.96645114],[2.0243704]
[3.04401208],[0.97683846],[2.07546298]
[3.1319739],[0.99725867],[2.18665565]
[3.19163251],[1.00534052],[2.21736831]
[3.24391544],[1.02077579],[2.30858995]
[3.28936953],[1.02305258],[2.31506891]
[3.3520015],[1.03402986],[2.42133367]
[3.4129561],[1.03726695],[2.47116956]
[3.46852429],[1.04684899],[2.55879464]
[3.47098138],[1.07792135],[2.59180202]
[3.52406591],[1.0956904],[2.65864782]
[3.51967743],[1.1111972],[2.67210899]
[3.5719039],[1.12097803],[2.71890977]
[3.53944287],[1.13060817],[2.73137386]
[3.58103383],[1.13794076],[2.76663396]
[3.5512827],[1.14550512],[2.78359756]
[3.59525155],[1.15073045],[2.80502432]
[3.55360319],[1.15001507],[2.80669181]
[3.60156583],[1.15027616],[2.81914482]
[3.56636864],[1.15196942],[2.8188124]
[3.59595517],[1.15101942],[2.81831133]
[3.60065231],[1.15398754],[2.84575497]
[3.58774229],[1.15203647],[2.82707176]
[3.59379959],[1.15241265],[2.84314214]
[3.57323618],[1.15219329],[2.81357287]
[3.56092715],[1.15256541],[2.81513905]
[3.56515614],[1.15363569],[2.82169072]
[3.56096964],[1.15330184],[2.82347457]
[3.57088157],[1.15436179],[2.83336219]
[3.57281214],[1.15806163],[2.83320607]
[3.57124087],[1.15737618],[2.82461977]
[3.5676532],[1.14819418],[2.80645826]
[3.56798415],[1.15236284],[2.79410323]
[3.55504728],[1.16378791],[2.77964618]
[3.52447079],[1.17215747],[2.7511841]
[3.50570398],[1.18104496],[2.72965214]
[3.48260498],[1.19023204],[2.70288187]
[3.4597418],[1.19801071],[2.69506182]
[3.42423616],[1.20511433],[2.68909387]
[3.38405824],[1.21320528],[2.68645636]
[3.33768377],[1.22688243],[2.6739179]
[3.2792114],[1.23357687],[2.65238291]
[3.23794131],[1.22707076],[2.6131492]
[3.14422059],[1.21612412],[2.54277188]
[0.],[0.],[0.]
[0.],[0.],[0.]
[1.6136014],[0.49137764],[0.56361675]
[2.06664456],[0.64978507],[0.9054576]
[2.23118805],[0.75969698],[1.19348683]
[2.37030272],[0.81372471],[1.37053329]
[2.41937242],[0.873937],[1.50877533]
[2.6081768],[0.91490847],[1.65344868]
[2.75756133],[0.93054782],[1.7774456]
[2.92815537],[0.96980413],[1.94956022]
[2.97181028],[0.97970999],[2.01674956]
[3.08198693],[0.99980358],[2.17324749]
[3.14662193],[1.00826757],[2.21884529]
[3.233252],[1.02237992],[2.33238716]
[3.29751063],[1.02482238],[2.36104628]
[3.37059819],[1.03570073],[2.48517662]
[3.42873892],[1.03838234],[2.53670672]
[3.50805386],[1.06475915],[2.64196155]
[3.54679925],[1.09738139],[2.69497297]
[3.62222894],[1.12433269],[2.77708638]
[3.6053342],[1.15232273],[2.82650228]
[3.67263513],[1.16217041],[2.88098753]
[3.65339368],[1.17246442],[2.91473188]
[3.72344631],[1.18186628],[2.96545532]
[3.6770559],[1.1915045],[2.97866913]
[3.73513041],[1.19847739],[3.06333575]
[3.69042078],[1.20540843],[3.03769159]
[3.75354626],[1.2106237],[3.13679305]
[3.69590709],[1.20990539],[3.06942677]
[3.76104643],[1.21008693],[3.17122537]
[3.70740996],[1.2116315],[3.08349388]
[3.7549121],[1.21076384],[3.17671753]
[3.74143065],[1.21530451],[3.16838214]
[3.74940175],[1.21311788],[3.19669049]
[3.73389128],[1.21410671],[3.18007596]
[3.73022251],[1.21402149],[3.15069092]
[3.6946582],[1.21463657],[3.1457472]
[3.68469894],[1.21606865],[3.14790177]
[3.66752855],[1.21716086],[3.14645556]
[3.6603837],[1.21984516],[3.15124249]
[3.66078678],[1.22349687],[3.15571763]
[3.66054954],[1.22622013],[3.16281925]
[3.65726163],[1.23433473],[3.15981964]
[3.6592695],[1.24212322],[3.1342387]
[3.65572276],[1.24888576],[3.09396597]
[3.62504566],[1.25158631],[3.07793149]
[3.60004489],[1.25485901],[3.07308567]
[3.57200862],[1.25910786],[3.06522149]
[3.54186358],[1.26180895],[3.06706233]
[3.50030559],[1.26513887],[3.04529518]
[3.45701369],[1.27587357],[3.02240994]
[3.41279688],[1.28678761],[3.00079]
[3.3546435],[1.29147286],[2.96778029]
[3.30656658],[1.28771672],[2.90803281]
[3.19494703],[1.27870484],[2.82862316]
[0.],[0.],[0.]
[0.],[0.],[0.]
[1.62756709],[0.53301627],[0.62543039]
[2.12895277],[0.68444291],[0.99607694]
[2.28517709],[0.79515486],[1.28482662]
[2.40336501],[0.86029672],[1.46633259]
[2.45494531],[0.90466144],[1.59852629]
[2.6636335],[0.94608021],[1.75442167]
[2.8316156],[0.96294939],[1.89268747]
[3.01041451],[0.99615368],[2.06387068]
[3.07305037],[1.00542682],[2.14803927]
[3.18937374],[1.0188711],[2.31495735]
[3.27772546],[1.02345722],[2.35737773]
[3.37144953],[1.03451893],[2.50453323]
[3.43049135],[1.03793348],[2.56388524]
[3.52142877],[1.06032203],[2.67266416]
[3.55865233],[1.09598314],[2.72862796]
[3.65127767],[1.12357698],[2.82746436]
[3.66727173],[1.15415038],[2.90060098]
[3.76325255],[1.17965268],[2.98126502]
[3.72716677],[1.2018343],[3.04101684]
[3.80229047],[1.21001783],[3.17072682]
[3.75708207],[1.22034178],[3.13098176]
[3.83358309],[1.23031633],[3.26566993]
[3.76882842],[1.24042332],[3.23744162]
[3.83302726],[1.24738251],[3.34488839]
[3.77228627],[1.25499985],[3.31362684]
[3.84140913],[1.26042507],[3.40445085]
[3.76778825],[1.26006483],[3.36252089]
[3.83811724],[1.26026267],[3.43250409]
[3.77722947],[1.26182656],[3.38391038]
[3.83671844],[1.26203365],[3.43719404]
[3.8135032],[1.26722977],[3.44197927]
[3.83141284],[1.26560244],[3.45695904]
[3.80682706],[1.26667199],[3.44822044]
[3.8139838],[1.26709216],[3.42912494]
[3.77582683],[1.26804537],[3.42188715]
[3.76734959],[1.26949532],[3.423645]
[3.75131107],[1.27114454],[3.42172715]
[3.74452182],[1.2737407],[3.42538054]
[3.7344055],[1.28952002],[3.4317315]
[3.7210389],[1.30095411],[3.43218393]
[3.71308949],[1.30706297],[3.42494187]
[3.71511021],[1.31212125],[3.42287944]
[3.71192558],[1.31755463],[3.41470338]
[3.6841108],[1.32006194],[3.3965735]
[3.65458893],[1.32103213],[3.37647535]
[3.62510073],[1.32215779],[3.35492151]
[3.59456458],[1.3221792],[3.33546733]
[3.55078425],[1.32162002],[3.2930417]
[3.50605114],[1.32770919],[3.24798856]
[3.45635605],[1.33235699],[3.19534129]
[3.40246312],[1.3339413],[3.14261509]
[3.35624438],[1.3301145],[3.08469298]
[3.21373551],[1.31688951],[3.02248944]
[0.],[0.],[0.]
[0.11964358],[0.0278383],[0.00145786]
[1.64118908],[0.56761445],[0.69568581]
[2.19890443],[0.71631889],[1.0897131]
[2.3307404],[0.83925063],[1.38098814]
[2.44123263],[0.89759004],[1.56301687]
[2.49259028],[0.93199853],[1.6882397]
[2.77905858],[0.97676751],[1.88565022]
[2.95116171],[0.99091719],[2.02529357]
[3.11986434],[1.01435748],[2.1933082]
[3.21215267],[1.02015736],[2.30319627]
[3.32218696],[1.03127439],[2.4921301]
[3.42867002],[1.03669658],[2.58388419]
[3.51547777],[1.05602985],[2.69872877]
[3.5592088],[1.09025215],[2.75646549]
[3.65542776],[1.11775021],[2.85870596]
[3.66881332],[1.15146794],[2.92945937]
[3.76643475],[1.17719482],[3.03588631]
[3.75662287],[1.20546937],[3.1077716]
[3.85455838],[1.22726938],[3.2707838]
[3.79925965],[1.24651201],[3.29215114]
[3.87917066],[1.25435842],[3.42252858]
[3.82583413],[1.26439993],[3.41596047]
[3.91174927],[1.27443539],[3.50778675]
[3.83703252],[1.2841861],[3.49607807]
[3.90871786],[1.29076476],[3.57948871]
[3.84178526],[1.29818474],[3.56303415]
[3.92178466],[1.30193916],[3.63671516]
[3.84170283],[1.30097685],[3.60362048]
[3.92332501],[1.30056983],[3.66546746]
[3.85442596],[1.30192911],[3.62246334]
[3.92621718],[1.30171568],[3.66962218]
[3.89253347],[1.30665201],[3.6678021]
[3.92266891],[1.30461982],[3.68671724]
[3.88774406],[1.3051931],[3.66909728]
[3.90569246],[1.305166],[3.65606382]
[3.86256008],[1.30573516],[3.64188645]
[3.85347833],[1.30756984],[3.64174019]
[3.8379307],[1.30897731],[3.63736509]
[3.83154077],[1.31611667],[3.6434706]
[3.82731176],[1.32880312],[3.65066188]
[3.81537743],[1.33771086],[3.64808938]
[3.79700945],[1.34112625],[3.64502324]
[3.78789481],[1.34402817],[3.63018626]
[3.77853388],[1.34699511],[3.60957071]
[3.75344829],[1.3492696],[3.58295627]
[3.72481508],[1.35050983],[3.55707116]
[3.689257],[1.35099301],[3.52743601]
[3.65006601],[1.3506998],[3.49991627]
[3.60256998],[1.34991603],[3.4567235]
[3.55634836],[1.35666337],[3.41370771]
[3.50665178],[1.36102834],[3.35943008]
[3.44744877],[1.36207096],[3.29514822]
[3.40500811],[1.35982666],[3.24443092]
[3.23019267],[1.34669216],[3.18889939]
[0.],[0.],[0.]
[0.33735871],[0.05674248],[0.00898386]
[1.64705153],[0.58847529],[0.7407499]
[2.25122218],[0.74200827],[1.16287062]
[2.36673594],[0.86991248],[1.46001943]
[2.48126937],[0.92440358],[1.65214532]
[2.57704175],[0.96105264],[1.78352063]
[2.90053951],[0.99729231],[2.01485928]
[3.07790794],[1.00995433],[2.15612027]
[3.2382613],[1.02906285],[2.33539828]
[3.34619237],[1.03720453],[2.50034494]
[3.480183],[1.04724726],[2.69186703]
[3.53477381],[1.08363162],[2.7770305]
[3.63881896],[1.11859345],[2.88336036]
[3.64704091],[1.1511266],[2.95302954]
[3.74910245],[1.17638549],[3.09056171]
[3.75083725],[1.2080968],[3.1488873]
[3.86004673],[1.23202685],[3.332718]
[3.83789762],[1.25490347],[3.37431058]
[3.94552066],[1.27356785],[3.51986159]
[3.87923843],[1.28823854],[3.54336379]
[3.96921926],[1.29353571],[3.64496693]
[3.90908076],[1.3026603],[3.635141]
[4.0126128],[1.3112106],[3.71865092]
[3.92839396],[1.32013548],[3.7041969]
[4.01467398],[1.32579381],[3.78953716]
[3.93613922],[1.33241419],[3.76478915]
[4.029891],[1.33630023],[3.84857847]
[3.93657706],[1.33600131],[3.80117229]
[4.03027712],[1.33554962],[3.881163]
[3.94951283],[1.33732191],[3.82323689]
[4.03705697],[1.33753186],[3.8866759]
[3.99121666],[1.33900358],[3.87492634]
[4.03643037],[1.3403673],[3.90620314]
[3.98796155],[1.34110498],[3.88249315]
[4.01925738],[1.34097529],[3.87503766]
[3.97040327],[1.34130998],[3.85483603]
[3.96206757],[1.34307115],[3.85311544]
[3.94654618],[1.34458669],[3.8470424]
[3.93935978],[1.35193114],[3.85185425]
[3.93603912],[1.36353862],[3.85757868]
[3.92438098],[1.37206779],[3.86306249]
[3.90432166],[1.37460451],[3.85625]
[3.89443233],[1.37724289],[3.84098661]
[3.88145858],[1.37928621],[3.81494239]
[3.85775946],[1.3808444],[3.78298031]
[3.82446246],[1.38174865],[3.75029798]
[3.77691216],[1.38329358],[3.71434015]
[3.72146927],[1.38253097],[3.66962929]
[3.66116913],[1.38094636],[3.61160151]
[3.60852539],[1.38574732],[3.55884186]
[3.54576987],[1.38627079],[3.48858451]
[3.47167387],[1.38532712],[3.40174755]
[3.41736531],[1.37796061],[3.36507418]
[3.24374821],[1.35867188],[3.30348216]
[0.],[0.],[0.]
[0.70314095],[0.14936347],[0.05134531]
[1.65693198],[0.61576091],[0.79899809]
[2.31006022],[0.77539022],[1.25324532]
[2.41601178],[0.89761906],[1.56133976]
[2.52006945],[0.94815626],[1.74682591]
[2.68379822],[0.99160379],[1.89863121]
[2.99413313],[1.01099849],[2.13985491]
[3.17659071],[1.02715817],[2.29862112]
[3.33248523],[1.0439645],[2.5406867]
[3.4573397],[1.08270484],[2.71293126]
[3.57198686],[1.11300057],[2.89253166]
[3.61468583],[1.14941536],[2.99800643]
[3.7176805],[1.18239591],[3.16077607]
[3.71662711],[1.21173756],[3.21002655]
[3.82720946],[1.23286302],[3.38733639]
[3.82033965],[1.25908987],[3.44303578]
[3.93913375],[1.27474079],[3.57803846]
[3.90805311],[1.29217369],[3.61717473]
[4.02185913],[1.30757912],[3.73821021]
[3.94953339],[1.31947441],[3.75106314]
[4.05410684],[1.32434625],[3.86165012]
[3.98759332],[1.3325606],[3.83934162]
[4.09716815],[1.34109735],[3.93952755]
[4.00685726],[1.35015284],[3.91460753]
[4.09869274],[1.35609383],[4.01782168]
[4.01427543],[1.36296723],[3.98361066]
[4.11195762],[1.36627525],[4.08628015]
[4.01437647],[1.3665823],[4.02779027]
[4.11270709],[1.36684833],[4.12204402]
[4.02719691],[1.36847431],[4.05702164]
[4.11837051],[1.36964476],[4.1348622]
[4.07146429],[1.37167171],[4.11443242]
[4.11920243],[1.3717492],[4.1542336]
[4.06988376],[1.37224758],[4.12176777]
[4.10584679],[1.37291738],[4.12450129]
[4.05822632],[1.37446494],[4.09745047]
[4.04893362],[1.37651083],[4.09419454]
[4.03135963],[1.38764076],[4.09305978]
[4.02190738],[1.39794062],[4.10281878]
[4.01794449],[1.40775684],[4.11908311]
[4.00617988],[1.41509654],[4.12542623]
[3.98449109],[1.41736022],[4.11205317]
[3.97470596],[1.41814177],[4.0937331]
[3.95448466],[1.41996341],[4.06159975]
[3.92363553],[1.4203759],[4.01558736]
[3.88904848],[1.42049404],[3.97264334]
[3.84458323],[1.42076083],[3.92448049]
[3.79119601],[1.42010573],[3.87078201]
[3.72833275],[1.42279828],[3.81026844]
[3.67621957],[1.42604741],[3.75530302]
[3.61846238],[1.42845721],[3.74153588]
[3.54260832],[1.42281671],[3.72711551]
[3.46099507],[1.41355038],[3.67534466]
[3.24228854],[1.39661551],[3.54241429]
[0.],[0.],[0.]
[0.75608996],[0.1849204],[0.07554193]
[1.66512195],[0.64023552],[0.85002679]
[2.34576125],[0.80683881],[1.33203294]
[2.45072509],[0.9210482],[1.63971015]
[2.56435187],[0.96528159],[1.81502]
[2.77204347],[1.00456146],[1.98650588]
[3.07416138],[1.02091201],[2.24917884]
[3.27046923],[1.0388395],[2.46104481]
[3.44269638],[1.07101056],[2.69542317]
[3.53905848],[1.13056898],[2.8710197]
[3.65728091],[1.15802923],[3.11351142]
[3.68592095],[1.19152079],[3.19691525]
[3.79103514],[1.22164383],[3.36448447]
[3.78096142],[1.24682747],[3.42459312]
[3.90041378],[1.26682936],[3.56007637]
[3.88481789],[1.28808591],[3.61486301]
[4.0133781],[1.30297586],[3.74655724]
[3.9762941],[1.31941783],[3.78366052]
[4.09909293],[1.33486286],[3.92311951]
[4.02380399],[1.34648451],[3.92638203]
[4.12806551],[1.35160506],[4.05481985]
[4.05403037],[1.3605582],[4.01738943]
[4.16113779],[1.36952025],[4.13412189]
[4.06957868],[1.37856941],[4.09593396]
[4.16234513],[1.38347783],[4.20854068]
[4.07653121],[1.38999525],[4.16560384]
[4.17526665],[1.39467605],[4.27863255]
[4.07689449],[1.39712767],[4.21451822]
[4.17630379],[1.39846506],[4.3192479]
[4.09169678],[1.40003855],[4.25069987]
[4.18362493],[1.40085448],[4.33808462]
[4.14285686],[1.40288792],[4.31203645]
[4.18531846],[1.40277711],[4.35794543]
[4.14180764],[1.40358696],[4.31978568]
[4.17239034],[1.40436424],[4.33411951]
[4.13123127],[1.40624775],[4.29846637]
[4.11960783],[1.40809035],[4.29322398]
[4.10346655],[1.4173908],[4.28865706]
[4.09414812],[1.42708696],[4.30185326]
[4.09071432],[1.43622186],[4.31540723]
[4.07955112],[1.44422236],[4.32036941]
[4.06017027],[1.44660512],[4.30678026]
[4.05123234],[1.44700061],[4.28952608]
[4.03328173],[1.4468709],[4.25589141]
[3.99951768],[1.44620086],[4.20442075]
[3.95536787],[1.445533],[4.15145913]
[3.9095299],[1.4451031],[4.10051043]
[3.85763769],[1.44445047],[4.04588632]
[3.79460648],[1.44725205],[3.97975029]
[3.73967491],[1.44950338],[3.91287905]
[3.68258035],[1.45299385],[3.93853142]
[3.59792528],[1.44676412],[3.88088246]
[3.49453834],[1.43404668],[3.81942046]
[3.23247606],[1.4190641],[3.67324924]
[0.],[0.],[0.]
[0.75028476],[0.11632876],[0.04261741]
[1.66754725],[0.65967162],[0.87990075]
[2.37329004],[0.81841481],[1.38724766]
[2.4735451],[0.94130092],[1.69754436]
[2.64588204],[0.97978931],[1.89268517]
[2.86812771],[1.01945726],[2.08397066]
[3.15170536],[1.0313406],[2.37400782]
[3.36105674],[1.05415356],[2.60248515]
[3.53935713],[1.11066785],[2.83150253]
[3.60543337],[1.16493656],[3.00410969]
[3.74697127],[1.1928607],[3.27942796]
[3.75883061],[1.227403],[3.39238288]
[3.8815345],[1.2570828],[3.54140905]
[3.85992573],[1.28144482],[3.60853051]
[3.98994798],[1.29766415],[3.74284147]
[3.9686208],[1.31797915],[3.79520451]
[4.10904333],[1.33284979],[3.94744299]
[4.07192232],[1.34989258],[3.97686723]
[4.18480389],[1.36556557],[4.13588839]
[4.10892244],[1.37674492],[4.12272624]
[4.20720348],[1.38213346],[4.25661257]
[4.140015],[1.39096939],[4.21776258]
[4.23864915],[1.39980261],[4.33407082]
[4.15764261],[1.40875002],[4.29504199]
[4.23992129],[1.41368884],[4.40779661]
[4.16368254],[1.42000047],[4.36497116]
[4.25284274],[1.42642886],[4.47926735]
[4.16536298],[1.42915868],[4.41654627]
[4.25457427],[1.43030803],[4.52122132]
[4.18073093],[1.43200516],[4.45870425]
[4.26286575],[1.43195285],[4.54566376]
[4.23564461],[1.43439775],[4.51838128]
[4.2675561],[1.43404201],[4.56786632]
[4.23635273],[1.43471519],[4.52933353]
[4.25569424],[1.43528479],[4.54691192]
[4.22564248],[1.43730323],[4.51162742]
[4.20937845],[1.43929278],[4.50630689]
[4.19247983],[1.4495747],[4.50907166]
[4.18275034],[1.45858167],[4.51784366]
[4.17856515],[1.4671196],[4.52769214]
[4.16867816],[1.47327021],[4.52619247]
[4.14533147],[1.47554152],[4.50638701]
[4.12987679],[1.47603938],[4.48738393]
[4.10607776],[1.4760535],[4.45251495]
[4.06770645],[1.4745712],[4.39582319]
[4.02604763],[1.47278418],[4.33495504]
[3.96927576],[1.47147466],[4.27053368]
[3.90612166],[1.47016945],[4.20017967]
[3.82236859],[1.47323408],[4.11384074]
[3.70658071],[1.47089572],[4.03207067]
[3.58229901],[1.46305452],[3.98103366]
[3.42974876],[1.44963317],[3.87706446]
[3.09334892],[1.43449875],[3.70620655]
[2.92000294],[1.42077738],[3.50693216]
[0.],[0.],[0.]
[0.76167716],[0.16320808],[0.07482559]
[1.6737103],[0.6810565],[0.92439034]
[2.40331208],[0.84103926],[1.45523126]
[2.4977264],[0.95447857],[1.75064123]
[2.73531877],[0.99274743],[1.98871749]
[2.96176823],[1.03155942],[2.19942974]
[3.23448904],[1.04235557],[2.52976451]
[3.4556421],[1.1014968],[2.75994984]
[3.62217468],[1.15593668],[3.06180625]
[3.6826748],[1.20525876],[3.24272411]
[3.81603171],[1.23356995],[3.47202858]
[3.81694131],[1.26796548],[3.58804683]
[3.95089302],[1.29486001],[3.74659919]
[3.9190341],[1.31337448],[3.80570674]
[4.06579134],[1.32932655],[3.96366234]
[4.03249026],[1.34928062],[4.00448951]
[4.17245064],[1.36359155],[4.17496063]
[4.13209812],[1.37997937],[4.18938548]
[4.24044987],[1.39499629],[4.34539999]
[4.17195973],[1.40512867],[4.33267587]
[4.26228592],[1.41114606],[4.46193729]
[4.20243455],[1.42055059],[4.42915993]
[4.2934949],[1.42935889],[4.54282455]
[4.22086033],[1.43803589],[4.49946355]
[4.29580801],[1.44323095],[4.61254759]
[4.2272028],[1.45067703],[4.57173076]
[4.30876803],[1.45872538],[4.686634]
[4.22930513],[1.46171067],[4.62645186]
[4.31043758],[1.46272685],[4.73054666]
[4.24393138],[1.46432272],[4.67111226]
[4.31843487],[1.46454234],[4.75920408]
[4.30048982],[1.4655847],[4.73511799]
[4.3247213],[1.46641995],[4.78518979]
[4.30277975],[1.46765777],[4.74987106]
[4.31396139],[1.46952784],[4.76840118]
[4.29282382],[1.47356549],[4.74347395]
[4.27374573],[1.48193797],[4.74934254]
[4.25821304],[1.49022184],[4.75068781]
[4.24942896],[1.49758642],[4.75688638]
[4.24509525],[1.50474031],[4.76516301]
[4.23191382],[1.5091473],[4.75934701]
[4.2064919],[1.51025387],[4.73619921]
[4.1876539],[1.51027013],[4.71630748]
[4.16297295],[1.50992858],[4.68355336]
[4.12673221],[1.50783743],[4.62433439]
[4.09288107],[1.505315],[4.565289]
[4.02828707],[1.50370223],[4.49622539]
[3.93789101],[1.50517956],[4.41531402]
[3.82874933],[1.50698324],[4.31926196]
[3.69507202],[1.50095939],[4.22926298]
[3.56786229],[1.49358435],[4.18222591]
[3.38573769],[1.48127949],[4.07372701]
[3.14492924],[1.4652636],[3.90242061]
[3.13576194],[1.44964516],[3.70136993]
[0.],[0.],[0.]
[0.78006575],[0.24513404],[0.12991914]
[1.6827643],[0.69497206],[0.96165426]
[2.43138377],[0.85972158],[1.50808276]
[2.52174272],[0.96365493],[1.7951011]
[2.82393495],[1.00173491],[2.07973407]
[3.06512366],[1.03938209],[2.34122954]
[3.32057923],[1.0718368],[2.65652452]
[3.5229434],[1.1366394],[2.86941481]
[3.71655929],[1.19057665],[3.21800975]
[3.74930479],[1.23680674],[3.40464517]
[3.88382077],[1.26537464],[3.63375792]
[3.87594481],[1.29955046],[3.74857488]
[4.01990934],[1.32256394],[3.92585763]
[3.98131348],[1.34112832],[3.9759097]
[4.12655769],[1.3564291],[4.14469401]
[4.09405237],[1.37612288],[4.18122488]
[4.23044542],[1.39053165],[4.35191439]
[4.19412432],[1.4070205],[4.36835147]
[4.29496968],[1.42162992],[4.51971375]
[4.23488143],[1.43040602],[4.50875034]
[4.31730418],[1.43698007],[4.63633548]
[4.26566287],[1.44684326],[4.60241853]
[4.3475669],[1.4567512],[4.71516288]
[4.2813532],[1.4661128],[4.67606499]
[4.34724655],[1.47271824],[4.78883045]
[4.28418427],[1.48237952],[4.75348906]
[4.35771016],[1.49139843],[4.86820805]
[4.28350557],[1.49450673],[4.81397113]
[4.35597685],[1.49563333],[4.91516197]
[4.29422451],[1.49696174],[4.86256272]
[4.36144542],[1.49703702],[4.95025542]
[4.34873174],[1.49802311],[4.96011132]
[4.36565571],[1.49905396],[4.98312655]
[4.3490505],[1.50065531],[4.97948765]
[4.35388099],[1.50173418],[4.96711495]
[4.33718916],[1.50392408],[4.94150107]
[4.31421071],[1.51147601],[4.93925679]
[4.29752043],[1.51835339],[4.93384625]
[4.28766117],[1.52453516],[4.94180525]
[4.27627571],[1.5304803],[4.94181532]
[4.26166851],[1.53412652],[4.93173251]
[4.23610022],[1.53376269],[4.9048467]
[4.21598879],[1.53285422],[4.88100528]
[4.19000777],[1.53319684],[4.83402177]
[4.15334272],[1.53188603],[4.77211749]
[4.11407401],[1.52903002],[4.70436634]
[4.02245247],[1.52563307],[4.61931762]
[3.91733632],[1.52381391],[4.52634441]
[3.77966767],[1.52444339],[4.41179157]
[3.64669589],[1.51694496],[4.29919568]
[3.52765256],[1.50653848],[4.21480975]
[3.34553521],[1.49582119],[4.10756475]
[3.17435839],[1.47924663],[3.94052618]
[3.1634915],[1.46085532],[3.73781527]
[0.],[0.],[0.]
[0.7979275],[0.31143008],[0.17912143]
[1.69270458],[0.70867384],[0.99412216]
[2.45731733],[0.87811182],[1.55716892]
[2.54430012],[0.97279654],[1.83623541]
[2.8980913],[1.01011853],[2.17114233]
[3.16067041],[1.04688612],[2.4596126]
[3.39861851],[1.10605314],[2.84363968]
[3.58819449],[1.16865696],[3.06919747]
[3.78528653],[1.2206992],[3.35935416]
[3.79675622],[1.26316791],[3.54201852]
[3.93798327],[1.29177207],[3.78991797]
[3.92597706],[1.323006],[3.90305698]
[4.07362814],[1.34494271],[4.08661532]
[4.02689725],[1.36303993],[4.1344133]
[4.1689262],[1.37809299],[4.30490518]
[4.14032148],[1.39725611],[4.34340115]
[4.27011315],[1.41103859],[4.50658797]
[4.23429173],[1.42661045],[4.51924354]
[4.32933524],[1.44071559],[4.66438428]
[4.27366516],[1.44943692],[4.65072647]
[4.35100433],[1.45746696],[4.77787699]
[4.30344374],[1.46835197],[4.75004021]
[4.380031],[1.47837316],[4.86227405]
[4.31740439],[1.48760638],[4.83233446]
[4.37851765],[1.49518133],[4.94245874]
[4.31933377],[1.50461471],[4.91588315]
[4.388515],[1.51277122],[5.02809816]
[4.31840214],[1.51552988],[4.97665586]
[4.38596104],[1.51672414],[5.0855215]
[4.32783265],[1.51744516],[5.0317856]
[4.39097499],[1.5167384],[5.118718]
[4.38267832],[1.51898309],[5.12546605]
[4.39495855],[1.51684052],[5.14299767]
[4.38407712],[1.51776007],[5.13710947]
[4.38453342],[1.51828288],[5.12299896]
[4.37217917],[1.51923672],[5.09686132]
[4.34758119],[1.52491674],[5.08880437]
[4.33031219],[1.5312676],[5.07917856]
[4.31500969],[1.53840105],[5.08507916]
[4.30371275],[1.54458804],[5.08308389]
[4.28987231],[1.54814175],[5.06982731]
[4.26327765],[1.54724202],[5.03686718]
[4.24333603],[1.5458183],[5.00606491]
[4.21760348],[1.54473181],[4.95350775]
[4.1791131],[1.54287701],[4.87066282]
[4.11260013],[1.54067111],[4.78938796]
[4.02895401],[1.538092],[4.70680777]
[3.92800297],[1.53459284],[4.61289732]
[3.77737973],[1.53127811],[4.49093992]
[3.61905778],[1.52436516],[4.36674255]
[3.49657723],[1.51386798],[4.25251075]
[3.33764038],[1.50171036],[4.11249637]
[3.18773298],[1.4872719],[3.94945722]
[3.18410001],[1.46680532],[3.74683924]
[0.],[0.],[0.]
[0.79324004],[0.28244349],[0.1626457]
[1.69797475],[0.71445778],[1.01007513]
[2.47475992],[0.88481225],[1.58734021]
[2.58227608],[0.98176772],[1.86989743]
[2.94771094],[1.01913746],[2.26704287]
[3.22712633],[1.072062],[2.54686781]
[3.43857923],[1.13553449],[2.96797774]
[3.63107882],[1.19683965],[3.20114054]
[3.81787783],[1.24810977],[3.47218476]
[3.82913098],[1.28839921],[3.65247004]
[3.97340289],[1.31320473],[3.90997913]
[3.97047752],[1.34404465],[4.03143786]
[4.12730756],[1.36571317],[4.22777593]
[4.08268122],[1.38314371],[4.27033157]
[4.22374263],[1.39784837],[4.44459612]
[4.20327528],[1.41653697],[4.48272529]
[4.32811597],[1.43126699],[4.64026321]
[4.29842927],[1.44777993],[4.65637276]
[4.38368715],[1.46099919],[4.79829744]
[4.33664664],[1.47072631],[4.79318512]
[4.40486336],[1.47957628],[4.93109097]
[4.36356732],[1.49017601],[4.91802256]
[4.43140243],[1.50006871],[5.02302816]
[4.37534327],[1.51040876],[5.00031635]
[4.42750993],[1.51855746],[5.10885057]
[4.37455348],[1.52700865],[5.0825668]
[4.43535004],[1.53417415],[5.19945811]
[4.37248482],[1.53769276],[5.14718402]
[4.43108629],[1.538779],[5.25763026]
[4.37932401],[1.53977761],[5.2071039]
[4.43294244],[1.53885695],[5.29471909]
[4.43100743],[1.54215621],[5.30537486]
[4.43480954],[1.53984294],[5.31940007]
[4.43022856],[1.54050662],[5.31523382]
[4.41835896],[1.54062562],[5.29781688]
[4.40698481],[1.5412862],[5.27439595]
[4.37582118],[1.54705763],[5.26213481]
[4.35606521],[1.55252736],[5.24955447]
[4.34340042],[1.55812597],[5.25063739]
[4.33368747],[1.56391256],[5.24526734]
[4.32087065],[1.56770507],[5.22778304]
[4.27037882],[1.56588851],[5.18048463]
[4.21368701],[1.56422514],[5.13218473]
[4.14040828],[1.56257074],[5.05542908]
[4.05766765],[1.5600808],[4.94247399]
[3.97956342],[1.55761448],[4.8281514]
[3.87882301],[1.55535539],[4.71544265]
[3.71921233],[1.54732308],[4.58599211]
[3.54259003],[1.53312909],[4.43716529]
[3.38860707],[1.52066255],[4.29205399]
[3.33442006],[1.50914284],[4.05365617]
[3.2688959],[1.49686298],[3.84256014]
[3.23072164],[1.47951804],[3.66929734]
[3.22618097],[1.45797678],[3.52532134]
[0.],[0.],[0.]
[0.80216859],[0.31888718],[0.18918758]
[1.70446076],[0.7262568],[1.03304185]
[2.48706081],[0.8975779],[1.61982904]
[2.62435028],[0.99569581],[1.91470211]
[2.98619718],[1.02953709],[2.42251408]
[3.26534561],[1.11285591],[2.67719982]
[3.48491759],[1.17057034],[3.09455601]
[3.6685155],[1.22985914],[3.34297633]
[3.85907645],[1.27650131],[3.60476001]
[3.86401034],[1.30907976],[3.7892812]
[4.01080529],[1.3339424],[4.05642033]
[4.00355833],[1.36510815],[4.17698391]
[4.15791574],[1.38526669],[4.37969655]
[4.12287124],[1.40237717],[4.42210787]
[4.25929847],[1.41779587],[4.5943084]
[4.2458548],[1.43723604],[4.63859194]
[4.36566372],[1.45129794],[4.79463368]
[4.3392148],[1.46744103],[4.8101203]
[4.41872743],[1.47975019],[4.95674566]
[4.37615519],[1.49084508],[4.97650206]
[4.43967491],[1.49859258],[5.11227585]
[4.39932841],[1.50895218],[5.09101739]
[4.46118572],[1.51946359],[5.20132063]
[4.40887823],[1.53056467],[5.17624737]
[4.45639883],[1.53747607],[5.2909084]
[4.40745729],[1.54530805],[5.26783783]
[4.46415149],[1.55312117],[5.38787895]
[4.40546809],[1.55694193],[5.34385209]
[4.45876318],[1.55939733],[5.45717295]
[4.41081797],[1.56133309],[5.41284085]
[4.48127523],[1.5603452],[5.51054723]
[4.47586122],[1.56324661],[5.51317059]
[4.49896217],[1.56184079],[5.53942494]
[4.47681183],[1.56243434],[5.52265891]
[4.4702674],[1.56415352],[5.51623995]
[4.43791457],[1.5695209],[5.49260086]
[4.40350274],[1.57551174],[5.47703285]
[4.38268247],[1.58023367],[5.46293707]
[4.36843639],[1.58487626],[5.45626541]
[4.35689224],[1.58960905],[5.4398025]
[4.33657806],[1.59225865],[5.41413966]
[4.28035335],[1.59004685],[5.36110294]
[4.22741574],[1.58701158],[5.30939363]
[4.15649308],[1.5839582],[5.23551441]
[4.07320034],[1.58015737],[5.12882124]
[4.00747556],[1.57735961],[5.0211628]
[3.89630158],[1.57480539],[4.89343395]
[3.73786231],[1.56799213],[4.74170433]
[3.58040777],[1.55370726],[4.58917958]
[3.53929397],[1.54161404],[4.45559632]
[3.49103902],[1.52945019],[4.22981479]
[3.43758544],[1.51570892],[4.02649022]
[3.3844699],[1.49958815],[3.83811686]
[3.36065214],[1.47936503],[3.63161713]
[0.],[0.],[0.]
[0.80829693],[0.34010436],[0.20651712]
[1.7092316],[0.73404487],[1.05074409]
[2.49271172],[0.90278183],[1.63741191]
[2.64907834],[1.00191256],[1.94339943]
[3.0069915],[1.03801516],[2.48621463]
[3.29235361],[1.13787899],[2.77405241]
[3.51137133],[1.19436712],[3.17644976]
[3.69169003],[1.2493655],[3.42888505]
[3.88819199],[1.29477635],[3.69544476]
[3.88918416],[1.32591307],[3.88930121]
[4.03978445],[1.35147639],[4.16318046]
[4.0293787],[1.38358198],[4.28639163]
[4.1839147],[1.40333265],[4.49262565]
[4.14714025],[1.42190957],[4.53510489]
[4.2818898],[1.43731305],[4.70918319]
[4.27232041],[1.45582683],[4.75850118]
[4.38964379],[1.46977742],[4.91056305]
[4.3647015],[1.48723574],[4.94226936]
[4.43926921],[1.50093176],[5.10232465]
[4.40006367],[1.51157553],[5.12251557]
[4.45862741],[1.51959836],[5.25996737]
[4.42088179],[1.53163799],[5.24386004]
[4.47953988],[1.54428475],[5.35840351]
[4.42961128],[1.55249499],[5.34021274]
[4.4779781],[1.55830096],[5.45602783]
[4.4273574],[1.5669993],[5.44433649]
[4.50929008],[1.57493735],[5.57766847]
[4.4258121],[1.58023253],[5.52811504]
[4.52338006],[1.58198014],[5.66200669]
[4.46214868],[1.58402779],[5.60935901]
[4.54348552],[1.58311411],[5.74557939]
[4.54827732],[1.58647901],[5.73266946]
[4.55857265],[1.58523281],[5.77582184]
[4.55223164],[1.58597638],[5.73728609]
[4.53903524],[1.58674999],[5.74761601]
[4.52343776],[1.59160765],[5.70595408]
[4.48441767],[1.59701906],[5.67966412]
[4.45782509],[1.60131998],[5.66384582]
[4.43845657],[1.60523407],[5.65325028]
[4.42260609],[1.60975977],[5.63475412]
[4.38398329],[1.61204903],[5.59418912]
[4.30616059],[1.60988017],[5.52301428]
[4.25293938],[1.60611768],[5.46769051]
[4.18403018],[1.60239654],[5.39347102]
[4.09889969],[1.59817799],[5.29003273]
[4.03217809],[1.59411953],[5.18106672]
[3.93842438],[1.59045371],[5.05584146]
[3.76783726],[1.58465223],[4.90205585]
[3.67537185],[1.57012076],[4.72818826]
[3.62489741],[1.55601508],[4.58932845]
[3.58260566],[1.54349169],[4.35785569]
[3.53031618],[1.53092006],[4.14769965]
[3.47390971],[1.51593168],[3.95313895]
[3.4292451],[1.50029246],[3.7185827]
[0.],[0.],[0.]
[0.81480269],[0.34397139],[0.21754253]
[1.71511786],[0.7474815],[1.07289393]
[2.49763679],[0.90503634],[1.64627064]
[2.66453986],[1.00291228],[1.95442308]
[3.02227134],[1.0431872],[2.5065053]
[3.30983501],[1.14476359],[2.80913278]
[3.52800884],[1.20199546],[3.205895]
[3.70800805],[1.25658764],[3.45808159]
[3.9123609],[1.30258125],[3.73334335]
[3.91025888],[1.33439324],[3.92938258]
[4.06402961],[1.36020478],[4.20564647]
[4.05028897],[1.39323277],[4.3351537]
[4.194697],[1.41287503],[4.53847604]
[4.16039099],[1.43159649],[4.5873729]
[4.29368932],[1.4464819],[4.76139217]
[4.2854922],[1.46505884],[4.8126916]
[4.40108505],[1.47816694],[4.96484996]
[4.37687251],[1.49713616],[5.0128755]
[4.44767795],[1.51059609],[5.17430271]
[4.40818829],[1.52169863],[5.19903457]
[4.46513616],[1.53005327],[5.33967516]
[4.42793936],[1.54389916],[5.3279821]
[4.4997539],[1.5560094],[5.45600634]
[4.43535963],[1.56542045],[5.43625788]
[4.51409981],[1.57294725],[5.57769005]
[4.44823836],[1.58278456],[5.55419378]
[4.54160113],[1.59241309],[5.7400164]
[4.47152929],[1.59945703],[5.67995773]
[4.55262646],[1.60005318],[5.87164125]
[4.50294446],[1.60047612],[5.81080142]
[4.56962818],[1.59823643],[5.93944382]
[4.57737253],[1.60116292],[5.92615078]
[4.58387754],[1.59833673],[5.95434215]
[4.58298075],[1.59925964],[5.92163144]
[4.5677377],[1.59927632],[5.92560997]
[4.56180538],[1.60211967],[5.89544127]
[4.52741882],[1.60818435],[5.86915023]
[4.50519344],[1.61221521],[5.84934745]
[4.48955051],[1.61594289],[5.83832741]
[4.47668794],[1.62057366],[5.82214583]
[4.45339172],[1.62282084],[5.78507088]
[4.37426925],[1.62059756],[5.70525462]
[4.28877038],[1.61663318],[5.61750139]
[4.23147863],[1.61294154],[5.51589191]
[4.1463501],[1.60787227],[5.40121396]
[4.06917391],[1.60400179],[5.29642755]
[3.99549089],[1.60051339],[5.18050387]
[3.84388887],[1.59495301],[5.03508241]
[3.75567371],[1.58026248],[4.85101899]
[3.6897745],[1.56598287],[4.68419669]
[3.64272662],[1.55272439],[4.46929107]
[3.58544768],[1.54035567],[4.23896835]
[3.53333408],[1.52614142],[4.04104142]
[3.48606008],[1.50942582],[3.79375055]
[0.],[0.],[0.]
[0.81380637],[0.34104926],[0.2154948]
[1.71679975],[0.74078653],[1.07189573]
[2.49675731],[0.90766847],[1.65036529]
[2.66489116],[1.00567484],[1.95653062]
[3.03098508],[1.04685917],[2.52415848]
[3.32528823],[1.15303675],[2.8470903]
[3.54356405],[1.20930592],[3.23520275]
[3.72330303],[1.26344275],[3.48745687]
[3.93625385],[1.30966079],[3.76895421]
[3.93143451],[1.34285278],[3.96597791]
[4.087064],[1.36769064],[4.24115284]
[4.07316998],[1.40103407],[4.38084543]
[4.22430184],[1.42205949],[4.59117703]
[4.19426609],[1.44039201],[4.64528955]
[4.32332612],[1.45456453],[4.81708116]
[4.31869303],[1.47311813],[4.86951318]
[4.430117],[1.48757212],[5.03226063]
[4.40445998],[1.50695362],[5.08176276]
[4.47045572],[1.52039662],[5.24683532]
[4.43362832],[1.53216382],[5.28313575]
[4.49598169],[1.54683523],[5.43075988]
[4.45786334],[1.55972988],[5.42316374]
[4.55290462],[1.5722942],[5.59498083]
[4.49286923],[1.58209821],[5.5520592]
[4.56351202],[1.58978611],[5.75252131]
[4.5145773],[1.60006709],[5.73443775]
[4.58584593],[1.61041717],[5.94090548]
[4.53234562],[1.6199654],[5.9143239]
[4.59398309],[1.62101419],[6.09476921]
[4.55571388],[1.62095124],[6.06630197]
[4.60673249],[1.61840493],[6.1725861]
[4.61683783],[1.62091904],[6.1710466]
[4.61821382],[1.61603129],[6.17292495]
[4.62363392],[1.61527435],[6.12871831]
[4.60457633],[1.61357646],[6.1034994]
[4.60197438],[1.61283282],[6.06086073]
[4.56874482],[1.61726428],[6.02257651]
[4.54995145],[1.62160701],[5.99754515]
[4.53702726],[1.62570207],[5.98468047]
[4.49933442],[1.63078715],[5.96075535]
[4.44280559],[1.63322492],[5.91125396]
[4.34366881],[1.63075111],[5.82043313]
[4.20843184],[1.62754123],[5.70313808]
[4.12483359],[1.62383647],[5.57858554]
[4.06233625],[1.6200421],[5.4221864]
[3.98150837],[1.6139559],[5.2775473]
[3.91968498],[1.60076219],[5.13793612]
[3.86699408],[1.58681659],[4.98541644]
[3.80395587],[1.57054739],[4.73400979]
[3.73667459],[1.55621188],[4.45755476]
[3.68118055],[1.54396433],[4.20668738]
[3.62406452],[1.53114451],[3.98884225]
[3.57254896],[1.51633716],[3.82018466]
[3.53160527],[1.50127229],[3.66891416]
[0.],[0.],[0.]
[0.82249365],[0.3476336],[0.23062387]
[1.72338731],[0.75580693],[1.09536437]
[2.50110016],[0.9126394],[1.66309344]
[2.67778955],[1.00899604],[1.97326779]
[3.04426922],[1.06894935],[2.59011129]
[3.33793924],[1.16948689],[2.92684163]
[3.55983205],[1.22166358],[3.2952775]
[3.73964304],[1.27502677],[3.5514362]
[3.96089393],[1.32065735],[3.83468793]
[3.95282599],[1.35339022],[4.03701839]
[4.10869274],[1.37695606],[4.31296282]
[4.09268319],[1.41007706],[4.452749]
[4.23580977],[1.43133188],[4.66227598]
[4.2074115],[1.44796418],[4.72138704]
[4.33475717],[1.46173357],[4.89010463]
[4.33167181],[1.48064596],[4.95428349]
[4.43963522],[1.49610301],[5.13689801]
[4.41111908],[1.51511058],[5.18278623]
[4.47576461],[1.5310333],[5.35362272]
[4.44110072],[1.54849309],[5.39359447]
[4.53339311],[1.56105083],[5.56779639]
[4.5010186],[1.57470095],[5.57221244]
[4.57865644],[1.58814912],[5.78728579]
[4.52980765],[1.59892731],[5.78534706]
[4.58718714],[1.6072644],[5.9906095]
[4.5468442],[1.61786104],[6.0119833]
[4.60675021],[1.62803814],[6.20441944]
[4.56241661],[1.63833838],[6.21710392]
[4.61446614],[1.63993199],[6.36820627]
[4.58405964],[1.64081026],[6.35738344]
[4.63468118],[1.63843885],[6.43649268]
[4.65606536],[1.64074166],[6.44401599]
[4.66002788],[1.63510765],[6.43680246]
[4.67538758],[1.6336986],[6.40054234]
[4.64463015],[1.6317089],[6.3595169]
[4.63914172],[1.63321039],[6.31795735]
[4.60051059],[1.6357404],[6.26319054]
[4.57977781],[1.63742654],[6.22220385]
[4.56871209],[1.63938481],[6.18813988]
[4.54591458],[1.64217305],[6.15062433]
[4.50299452],[1.64293941],[6.09317083]
[4.41863727],[1.64130353],[6.00272141]
[4.31507336],[1.63856232],[5.89457673]
[4.2031304],[1.63587976],[5.75389151]
[4.16020565],[1.63083616],[5.59464489]
[4.12539624],[1.62580263],[5.45995041]
[4.03039299],[1.61223201],[5.27285465]
[3.96879307],[1.59849441],[5.12032616]
[3.89647818],[1.58323043],[4.9092114]
[3.82279077],[1.57022795],[4.60920834]
[3.754454],[1.5586266],[4.37108269]
[3.69822449],[1.54516319],[4.11110094]
[3.65164744],[1.53010758],[3.93284394]
[3.61533612],[1.51467097],[3.77456936]
[0.],[0.],[0.]
[0.827933],[0.35161001],[0.24045839]
[1.72968077],[0.76968832],[1.1180325]
[2.50502429],[0.91504974],[1.67027974]
[2.69018523],[1.00955167],[1.97951487]
[3.05625571],[1.07222737],[2.6070593]
[3.35095292],[1.17381985],[2.95345648]
[3.57652339],[1.22680923],[3.32210887]
[3.75427701],[1.28065219],[3.57775909]
[3.98561959],[1.32680744],[3.86515708]
[3.97414394],[1.36023734],[4.06935406]
[4.13013452],[1.38336702],[4.3464007]
[4.1058883],[1.41718709],[4.4909945]
[4.24724028],[1.43834863],[4.70187248]
[4.21950449],[1.45509505],[4.76751157]
[4.34529133],[1.46918825],[4.94191893]
[4.34362042],[1.48997126],[5.02423955]
[4.44653507],[1.50599618],[5.20773433]
[4.41861473],[1.53073045],[5.27017365]
[4.49325513],[1.55075468],[5.46349421]
[4.45626874],[1.56922432],[5.51082552]
[4.56368712],[1.58355221],[5.74759303]
[4.53606794],[1.59797807],[5.79812269]
[4.60081499],[1.61166147],[6.03989341]
[4.56079144],[1.62319909],[6.09013392]
[4.6087901],[1.63253794],[6.28139475]
[4.58370232],[1.64568799],[6.32754628]
[4.64109814],[1.65510897],[6.49973115]
[4.61748834],[1.66618555],[6.53995479]
[4.66378963],[1.66809315],[6.67629916]
[4.65066627],[1.6675351],[6.6865815]
[4.68753127],[1.66522554],[6.74324617]
[4.71105993],[1.66698122],[6.75255875]
[4.70701474],[1.6612908],[6.73837157]
[4.72877864],[1.65924669],[6.71147789]
[4.69731616],[1.65675953],[6.66673138]
[4.69822978],[1.6572684],[6.62761099]
[4.66272959],[1.6587405],[6.56635982]
[4.64151256],[1.65823892],[6.51692452]
[4.62154182],[1.66027472],[6.47386541]
[4.59339962],[1.66057385],[6.42768871]
[4.54593105],[1.66050938],[6.35696038]
[4.48394831],[1.6543208],[6.25311612]
[4.40870398],[1.64832999],[6.1165275]
[4.30496434],[1.64400863],[5.95554907]
[4.20760325],[1.63892489],[5.76730453]
[4.17674277],[1.63446971],[5.60622812]
[4.10835422],[1.6213372],[5.42608504]
[4.00488904],[1.60764181],[5.22669334]
[3.95460931],[1.59287268],[5.03818792]
[3.88539167],[1.57920118],[4.72637603]
[3.81033398],[1.56766069],[4.49078407]
[3.73487208],[1.55379744],[4.2266929]
[3.6854159],[1.5387064],[4.00303475]
[3.64370736],[1.52212839],[3.83408907]
[0.],[0.],[0.]
[0.83286401],[0.35561679],[0.2496907]
[1.73590053],[0.7749107],[1.13366831]
[2.50924758],[0.91746178],[1.67922356]
[2.70464731],[1.01008153],[1.98726945]
[3.06668272],[1.07377461],[2.62158792]
[3.36819394],[1.17707109],[2.98013043]
[3.59289456],[1.23042262],[3.34627743]
[3.77242569],[1.28389777],[3.60150244]
[4.0102263],[1.33004824],[3.8905757]
[3.99581745],[1.36380263],[4.09384739]
[4.14343461],[1.38711374],[4.37464604]
[4.11788429],[1.42053522],[4.52434039]
[4.25777316],[1.44175792],[4.7333663]
[4.23263626],[1.46106373],[4.80198461]
[4.3567222],[1.47225144],[4.98291158]
[4.35657251],[1.50099201],[5.08811382]
[4.45326377],[1.51806395],[5.29033742]
[4.42657534],[1.55123],[5.36805417]
[4.53096164],[1.56809696],[5.58336465]
[4.50397899],[1.59130943],[5.65359642]
[4.59056146],[1.60412466],[5.95692954]
[4.57747615],[1.6232433],[6.07283024]
[4.6418753],[1.63343435],[6.2969601]
[4.62298014],[1.64789887],[6.37390548]
[4.66443759],[1.65481347],[6.54720869]
[4.65208942],[1.66933797],[6.60955067]
[4.69354474],[1.67836812],[6.76402738]
[4.67900749],[1.69086852],[6.81819285]
[4.71185771],[1.71557086],[6.93324469]
[4.70504997],[1.71228904],[6.94678858]
[4.73136666],[1.70389726],[6.98050379]
[4.76320386],[1.69499979],[6.99447095]
[4.74817988],[1.68811641],[6.96884617]
[4.82049313],[1.68005512],[6.98373729]
[4.7582247],[1.67648355],[6.91108487]
[4.77550022],[1.67788957],[6.88906661]
[4.71270447],[1.67882547],[6.81760407]
[4.69414777],[1.67687448],[6.76744829]
[4.68029823],[1.67601721],[6.71937376]
[4.66056216],[1.67497339],[6.66758414]
[4.62091108],[1.67314218],[6.59342633]
[4.55650628],[1.66402338],[6.4859976]
[4.47941794],[1.65719312],[6.34451562]
[4.4007184],[1.65065908],[6.16705734]
[4.27937213],[1.64239771],[5.95692776]
[4.22335384],[1.63641956],[5.7618559]
[4.16904508],[1.62478758],[5.55680392]
[4.08434729],[1.61199486],[5.35665789]
[3.97477218],[1.59758418],[5.13030206]
[3.92055806],[1.58389483],[4.84744812]
[3.85065904],[1.57213436],[4.57779933]
[3.77317636],[1.55772268],[4.32824474]
[3.72286718],[1.5425944],[4.07564983]
[3.68281991],[1.52529353],[3.87888181]
[0.],[0.],[0.]
[0.83214826],[0.3500828],[0.24710536]
[1.73454597],[0.77253844],[1.13060842]
[2.50593026],[0.91966435],[1.6788508]
[2.70296098],[1.01229645],[1.990453]
[3.0718372],[1.07670529],[2.63443685]
[3.37354569],[1.18326244],[3.00550578]
[3.60845372],[1.23650703],[3.37597754]
[3.78136385],[1.29021925],[3.63115352]
[4.03197574],[1.33657746],[3.9256347]
[4.01503766],[1.37159668],[4.1306514]
[4.17047742],[1.39476098],[4.41604563]
[4.15132671],[1.43066522],[4.57584651]
[4.28712246],[1.44949279],[4.78881604]
[4.26624634],[1.476951],[4.86984985]
[4.38607162],[1.48752976],[5.08193578]
[4.38656129],[1.52716993],[5.20139834]
[4.49378961],[1.54130941],[5.42433548]
[4.4658252],[1.58189399],[5.51692293]
[4.57852021],[1.5944733],[5.79807853]
[4.5660439],[1.62352206],[5.93511854]
[4.64874389],[1.63105351],[6.23153535]
[4.65906635],[1.65575503],[6.3859841]
[4.70402445],[1.66090627],[6.59202374]
[4.69528631],[1.67608848],[6.68606605]
[4.72180789],[1.68672268],[6.84012898]
[4.71680913],[1.70613932],[6.91214667]
[4.74548031],[1.73229896],[7.04603975]
[4.738512],[1.75369472],[7.11865059]
[4.76014956],[1.77518264],[7.23053569]
[4.77077252],[1.78088788],[7.25997515]
[4.80140638],[1.78162157],[7.31819193]
[4.91658703],[1.76827025],[7.4271534]
[4.84320765],[1.76136941],[7.34552574]
[5.02416388],[1.74848328],[7.43287233]
[4.92208794],[1.74153848],[7.27344993]
[4.97951366],[1.73284626],[7.29466723]
[4.83448594],[1.72373936],[7.12682595]
[4.80289187],[1.71334351],[7.05697017]
[4.77405362],[1.70214866],[6.98839831]
[4.71835288],[1.69882092],[6.90909422]
[4.64579969],[1.69525747],[6.81354627]
[4.56750864],[1.68541701],[6.67995213]
[4.46532874],[1.6767245],[6.51349724]
[4.39353588],[1.66800297],[6.31877555]
[4.34778742],[1.65236633],[6.07233667]
[4.30682465],[1.63538446],[5.83679682]
[4.25005129],[1.61796979],[5.6031756]
[4.16819337],[1.60290061],[5.32689942]
[4.05512244],[1.58794432],[4.91851076]
[3.96168011],[1.57476686],[4.59938561]
[3.89874828],[1.56208282],[4.37207628]
[3.82007419],[1.54651318],[4.11835498]
[3.75748313],[1.53054026],[3.89447895]
[3.71890085],[1.51281725],[3.70830865]
[0.],[0.],[0.]
[0.83352652],[0.34407452],[0.24759279]
[1.73731825],[0.77412277],[1.13750688]
[2.50868971],[0.92356749],[1.69096998]
[2.71139757],[1.01505756],[2.00908828]
[3.07377574],[1.08866126],[2.67944154]
[3.37762038],[1.19444752],[3.06772794]
[3.61053734],[1.24735529],[3.43055492]
[3.79054434],[1.30091045],[3.68901689]
[4.0462383],[1.34568805],[3.98555801]
[4.03039567],[1.38257025],[4.19678319]
[4.17990679],[1.40373705],[4.48732837]
[4.16101581],[1.44914783],[4.65303594]
[4.29674111],[1.46061882],[4.88352003]
[4.2795692],[1.50176378],[4.99780344]
[4.39880384],[1.51437087],[5.23138439]
[4.3978938],[1.55779434],[5.36150195]
[4.53170633],[1.57364335],[5.61579235]
[4.51210487],[1.61275073],[5.73513576]
[4.61869735],[1.62089556],[6.07304742]
[4.63830005],[1.65516024],[6.24420386]
[4.70273042],[1.65690442],[6.52676294]
[4.71570705],[1.68465784],[6.69474249]
[4.74760025],[1.68585678],[6.87991852]
[4.74468172],[1.71684712],[6.98131993]
[4.76224835],[1.74274814],[7.12392139]
[4.76372786],[1.7625514],[7.22772092]
[4.80179515],[1.78720396],[7.40429943]
[4.85435806],[1.80895568],[7.51162368]
[4.89992508],[1.82771484],[7.65542523]
[4.93469164],[1.84321995],[7.72135397]
[4.98290063],[1.84689012],[7.81286623]
[5.09937463],[1.83363595],[7.90726692]
[5.06661176],[1.82760385],[7.85428562]
[5.17528831],[1.81172138],[7.8884376]
[5.12968605],[1.80147615],[7.76738586]
[5.15677112],[1.79046977],[7.74761155]
[5.06325108],[1.78197929],[7.6050543]
[5.00174272],[1.77208691],[7.50057409]
[4.95219173],[1.76048035],[7.40947]
[4.84988482],[1.74916909],[7.29771183]
[4.75690761],[1.73781714],[7.1713361]
[4.65189919],[1.72400352],[6.98503018]
[4.57292697],[1.69668781],[6.80222085]
[4.46427852],[1.68711449],[6.59391128]
[4.42207594],[1.67148175],[6.36115736]
[4.38878237],[1.65272238],[6.12785346]
[4.34898514],[1.6360076],[5.87975631]
[4.28634019],[1.62007517],[5.59827338]
[4.17879869],[1.60186758],[5.20064133]
[4.05947026],[1.58720318],[4.81019352]
[3.96945626],[1.57555063],[4.52400639]
[3.90627318],[1.55934184],[4.27601317]
[3.84029856],[1.54347181],[4.05594494]
[3.78649138],[1.52459435],[3.85883367]
[0.],[0.],[0.]
[0.83482337],[0.33688446],[0.24739311]
[1.74119572],[0.77289966],[1.14086953]
[2.51025753],[0.92392549],[1.69469521]
[2.71691081],[1.01491337],[2.01151874]
[3.07725321],[1.08796624],[2.67844296]
[3.3845904],[1.19783072],[3.08644619]
[3.61441149],[1.25141602],[3.44939212]
[3.79936911],[1.31013014],[3.71302076]
[4.05787176],[1.35059624],[4.01276589]
[4.03967505],[1.39400973],[4.22684023]
[4.18096646],[1.41173713],[4.52740176]
[4.16406777],[1.46669295],[4.72591121]
[4.29850977],[1.48482144],[4.97466008]
[4.28268609],[1.52972265],[5.11862092]
[4.40095802],[1.54824086],[5.37045053]
[4.4021668],[1.5905685],[5.53157333]
[4.56571293],[1.60805073],[5.82078917]
[4.58582037],[1.64824437],[6.00422039]
[4.67567791],[1.6586725],[6.34896905]
[4.6992097],[1.6886063],[6.56438028]
[4.74763188],[1.6882202],[6.84451505]
[4.76371934],[1.71566163],[7.02432279]
[4.79459802],[1.75749002],[7.23473327]
[4.84234923],[1.78751015],[7.39294349]
[4.91205562],[1.81134309],[7.59371457]
[4.98723722],[1.83086704],[7.74952084]
[5.05397192],[1.85414264],[7.95465263]
[5.08201157],[1.87448849],[8.05871211]
[5.11913143],[1.89425611],[8.20474329]
[5.13533908],[1.91056593],[8.25197032]
[5.17287045],[1.91646345],[8.35441871]
[5.23542133],[1.90325556],[8.41895172]
[5.22239893],[1.90077572],[8.38609648]
[5.28830453],[1.88392101],[8.380528]
[5.28072548],[1.8780298],[8.28863509]
[5.28862009],[1.86676758],[8.238272]
[5.23104005],[1.85503901],[8.10672895]
[5.1781417],[1.84296475],[7.99699418]
[5.14213068],[1.83095972],[7.9108806]
[5.07135279],[1.82001109],[7.81007388]
[4.98748516],[1.8090178],[7.67305142]
[4.89465069],[1.79245917],[7.43665483]
[4.7685503],[1.76709252],[7.19308465]
[4.61434014],[1.73699677],[6.95325141]
[4.51392498],[1.69288524],[6.70980417]
[4.44897744],[1.67322669],[6.45256626]
[4.41257382],[1.65534209],[6.21752094]
[4.36601806],[1.63699372],[5.92077997]
[4.2828103],[1.61711671],[5.51289435]
[4.18292892],[1.60159623],[5.0974586]
[4.04799887],[1.58663286],[4.7113717]
[3.94206095],[1.56727407],[4.37933767]
[3.87604875],[1.5513283],[4.15160244]
[3.81509852],[1.53202888],[3.94349571]
[0.],[0.],[0.]
[0.83529538],[0.32928529],[0.24568624]
[1.74824572],[0.77054389],[1.14578169]
[2.51257371],[0.92200434],[1.69641649]
[2.72620553],[1.01333943],[2.01211029]
[3.08105505],[1.08395121],[2.66834961]
[3.39175151],[1.19693249],[3.08855947]
[3.6187782],[1.25131094],[3.45074128]
[3.80878243],[1.3154547],[3.72437351]
[4.06997951],[1.35219574],[4.02659371]
[4.04815357],[1.4058845],[4.26342311]
[4.18217479],[1.43041297],[4.58901899]
[4.172285],[1.49027895],[4.81248573]
[4.30132594],[1.51289371],[5.07875693]
[4.290319],[1.55650869],[5.26492423]
[4.40312731],[1.57623814],[5.53392981]
[4.45695873],[1.61647903],[5.72176376]
[4.61775541],[1.63670606],[6.0711634]
[4.64667233],[1.67907703],[6.27397713]
[4.71598307],[1.68639961],[6.60645097]
[4.74056725],[1.71356857],[6.83689671]
[4.77846348],[1.73217873],[7.10344525]
[4.86533868],[1.76716247],[7.36894449]
[5.02602975],[1.80852336],[7.6987603]
[5.10958808],[1.8383388],[7.89374632]
[5.14974976],[1.86137951],[8.09215195]
[5.19896285],[1.8807589],[8.23565736]
[5.23655657],[1.9018848],[8.43132459]
[5.26139754],[1.9206893],[8.52908531]
[5.2828223],[1.94289099],[8.68600865]
[5.28849749],[1.95842121],[8.72788623]
[5.32494198],[1.96546595],[8.82766211]
[5.35042058],[1.95420893],[8.87864506]
[5.40253454],[1.95123987],[8.90181135]
[5.421907],[1.93597378],[8.87775447]
[5.47515101],[1.93088345],[8.84582228]
[5.47363324],[1.92079769],[8.74964471]
[5.44514762],[1.91002781],[8.63627363]
[5.36598575],[1.89784712],[8.48207672]
[5.32288751],[1.8824977],[8.36600867]
[5.2460716],[1.86862831],[8.23983738]
[5.15023573],[1.85743003],[8.09871981]
[5.0772906],[1.83806034],[7.88096555]
[4.99175115],[1.81384776],[7.62168658]
[4.89202716],[1.78409316],[7.33998724]
[4.74730061],[1.74359714],[7.0408331]
[4.57698372],[1.69659294],[6.7703951]
[4.50964912],[1.67012493],[6.50632046]
[4.43948257],[1.65069231],[6.22705919]
[4.36272847],[1.62963427],[5.79162451]
[4.28555495],[1.61235545],[5.36194766]
[4.18829549],[1.59580539],[4.96549154]
[4.03746887],[1.57545461],[4.56043915]
[3.93312635],[1.55725437],[4.26943406]
[3.85041441],[1.53585659],[4.03933051]
[0.],[0.],[0.]
[0.83227824],[0.31598171],[0.23655424]
[1.7425994],[0.76460168],[1.13558493]
[2.50889141],[0.92159576],[1.69187538]
[2.72002059],[1.01344972],[2.0057914]
[3.08056983],[1.08036764],[2.64806583]
[3.3902023],[1.19917391],[3.09106833]
[3.62473703],[1.25389447],[3.45734387]
[3.80982101],[1.32388628],[3.74054945]
[4.07812257],[1.36117086],[4.05647031]
[4.06239771],[1.42702286],[4.3243486]
[4.20177705],[1.45477821],[4.6613002]
[4.19059714],[1.51666614],[4.90546886]
[4.32106955],[1.53953834],[5.21371433]
[4.31319856],[1.58438497],[5.41802051]
[4.48867967],[1.60481198],[5.72078087]
[4.55087525],[1.64582467],[5.92325553]
[4.67413564],[1.6692104],[6.29980979]
[4.7050776],[1.70667788],[6.55414174]
[4.75680464],[1.71735074],[6.86923136]
[4.78190503],[1.74017868],[7.12855103]
[4.87639488],[1.78986986],[7.44671254]
[5.13234797],[1.82380853],[7.88228076]
[5.2469329],[1.86148557],[8.20827499]
[5.31207442],[1.88801003],[8.3784676]
[5.32947551],[1.91005147],[8.57848846]
[5.36762631],[1.92730337],[8.72419709]
[5.39510607],[1.9491852],[8.90790707]
[5.41406277],[1.96781938],[9.00051416]
[5.4787301],[1.9887212],[9.17315309]
[5.46373485],[2.00422486],[9.20276018]
[5.58870365],[2.01227281],[9.3584769]
[5.60607107],[2.00340363],[9.39473564]
[5.72427472],[2.00082466],[9.50593948]
[5.73594291],[1.98704642],[9.46917288]
[5.796366],[1.98211328],[9.52165288]
[5.72172814],[1.97161192],[9.39540983]
[5.70279887],[1.96073271],[9.29643694]
[5.57996382],[1.94803979],[9.08264404]
[5.51942045],[1.93394522],[8.93063499]
[5.44060622],[1.92017732],[8.75833669]
[5.39169871],[1.90555425],[8.5572544]
[5.30998878],[1.88017634],[8.28722989]
[5.1990854],[1.85677441],[7.98046038]
[5.08645624],[1.8276257],[7.64687027]
[4.9895974],[1.79163728],[7.31837101]
[4.88474238],[1.74376511],[6.97585768]
[4.75546157],[1.69632219],[6.57989757]
[4.60040216],[1.6542447],[6.19728805]
[4.45811695],[1.63321564],[5.76864924]
[4.38311675],[1.61494095],[5.37506072]
[4.31542661],[1.59812513],[4.9933608]
[4.21931732],[1.57533002],[4.62017134]
[4.10763274],[1.55418488],[4.30865484]
[3.9881919],[1.53090466],[4.04457483]
[0.],[0.],[0.]
[0.83365122],[0.30755662],[0.23581828]
[1.74927844],[0.7710876],[1.13930343]
[2.51143515],[0.92233695],[1.69904927]
[2.72880124],[1.01465049],[2.01789391]
[3.08436308],[1.08894774],[2.68102019]
[3.39703998],[1.20679232],[3.13514685]
[3.62870706],[1.26344856],[3.49752593]
[3.8189959],[1.34656039],[3.80240263]
[4.08663546],[1.39024262],[4.14444747]
[4.07166937],[1.45253114],[4.42981686]
[4.20453292],[1.48563323],[4.7816784]
[4.19936107],[1.54267133],[5.07799871]
[4.3349096],[1.5676879],[5.38337835]
[4.36335765],[1.6113871],[5.61647072]
[4.55797615],[1.6329962],[5.92653783]
[4.61921117],[1.67739779],[6.18772013]
[4.71476084],[1.69951859],[6.55572801]
[4.74609537],[1.73214384],[6.8196103]
[4.78598962],[1.74402076],[7.12879304]
[4.88425744],[1.77626904],[7.44847545]
[5.0963961],[1.83963694],[7.91161371]
[5.29548134],[1.8724299],[8.30371729]
[5.36374587],[1.90664834],[8.59956981]
[5.43198006],[1.93051988],[8.79080319]
[5.49253948],[1.95284597],[9.01827447]
[5.52646013],[1.96854572],[9.16168899]
[5.64573605],[1.99045386],[9.37342727]
[5.66104009],[2.00856643],[9.47825369]
[5.81135],[2.02801295],[9.72631994]
[5.81282006],[2.04325281],[9.75226351]
[5.91712531],[2.04981039],[9.96885876]
[5.94009041],[2.04394857],[10.01244637]
[5.97770836],[2.04049085],[10.13697116]
[5.98873571],[2.02865068],[10.11273999]
[6.01536475],[2.02312367],[10.13241881]
[6.04929861],[2.01363548],[10.06338495]
[5.96000561],[2.00285832],[9.94649941]
[5.90185579],[1.99097534],[9.76970499]
[5.81930558],[1.97958863],[9.59865242]
[5.77511217],[1.96774155],[9.41562821]
[5.73388214],[1.95483817],[9.20989302]
[5.63824457],[1.93175538],[8.92418841]
[5.49978776],[1.90898777],[8.57244658]
[5.35215736],[1.88250431],[8.24943665]
[5.24856955],[1.85138578],[7.91030588]
[5.15057584],[1.80845947],[7.57808804]
[5.04564119],[1.76533965],[7.18490488]
[4.96898422],[1.72120547],[6.79583492]
[4.81342932],[1.6657429],[6.35264276]
[4.55065025],[1.64247771],[5.866626]
[4.44899961],[1.62475159],[5.48669284]
[4.38505634],[1.60180466],[5.1126358]
[4.31379725],[1.57967648],[4.76076096]
[4.20954439],[1.55574066],[4.44820199]
[0.],[0.],[0.]
[0.83472347],[0.29875017],[0.23458565]
[1.75642204],[0.78011452],[1.14418849]
[2.51435991],[0.91968726],[1.7010973]
[2.73770914],[1.01302349],[2.01806021]
[3.08838558],[1.08611974],[2.6723756]
[3.40335157],[1.20961702],[3.14401532]
[3.63274308],[1.26933853],[3.51778251]
[3.83113127],[1.36269895],[3.86362392]
[4.09346578],[1.40982408],[4.21689553]
[4.08101522],[1.47180874],[4.53070772]
[4.20730715],[1.50661912],[4.88307332]
[4.23630581],[1.56612874],[5.22858151]
[4.37614797],[1.59206081],[5.53140271]
[4.45113575],[1.63580958],[5.7943629]
[4.61351887],[1.66188323],[6.13965794]
[4.67614346],[1.70403524],[6.43397393]
[4.74880206],[1.72685733],[6.7993805]
[4.78750997],[1.75648613],[7.10384282]
[4.82194422],[1.78129131],[7.41143274]
[5.06598544],[1.84371994],[7.90295941]
[5.23581567],[1.89855205],[8.36848304]
[5.42087629],[1.92988357],[8.74025358]
[5.49195699],[1.96184736],[9.04795618]
[5.59699943],[1.98181386],[9.2785359]
[5.74307517],[2.00322219],[9.53208526]
[5.7848465],[2.02741609],[9.67827572]
[5.88472996],[2.0481769],[9.95953516]
[5.949883],[2.06863863],[10.07687026]
[5.99723137],[2.08145412],[10.33774298]
[6.03488788],[2.08769945],[10.39671345]
[6.07394458],[2.09067716],[10.60557903]
[6.14007984],[2.09024908],[10.71521751]
[6.17511421],[2.08370806],[10.81632634]
[6.26038299],[2.07784697],[10.8861921]
[6.26508494],[2.07056701],[10.8635728]
[6.40587564],[2.06373286],[10.92525999]
[6.28509765],[2.05538533],[10.78433844]
[6.27712543],[2.04565744],[10.68104894]
[6.17459441],[2.03746483],[10.50702776]
[6.12264542],[2.0288951],[10.32923235]
[6.07459783],[2.01725553],[10.1336616]
[5.99130773],[2.00042572],[9.86614286]
[5.87614866],[1.98148213],[9.53576229]
[5.7597446],[1.95478637],[9.16562089]
[5.66516708],[1.92569794],[8.79698975]
[5.5600828],[1.88745025],[8.45082847]
[5.41504034],[1.84741273],[8.03301435]
[5.27850191],[1.8066692],[7.53537688]
[5.13283634],[1.75625491],[7.03810916]
[4.952924],[1.70746462],[6.54271445]
[4.72619201],[1.65100792],[6.03913627]
[4.49635622],[1.62797343],[5.59298191]
[4.43980821],[1.60547429],[5.24753489]
[4.34371522],[1.58174931],[4.91212116]
[0.],[0.],[0.]
[0.83510876],[0.2997437],[0.23242423]
[1.76338686],[0.78845136],[1.14963935]
[2.51612535],[0.91713643],[1.70170434]
[2.74658723],[1.0109468],[2.01835778]
[3.09641689],[1.08330595],[2.66772414]
[3.41113702],[1.21579173],[3.16344997]
[3.63754487],[1.28070271],[3.55325681]
[3.84478077],[1.38000312],[3.94595081]
[4.09269316],[1.42768377],[4.29441863]
[4.0972759],[1.48981007],[4.63646999]
[4.24587671],[1.52590579],[5.01664185]
[4.29011824],[1.58501405],[5.37269874]
[4.46168259],[1.61292141],[5.68359468]
[4.54168117],[1.65539473],[5.96072445]
[4.66258592],[1.68368238],[6.31834605]
[4.72787981],[1.72128439],[6.6446111]
[4.78000499],[1.74523724],[6.98212751]
[4.83316206],[1.77268349],[7.32233617]
[4.99651916],[1.81733259],[7.68598662]
[5.24343339],[1.88295023],[8.25619392]
[5.34230242],[1.93032953],[8.66805444]
[5.53733598],[1.96666933],[9.05262323]
[5.73069808],[1.9959607],[9.43776926]
[5.89419979],[2.0217016],[9.69586761]
[5.95652083],[2.04490757],[10.00328698]
[6.04875836],[2.07104866],[10.19664715]
[6.05259715],[2.0935683],[10.50282075]
[6.15597592],[2.11758711],[10.69852638]
[6.14232107],[2.13345602],[10.94303768]
[6.24947234],[2.14153078],[11.09413862]
[6.26546939],[2.13727076],[11.27694395]
[6.38698602],[2.13721004],[11.46937877]
[6.44036976],[2.13144656],[11.6007898]
[6.57287596],[2.13078727],[11.80058857]
[6.60292019],[2.12154173],[11.81517358]
[6.68051828],[2.11526404],[11.91251584]
[6.65075447],[2.10752319],[11.80270097]
[6.63035058],[2.09815162],[11.74370053]
[6.57671939],[2.09012022],[11.55872601]
[6.53314546],[2.08225715],[11.39327943]
[6.4944492],[2.06998668],[11.20503472]
[6.40815967],[2.05479001],[10.9231129]
[6.28563332],[2.03769526],[10.57172439]
[6.15695731],[2.01448437],[10.19027604]
[6.04621492],[1.98650162],[9.77721487]
[5.93684221],[1.94897401],[9.36834868]
[5.82237895],[1.91027856],[8.97016862]
[5.70274438],[1.87054843],[8.41134881]
[5.55593225],[1.82263311],[7.80447056]
[5.33265921],[1.7760065],[7.2320091]
[5.04385823],[1.7288616],[6.66686079]
[4.84928576],[1.64855767],[6.13373797]
[4.59895286],[1.62559914],[5.66778002]
[4.43878517],[1.60225861],[5.30796227]
[0.],[0.],[0.]
[0.83364999],[0.21028461],[0.16055624]
[1.75727911],[0.52556036],[0.79349201]
[2.51443171],[0.64213945],[1.23657479]
[2.74138501],[0.73025048],[1.50061996]
[3.10913759],[0.89266048],[2.1006469]
[3.41214153],[1.01341769],[2.59663087]
[3.6418828],[1.06764038],[2.96443326]
[3.86761035],[1.12813025],[3.37993439]
[4.11870199],[1.183149],[3.70906116]
[4.15362662],[1.23145534],[4.05483921]
[4.29876414],[1.2747364],[4.4313009]
[4.34954094],[1.31971688],[4.78008644]
[4.54706929],[1.36851844],[5.07325602]
[4.62141891],[1.40968061],[5.37051036]
[4.71268642],[1.44064024],[5.70054137]
[4.7710066],[1.50147355],[6.0339215]
[4.8130237],[1.58773072],[6.32533124]
[5.01296123],[1.65471467],[6.72552086]
[5.17747687],[1.71714105],[7.15276812]
[5.38227383],[1.77735673],[7.68949928]
[5.4327921],[1.82291696],[8.04860403]
[5.68124836],[1.86754996],[8.49387413]
[5.93752324],[1.90019654],[8.95498526]
[6.12299368],[1.93397698],[9.27205993]
[6.11350863],[1.95828854],[9.57793436]
[6.25007712],[1.98263296],[9.87360252]
[6.23368726],[2.00089005],[10.15073642]
[6.42673775],[2.02243284],[10.43461313]
[6.40802252],[2.03965508],[10.64645867]
[6.60903102],[2.05586403],[10.9317409]
[6.63845296],[2.06142905],[11.13464108]
[6.73304413],[2.06294638],[11.41376647]
[6.77483443],[2.0545771],[11.5269582]
[6.81840585],[2.05210614],[11.70262613]
[6.86945714],[2.04352283],[11.76326603]
[6.90668359],[2.03947289],[11.84608184]
[6.99912267],[2.03542663],[11.86204204]
[6.93867316],[2.03041876],[11.78900158]
[6.93892936],[2.02556407],[11.68246802]
[6.86155208],[2.0204978],[11.48809306]
[6.82265369],[2.01142255],[11.30857099]
[6.74948173],[2.00073318],[11.0545217]
[6.61855324],[1.98766316],[10.711999]
[6.50807621],[1.97091501],[10.31079994]
[6.41286545],[1.94954146],[9.88674596]
[6.31078515],[1.92017353],[9.43352799]
[6.19211898],[1.89079287],[8.90428475]
[6.07353361],[1.86219342],[8.4107178]
[5.93863522],[1.83233919],[7.81756436]
[5.80347538],[1.80467409],[7.28129378]
[5.46599738],[1.75563931],[6.65496856]
[5.12815283],[1.67028601],[6.12266254]
[4.96685241],[1.63375206],[5.69461224]
[4.70669125],[1.56693185],[5.29231091]
