meltWidth,meltDepth,meltArea
[1.05551138],[0.23269731],[0.12167531]
[1.31640208],[0.32575691],[0.26058275]
[1.58938119],[0.3250161],[0.32327424]
[1.71528219],[0.38301968],[0.41728259]
[1.78135377],[0.37657542],[0.45269935]
[1.83817728],[0.44311242],[0.5289545]
[1.86671276],[0.43940027],[0.54284677]
[1.95153733],[0.48249307],[0.60094665]
[1.9779731],[0.46249201],[0.59991689]
[2.02493773],[0.48032727],[0.61993783]
[1.99762764],[0.46209461],[0.60460193]
[2.02889949],[0.45959186],[0.60830275]
[1.99647906],[0.44649575],[0.59374743]
[2.02457031],[0.44069676],[0.59442169]
[2.00959398],[0.43563922],[0.59220641]
[2.04272296],[0.43862844],[0.59866382]
[2.02641798],[0.42960433],[0.59011998]
[2.06190959],[0.43432527],[0.60104709]
[2.04535308],[0.42528305],[0.5928606]
[2.07132339],[0.42917722],[0.59689627]
[2.04586738],[0.42200854],[0.58674298]
[2.08127563],[0.42240181],[0.59255762]
[2.06081671],[0.41991443],[0.58756929]
[2.09157972],[0.41847365],[0.58777943]
[2.066765],[0.41797993],[0.58264869]
[2.10515353],[0.41298097],[0.58451993]
[2.07692579],[0.41574578],[0.57923851]
[2.11266288],[0.41161087],[0.57915992]
[2.08042208],[0.41473798],[0.57628085]
[2.10815506],[0.4113028],[0.57400807]
[2.10546348],[0.41340239],[0.58584758]
[2.10832577],[0.41322836],[0.57580469]
[2.09307513],[0.41328728],[0.57357902]
[2.08788152],[0.41375745],[0.57107097]
[2.0872635],[0.4133012],[0.57063837]
[2.08865314],[0.4141523],[0.5730183]
[2.08578815],[0.41551155],[0.57215388]
[2.08509603],[0.41519642],[0.57189926]
[2.08718047],[0.41605351],[0.57507787]
[2.09093826],[0.41788715],[0.57945429]
[2.0873068],[0.42316774],[0.58280426]
[2.08572257],[0.42514519],[0.58370396]
[2.08592453],[0.42700687],[0.58593447]
[2.07706029],[0.42752329],[0.58162782]
[2.07233071],[0.42838813],[0.57956448]
[2.06986657],[0.42931808],[0.57939476]
[2.06935682],[0.43024685],[0.58054629]
[2.06397126],[0.43164914],[0.58113283]
[2.06494508],[0.43460598],[0.58675953]
[2.07022794],[0.43833011],[0.59485336]
[2.0698066],[0.44281801],[0.59655834]
[2.07190966],[0.44880149],[0.60275251]
[1.95512424],[0.44373551],[0.5846318]
[0.],[0.],[0.]
[0.],[0.],[0.]
[1.55672666],[0.34170343],[0.31123024]
[1.83739437],[0.51719705],[0.60855227]
[1.93133357],[0.57423366],[0.74059746]
[2.03150861],[0.60527072],[0.8279708]
[2.08732338],[0.62855256],[0.90783348]
[2.17065895],[0.65457447],[0.97986075]
[2.19298117],[0.66340603],[1.02922075]
[2.28155079],[0.66528923],[1.07245626]
[2.26306216],[0.66687026],[1.07640468]
[2.30720995],[0.66169261],[1.08880001]
[2.28392761],[0.67223204],[1.09492116]
[2.33746716],[0.67894831],[1.12063127]
[2.31312622],[0.68779326],[1.12409506]
[2.3520944],[0.69111092],[1.1468807]
[2.33238931],[0.68603016],[1.14845691]
[2.36617304],[0.69974474],[1.17444282]
[2.34543279],[0.69872265],[1.17529886]
[2.38185338],[0.71717367],[1.21129721]
[2.36351682],[0.71238067],[1.20878788]
[2.39301493],[0.72483057],[1.2304725]
[2.36815033],[0.72082043],[1.22317579]
[2.3978703],[0.73293574],[1.24762045]
[2.37352267],[0.72711102],[1.23845937]
[2.40272899],[0.73748526],[1.25588869]
[2.3742266],[0.73277801],[1.24529262]
[2.41428463],[0.74155227],[1.2658313]
[2.37595074],[0.733165],[1.24672102]
[2.42560366],[0.7434191],[1.26742762]
[2.37575097],[0.73470346],[1.24933258]
[2.41568685],[0.74417249],[1.26530831]
[2.38640189],[0.73908886],[1.26626222]
[2.4058612],[0.73949623],[1.2607533]
[2.38428281],[0.7399776],[1.25589384]
[2.38015837],[0.73959978],[1.25230898]
[2.37839142],[0.74160384],[1.25312973]
[2.37671791],[0.74239566],[1.25462921]
[2.37453415],[0.74203033],[1.25172779]
[2.37277427],[0.74402093],[1.25223337]
[2.3717671],[0.74372559],[1.25311467]
[2.37295234],[0.73868375],[1.2493352]
[2.36987114],[0.73056435],[1.23810731]
[2.36861978],[0.72334138],[1.22867944]
[2.36809411],[0.71675613],[1.22227585]
[2.36747822],[0.70955997],[1.21085104]
[2.36759518],[0.70323888],[1.20122144]
[2.36729723],[0.69718026],[1.19346499]
[2.36855119],[0.69205555],[1.18555248]
[2.36656152],[0.68602727],[1.17365296]
[2.36966142],[0.6811102],[1.17617898]
[2.37116167],[0.6793013],[1.18248465]
[2.37154904],[0.67800745],[1.17562859]
[2.37609228],[0.67988439],[1.17632561]
[2.22869285],[0.69703675],[1.15914695]
[0.],[0.],[0.]
[0.],[0.],[0.]
[1.55524251],[0.35254118],[0.37831873]
[1.95576837],[0.52422661],[0.68432082]
[2.00678111],[0.59241663],[0.81044208]
[2.13102608],[0.62029864],[0.91743632]
[2.19192284],[0.65011815],[1.00141475]
[2.29512103],[0.67594488],[1.07972725]
[2.33205464],[0.69740591],[1.12532177]
[2.38399876],[0.7067522],[1.16360057]
[2.36990352],[0.72302682],[1.1939632]
[2.43185708],[0.72773368],[1.22805032]
[2.39032218],[0.73509057],[1.24382796]
[2.49666284],[0.74691181],[1.29899897]
[2.44868128],[0.75021736],[1.30772541]
[2.57589194],[0.7665779],[1.36921531]
[2.52228044],[0.77119815],[1.37614035]
[2.63669488],[0.7976569],[1.44644751]
[2.59188378],[0.79657634],[1.44245283]
[2.69613379],[0.81999305],[1.5084397]
[2.67008955],[0.81573667],[1.49825299]
[2.76636488],[0.83039016],[1.55735306]
[2.72108718],[0.8267148],[1.53643316]
[2.80064138],[0.83839689],[1.59455408]
[2.75912759],[0.83623341],[1.57644514]
[2.83062778],[0.84548301],[1.63025846]
[2.78710593],[0.84396244],[1.60151869]
[2.8527567],[0.849067],[1.64588674]
[2.79909405],[0.84596129],[1.60499393]
[2.86452777],[0.84862463],[1.64145011]
[2.81516601],[0.84909721],[1.60256951]
[2.86268445],[0.84841964],[1.63373409]
[2.85892524],[0.85478699],[1.62323396]
[2.85412019],[0.85431264],[1.62965682]
[2.84546008],[0.85383418],[1.61110227]
[2.80663568],[0.85411353],[1.59888824]
[2.79762493],[0.8526814],[1.59242934]
[2.78988067],[0.8523848],[1.58855179]
[2.77823944],[0.85295239],[1.58335192]
[2.77411432],[0.85175035],[1.57818725]
[2.76145873],[0.84887311],[1.56471952]
[2.756496],[0.84183931],[1.55180863]
[2.73886431],[0.83489089],[1.53141107]
[2.73104678],[0.82496407],[1.51422499]
[2.72203867],[0.81697674],[1.49989322]
[2.72753895],[0.81064347],[1.49076632]
[2.73982469],[0.80311234],[1.48290633]
[2.74244381],[0.79711996],[1.47225063]
[2.7429709],[0.79114769],[1.46088512]
[2.73433967],[0.78545809],[1.44338516]
[2.73198568],[0.77780258],[1.4303393]
[2.7311581],[0.77298448],[1.42069645]
[2.72875736],[0.77935462],[1.4318088]
[2.72654649],[0.81181426],[1.4505639]
[2.59186074],[0.85332864],[1.45362472]
[0.],[0.],[0.]
[0.],[0.],[0.]
[1.54828283],[0.33467813],[0.37863524]
[1.97414703],[0.51554292],[0.70214391]
[2.03597871],[0.59375516],[0.83398913]
[2.17346813],[0.64614187],[0.95935014]
[2.26232038],[0.70115108],[1.08073651]
[2.36774448],[0.72710675],[1.17206514]
[2.40698544],[0.74840889],[1.24111437]
[2.52863876],[0.76240628],[1.31141188]
[2.493323],[0.77001044],[1.33660018]
[2.61265156],[0.78641711],[1.40389636]
[2.56987221],[0.7928946],[1.41344068]
[2.68304078],[0.81914468],[1.49348284]
[2.64468759],[0.81649677],[1.49325823]
[2.75204779],[0.84654215],[1.5757964]
[2.73205387],[0.84854775],[1.58877018]
[2.83605236],[0.87210381],[1.67268149]
[2.83444939],[0.87647716],[1.67769496]
[2.92923385],[0.88987972],[1.75360935]
[2.94289993],[0.89085991],[1.75910842]
[3.02759079],[0.89880686],[1.82637869]
[3.02240533],[0.90022022],[1.809093]
[3.06960128],[0.90518364],[1.860452]
[3.06446425],[0.90752154],[1.84498084]
[3.10501463],[0.91169721],[1.88857654]
[3.07828485],[0.91446302],[1.85861697]
[3.10271222],[0.91608941],[1.90197307]
[3.06463364],[0.91714542],[1.8597717]
[3.09508581],[0.91629138],[1.89686927]
[3.05599697],[0.91994094],[1.85581304]
[3.07560149],[0.91637115],[1.88754009]
[3.09805604],[0.92118444],[1.88365577]
[3.07029775],[0.92093881],[1.88582616]
[3.08842474],[0.92069327],[1.8703866]
[3.04218204],[0.92095873],[1.85532194]
[3.03503324],[0.91995155],[1.85023023]
[3.02770458],[0.91963806],[1.84687018]
[3.01396777],[0.9198663],[1.83921765]
[3.01084897],[0.91884798],[1.83289661]
[2.99899238],[0.9163667],[1.82098046]
[2.9902461],[0.91033809],[1.8059678]
[2.97216976],[0.90386524],[1.7752194]
[2.95871337],[0.89471749],[1.74928849]
[2.94225982],[0.88746272],[1.72504454]
[2.93158399],[0.88136763],[1.69941609]
[2.93616427],[0.87340411],[1.68385812]
[2.9367829],[0.86685722],[1.67083937]
[2.93948623],[0.86032195],[1.65907728]
[2.92626905],[0.85449986],[1.63861827]
[2.91712171],[0.84655375],[1.62134908]
[2.9075116],[0.84025919],[1.60501674]
[2.89334694],[0.83501683],[1.58522702]
[2.88953529],[0.82458141],[1.56837138]
[2.72210302],[0.81984625],[1.54293419]
[0.],[0.],[0.]
[0.],[0.],[0.]
[1.54083706],[0.29993465],[0.33890521]
[1.99546537],[0.50928936],[0.70925008]
[2.06726307],[0.63974196],[0.88991504]
[2.22903724],[0.69816482],[1.05822719]
[2.32944016],[0.74997373],[1.199206]
[2.42753155],[0.78402285],[1.31072929]
[2.51668036],[0.80110706],[1.38610678]
[2.66925683],[0.83495206],[1.48156999]
[2.66033441],[0.8408194],[1.50961365]
[2.76811899],[0.87074973],[1.59954067]
[2.75877123],[0.87138504],[1.60823859]
[2.85737685],[0.8961525],[1.70260565]
[2.85028876],[0.89515633],[1.71975689]
[2.94960957],[0.91729099],[1.81617849]
[2.96538869],[0.92055848],[1.84477254]
[3.04966938],[0.93693666],[1.94036996]
[3.08552816],[0.9432104],[1.95884722]
[3.1558243],[0.95117922],[2.03021438]
[3.20804336],[0.95723546],[2.03688806]
[3.245381],[0.96024753],[2.08774773]
[3.24258914],[0.96617124],[2.06716979]
[3.24551873],[0.966087],[2.11311155]
[3.2416063],[0.97291942],[2.09305231]
[3.24466466],[0.97214143],[2.12763364]
[3.23961269],[0.97976537],[2.09950318]
[3.24344126],[0.97634415],[2.13864195]
[3.22852442],[0.98308362],[2.10391492]
[3.2395243],[0.97672742],[2.13733043]
[3.22478309],[0.9849339],[2.10096429]
[3.22055852],[0.97660067],[2.12773599]
[3.26350983],[0.98077095],[2.12831931]
[3.21860559],[0.98046247],[2.12667772]
[3.25484079],[0.98015345],[2.11549285]
[3.20480419],[0.98035176],[2.09768414]
[3.20018382],[0.97944725],[2.09330438]
[3.19550863],[0.9791369],[2.09071425]
[3.1837909],[0.97933883],[2.08374419]
[3.18523531],[0.97842808],[2.07926879]
[3.17611815],[0.97663304],[2.06800455]
[3.16776901],[0.97198624],[2.05341374]
[3.15579332],[0.96630664],[2.02200638]
[3.1437757],[0.95916817],[1.99270076]
[3.12761763],[0.953004],[1.96495844]
[3.11927563],[0.94749521],[1.93646173]
[3.12374863],[0.94064906],[1.91278552]
[3.11441988],[0.93453438],[1.88915208]
[3.10061922],[0.92845357],[1.86495126]
[3.08396502],[0.92251931],[1.83461885]
[3.07229902],[0.91460276],[1.81219472]
[3.06069437],[0.90822539],[1.79310696]
[3.0435414],[0.89936361],[1.76922652]
[3.03707946],[0.88637619],[1.74430478]
[2.84111238],[0.87544529],[1.67028162]
[0.],[0.],[0.]
[0.],[0.],[0.]
[1.5447019],[0.30322675],[0.34385696]
[1.99533163],[0.54904133],[0.74732004]
[2.11981163],[0.68444169],[0.99108445]
[2.28659056],[0.74880504],[1.181728]
[2.38564095],[0.80343494],[1.33801236]
[2.50581891],[0.84990568],[1.46469157]
[2.63360228],[0.86626454],[1.55368709]
[2.79835116],[0.89386516],[1.66321691]
[2.80407081],[0.90751903],[1.70943304]
[2.90248066],[0.9268548],[1.81337298]
[2.91322776],[0.9331284],[1.8465482]
[3.00843847],[0.95248097],[1.95558487]
[3.03673344],[0.95640194],[1.98683162]
[3.12374344],[0.97346226],[2.0921482]
[3.16190288],[0.98120186],[2.11068859]
[3.22421593],[0.98907556],[2.18561687]
[3.2865798],[0.99387491],[2.18798158]
[3.31277694],[0.9962588],[2.25196157]
[3.33539287],[1.00259802],[2.24102038]
[3.34864866],[1.00203477],[2.28362828]
[3.34383318],[1.00781422],[2.26303256]
[3.34990418],[1.0053691],[2.31010101]
[3.34235519],[1.01197898],[2.28673563]
[3.34711665],[1.00908283],[2.31952022]
[3.34004641],[1.01606723],[2.29002611]
[3.34475251],[1.01248444],[2.32953095]
[3.3280145],[1.01864382],[2.29573721]
[3.33935137],[1.01292665],[2.33135171]
[3.32569869],[1.01886322],[2.29293064]
[3.3130154],[1.01301877],[2.31795686]
[3.36521558],[1.01575425],[2.32354237]
[3.31077199],[1.01561604],[2.31553003]
[3.35507834],[1.01543854],[2.31337719]
[3.29827711],[1.0155397],[2.28539737]
[3.29194161],[1.01507218],[2.28071741]
[3.28643749],[1.01488325],[2.27730951]
[3.27329069],[1.01493268],[2.26989913]
[3.27592563],[1.01447191],[2.26593037]
[3.26874993],[1.01295811],[2.25613053]
[3.26149311],[1.01163375],[2.24445348]
[3.25317486],[1.00949963],[2.21782948]
[3.24475519],[1.00663066],[2.19303791]
[3.23934657],[1.00342273],[2.17054584]
[3.23498972],[0.99937198],[2.14392254]
[3.23965533],[0.99409126],[2.12188756]
[3.22780271],[0.98960705],[2.10160149]
[3.21659878],[0.98525264],[2.08331407]
[3.20235626],[0.9815438],[2.05559811]
[3.18893758],[0.9759755],[2.03151184]
[3.17522918],[0.9706343],[2.0081737]
[3.15482068],[0.96294602],[1.97713954]
[3.14922033],[0.95122022],[1.95108611]
[2.92084654],[0.93923663],[1.85652528]
[0.],[0.],[0.]
[0.],[0.],[0.]
[1.56464481],[0.34349082],[0.39178761]
[2.03418291],[0.5813552],[0.81692919]
[2.1676139],[0.72463749],[1.09224178]
[2.34185574],[0.79615222],[1.3103752]
[2.42468918],[0.85235113],[1.45865342]
[2.57728017],[0.88744505],[1.58496902]
[2.72883387],[0.91258649],[1.69926515]
[2.89452247],[0.93245232],[1.8232078]
[2.91648652],[0.95483535],[1.89899505]
[3.01380662],[0.96721142],[2.02451839]
[3.05765256],[0.98361024],[2.07020717]
[3.14073429],[0.99037948],[2.17087835]
[3.18787548],[0.99505145],[2.19153702]
[3.2634886],[1.0000051],[2.27030341]
[3.31534986],[1.00633385],[2.27575847]
[3.34049341],[1.00776803],[2.33187131]
[3.38098863],[1.01713208],[2.33845756]
[3.42583726],[1.01569524],[2.40069591]
[3.42795542],[1.02447156],[2.39869308]
[3.45299508],[1.0203418],[2.45272075]
[3.43949659],[1.02812832],[2.44081517]
[3.45655351],[1.02378774],[2.48430665]
[3.43801148],[1.03174603],[2.47024383]
[3.45339673],[1.0279545],[2.50200731]
[3.43611899],[1.03667417],[2.4838499]
[3.45169818],[1.048815],[2.52337865]
[3.4221157],[1.05255281],[2.49839567]
[3.44517702],[1.05336338],[2.52783561]
[3.42172281],[1.05577313],[2.49795111]
[3.41746458],[1.05429242],[2.51345486]
[3.4673675],[1.06534442],[2.53206028]
[3.41499292],[1.05687089],[2.51239221]
[3.45626003],[1.05716251],[2.51765687]
[3.39909152],[1.05556836],[2.4861479]
[3.38650265],[1.05585411],[2.48084639]
[3.37985048],[1.05703676],[2.47698222]
[3.36196788],[1.05425506],[2.46578939]
[3.36469724],[1.05349497],[2.46230992]
[3.35565413],[1.05464443],[2.45156503]
[3.34570461],[1.04757614],[2.43411393]
[3.33474635],[1.0321329],[2.40041316]
[3.32640897],[1.02802629],[2.36838849]
[3.32870612],[1.02618644],[2.34450163]
[3.32258928],[1.02485166],[2.31226188]
[3.32234319],[1.02292858],[2.28300228]
[3.30868235],[1.02142476],[2.25482019]
[3.29550501],[1.01982986],[2.23389744]
[3.28148393],[1.01864805],[2.20618222]
[3.2684188],[1.01531945],[2.18087228]
[3.25486425],[1.01145435],[2.15794401]
[3.23328353],[1.00580301],[2.12850998]
[3.22212857],[0.99586267],[2.09545105]
[2.98332235],[0.98658963],[1.98692866]
[0.],[0.],[0.]
[0.],[0.],[0.]
[1.59111419],[0.40051852],[0.46537029]
[2.05971954],[0.6175397],[0.87182112]
[2.21446699],[0.77764692],[1.18331494]
[2.37081965],[0.8359537],[1.39448418]
[2.45038776],[0.88979286],[1.54965619]
[2.65225605],[0.91885094],[1.69023255]
[2.8109046],[0.94518861],[1.81798562]
[2.96422046],[0.96617807],[1.95619522]
[3.01273786],[0.98704665],[2.04723873]
[3.11100811],[0.99228859],[2.16871467]
[3.16604641],[1.0001716],[2.21906246]
[3.23696038],[1.00402444],[2.29607895]
[3.305335],[1.01009559],[2.32408751]
[3.36198978],[1.01215543],[2.38865373]
[3.41479943],[1.02051225],[2.4105681]
[3.48037724],[1.02172519],[2.48012761]
[3.52134602],[1.03135727],[2.519806]
[3.59367268],[1.03116558],[2.5950764]
[3.58502909],[1.05006736],[2.61362543]
[3.64157999],[1.06110267],[2.69636708]
[3.61028536],[1.06987043],[2.65768423]
[3.65367651],[1.07936104],[2.74319046]
[3.61070226],[1.08835127],[2.68535215]
[3.65060055],[1.0945909],[2.77575927]
[3.61089421],[1.10498363],[2.70432417]
[3.65351845],[1.1187235],[2.82909026]
[3.60335904],[1.12845426],[2.74462937]
[3.64934711],[1.1298481],[2.88095485]
[3.60761863],[1.13248449],[2.75913111]
[3.63983397],[1.13243609],[2.88580546]
[3.64163771],[1.13788168],[2.83200902]
[3.62804804],[1.13553062],[2.8917575]
[3.62515754],[1.13664327],[2.8325731]
[3.60074159],[1.13607425],[2.79936801]
[3.5722058],[1.13605309],[2.79576557]
[3.56078708],[1.13738524],[2.79532364]
[3.54170195],[1.13604],[2.78994254]
[3.53477361],[1.13591294],[2.79057122]
[3.52498771],[1.13705649],[2.78822603]
[3.51430716],[1.13031559],[2.79284553]
[3.50095676],[1.11529393],[2.74351213]
[3.48867266],[1.10316563],[2.67737808]
[3.46375964],[1.09370012],[2.61170228]
[3.42105342],[1.08002529],[2.54676038]
[3.39595282],[1.06954441],[2.50553246]
[3.37977342],[1.06001939],[2.47773532]
[3.36317553],[1.04947207],[2.44989127]
[3.34433089],[1.03693109],[2.41395374]
[3.32733783],[1.02731602],[2.37944414]
[3.31014299],[1.02583944],[2.34235948]
[3.2814313],[1.02356732],[2.29388478]
[3.26980286],[1.0159557],[2.26970268]
[3.00616054],[1.01911707],[2.17524723]
[0.],[0.],[0.]
[0.],[0.],[0.]
[1.59941902],[0.42452975],[0.49793393]
[2.09997838],[0.644922],[0.93016755]
[2.25893868],[0.81717035],[1.26714712]
[2.40277186],[0.87358549],[1.48936312]
[2.47754798],[0.92733139],[1.64386685]
[2.7330526],[0.95132699],[1.80161808]
[2.90232165],[0.98179783],[1.94559894]
[3.0534026],[0.99367323],[2.08524687]
[3.11732824],[1.00632594],[2.17479791]
[3.21796952],[1.00924166],[2.30791974]
[3.29493004],[1.01934871],[2.3506086]
[3.3962529],[1.02226487],[2.44038151]
[3.45805215],[1.02772149],[2.47370305]
[3.55777594],[1.03190263],[2.55933078]
[3.59251972],[1.04029705],[2.60383441]
[3.68805204],[1.04031643],[2.68670105]
[3.70587233],[1.06793912],[2.72764868]
[3.81224802],[1.09204831],[2.8531611]
[3.77452612],[1.11532616],[2.83210326]
[3.86085158],[1.12556788],[3.00354129]
[3.81213558],[1.1347151],[2.91906146]
[3.88752982],[1.14437621],[3.06278625]
[3.81849069],[1.15381365],[2.97176579]
[3.8892922],[1.16045985],[3.10490825]
[3.82548521],[1.17216409],[3.01829074]
[3.90283993],[1.18404319],[3.16602998]
[3.82151687],[1.18946515],[3.08809727]
[3.90037557],[1.19065014],[3.20838422]
[3.82886575],[1.19323006],[3.12189765]
[3.89722716],[1.19298194],[3.21700899]
[3.86889836],[1.20152871],[3.20181596]
[3.89328682],[1.19638245],[3.23315118]
[3.85828055],[1.1968948],[3.20826697]
[3.86736747],[1.19543158],[3.19057998]
[3.82356544],[1.19543763],[3.18396435]
[3.81235159],[1.19693353],[3.18559021]
[3.79369377],[1.19549877],[3.18272463]
[3.78455138],[1.19536582],[3.18343207]
[3.77740744],[1.19654522],[3.18144437]
[3.76630436],[1.19055981],[3.17156985]
[3.75038591],[1.17675133],[3.14108919]
[3.74233323],[1.16572741],[3.10109291]
[3.72734068],[1.1572618],[3.05461175]
[3.69085195],[1.14694319],[2.99080252]
[3.65367581],[1.13710808],[2.92955311]
[3.61078572],[1.12761729],[2.86035417]
[3.56384679],[1.11627076],[2.79466816]
[3.50924062],[1.10468986],[2.70861699]
[3.47179045],[1.09403895],[2.64990943]
[3.44852408],[1.08927831],[2.60524867]
[3.4138236],[1.09625391],[2.59793609]
[3.39768152],[1.10274617],[2.62116837]
[3.1180456],[1.11320636],[2.55226858]
[0.],[0.],[0.]
[0.],[0.],[0.]
[1.61348541],[0.46448913],[0.56262035]
[2.16878602],[0.68024296],[1.02987509]
[2.315877],[0.86392071],[1.37788551]
[2.44492675],[0.91205611],[1.60033035]
[2.51196567],[0.962639],[1.74715881]
[2.80234522],[0.98348169],[1.92020324]
[2.98703184],[1.00143043],[2.06646643]
[3.14464196],[1.01039904],[2.21650162]
[3.22951729],[1.02270971],[2.31206114]
[3.33026566],[1.02573845],[2.45361953]
[3.44232831],[1.03549112],[2.52563127]
[3.54025282],[1.03737226],[2.63528623]
[3.58516371],[1.04645268],[2.67737927]
[3.69519562],[1.06672054],[2.79159205]
[3.71469521],[1.09800066],[2.81781058]
[3.82787103],[1.12035191],[2.98919144]
[3.82690483],[1.14662225],[2.98467145]
[3.95246826],[1.16929253],[3.17229187]
[3.89001054],[1.18991636],[3.16069941]
[3.97956623],[1.19795452],[3.2885394]
[3.90985068],[1.20704585],[3.24101769]
[3.995305],[1.21666445],[3.3420526]
[3.91073905],[1.22593678],[3.29049776]
[3.99001559],[1.23043379],[3.38251385]
[3.9115261],[1.23760488],[3.33174718]
[3.99731556],[1.24657238],[3.43973179]
[3.90628921],[1.25143297],[3.39290057]
[3.99263144],[1.25336552],[3.47716682]
[3.91394279],[1.25584165],[3.42683454]
[3.99162208],[1.25568713],[3.48827204]
[3.95416477],[1.26414922],[3.48754276]
[3.99239626],[1.25839516],[3.50487606]
[3.94936517],[1.25856501],[3.48799155]
[3.9717649],[1.25736351],[3.47567595]
[3.92389902],[1.25753577],[3.46350086]
[3.91449392],[1.25886941],[3.46257623]
[3.89793285],[1.25743178],[3.45727174]
[3.89019989],[1.25734707],[3.45626574]
[3.88588468],[1.25829999],[3.45273821]
[3.87707261],[1.25214302],[3.44259559]
[3.86326082],[1.23867917],[3.41590469]
[3.85775923],[1.22987222],[3.38212989]
[3.84685267],[1.22195527],[3.34347352]
[3.82123506],[1.21142896],[3.29463402]
[3.7866308],[1.20210357],[3.24333025]
[3.74886615],[1.19363317],[3.18627524]
[3.70532749],[1.19437903],[3.14351863]
[3.65437363],[1.20081807],[3.11644928]
[3.6111234],[1.20529436],[3.10085207]
[3.56169167],[1.20836781],[3.08447165]
[3.51602722],[1.21244617],[3.07125815]
[3.49688645],[1.22324999],[3.06924924]
[3.1963465],[1.23363813],[2.95274598]
[0.],[0.],[0.]
[0.],[0.],[0.]
[1.62568705],[0.50514689],[0.62692375]
[2.22679828],[0.73420286],[1.13554807]
[2.37416576],[0.89449214],[1.4783156]
[2.48512235],[0.9368893],[1.69183803]
[2.55523845],[0.9810235],[1.82591785]
[2.89987336],[0.99425753],[2.02307697]
[3.08362946],[1.01348172],[2.16568245]
[3.25493679],[1.02249205],[2.32826954]
[3.37190651],[1.03562567],[2.47175659]
[3.49187442],[1.03688961],[2.63377086]
[3.56626322],[1.04865498],[2.71407746]
[3.68322361],[1.07718361],[2.84836824]
[3.7040467],[1.10402449],[2.85357833]
[3.81379409],[1.12716937],[3.04712527]
[3.80953299],[1.15650309],[3.04035245]
[3.92646341],[1.17705209],[3.22805489]
[3.90187195],[1.2014228],[3.23898653]
[4.02803242],[1.22232938],[3.39420246]
[3.95255018],[1.24123827],[3.38557786]
[4.05061763],[1.24846854],[3.49457242]
[3.97206353],[1.25762117],[3.45973123]
[4.06646958],[1.2666435],[3.54564897]
[3.97300306],[1.27338346],[3.50978871]
[4.06056311],[1.27738065],[3.58353581]
[3.97384163],[1.28570921],[3.55810617]
[4.0685987],[1.29440981],[3.64510149]
[3.96782008],[1.2991102],[3.61720533]
[4.0622876],[1.3012199],[3.68387023]
[3.97655426],[1.30350234],[3.64965695]
[4.06574374],[1.30290534],[3.69733203]
[4.02154455],[1.31097197],[3.69872197]
[4.07114922],[1.30460216],[3.71586588]
[4.01884073],[1.30474295],[3.6977108]
[4.0503734],[1.30362218],[3.69064658]
[3.99870381],[1.30378862],[3.67501476]
[3.98957931],[1.30525094],[3.67401459]
[3.97362899],[1.3040586],[3.66848022]
[3.96574553],[1.30363677],[3.66679746]
[3.96119761],[1.303858],[3.66265508]
[3.95217449],[1.29754887],[3.65012973]
[3.93500398],[1.28526407],[3.62264227]
[3.92946307],[1.27667484],[3.58999213]
[3.91845488],[1.26857862],[3.55116432]
[3.89474277],[1.25717368],[3.50124696]
[3.8652384],[1.24713866],[3.45299193]
[3.83493547],[1.24491001],[3.4200417]
[3.79688655],[1.24905994],[3.40335988]
[3.74768129],[1.25273352],[3.37043538]
[3.70754123],[1.2559831],[3.34162874]
[3.66306974],[1.25941637],[3.31423238]
[3.6037916],[1.26153628],[3.28220072]
[3.56430531],[1.27113108],[3.261439]
[3.24453387],[1.27895963],[3.1164161]
[0.],[0.],[0.]
[0.],[0.],[0.]
[1.63586685],[0.54337796],[0.69010433]
[2.28905789],[0.76870578],[1.23451073]
[2.42038317],[0.90858845],[1.56292909]
[2.52323411],[0.94946014],[1.76315037]
[2.67719623],[0.99510581],[1.91603446]
[3.02170505],[1.00549983],[2.13639907]
[3.22371567],[1.02623026],[2.28937685]
[3.39349426],[1.03386615],[2.47712171]
[3.49399554],[1.05219238],[2.64610499]
[3.61663781],[1.07571929],[2.86838032]
[3.65279914],[1.10598432],[2.87547182]
[3.77625392],[1.13349403],[3.08578058]
[3.76879566],[1.15860315],[3.08636564]
[3.88644929],[1.17994456],[3.26397024]
[3.87369892],[1.20762787],[3.28086844]
[4.00002371],[1.22703948],[3.43673071]
[3.9658167],[1.25021714],[3.45231026]
[4.09606733],[1.26980383],[3.58830474]
[4.01491378],[1.28661062],[3.59063091]
[4.1154743],[1.29286883],[3.6799533]
[4.0341382],[1.29927373],[3.65675035]
[4.12858306],[1.30624137],[3.72925961]
[4.03673872],[1.31253836],[3.70422338]
[4.1249098],[1.31725617],[3.77062127]
[4.03963494],[1.3242746],[3.75606362]
[4.13463997],[1.33175908],[3.83277868]
[4.03719799],[1.33544583],[3.80875304]
[4.13240255],[1.33710729],[3.86860952]
[4.04802125],[1.33863552],[3.83496688]
[4.13645083],[1.33665323],[3.88169068]
[4.09483596],[1.34258419],[3.87316733]
[4.14161136],[1.33691293],[3.89927059]
[4.09408567],[1.33621604],[3.86951429]
[4.12576121],[1.33418284],[3.86908715]
[4.07855],[1.33349801],[3.84331297]
[4.06635506],[1.33437022],[3.83927085]
[4.04713433],[1.33234382],[3.82947753]
[4.03588536],[1.33167054],[3.8240761]
[4.03048001],[1.33204602],[3.81734653]
[4.01919503],[1.32616833],[3.80200278]
[4.00129527],[1.31459757],[3.7729102]
[3.99495222],[1.3058999],[3.7406111]
[3.98303515],[1.29759453],[3.70105084]
[3.96118912],[1.2867002],[3.65296958]
[3.93567816],[1.27767463],[3.60733862]
[3.90638902],[1.27306026],[3.57715658]
[3.87257105],[1.27847603],[3.55973479]
[3.8292174],[1.28185678],[3.52834298]
[3.79113163],[1.28621097],[3.50094581]
[3.74923358],[1.28953963],[3.47334049]
[3.69649284],[1.29220109],[3.44199551]
[3.64918715],[1.3007023],[3.40702992]
[3.29724158],[1.30953278],[3.2371217]
[0.],[0.],[0.]
[0.],[0.],[0.]
[1.63838851],[0.55390713],[0.72513484]
[2.34000276],[0.77745597],[1.30528463]
[2.45665187],[0.92306088],[1.63150965]
[2.54975802],[0.96568016],[1.82659266]
[2.78024463],[1.00906141],[1.99859664]
[3.10812108],[1.01818989],[2.23957541]
[3.31514877],[1.03815889],[2.41265699]
[3.48809141],[1.0504034],[2.65899136]
[3.59073759],[1.10956456],[2.816626]
[3.71442922],[1.13352932],[3.09587741]
[3.74872155],[1.16384284],[3.1446697]
[3.86774135],[1.19003355],[3.31233142]
[3.8488937],[1.21381569],[3.32946924]
[3.97693811],[1.23221936],[3.47816818]
[3.95380816],[1.25586981],[3.50397842]
[4.0904211],[1.2724784],[3.63989261]
[4.04682044],[1.29211353],[3.66173723]
[4.16940963],[1.30815262],[3.77890999]
[4.09712612],[1.3200027],[3.7743048]
[4.19777335],[1.32401239],[3.85878557]
[4.12685806],[1.33052595],[3.8356884]
[4.21467364],[1.33758598],[3.91043591]
[4.12994891],[1.34430765],[3.8797564]
[4.2119823],[1.34985791],[3.9551072]
[4.13176956],[1.35697704],[3.9344698]
[4.22158143],[1.36400783],[4.02048143]
[4.12715623],[1.36838772],[3.98734364]
[4.21825997],[1.36973552],[4.05993744]
[4.13670752],[1.37033645],[4.01644917]
[4.22061976],[1.36849667],[4.07617762]
[4.18723917],[1.37304129],[4.06881478]
[4.22591875],[1.36804247],[4.09499793]
[4.18773093],[1.36756496],[4.06812813]
[4.20966921],[1.36576748],[4.07090792]
[4.17008862],[1.36502626],[4.03579009]
[4.15477592],[1.36530043],[4.02875244]
[4.13710861],[1.36339718],[4.01575937]
[4.12463212],[1.3625986],[4.00589125]
[4.11790328],[1.36240265],[3.99674838]
[4.10542332],[1.35725985],[3.97522534]
[4.08573636],[1.34745839],[3.94589144]
[4.0784449],[1.33843906],[3.91387449]
[4.0643903],[1.3297505],[3.87228472]
[4.04183318],[1.3190529],[3.82312675]
[4.02029316],[1.31051264],[3.78677615]
[3.98815056],[1.30692746],[3.75425153]
[3.95116863],[1.31136618],[3.72954462]
[3.90524541],[1.31407557],[3.6926738]
[3.868679],[1.31640541],[3.65817301]
[3.82684163],[1.31887639],[3.62389635]
[3.77461391],[1.32062781],[3.58608203]
[3.72999473],[1.32769115],[3.54683292]
[3.38785603],[1.33447133],[3.36904864]
[0.2506951],[0.14574683],[0.01305626]
[0.],[0.],[0.]
[1.64463432],[0.58116678],[0.77428925]
[2.38151817],[0.80321972],[1.38335472]
[2.48158538],[0.93886969],[1.69727252]
[2.63019526],[0.98239292],[1.90343506]
[2.87884126],[1.02201928],[2.10535278]
[3.19030878],[1.03039568],[2.38822908]
[3.40736829],[1.06467157],[2.61529302]
[3.5963058],[1.12075464],[2.94822914]
[3.66416609],[1.16853634],[3.09842937]
[3.80860428],[1.1904936],[3.3231745]
[3.81215557],[1.2175778],[3.38005419]
[3.94022983],[1.23908655],[3.51979461]
[3.90917727],[1.25882613],[3.54756772]
[4.04926588],[1.27551402],[3.67560223]
[4.01756045],[1.29740944],[3.70933355]
[4.15167128],[1.31250326],[3.83398716]
[4.11601251],[1.32792016],[3.85433211]
[4.23252487],[1.34098156],[3.97187919]
[4.16679917],[1.35043144],[3.96069826]
[4.2568817],[1.35483886],[4.04776873]
[4.18539704],[1.36140328],[4.01788368]
[4.26883161],[1.36834596],[4.09684129]
[4.18572844],[1.37496766],[4.06260234]
[4.26138187],[1.38014354],[4.13981125]
[4.1835982],[1.38678806],[4.12130251]
[4.2667644],[1.3935207],[4.21077121]
[4.1761031],[1.39756983],[4.17931285]
[4.25979804],[1.39902112],[4.25687845]
[4.18262065],[1.39943323],[4.21649624]
[4.25980755],[1.39782329],[4.28136639]
[4.23093329],[1.40141682],[4.27389402]
[4.26321914],[1.39645155],[4.30109505]
[4.23023741],[1.39528169],[4.26607015]
[4.24606317],[1.39308229],[4.27166348]
[4.21004936],[1.39191362],[4.22928459]
[4.19125908],[1.39174216],[4.21761318]
[4.1723133],[1.38954382],[4.19896053]
[4.16005895],[1.38843892],[4.18846738]
[4.15332676],[1.38789979],[4.17796645]
[4.14156683],[1.38409746],[4.15507906]
[4.12169547],[1.37419643],[4.11971139]
[4.11421981],[1.36600333],[4.08587694]
[4.09997701],[1.35756424],[4.03884972]
[4.07831139],[1.34703197],[3.99146247]
[4.06191051],[1.34141181],[3.95143458]
[4.03104592],[1.34555427],[3.91654999]
[3.99473256],[1.34852868],[3.88475699]
[3.95063684],[1.35037151],[3.84334019]
[3.91536388],[1.35227058],[3.80353591]
[3.87520323],[1.35342464],[3.76382057]
[3.82319867],[1.35429935],[3.71846493]
[3.77898072],[1.36070671],[3.67486786]
[3.42134673],[1.36573457],[3.48058863]
[0.27390633],[0.1829779],[0.01856738]
[0.],[0.],[0.]
[1.64917638],[0.60817672],[0.81648081]
[2.40642282],[0.82384538],[1.44376963]
[2.50228789],[0.94983932],[1.74523807]
[2.71103285],[0.9915124],[1.97164535]
[2.97725657],[1.02931376],[2.21086517]
[3.27304301],[1.03754152],[2.61237569]
[3.49534153],[1.09988283],[2.7808016]
[3.68492724],[1.15316962],[3.11342411]
[3.73186359],[1.19747662],[3.24418316]
[3.86446491],[1.21985667],[3.45094373]
[3.85401728],[1.24745806],[3.51786303]
[3.9859917],[1.26680471],[3.64851081]
[3.9477075],[1.28554382],[3.68289766]
[4.09266425],[1.30160143],[3.79898167]
[4.05361426],[1.32326703],[3.83733277]
[4.19212573],[1.33624069],[3.96286783]
[4.15891134],[1.35052751],[3.98077275]
[4.26808553],[1.36266076],[4.09140724]
[4.20211069],[1.37120111],[4.08004052]
[4.28745199],[1.37568031],[4.16436986]
[4.21912999],[1.38227617],[4.1367749]
[4.29831921],[1.38926146],[4.2126559]
[4.21963688],[1.39639789],[4.18103812]
[4.29086625],[1.40198219],[4.26068989]
[4.21716606],[1.40944026],[4.24223212]
[4.29625307],[1.41638423],[4.33080874]
[4.20964392],[1.42182296],[4.30078074]
[4.28887677],[1.42265296],[4.37858321]
[4.21573756],[1.42255732],[4.33743174]
[4.2892103],[1.4200886],[4.40031298]
[4.26475747],[1.42269663],[4.39103829]
[4.29328244],[1.41797988],[4.41902957]
[4.2658064],[1.41645248],[4.38349664]
[4.27786698],[1.41389342],[4.3892683]
[4.24670687],[1.41237278],[4.34661088]
[4.22620779],[1.41184378],[4.33434341]
[4.20738242],[1.40928819],[4.31470378]
[4.19540147],[1.407601],[4.3030367]
[4.18868497],[1.40586838],[4.29149039]
[4.17730538],[1.40234787],[4.27037827]
[4.15748187],[1.39194718],[4.23414425]
[4.14924726],[1.38340821],[4.19917527]
[4.13556774],[1.37639028],[4.15211648]
[4.11399913],[1.36753103],[4.09750395]
[4.09979852],[1.35887963],[4.05505906]
[4.07264631],[1.36008101],[4.01555409]
[4.03700578],[1.36265462],[3.97706728]
[3.99339755],[1.36437565],[3.93145765]
[3.96127863],[1.36636014],[3.89327256]
[3.92185317],[1.36928222],[3.85166223]
[3.87253797],[1.36973272],[3.80433232]
[3.82467302],[1.37143567],[3.75311834]
[3.46501723],[1.37611851],[3.54798941]
[0.21291167],[0.14686754],[0.01053663]
[0.],[0.],[0.]
[1.64841085],[0.60817558],[0.81691103]
[2.41155148],[0.82728547],[1.46420279]
[2.51747899],[0.9586036],[1.77267487]
[2.774325],[1.00028981],[2.02709511]
[3.05004629],[1.03761667],[2.30688142]
[3.3494556],[1.0663396],[2.73477327]
[3.55175717],[1.12858162],[2.91093355]
[3.75883245],[1.18035247],[3.21450391]
[3.78485712],[1.22262245],[3.34528751]
[3.91703411],[1.24515793],[3.5481877]
[3.90369385],[1.27283836],[3.62503213]
[4.04530272],[1.29101802],[3.75687405]
[4.00219704],[1.31026927],[3.79607909]
[4.14697905],[1.32671174],[3.91948226]
[4.1154194],[1.34455681],[3.94948144]
[4.24931484],[1.35655478],[4.08340966]
[4.22188335],[1.37033616],[4.10292159]
[4.3213569],[1.38219122],[4.21212726]
[4.26270158],[1.39010711],[4.20071803]
[4.3406523],[1.39464651],[4.28559972]
[4.27923268],[1.40126842],[4.25931604]
[4.3514493],[1.40821141],[4.33493196]
[4.28015845],[1.41651501],[4.30681604]
[4.34370138],[1.4228145],[4.39165645]
[4.27677642],[1.42996914],[4.37435255]
[4.34910513],[1.43725189],[4.46290018]
[4.2702005],[1.44347067],[4.43358679]
[4.34184645],[1.44426688],[4.51222719]
[4.27550884],[1.44447167],[4.47299717]
[4.342053],[1.44211266],[4.53664612]
[4.32487329],[1.44417287],[4.54668644]
[4.34643493],[1.43987589],[4.55784276]
[4.32809626],[1.43831351],[4.54318529]
[4.33224943],[1.43577544],[4.52835826]
[4.3087034],[1.43422056],[4.48680572]
[4.2848985],[1.43360348],[4.47337435]
[4.26641691],[1.43117867],[4.45625225]
[4.25521127],[1.42857639],[4.44421741]
[4.24861197],[1.42706507],[4.43325707]
[4.23775921],[1.42295465],[4.40909602]
[4.21655909],[1.41272588],[4.37163514]
[4.20766196],[1.40374882],[4.33624553]
[4.19442312],[1.39692722],[4.29120326]
[4.17295256],[1.38831909],[4.23604087]
[4.1588862],[1.38041715],[4.19239626]
[4.13918958],[1.37853076],[4.15013658]
[4.1050651],[1.38048747],[4.10434008]
[4.06152618],[1.38192682],[4.05291053]
[4.0293897],[1.38529036],[4.01010135]
[3.98859362],[1.38801669],[3.96127727]
[3.93672827],[1.38867606],[3.90778508]
[3.88989417],[1.38943745],[3.85081787]
[3.52139832],[1.38865763],[3.6344145]
[0.21721854],[0.13909159],[0.01022657]
[0.],[0.],[0.]
[1.65186887],[0.62276046],[0.83615589]
[2.42669782],[0.84523816],[1.50132486]
[2.5326395],[0.96960568],[1.80522351]
[2.82623974],[1.01069028],[2.09991455]
[3.12937484],[1.04633062],[2.43152491]
[3.40651691],[1.1074101],[2.87884574]
[3.60583816],[1.16636673],[3.05391277]
[3.80575587],[1.21563568],[3.33065454]
[3.81411733],[1.25380629],[3.47372347]
[3.95303864],[1.27585787],[3.67958052]
[3.93684121],[1.30317765],[3.76013021]
[4.08649824],[1.31936458],[3.89571948]
[4.03873295],[1.33414413],[3.93143745]
[4.18100959],[1.34722056],[4.06518564]
[4.15369721],[1.3644599],[4.09187892]
[4.28301467],[1.37619688],[4.22802719]
[4.25622376],[1.38914855],[4.24011665]
[4.35131082],[1.40065618],[4.35444631]
[4.29767199],[1.40762949],[4.3438356]
[4.37119717],[1.4124763],[4.43034963]
[4.31292414],[1.41978778],[4.40441066]
[4.38102],[1.42731999],[4.4836495]
[4.314127],[1.43662795],[4.45430374]
[4.3737406],[1.44179614],[4.53956258]
[4.31101747],[1.44893046],[4.52139931]
[4.37937086],[1.45615684],[4.61271027]
[4.30503642],[1.46270963],[4.57597412]
[4.37223701],[1.46424444],[4.6624857]
[4.30983526],[1.46474128],[4.62009463]
[4.37215942],[1.4624499],[4.688546]
[4.35927166],[1.46498348],[4.72395609]
[4.3760217],[1.46013319],[4.71326623]
[4.36330689],[1.45855343],[4.71724347]
[4.36291961],[1.45646056],[4.68278801]
[4.34438678],[1.45488652],[4.64213008]
[4.31876912],[1.45370013],[4.62663494]
[4.30094942],[1.44997385],[4.60217045]
[4.29017022],[1.44747062],[4.59719239]
[4.28384918],[1.44677684],[4.58805968]
[4.2734554],[1.44252275],[4.56797941]
[4.25190859],[1.43324591],[4.53186275]
[4.2425707],[1.42498045],[4.49452012]
[4.23009868],[1.41779235],[4.45191488]
[4.20871114],[1.40873119],[4.40414518]
[4.19463413],[1.40653428],[4.36142212]
[4.17846877],[1.41129471],[4.3240126]
[4.1457612],[1.41286748],[4.27563233]
[4.10210892],[1.41353542],[4.21660647]
[4.071785],[1.41479991],[4.17046451]
[4.03229326],[1.41675193],[4.11830179]
[3.98071553],[1.41673083],[4.05464562]
[3.92888168],[1.41647175],[3.98876518]
[3.55599653],[1.41626753],[3.7623224]
[0.14524084],[0.10002183],[0.00394943]
[0.],[0.],[0.]
[1.65623242],[0.63979225],[0.86111947]
[2.43887865],[0.86052188],[1.52919814]
[2.54181151],[0.979165],[1.83109516]
[2.87205952],[1.01732889],[2.14196882]
[3.17299149],[1.0711212],[2.51406963]
[3.45002724],[1.13118059],[2.94743047]
[3.64625995],[1.18944517],[3.143008]
[3.83878062],[1.23793567],[3.4100791]
[3.8460332],[1.27379735],[3.56053566]
[3.99440707],[1.29666984],[3.77347514]
[3.9741707],[1.32274357],[3.85653773]
[4.12109182],[1.33561259],[3.9928112]
[4.07349114],[1.3497836],[4.02439107]
[4.21459639],[1.36264445],[4.16333824]
[4.19252808],[1.37992119],[4.19261911]
[4.31762696],[1.39167631],[4.32889246]
[4.29206948],[1.40480725],[4.34438594]
[4.38171541],[1.41662985],[4.45942169]
[4.33297788],[1.42321654],[4.45034343]
[4.40142791],[1.42836415],[4.53608411]
[4.34771295],[1.43708311],[4.51519486]
[4.41202709],[1.4459604],[4.5969984]
[4.349866],[1.45582687],[4.58083322]
[4.4052612],[1.461345],[4.67114331]
[4.34686376],[1.46901979],[4.65950861]
[4.41114947],[1.47685186],[4.75448259]
[4.3412378],[1.48313254],[4.72020761]
[4.40371671],[1.48562413],[4.81279125]
[4.34501664],[1.48705671],[4.7777372]
[4.40280116],[1.48478822],[4.83998081]
[4.39488225],[1.48757202],[4.87101305]
[4.40529188],[1.4826415],[4.86422371]
[4.39879179],[1.48076424],[4.86462393]
[4.39369631],[1.47794498],[4.83386201]
[4.38150983],[1.47536942],[4.79627802]
[4.35384739],[1.4739211],[4.7791054]
[4.33592752],[1.46981628],[4.75293944]
[4.32506413],[1.46686112],[4.74340008]
[4.3185721],[1.46624591],[4.73185446]
[4.30925512],[1.4622096],[4.71179598]
[4.28812751],[1.45589781],[4.6744059]
[4.27829109],[1.44728727],[4.63594926]
[4.26521246],[1.4403645],[4.5951849]
[4.24387539],[1.43084359],[4.52121334]
[4.23001199],[1.42384136],[4.47662624]
[4.21764723],[1.42633288],[4.43867595]
[4.18677279],[1.42724308],[4.3880872]
[4.14307805],[1.42809252],[4.32626514]
[4.11280954],[1.42928747],[4.27590656]
[4.07717573],[1.43097107],[4.22468216]
[4.02393019],[1.43058376],[4.15851542]
[3.96392701],[1.42948451],[4.08791739]
[3.58862053],[1.42575329],[3.85477414]
[0.07508034],[0.05158474],[0.00047095]
[0.],[0.],[0.]
[1.66134257],[0.65719717],[0.88769277]
[2.45300053],[0.86819637],[1.55330071]
[2.55081501],[0.9887196],[1.85627725]
[2.90248608],[1.02350373],[2.213268]
[3.21142094],[1.09564185],[2.59957068]
[3.48695183],[1.15274882],[3.02332309]
[3.6805498],[1.20999896],[3.22768632]
[3.87794437],[1.2579019],[3.49194007]
[3.8818803],[1.29199608],[3.64963095]
[4.0328194],[1.31432269],[3.86659059]
[4.01111593],[1.3363752],[3.94665563]
[4.15536466],[1.34924997],[4.08800018]
[4.11198783],[1.36325323],[4.11455865]
[4.25048176],[1.37622051],[4.2584924]
[4.23277824],[1.3927705],[4.29447881]
[4.35330489],[1.40460183],[4.43121834]
[4.32937459],[1.41871694],[4.44661922]
[4.41268839],[1.43094651],[4.55857795]
[4.36504082],[1.43780665],[4.56455667]
[4.42416158],[1.44401885],[4.66540117]
[4.37155072],[1.45266797],[4.64948143]
[4.43049666],[1.46209319],[4.7278457]
[4.37313312],[1.47216597],[4.71969086]
[4.4229993],[1.47785497],[4.80546114]
[4.36913008],[1.48563438],[4.79481288]
[4.42803543],[1.49330714],[4.8828687]
[4.36356065],[1.49873077],[4.85496988]
[4.42025895],[1.50232882],[4.94214447]
[4.36655777],[1.50414777],[4.91297315]
[4.42007634],[1.50233255],[4.97401615]
[4.41431059],[1.50556412],[4.99719727]
[4.44565863],[1.4999969],[5.00380835]
[4.4208604],[1.4980713],[4.99242283]
[4.42779897],[1.49402493],[4.97064699]
[4.40296832],[1.49135516],[4.92899194]
[4.37492625],[1.48968409],[4.91065336]
[4.35827506],[1.48511548],[4.88554415]
[4.34814264],[1.48216043],[4.87570187]
[4.34277112],[1.48101005],[4.86429803]
[4.33498408],[1.47795034],[4.84482807]
[4.31586784],[1.47120315],[4.80636403]
[4.30864308],[1.46257243],[4.76918901]
[4.29886178],[1.45455032],[4.72699947]
[4.27936014],[1.44501965],[4.65201999]
[4.26518525],[1.4367363],[4.58116478]
[4.25603553],[1.43582092],[4.53813682]
[4.22689666],[1.43679542],[4.48951424]
[4.18368988],[1.43678296],[4.42598467]
[4.15314179],[1.43805134],[4.37569509]
[4.11823207],[1.4408797],[4.32144534]
[4.05905987],[1.44023172],[4.25150816]
[3.99886459],[1.43811177],[4.17882233]
[3.62124023],[1.43399399],[3.94148705]
[0.02107443],[0.01449779],[0.]
[0.],[0.],[0.]
[1.6665555],[0.65993733],[0.89614892]
[2.45415134],[0.87503427],[1.56509754]
[2.55678253],[0.99685662],[1.87459948]
[2.92778108],[1.03123602],[2.2832665]
[3.24881989],[1.120234],[2.6953444]
[3.52294051],[1.17745233],[3.10756425]
[3.71338167],[1.23513046],[3.3227229]
[3.91224499],[1.28192092],[3.58075993]
[3.91129993],[1.31272796],[3.74507519]
[4.06548279],[1.33307596],[3.96741292]
[4.05311424],[1.35508589],[4.05672782]
[4.20721272],[1.3680518],[4.21402695]
[4.1757643],[1.38123941],[4.242858]
[4.30622784],[1.39384769],[4.3861939]
[4.29763709],[1.41076906],[4.42452177]
[4.4120329],[1.42458937],[4.55890419]
[4.38367405],[1.44007662],[4.57491976]
[4.45333931],[1.45150998],[4.69948327]
[4.4152967],[1.45992078],[4.72875377]
[4.46756616],[1.46611664],[4.81740012]
[4.42412702],[1.47509168],[4.8060597]
[4.4886165],[1.48526404],[4.89101649]
[4.42740949],[1.49513804],[4.8806727]
[4.49877262],[1.50093285],[4.9759267]
[4.42627566],[1.50804477],[4.95565418]
[4.52310787],[1.51448491],[5.06063376]
[4.44245467],[1.51988828],[5.03295528]
[4.52956605],[1.52394939],[5.13002521]
[4.46808172],[1.52593355],[5.10123033]
[4.54171189],[1.52428957],[5.16915694]
[4.5405319],[1.52781964],[5.18808158]
[4.55489837],[1.52273826],[5.20198653]
[4.55816458],[1.52044477],[5.18949748]
[4.54719795],[1.51677887],[5.17014749]
[4.53711284],[1.5141773],[5.13719254]
[4.50301443],[1.51273569],[5.11539519]
[4.48157307],[1.50844983],[5.09161055]
[4.46776612],[1.50556313],[5.07436291]
[4.45643643],[1.5048942],[5.05876002]
[4.42985081],[1.50195541],[5.02864157]
[4.38344124],[1.49505728],[4.97667825]
[4.35409661],[1.48474919],[4.92949112]
[4.34383054],[1.47546221],[4.8865612]
[4.32532757],[1.46517339],[4.821236]
[4.31404146],[1.45686572],[4.75824958]
[4.30671697],[1.45387095],[4.69253182]
[4.28720433],[1.45481088],[4.62275342]
[4.25137711],[1.45443332],[4.55930937]
[4.20830608],[1.45520041],[4.50216164]
[4.15904095],[1.45673241],[4.43808991]
[4.09698268],[1.45465671],[4.36236947]
[4.03711965],[1.45278126],[4.29096768]
[3.65532344],[1.44820096],[4.04918605]
[0.02338344],[0.01508273],[0.]
[0.],[0.],[0.]
[1.67117893],[0.67697456],[0.9189462]
[2.46745632],[0.88452331],[1.59275646]
[2.57428883],[1.00862573],[1.90362022]
[2.95961838],[1.05122519],[2.41217019]
[3.28575596],[1.1589002],[2.83054691]
[3.56167979],[1.21297309],[3.23027392]
[3.74660027],[1.26512733],[3.45412746]
[3.94861736],[1.30709023],[3.70327592]
[3.94335183],[1.33443295],[3.88259949]
[4.099788],[1.35553163],[4.10977698]
[4.08659329],[1.37635545],[4.20612468]
[4.24086542],[1.38898989],[4.37074755]
[4.21807204],[1.4015886],[4.40028763]
[4.34372205],[1.41530673],[4.54254036]
[4.34018297],[1.43353642],[4.58033761]
[4.44267916],[1.44678384],[4.71245764]
[4.42020148],[1.46152052],[4.75308152]
[4.48318962],[1.47248535],[4.87950561]
[4.44888037],[1.48103913],[4.89814271]
[4.54341021],[1.48741315],[5.00721548]
[4.48776222],[1.49658215],[4.9854121]
[4.56623713],[1.50682743],[5.07987184]
[4.51062384],[1.51620573],[5.07633083]
[4.5719452],[1.52171515],[5.16682711]
[4.52503196],[1.52941198],[5.16414097]
[4.58940617],[1.53718506],[5.2569357]
[4.53645145],[1.54429669],[5.24805301]
[4.59205644],[1.55051409],[5.36415414]
[4.5527856],[1.55166028],[5.31315934]
[4.60180716],[1.54766892],[5.43889975]
[4.61086176],[1.54854546],[5.44583068]
[4.6131049],[1.54135294],[5.49982621]
[4.62545208],[1.53914082],[5.44764473]
[4.60902692],[1.53577956],[5.44592374]
[4.60922621],[1.53359041],[5.39089517]
[4.57931926],[1.53234393],[5.35866105]
[4.56381111],[1.52851512],[5.32297594]
[4.55454954],[1.52609514],[5.29819173]
[4.5442557],[1.52622093],[5.2795255]
[4.52698957],[1.52327831],[5.24251513]
[4.49409953],[1.516298],[5.18941375]
[4.46846685],[1.50835606],[5.1432233]
[4.43916418],[1.49856187],[5.09299872]
[4.39433514],[1.48609821],[5.02540457]
[4.35564715],[1.47949518],[4.9554496]
[4.33235558],[1.48072728],[4.89015324]
[4.31259113],[1.48102091],[4.82097425]
[4.27649678],[1.48041646],[4.73138035]
[4.24125192],[1.48055341],[4.66002125]
[4.19425816],[1.48157747],[4.59469009]
[4.13353001],[1.47809377],[4.51515869]
[4.07617915],[1.47511962],[4.44164317]
[3.68155316],[1.47255526],[4.19937357]
[0.],[0.],[0.]
[0.],[0.],[0.]
[1.67430951],[0.68722148],[0.93689425]
[2.47504166],[0.88902634],[1.60871953]
[2.58533583],[1.01269754],[1.91721754]
[2.97439391],[1.06611565],[2.45578129]
[3.30246453],[1.17615818],[2.88823602]
[3.57760911],[1.229015],[3.28760204]
[3.763152],[1.28020175],[3.51556172]
[3.97351338],[1.3225073],[3.76858079]
[3.96518802],[1.34984329],[3.95756758]
[4.12143253],[1.37175184],[4.18991864]
[4.11076532],[1.39165546],[4.28881771]
[4.25854666],[1.40531855],[4.45533128]
[4.23226213],[1.41858412],[4.48402277]
[4.35668773],[1.43292115],[4.62551341]
[4.35216587],[1.45120839],[4.66629684]
[4.45257996],[1.46454233],[4.81575852]
[4.4305438],[1.48067282],[4.86300335]
[4.52316532],[1.49414362],[5.01094215]
[4.49117962],[1.50679145],[5.03547792]
[4.57355813],[1.51558888],[5.14489268]
[4.52906071],[1.52785665],[5.14356756]
[4.59333379],[1.53958995],[5.25450884]
[4.54862754],[1.54946357],[5.25963231]
[4.59825377],[1.55645686],[5.42638165]
[4.55902449],[1.56575452],[5.41977342]
[4.6128874],[1.57437692],[5.61978989]
[4.56924669],[1.58286316],[5.60015628]
[4.61758591],[1.59068413],[5.77499757]
[4.58708074],[1.59240397],[5.76464424]
[4.63528346],[1.58854449],[5.88443496]
[4.65580634],[1.58840992],[5.8950827]
[4.65945398],[1.57916722],[5.9200079]
[4.68471723],[1.57382808],[5.88279495]
[4.66718303],[1.56748102],[5.84463459]
[4.66488277],[1.56265315],[5.78262542]
[4.62750311],[1.55863286],[5.7195888]
[4.60463614],[1.55291325],[5.66066877]
[4.5905528],[1.55070051],[5.61764829]
[4.57773342],[1.54898881],[5.57880771]
[4.56430042],[1.54539037],[5.52908557]
[4.53737581],[1.53826087],[5.44932968]
[4.51613506],[1.53100634],[5.38338303]
[4.49264285],[1.52256812],[5.31328318]
[4.45535091],[1.51160512],[5.22414361]
[4.42462532],[1.5030718],[5.13231348]
[4.39585106],[1.50098972],[5.05464654]
[4.34181961],[1.49912892],[4.96961541]
[4.29359082],[1.49804432],[4.87690338]
[4.26082884],[1.49802745],[4.79493709]
[4.21957217],[1.5012272],[4.713901]
[4.16010656],[1.49729596],[4.63029714]
[4.10544031],[1.49382804],[4.55261686]
[3.71468195],[1.48734595],[4.30115503]
[0.],[0.],[0.]
[0.],[0.],[0.]
[1.68017077],[0.70377814],[0.9637433]
[2.48466742],[0.8921864],[1.62391441]
[2.59590022],[1.01461953],[1.92490373]
[2.98778624],[1.06968203],[2.46888363]
[3.3188587],[1.18144494],[2.91353363]
[3.59357694],[1.23359129],[3.30918085]
[3.77978235],[1.28526861],[3.54182871]
[3.99854336],[1.32786617],[3.79449541]
[3.98704668],[1.35618698],[3.98346964]
[4.14322432],[1.37848213],[4.22069555]
[4.13092133],[1.39860659],[4.32295633]
[4.27011759],[1.41164612],[4.48178947]
[4.2455565],[1.42581558],[4.51496253]
[4.36858353],[1.43934772],[4.65541936]
[4.36288199],[1.45760059],[4.70491537]
[4.46096484],[1.47391166],[4.86669679]
[4.43846556],[1.49689237],[4.92823215]
[4.55534793],[1.51523989],[5.10125549]
[4.53083276],[1.52986059],[5.14403268]
[4.59633733],[1.53892775],[5.29723351]
[4.55867312],[1.55107946],[5.29441404]
[4.6127591],[1.56394385],[5.48597573]
[4.5742677],[1.57460998],[5.49485337]
[4.61777095],[1.58259787],[5.69212248]
[4.59253205],[1.59260782],[5.71273941]
[4.6462787],[1.60216443],[5.8976819]
[4.62190043],[1.61176617],[5.91676573]
[4.66582273],[1.61965741],[6.07894024]
[4.65215696],[1.61946499],[6.08522261]
[4.68741545],[1.61363048],[6.18293823]
[4.71046848],[1.61311575],[6.18796597]
[4.70678881],[1.60440732],[6.19877519]
[4.73346625],[1.59911728],[6.16418139]
[4.71616491],[1.59275627],[6.11947291]
[4.7192508],[1.58750059],[6.06182297]
[4.68459645],[1.58248005],[5.99599978]
[4.66556601],[1.57666062],[5.93479852]
[4.65080442],[1.5738428],[5.88093936]
[4.62607775],[1.57077879],[5.82756283]
[4.59490222],[1.56418533],[5.76227051]
[4.56183546],[1.55364433],[5.65290711]
[4.54376018],[1.54354244],[5.53921279]
[4.52330147],[1.53224167],[5.43477112]
[4.49052126],[1.52151497],[5.34299093]
[4.46290326],[1.51154828],[5.25855888]
[4.43810217],[1.50524197],[5.12751088]
[4.40052414],[1.5053159],[5.05811021]
[4.30417878],[1.5032676],[4.94526389]
[4.27479932],[1.50316739],[4.86838537]
[4.23836006],[1.50424433],[4.77797815]
[4.18312765],[1.50128049],[4.68035486]
[4.13064121],[1.49765938],[4.60040926]
[3.7467158],[1.49102054],[4.34792714]
[0.],[0.],[0.]
[0.],[0.],[0.]
[1.68139555],[0.7001496],[0.96229542]
[2.47971855],[0.89551724],[1.62536979]
[2.59984108],[1.0177941],[1.93106391]
[2.9943163],[1.07038465],[2.47187652]
[3.3273525],[1.18759749],[2.93888704]
[3.60665945],[1.23970852],[3.33183071]
[3.79509092],[1.29229487],[3.57308493]
[4.02112593],[1.33479985],[3.8230343]
[4.00662421],[1.36449488],[4.01258077]
[4.1644263],[1.38691346],[4.25626858]
[4.15967943],[1.4079671],[4.36909345]
[4.2996132],[1.42117112],[4.52741579]
[4.27953586],[1.43588966],[4.56238]
[4.39439933],[1.44855109],[4.7020391]
[4.39127823],[1.47152114],[4.78657216]
[4.51918635],[1.49396569],[4.98051736]
[4.50025777],[1.52169892],[5.05083]
[4.59700378],[1.54251731],[5.22900558]
[4.57734871],[1.55639559],[5.2949086]
[4.63077574],[1.56543215],[5.53790622]
[4.60958758],[1.578565],[5.55169352]
[4.6608271],[1.59157956],[5.752664]
[4.64305354],[1.60261993],[5.7961068]
[4.6796621],[1.6106756],[5.97808937]
[4.66744865],[1.6206639],[6.02411301]
[4.70503049],[1.63020268],[6.19777668]
[4.69059547],[1.63904184],[6.23786076]
[4.72049065],[1.64645662],[6.37930509]
[4.7139982],[1.64816077],[6.39705622]
[4.73798923],[1.64226923],[6.4736986]
[4.78593507],[1.63986296],[6.48076263]
[4.76719416],[1.62893775],[6.46969869]
[4.84159663],[1.62244637],[6.46347174]
[4.80818117],[1.61616706],[6.40928063]
[4.85097594],[1.61093402],[6.37287548]
[4.77831083],[1.60636235],[6.29236224]
[4.7475609],[1.60103507],[6.2203794]
[4.72379473],[1.59684335],[6.15915745]
[4.69252119],[1.59283244],[6.09733066]
[4.66735941],[1.58586749],[6.02492862]
[4.62965051],[1.57334684],[5.90468644]
[4.59391661],[1.56198865],[5.78316506]
[4.56617204],[1.55008592],[5.65574089]
[4.53755877],[1.53749359],[5.52105874]
[4.51492954],[1.52511877],[5.41325774]
[4.4944826],[1.51640595],[5.29225529]
[4.47155099],[1.51368194],[5.15334066]
[4.39173395],[1.51110231],[5.04962211]
[4.29897043],[1.51077681],[4.94602731]
[4.2634395],[1.51153611],[4.86039955]
[4.21282374],[1.50700995],[4.74951034]
[4.15791568],[1.50302234],[4.65532568]
[3.73817712],[1.49642603],[4.38527831]
[0.],[0.],[0.]
[0.],[0.],[0.]
[1.68882633],[0.71620577],[0.989551]
[2.48882448],[0.9013568],[1.64427362]
[2.61063536],[1.02173392],[1.94445992]
[3.00467229],[1.0898793],[2.52930584]
[3.34096184],[1.20147359],[3.00351552]
[3.62275389],[1.25299722],[3.39419494]
[3.81105001],[1.3044188],[3.63876823]
[4.04627542],[1.34615819],[3.88969455]
[4.02902507],[1.37546229],[4.08396525]
[4.18603827],[1.39787181],[4.3348371]
[4.1773693],[1.4189242],[4.44608961]
[4.31104463],[1.43264194],[4.60351831]
[4.29145728],[1.45022812],[4.64291866]
[4.40321918],[1.46608491],[4.81612209]
[4.40194562],[1.49449268],[4.91658388]
[4.5507676],[1.52107933],[5.13997219]
[4.53623073],[1.55091184],[5.2258975]
[4.62077832],[1.5693651],[5.44805966]
[4.62512453],[1.58228774],[5.5623328]
[4.68216448],[1.59164615],[5.80986931]
[4.67306231],[1.6049115],[5.86673961]
[4.71033199],[1.61796716],[6.0541988]
[4.70067823],[1.62889431],[6.12365056]
[4.72596346],[1.63692654],[6.30164301]
[4.71998071],[1.64675218],[6.35844809]
[4.74750605],[1.65552409],[6.51034316]
[4.73925585],[1.66318958],[6.5607677]
[4.76923961],[1.67014584],[6.68906429]
[4.78481311],[1.6791442],[6.72121123]
[4.81323221],[1.67666721],[6.78842319]
[4.93893691],[1.66568709],[6.84022984]
[4.86911293],[1.65387778],[6.7958932]
[5.04657753],[1.64630335],[6.87834894]
[4.99078284],[1.63781201],[6.74910656]
[5.07476797],[1.63065802],[6.76731593]
[4.9474766],[1.62676248],[6.62049234]
[4.86650545],[1.62221901],[6.53848107]
[4.82967013],[1.617894],[6.47615778]
[4.78305961],[1.61390086],[6.40742197]
[4.73289427],[1.60535959],[6.31633825]
[4.68231525],[1.59396476],[6.18540947]
[4.65206084],[1.58278678],[6.05535685]
[4.61855777],[1.5697465],[5.92890927]
[4.57241885],[1.55462576],[5.78285838]
[4.54026766],[1.54219112],[5.6480307]
[4.52069027],[1.53479915],[5.51572276]
[4.50125369],[1.52861546],[5.35179954]
[4.44143807],[1.52540338],[5.1703742]
[4.35594186],[1.52394125],[5.06953619]
[4.27956652],[1.52445503],[4.97147516]
[4.23207214],[1.52048726],[4.87141103]
[4.18352615],[1.51557446],[4.76633962]
[3.77217741],[1.50866139],[4.48045127]
[0.],[0.],[0.]
[0.],[0.],[0.]
[1.69596278],[0.73284725],[1.0190478]
[2.49653979],[0.90566993],[1.65935577]
[2.62081131],[1.02281265],[1.95045051]
[3.01359629],[1.09386042],[2.54510973]
[3.35455062],[1.20648574],[3.02757385]
[3.63896108],[1.25816417],[3.41370483]
[3.82705276],[1.31028029],[3.66538353]
[4.07142837],[1.35236739],[3.91574084]
[4.05514151],[1.38262279],[4.11628141]
[4.20751291],[1.4051557],[4.3673915]
[4.19062185],[1.42800433],[4.48012961]
[4.32286936],[1.44619953],[4.64842926]
[4.30239241],[1.46876464],[4.71330506]
[4.4161426],[1.49023135],[4.92298432]
[4.43546826],[1.52404401],[5.05574922]
[4.57937586],[1.5521188],[5.29652947]
[4.5820652],[1.57925001],[5.39441525]
[4.66922518],[1.59699507],[5.69122254]
[4.68766027],[1.60970998],[5.83373872]
[4.72944046],[1.61958657],[6.09172218]
[4.72494397],[1.63327672],[6.18054807]
[4.75208233],[1.64639955],[6.36743208]
[4.74817324],[1.65683423],[6.45710627]
[4.76944882],[1.66545458],[6.62489061]
[4.78516486],[1.68101305],[6.69548868]
[4.81957422],[1.70253841],[6.83792142]
[4.83580274],[1.72037926],[6.90216006]
[4.87243279],[1.7400319],[7.048431]
[4.93579787],[1.75394449],[7.11021384]
[4.99679293],[1.75575002],[7.21721314]
[5.12357196],[1.752698],[7.37353575]
[5.09293419],[1.73261742],[7.32742045]
[5.19841032],[1.71327159],[7.4061171]
[5.17409062],[1.68763331],[7.30203563]
[5.22920116],[1.66608924],[7.27825969]
[5.16043839],[1.65536313],[7.12679172]
[5.1023542],[1.64785228],[7.01797355]
[5.05209641],[1.64380481],[6.94103591]
[4.93868646],[1.63864757],[6.83281382]
[4.83085738],[1.6300233],[6.69739652]
[4.7676109],[1.61837234],[6.51681287]
[4.71228921],[1.60660334],[6.34745785]
[4.67366581],[1.59322858],[6.19786391]
[4.63478],[1.57797997],[6.03281416]
[4.59802947],[1.56358044],[5.88779134]
[4.55898648],[1.54942377],[5.73358601]
[4.52718394],[1.54192968],[5.5579734]
[4.48036089],[1.53454418],[5.34712153]
[4.41396401],[1.53000327],[5.1616043]
[4.32603576],[1.53015921],[5.05347039]
[4.24971622],[1.52731656],[4.94170394]
[4.20702195],[1.5228734],[4.84077056]
[3.80746979],[1.51548299],[4.54766875]
[0.],[0.],[0.]
[0.],[0.],[0.]
[1.70045435],[0.74264038],[1.03759488]
[2.50088589],[0.90936876],[1.67022263]
[2.62590456],[1.02282335],[1.95290341]
[3.01785452],[1.09544462],[2.55670654]
[3.361159],[1.20955038],[3.04609102]
[3.64843489],[1.26121817],[3.42600635]
[3.83701983],[1.31368095],[3.68433482]
[4.08668883],[1.35606222],[3.93558289]
[4.0722641],[1.38702084],[4.13917775]
[4.2163634],[1.41365555],[4.39876055]
[4.20167738],[1.44280405],[4.53064535]
[4.33413887],[1.46542342],[4.71897587]
[4.31509865],[1.49233973],[4.82657552]
[4.46514946],[1.51634963],[5.0830842]
[4.49492207],[1.5506406],[5.23053515]
[4.63062213],[1.57657772],[5.46684872]
[4.6551055],[1.6030063],[5.61124662]
[4.71886063],[1.62063443],[5.93445042]
[4.73929954],[1.63293105],[6.11310289]
[4.77015633],[1.64343648],[6.36134646]
[4.78525537],[1.65657361],[6.47847991]
[4.81967731],[1.6691594],[6.66499246]
[4.84172014],[1.70241833],[6.77203485]
[4.87277754],[1.72442787],[6.9413429]
[4.93684414],[1.74037592],[7.03711648]
[5.01147873],[1.75945091],[7.21446811]
[5.04474133],[1.77800024],[7.31775806]
[5.09903971],[1.79553111],[7.50267931]
[5.13068196],[1.80862262],[7.60459589]
[5.18207265],[1.81635548],[7.72824345]
[5.25863782],[1.82159743],[7.84043795]
[5.24882467],[1.80385411],[7.8182234]
[5.31252939],[1.78726183],[7.85765108]
[5.33064435],[1.76426585],[7.7819845]
[5.36423477],[1.74437647],[7.73939738]
[5.35786857],[1.72327864],[7.62205708]
[5.2785204],[1.70524851],[7.49782283]
[5.22384561],[1.69132667],[7.39698093]
[5.13936394],[1.67772433],[7.28987815]
[5.04774855],[1.66264316],[7.15211306]
[4.90526235],[1.63511571],[6.90233451]
[4.81199687],[1.62354479],[6.66734943]
[4.75787613],[1.61093869],[6.48140956]
[4.6915224],[1.59557347],[6.26593307]
[4.65539416],[1.58054348],[6.10180889]
[4.62242962],[1.56621763],[5.95105554]
[4.58697867],[1.55418651],[5.77379355]
[4.52845373],[1.54197844],[5.56051321]
[4.46171468],[1.53569632],[5.34839848]
[4.38836038],[1.53237289],[5.14339627]
[4.28058145],[1.52733657],[5.0037854]
[4.22589205],[1.5220539],[4.89610692]
[3.84123389],[1.51532204],[4.61372447]
[0.],[0.],[0.]
[0.],[0.],[0.]
[1.69805154],[0.73843722],[1.02915453]
[2.49243913],[0.91258796],[1.66766543]
[2.62205808],[1.02564652],[1.95459757]
[3.01636813],[1.09348641],[2.55563493]
[3.35994802],[1.21339315],[3.0644859]
[3.65270604],[1.26651016],[3.44250877]
[3.84092354],[1.32041363],[3.71008517]
[4.09126198],[1.36455559],[3.96577662]
[4.07694301],[1.40117942],[4.18121026]
[4.23431551],[1.4321577],[4.46058288]
[4.2241984],[1.46753307],[4.62202322]
[4.35210273],[1.49352896],[4.84944782]
[4.33666268],[1.52654835],[4.99684193]
[4.52692418],[1.54825442],[5.27437141]
[4.58124257],[1.58543853],[5.44033589]
[4.68896372],[1.6041996],[5.73053395]
[4.71730894],[1.63578278],[5.89883139]
[4.76462533],[1.64832962],[6.22002822]
[4.80511602],[1.66053526],[6.42735183]
[4.90498396],[1.67118877],[6.68886573]
[4.96504785],[1.68703663],[6.86169174]
[5.03581734],[1.73182024],[7.06674235]
[5.07508914],[1.76378554],[7.21904192]
[5.11790666],[1.78379808],[7.43104987]
[5.14656941],[1.79955078],[7.57820656]
[5.20348448],[1.81764657],[7.77915777]
[5.2175702],[1.83510777],[7.8853093]
[5.26283522],[1.85250432],[8.05795584]
[5.27631204],[1.86550582],[8.14168592]
[5.33908598],[1.87945652],[8.26965232]
[5.38980206],[1.88894623],[8.34813164]
[5.43525769],[1.87454511],[8.39006421]
[5.47018388],[1.86071143],[8.38509256]
[5.53824821],[1.84030861],[8.37679611]
[5.54958748],[1.82162739],[8.29658429]
[5.62254522],[1.8065962],[8.21417188]
[5.52886774],[1.79014422],[8.05618595]
[5.48020919],[1.77473288],[7.94371667]
[5.37430707],[1.75892548],[7.80778219]
[5.26354898],[1.73671362],[7.63077046]
[5.14882206],[1.7008027],[7.40271997]
[5.05024933],[1.66839348],[7.17758698]
[4.93456886],[1.63410155],[6.92994598]
[4.8141766],[1.6199648],[6.63782271]
[4.7552224],[1.60695248],[6.42042921]
[4.6973124],[1.59433885],[6.23811194]
[4.65677644],[1.58331462],[6.05474514]
[4.61457899],[1.57187359],[5.86619813]
[4.55871572],[1.56281563],[5.67110122]
[4.47783048],[1.55513291],[5.46061697]
[4.37254532],[1.54365975],[5.20485517]
[4.2661795],[1.53573638],[5.04313447]
[3.8449005],[1.53055266],[4.73061979]
[0.12980964],[0.11395892],[0.00491898]
[0.],[0.],[0.]
[1.70246368],[0.74390081],[1.04001898]
[2.49653126],[0.91579798],[1.67723412]
[2.62746249],[1.02877788],[1.96525965]
[3.02647747],[1.10418211],[2.5985182]
[3.36202609],[1.22348162],[3.10804667]
[3.65671709],[1.27730065],[3.48803932]
[3.85219154],[1.33407337],[3.76809865]
[4.10057582],[1.38161784],[4.04344107]
[4.08849651],[1.42321436],[4.27278579]
[4.238517],[1.45810139],[4.57878564]
[4.22726218],[1.49851853],[4.78805643]
[4.35708103],[1.52541997],[5.05901367]
[4.3953514],[1.56390055],[5.22838682]
[4.58654518],[1.57851513],[5.51535094]
[4.63793643],[1.61910525],[5.67625378]
[4.7261147],[1.63468385],[6.03839878]
[4.7558854],[1.66771864],[6.23392114]
[4.79672736],[1.673364],[6.5348906]
[4.93148586],[1.69339289],[6.77121302]
[5.07100138],[1.71463465],[7.07387145]
[5.11848292],[1.74720771],[7.36640202]
[5.18216256],[1.78736773],[7.6271997]
[5.20903777],[1.81735295],[7.78416335]
[5.25337001],[1.83712812],[7.98661122]
[5.27156093],[1.85164647],[8.1124324]
[5.33056871],[1.87018107],[8.30652112]
[5.33412756],[1.88631485],[8.39420763]
[5.43548116],[1.90333551],[8.61510665]
[5.42049208],[1.92161271],[8.66393288]
[5.52972142],[1.9345407],[8.8499866]
[5.55363498],[1.94406693],[8.89405829]
[5.65251371],[1.93165789],[9.01039728]
[5.66704472],[1.91938903],[8.99199601]
[5.78481574],[1.9014464],[9.06134083]
[5.80242316],[1.88534244],[8.98345848]
[5.87644995],[1.87161049],[8.91368344]
[5.81428311],[1.85675656],[8.72234355]
[5.74532879],[1.84317619],[8.56963272]
[5.59726703],[1.83240105],[8.39735034]
[5.47996388],[1.81124941],[8.22327406]
[5.35182117],[1.77872286],[7.96609359]
[5.23483325],[1.74733968],[7.72269199]
[5.13570024],[1.7194849],[7.50827278]
[5.02065078],[1.67717204],[7.267028]
[4.9064443],[1.64096542],[7.01197303]
[4.8177447],[1.63131962],[6.75947512]
[4.77052392],[1.62112111],[6.53233908]
[4.71093334],[1.60986517],[6.29164074]
[4.65398887],[1.60043664],[6.08117385]
[4.60544868],[1.59178268],[5.8986463]
[4.52606788],[1.58045585],[5.67053105]
[4.44314771],[1.57015427],[5.44853366]
[3.9927526],[1.56211645],[5.05537845]
[0.16686155],[0.18314928],[0.01168316]
[0.],[0.],[0.]
[1.70614181],[0.74587763],[1.04805068]
[2.49841568],[0.91768603],[1.68194464]
[2.6299927],[1.02951233],[1.96631079]
[3.0424307],[1.10746413],[2.60796909]
[3.36648716],[1.2269823],[3.11817026]
[3.6625503],[1.28386497],[3.50245612]
[3.87236797],[1.3467017],[3.80824438]
[4.11146303],[1.39830667],[4.09111829]
[4.09806222],[1.443914],[4.3386049]
[4.24129279],[1.48215416],[4.67176892]
[4.24519576],[1.5282458],[4.92576489]
[4.43566817],[1.55437065],[5.23289157]
[4.48821859],[1.59521141],[5.41479629]
[4.63799913],[1.60806258],[5.70788395]
[4.68597169],[1.65168746],[5.92910723]
[4.7588026],[1.66597811],[6.31196304]
[4.79233217],[1.70204],[6.54394154]
[4.8910484],[1.69917978],[6.85373934]
[5.08997139],[1.744222],[7.18123048]
[5.19868399],[1.78650314],[7.60789827]
[5.23155241],[1.8157225],[7.88468446]
[5.28658694],[1.85193276],[8.14306133]
[5.30264934],[1.87837753],[8.279159]
[5.36516604],[1.89727902],[8.53172498]
[5.36654269],[1.91083459],[8.64137722]
[5.4843829],[1.92913398],[8.89771741]
[5.46591173],[1.94610795],[8.96039309]
[5.66015236],[1.96538447],[9.23279801]
[5.62955735],[1.9803358],[9.25845326]
[5.77043121],[1.99188837],[9.52109385]
[5.79336165],[2.00175398],[9.58125006]
[5.87170326],[1.99331316],[9.71387664]
[5.89727615],[1.98504617],[9.7329024]
[5.96585371],[1.97690263],[9.79294989]
[6.02886546],[1.9686394],[9.77796248]
[6.07701181],[1.95886987],[9.73340657]
[6.10174703],[1.9479569],[9.63184844]
[6.00166484],[1.9384163],[9.48325594]
[5.8907894],[1.92932551],[9.33494433]
[5.7728174],[1.90941235],[9.14179247]
[5.64048828],[1.88527209],[8.86763641]
[5.52102204],[1.85922697],[8.56955767]
[5.41866449],[1.82852417],[8.27420448]
[5.30398503],[1.79303142],[8.01189571]
[5.20023258],[1.74872499],[7.75440191]
[5.11901734],[1.70354951],[7.48397409]
[5.02884037],[1.65681402],[7.21606827]
[4.89451149],[1.64331756],[6.89234074]
[4.8097657],[1.63347886],[6.55476163]
[4.71529662],[1.62467914],[6.30064703]
[4.6386942],[1.61484838],[6.08425087]
[4.5802697],[1.60236538],[5.86847838]
[4.1889433],[1.59039468],[5.47689262]
[0.17214506],[0.21445288],[0.01457641]
[0.],[0.],[0.]
[1.71024083],[0.74750743],[1.05762855]
[2.50013576],[0.91941673],[1.68600422]
[2.63533976],[1.02989896],[1.96846948]
[3.05908149],[1.11117349],[2.61934027]
[3.37084044],[1.23124224],[3.13747351]
[3.66932389],[1.29389884],[3.52685764]
[3.89211637],[1.36230805],[3.860089]
[4.12239844],[1.41280342],[4.14976483]
[4.10123222],[1.46402058],[4.40949165]
[4.26799284],[1.50273291],[4.78706856]
[4.29379713],[1.5562257],[5.06516674]
[4.51271151],[1.57664744],[5.39023618]
[4.56307244],[1.62250849],[5.57406005]
[4.68216454],[1.63489894],[5.91741541]
[4.72709],[1.67876749],[6.18728397]
[4.78771853],[1.69157397],[6.5488193]
[4.89598692],[1.72470806],[6.8017772]
[5.07568358],[1.75147183],[7.13776345]
[5.21125674],[1.79998437],[7.5725818]
[5.3004955],[1.83976733],[8.0070483]
[5.3221418],[1.86610605],[8.26099627]
[5.43263001],[1.90061417],[8.60257877]
[5.43318848],[1.92652738],[8.73741996]
[5.64704635],[1.94507794],[9.05097289]
[5.63841266],[1.95906264],[9.1546609]
[5.80671025],[1.97845001],[9.48992042]
[5.81693738],[2.00035375],[9.57443098]
[5.92753068],[2.01982574],[9.88776945]
[5.93625057],[2.03591329],[9.96426196]
[6.00339758],[2.04904634],[10.20127216]
[6.07517245],[2.0593719],[10.33616243]
[6.11467598],[2.05541518],[10.48609111]
[6.22016112],[2.04894856],[10.62022189]
[6.23004752],[2.04252916],[10.67159374]
[6.39635053],[2.03513871],[10.7597304]
[6.4172226],[2.02611524],[10.72020322]
[6.44970283],[2.01645352],[10.69617478]
[6.36394058],[2.00720646],[10.50929075]
[6.26610035],[1.99641753],[10.33927107]
[6.2071902],[1.97821112],[10.14980007]
[6.05461903],[1.95653875],[9.85000209]
[5.9245852],[1.93358134],[9.52807475]
[5.80271661],[1.90568069],[9.20554365]
[5.69011724],[1.87137679],[8.85972923]
[5.57454511],[1.82925069],[8.53345035]
[5.41029678],[1.78856385],[8.20096151]
[5.30150517],[1.74543472],[7.88110989]
[5.18385248],[1.69751909],[7.5411848]
[5.09988719],[1.66076863],[7.19927338]
[4.93912912],[1.65206318],[6.82811732]
[4.76143231],[1.64024988],[6.47080582]
[4.68037184],[1.62705837],[6.23791743]
[4.31340785],[1.61135857],[5.85572761]
[0.23978579],[0.32808108],[0.03388176]
[0.],[0.],[0.]
[1.70812316],[0.74577445],[1.05104688]
[2.49345016],[0.92063025],[1.68299459]
[2.63077298],[1.03444608],[1.97093295]
[3.06942965],[1.1153589],[2.62457406]
[3.37054854],[1.24207345],[3.17381406]
[3.67303999],[1.30581212],[3.57050261]
[3.90839067],[1.38297976],[3.92217818]
[4.13765773],[1.42884518],[4.21677327]
[4.1621108],[1.48630151],[4.5036746]
[4.32377711],[1.52282782],[4.91525155]
[4.38391453],[1.58270694],[5.22123845]
[4.58660259],[1.59725832],[5.53748483]
[4.63457111],[1.64774871],[5.72059176]
[4.72732626],[1.66045696],[6.13263368]
[4.76938349],[1.70584378],[6.42712686]
[4.84435838],[1.7183687],[6.77473683]
[5.07322436],[1.74801841],[7.08125263]
[5.21786444],[1.80642593],[7.48979325]
[5.30879097],[1.85399151],[7.96322773]
[5.40688923],[1.89910948],[8.40769514]
[5.42987991],[1.92768495],[8.72975858]
[5.6903624],[1.96193764],[9.16033189]
[5.71890489],[1.98832144],[9.3127442]
[5.87545822],[2.00715128],[9.69057959]
[5.90504776],[2.02335094],[9.84263681]
[6.00379519],[2.0414631],[10.18510662]
[6.03717907],[2.06175786],[10.34946243]
[6.13883514],[2.07895074],[10.6453934]
[6.22144707],[2.09325372],[10.8249071]
[6.29526908],[2.1049729],[11.05208558]
[6.46823913],[2.11681547],[11.30519913]
[6.51852131],[2.11377992],[11.46475878]
[6.61870472],[2.11121458],[11.69488706]
[6.65409128],[2.1057515],[11.76285086]
[6.71532468],[2.09795469],[11.87931706]
[6.77337514],[2.0885812],[11.8393514]
[6.79187947],[2.07879302],[11.79949432]
[6.77523842],[2.0701335],[11.6623291]
[6.69962125],[2.05798943],[11.46840662]
[6.64713901],[2.04152782],[11.27699679]
[6.53638004],[2.02175413],[10.98528934]
[6.41402721],[2.00112887],[10.64075432]
[6.26434163],[1.97666097],[10.2595135]
[6.11090923],[1.94759951],[9.87408332]
[5.98692803],[1.91055273],[9.52268705]
[5.85560003],[1.87068429],[9.15396824]
[5.71638347],[1.83201327],[8.73987682]
[5.57508618],[1.78851858],[8.31764943]
[5.38036092],[1.74421604],[7.92296253]
[5.25462234],[1.69777542],[7.50097727]
[5.06861079],[1.67096747],[7.09268663]
[4.84857507],[1.65761341],[6.68947776]
[4.41053714],[1.64092838],[6.21706823]
[0.37758793],[0.49245743],[0.08580794]
[0.],[0.],[0.]
[1.71200182],[0.74550067],[1.05683018]
[2.49525914],[0.92524382],[1.69156686]
[2.63692725],[1.03894984],[1.98821545]
[3.0847001],[1.13480232],[2.69406579]
[3.37610017],[1.26304223],[3.26066908]
[3.68653963],[1.32784248],[3.65954216]
[3.94543075],[1.41398884],[4.02795942]
[4.1846449],[1.44953243],[4.34632931]
[4.21210745],[1.5207505],[4.64012103]
[4.40756157],[1.55481333],[5.11145666]
[4.47937733],[1.61196128],[5.41427289]
[4.63925361],[1.62683664],[5.72680377]
[4.68502648],[1.67337841],[5.97102885]
[4.76041469],[1.68598579],[6.39715552]
[4.80371788],[1.73187869],[6.68333122]
[5.00365129],[1.74242106],[7.0526283]
[5.18921269],[1.78520219],[7.44752704]
[5.31583454],[1.86383737],[7.9596078]
[5.38341696],[1.91185438],[8.4129411]
[5.56695427],[1.95373554],[8.93288034]
[5.72693763],[1.98299622],[9.3501639]
[5.95754837],[2.01678611],[9.82652881]
[6.01782118],[2.04393488],[10.04903455]
[6.10525548],[2.06335318],[10.39795193]
[6.18967765],[2.08025039],[10.65827426]
[6.26831739],[2.09789251],[10.99322426]
[6.39796545],[2.11760643],[11.26193527]
[6.51374076],[2.13320516],[11.57169208]
[6.59991529],[2.14864876],[11.88106692]
[6.67977786],[2.16165248],[12.1160288]
[6.74836194],[2.17506018],[12.40164255]
[6.7895796],[2.17066996],[12.53616415]
[6.84611491],[2.16991467],[12.7292717]
[6.94750046],[2.16136037],[12.84468807]
[6.97767751],[2.15206972],[12.9335409]
[7.14705679],[2.14328618],[13.01051817]
[7.18719582],[2.13384915],[12.92538816]
[7.24022565],[2.12482884],[12.89134267]
[7.1605958],[2.11101993],[12.63777562]
[7.11679036],[2.09566437],[12.43421214]
[6.96850275],[2.07637403],[12.13419586]
[6.83929162],[2.05864169],[11.79369732]
[6.71157395],[2.03627336],[11.41974032]
[6.57315898],[2.009576],[11.00287288]
[6.46820936],[1.9746212],[10.61753092]
[6.35939243],[1.93952678],[10.22778031]
[6.22363878],[1.90130034],[9.77219237]
[6.05843109],[1.85710606],[9.25505597]
[5.90771309],[1.81800167],[8.79733651]
[5.59948971],[1.77755561],[8.24514339]
[5.32458818],[1.73184063],[7.73354792]
[5.12359207],[1.6872987],[7.34025534]
[4.77848392],[1.67172474],[6.78280193]
[0.47294399],[0.62406646],[0.138101]
[0.],[0.],[0.]
[1.71549018],[0.74801074],[1.06682254]
[2.497863],[0.92863437],[1.70038388]
[2.64388997],[1.04339283],[2.00211035]
[3.10411863],[1.14942889],[2.74236528]
[3.3979111],[1.27874567],[3.32398476]
[3.75530771],[1.34389216],[3.7446687]
[3.98839268],[1.43543942],[4.11014565]
[4.22647897],[1.4751628],[4.4498136]
[4.26242774],[1.54870427],[4.77773046]
[4.48813498],[1.58519785],[5.29398728]
[4.55579779],[1.64338649],[5.60081733]
[4.68518558],[1.65960282],[5.99754438]
[4.73233993],[1.70884088],[6.33474892]
[4.79509589],[1.72205783],[6.74086378]
[4.94071975],[1.76109396],[7.06877348]
[5.17632458],[1.80774938],[7.5126429]
[5.3208617],[1.86607355],[8.03938773]
[5.46080956],[1.93663851],[8.53336926]
[5.54780015],[1.97999977],[8.95896082]
[5.86102298],[2.01754902],[9.64331526]
[5.99600192],[2.04579788],[10.08984073]
[6.18403758],[2.07542578],[10.52680287]
[6.33925243],[2.10177519],[10.84841702]
[6.46826779],[2.1183709],[11.21572209]
[6.57343511],[2.14031388],[11.57580901]
[6.6638317],[2.15877278],[11.93494855]
[6.73042329],[2.17704571],[12.33197444]
[6.80450475],[2.19448782],[12.64473509]
[6.85015373],[2.21387689],[12.96162221]
[6.9591504],[2.23301006],[13.24767322]
[6.99598012],[2.24645556],[13.51200122]
[7.13547144],[2.23914144],[13.76651587]
[7.18805902],[2.23132944],[13.93859045]
[7.33344171],[2.22230163],[14.18361466]
[7.37413751],[2.21355046],[14.24295682]
[7.46564215],[2.20391265],[14.40602848]
[7.50454547],[2.19296349],[14.32718949]
[7.53492761],[2.18298079],[14.2675722]
[7.52349478],[2.16887413],[14.04615696]
[7.46672002],[2.15469342],[13.7962385]
[7.38137493],[2.13541782],[13.48109245]
[7.26331891],[2.1178295],[13.10508495]
[7.1151864],[2.09821219],[12.65485187]
[6.9371316],[2.07398847],[12.19454848]
[6.812195],[2.04355238],[11.78264926]
[6.69972596],[2.01222497],[11.38191237]
[6.59012572],[1.97972067],[10.96698657]
[6.48212009],[1.93969226],[10.43625304]
[6.37898925],[1.89962666],[9.86071401]
[6.25732288],[1.86210557],[9.31875354]
[5.76650417],[1.82430214],[8.58292768]
[5.33665323],[1.78319488],[7.97830991]
[4.989577],[1.7422123],[7.37886078]
[0.57091537],[0.7181978],[0.19373831]
[0.],[0.],[0.]
[1.72282401],[0.75210905],[1.08391735]
[2.50128126],[0.93443324],[1.71341575]
[2.67067549],[1.0485368],[2.02734546]
[3.14045812],[1.16876733],[2.80957696]
[3.43492915],[1.30427072],[3.4167641]
[3.83143442],[1.37083025],[3.87217837]
[4.03288243],[1.46578033],[4.24055245]
[4.27691264],[1.51062247],[4.61613156]
[4.36472242],[1.58319413],[5.03437959]
[4.58124466],[1.61937299],[5.53466755]
[4.64731941],[1.67693112],[5.8592316]
[4.74903977],[1.69302667],[6.35771898]
[4.79456453],[1.73994852],[6.70653913]
[4.91644742],[1.75097652],[7.09276938]
[5.15328666],[1.79807339],[7.50743069]
[5.33000451],[1.87561371],[8.06018256]
[5.43227352],[1.93075703],[8.55580996]
[5.70598685],[1.99401992],[9.0720535]
[5.84362888],[2.03666603],[9.58419936]
[6.06126379],[2.07031379],[10.26358462]
[6.20448655],[2.10072621],[10.75292218]
[6.53397707],[2.12981885],[11.29311403]
[6.69705356],[2.15516763],[11.73853253]
[6.78960862],[2.17437675],[12.12543853]
[6.84504461],[2.20745216],[12.56275225]
[6.92834999],[2.2373034],[12.94891273]
[6.95726233],[2.27122095],[13.36026668]
[7.1107827],[2.29470546],[13.79529961]
[7.12006702],[2.31783247],[14.10706345]
[7.35339673],[2.33840444],[14.56952711]
[7.39691915],[2.35618982],[14.81942793]
[7.50038025],[2.34413076],[15.13695002]
[7.53962062],[2.33362571],[15.31453877]
[7.59807653],[2.31863172],[15.50710186]
[7.65980684],[2.30258541],[15.6090228]
[7.70787546],[2.28642795],[15.68203365]
[7.86166428],[2.26997726],[15.76967758]
[7.94353752],[2.25546232],[15.67092448]
[8.0204647],[2.23857797],[15.59064059]
[7.9240451],[2.21592963],[15.2692178]
[7.76316893],[2.18556002],[14.90417631]
[7.62273847],[2.16744651],[14.48830957]
[7.48063177],[2.14992091],[13.99624579]
[7.35446657],[2.12589023],[13.4959457]
[7.23251621],[2.09744376],[13.0253513]
[7.08404418],[2.06852518],[12.53810472]
[6.93306779],[2.03838808],[12.05847672]
[6.8057998],[2.00304983],[11.54400894]
[6.68755766],[1.96580955],[10.97698511]
[6.56856885],[1.92715417],[10.31720722]
[6.34351513],[1.88782104],[9.57144687]
[5.80392327],[1.84912575],[8.72917326]
[5.199069],[1.80975333],[7.90672796]
[0.68387334],[0.833149],[0.29070685]
[0.],[0.],[0.]
[1.72518958],[0.52454236],[0.76583093]
[2.50578867],[0.65646905],[1.25194224]
[2.77000534],[0.76944095],[1.55787573]
[3.19017696],[0.9831979],[2.29345032]
[3.4918887],[1.10326852],[2.87988946]
[3.92004834],[1.16012757],[3.31234692]
[4.08487762],[1.23031959],[3.64772843]
[4.41577083],[1.28376563],[4.10592513]
[4.52602203],[1.34546111],[4.52558643]
[4.67253088],[1.39935002],[4.93807657]
[4.73468471],[1.451351],[5.38575599]
[4.80900233],[1.52178283],[5.84653365]
[4.9437824],[1.59303375],[6.21232404]
[5.15432023],[1.66009595],[6.5988244]
[5.30462093],[1.72274751],[7.12245154]
[5.44021292],[1.78060333],[7.60875588]
[5.58949052],[1.83824149],[8.10126508]
[5.95108403],[1.89254069],[8.68320386]
[6.05660879],[1.95277711],[9.24234782]
[6.24189014],[1.98864581],[9.80083233]
[6.52858026],[2.01844537],[10.49863466]
[6.79419531],[2.04460715],[11.04518081]
[6.916948],[2.08326377],[11.55290043]
[7.06909268],[2.11709053],[11.9870889]
[7.08935197],[2.15104476],[12.40247737]
[7.30755274],[2.1801237],[12.90355879]
[7.31757897],[2.21355548],[13.31367233]
[7.4907264],[2.23435169],[13.87918977]
[7.52517372],[2.26796059],[14.20963561]
[7.63520673],[2.29641448],[14.66794209]
[7.67593775],[2.32567288],[14.94670949]
[7.72987898],[2.35807339],[15.20491246]
[7.83370306],[2.37762979],[15.4655741]
[7.87677323],[2.36075501],[15.63222898]
[8.1014618],[2.34529415],[15.90712907]
[8.16962782],[2.32873845],[15.98413136]
[8.2870258],[2.3123099],[16.14607538]
[8.34413788],[2.2899898],[16.11544242]
[8.38280824],[2.26528099],[16.01776195]
[8.36422609],[2.23896308],[15.77082255]
[8.27091294],[2.20682701],[15.39542027]
[8.14138523],[2.16617484],[14.95596376]
[7.97542754],[2.10158447],[14.39219858]
[7.74744603],[2.06805037],[13.79148514]
[7.60513048],[2.02337002],[13.26655019]
[7.46357262],[1.99916207],[12.7333215]
[7.34331551],[1.97410512],[12.21972884]
[7.22489133],[1.94603346],[11.6950512]
[7.09274811],[1.91741847],[11.15955251]
[6.92787526],[1.88668801],[10.4892694]
[6.75662728],[1.85343554],[9.77490089]
[6.38850643],[1.81708046],[8.93849847]
[5.76037622],[1.78429722],[7.86072956]
