meltWidth,meltDepth,meltArea
[2.05759456],[0.50619792],[0.5461713]
[2.40735365],[0.56735485],[0.75086785]
[2.38333752],[0.63583463],[0.89922267]
[2.57435665],[0.69031459],[1.09142241]
[2.56401094],[0.74262475],[1.19804983]
[2.74706765],[0.78403003],[1.38238632]
[2.79242779],[0.80969938],[1.46625486]
[2.90825518],[0.83290169],[1.58109967]
[2.8905103],[0.85822577],[1.6089273]
[2.93470062],[0.85834073],[1.67685563]
[2.92088763],[0.85829726],[1.67935144]
[2.95960478],[0.85851568],[1.71774362]
[2.94525344],[0.85621029],[1.70653589]
[2.96019038],[0.8532473],[1.70898236]
[2.94457817],[0.84791065],[1.67582439]
[2.97981833],[0.83686318],[1.67991655]
[3.0112144],[0.82345705],[1.67923318]
[3.06938422],[0.81869896],[1.70045016]
[3.1294464],[0.82394552],[1.73866635]
[3.16962612],[0.84128742],[1.77945162]
[3.14772679],[0.85750477],[1.80490185]
[3.15261388],[0.86946704],[1.81277831]
[3.13456923],[0.88396463],[1.84095173]
[3.11271196],[0.90201133],[1.82789082]
[3.09397185],[0.93397476],[1.88789269]
[3.09715084],[0.96431081],[1.89116765]
[3.06949045],[0.99368536],[1.96182146]
[3.06756772],[1.00691938],[1.96372486]
[3.06890659],[1.02094143],[2.03343699]
[3.05476987],[1.03354056],[2.05250368]
[3.1196759],[1.03641777],[2.08036682]
[3.04548235],[1.03984056],[2.0736872]
[3.03845046],[1.04289346],[2.09464044]
[3.03006499],[1.04488019],[2.12230075]
[3.02098043],[1.04710924],[2.13815102]
[3.0231951],[1.04875602],[2.15630705]
[3.01683525],[1.04933863],[2.17467489]
[3.01455271],[1.05232136],[2.19132228]
[3.01552609],[1.05477125],[2.20003284]
[3.0127372],[1.05623911],[2.20746507]
[2.99921111],[1.05656718],[2.20786239]
[2.98317054],[1.05861913],[2.2030868]
[2.9758727],[1.0636245],[2.20039584]
[2.95798956],[1.06969813],[2.20637644]
[2.93724582],[1.07646392],[2.21192796]
[2.84205875],[1.08302171],[2.17765252]
[2.75609553],[1.08905251],[2.15213737]
[2.69073615],[1.09235716],[2.14173125]
[2.61390188],[1.0944323],[2.14920192]
[2.57079023],[1.09738111],[2.1758577]
[2.52489806],[1.10163857],[2.1937689]
[2.13859013],[1.10780139],[1.83480748]
[1.39462347],[1.11240834],[1.02664524]
[0.28526014],[0.26310434],[0.03714186]
[2.32918364],[0.55388716],[0.83159012]
[2.76423457],[0.63920722],[1.19942478]
[2.89252939],[0.7043085],[1.42965513]
[2.94540224],[0.75880315],[1.58690107]
[3.02916744],[0.80671863],[1.74733782]
[3.08075008],[0.84990468],[1.84563066]
[3.14776415],[0.88071815],[1.97229715]
[3.27137425],[0.90739614],[2.08239073]
[3.3954434],[0.91606553],[2.18157033]
[3.41044744],[0.91169697],[2.2336846]
[3.46669443],[0.90777573],[2.2717084]
[3.46619078],[0.90310854],[2.28793526]
[3.54173873],[0.89691237],[2.33010972]
[3.53757934],[0.88941112],[2.32364876]
[3.58830306],[0.88323316],[2.33057742]
[3.55963052],[0.87578602],[2.29492418]
[3.63958116],[0.87584997],[2.31611269]
[3.63006618],[0.8831535],[2.32023396]
[3.70222901],[0.88232445],[2.3404731]
[3.67352874],[0.88239058],[2.32338694]
[3.7241461],[0.88404463],[2.3462811]
[3.6886542],[0.88990371],[2.34071024]
[3.75339666],[0.89641662],[2.38083342]
[3.70894944],[0.9067512],[2.36705034]
[3.76537186],[0.92808329],[2.41268528]
[3.7100297],[0.95890646],[2.41962169]
[3.77935013],[0.98610543],[2.48039082]
[3.71685543],[1.01883411],[2.48896527]
[3.79022642],[1.04790431],[2.56181344]
[3.7307128],[1.07188528],[2.56773715]
[3.80593228],[1.09237636],[2.63287311]
[3.78447698],[1.11046698],[2.67065452]
[3.81152151],[1.12674492],[2.65171735]
[3.7709259],[1.14238898],[2.65849793]
[3.77047433],[1.15844308],[2.68195964]
[3.75751022],[1.17159883],[2.7058375]
[3.74786736],[1.18605065],[2.73421953]
[3.73523447],[1.20236817],[2.77520439]
[3.7203784],[1.21550719],[2.83251015]
[3.70523819],[1.23196783],[2.88140645]
[3.69400612],[1.24852772],[2.92528692]
[3.6742521],[1.26452943],[2.96400919]
[3.65316585],[1.27637548],[2.99385887]
[3.63819015],[1.28850633],[3.02464957]
[3.61887439],[1.29818685],[3.04921119]
[3.59482133],[1.30405616],[3.06950212]
[3.54363954],[1.30954519],[3.07793778]
[3.493877],[1.314255],[3.09283167]
[3.44867591],[1.31842239],[3.10423761]
[3.36227655],[1.32185378],[3.08765746]
[3.29539601],[1.32521158],[3.08256757]
[3.24962186],[1.32919687],[3.09315926]
[2.79198578],[1.33415935],[2.71775187]
[2.04242493],[1.3368239],[1.76736731]
[0.01167237],[0.00887432],[3.41977766e-05]
[2.33490288],[0.60391434],[0.92541299]
[2.83755752],[0.6896142],[1.35706449]
[2.96218072],[0.76009258],[1.60732316]
[3.01996268],[0.81186166],[1.7651298]
[3.09695624],[0.84302847],[1.88569628]
[3.22230516],[0.85994945],[2.01119113]
[3.37062272],[0.88004232],[2.13406061]
[3.42226057],[0.89632828],[2.21229093]
[3.5378578],[0.89538627],[2.29879976]
[3.56507155],[0.89645406],[2.34282367]
[3.66283013],[0.89716253],[2.38759055]
[3.64766915],[0.89916726],[2.3807616]
[3.75851207],[0.90211307],[2.42841527]
[3.75390583],[0.90605609],[2.44014785]
[3.83042512],[0.90864518],[2.48615354]
[3.80916038],[0.91168495],[2.50566107]
[3.88847058],[0.91595041],[2.567841]
[3.86531845],[0.92178807],[2.59666602]
[3.97991324],[0.92871778],[2.6734177]
[3.93552621],[0.93849563],[2.68122136]
[4.05295157],[0.94601673],[2.7614462]
[3.99135826],[0.95083971],[2.74971366]
[4.10608193],[0.95509189],[2.81415783]
[4.048906],[0.96020949],[2.78719984]
[4.14453353],[0.96743672],[2.84613322]
[4.07478872],[0.97580654],[2.81809316]
[4.17444882],[0.98521033],[2.88807974]
[4.10907481],[0.99370462],[2.85457309]
[4.20723594],[0.99973761],[2.92033173]
[4.15731868],[1.0065822],[2.9189197]
[4.23599502],[1.01207326],[2.96119417]
[4.23936165],[1.01565858],[2.97272841]
[4.25618325],[1.01817881],[2.97547666]
[4.25858617],[1.02689773],[2.96690898]
[4.23604492],[1.04673714],[2.9720263]
[4.24125632],[1.06616787],[2.9806399]
[4.23536062],[1.08997291],[2.99673828]
[4.22458441],[1.11539731],[3.02658844]
[4.22089082],[1.13632332],[3.06147265]
[4.20957597],[1.15652102],[3.09431844]
[4.19252825],[1.17535048],[3.13547555]
[4.17177115],[1.19359595],[3.16516279]
[4.14231206],[1.2138327],[3.18435971]
[4.11671374],[1.2309211],[3.21534416]
[4.09663152],[1.24496047],[3.2519941]
[4.07671761],[1.26359426],[3.2826972]
[4.04473697],[1.28065971],[3.29238233]
[4.02365548],[1.29544417],[3.30671411]
[3.95378239],[1.30928123],[3.30919039]
[3.8489678],[1.31942158],[3.30836279]
[3.77848386],[1.31940696],[3.3085082]
[3.72588197],[1.3184144],[3.31260299]
[3.22131287],[1.31672268],[2.97198323]
[2.46234832],[1.31777652],[2.0689848]
[0.],[0.],[0.]
[2.32609623],[0.62741115],[0.94798329]
[2.90841277],[0.71762739],[1.47203048]
[3.03193762],[0.78523807],[1.72883197]
[3.10593456],[0.83103642],[1.8897108]
[3.24174068],[0.85266292],[2.02853345]
[3.43876388],[0.87256361],[2.19485315]
[3.65269902],[0.90141158],[2.32443138]
[3.69391964],[0.91616658],[2.44459326]
[3.80921951],[0.92167394],[2.51107553]
[3.79181233],[0.92742945],[2.52203804]
[3.92119646],[0.93244895],[2.58409098]
[3.88182931],[0.93564673],[2.59829259]
[3.97237026],[0.93702024],[2.6704816]
[3.93204272],[0.94787892],[2.70991003]
[4.03333908],[0.95750197],[2.81175572]
[4.0018657],[0.96891549],[2.84335735]
[4.13672388],[0.9784065],[2.95480839]
[4.11727949],[0.98983259],[2.97045673]
[4.23106157],[0.99953802],[3.06557488]
[4.22875152],[1.01431511],[3.07330596]
[4.33478636],[1.0290991],[3.18833738]
[4.32516944],[1.04055978],[3.17367547]
[4.40860054],[1.05854141],[3.26566403]
[4.41623585],[1.08485672],[3.2552804]
[4.47639035],[1.10315058],[3.35324522]
[4.4708365],[1.11467391],[3.32489313]
[4.51156546],[1.12408244],[3.41908789]
[4.5199137],[1.13605453],[3.39579742]
[4.55868383],[1.14487755],[3.4947094]
[4.61936685],[1.15533865],[3.5319278]
[4.58788716],[1.16383347],[3.5722384]
[4.63639375],[1.16863632],[3.57660497]
[4.57791849],[1.17068591],[3.5766693]
[4.62133584],[1.17173062],[3.57456126]
[4.57301215],[1.17118508],[3.56589851]
[4.56227164],[1.16999124],[3.5542853]
[4.56248821],[1.16524674],[3.54940974]
[4.56368023],[1.18081376],[3.55926363]
[4.57398736],[1.20144043],[3.58817794]
[4.56875157],[1.22032538],[3.59440639]
[4.5563883],[1.23813129],[3.60442943]
[4.55397916],[1.25459945],[3.61353005]
[4.53648379],[1.2649084],[3.59908514]
[4.51843008],[1.27784741],[3.5814469]
[4.50139374],[1.29091582],[3.5883126]
[4.46189336],[1.30157541],[3.56117545]
[4.35258531],[1.3100171],[3.52887039]
[4.27126009],[1.31678642],[3.51829387]
[4.20530841],[1.32302318],[3.51196525]
[4.1191144],[1.32879439],[3.4998776]
[4.05565543],[1.33287733],[3.50088092]
[3.99258269],[1.33263502],[3.49710365]
[3.56209798],[1.33171551],[3.17064419]
[2.78798474],[1.33134584],[2.2431634]
[0.],[0.],[0.]
[2.34668099],[0.60727275],[0.95387439]
[2.94368282],[0.72451659],[1.55746748]
[3.05271626],[0.78372825],[1.81333793]
[3.1363317],[0.85144397],[1.9985742]
[3.37890825],[0.88698048],[2.18578001]
[3.57637539],[0.91278865],[2.3578855]
[3.81792363],[0.93885986],[2.49916855]
[3.79154109],[0.95572247],[2.57828127]
[3.94482611],[0.95722869],[2.67635178]
[3.91667142],[0.96099418],[2.70994688]
[4.00645906],[0.97057205],[2.7973016]
[3.96117773],[0.982063],[2.82652241]
[4.05851667],[0.99331803],[2.93613955]
[4.04282741],[1.00738532],[2.97278864]
[4.16909324],[1.01846946],[3.08247796]
[4.16413657],[1.03222691],[3.11066894]
[4.29425632],[1.06236702],[3.25990974]
[4.30406532],[1.10179406],[3.30931817]
[4.41349699],[1.13193507],[3.46914923]
[4.44783553],[1.15495207],[3.50316763]
[4.53824771],[1.1607843],[3.64259541]
[4.57946218],[1.16727145],[3.65299377]
[4.6337292],[1.17241986],[3.72689706]
[4.68742281],[1.18096301],[3.7280501]
[4.7194753],[1.19217086],[3.81788141]
[4.70821004],[1.20319254],[3.80504596]
[4.72166792],[1.21220135],[3.88184694]
[4.71734316],[1.22316334],[3.88877127]
[4.72905409],[1.23172593],[3.95819903]
[4.76099078],[1.24247571],[4.01935468]
[4.73407493],[1.25106661],[4.04820057]
[4.77690241],[1.25696131],[4.06817642]
[4.73390258],[1.25956095],[4.06836198]
[4.76979134],[1.26067637],[4.0780772]
[4.74194043],[1.26089864],[4.07261676]
[4.72753066],[1.26010132],[4.06072391]
[4.72750746],[1.25805579],[4.05697106]
[4.72800649],[1.25655682],[4.05584571]
[4.73477088],[1.27728674],[4.07493443]
[4.72158641],[1.29687621],[4.06697138]
[4.70768428],[1.31355819],[4.0591727]
[4.70347813],[1.33205771],[4.07067442]
[4.66423963],[1.35011676],[4.03561485]
[4.63378808],[1.3636461],[4.01454759]
[4.59685748],[1.37274998],[3.98244091]
[4.53652315],[1.3796024],[3.95636215]
[4.46169671],[1.38501543],[3.92522068]
[4.41147331],[1.38993546],[3.90458705]
[4.37317028],[1.39540155],[3.88868951]
[4.31235872],[1.3993528],[3.8611201]
[4.25676594],[1.40271158],[3.83501297]
[4.2002659],[1.40418889],[3.81107446]
[3.78423315],[1.40272121],[3.440407]
[3.01990608],[1.40086729],[2.48620892]
[0.41945675],[0.11526417],[0.0234832]
[2.36628602],[0.62388376],[1.0685118]
[2.96969355],[0.71487389],[1.63074645]
[3.07989945],[0.79779887],[1.86609364]
[3.18908312],[0.87764053],[2.07241782]
[3.40066762],[0.90527059],[2.25717188]
[3.59396567],[0.92768113],[2.43680114]
[3.88679533],[0.9508672],[2.5951716]
[3.84357466],[0.97003331],[2.68409306]
[3.98376399],[0.97917334],[2.81757454]
[3.95115425],[0.99319051],[2.8724666]
[4.05255961],[1.00650183],[2.99171709]
[4.02369879],[1.02027506],[3.02254505]
[4.15643685],[1.03091959],[3.17582281]
[4.16281728],[1.05759894],[3.26021334]
[4.29774107],[1.09383703],[3.43038281]
[4.30048701],[1.1301131],[3.50194649]
[4.42939772],[1.1625661],[3.69551047]
[4.46702704],[1.19002906],[3.741465]
[4.57089654],[1.21358941],[3.90153614]
[4.62605864],[1.22748583],[3.95421451]
[4.69794789],[1.23452464],[4.05883077]
[4.76171791],[1.24288743],[4.09556343]
[4.79124879],[1.24952725],[4.1639362]
[4.79160772],[1.26173318],[4.1732737]
[4.81842002],[1.27315433],[4.26346769]
[4.80191346],[1.28510829],[4.26638385]
[4.8177368],[1.29453063],[4.35154656]
[4.80242563],[1.30622049],[4.36608356]
[4.82017385],[1.33385925],[4.44815716]
[4.83647444],[1.32675672],[4.50874741]
[4.82183818],[1.37207437],[4.55301947]
[4.8612999],[1.37572854],[4.59266076]
[4.8267624],[1.38226792],[4.59323207]
[4.85905176],[1.38400042],[4.61759406]
[4.83277863],[1.38359085],[4.60611391]
[4.82088827],[1.38748884],[4.60146505]
[4.82196311],[1.38502113],[4.60103104]
[4.82119803],[1.37996455],[4.60348692]
[4.82944066],[1.37594333],[4.60099702]
[4.81584523],[1.36999427],[4.5716882]
[4.80386142],[1.38870834],[4.55825907]
[4.79837017],[1.41032404],[4.56410699]
[4.76656003],[1.42517581],[4.54228916]
[4.73978347],[1.4361822],[4.52014716]
[4.69640201],[1.44448218],[4.47633451]
[4.64100111],[1.44851444],[4.37875156]
[4.52242278],[1.45091411],[4.30515205]
[4.45830838],[1.4560394],[4.26046361]
[4.42011513],[1.46134368],[4.23208971]
[4.3578342],[1.46505118],[4.18874215]
[4.30730406],[1.46651438],[4.14917622]
[4.25734914],[1.46617234],[4.11318295]
[3.83827192],[1.46318391],[3.72771965]
[3.07423322],[1.4599001],[2.74139979]
[0.70073148],[0.22523432],[0.07780315]
[2.36613059],[0.63380653],[1.22000079]
[2.98854852],[0.74280899],[1.68872316]
[3.10866722],[0.82637643],[1.96127351]
[3.24673641],[0.88794863],[2.17982256]
[3.44326538],[0.91724409],[2.36689385]
[3.62009253],[0.94280703],[2.56724069]
[3.96137974],[0.96684024],[2.76591502]
[3.92015495],[0.99038633],[2.8669255]
[4.02539182],[1.00238845],[3.01092941]
[3.99977836],[1.01633382],[3.07100459]
[4.13442343],[1.04111894],[3.29854707]
[4.12599435],[1.08727426],[3.39360308]
[4.27986767],[1.11145097],[3.57886947]
[4.27514129],[1.15194465],[3.66965828]
[4.41155575],[1.17468183],[3.85663127]
[4.43422108],[1.21283284],[3.95026329]
[4.55767244],[1.23754682],[4.13397336]
[4.63492467],[1.26330297],[4.23452757]
[4.71245318],[1.27774948],[4.3435896]
[4.77874814],[1.29144107],[4.402313]
[4.83822101],[1.30637353],[4.51389669]
[4.84214206],[1.32103498],[4.54220468]
[4.87139083],[1.34094909],[4.60380807]
[4.86256041],[1.34542513],[4.63633719]
[4.88412214],[1.38038687],[4.71947026]
[4.86532012],[1.38315715],[4.74338821]
[4.88390175],[1.41771578],[4.82073551]
[4.86590798],[1.41757686],[4.84953979]
[4.88415954],[1.45493939],[4.92290833]
[4.89094104],[1.45397923],[4.99054883]
[4.88568666],[1.48750525],[5.03826152]
[4.92109194],[1.49476548],[5.11053887]
[4.88825495],[1.49878542],[5.09968765]
[4.91707063],[1.49860096],[5.13694156]
[4.89603168],[1.49756372],[5.1238094]
[4.88061586],[1.49928663],[5.12460837]
[4.88064431],[1.49695824],[5.13033986]
[4.88206972],[1.49156923],[5.12923242]
[4.88732244],[1.48717609],[5.12336127]
[4.87038932],[1.49029172],[5.10242895]
[4.86635614],[1.49689932],[5.0998492]
[4.86727179],[1.50687289],[5.1052089]
[4.84891058],[1.51659714],[5.0795973]
[4.81901449],[1.52318723],[5.03615084]
[4.77639964],[1.5276991],[4.9846616]
[4.72967021],[1.5287207],[4.91688692]
[4.63252765],[1.52821288],[4.80764335]
[4.54592094],[1.52715789],[4.74426357]
[4.47946381],[1.5259033],[4.68777991]
[4.40925817],[1.52427834],[4.62179275]
[4.35616228],[1.52526253],[4.63523365]
[4.30492109],[1.52434451],[4.62910577]
[3.88958293],[1.52127128],[4.15005136]
[3.12705856],[1.51776399],[3.08007657]
[0.92393675],[0.31025779],[0.16437626]
[2.36380801],[0.69109698],[1.34449941]
[3.02029608],[0.7893071],[1.79996446]
[3.14328446],[0.86586482],[2.08609891]
[3.28870506],[0.91476364],[2.30540415]
[3.50796536],[0.9438754],[2.51969933]
[3.68568205],[0.96531306],[2.72700838]
[3.99603673],[0.99453327],[2.95104544]
[3.98009379],[1.01945312],[3.05627113]
[4.10859076],[1.0309241],[3.29007504]
[4.10534963],[1.05855962],[3.41945392]
[4.26011217],[1.15794735],[3.68537212]
[4.26572745],[1.19678972],[3.79175558]
[4.40213071],[1.21813641],[4.01211286]
[4.42079687],[1.25442831],[4.12148514]
[4.54679662],[1.27392682],[4.30505167]
[4.61321669],[1.30721199],[4.42216909]
[4.70822165],[1.32478238],[4.56464789]
[4.79963431],[1.35519945],[4.67593852]
[4.86699208],[1.37304043],[4.79309007]
[4.88235126],[1.38412575],[4.85217705]
[4.9232491],[1.40551309],[4.94341599]
[4.92539664],[1.41890894],[4.98866942]
[4.9489328],[1.44123925],[5.06518725]
[4.93792791],[1.45337302],[5.11326528]
[4.96922045],[1.47523849],[5.20469029]
[4.94299978],[1.48505754],[5.23913148]
[4.96640577],[1.50842513],[5.3237848]
[4.9450699],[1.51397879],[5.36581215]
[4.96865478],[1.54065023],[5.44533088]
[4.98735083],[1.53897376],[5.55087582]
[4.97263287],[1.57067079],[5.58171941]
[5.00554576],[1.57098898],[5.67382823]
[4.97681677],[1.57300343],[5.65822433]
[5.00086674],[1.57258005],[5.71231838]
[4.98419627],[1.57115435],[5.7094493]
[4.96683868],[1.57252633],[5.7143085]
[4.96738458],[1.57470635],[5.72915237]
[4.96662049],[1.57873683],[5.73630574]
[4.96762226],[1.58215304],[5.73304282]
[4.94555562],[1.58570517],[5.70396627]
[4.93537579],[1.58818845],[5.69163559]
[4.91511174],[1.59060227],[5.66911757]
[4.86225608],[1.59126904],[5.60764645]
[4.81048182],[1.59362773],[5.54170847]
[4.76242709],[1.59588556],[5.46553363]
[4.6819678],[1.59511076],[5.37802855]
[4.59173086],[1.59288497],[5.29313612]
[4.54184632],[1.59024944],[5.22493962]
[4.49615549],[1.58719799],[5.17812641]
[4.43280368],[1.58346388],[5.13517829]
[4.3733736],[1.57696483],[5.09322904]
[4.3143118],[1.56936193],[5.04173803]
[3.95511782],[1.56197266],[4.50207197]
[3.19222137],[1.55245818],[3.37691881]
[1.09852749],[0.41185432],[0.29824963]
[2.38867765],[0.74084841],[1.47391677]
[3.05356295],[0.83349039],[1.9554781]
[3.16839265],[0.90257378],[2.22611505]
[3.31156135],[0.95160315],[2.4513058]
[3.54079877],[0.97733311],[2.68297613]
[3.72297252],[1.00424986],[2.90138369]
[4.03547392],[1.03049976],[3.15483527]
[4.03488683],[1.05499554],[3.30335988]
[4.18418317],[1.19160521],[3.67776247]
[4.19784951],[1.22726527],[3.83817593]
[4.35729829],[1.26555001],[4.10095843]
[4.37121133],[1.29529676],[4.21956764]
[4.50948293],[1.31788932],[4.43444524]
[4.57172546],[1.33997514],[4.57660528]
[4.68477872],[1.3643146],[4.76371596]
[4.77822163],[1.38935172],[4.88590947]
[4.88582542],[1.41165068],[5.06791698]
[4.94439443],[1.43019948],[5.19003071]
[4.99210532],[1.44017871],[5.29443645]
[4.99439655],[1.45249014],[5.3741827]
[5.05108416],[1.4632884],[5.47216484]
[5.03741316],[1.48019588],[5.53284696]
[5.08637516],[1.50018046],[5.60021136]
[5.06042246],[1.51471529],[5.66254127]
[5.11398865],[1.53421954],[5.74986346]
[5.06883306],[1.54845392],[5.80195131]
[5.11590725],[1.56866682],[5.8828109]
[5.07166883],[1.57513022],[5.94163377]
[5.11400793],[1.6030492],[6.01825966]
[5.1126493],[1.59993528],[6.15847011]
[5.11931037],[1.6314668],[6.16542923]
[5.1347992],[1.63417729],[6.26864812]
[5.12576898],[1.6369814],[6.26580565]
[5.13271258],[1.63747458],[6.33271677]
[5.13933428],[1.63633617],[6.36197633]
[5.10848981],[1.63743303],[6.37113221]
[5.10622108],[1.63976206],[6.38485712]
[5.10296579],[1.64395209],[6.39283247]
[5.09865469],[1.64740366],[6.38826165]
[5.06968845],[1.64983839],[6.35219354]
[5.04277903],[1.65223071],[6.31725252]
[5.01833913],[1.65507836],[6.28731581]
[4.95115669],[1.65798956],[6.21033141]
[4.88992822],[1.65987921],[6.13815193]
[4.82238782],[1.66066985],[6.06976548]
[4.73322731],[1.65784328],[6.01315841]
[4.65388059],[1.65471131],[5.95073227]
[4.59255906],[1.65152649],[5.89268109]
[4.54116923],[1.6480826],[5.83459807]
[4.47984652],[1.64263077],[5.75885269]
[4.42111929],[1.63572621],[5.69236112]
[4.34838551],[1.62779276],[5.61252358]
[3.97540053],[1.61697213],[4.98437712]
[3.18419283],[1.60121012],[3.78392837]
[1.31892596],[0.53103154],[0.47698402]
[2.41532474],[0.7916813],[1.61818127]
[3.09107319],[0.87405291],[2.10416047]
[3.19477568],[0.93635566],[2.34880373]
[3.3512587],[0.98187781],[2.59876879]
[3.58718576],[1.01007884],[2.84550249]
[3.77227092],[1.03406323],[3.07456007]
[4.07973247],[1.07171836],[3.38047781]
[4.06575108],[1.12833064],[3.58848127]
[4.237678],[1.26021501],[3.97031553]
[4.24883307],[1.28091147],[4.14622382]
[4.4135819],[1.31973929],[4.40404486]
[4.44685068],[1.3370648],[4.53810789]
[4.58529765],[1.36549362],[4.76499384]
[4.67289849],[1.39392812],[4.91791418]
[4.77954712],[1.41093805],[5.09410803]
[4.91056655],[1.43231992],[5.28665373]
[5.04558414],[1.4525299],[5.46461253]
[5.07896053],[1.47102735],[5.58642564]
[5.18697188],[1.48288835],[5.71412043]
[5.17331533],[1.49672663],[5.81328953]
[5.26574538],[1.51742144],[5.93482818]
[5.24733955],[1.53633249],[6.00788779]
[5.34454521],[1.56040093],[6.10177633]
[5.29639501],[1.57364314],[6.15970988]
[5.38413792],[1.59614085],[6.28198083]
[5.30740099],[1.60528246],[6.3218082]
[5.39126667],[1.63050615],[6.43420961]
[5.31692806],[1.62568693],[6.48072863]
[5.39309121],[1.65979542],[6.58873411]
[5.36258749],[1.64570254],[6.73037988]
[5.40763153],[1.68183964],[6.76347533]
[5.38201258],[1.68159482],[6.8381389]
[5.42289764],[1.68444188],[6.87953484]
[5.39111529],[1.68552413],[6.91883594]
[5.43642185],[1.68455674],[6.98248901]
[5.39138368],[1.68673815],[6.98014464]
[5.39019622],[1.68581735],[6.99845354]
[5.38848367],[1.68652161],[7.01016047]
[5.36444913],[1.68894699],[6.99424701]
[5.32867633],[1.69172538],[6.95343921]
[5.29146622],[1.69443834],[6.91782831]
[5.255303],[1.69725309],[6.88765978]
[5.18205741],[1.70098664],[6.80910787]
[5.11009533],[1.70266234],[6.73772132]
[5.03612511],[1.70384741],[6.67066189]
[4.95015469],[1.70438992],[6.60263899]
[4.88014357],[1.70375249],[6.51536138]
[4.86491403],[1.6990214],[6.44647244]
[4.84988618],[1.69332262],[6.38041138]
[4.81482017],[1.68538298],[6.28891919]
[4.79808741],[1.67732124],[6.20879097]
[4.78078051],[1.66564538],[6.12558797]
[3.99617993],[1.65070578],[5.37091391]
[3.20676149],[1.63512208],[4.12373276]
[1.52151047],[0.62075749],[0.68413316]
[2.44539679],[0.83441263],[1.74498838]
[3.12407477],[0.90643042],[2.2267765]
[3.22219154],[0.96761928],[2.46760875]
[3.41350926],[1.01631862],[2.74445319]
[3.63618924],[1.03605135],[2.98863521]
[3.82504667],[1.07384858],[3.25049782]
[4.1193435],[1.15039813],[3.64452006]
[4.10339765],[1.20893667],[3.8644406]
[4.3107467],[1.29870647],[4.24294846]
[4.31611406],[1.31645677],[4.43482796]
[4.50233035],[1.36175726],[4.71832295]
[4.57997958],[1.38393126],[4.88985834]
[4.71831242],[1.40838314],[5.1282641]
[4.83659306],[1.43021591],[5.3114213]
[4.97869087],[1.44801786],[5.51267637]
[5.09933055],[1.47054053],[5.70261711]
[5.24137386],[1.49330754],[5.86835732]
[5.26857753],[1.5151197],[6.01107598]
[5.38481073],[1.53329723],[6.16839698]
[5.35051406],[1.55236105],[6.27399295]
[5.46342161],[1.56855157],[6.42423126]
[5.41591182],[1.58381883],[6.48938836]
[5.5309103],[1.600079],[6.60438179]
[5.46246098],[1.61087543],[6.66456119]
[5.56690174],[1.63433735],[6.79626186]
[5.47593641],[1.63539178],[6.82374068]
[5.57807497],[1.66755624],[6.95163335]
[5.48279299],[1.65731594],[6.97112011]
[5.57574379],[1.69013092],[7.10439605]
[5.52702264],[1.67702592],[7.17958761]
[5.59482706],[1.70655522],[7.27597474]
[5.5554666],[1.70541573],[7.33037615]
[5.6117825],[1.71078044],[7.41438596]
[5.57448009],[1.71207695],[7.4398013]
[5.63263724],[1.71734991],[7.52251895]
[5.59270699],[1.72205628],[7.5031227]
[5.59558896],[1.72517929],[7.52019941]
[5.59364526],[1.72855018],[7.52132877]
[5.57390202],[1.73169242],[7.49829408]
[5.53937982],[1.73407906],[7.44797183]
[5.50373889],[1.73587577],[7.40755978]
[5.47028343],[1.73720527],[7.37378784]
[5.42136992],[1.73901789],[7.30781917]
[5.36255609],[1.73943618],[7.24424973]
[5.29096757],[1.73883611],[7.17642658]
[5.20095382],[1.73746788],[7.09611671]
[5.10041528],[1.73526863],[6.98504234]
[5.08864998],[1.73459139],[6.89953443]
[5.08946808],[1.73369255],[6.85060031]
[5.07715271],[1.72703483],[6.75543674]
[5.05840921],[1.71916427],[6.67085179]
[4.97203636],[1.70766019],[6.5650625]
[4.1980998],[1.69182999],[5.67501455]
[3.41714014],[1.67579084],[4.39259726]
[1.50320207],[0.69171975],[0.73057734]
[2.45942316],[0.86584282],[1.82609621]
[3.15837111],[0.93408587],[2.32834461]
[3.26113731],[0.98942625],[2.58118796]
[3.48868423],[1.03597065],[2.88159991]
[3.73933837],[1.06980241],[3.17795833]
[3.92525869],[1.15325025],[3.51954639]
[4.19370376],[1.2291699],[3.95010143]
[4.19289734],[1.28147857],[4.18743049]
[4.40310754],[1.33609421],[4.56507817]
[4.44227698],[1.36799556],[4.77887296]
[4.62588366],[1.40415439],[5.07531946]
[4.73037157],[1.43050368],[5.2624964]
[4.86291153],[1.44796958],[5.48078419]
[5.00298484],[1.47106681],[5.69548666]
[5.16967964],[1.49442506],[5.92801682]
[5.24874558],[1.52254086],[6.10948519]
[5.44656765],[1.54718395],[6.32569312]
[5.42478709],[1.56548071],[6.46421539]
[5.54927204],[1.58015651],[6.63172932]
[5.4921702],[1.5973518],[6.71520223]
[5.61819011],[1.61275877],[6.88165921]
[5.56603897],[1.62818072],[6.93296411]
[5.67451717],[1.6496096],[7.07154026]
[5.60580407],[1.65290239],[7.09856193]
[5.69812707],[1.67439009],[7.23446321]
[5.60434697],[1.67919049],[7.23012273]
[5.69525782],[1.69808506],[7.37418651]
[5.60934008],[1.70123598],[7.3736331]
[5.69071668],[1.73358606],[7.54188845]
[5.65971178],[1.72370734],[7.62051094]
[5.71046769],[1.76945246],[7.75729778]
[5.68008554],[1.77568767],[7.79280905]
[5.72173466],[1.78402805],[7.94728255]
[5.69302578],[1.78530351],[7.95382782]
[5.74440731],[1.78451493],[8.03924718]
[5.70748158],[1.78792648],[8.03132145]
[5.7015138],[1.78140351],[8.04865301]
[5.69785775],[1.76887591],[8.03517693]
[5.67065767],[1.76565382],[7.98162158]
[5.62843961],[1.76709146],[7.91245383]
[5.58425938],[1.76810859],[7.85865748]
[5.53083907],[1.76916669],[7.79096011]
[5.45478142],[1.77069749],[7.70207032]
[5.37641712],[1.77153833],[7.61398605]
[5.29615101],[1.76980917],[7.51179964]
[5.28469297],[1.76793644],[7.40988823]
[5.27386186],[1.76553868],[7.30053022]
[5.26600694],[1.76318675],[7.21308662]
[5.26746299],[1.75889087],[7.14722876]
[5.26346615],[1.75332231],[7.04782748]
[5.24744288],[1.74042548],[6.94247509]
[5.11592231],[1.72466353],[6.81800083]
[4.345066],[1.70922148],[5.88815577]
[3.57602726],[1.69247104],[4.56904109]
[1.53790201],[0.73004937],[0.83178292]
[2.47952594],[0.88954132],[1.91239484]
[3.20103745],[0.95516869],[2.44042166]
[3.29373589],[1.01601714],[2.69277679]
[3.56368783],[1.09591909],[3.07551464]
[3.86312853],[1.1691465],[3.51851028]
[3.99644516],[1.24982371],[3.8951853]
[4.28110408],[1.32070935],[4.36414283]
[4.32103831],[1.36723215],[4.60407362]
[4.50988536],[1.40143007],[4.96576115]
[4.61879258],[1.44290673],[5.2103703]
[4.78074493],[1.46912633],[5.50310124]
[4.92087973],[1.48816761],[5.72001059]
[5.07010388],[1.50642196],[5.95728582]
[5.18730248],[1.53382452],[6.20152591]
[5.36018883],[1.55550782],[6.42019257]
[5.42587515],[1.5745319],[6.60063622]
[5.63649765],[1.59267296],[6.84366469]
[5.5744754],[1.61021164],[6.94649732]
[5.68308684],[1.62511311],[7.11947644]
[5.61661974],[1.64235703],[7.19330728]
[5.72543149],[1.6583012],[7.37351303]
[5.67008593],[1.67255366],[7.40172991]
[5.76937557],[1.68872618],[7.5288454]
[5.71997493],[1.69650219],[7.55099271]
[5.80789023],[1.72812298],[7.73244616]
[5.73116753],[1.72527591],[7.7220745]
[5.81161352],[1.7700621],[7.94335827]
[5.74160949],[1.76144356],[7.91118694]
[5.81347939],[1.81783301],[8.16242621]
[5.79203206],[1.81309193],[8.19323035]
[5.83840332],[1.8627387],[8.41877311]
[5.8187622],[1.87054077],[8.44810614]
[5.85179012],[1.87981176],[8.58665815]
[5.83042779],[1.88057659],[8.59396018]
[5.87355145],[1.87926078],[8.65927373]
[5.8475566],[1.88125501],[8.64775933]
[5.84303666],[1.87350407],[8.65703387]
[5.83418247],[1.86334526],[8.63994142]
[5.81114734],[1.85382385],[8.59711938]
[5.76931555],[1.84194294],[8.53336268]
[5.71834337],[1.8293656],[8.4744183]
[5.66941441],[1.81474127],[8.40662632]
[5.59999516],[1.80293794],[8.31751927]
[5.53297383],[1.80083862],[8.22505172]
[5.46809305],[1.79780806],[8.11412995]
[5.45444437],[1.79491422],[7.98275023]
[5.44418144],[1.79187323],[7.82811899]
[5.44094239],[1.78857263],[7.70543806]
[5.43794863],[1.78407015],[7.58625402]
[5.43920214],[1.77372124],[7.45948522]
[5.43236623],[1.76133313],[7.34425056]
[5.26986477],[1.74958642],[7.18351131]
[4.50053205],[1.73413631],[6.17613266]
[3.73309535],[1.71794569],[4.81638924]
[1.60712262],[0.76664688],[0.99545114]
[2.50171235],[0.90975276],[1.99810798]
[3.24933073],[0.97489825],[2.54270178]
[3.37846417],[1.03697824],[2.84111794]
[3.69045328],[1.18183474],[3.38535701]
[3.97395099],[1.25029586],[3.86522959]
[4.08711098],[1.3259868],[4.26782566]
[4.40738056],[1.38815712],[4.69907795]
[4.52029704],[1.42461908],[4.96147315]
[4.68423531],[1.45663614],[5.31549162]
[4.83058747],[1.49148176],[5.60973239]
[4.97381052],[1.51416784],[5.91144873]
[5.10016525],[1.53953418],[6.16549497]
[5.25517037],[1.56075112],[6.40123705]
[5.33463473],[1.58403515],[6.62400794]
[5.51908568],[1.5995922],[6.84449644]
[5.57825856],[1.61793264],[7.03858207]
[5.71897742],[1.63610054],[7.25550811]
[5.67535139],[1.6536279],[7.3586754]
[5.77757626],[1.66945541],[7.54444779]
[5.73518177],[1.68757359],[7.62688388]
[5.83457874],[1.70418163],[7.81661141]
[5.80153902],[1.74044129],[7.90749828]
[5.89200909],[1.77596335],[8.12360718]
[5.85593769],[1.78189401],[8.14738956]
[5.93258671],[1.8305965],[8.38768799]
[5.87692194],[1.83026174],[8.37041453]
[5.94759241],[1.8800209],[8.62560824]
[5.89306724],[1.87408879],[8.60178772]
[5.95819497],[1.92434619],[8.84465953]
[5.93219214],[1.92009805],[8.84488703]
[5.98141932],[1.96262274],[9.05798669]
[5.97331905],[1.97121177],[9.08704713]
[6.00079665],[1.98042736],[9.20051404]
[5.99853193],[1.98054851],[9.20780672]
[6.02773853],[1.97883579],[9.24448027]
[6.01847136],[1.97801801],[9.22520983]
[6.01060051],[1.97044879],[9.21253341]
[5.99596603],[1.96049847],[9.17788076]
[5.9781809],[1.9518029],[9.13295583]
[5.93469903],[1.94147716],[9.06597561]
[5.88689804],[1.93018682],[9.00694535]
[5.84043184],[1.91645343],[8.94016194]
[5.77708932],[1.90568348],[8.86258737]
[5.70477479],[1.89359868],[8.77492299]
[5.63642707],[1.87896853],[8.68301724]
[5.54148212],[1.85906306],[8.56997024]
[5.53179691],[1.83840571],[8.41980576]
[5.52422756],[1.81686898],[8.27808007]
[5.52041765],[1.80937531],[8.15067464]
[5.51996283],[1.79894441],[8.00087424]
[5.51631473],[1.78523915],[7.84577347]
[5.3412804],[1.76896869],[7.60999714]
[4.57146803],[1.75766245],[6.49086884]
[3.80608361],[1.74456242],[5.08686955]
[1.57986419],[0.79134464],[0.99283181]
[2.51831721],[0.92982196],[2.07343797]
[3.28608489],[0.99634915],[2.63327737]
[3.50432232],[1.12320345],[3.18395806]
[3.81388056],[1.25368998],[3.71009697]
[4.05012963],[1.31782721],[4.21804188]
[4.24449004],[1.38428214],[4.58694417]
[4.52053622],[1.44079582],[4.98681966]
[4.66966637],[1.4750128],[5.28817477]
[4.80177087],[1.50584584],[5.6538855]
[4.94212241],[1.54344451],[5.99337971]
[5.08243833],[1.56539308],[6.2762687]
[5.18627119],[1.58599844],[6.52618162]
[5.35225531],[1.60276192],[6.75932175]
[5.41088992],[1.62058408],[6.96759796]
[5.61673744],[1.63469556],[7.21193269]
[5.6253214],[1.65186886],[7.36515012]
[5.76651811],[1.66891174],[7.57300669]
[5.74527962],[1.68952834],[7.68591858]
[5.84270805],[1.7078719],[7.89942013]
[5.81359668],[1.7409364],[8.01895159]
[5.9045743],[1.78921361],[8.27048992]
[5.88466171],[1.82763601],[8.37138131]
[5.96017607],[1.87367744],[8.61368347]
[5.94315983],[1.87240414],[8.65926979]
[6.00637365],[1.91711089],[8.86856115]
[5.9673551],[1.9180509],[8.87757712]
[6.01836958],[1.9612656],[9.10048165]
[5.98626543],[1.95773767],[9.08078343]
[6.02800029],[2.00098834],[9.2941019]
[6.04107759],[1.99860947],[9.32583574]
[6.0625246],[2.0351658],[9.49447189]
[6.07166573],[2.04336139],[9.54030752]
[6.0853168],[2.0518435],[9.62664338]
[6.10075125],[2.05168977],[9.64015428]
[6.12461525],[2.04991066],[9.67850908]
[6.12597982],[2.04746365],[9.65621859]
[6.11397282],[2.04100342],[9.64061992]
[6.09736633],[2.03127257],[9.59320137]
[6.07467848],[2.02363442],[9.53915335]
[6.02898449],[2.0137536],[9.46565579]
[5.96810796],[2.00374989],[9.39084321]
[5.90152713],[1.99024198],[9.30516493]
[5.81630282],[1.97887585],[9.20904202]
[5.7357249],[1.96628589],[9.11151062]
[5.6596123],[1.95051488],[9.00497036]
[5.64329698],[1.93159918],[8.8788698]
[5.63318188],[1.9099709],[8.74816337]
[5.62102787],[1.88758823],[8.61923432]
[5.60911868],[1.86083728],[8.46681359]
[5.60880696],[1.83698807],[8.30603931]
[5.60500247],[1.81281932],[8.14899718]
[5.41240067],[1.7793622],[7.90220468]
[4.63668134],[1.75812992],[6.75924472]
[3.87005605],[1.74570945],[5.19061322]
[1.61844656],[0.80634941],[1.08446118]
[2.53216788],[0.94945098],[2.14233542]
[3.30956994],[1.02226578],[2.72070843]
[3.61605907],[1.22329406],[3.53090651]
[3.89237231],[1.33067682],[4.13194439]
[4.1377476],[1.38423392],[4.56570877]
[4.36579028],[1.44639482],[4.9413944]
[4.62436963],[1.49583269],[5.36424187]
[4.80041364],[1.52729561],[5.72134385]
[4.91724789],[1.55840659],[6.04470902]
[5.04757874],[1.59038521],[6.40080381]
[5.19965396],[1.606219],[6.67221665]
[5.2932058],[1.62233564],[6.93067679]
[5.461703],[1.63633437],[7.1478248]
[5.51852059],[1.65403159],[7.36273306]
[5.68820491],[1.66790616],[7.57720874]
[5.71955468],[1.68734173],[7.73260264]
[5.86483336],[1.7055313],[7.95036142]
[5.85756526],[1.72615727],[8.06737346]
[5.94127197],[1.76278583],[8.29355796]
[5.9280664],[1.82021555],[8.46266673]
[6.00594805],[1.87065143],[8.72814846]
[6.00235421],[1.90469823],[8.86932407]
[6.06458412],[1.94394655],[9.1064843]
[6.0631058],[1.94394673],[9.18803742]
[6.11109472],[1.98088089],[9.37600543]
[6.08584479],[1.98302648],[9.39348803]
[6.12252005],[2.01916311],[9.57125547]
[6.11225739],[2.01597086],[9.57882868]
[6.13974766],[2.05334866],[9.74638916]
[6.16892062],[2.05044819],[9.79947291]
[6.17476999],[2.0828543],[9.92216475]
[6.1951357],[2.08995188],[9.96758397]
[6.19474738],[2.0967372],[10.03296263]
[6.222319],[2.09687203],[10.04939447]
[6.23221222],[2.0940373],[10.07962199]
[6.24419675],[2.08959823],[10.05983305]
[6.22381008],[2.08267975],[10.03398987]
[6.20522019],[2.07227225],[9.98743864]
[6.18275936],[2.06446578],[9.93169161]
[6.14444986],[2.05537613],[9.85771619]
[6.07898921],[2.04539169],[9.77487892]
[6.00606607],[2.0336992],[9.68225236]
[5.9170911],[2.02355313],[9.57865863]
[5.83381065],[2.01213892],[9.47323152]
[5.7720887],[1.99755476],[9.35495042]
[5.75437416],[1.98159693],[9.22877928]
[5.74132743],[1.96147428],[9.09829376]
[5.72652769],[1.94084815],[8.96056861]
[5.70826398],[1.91511541],[8.78373197]
[5.70696363],[1.89205831],[8.60906718]
[5.70419501],[1.86806353],[8.45793853]
[5.51325544],[1.83447115],[8.21083705]
[4.72331347],[1.80155385],[7.02963521]
[3.94620878],[1.7640275],[5.44112791]
[1.66534994],[0.83207237],[1.19513447]
[2.54429477],[0.96865725],[2.20734957]
[3.33636618],[1.10058156],[2.96323682]
[3.71296675],[1.28899818],[3.87071923]
[3.97235975],[1.37669611],[4.40790321]
[4.25681099],[1.42808419],[4.87216825]
[4.49396002],[1.48580397],[5.27666802]
[4.73444505],[1.52994431],[5.68918221]
[4.91318114],[1.56115129],[6.0771649]
[5.03651333],[1.59443225],[6.383254]
[5.15322915],[1.62065803],[6.74700577]
[5.3155249],[1.63587024],[7.02871275]
[5.38858544],[1.65240361],[7.27382078]
[5.5969497],[1.66596507],[7.51588091]
[5.61975788],[1.68326697],[7.69702586]
[5.7592972],[1.69815284],[7.90455098]
[5.81220731],[1.71541344],[8.04217761]
[5.9488945],[1.74991295],[8.29604714]
[5.95668077],[1.80345733],[8.48240721]
[6.03327337],[1.84604642],[8.74719916]
[6.03680464],[1.8989791],[8.96260248]
[6.1032478],[1.94333646],[9.22577192]
[6.11208668],[1.96080173],[9.38089771]
[6.16622719],[1.99600143],[9.57248756]
[6.18673995],[1.99579202],[9.66395169]
[6.22326992],[2.02988502],[9.80754023]
[6.21847864],[2.03211636],[9.84480494]
[6.24045173],[2.06538363],[9.97196839]
[6.25374217],[2.06296594],[10.0036487]
[6.26600612],[2.09675527],[10.12920869]
[6.31041783],[2.09508289],[10.19497506]
[6.30574989],[2.12374679],[10.29071694]
[6.36357781],[2.130063],[10.33973677]
[6.35568998],[2.13568209],[10.39113659]
[6.42192982],[2.13582349],[10.41245647]
[6.42532536],[2.13168915],[10.43122301]
[6.44614695],[2.1265553],[10.4157337]
[6.4169924],[2.11935007],[10.37597681]
[6.39457776],[2.10833607],[10.33111166]
[6.3677869],[2.10025662],[10.27361397]
[6.32961503],[2.09101459],[10.19738455]
[6.2375923],[2.08175476],[10.11112104]
[6.14328887],[2.07031666],[10.01374522]
[6.05019787],[2.06094959],[9.90758723]
[5.96401329],[2.04982802],[9.80061753]
[5.88035462],[2.03636862],[9.68229928]
[5.84761491],[2.02297216],[9.55137992]
[5.83167926],[2.00453273],[9.41341421]
[5.81495635],[1.9853944],[9.27493854]
[5.79377087],[1.96140306],[9.09791223]
[5.78123727],[1.93868755],[8.906452]
[5.77462828],[1.91626358],[8.72957448]
[5.59298375],[1.88530563],[8.48078309]
[4.79605536],[1.85478417],[7.2951354]
[4.00770907],[1.82428501],[5.69127279]
[1.69562996],[0.84391644],[1.26088893]
[2.55355577],[0.97968541],[2.25385365]
[3.34838292],[1.15050011],[3.24741817]
[3.78641264],[1.32598517],[4.12388066]
[4.05113244],[1.40907596],[4.60704287]
[4.35578637],[1.45759623],[5.10865552]
[4.60527222],[1.51499785],[5.53690615]
[4.83804627],[1.55691012],[5.9519288]
[5.0138574],[1.59036343],[6.34465601]
[5.15036471],[1.61664818],[6.64525894]
[5.25906666],[1.63980988],[7.01942309]
[5.42336483],[1.65423263],[7.30179864]
[5.50064932],[1.6705092],[7.53754035]
[5.66786778],[1.6838363],[7.77212017]
[5.69388197],[1.70090459],[7.92088956]
[5.84506349],[1.71692302],[8.13165638]
[5.91153142],[1.74531175],[8.31936292]
[6.04517535],[1.78408849],[8.59309193]
[6.06386683],[1.84938759],[8.79541078]
[6.12474023],[1.89135545],[9.04549302]
[6.14493422],[1.93480077],[9.29351397]
[6.19982771],[1.98051869],[9.53939023]
[6.23388182],[1.99220663],[9.70285028]
[6.27640901],[2.0255527],[9.86769615]
[6.32833865],[2.026963],[9.97634984]
[6.34287303],[2.05947183],[10.09718722]
[6.38392408],[2.06321412],[10.16012135]
[6.41742657],[2.0943036],[10.26590315]
[6.45028252],[2.0931916],[10.32065963]
[6.49080847],[2.12511801],[10.42918923]
[6.52597021],[2.12459412],[10.50732654]
[6.56677915],[2.15125903],[10.60098441]
[6.6030997],[2.15898915],[10.67501623]
[6.62375842],[2.16372213],[10.72650396]
[6.6551614],[2.16370363],[10.77386495]
[6.6879907],[2.15787531],[10.79610083]
[6.67589346],[2.15250108],[10.788693]
[6.66605694],[2.14456626],[10.73065842]
[6.61898478],[2.13367849],[10.65692469]
[6.58820042],[2.12553717],[10.58913195]
[6.54899012],[2.11627735],[10.49845766]
[6.47537208],[2.10698941],[10.40035755]
[6.36677832],[2.09595992],[10.29434271]
[6.2373516],[2.08784009],[10.18638268]
[6.10050962],[2.0786478],[10.07613881]
[6.00731169],[2.06568245],[9.95725654]
[5.95333969],[2.05358431],[9.82564189]
[5.93464866],[2.03538764],[9.68064523]
[5.91601688],[2.01666542],[9.53735705]
[5.89284966],[1.99465621],[9.36459515]
[5.87826938],[1.97204487],[9.17913995]
[5.86298369],[1.94873754],[8.98218504]
[5.68163108],[1.91802737],[8.71123224]
[4.88434531],[1.88845996],[7.50605044]
[4.08459311],[1.85966456],[5.91187303]
[1.65621565],[0.84921954],[1.21915292]
[2.55802929],[0.98910093],[2.28727985]
[3.34314633],[1.1895461],[3.37643162]
[3.86279956],[1.35332771],[4.26751221]
[4.10407414],[1.43320921],[4.78702734]
[4.42671954],[1.48068966],[5.29929386]
[4.69547115],[1.54007897],[5.75382764]
[4.93060752],[1.58189686],[6.16985285]
[5.10010084],[1.61256142],[6.56783348]
[5.25179271],[1.63483784],[6.88723026]
[5.32699132],[1.65802635],[7.23652914]
[5.53104686],[1.67294844],[7.54259112]
[5.55827376],[1.68924649],[7.74006857]
[5.70597107],[1.70250189],[7.95909061]
[5.74035789],[1.72063787],[8.09253826]
[5.88929887],[1.73867407],[8.32213119]
[5.96390612],[1.77822409],[8.53031997]
[6.09339886],[1.82899926],[8.80907577]
[6.11327322],[1.88745489],[9.034639]
[6.16832992],[1.93269226],[9.30229602]
[6.20899494],[1.96575181],[9.56114369]
[6.26102991],[2.01268351],[9.79623144]
[6.32307756],[2.01932002],[9.97111341]
[6.40170243],[2.05427329],[10.10697068]
[6.49564503],[2.05586059],[10.23996343]
[6.57452682],[2.09263427],[10.3641516]
[6.56844825],[2.10001598],[10.45898983]
[6.63399044],[2.13492895],[10.58949131]
[6.63002105],[2.13766559],[10.68386524]
[6.69564516],[2.17333345],[10.84032763]
[6.70195835],[2.17519185],[10.9452583]
[6.76375776],[2.2066064],[11.1090768]
[6.7751247],[2.21416922],[11.21826176]
[6.82032367],[2.2196237],[11.30801156]
[6.82053498],[2.21605489],[11.37580007]
[6.87999452],[2.2008875],[11.42292029]
[6.83351433],[2.19014546],[11.41762563]
[6.83912023],[2.17482649],[11.35649294]
[6.77208085],[2.15694173],[11.22330573]
[6.71996484],[2.1474312],[11.07837511]
[6.6581369],[2.13852015],[10.86369394]
[6.59219643],[2.12953758],[10.67249318]
[6.48249063],[2.11878682],[10.52597729]
[6.3336237],[2.11081227],[10.37376568]
[6.17640543],[2.10186451],[10.233134]
[6.10174362],[2.09057684],[10.11328184]
[6.07636444],[2.0799757],[9.96447824]
[6.05314279],[2.06349683],[9.79802694]
[6.03177439],[2.04559853],[9.6316241]
[6.00610381],[2.02488203],[9.45290517]
[5.98823333],[1.99738536],[9.2679031]
[5.97123144],[1.96562307],[9.06019277]
[5.78459899],[1.93347303],[8.75777157]
[4.99057444],[1.90419068],[7.40237253]
[4.17830582],[1.87387955],[5.77310063]
[1.65569135],[0.85128758],[1.22580364]
[2.56075575],[1.00485404],[2.3246659]
[3.34580145],[1.23364945],[3.49502181]
[3.95662322],[1.38577763],[4.47091497]
[4.21288382],[1.4618237],[5.03197664]
[4.51918572],[1.51079998],[5.54969466]
[4.80039181],[1.56767882],[6.01851655]
[5.02909805],[1.60658267],[6.40042789]
[5.19955861],[1.63504879],[6.83033506]
[5.34827049],[1.65766052],[7.11073368]
[5.42043031],[1.67906559],[7.46794177]
[5.59657943],[1.69366903],[7.74738001]
[5.61111735],[1.70977141],[7.93629426]
[5.76542684],[1.72453313],[8.1440662]
[5.81063164],[1.7431429],[8.31817356]
[5.95997066],[1.7713057],[8.56005214]
[6.05934803],[1.82478385],[8.81299592]
[6.18504315],[1.8757722],[9.09988592]
[6.22753576],[1.92699773],[9.37417748]
[6.26827799],[1.97000828],[9.62675646]
[6.33959469],[2.00713212],[9.91781619]
[6.43878089],[2.0697535],[10.16385967]
[6.53135563],[2.08536347],[10.3967024]
[6.64292818],[2.12126521],[10.58995069]
[6.70670579],[2.12849843],[10.83377058]
[6.83724913],[2.16334792],[11.08686067]
[6.79580445],[2.1729212],[11.22755739]
[6.8918267],[2.20463899],[11.43677393]
[6.85343443],[2.20809482],[11.55117744]
[6.96248253],[2.24193341],[11.77712182]
[6.95242125],[2.24372425],[11.9062775]
[7.07187222],[2.27324251],[12.12451087]
[7.06150966],[2.28032957],[12.22032314]
[7.14345693],[2.28727937],[12.35854429]
[7.15050884],[2.28382944],[12.37603542]
[7.22257051],[2.26725877],[12.4783955]
[7.17497717],[2.25199585],[12.42127815]
[7.21783012],[2.2309985],[12.38541269]
[7.21839317],[2.21262304],[12.22615144]
[7.18497525],[2.19646386],[12.05695207]
[7.17548725],[2.18055605],[11.88405709]
[7.10116111],[2.16467712],[11.67092048]
[6.9429253],[2.14871966],[11.38374066]
[6.76172096],[2.14029099],[11.06254596]
[6.57826096],[2.13164829],[10.77316942]
[6.43781606],[2.12121133],[10.52011432]
[6.36718037],[2.11100651],[10.29580407]
[6.29659145],[2.09539521],[10.10006507]
[6.23683682],[2.07732011],[9.91913598]
[6.17108588],[2.05831457],[9.7340068]
[6.14800443],[2.031296],[9.53720018]
[6.13090914],[1.99932198],[9.32359689]
[5.93986637],[1.96506496],[9.01481689]
[5.16508132],[1.93601289],[7.66251096]
[4.33263524],[1.9085754],[6.01216207]
[1.68149846],[0.87265569],[1.287972]
[2.56477745],[1.02543597],[2.37632308]
[3.35189879],[1.26754272],[3.5892939]
[4.07400238],[1.41150563],[4.65822589]
[4.32743527],[1.48334326],[5.24305084]
[4.61669647],[1.53084775],[5.7667738]
[4.90419139],[1.5893827],[6.24628519]
[5.14036376],[1.62944441],[6.64672882]
[5.28823539],[1.65701096],[7.04565353]
[5.47073917],[1.68022641],[7.35602076]
[5.50243883],[1.70016983],[7.68979087]
[5.65115675],[1.71513472],[7.97710561]
[5.68152986],[1.73312889],[8.16453335]
[5.83773699],[1.7476331],[8.39401667]
[5.90544706],[1.77814326],[8.63741522]
[6.05489275],[1.82951131],[8.90933333]
[6.18415644],[1.88933195],[9.22953373]
[6.30495148],[1.94176932],[9.55033494]
[6.39407851],[2.00216767],[9.89194799]
[6.48578271],[2.06028283],[10.17744291]
[6.58398042],[2.09582282],[10.56659307]
[6.71335717],[2.150709],[10.83591808]
[6.76304722],[2.16497017],[11.17162516]
[6.91077098],[2.19750506],[11.51732168]
[6.98372194],[2.20571677],[11.8725275]
[7.18835117],[2.23766548],[12.20304854]
[7.20817667],[2.24741802],[12.38120072]
[7.27979576],[2.27605324],[12.61072924]
[7.36040019],[2.27826428],[12.72395656]
[7.42731075],[2.31057718],[12.97165072]
[7.49205434],[2.30933005],[13.10044961]
[7.52638475],[2.3400467],[13.32465363]
[7.61808296],[2.3450216],[13.47296363]
[7.62205729],[2.35118132],[13.60861207]
[7.72929843],[2.34771715],[13.71176267]
[7.69919534],[2.33373719],[13.76707717]
[7.78892003],[2.31818294],[13.78072294]
[7.78291976],[2.29597631],[13.68341775]
[7.8144623],[2.27205863],[13.54319595]
[7.76463751],[2.25527515],[13.31157346]
[7.74545561],[2.2394538],[13.08060185]
[7.7329714],[2.22354793],[12.84597425]
[7.62673875],[2.20578454],[12.54792571]
[7.47386915],[2.1905186],[12.21455437]
[7.32387917],[2.17532352],[11.88760155]
[7.1664577],[2.158139],[11.54905302]
[7.02163524],[2.14582434],[11.15311279]
[6.86257757],[2.13263628],[10.75145982]
[6.68243092],[2.1149374],[10.4190104]
[6.56929203],[2.09476346],[10.16691104]
[6.50659642],[2.070575],[9.92845393]
[6.45028887],[2.04112459],[9.66211303]
[6.21649521],[2.00658735],[9.35061028]
[5.41343725],[1.97496145],[7.98472683]
[4.47680142],[1.94940364],[6.292105]
[1.69994009],[0.89166056],[1.33639467]
[2.56914562],[1.05408669],[2.42940653]
[3.35499984],[1.29921598],[3.68012247]
[4.08464353],[1.43227354],[4.82920207]
[4.44679385],[1.50241812],[5.46492295]
[4.71987839],[1.54983848],[5.97252119]
[5.00765664],[1.60976933],[6.46930438]
[5.22520779],[1.64827149],[6.84057447]
[5.38876588],[1.67528938],[7.24306924]
[5.53624957],[1.69889407],[7.55895182]
[5.56077671],[1.71666033],[7.88560878]
[5.71083315],[1.73301845],[8.17238536]
[5.75750334],[1.75041935],[8.37993426]
[5.91572719],[1.76756426],[8.64371939]
[6.011293],[1.82640627],[8.98167768]
[6.16550601],[1.89694033],[9.30922618]
[6.33706547],[1.96649473],[9.74312637]
[6.52719697],[2.03174861],[10.09124343]
[6.64432596],[2.08534176],[10.51662139]
[6.76810776],[2.14323163],[10.84365852]
[6.83222707],[2.17144344],[11.34850233]
[7.02556188],[2.21971308],[11.77588563]
[7.0961944],[2.23461552],[12.23497929]
[7.2842226],[2.26524048],[12.57671759]
[7.480435],[2.27529297],[12.97011577]
[7.59117507],[2.3055148],[13.35022131]
[7.88427375],[2.31324852],[13.64401159]
[7.89255293],[2.3426561],[13.88743229]
[8.00858852],[2.34246128],[14.06354873]
[8.01299671],[2.3761557],[14.29812391]
[8.07819074],[2.37328809],[14.4838236]
[8.0821477],[2.39804116],[14.67019274]
[8.11804722],[2.4030882],[14.85058826]
[8.14499037],[2.40839448],[14.95693846]
[8.17415216],[2.40306067],[15.09003083]
[8.20378154],[2.39098608],[15.1324907]
[8.22476575],[2.37587172],[15.15322518]
[8.27883634],[2.35774936],[15.07718555]
[8.25744117],[2.33641762],[14.93882921]
[8.25945355],[2.31449782],[14.69435085]
[8.20957714],[2.29445595],[14.41404756]
[8.19278136],[2.2778558],[14.14553027]
[8.14630147],[2.26059813],[13.85258227]
[8.04056375],[2.24548932],[13.5027955]
[7.91588207],[2.22977513],[13.10898498]
[7.78268208],[2.2121487],[12.72481322]
[7.65202207],[2.19639604],[12.31122374]
[7.50570647],[2.17800377],[11.87171165]
[7.36429287],[2.15413425],[11.43517024]
[7.21510787],[2.12819514],[10.98710053]
[7.08092133],[2.10400862],[10.56340197]
[6.95085283],[2.07341732],[10.14508374]
[6.6096395],[2.03996223],[9.68310361]
[5.7886214],[2.00883124],[8.26279336]
[4.92501783],[1.98169611],[6.56855474]
[1.64112245],[0.90840531],[1.27524637]
[2.56213067],[1.09163338],[2.46908314]
[3.34170233],[1.32568336],[3.75674273]
[4.07071641],[1.45341489],[4.98298091]
[4.47651076],[1.52321698],[5.61652189]
[4.77672138],[1.5704928],[6.14266915]
[5.0408779],[1.63336436],[6.62715106]
[5.29144427],[1.66738826],[7.00005278]
[5.42694103],[1.69523374],[7.39611015]
[5.56950321],[1.71949033],[7.73518854]
[5.63043415],[1.73599775],[8.05563879]
[5.7460564],[1.75449559],[8.35434401]
[5.89164513],[1.77824897],[8.68069538]
[5.96702282],[1.83959201],[9.02941641]
[6.08117644],[1.92398141],[9.49256414]
[6.22718121],[1.99785331],[9.84492461]
[6.46361257],[2.06010883],[10.35358342]
[6.69888437],[2.12064641],[10.71358968]
[6.84089621],[2.16217748],[11.25814224]
[7.07295453],[2.21645448],[11.73035624]
[7.13383046],[2.24095841],[12.33624693]
[7.33608622],[2.2851775],[12.78469793]
[7.76425198],[2.29953948],[13.30014748]
[7.77762668],[2.33033752],[13.6575349]
[8.11320357],[2.33515907],[14.20140244]
[8.10394099],[2.36739051],[14.5415722]
[8.34642026],[2.3794911],[14.93761626]
[8.38153275],[2.40201253],[15.16921398]
[8.48829764],[2.41617261],[15.41163172]
[8.53092304],[2.42860795],[15.65931293]
[8.54759207],[2.43971271],[15.88599782]
[8.60163743],[2.4506846],[16.12119412]
[8.57460882],[2.46231104],[16.27695906]
[8.64472459],[2.46203471],[16.43141665]
[8.63449308],[2.4543629],[16.53063034]
[8.69135248],[2.44033682],[16.64927751]
[8.68377323],[2.42404249],[16.62143821]
[8.74491366],[2.40630998],[16.61423172]
[8.73054847],[2.38651359],[16.41074913]
[8.73153527],[2.36879629],[16.19099313]
[8.69414733],[2.35025614],[15.83094691]
[8.6636337],[2.32899476],[15.4810926]
[8.63755764],[2.30916963],[15.14713218]
[8.57152325],[2.29417754],[14.78182946]
[8.44935301],[2.27898999],[14.36440331]
[8.31111372],[2.26195048],[13.87593718]
[8.17973185],[2.24708972],[13.37652512]
[8.05236444],[2.22944168],[12.85042888]
[7.9239154],[2.20416619],[12.26670628]
[7.78668899],[2.17094945],[11.7365757]
[7.66031088],[2.13722934],[11.25535395]
[7.52873047],[2.10092401],[10.68591651]
[7.19789797],[2.06166293],[10.03561901]
[6.32458852],[2.02473153],[8.5468139]
[5.45364912],[1.99293271],[6.6829369]
[1.64146956],[0.91120428],[1.28220551]
[2.56346641],[1.11466677],[2.50168053]
[3.34304659],[1.34520611],[3.82938277]
[4.07206052],[1.47091452],[5.09397213]
[4.50130976],[1.5411432],[5.75196193]
[4.79615052],[1.58773478],[6.25538358]
[5.0573666],[1.65400324],[6.75205718]
[5.31168612],[1.68543779],[7.11661475]
[5.45445687],[1.71611414],[7.56019044]
[5.59932768],[1.74691357],[7.90280323]
[5.71255419],[1.76706113],[8.29357882]
[5.8073544],[1.79063525],[8.68754662]
[6.0000031],[1.87312844],[9.18282899]
[6.02071034],[1.95246839],[9.57186482]
[6.21497332],[2.0263625],[10.09730997]
[6.30018153],[2.0924026],[10.45405559]
[6.61180854],[2.14623691],[11.02082287]
[6.93911742],[2.20010873],[11.47889826]
[7.06671683],[2.23556108],[12.16313389]
[7.25148818],[2.28556173],[12.62671005]
[7.56176394],[2.30702442],[13.22018942]
[7.71578614],[2.34613589],[13.68915007]
[8.19319804],[2.35704226],[14.34093157]
[8.18626679],[2.38641687],[14.72343275]
[8.43712677],[2.40804154],[15.2842485]
[8.48157326],[2.42908856],[15.74537766]
[8.67564705],[2.44727254],[16.19877171]
[8.76198323],[2.460365],[16.5494087]
[8.8816277],[2.47571738],[16.81045938]
[8.92552846],[2.48532927],[17.13879266]
[8.96266902],[2.49621687],[17.35378563]
[8.99149725],[2.50598145],[17.64553059]
[9.0181617],[2.51630028],[17.81398537]
[9.03861091],[2.52602719],[18.02771775]
[9.07956487],[2.54239792],[18.15699376]
[9.0853077],[2.53214233],[18.2763839]
[9.13278347],[2.50563744],[18.25682019]
[9.13368943],[2.46086507],[18.21386188]
[9.18679594],[2.44165872],[18.02320378]
[9.1304544],[2.42366624],[17.79365911]
[9.1462393],[2.40225001],[17.45753711]
[9.09277382],[2.3826395],[17.09294935]
[9.07016304],[2.36318593],[16.68444429]
[9.04705413],[2.34688643],[16.30159845]
[8.97560091],[2.33044442],[15.86387373]
[8.84692259],[2.31228998],[15.30658482]
[8.72219933],[2.29855144],[14.7882418]
[8.59619998],[2.28230496],[14.22268904]
[8.47110963],[2.25858826],[13.66824173]
[8.33778218],[2.22845186],[13.09904613]
[8.21625736],[2.19897918],[12.57106444]
[8.09872981],[2.16596646],[11.89773084]
[7.75825727],[2.13110753],[11.17141831]
[6.88701962],[2.09462946],[9.60687664]
[6.03361619],[2.05806846],[7.7163566]
[1.67147864],[0.92514439],[1.34413052]
[2.57033966],[1.12742085],[2.53102378]
[3.34977548],[1.35520099],[3.87587139]
[4.07925083],[1.47962745],[5.15232788]
[4.54841962],[1.55167478],[5.83218606]
[4.82624173],[1.59886829],[6.34189593]
[5.08550491],[1.66587788],[6.83467995]
[5.33446738],[1.70035423],[7.23653267]
[5.48016737],[1.73812894],[7.70896066]
[5.62993984],[1.77094926],[8.08273142]
[5.80585292],[1.79919863],[8.58691362]
[5.88938217],[1.87993709],[9.10563736]
[6.14546425],[1.97360408],[9.70036905]
[6.1136217],[2.04459714],[10.09460888]
[6.41253283],[2.11098838],[10.68762854]
[6.47347311],[2.17018345],[11.02101086]
[6.8177106],[2.21386712],[11.70155566]
[7.14859389],[2.26817028],[12.2425374]
[7.26335783],[2.29614516],[12.94217468]
[7.43910727],[2.3417743],[13.36577321]
[7.9282061],[2.36681338],[14.08829373]
[8.00773931],[2.3959808],[14.59407962]
[8.45606201],[2.42329016],[15.28773254]
[8.46520514],[2.44258006],[15.66977546]
[8.71202156],[2.46482143],[16.35962277]
[8.74184388],[2.4835126],[16.85108814]
[8.95335352],[2.50061523],[17.41888968]
[8.99863049],[2.51231731],[17.85820413]
[9.18348496],[2.52587451],[18.19959096]
[9.18293778],[2.55098103],[18.52608332]
[9.25521336],[2.55901401],[18.80431157]
[9.24594383],[2.58505538],[19.08011989]
[9.29957752],[2.60748181],[19.3098221]
[9.28574394],[2.64058673],[19.52744279]
[9.35239235],[2.65695915],[19.73129026]
[9.32861631],[2.65076368],[19.83413061]
[9.39641972],[2.62439596],[19.89227223]
[9.37787349],[2.58785692],[19.82157624]
[9.42953909],[2.54058728],[19.67809158]
[9.37364271],[2.48849764],[19.36268326]
[9.39229479],[2.45924538],[19.0119051]
[9.34185726],[2.44282176],[18.62001749]
[9.31266589],[2.4256814],[18.19371553]
[9.29591078],[2.40559238],[17.72741932]
[9.25821478],[2.38399963],[17.30592854]
[9.13331371],[2.36625223],[16.80615402]
[9.00793879],[2.35548411],[16.28747043]
[8.88476558],[2.34128413],[15.74250998]
[8.7760597],[2.31865977],[15.1770391]
[8.66611819],[2.29025875],[14.58329284]
[8.56409752],[2.26232191],[14.06704164]
[8.46725297],[2.23257074],[13.42140131]
[8.12725615],[2.20031302],[12.63005152]
[7.2737309],[2.1681308],[10.98007501]
[6.42288854],[2.13172961],[8.93045535]
[1.70026266],[0.93542429],[1.39728924]
[2.57698569],[1.13127159],[2.54636417]
[3.35860475],[1.36053448],[3.90456166]
[4.08602643],[1.4854476],[5.19306877]
[4.59411434],[1.55930139],[5.89130109]
[4.8554794],[1.60785578],[6.40611166]
[5.1116226],[1.68151379],[6.92422148]
[5.35856824],[1.71681803],[7.36732669]
[5.50853477],[1.75889068],[7.86890789]
[5.66122039],[1.79474026],[8.28472024]
[5.89490124],[1.87098653],[8.91327743]
[6.00914543],[1.95343673],[9.49677673]
[6.29212577],[2.03844425],[10.13296294]
[6.26231282],[2.10381148],[10.53076155]
[6.55324775],[2.16445384],[11.17494842]
[6.66582143],[2.22085402],[11.53420671]
[6.96406808],[2.25715293],[12.32621962]
[7.27369939],[2.308009],[12.87229862]
[7.53709398],[2.3357419],[13.5937916]
[7.72613801],[2.37786645],[14.05660449]
[8.23701726],[2.41525686],[14.86292995]
[8.27208574],[2.43973574],[15.30722161]
[8.70111138],[2.46217938],[16.06202428]
[8.74565886],[2.4805465],[16.54595943]
[8.99692137],[2.50145903],[17.26357682]
[8.98393403],[2.52350704],[17.83822976]
[9.24247666],[2.5399231],[18.48950885]
[9.23958997],[2.56734689],[18.91998934]
[9.49723798],[2.58854021],[19.41293289]
[9.44159812],[2.62174477],[19.74980256]
[9.546727],[2.6557346],[20.12975552]
[9.50356487],[2.68196784],[20.37599942]
[9.56001967],[2.70508555],[20.65595798]
[9.54957559],[2.7239094],[20.85833516]
[9.60186056],[2.73965972],[21.06734667]
[9.60130728],[2.74124415],[21.14528627]
[9.64777289],[2.71826665],[21.22933502]
[9.65924108],[2.69068803],[21.17802099]
[9.67757121],[2.65617572],[21.1239896]
[9.63874525],[2.61898248],[20.8543326]
[9.6295258],[2.57807826],[20.585394]
[9.60459845],[2.53578392],[20.19160233]
[9.57078792],[2.48686864],[19.79149998]
[9.57079532],[2.45577357],[19.35342498]
[9.56588281],[2.43593469],[18.90120577]
[9.49268854],[2.41521758],[18.36875855]
[9.39396177],[2.39545717],[17.83920018]
[9.2923771],[2.38102684],[17.30307866]
[9.195753],[2.36517692],[16.78447563]
[9.08415444],[2.34067282],[16.24178125]
[8.97920819],[2.31440515],[15.6606158]
[8.87986766],[2.28478968],[15.04952577]
[8.52058273],[2.25300934],[14.01662196]
[7.66995211],[2.22195314],[12.21913098]
[6.82189138],[2.18805095],[10.09911047]
[1.63900693],[0.93924584],[1.31847436]
[2.56415267],[1.13669711],[2.53829298]
[3.3440554],[1.36774032],[3.91086494]
[4.07316786],[1.49437371],[5.21403478]
[4.57258593],[1.57315329],[5.93042098]
[4.83533753],[1.6263753],[6.47285551]
[5.11505295],[1.70141906],[7.02081875]
[5.36482502],[1.74049559],[7.49641764]
[5.51400765],[1.78293867],[8.02993663]
[5.6682542],[1.82271932],[8.51817918]
[5.98739303],[1.94096988],[9.24865427]
[6.12358241],[2.02371985],[9.86382037]
[6.3802843],[2.09667288],[10.52225225]
[6.40050993],[2.15954022],[10.93296193]
[6.67358917],[2.2097087],[11.59558467]
[6.79154474],[2.26653559],[12.06936766]
[7.14309844],[2.29556365],[12.88589691]
[7.40155416],[2.34466148],[13.43092113]
[7.81933657],[2.37818886],[14.18410736]
[8.02416453],[2.41680619],[14.74592632]
[8.45798696],[2.45113524],[15.52446311]
[8.53999395],[2.47096815],[15.96851002]
[8.91282316],[2.49239898],[16.82751675]
[8.97212644],[2.50950294],[17.31814936]
[9.29125292],[2.53075741],[18.11603498]
[9.22984367],[2.57101061],[18.71176407]
[9.54444766],[2.59179269],[19.48442004]
[9.47208722],[2.63333417],[19.97369342]
[9.78134779],[2.67586209],[20.63964021]
[9.74748193],[2.72109426],[20.94173279]
[9.83045037],[2.75166045],[21.40835321]
[9.80565446],[2.78735928],[21.65034579]
[9.83070823],[2.81199412],[21.97995289]
[9.85428131],[2.83108933],[22.21234012]
[9.87360732],[2.83685325],[22.44766404]
[9.90431665],[2.81846708],[22.54453783]
[9.92608539],[2.79561917],[22.6093325]
[9.99534041],[2.771183],[22.62327728]
[10.00011712],[2.74099725],[22.59219643]
[10.00637063],[2.70786859],[22.4026218]
[9.96333202],[2.67145649],[22.1160734]
[9.98165155],[2.63432168],[21.7472597]
[9.9406609],[2.59324367],[21.33365003]
[9.9341317],[2.55298632],[20.88799218]
[9.93568799],[2.50408381],[20.42804609]
[9.91363927],[2.45325893],[19.901204]
[9.81526191],[2.42743382],[19.30735278]
[9.71287026],[2.40653636],[18.68544146]
[9.61281774],[2.38345471],[18.07262761]
[9.5018564],[2.36071763],[17.44331946]
[9.39745338],[2.33928517],[16.56110022]
[9.29399946],[2.31445237],[15.74330717]
[8.91109667],[2.28250151],[14.84573356]
[8.06111864],[2.24503678],[13.04323095]
[7.20982184],[2.2067227],[10.88232847]
[1.64523608],[0.93307291],[1.32024005]
[2.56554687],[1.14178918],[2.54739013]
[3.34605299],[1.37447092],[3.93310977]
[4.07488996],[1.50667073],[5.27752555]
[4.5834305],[1.58952142],[6.01876603]
[4.84870998],[1.64697522],[6.57434403]
[5.12785231],[1.72412379],[7.14674174]
[5.38062661],[1.76181613],[7.66193438]
[5.54082356],[1.80775851],[8.23545209]
[5.71807182],[1.89176185],[8.79993319]
[6.06172052],[2.00580539],[9.62422118]
[6.20495908],[2.08746714],[10.24647722]
[6.4730277],[2.15154385],[10.94582147]
[6.50224858],[2.21036069],[11.35274793]
[6.78260427],[2.25274268],[12.14184313]
[6.95497663],[2.30810707],[12.60599928]
[7.34628577],[2.33387041],[13.41207948]
[7.61930105],[2.37952981],[13.97286132]
[8.03450636],[2.42106412],[14.82048921]
[8.16574504],[2.45324094],[15.29891311]
[8.60303436],[2.48416581],[16.12031661]
[8.67599815],[2.50379347],[16.6414382]
[9.0401312],[2.52504824],[17.54787146]
[9.10110006],[2.56564271],[18.13013759]
[9.47549675],[2.60095992],[19.11042283]
[9.40227667],[2.67685385],[19.75631273]
[9.72163191],[2.72129803],[20.74463546]
[9.71138947],[2.76179914],[21.26498869]
[9.97048735],[2.79488286],[22.03487128]
[10.02756803],[2.83265446],[22.39009118]
[10.07587479],[2.85673954],[22.89211199]
[10.11610251],[2.88590909],[23.21503736]
[10.12316663],[2.90651547],[23.55823618]
[10.20608904],[2.9219848],[23.82624694]
[10.20619395],[2.92688346],[24.0254829]
[10.30423959],[2.89709773],[24.20882216]
[10.35210032],[2.87536465],[24.28579218]
[10.43520775],[2.85120439],[24.36975894]
[10.47622316],[2.8218174],[24.30332176]
[10.4645592],[2.79230067],[24.2032233]
[10.45128803],[2.76097822],[23.90176174]
[10.43331421],[2.72833602],[23.58787352]
[10.41782055],[2.69231606],[23.14112891]
[10.39005737],[2.6542021],[22.72231965]
[10.3853442],[2.61571878],[22.26308062]
[10.38130079],[2.57490157],[21.74573759]
[10.31075365],[2.53321885],[21.14198575]
[10.18217304],[2.48994941],[20.48609117]
[10.06324323],[2.43778622],[19.82537743]
[9.95945894],[2.39644609],[19.1697254]
[9.8592753],[2.37433684],[18.33617001]
[9.75409349],[2.35205488],[17.42276403]
[9.33978816],[2.32330325],[16.38458551]
[8.48956122],[2.28956528],[14.43321634]
[7.64106411],[2.25324796],[12.15275349]
[1.6751811],[0.94163687],[1.37059486]
[2.5718368],[1.14680979],[2.56686053]
[3.35970246],[1.38934766],[3.99403134]
[4.08315837],[1.52443644],[5.36647479]
[4.62494554],[1.60884066],[6.1422845]
[4.87602384],[1.67127435],[6.71514615]
[5.15571649],[1.7453172],[7.31249538]
[5.40468557],[1.78228125],[7.8483727]
[5.63297048],[1.8307319],[8.49563873]
[5.83898277],[1.96065039],[9.1979702]
[6.14123592],[2.06416815],[10.02591023]
[6.32568746],[2.14469262],[10.66478777]
[6.55949708],[2.20470525],[11.36526739]
[6.64899574],[2.259573],[11.893464]
[6.89705642],[2.29540157],[12.68678453]
[7.14982468],[2.34857544],[13.21747686]
[7.54095491],[2.38053964],[13.98641111]
[7.8338069],[2.42748046],[14.66712833]
[8.23388522],[2.46853051],[15.5304524]
[8.3776237],[2.49811354],[16.03102381]
[8.75287872],[2.5264399],[16.95300505]
[8.88195638],[2.57619757],[17.59274301]
[9.22002862],[2.61839492],[18.64083118]
[9.28733476],[2.67925468],[19.39132019]
[9.71055537],[2.73980934],[20.50537761]
[9.63227828],[2.79717475],[21.20108195]
[9.99563863],[2.83162302],[22.2824348]
[9.97915089],[2.86676477],[22.77256402]
[10.25769685],[2.89401182],[23.65854056]
[10.35846894],[2.92569492],[24.09602716]
[10.40674895],[2.94326084],[24.55758004]
[10.47648313],[2.96849094],[24.94711078]
[10.51997024],[2.98442898],[25.27620362]
[10.60204221],[2.99734198],[25.6193842]
[10.68977133],[2.99759591],[25.82133047]
[10.74261385],[2.97439591],[26.0560885]
[10.85505391],[2.9459152],[26.15208755]
[10.89368085],[2.92021662],[26.23736677]
[11.00238479],[2.89464142],[26.2645343]
[10.93958932],[2.86716466],[26.12447073]
[10.96933423],[2.84060175],[25.86483382]
[10.91133286],[2.81182277],[25.51150352]
[10.93947742],[2.7806803],[25.09737327]
[10.88510495],[2.74653537],[24.64178713]
[10.87215072],[2.71101424],[24.2030416]
[10.86061858],[2.67723379],[23.69352399]
[10.84615201],[2.64041446],[23.13216101]
[10.70875516],[2.6023258],[22.45404447]
[10.56858707],[2.55685454],[21.77765984]
[10.42841758],[2.49992185],[21.05427599]
[10.30547504],[2.44106025],[20.33321413]
[10.18407796],[2.39021749],[19.37379275]
[9.73569898],[2.36081306],[18.24150265]
[8.87877255],[2.32930792],[16.12352225]
[8.02226472],[2.29676549],[13.66349535]
[1.70325488],[0.94874071],[1.41537578]
[2.57825037],[1.16052686],[2.60563748]
[3.37553806],[1.40588559],[4.06889648]
[4.11992969],[1.54042832],[5.45418367]
[4.65872112],[1.62680715],[6.27543481]
[4.91178937],[1.691678],[6.85599442]
[5.20182975],[1.76314349],[7.494468]
[5.46083427],[1.79766146],[8.04026056]
[5.70314969],[1.87671541],[8.77420841]
[5.94430541],[2.00949928],[9.5261377]
[6.22260648],[2.11019592],[10.37113235]
[6.44136719],[2.19381755],[11.04366052]
[6.6480895],[2.2521592],[11.79575595]
[6.7443712],[2.3082421],[12.41736701]
[7.08283092],[2.34292811],[13.24952466]
[7.39185558],[2.39365677],[13.84889398]
[7.75591011],[2.43671088],[14.62049162]
[8.05292703],[2.47556286],[15.39515003]
[8.43576824],[2.51354739],[16.31280208]
[8.62010915],[2.55956007],[16.94563407]
[8.94093484],[2.62010682],[18.00712837]
[9.14147034],[2.72169909],[18.84071389]
[9.47725631],[2.77082661],[20.05051494]
[9.55070412],[2.81638306],[20.80483414]
[9.96693809],[2.86096688],[22.0970131]
[9.96229296],[2.90611193],[22.73716559]
[10.27180245],[2.93340965],[23.83294302]
[10.28498183],[2.96342663],[24.39173289]
[10.58645608],[2.98429531],[25.31981868]
[10.67729503],[3.0113094],[25.86002646]
[10.82317445],[3.02324281],[26.39227766]
[10.83617452],[3.04511561],[26.82935704]
[10.93106476],[3.05658958],[27.19211771]
[10.97136555],[3.06754399],[27.51538213]
[11.0928139],[3.06371044],[27.76895187]
[11.12775021],[3.04792817],[27.95932022]
[11.22828984],[3.02347651],[28.160738]
[11.29994962],[2.99790481],[28.22497123]
[11.37007797],[2.96906658],[28.31493363]
[11.3901577],[2.94309738],[28.15833216]
[11.3723078],[2.92105819],[27.99074082]
[11.39154571],[2.89440621],[27.62086868]
[11.37564139],[2.86726867],[27.25852182]
[11.39634279],[2.83863103],[26.75556592]
[11.36582061],[2.80798318],[26.28455255]
[11.36153348],[2.77544894],[25.7676765]
[11.34530901],[2.74335009],[25.21440452]
[11.28228686],[2.7117973],[24.54692611]
[11.10761306],[2.67629309],[23.81088137]
[10.94628854],[2.63051392],[23.08195372]
[10.79926818],[2.57868368],[22.35511018]
[10.66675329],[2.52992808],[21.5501601]
[10.17761212],[2.46249808],[20.18466619]
[9.30211957],[2.38712878],[17.92781415]
[8.42664041],[2.33693899],[15.30059522]
[1.62694265],[0.9487243],[1.31335773]
[2.56636368],[1.18082456],[2.63322786]
[3.36212981],[1.42648568],[4.14364182]
[4.15633791],[1.55897065],[5.52973101]
[4.64828136],[1.6485253],[6.39497656]
[4.92129211],[1.71330674],[6.98784322]
[5.26777434],[1.78490565],[7.67135948]
[5.51286676],[1.81925426],[8.25932666]
[5.77614525],[1.94295077],[9.11025325]
[6.04882737],[2.07140137],[9.93641741]
[6.32581641],[2.16530473],[10.78236121]
[6.55597502],[2.24774005],[11.50239841]
[6.78244577],[2.29872888],[12.33780791]
[6.9331633],[2.35449002],[13.01311514]
[7.36608863],[2.39776552],[13.83990164]
[7.71937399],[2.4401844],[14.56502819]
[8.06604867],[2.48295241],[15.41813995]
[8.33533653],[2.52403616],[16.18361809]
[8.65200801],[2.57997335],[17.12995217]
[8.88824976],[2.67672794],[18.03281004]
[9.15810949],[2.75885252],[19.14908918]
[9.38984291],[2.83892595],[20.19224419]
[9.73539322],[2.87892511],[21.34459046]
[9.82834333],[2.91603636],[22.21189759]
[10.211812],[2.95063725],[23.43194864]
[10.27140105],[2.98988419],[24.07447031]
[10.54251904],[3.01151888],[25.24068269]
[10.60039612],[3.04027846],[25.87091619]
[10.94839228],[3.05523513],[26.9245257]
[11.03005134],[3.08031133],[27.5687772]
[11.2687564],[3.08667882],[28.25802672]
[11.23024622],[3.1073699],[28.6489081]
[11.31875258],[3.11629949],[29.10815405]
[11.38421032],[3.12365776],[29.41429251]
[11.46237204],[3.12013535],[29.76133324]
[11.54605841],[3.10636105],[29.95243548]
[11.59278856],[3.09323456],[30.13998529]
[11.7095552],[3.0765939],[30.20963494]
[11.74856897],[3.05568622],[30.27359695]
[11.7946615],[3.02857176],[30.16728347]
[11.74385542],[3.00242478],[29.93406801]
[11.79188373],[2.97392751],[29.62878361]
[11.74745159],[2.93985516],[29.18522262]
[11.78950002],[2.90861467],[28.74605612]
[11.75921662],[2.87985932],[28.22954632]
[11.75610284],[2.85023877],[27.72915051]
[11.75260526],[2.82267082],[27.16222603]
[11.75201216],[2.79425886],[26.52535966]
[11.647578],[2.75537992],[25.72884432]
[11.46005195],[2.70756624],[24.71773544]
[11.32112177],[2.66170773],[23.64468313]
[11.18557011],[2.61430185],[22.61688618]
[10.67694516],[2.55197731],[21.29522976]
[9.76674351],[2.48429703],[19.00128194]
[8.86919712],[2.41832822],[16.33530893]
[1.63507038],[0.94627247],[1.32114472]
[2.57043231],[1.20556597],[2.69517178]
[3.37244075],[1.45512975],[4.25856071]
[4.18746679],[1.58577631],[5.66080363]
[4.76626706],[1.67774899],[6.61428055]
[5.01334948],[1.7442463],[7.24861034]
[5.37624171],[1.81426731],[7.96500473]
[5.59573619],[1.87986406],[8.6406724]
[5.91759744],[2.01160334],[9.62400429]
[6.18941967],[2.13116746],[10.42970617]
[6.46071919],[2.2158364],[11.2814556]
[6.69014891],[2.29772339],[12.06785821]
[6.92701085],[2.34441621],[12.92871151]
[7.28571976],[2.39488164],[13.6736028]
[7.67451843],[2.44090708],[14.5275666]
[7.99693531],[2.47855337],[15.32634357]
[8.36981407],[2.5185675],[16.21657331]
[8.58698922],[2.58621351],[16.97681415]
[8.86703521],[2.68261235],[18.10325476]
[9.09625109],[2.77535187],[19.07524131]
[9.40164714],[2.84981956],[20.30214173]
[9.57450667],[2.92192514],[21.31493656]
[9.95047767],[2.96025669],[22.58224249]
[10.03668444],[2.9942255],[23.4013772]
[10.40864874],[3.02403785],[24.6116114]
[10.50949806],[3.0597383],[25.47118696]
[10.83494571],[3.07909333],[26.6289502]
[10.85574043],[3.10531821],[27.36980884]
[11.25484128],[3.12111749],[28.61314115]
[11.33251071],[3.14474725],[29.30032579]
[11.55835902],[3.15454124],[30.14213922]
[11.60532619],[3.17310072],[30.56846649]
[11.64249581],[3.18401385],[31.05553901]
[11.75810909],[3.19167332],[31.39254721]
[11.79072071],[3.18687272],[31.71520438]
[11.90564454],[3.20115895],[32.05668895]
[11.94946175],[3.1915771],[32.21444052]
[12.04433261],[3.18537949],[32.38806058]
[12.12018725],[3.15863002],[32.42773531]
[12.1422622],[3.13375521],[32.41858647]
[12.14690785],[3.10753204],[32.1861867]
[12.14190845],[3.08091971],[31.90436173]
[12.15384474],[3.04921536],[31.45818923]
[12.1447662],[3.01510997],[31.05862951]
[12.16001281],[2.97960749],[30.55851562]
[12.13523352],[2.94189433],[30.02794845]
[12.13049618],[2.9085854],[29.44640459]
[12.13140744],[2.87461881],[28.77538496]
[12.10839997],[2.83743598],[28.01772531]
[11.96853395],[2.7962801],[27.05283987]
[11.80536213],[2.75526599],[25.83377651]
[11.67347658],[2.70823143],[24.73867195]
[11.1628848],[2.65162482],[23.29632742]
[10.26515857],[2.59109523],[20.91532012]
[9.36307607],[2.53256589],[18.12367923]
[1.67382136],[0.95812881],[1.38844278]
[2.58373569],[1.25042797],[2.80558241]
[3.39839087],[1.49836924],[4.45612118]
[4.23722356],[1.62044997],[5.8438306]
[4.92822155],[1.71655177],[6.93591472]
[5.14558176],[1.77796008],[7.56438661]
[5.49118479],[1.84562029],[8.37691317]
[5.73345467],[1.97447585],[9.17729304]
[6.02641864],[2.08979653],[10.23187236]
[6.31876005],[2.19687549],[11.00738028]
[6.59363619],[2.26820135],[11.85966821]
[6.79363738],[2.34849708],[12.71077091]
[7.19935117],[2.39432003],[13.61841716]
[7.62930805],[2.43989516],[14.47192273]
[7.9759191],[2.48414448],[15.37343654]
[8.26895153],[2.52876014],[16.161312]
[8.59737867],[2.58227626],[17.06864725]
[8.84433412],[2.6883448],[18.04307871]
[9.08639865],[2.77978796],[19.20984595]
[9.33022106],[2.86210028],[20.27954592]
[9.64898519],[2.92806761],[21.54076352]
[9.81073296],[2.99150765],[22.57567022]
[10.18922132],[3.02628348],[23.85302947]
[10.32976959],[3.05677812],[24.65598883]
[10.66383977],[3.08334247],[25.96848305]
[10.81309748],[3.11357192],[26.89875466]
[11.19606362],[3.14512036],[28.16742991]
[11.19662559],[3.17924135],[29.02319324]
[11.58426078],[3.20283878],[30.36617211]
[11.71920231],[3.22437578],[31.1712595]
[11.93952452],[3.23419407],[32.10896442]
[12.01679128],[3.25086322],[32.63726943]
[12.04187871],[3.26275716],[33.14465985]
[12.13694842],[3.27460493],[33.66159451]
[12.20801968],[3.30570215],[33.99456063]
[12.27575898],[3.34369545],[34.36151254]
[12.3640979],[3.31622654],[34.53024575]
[12.40730055],[3.32139863],[34.65674531]
[12.53339533],[3.28785061],[34.6777653]
[12.51954134],[3.26905908],[34.65306611]
[12.56849815],[3.2238181],[34.5212654]
[12.52189121],[3.18659656],[34.24444949]
[12.57298521],[3.15070191],[33.82930058]
[12.52798875],[3.119912],[33.33440928]
[12.57887774],[3.08860277],[32.86517179]
[12.54675758],[3.05346539],[32.30467681]
[12.54072891],[3.01633809],[31.76135808]
[12.54488366],[2.97623167],[31.13601245]
[12.54932006],[2.93718456],[30.40507305]
[12.46415266],[2.89509167],[29.49417651]
[12.26572961],[2.84511628],[28.35552875]
[12.11506231],[2.79776226],[27.11165084]
[11.59077528],[2.73957694],[25.52704312]
[10.70374813],[2.68174664],[23.061683]
[9.80523054],[2.62695811],[20.20610701]
[1.71645715],[0.99171038],[1.47796364]
[2.59675981],[1.30118427],[2.92335506]
[3.42774678],[1.53812293],[4.6553876]
[4.28756601],[1.65077684],[6.02059817]
[5.0812733],[1.75205737],[7.25279466]
[5.27950548],[1.80767077],[7.86632622]
[5.60789314],[1.90693346],[8.82408543]
[5.8898452],[2.04333419],[9.72580033]
[6.15303336],[2.15549432],[10.74892269]
[6.44715356],[2.24978303],[11.53609]
[6.75333308],[2.32824779],[12.49981082]
[6.95929282],[2.39509018],[13.32910898]
[7.47313023],[2.44143728],[14.25720293]
[7.87814181],[2.4804431],[15.19338071]
[8.26935027],[2.52961481],[16.2224673]
[8.51720087],[2.60121442],[17.00434692]
[8.81610087],[2.70020138],[18.12642531]
[9.09182491],[2.79538089],[19.22696197]
[9.32302222],[2.87316559],[20.38674604]
[9.57741836],[2.94461301],[21.55507118]
[9.89025272],[3.00706056],[22.79479441]
[10.08768245],[3.0563496],[23.85052111]
[10.40987542],[3.08703958],[25.07320544]
[10.61269371],[3.120906],[26.07057752]
[10.97698994],[3.1580171],[27.39779338]
[11.13277379],[3.1985163],[28.42782844]
[11.52957148],[3.23021725],[29.85284225]
[11.58593545],[3.26575571],[30.74310388]
[11.91058205],[3.28662002],[32.19334476]
[12.09944584],[3.30498348],[33.23334323]
[12.31225106],[3.32067423],[34.25799881]
[12.40578634],[3.36388788],[35.04171694]
[12.47185654],[3.40112769],[35.54718914]
[12.51504598],[3.4364476],[36.04616938]
[12.62625021],[3.46907418],[36.45991535]
[12.66746364],[3.49344702],[36.76611029]
[12.79172108],[3.46967079],[36.9578878]
[12.86381988],[3.4345814],[37.00597066]
[12.98478037],[3.40491864],[37.13177242]
[13.05496449],[3.3877109],[37.05670443]
[13.03992947],[3.35191354],[36.96706497]
[13.06108171],[3.3171209],[36.68394943]
[13.04871314],[3.27966348],[36.3417296]
[13.07896795],[3.24341355],[35.87170535]
[13.06416379],[3.20534706],[35.4444503]
[13.10882277],[3.16112892],[34.96373802]
[13.07578696],[3.12735596],[34.40321896]
[13.0852368],[3.09285167],[33.7780954]
[13.09510607],[3.05666073],[33.03324842]
[13.09763038],[3.01811346],[32.15669381]
[12.95541212],[2.97296962],[31.09183488]
[12.66915257],[2.92437648],[29.79513749]
[12.03031562],[2.86083455],[28.00012197]
[11.13893201],[2.79131698],[25.33606587]
[10.24088177],[2.72771404],[22.38295209]
[1.67299442],[0.72856816],[1.06155316]
[2.59055861],[1.06483946],[2.32024627]
[3.47972417],[1.25922031],[3.98742234]
[4.35331296],[1.35692768],[5.26083005]
[5.22566648],[1.4376891],[6.52208786]
[5.417978],[1.52675603],[7.13747515]
[5.72602474],[1.73185334],[8.16621162]
[6.00630836],[1.83458426],[9.08164018]
[6.2658408],[1.93412499],[10.03754184]
[6.60493549],[2.00869319],[10.81961511]
[6.87848306],[2.07625566],[11.78214845]
[7.25722408],[2.13043684],[12.59892998]
[7.74149415],[2.18189061],[13.54427298]
[8.11655816],[2.24745033],[14.48790229]
[8.52678339],[2.32912699],[15.56760284]
[8.76424986],[2.42258682],[16.51889244]
[9.03924651],[2.51968452],[17.69159107]
[9.31993497],[2.58915989],[18.76857278]
[9.58017948],[2.65731184],[20.01911335]
[9.80489324],[2.71029032],[21.03137757]
[10.12025445],[2.76472006],[22.3645454]
[10.35488715],[2.80983955],[23.32362045]
[10.63363967],[2.88023663],[24.60552548]
[10.89067815],[2.92215256],[25.68016845]
[11.27635748],[2.96332342],[27.04260908]
[11.45778137],[3.01770367],[28.18826914]
[11.82969551],[3.07153639],[29.64584346]
[11.983399],[3.12834928],[30.70569858]
[12.25005819],[3.17983811],[32.21321184]
[12.43088037],[3.22691341],[33.39144297]
[12.67869349],[3.27157636],[34.5174122]
[12.79426566],[3.30759198],[35.32480191]
[12.90791656],[3.34155407],[35.9880327]
[12.96619631],[3.37049972],[36.50968745]
[13.0696075],[3.39873507],[36.99462975]
[13.17151303],[3.41677776],[37.30440386]
[13.26036407],[3.4015861],[37.63221844]
[13.40606774],[3.42046115],[37.7606794]
[13.52658045],[3.43067073],[37.93224359]
[13.63925035],[3.42049008],[37.98646861]
[13.66928827],[3.40567559],[37.96177132]
[13.67683436],[3.3707612],[37.87692168]
[13.69015192],[3.33277788],[37.529208]
[13.69251853],[3.30124452],[37.13781542]
[13.7203233],[3.27013755],[36.656111]
[13.72298991],[3.23674863],[36.20606689]
[13.7535899],[3.20352707],[35.64382503]
[13.73039123],[3.1706263],[35.06137569]
[13.74295395],[3.13711037],[34.42437644]
[13.75659217],[3.1009478],[33.52215975]
[13.74939018],[3.06526382],[32.25338088]
[13.55719553],[3.02077365],[30.83681327]
[12.80531619],[2.96991746],[28.95785544]
[11.80423335],[2.920941],[26.35491049]
[10.80606818],[2.82253483],[23.46664894]
[0.],[0.],[0.]
[2.27555477],[0.33866951],[0.55738642]
[3.53302167],[0.5229127],[1.46789255]
[4.40571646],[0.61632749],[2.16823443]
[5.32162671],[0.69613886],[2.83199728]
[5.54042627],[0.83990516],[3.32994295]
[5.87583196],[1.02452556],[4.25234947]
[6.10144911],[1.12135126],[4.9278191]
[6.42770062],[1.20943414],[5.64717996]
[6.74035104],[1.28017011],[6.31155778]
[7.06141148],[1.34414964],[6.99115879]
[7.5582258],[1.40119113],[7.54556024]
[7.9946006],[1.47204491],[8.35946784]
[8.35116708],[1.55275384],[9.06298896]
[8.73472856],[1.66763823],[10.06614065]
[9.01188425],[1.7473346],[10.94579128]
[9.25383361],[1.82815253],[11.91814235]
[9.54129711],[1.88939514],[12.87331464]
[9.82444016],[1.95002097],[13.91131786]
[10.02148608],[1.99747947],[14.77138972]
[10.33864103],[2.04777581],[15.80708019]
[10.57204476],[2.11360225],[16.71174612]
[10.90980969],[2.18653261],[17.86708061]
[11.11898648],[2.22757138],[18.7881384]
[11.54754795],[2.26819898],[20.00289073]
[11.72951109],[2.35314058],[21.0617941]
[12.09649104],[2.41198643],[22.43359383]
[12.23748275],[2.46182781],[23.48877503]
[12.57259863],[2.5224532],[24.78019468]
[12.70434665],[2.5665137],[25.85448928]
[12.97753444],[2.60686684],[26.90073564]
[13.13018271],[2.65028848],[27.67869208]
[13.28171615],[2.68522346],[28.40471759]
[13.41459469],[2.71390187],[28.92653696]
[13.49874805],[2.74179679],[29.37001173]
[13.66564657],[2.75684052],[29.72044474]
[13.81210877],[2.75058866],[30.00122428]
[13.94249453],[2.77291631],[30.28512355]
[14.14091523],[2.78990928],[30.51671235]
[14.23989934],[2.79222837],[30.72275162]
[14.31187516],[2.77511923],[30.81901132]
[14.30714341],[2.74592796],[30.76502727]
[14.33030951],[2.69471572],[30.58145705]
[14.3312144],[2.65177084],[30.14594693]
[14.35263899],[2.61415569],[29.71527701]
[14.37115221],[2.58207155],[29.19945687]
[14.38115437],[2.55230851],[28.7513715]
[14.40034382],[2.52264404],[28.17142201]
[14.38982246],[2.49246616],[27.49003745]
[14.40436344],[2.46008219],[26.76269834]
[14.41703587],[2.42790521],[25.96642939]
[14.41571073],[2.39604688],[25.10578854]
[13.80504285],[2.36173253],[23.64776664]
[12.75636547],[2.32734404],[21.73751613]
[11.70127709],[2.27035754],[19.66709258]
