meltWidth,meltDepth,meltArea
[0.],[0.],[0.]
[0.],[0.],[0.]
[1.11525895],[0.20864749],[0.1151574]
[1.2573642],[0.26334432],[0.16426926]
[1.4211038],[0.30957698],[0.23969785]
[1.84556141],[0.34851336],[0.34877133]
[1.97036373],[0.37485704],[0.41618165]
[2.11198586],[0.38897867],[0.49032229]
[2.19712141],[0.39357104],[0.51121352]
[2.24019965],[0.39805089],[0.54394697]
[2.26406177],[0.40392191],[0.55161964]
[2.25878622],[0.40795263],[0.57839367]
[2.28175728],[0.40506394],[0.57901584]
[2.26842354],[0.40114094],[0.60033114]
[2.28949335],[0.394446],[0.59883723]
[2.28970495],[0.38953673],[0.61010982]
[2.40111886],[0.38898457],[0.62828832]
[2.47511448],[0.38654302],[0.64962445]
[2.55789264],[0.38266869],[0.66966083]
[2.59180068],[0.37979101],[0.67915415]
[2.62805579],[0.37223725],[0.69687589]
[2.65453038],[0.37035602],[0.68587559]
[2.68560467],[0.36849842],[0.71035603]
[2.70259039],[0.36459205],[0.69658355]
[2.72024095],[0.36533675],[0.71869323]
[2.71809524],[0.3619781],[0.69383325]
[2.72327135],[0.36435592],[0.70983723]
[2.71701456],[0.36109732],[0.68346863]
[2.72163672],[0.36325793],[0.69988843]
[2.72656977],[0.36042568],[0.68547741]
[2.72632625],[0.36098416],[0.68755828]
[2.72560028],[0.36052047],[0.67342502]
[2.70909109],[0.36011002],[0.66326668]
[2.71466688],[0.35981112],[0.65681353]
[2.71840153],[0.35901927],[0.65011253]
[2.71544576],[0.35863175],[0.64243403]
[2.71268201],[0.3583652],[0.63516164]
[2.70983599],[0.35744072],[0.62755589]
[2.71047056],[0.35699185],[0.62308338]
[2.71602988],[0.35652763],[0.62095369]
[2.70959492],[0.35958559],[0.61932206]
[2.70736358],[0.36281918],[0.61850141]
[2.70628997],[0.36424949],[0.61694406]
[2.70087705],[0.36389062],[0.61171701]
[2.69216842],[0.36194945],[0.60113446]
[2.6522687],[0.36062559],[0.5894552]
[2.61206851],[0.35723067],[0.57594168]
[2.53863716],[0.35280929],[0.55635293]
[2.46583778],[0.34966515],[0.53455241]
[2.38567332],[0.34647704],[0.5096603]
[2.33552874],[0.34134152],[0.48728625]
[2.30773043],[0.33823319],[0.47272307]
[1.90557302],[0.33921094],[0.4262518]
[0.],[0.],[0.]
[0.],[0.],[0.]
[0.],[0.],[0.]
[1.03472749],[0.20258619],[0.10572406]
[1.85286325],[0.40817126],[0.49223525]
[2.07368535],[0.49835884],[0.68515808]
[2.19324737],[0.54936707],[0.81860581]
[2.25779523],[0.5907925],[0.92850165]
[2.33458357],[0.62188883],[1.01258246]
[2.38518225],[0.64195277],[1.08114487]
[2.47719846],[0.66345097],[1.15373921]
[2.53674998],[0.68418223],[1.18889478]
[2.67051727],[0.69934137],[1.31281337]
[2.75260912],[0.71354676],[1.35044907]
[2.78361908],[0.73012072],[1.4346428]
[2.80585898],[0.73307228],[1.41808774]
[2.8529478],[0.7318055],[1.51115332]
[2.87401411],[0.73234686],[1.48702517]
[2.91903941],[0.73378856],[1.57736906]
[2.93038399],[0.73799141],[1.54635198]
[2.95657987],[0.74405403],[1.60895344]
[2.95594847],[0.75492306],[1.58791696]
[2.9741369],[0.76597609],[1.6470033]
[2.97130725],[0.76861442],[1.61623805]
[2.99162444],[0.76986945],[1.66659179]
[3.13221926],[0.76941768],[1.68310688]
[3.01923679],[0.76665634],[1.68907275]
[3.11072849],[0.76379493],[1.68049149]
[3.01952387],[0.76024102],[1.6847465]
[3.07937997],[0.75765107],[1.6677667]
[3.01795265],[0.75513033],[1.67837189]
[3.06293432],[0.75294304],[1.67938443]
[3.02141354],[0.75019527],[1.67167513]
[3.0548292],[0.74960253],[1.67404201]
[3.02210358],[0.75054844],[1.66167028]
[3.02283538],[0.7515563],[1.65989674]
[3.02429076],[0.75275342],[1.65862434]
[3.02441811],[0.75352456],[1.65599814]
[3.02680909],[0.75396817],[1.65418324]
[3.02826133],[0.75798777],[1.65446239]
[3.03020313],[0.76401211],[1.6569848]
[3.02742969],[0.76594741],[1.64531993]
[3.02606308],[0.76954837],[1.63915146]
[3.01426952],[0.78163792],[1.62282444]
[2.987856],[0.79135009],[1.58623399]
[2.98374939],[0.80284842],[1.58058193]
[2.94208908],[0.81654633],[1.56231211]
[2.88328445],[0.82906907],[1.54517943]
[2.80234663],[0.84158353],[1.51983573]
[2.77960637],[0.84221991],[1.50252301]
[2.73775987],[0.84398122],[1.48301699]
[2.67702576],[0.8451712],[1.45933432]
[2.65655739],[0.83972594],[1.44322095]
[2.63013075],[0.83321327],[1.43281782]
[2.21848768],[0.83550806],[1.30572866]
[0.],[0.],[0.]
[0.],[0.],[0.]
[0.],[0.],[0.]
[1.34887319],[0.28557836],[0.21637947]
[1.95108518],[0.59086431],[0.68127877]
[2.23452685],[0.64325802],[0.87153659]
[2.53914279],[0.67697771],[1.09591153]
[2.74527843],[0.70790681],[1.2358986]
[2.87508731],[0.73392016],[1.41027405]
[2.99990552],[0.75457739],[1.52019071]
[3.02780923],[0.7478766],[1.61673652]
[3.06777798],[0.76941913],[1.67347139]
[3.07266549],[0.76088493],[1.73921269]
[3.11250396],[0.77656994],[1.78887811]
[3.11201769],[0.78278343],[1.83402864]
[3.1700801],[0.79262622],[1.86185146]
[3.1292324],[0.80114451],[1.89002964]
[3.25113199],[0.80896021],[1.92611042]
[3.23711962],[0.81725288],[1.95805598]
[3.51945571],[0.82261689],[2.10524898]
[3.54798826],[0.8272873],[2.14882498]
[3.62329928],[0.83271557],[2.2175337]
[3.62223756],[0.83961554],[2.20860929]
[3.67929524],[0.84499427],[2.27179011]
[3.68906907],[0.849565],[2.26012153]
[3.73530271],[0.85436102],[2.31358247]
[3.72684072],[0.85080009],[2.27541996]
[3.74206912],[0.85993687],[2.31876915]
[3.71842139],[0.8474592],[2.25594237]
[3.74835043],[0.86162311],[2.31486982]
[3.72607146],[0.85051714],[2.24292133]
[3.76707429],[0.86261216],[2.3254595]
[3.79181317],[0.85859104],[2.28523604]
[3.78529297],[0.85958523],[2.32040682]
[3.81153325],[0.860577],[2.28520325]
[3.78872614],[0.86059262],[2.27129471]
[3.79728787],[0.86254077],[2.2698591]
[3.8020317],[0.8635266],[2.2643652]
[3.80474814],[0.86354662],[2.25812333]
[3.81572421],[0.8655745],[2.25425117]
[3.81663877],[0.86587376],[2.23820393]
[3.80304104],[0.86199777],[2.20108018]
[3.8078367],[0.8554123],[2.17558121]
[3.80146594],[0.84950092],[2.13941432]
[3.7698122],[0.8428895],[2.06181551]
[3.76933726],[0.83478163],[2.03504882]
[3.76040767],[0.82831903],[1.98619961]
[3.69500119],[0.82278152],[1.94250305]
[3.58814348],[0.81543238],[1.8891274]
[3.59126594],[0.80799863],[1.86829579]
[3.55968545],[0.80236973],[1.84290338]
[3.50068856],[0.79705797],[1.81281818]
[3.49699395],[0.79633228],[1.8007425]
[3.47425005],[0.79534176],[1.78545281]
[3.0173898],[0.7963085],[1.64149839]
[0.],[0.],[0.]
[0.],[0.],[0.]
[0.],[0.],[0.]
[1.36578852],[0.22141435],[0.19663006]
[2.03112812],[0.52904553],[0.67128877]
[2.43737229],[0.59579301],[0.92110376]
[2.66001209],[0.64842643],[1.16586517]
[2.83647266],[0.6889549],[1.30832862]
[2.94071834],[0.72123943],[1.48667937]
[3.05249239],[0.74527246],[1.59454532]
[3.08138961],[0.75828849],[1.70539577]
[3.13469803],[0.78318019],[1.76949059]
[3.12556655],[0.79151158],[1.84472183]
[3.23356039],[0.81377876],[1.9147686]
[3.21201456],[0.82463823],[1.96277887]
[3.32673621],[0.83359509],[2.01270238]
[3.32943176],[0.84388656],[2.05667491]
[3.52556188],[0.85483356],[2.1805555]
[3.54752913],[0.86672095],[2.2121281]
[3.6749962],[0.87575649],[2.33551417]
[3.67900533],[0.88499318],[2.31780233]
[3.75798915],[0.89299526],[2.41522855]
[3.78340336],[0.90046395],[2.39662669]
[3.80662594],[0.90493893],[2.47159631]
[3.80607066],[0.911556],[2.43724674]
[3.8117792],[0.91536499],[2.49495619]
[3.81111441],[0.91604054],[2.43123567]
[3.81915756],[0.9145876],[2.49281373]
[3.81800987],[0.91258221],[2.42512867]
[3.82788902],[0.91343243],[2.48066276]
[3.84336777],[0.90926234],[2.43235731]
[3.85066716],[0.91400637],[2.48970912]
[3.91890418],[0.91083762],[2.46508212]
[3.88627852],[0.91150811],[2.48950567]
[3.95195946],[0.91217724],[2.4684194]
[3.92588934],[0.91204233],[2.4584434]
[3.93944427],[0.91355866],[2.46317372]
[3.94938138],[0.91437094],[2.46487152]
[3.95474376],[0.91440837],[2.4656056]
[3.97302572],[0.91598049],[2.46727913]
[3.98114189],[0.91640555],[2.45769886]
[3.97552935],[0.9138825],[2.42579511]
[3.98444743],[0.90970209],[2.40853664]
[3.9844481],[0.90637504],[2.37580269]
[3.96115699],[0.90197626],[2.31301573]
[3.96247114],[0.89486489],[2.29193025]
[3.95903401],[0.88898048],[2.25182845]
[3.94519653],[0.88228221],[2.21269401]
[3.88926395],[0.87463198],[2.14271645]
[3.88715541],[0.866122],[2.11898332]
[3.83906963],[0.85773634],[2.07985617]
[3.75060046],[0.84924791],[2.02815281]
[3.74480948],[0.83970865],[2.005034]
[3.7095916],[0.83117926],[1.97346421]
[3.11611861],[0.82293524],[1.75038873]
[0.],[0.],[0.]
[0.],[0.],[0.]
[0.],[0.],[0.]
[1.62652791],[0.29116701],[0.30686477]
[2.40729596],[0.52854403],[0.82034118]
[2.63721268],[0.59348281],[1.06562524]
[2.79316237],[0.65515495],[1.30610263]
[2.94655889],[0.7071621],[1.46350628]
[3.02639108],[0.74731732],[1.63900274]
[3.13614074],[0.77510196],[1.7617587]
[3.16499949],[0.80442001],[1.88292035]
[3.28804411],[0.83693841],[1.96801361]
[3.28509569],[0.84008502],[2.0404632]
[3.39052972],[0.85364313],[2.09665512]
[3.4148541],[0.86220903],[2.15631573]
[3.58428877],[0.87426036],[2.28092365]
[3.55838917],[0.8861861],[2.27416943]
[3.67658348],[0.89649791],[2.38973384]
[3.67534269],[0.90729358],[2.36625589]
[3.76194036],[0.91606235],[2.46928161]
[3.80284616],[0.92656581],[2.45532156]
[3.82445809],[0.94210712],[2.54231285]
[3.86064134],[0.95727401],[2.53351284]
[3.85744234],[0.96813772],[2.59786965]
[3.88496563],[0.97656506],[2.5923644]
[3.89932857],[0.98272034],[2.63216722]
[3.92674492],[0.98574516],[2.63417856]
[3.93737451],[0.98632529],[2.65635862]
[3.94733831],[0.98727884],[2.65105715]
[3.96430382],[0.98815465],[2.67002811]
[3.98087458],[0.98837084],[2.66884452]
[4.00084992],[0.98723618],[2.69773985]
[4.05663141],[0.98602811],[2.71207921]
[4.04842174],[0.98487972],[2.70979239]
[4.09016969],[0.98371739],[2.71630223]
[4.08488786],[0.98226814],[2.70589411]
[4.09039324],[0.97972311],[2.71063112]
[4.08419766],[0.98079583],[2.68681517]
[4.08354075],[0.98094385],[2.67586369]
[4.08510923],[0.98366473],[2.65602356]
[4.08624148],[0.98476579],[2.63191617]
[4.06409472],[0.9815927],[2.56938633]
[4.0785926],[0.97436553],[2.55786094]
[4.08343928],[0.96924905],[2.53054232]
[4.06370304],[0.96274048],[2.46946474]
[4.07519198],[0.95338216],[2.46042686]
[4.0668309],[0.94527911],[2.42258849]
[4.05725843],[0.93763153],[2.3844951]
[4.00042817],[0.92987004],[2.32220017]
[4.01091025],[0.92174005],[2.29918531]
[3.94879534],[0.91526797],[2.24995156]
[3.84575006],[0.90856129],[2.18902811]
[3.80464391],[0.90028478],[2.15123331]
[3.73926796],[0.89286177],[2.10614915]
[3.19632743],[0.8850511],[1.88101934]
[0.],[0.],[0.]
[0.],[0.],[0.]
[0.25064074],[0.03337882],[0.00359706]
[2.05906519],[0.39001051],[0.53222856]
[2.58645684],[0.53713471],[0.98222858]
[2.77135615],[0.61126735],[1.22291431]
[2.90186793],[0.66440935],[1.44594545]
[3.01371807],[0.72744519],[1.62503612]
[3.07137246],[0.78996022],[1.80775012]
[3.1991187],[0.82162788],[1.92636489]
[3.26028749],[0.84029622],[2.03173584]
[3.38245784],[0.86085376],[2.11212627]
[3.39951278],[0.85883591],[2.1875297]
[3.59422899],[0.87593968],[2.34604669]
[3.52977856],[0.88836853],[2.32696797]
[3.65443197],[0.90068824],[2.43364133]
[3.65032287],[0.91453731],[2.43242348]
[3.73180371],[0.93179926],[2.51983651]
[3.78089567],[0.94784317],[2.54290586]
[3.82684364],[0.96038434],[2.61939398]
[3.86206626],[0.97356416],[2.63441993]
[3.87625833],[0.98476089],[2.69725092]
[3.9118453],[0.99446325],[2.71091601]
[3.91687096],[1.00108954],[2.75578585]
[3.95369447],[1.00757169],[2.78884673]
[3.96618511],[1.01339188],[2.81854544]
[3.9981123],[1.01643501],[2.83948039]
[4.00659025],[1.01742092],[2.85833108]
[4.01931559],[1.01833491],[2.86329052]
[4.03427986],[1.01900563],[2.87999139]
[4.0481404],[1.01987217],[2.8817267]
[4.06864846],[1.02063843],[2.90909037]
[4.11784542],[1.02140366],[2.92918591]
[4.11504863],[1.02227884],[2.92525115]
[4.15247048],[1.0221105],[2.93827651]
[4.15126338],[1.02126057],[2.92500046]
[4.14185905],[1.02036752],[2.91281849]
[4.12500997],[1.02181558],[2.87350206]
[4.12446895],[1.02224197],[2.86321851]
[4.12758153],[1.02469104],[2.84601205]
[4.12968979],[1.02598402],[2.82218965]
[4.12006325],[1.02374647],[2.78025132]
[4.13277398],[1.01829204],[2.76794281]
[4.13879087],[1.01412327],[2.74020553]
[4.12787981],[1.00771467],[2.68982733]
[4.13295292],[0.99884358],[2.66834033]
[4.12698125],[0.98773683],[2.6274339]
[4.11972445],[0.97545324],[2.5832929]
[4.07592828],[0.96296899],[2.49295645]
[4.05553825],[0.95416132],[2.45295944]
[3.98602235],[0.94643437],[2.39642064]
[3.88343423],[0.93858352],[2.33125882]
[3.83157077],[0.93091284],[2.28577955]
[3.7769351],[0.92484333],[2.2423737]
[3.23857007],[0.91721149],[2.00864086]
[0.],[0.],[0.]
[0.],[0.],[0.]
[1.72900098],[0.16093289],[0.19500487]
[2.51697135],[0.44252398],[0.76705495]
[2.73110882],[0.54308985],[1.13719734]
[2.87390587],[0.62098172],[1.35779999]
[2.98179581],[0.70379199],[1.61789056]
[3.05604017],[0.78194734],[1.78683741]
[3.10519148],[0.82462472],[1.94229996]
[3.28040522],[0.84902579],[2.05009645]
[3.35851015],[0.85351094],[2.15687837]
[3.55426486],[0.87496051],[2.30913513]
[3.48448625],[0.87993265],[2.33012892]
[3.60935982],[0.89284095],[2.42444716]
[3.61237608],[0.90706088],[2.46351469]
[3.6953766],[0.92565772],[2.53471719]
[3.74370871],[0.94630938],[2.59408636]
[3.81053764],[0.95995688],[2.66883316]
[3.86309406],[0.9744736],[2.71722305]
[3.88589448],[0.98642228],[2.78359356]
[3.9417837],[0.99878357],[2.82673302]
[3.94713907],[1.0078879],[2.85926404]
[4.00144972],[1.0172208],[2.92870642]
[4.00468435],[1.02677946],[2.96365322]
[4.0502848],[1.02915432],[3.02457343]
[4.06251809],[1.03697107],[3.04682221]
[4.09945357],[1.03805434],[3.09997614]
[4.10590313],[1.04506665],[3.09571273]
[4.12114523],[1.03886773],[3.1295724]
[4.12903577],[1.04539422],[3.11059028]
[4.15237485],[1.03961392],[3.14759122]
[4.17763214],[1.04564515],[3.16377841]
[4.22121846],[1.04279252],[3.19366424]
[4.21154545],[1.04353159],[3.17922973]
[4.22800469],[1.04434817],[3.17617576]
[4.21415464],[1.04459979],[3.14992141]
[4.20015469],[1.04669477],[3.13861908]
[4.19108056],[1.04795218],[3.12011731]
[4.19689063],[1.04828049],[3.11929595]
[4.19957598],[1.05034714],[3.10397085]
[4.2002109],[1.05144485],[3.08087788]
[4.1890208],[1.04627314],[3.03628326]
[4.19348125],[1.04146649],[3.00500516]
[4.19323303],[1.03852662],[2.95756603]
[4.1797348],[1.0336894],[2.89444831]
[4.17454787],[1.02605318],[2.85137284]
[4.16031409],[1.01629728],[2.79344342]
[4.14518916],[1.00500295],[2.73248888]
[4.08818567],[0.99334769],[2.64693592]
[4.05311151],[0.97952124],[2.59746569]
[3.99220741],[0.9683684],[2.54483436]
[3.90395903],[0.96053852],[2.48753909]
[3.86408745],[0.9518269],[2.44725171]
[3.81361025],[0.9429755],[2.40268933]
[3.2812792],[0.93563041],[2.15670946]
[0.],[0.],[0.]
[0.],[0.],[0.]
[2.19396403],[0.27704729],[0.4688144]
[2.73499725],[0.46950607],[0.99673551]
[2.85765406],[0.55903998],[1.27548153]
[2.9579507],[0.66059378],[1.51739285]
[3.02284142],[0.74611376],[1.74699183]
[3.08413856],[0.81022796],[1.8919546]
[3.13972597],[0.83820597],[2.03766269]
[3.418035],[0.85675785],[2.17640303]
[3.45790064],[0.87101557],[2.28083686]
[3.57979039],[0.89430379],[2.38361928]
[3.60222337],[0.90465431],[2.46970191]
[3.68300283],[0.92359093],[2.54913867]
[3.7458466],[0.94691026],[2.64543807]
[3.81988567],[0.96370798],[2.72594611]
[3.87877179],[0.97911003],[2.79064281]
[3.91053517],[0.99036725],[2.86177742]
[3.97580572],[1.00136258],[2.93481242]
[4.0163116],[1.01887635],[2.99110942]
[4.08167841],[1.02021636],[3.0692328]
[4.09664391],[1.0406401],[3.11273074]
[4.14097297],[1.0426194],[3.22149877]
[4.16080719],[1.05993113],[3.24949501]
[4.19327717],[1.07570007],[3.33492536]
[4.22199811],[1.08021183],[3.343218]
[4.24760029],[1.10657886],[3.41572613]
[4.25636557],[1.09655008],[3.38367874]
[4.25495259],[1.10865181],[3.44258288]
[4.25916546],[1.09471535],[3.39263236]
[4.2713833],[1.1068216],[3.45514109]
[4.31564194],[1.09299768],[3.46088895]
[4.34691544],[1.09890894],[3.50022036]
[4.34540771],[1.09804996],[3.47746378]
[4.34154199],[1.09748932],[3.47308903]
[4.34657092],[1.09692849],[3.45669044]
[4.32818584],[1.09613213],[3.45073824]
[4.31698295],[1.09557352],[3.43058316]
[4.31367557],[1.09526697],[3.42638248]
[4.30828721],[1.09450572],[3.41098085]
[4.30473276],[1.09417166],[3.3946069]
[4.28476035],[1.07754072],[3.34557036]
[4.27694801],[1.06859212],[3.30755614]
[4.26463442],[1.06278794],[3.25457743]
[4.23351182],[1.05462487],[3.17301118]
[4.21624379],[1.04623524],[3.1196638]
[4.19430696],[1.04424966],[3.05427645]
[4.16732832],[1.04870769],[2.977351]
[4.08734918],[1.04986789],[2.90905318]
[4.05218355],[1.048089],[2.85962065]
[4.01003734],[1.045576],[2.80538628]
[3.93190636],[1.04332504],[2.73825887]
[3.88119134],[1.03624854],[2.67707607]
[3.80736645],[1.02968187],[2.61184329]
[3.32359172],[1.01612896],[2.3577915]
[0.],[0.],[0.]
[0.40834288],[0.08190054],[0.0160169]
[2.2883538],[0.40931111],[0.737633]
[2.8356831],[0.50763582],[1.15800815]
[2.9292536],[0.62892262],[1.45095471]
[3.00068632],[0.72100024],[1.66341348]
[3.06984678],[0.78957808],[1.89112744]
[3.11709957],[0.83760694],[2.00679612]
[3.17289904],[0.86186781],[2.15072929]
[3.46659426],[0.88259892],[2.28937781]
[3.59047563],[0.90523111],[2.43787356]
[3.70902194],[0.92509352],[2.55642883]
[3.77551181],[0.94542807],[2.66918225]
[3.85829413],[0.96284136],[2.77198699]
[3.95675183],[0.98235403],[2.86445581]
[4.01894492],[0.99647088],[2.95366995]
[4.10381922],[1.00620125],[3.04506004]
[4.17292068],[1.02668143],[3.11918342]
[4.24751014],[1.02864602],[3.22750441]
[4.31939537],[1.04926132],[3.30415286]
[4.3478521],[1.06079115],[3.42534716]
[4.38840124],[1.07723354],[3.46753229]
[4.40046794],[1.11237175],[3.58714294]
[4.4517301],[1.11999878],[3.60373843]
[4.45074267],[1.15320339],[3.70287607]
[4.49628082],[1.15596541],[3.69230031]
[4.50866536],[1.18103717],[3.7978058]
[4.53499363],[1.17252563],[3.73855452]
[4.52450596],[1.18471554],[3.84201019]
[4.52590525],[1.1710152],[3.75673863]
[4.53727674],[1.18277951],[3.86735174]
[4.59668529],[1.16976623],[3.85772636]
[4.55773637],[1.17511098],[3.87610861]
[4.58754781],[1.17421306],[3.8614252]
[4.53336433],[1.17327297],[3.84959444]
[4.55717423],[1.1728837],[3.83289631]
[4.50983616],[1.17212822],[3.81388794]
[4.48625852],[1.17355663],[3.78381549]
[4.47597002],[1.17654898],[3.77513859]
[4.46370151],[1.18051132],[3.75826198]
[4.44890731],[1.1859317],[3.7298244]
[4.40922384],[1.18900996],[3.65366791]
[4.39432454],[1.18183419],[3.61105283]
[4.36964089],[1.17559546],[3.53498431]
[4.31807709],[1.17524113],[3.40308683]
[4.28085197],[1.17417456],[3.33995675]
[4.21536659],[1.172379],[3.27565912]
[4.14540346],[1.17000039],[3.20920652]
[4.05491424],[1.16668981],[3.1354187]
[4.01120025],[1.16381799],[3.08007374]
[3.95646985],[1.1597113],[3.02203099]
[3.89186184],[1.15857327],[2.96122096]
[3.84128795],[1.15709092],[2.90119697]
[3.79422661],[1.14726309],[2.83769791]
[3.40558765],[1.12353388],[2.61398395]
[0.],[0.],[0.]
[0.96082661],[0.15574232],[0.07313712]
[2.31286944],[0.4701207],[0.88289998]
[2.88620595],[0.5780012],[1.29975876]
[2.98341731],[0.692536],[1.60265429]
[3.04168439],[0.77447235],[1.80002849]
[3.11187147],[0.82050347],[2.00758923]
[3.16032707],[0.86595072],[2.1218627]
[3.23165437],[0.89313373],[2.2834726]
[3.54912318],[0.92030528],[2.45793585]
[3.6827123],[0.94901064],[2.60518035]
[3.81229321],[0.96743227],[2.75426865]
[3.89862753],[0.98311706],[2.86645735]
[3.98999566],[1.00502867],[2.98727857]
[4.10062085],[1.01364027],[3.09449404]
[4.18428583],[1.03464756],[3.18819877]
[4.268547],[1.03679274],[3.30717205]
[4.34886652],[1.05415422],[3.40529022]
[4.41821283],[1.0756784],[3.56250189]
[4.50899852],[1.10585739],[3.62599195]
[4.52093383],[1.15386116],[3.77199414]
[4.582842],[1.16479507],[3.81868985]
[4.58544196],[1.19747886],[3.94747483]
[4.66265598],[1.20522243],[3.97629596]
[4.64570108],[1.23553704],[4.07158778]
[4.7250911],[1.23812113],[4.08775166]
[4.70970903],[1.26040123],[4.17275185]
[4.76811459],[1.25473076],[4.15002628]
[4.73382439],[1.26563484],[4.22525424]
[4.77731732],[1.25382],[4.19341958]
[4.75258903],[1.26396342],[4.26008621]
[4.83548954],[1.25325521],[4.2845317]
[4.79381407],[1.25763058],[4.29875469]
[4.83833455],[1.25680648],[4.30388915]
[4.7812878],[1.25598122],[4.28244545]
[4.81052937],[1.25554128],[4.27835756]
[4.76162939],[1.25481193],[4.24700951]
[4.73643543],[1.25422141],[4.2205335]
[4.72345946],[1.25383118],[4.20758096]
[4.70358519],[1.25302816],[4.18797335]
[4.68671826],[1.2519764],[4.15827377]
[4.64806865],[1.24468826],[4.08836247]
[4.63013378],[1.23944564],[4.05115466]
[4.60396807],[1.23602266],[3.9901828]
[4.55220618],[1.24190163],[3.88997161]
[4.51903351],[1.24366938],[3.81378556]
[4.47127896],[1.24555696],[3.69738165]
[4.39100937],[1.24840805],[3.6062949]
[4.27795685],[1.24814226],[3.52304926]
[4.18428982],[1.2512427],[3.45451533]
[4.09190312],[1.25637347],[3.38732633]
[4.00964151],[1.25918209],[3.31929959]
[3.94111212],[1.2569317],[3.23569171]
[3.87537754],[1.24958037],[3.15642496]
[3.44841759],[1.23172134],[2.90692083]
[0.],[0.],[0.]
[1.06955878],[0.18412875],[0.13751772]
[2.33160468],[0.51557585],[1.00973744]
[2.93538953],[0.63596401],[1.42644402]
[3.03094784],[0.74229407],[1.74049394]
[3.0909884],[0.80542956],[1.92566141]
[3.1667028],[0.85760098],[2.1357574]
[3.21955547],[0.90105542],[2.26486755]
[3.39739979],[0.93593603],[2.45444008]
[3.67501936],[0.96018357],[2.65022254]
[3.84146679],[0.98324702],[2.80479327]
[3.94815195],[1.00769078],[2.9487796]
[4.07195488],[1.01602904],[3.08827943]
[4.17042714],[1.03578058],[3.21780861]
[4.25574991],[1.04427053],[3.35251218]
[4.35760848],[1.05649352],[3.45847022]
[4.4250223],[1.06543555],[3.61162604]
[4.52085271],[1.09533314],[3.69661658]
[4.56639132],[1.14916867],[3.86508341]
[4.68793032],[1.17686037],[3.95141692]
[4.67040689],[1.22272796],[4.08562929]
[4.75529388],[1.23180388],[4.15114769]
[4.73531746],[1.2636981],[4.27275221]
[4.82092802],[1.2718133],[4.33019344]
[4.79360156],[1.30059263],[4.40490934]
[4.87316117],[1.30332385],[4.46872603]
[4.85594087],[1.32350509],[4.504246]
[4.91702997],[1.32107852],[4.55481761]
[4.87931468],[1.32874154],[4.55559278]
[4.93030708],[1.3215789],[4.61318799]
[4.89781837],[1.32920331],[4.59435127]
[4.97026041],[1.32121633],[4.68092459]
[4.9478149],[1.32215778],[4.66473233]
[4.97616616],[1.32123637],[4.70405242]
[4.94657248],[1.32060689],[4.67234626]
[4.96002114],[1.31973797],[4.67705419]
[4.9301556],[1.32103112],[4.64902963]
[4.9004731],[1.32099527],[4.63023673]
[4.88774093],[1.3205433],[4.61987457]
[4.87329157],[1.32093869],[4.60960516]
[4.86026241],[1.32078888],[4.5892902]
[4.83319746],[1.30967666],[4.5383604]
[4.81982741],[1.29432871],[4.49321949]
[4.80343506],[1.27850431],[4.4279207]
[4.76574816],[1.28174168],[4.32513775]
[4.74077125],[1.28149098],[4.24394513]
[4.70032377],[1.28265622],[4.13928913]
[4.64347369],[1.28426814],[4.02822834]
[4.54069729],[1.28447774],[3.86216905]
[4.42430529],[1.28766102],[3.77718886]
[4.2924786],[1.29209297],[3.69036853]
[4.16925853],[1.29689731],[3.60934257]
[4.08263238],[1.29590056],[3.51264331]
[4.00189188],[1.29345252],[3.41982627]
[3.53241108],[1.27850125],[3.14043701]
[0.],[0.],[0.]
[1.15844589],[0.22770692],[0.20706579]
[2.36583023],[0.56593861],[1.14047123]
[2.98937992],[0.6809417],[1.55635523]
[3.07724326],[0.76990309],[1.8479928]
[3.15265384],[0.8434882],[2.05847801]
[3.21957539],[0.90216049],[2.26421131]
[3.35734003],[0.94483478],[2.42889571]
[3.55883776],[0.97326753],[2.62031073]
[3.81311281],[0.99490742],[2.83891863]
[4.00974723],[1.01566736],[2.99267813]
[4.12345183],[1.0336634],[3.15466697]
[4.24484594],[1.04563237],[3.34607352]
[4.33880477],[1.05508772],[3.4863575]
[4.42234412],[1.06469983],[3.64628302]
[4.53175294],[1.08292344],[3.74807224]
[4.57439492],[1.13802522],[3.91233161]
[4.69592504],[1.16778963],[4.01366407]
[4.71267707],[1.21867907],[4.17493682]
[4.84158283],[1.24352615],[4.2912574]
[4.82023096],[1.2868449],[4.41261315]
[4.89514729],[1.29462072],[4.50813554]
[4.88238285],[1.32619175],[4.59947133]
[4.96038565],[1.33613657],[4.71646701]
[4.94087949],[1.35902152],[4.73991117]
[5.01365591],[1.36633875],[4.86261948]
[4.9995868],[1.37950587],[4.8615406]
[5.05698559],[1.3839836],[4.95347595]
[5.01732477],[1.3845706],[4.92047627]
[5.05990395],[1.38431793],[5.00637494]
[5.02245977],[1.38493162],[4.96518643]
[5.0788969],[1.38432962],[5.06227923]
[5.06764302],[1.38646665],[5.04277392]
[5.07874948],[1.38597614],[5.08719955]
[5.06480828],[1.38548106],[5.05366905]
[5.0629081],[1.38464048],[5.06395539]
[5.04273491],[1.38505296],[5.03453743]
[5.00670569],[1.38534197],[5.01866897]
[4.99072683],[1.38490934],[5.00872076]
[4.97518595],[1.38532474],[4.99986504]
[4.96414769],[1.38457632],[4.98626993]
[4.94099146],[1.37329328],[4.94589846]
[4.92619559],[1.35962511],[4.90164428]
[4.91036278],[1.34437488],[4.8425362]
[4.87933077],[1.33031301],[4.75835656]
[4.85886319],[1.31866042],[4.68201101]
[4.82762331],[1.31770474],[4.58738362]
[4.78280628],[1.31635798],[4.47643816]
[4.70094647],[1.31471393],[4.32111477]
[4.60111942],[1.31677924],[4.15161668]
[4.45538397],[1.32206934],[3.99046397]
[4.29455652],[1.32820827],[3.87102443]
[4.19772027],[1.32847825],[3.77090557]
[4.10291934],[1.32767288],[3.66935812]
[3.58353656],[1.31256079],[3.34301732]
[0.],[0.],[0.]
[1.3710147],[0.31457022],[0.329183]
[2.39629078],[0.61770301],[1.2768504]
[3.03071856],[0.71685356],[1.67267418]
[3.12441829],[0.81322493],[1.96316043]
[3.20174431],[0.88726155],[2.1911016]
[3.26169106],[0.94118334],[2.38856186]
[3.51254922],[0.97874145],[2.58898571]
[3.73660579],[1.00368932],[2.79432693]
[3.95837775],[1.02508093],[3.02550309]
[4.17018508],[1.0445155],[3.19883128]
[4.31657219],[1.05313854],[3.40897557]
[4.40592851],[1.06239911],[3.63381344]
[4.54425018],[1.07045286],[3.78604343]
[4.59161852],[1.13080225],[3.96872583]
[4.71871322],[1.16031487],[4.08405085]
[4.73987069],[1.212034],[4.23847286]
[4.86192662],[1.23953508],[4.36543447]
[4.87719322],[1.28753353],[4.51883568]
[4.98791716],[1.3099437],[4.6687507]
[4.98536087],[1.34971511],[4.75726018]
[5.05200217],[1.35903081],[4.91360015]
[5.03994104],[1.38453223],[4.97119909]
[5.10351022],[1.39762792],[5.11625519]
[5.07356362],[1.41246222],[5.11660301]
[5.12177647],[1.42476637],[5.23803175]
[5.10154107],[1.43265377],[5.22553393]
[5.14689908],[1.44396013],[5.32690252]
[5.11020375],[1.43810908],[5.28252607]
[5.1485609],[1.44500901],[5.38162389]
[5.11496232],[1.44128795],[5.33143694]
[5.16133677],[1.44500882],[5.43498381]
[5.16156854],[1.44901484],[5.41033946]
[5.15677059],[1.44894825],[5.4525659]
[5.14210204],[1.44905625],[5.40362381]
[5.12694175],[1.44856931],[5.41263688]
[5.11584077],[1.44845367],[5.38352084]
[5.06650043],[1.44746062],[5.35453476]
[5.0452225],[1.44714358],[5.34139164]
[5.02607292],[1.44542403],[5.32796132]
[5.01176828],[1.4437112],[5.31266842]
[4.98688229],[1.43389813],[5.26917229]
[4.9719954],[1.420471],[5.22438148]
[4.95464514],[1.40602193],[5.16780915]
[4.9205762],[1.39185994],[5.07849237]
[4.89201843],[1.37715231],[4.98612667]
[4.85561265],[1.36070595],[4.87655332]
[4.77333176],[1.35246138],[4.69228506]
[4.62400555],[1.35110524],[4.48610537]
[4.51556695],[1.34985796],[4.35908834]
[4.42305199],[1.35006831],[4.24778579]
[4.31987033],[1.35226353],[4.12087009]
[4.22592606],[1.35025878],[4.00856138]
[4.12648841],[1.34873592],[3.88126829]
[3.64519316],[1.33864561],[3.55717313]
[0.],[0.],[0.]
[1.52133483],[0.39840892],[0.4673451]
[2.41610884],[0.65348098],[1.36534578]
[3.07971559],[0.76082265],[1.77841649]
[3.17592297],[0.85232347],[2.07517969]
[3.25591443],[0.92168837],[2.31263541]
[3.37757787],[0.97936155],[2.5292303]
[3.6710492],[1.01153754],[2.76992211]
[3.90846745],[1.0316885],[2.98683195]
[4.10798648],[1.04729678],[3.20448077]
[4.32694565],[1.06001174],[3.49113459]
[4.49317193],[1.07448882],[3.7150221]
[4.568822],[1.13321754],[3.98288722]
[4.72790376],[1.16487666],[4.16856751]
[4.7403332],[1.2186328],[4.33012799]
[4.86701454],[1.24516532],[4.47011902]
[4.88586418],[1.28947848],[4.61526304]
[4.99440479],[1.31354739],[4.78579273]
[5.01374707],[1.35452257],[4.89710152]
[5.09961181],[1.37714964],[5.08297373]
[5.0924489],[1.4045578],[5.14881148]
[5.13983166],[1.42125231],[5.30860602]
[5.11877168],[1.43666061],[5.34482465]
[5.17438767],[1.45661216],[5.49638097]
[5.14999218],[1.46488796],[5.49226527]
[5.19521097],[1.47908622],[5.61349554]
[5.17690912],[1.48320821],[5.59686063]
[5.21948314],[1.49110387],[5.68995992]
[5.18579252],[1.48739],[5.6481551]
[5.21977529],[1.4924181],[5.73524819]
[5.19046107],[1.48953866],[5.68555959]
[5.22837325],[1.49298324],[5.78231133]
[5.23833247],[1.49500241],[5.76215383]
[5.22948988],[1.49502225],[5.79940556]
[5.22661815],[1.49495986],[5.75855729]
[5.2034781],[1.49481331],[5.76316413]
[5.20075206],[1.49445144],[5.73841527]
[5.15260165],[1.4941689],[5.71225102]
[5.13326679],[1.49396636],[5.69946159]
[5.11594633],[1.49356326],[5.68670614]
[5.10202557],[1.49225011],[5.67157277]
[5.08024354],[1.48584202],[5.63181021]
[5.0662262],[1.47735382],[5.59055389]
[5.05030004],[1.46525325],[5.53963477]
[5.0184276],[1.45123161],[5.45952195]
[4.99507188],[1.4364952],[5.38130258]
[4.95897093],[1.42138434],[5.28020591]
[4.89682425],[1.4076136],[5.14875453]
[4.77858082],[1.39410352],[4.92590754]
[4.66609248],[1.39102336],[4.78325397]
[4.54494967],[1.38532382],[4.66319969]
[4.43773344],[1.38322807],[4.5391825]
[4.34797638],[1.38114213],[4.4012272]
[4.24630003],[1.37783406],[4.24080781]
[3.70414445],[1.3692034],[3.86301744]
[0.],[0.],[0.]
[1.55828644],[0.46663207],[0.58186147]
[2.43500792],[0.68156866],[1.42597618]
[3.13414727],[0.78895543],[1.88144433]
[3.22707838],[0.88483536],[2.16980157]
[3.35570309],[0.95111283],[2.4181365]
[3.5728132],[1.00412208],[2.68618373]
[3.83553446],[1.02756505],[2.93007736]
[4.09244318],[1.04527402],[3.15706096]
[4.28211078],[1.06003177],[3.4413841]
[4.47445384],[1.10358653],[3.76070546]
[4.68128812],[1.14386337],[4.01255517]
[4.7457949],[1.19996214],[4.27700574]
[4.87153593],[1.23283026],[4.48393737]
[4.87087275],[1.28184146],[4.63913522]
[4.9719673],[1.30576892],[4.82590202]
[4.98273396],[1.34655368],[4.93307895]
[5.07460574],[1.3712222],[5.12746295]
[5.08937395],[1.40445851],[5.22622608]
[5.1709641],[1.42963224],[5.41262405]
[5.16577929],[1.44567807],[5.47071176]
[5.20828007],[1.46917416],[5.63127806]
[5.19145534],[1.48048623],[5.65896336]
[5.24244601],[1.49798991],[5.79923306]
[5.22315904],[1.50953229],[5.79221905]
[5.26287233],[1.51929695],[5.89694899]
[5.24977112],[1.528654],[5.88458641]
[5.28698428],[1.53149436],[5.95831974]
[5.26169993],[1.53491054],[5.94163671]
[5.28811661],[1.53361997],[6.00630899]
[5.26865572],[1.53717375],[5.9915324]
[5.29948048],[1.53414759],[6.06714811]
[5.31927956],[1.53652178],[6.05735017]
[5.30314053],[1.53664953],[6.08827605]
[5.31515604],[1.53678216],[6.06108753]
[5.28325603],[1.53715146],[6.06619443]
[5.28946904],[1.53706799],[6.04649314]
[5.24124799],[1.53676217],[6.02029584]
[5.22569674],[1.53661545],[6.01236623]
[5.21172486],[1.53600322],[6.00133608]
[5.19922712],[1.53461617],[5.98771357]
[5.17846048],[1.52901901],[5.95119686]
[5.16421895],[1.52074022],[5.90889108]
[5.1481083],[1.5114549],[5.86165311]
[5.12084381],[1.50064906],[5.78939833]
[5.0979808],[1.48820317],[5.7151071]
[5.06525579],[1.47202069],[5.61853141]
[5.01350492],[1.45673662],[5.50594405]
[4.91215591],[1.44277716],[5.34150142]
[4.81534726],[1.42918664],[5.17961258]
[4.69632452],[1.41454801],[4.98778496]
[4.5563924],[1.40327501],[4.84538997]
[4.4664186],[1.39700464],[4.71519948]
[4.3569947],[1.39345103],[4.55502661]
[3.76045117],[1.3853834],[4.08131496]
[0.],[0.],[0.]
[1.58607197],[0.50967654],[0.66741051]
[2.44200872],[0.70421889],[1.4744003]
[3.18374616],[0.81997414],[1.97475417]
[3.27551863],[0.91290398],[2.26162088]
[3.51760142],[0.9754517],[2.56314806]
[3.74692741],[1.02122119],[2.84622168]
[3.99954401],[1.04122344],[3.10469375]
[4.2358567],[1.05907382],[3.39974246]
[4.44647324],[1.08554976],[3.70117681]
[4.60259833],[1.17114293],[4.03363226]
[4.84794068],[1.20896816],[4.31660354]
[4.84741401],[1.26188099],[4.56019748]
[4.96102921],[1.29331691],[4.81485302]
[4.9572301],[1.33732071],[4.95669764]
[5.05914953],[1.36010671],[5.16562237]
[5.0709134],[1.39279074],[5.2629426]
[5.16257374],[1.42047777],[5.4541954]
[5.179024],[1.44498443],[5.54959882]
[5.25466993],[1.47466748],[5.71566719]
[5.25304762],[1.4868378],[5.77324024]
[5.28826589],[1.50737387],[5.9100007]
[5.27844551],[1.52340371],[5.95360536]
[5.31947196],[1.53628352],[6.07936017]
[5.31127076],[1.54907521],[6.09416287]
[5.33812005],[1.55519877],[6.17602534]
[5.34318542],[1.5687523],[6.20241616]
[5.37244757],[1.56868936],[6.25459844]
[5.35981242],[1.57611709],[6.26282937]
[5.37080698],[1.57140827],[6.30811595]
[5.36619737],[1.57700983],[6.31638555]
[5.38673024],[1.57210131],[6.3769135]
[5.41527528],[1.57472401],[6.38160159]
[5.38153789],[1.57489365],[6.39399173]
[5.39966739],[1.57524321],[6.36951523]
[5.35553355],[1.57591604],[6.36149787]
[5.36672285],[1.57604],[6.34457249]
[5.30408388],[1.57617586],[6.30321986]
[5.28666076],[1.57616216],[6.29467033]
[5.27105255],[1.57513386],[6.28176368]
[5.25712796],[1.57401278],[6.2643635]
[5.23702596],[1.56828398],[6.22194015]
[5.22342815],[1.55998016],[6.17848354]
[5.20427918],[1.55073527],[6.12685349]
[5.17088004],[1.54015959],[6.04960798]
[5.13069531],[1.52890477],[5.95989184]
[5.07273233],[1.51698181],[5.84314903]
[5.00348815],[1.5053828],[5.70460055]
[4.86882574],[1.49221117],[5.49164534]
[4.7567549],[1.47819098],[5.35357022]
[4.65052318],[1.46493411],[5.2366671]
[4.53797506],[1.45161562],[5.10635255]
[4.43875978],[1.43460332],[4.96462796]
[4.33811329],[1.42396889],[4.81594177]
[3.80016756],[1.41574758],[4.33548651]
[0.],[0.],[0.]
[1.600883],[0.53049654],[0.71474792]
[2.45110766],[0.72753046],[1.5279228]
[3.23294753],[0.85421439],[2.06967338]
[3.33510358],[0.92986168],[2.35674892]
[3.64395982],[0.99683926],[2.71655694]
[3.8689825],[1.03671757],[3.00747045]
[4.11383912],[1.05582521],[3.34061453]
[4.33770796],[1.10507429],[3.69190784]
[4.56002129],[1.16729085],[4.01783878]
[4.7089526],[1.24219596],[4.34703854]
[4.91883776],[1.27208684],[4.66966892]
[4.91545139],[1.3190777],[4.87925587]
[5.03715612],[1.35032688],[5.16178869]
[5.02268072],[1.38507662],[5.29357003]
[5.12947929],[1.41330885],[5.49181212]
[5.13836405],[1.43640282],[5.59690433]
[5.22826985],[1.46700918],[5.75894719]
[5.24937335],[1.48745607],[5.87864257]
[5.31955922],[1.51436613],[6.01108753]
[5.32441249],[1.52914096],[6.10987599]
[5.35132759],[1.54334109],[6.21980736]
[5.34911141],[1.55939151],[6.29977638]
[5.38399252],[1.56787042],[6.39188914]
[5.3877623],[1.58055949],[6.44178938]
[5.40798396],[1.58538135],[6.49228798]
[5.41832092],[1.59753127],[6.53576685]
[5.44243118],[1.59888372],[6.56660375]
[5.43503182],[1.60453657],[6.59957605]
[5.44392441],[1.60175512],[6.62877624]
[5.44105618],[1.60543417],[6.66479466]
[5.4550622],[1.60230626],[6.71772772]
[5.49344045],[1.60407855],[6.74844957]
[5.4554867],[1.60426347],[6.74746613]
[5.48313181],[1.60448779],[6.7512106]
[5.42915916],[1.60518787],[6.73312858]
[5.45281563],[1.60536479],[6.73744211]
[5.38961678],[1.60563188],[6.68508539]
[5.37508464],[1.60578154],[6.67891253]
[5.36002988],[1.60563029],[6.66264623]
[5.34592717],[1.60502082],[6.63853695]
[5.32741057],[1.5997476],[6.58960149]
[5.31314653],[1.59187348],[6.54567316]
[5.29515805],[1.58309283],[6.4956617]
[5.26809067],[1.57401587],[6.42358269]
[5.23086694],[1.56463347],[6.33701197]
[5.18178599],[1.55515209],[6.2326365]
[5.12098465],[1.54629592],[6.11156511]
[5.02314267],[1.53706754],[5.94102961]
[4.9157054],[1.52637003],[5.77404291]
[4.78801103],[1.51431209],[5.64501488]
[4.67072926],[1.503949],[5.51052025]
[4.56394742],[1.49344027],[5.37881106]
[4.45507309],[1.47467639],[5.2420227]
[3.86672472],[1.46312619],[4.6643182]
[0.11055078],[0.02811269],[0.00134195]
[1.61384502],[0.55168504],[0.75234128]
[2.46959576],[0.76226345],[1.59046371]
[3.27483278],[0.86616053],[2.14156604]
[3.45811098],[0.94157834],[2.46565048]
[3.75073722],[1.00853762],[2.85069401]
[3.9793712],[1.04613951],[3.19776767]
[4.22577736],[1.07011567],[3.54075283]
[4.42419812],[1.15176827],[3.89827133]
[4.67318622],[1.21147079],[4.26158714]
[4.81319818],[1.27971375],[4.56324489]
[4.9900047],[1.31121976],[4.906675]
[4.98419624],[1.3544834],[5.1172859]
[5.10745901],[1.39332015],[5.41320277]
[5.0898873],[1.42090732],[5.57596848]
[5.19627671],[1.45338639],[5.74789019]
[5.20132108],[1.47566116],[5.88140775]
[5.29459896],[1.50126815],[6.04110061]
[5.3189957],[1.52647045],[6.16998114]
[5.3874758],[1.54913348],[6.30547348]
[5.393724],[1.56624428],[6.403116]
[5.41650047],[1.57616142],[6.50341072]
[5.42070306],[1.59339297],[6.59456208]
[5.45421992],[1.60164469],[6.68329759]
[5.46192893],[1.61254548],[6.73354674]
[5.47716847],[1.61589518],[6.78552943]
[5.4899001],[1.62675302],[6.84975434]
[5.50917262],[1.62836502],[6.88522742]
[5.50708925],[1.6336531],[6.93407316]
[5.51071253],[1.63023562],[6.96237178]
[5.51583588],[1.63431842],[7.01425858]
[5.5221022],[1.63045764],[7.05735915]
[5.56874227],[1.63260818],[7.10075206]
[5.52508584],[1.63280247],[7.0930925]
[5.56831292],[1.6330395],[7.11540393]
[5.50686695],[1.63361166],[7.08971398]
[5.53740654],[1.63384224],[7.10377742]
[5.47730416],[1.6341022],[7.06492385]
[5.46296408],[1.63447694],[7.06221114]
[5.44824887],[1.63479799],[7.05203499]
[5.43392482],[1.63509034],[7.02820589]
[5.41581929],[1.63031277],[6.9844167]
[5.40060538],[1.62269329],[6.9370191]
[5.38283372],[1.61373483],[6.88422585]
[5.35593838],[1.60487533],[6.80829756]
[5.32228582],[1.59558561],[6.71149875]
[5.27778783],[1.5861023],[6.59576272]
[5.22857348],[1.57704828],[6.47914689]
[5.14903759],[1.56797527],[6.33437172]
[5.06609184],[1.55858537],[6.20311369]
[4.95077676],[1.54881027],[6.04062257]
[4.804192],[1.53887809],[5.86826443]
[4.70645529],[1.53170627],[5.74037094]
[4.59758255],[1.51980017],[5.60527052]
[3.96275911],[1.50198117],[4.92334274]
[0.34218403],[0.0792944],[0.01290683]
[1.63027987],[0.57143402],[0.79007071]
[2.49180316],[0.78884332],[1.65564252]
[3.31027862],[0.87601588],[2.21664705]
[3.57026416],[0.95266195],[2.56060745]
[3.84645346],[1.01800273],[2.96448367]
[4.0921914],[1.05444704],[3.34943302]
[4.3279323],[1.10776711],[3.70754889]
[4.50938145],[1.18791347],[4.08134768]
[4.78240262],[1.24949135],[4.48050669]
[4.88713309],[1.30933462],[4.76601868]
[5.06060672],[1.34661217],[5.1256615]
[5.05061608],[1.38504418],[5.37721906]
[5.16809388],[1.42831645],[5.65485153]
[5.16181465],[1.45456443],[5.84544356]
[5.25770789],[1.48213416],[6.01560435]
[5.27309007],[1.51028897],[6.16610334]
[5.35893263],[1.53185021],[6.31156706]
[5.38955336],[1.55996353],[6.43808538]
[5.45546192],[1.57674095],[6.56365194]
[5.46346285],[1.59206518],[6.66272162]
[5.4863899],[1.60252389],[6.76578724]
[5.49185935],[1.61924705],[6.86865295]
[5.52169442],[1.63017307],[6.97183617]
[5.52985077],[1.64297661],[7.04760248]
[5.54406032],[1.64903771],[7.11586971]
[5.55549779],[1.66106702],[7.18681961]
[5.57558635],[1.66478078],[7.23395221]
[5.57286836],[1.66994108],[7.28258011]
[5.57550237],[1.66411193],[7.33570072]
[5.58051852],[1.66603508],[7.39950488]
[5.58753484],[1.65923832],[7.44937708]
[5.65441035],[1.65946097],[7.50020018]
[5.59028795],[1.6578367],[7.4652032]
[5.66137054],[1.65749544],[7.48450906]
[5.58004302],[1.65789466],[7.42751763]
[5.62858096],[1.65797183],[7.44170337]
[5.55875668],[1.65818972],[7.39233451]
[5.54501265],[1.65897277],[7.38858526]
[5.53225666],[1.65978864],[7.38206393]
[5.52133226],[1.65980451],[7.36190871]
[5.50565667],[1.65551033],[7.32226093]
[5.48684233],[1.64803958],[7.27398108]
[5.46870092],[1.63946751],[7.21963298]
[5.44622231],[1.63027564],[7.14334999]
[5.41614578],[1.62082118],[7.05366918]
[5.3751416],[1.61139792],[6.94460208]
[5.32977328],[1.60245743],[6.82075904]
[5.25675619],[1.59348485],[6.66484292]
[5.18679956],[1.58422904],[6.53308123]
[5.08610806],[1.57479239],[6.39314849]
[4.94890199],[1.56497734],[6.22018576]
[4.85449092],[1.55811002],[6.06810444]
[4.76627567],[1.54843878],[5.92382142]
[4.09050003],[1.53259784],[5.14771067]
[0.52468173],[0.16357101],[0.04194637]
[1.6470202],[0.59227967],[0.83533262]
[2.50062567],[0.80294388],[1.69305056]
[3.31877073],[0.88672717],[2.29125006]
[3.67828104],[0.96842997],[2.65845824]
[3.93464809],[1.03247685],[3.06769301]
[4.18918525],[1.06391933],[3.50863696]
[4.40779815],[1.14842348],[3.91208898]
[4.60368052],[1.22301902],[4.28039147]
[4.87410916],[1.28747582],[4.69566789]
[4.97115534],[1.34151213],[5.02725037]
[5.13838814],[1.38414644],[5.39781286]
[5.1344434],[1.42409288],[5.6663815]
[5.24098895],[1.46125587],[5.93120054]
[5.24681343],[1.49267383],[6.14255212]
[5.33233918],[1.51480965],[6.30091166]
[5.35907966],[1.54819543],[6.45971443]
[5.43662025],[1.56504329],[6.60396047]
[5.48086115],[1.58979827],[6.73101422]
[5.53516942],[1.60551059],[6.84659817]
[5.55239258],[1.62212737],[6.97157303]
[5.56326541],[1.63744686],[7.10125834]
[5.57735028],[1.65712443],[7.2372357]
[5.59842475],[1.67004149],[7.34243719]
[5.62342266],[1.68440649],[7.44575494]
[5.63804422],[1.69111873],[7.5251266]
[5.66038154],[1.70421599],[7.65050054]
[5.70024137],[1.70993237],[7.78840623]
[5.70924483],[1.71583959],[7.87129875]
[5.73414576],[1.71046752],[7.95757824]
[5.74788768],[1.71232298],[8.03638782]
[5.7763644],[1.70518786],[8.08262056]
[5.84075631],[1.70453589],[8.14718306]
[5.81116355],[1.70145016],[8.11186179]
[5.8648091],[1.69830492],[8.11928657]
[5.78858258],[1.69517148],[8.03724028]
[5.79707579],[1.69160322],[8.02006901]
[5.70601033],[1.68919105],[7.92010287]
[5.65498499],[1.68803036],[7.86830541]
[5.61013002],[1.68637491],[7.81623789]
[5.56527266],[1.68565449],[7.75571847]
[5.5373053],[1.68151709],[7.68835954]
[5.51326259],[1.67474411],[7.62283835]
[5.48730031],[1.66620407],[7.54295806]
[5.44358353],[1.65737528],[7.42188566]
[5.40014094],[1.64787016],[7.29357179]
[5.33863541],[1.63803958],[7.15791606]
[5.28626332],[1.62856834],[7.02362602]
[5.25118977],[1.61927065],[6.85796759]
[5.1900737],[1.60979382],[6.69457647]
[5.13859689],[1.59980794],[6.54354144]
[5.08683667],[1.59054672],[6.39615362]
[5.01932473],[1.58492422],[6.2531169]
[4.93641951],[1.57286326],[6.09919863]
[4.1844431],[1.55383873],[5.31264191]
[0.78612301],[0.20684215],[0.07988066]
[1.660033],[0.61545591],[0.87388238]
[2.52167071],[0.81522053],[1.75120273]
[3.32933344],[0.90310403],[2.36831272]
[3.7702396],[0.98821803],[2.77187213]
[4.03168701],[1.04937267],[3.23548087]
[4.25599713],[1.10574643],[3.70254545]
[4.5039559],[1.20067089],[4.18361078]
[4.68335066],[1.2680106],[4.58536896]
[4.93887873],[1.3345997],[4.99949153]
[5.04236315],[1.38629203],[5.35166429]
[5.19416781],[1.42800822],[5.70483931]
[5.19856586],[1.4657795],[5.97580633]
[5.29646665],[1.50169213],[6.23577934]
[5.30853027],[1.52885699],[6.45355247]
[5.38457562],[1.55052792],[6.59822235]
[5.41613778],[1.5784297],[6.75589545]
[5.48511925],[1.59508329],[6.88908754]
[5.53463951],[1.61961698],[7.05441877]
[5.57809368],[1.63977021],[7.1981846]
[5.60276257],[1.66212681],[7.36711207]
[5.61161179],[1.68010796],[7.49367731]
[5.63324637],[1.7018405],[7.64927517]
[5.66449911],[1.7147642],[7.77122405]
[5.69548583],[1.72854914],[7.93152567]
[5.76129432],[1.73454695],[8.13156345]
[5.82256597],[1.74716264],[8.31155311]
[5.90757331],[1.75232689],[8.45638066]
[5.91384841],[1.75862768],[8.56828173]
[5.95464807],[1.75409993],[8.65539149]
[5.95030398],[1.75652757],[8.73378619]
[5.99648512],[1.74957338],[8.76592297]
[6.03760072],[1.74884572],[8.81355881]
[6.04007185],[1.74621119],[8.80029893]
[6.07325067],[1.74367996],[8.80310852]
[6.04659866],[1.74116949],[8.74136566]
[6.02406038],[1.73827285],[8.70431262]
[5.95731502],[1.73637703],[8.6132599]
[5.89694383],[1.73335606],[8.54252864]
[5.8536348],[1.72923619],[8.47633997]
[5.80915495],[1.72360255],[8.39869665]
[5.76310838],[1.71510953],[8.302678]
[5.69629802],[1.70252034],[8.19173548]
[5.620272],[1.69032311],[8.05832155]
[5.53390859],[1.68148811],[7.87239121]
[5.46671921],[1.67211418],[7.67438416]
[5.41175671],[1.66211934],[7.4969576]
[5.37820248],[1.65246304],[7.33519282]
[5.35224754],[1.6427663],[7.15564825]
[5.29402608],[1.63342718],[6.99949942]
[5.24318868],[1.62637547],[6.83468301]
[5.19516178],[1.62236649],[6.67479666]
[5.13283505],[1.61830308],[6.51905156]
[5.06013916],[1.60978462],[6.37980198]
[4.2721683],[1.59378174],[5.5115156]
[0.81499714],[0.22550361],[0.10718132]
[1.6664422],[0.62869615],[0.89469702]
[2.53620737],[0.8252512],[1.78312826]
[3.33478796],[0.91508249],[2.40711303]
[3.85901068],[1.0039516],[2.84698319]
[4.09794956],[1.06016029],[3.35670015]
[4.31356417],[1.13591314],[3.85600883]
[4.56701583],[1.23108838],[4.34635243]
[4.73006001],[1.29777198],[4.79899767]
[4.98121965],[1.37073659],[5.23697159]
[5.08973771],[1.41539019],[5.57502307]
[5.23144952],[1.46097157],[5.92274252]
[5.24052388],[1.49520326],[6.19684685]
[5.33270177],[1.53289055],[6.45482285]
[5.34940655],[1.55869509],[6.6695687]
[5.42251861],[1.58114472],[6.83259119]
[5.46287844],[1.61164599],[7.01492197]
[5.52846094],[1.63697001],[7.18966418]
[5.58291001],[1.6658369],[7.38979717]
[5.62340642],[1.68732128],[7.53758751]
[5.65787498],[1.70857388],[7.7315794]
[5.67572663],[1.72567041],[7.89608493]
[5.74128325],[1.74712267],[8.11522092]
[5.82844013],[1.75786799],[8.35154102]
[5.88742226],[1.77142731],[8.58572143]
[5.97847595],[1.77692999],[8.81212057]
[6.02062182],[1.78992989],[8.99761946]
[6.12728737],[1.79461092],[9.16213255]
[6.12470685],[1.80243519],[9.29086148]
[6.18857459],[1.80070317],[9.3837942]
[6.17735257],[1.80049035],[9.47607211]
[6.24748409],[1.79351788],[9.54405619]
[6.26883443],[1.79319689],[9.5917732]
[6.29656395],[1.79080484],[9.58870274]
[6.30297701],[1.7885412],[9.58065181]
[6.32361656],[1.78634556],[9.5216844]
[6.28173334],[1.78365266],[9.47590081]
[6.25202192],[1.78171711],[9.38301578]
[6.18947077],[1.77863842],[9.29164304]
[6.14492902],[1.77479071],[9.20680518]
[6.0963547],[1.76971601],[9.11165388]
[6.02929978],[1.76107321],[8.98932857]
[5.94467547],[1.74820497],[8.85589705]
[5.86719917],[1.73254089],[8.70971253]
[5.77830237],[1.71716518],[8.51204723]
[5.69024798],[1.70298658],[8.28564031]
[5.6074385],[1.68854009],[8.04928385]
[5.54743117],[1.67629044],[7.80914227]
[5.49056499],[1.66667439],[7.54994738]
[5.3961069],[1.65687113],[7.30464242]
[5.31358359],[1.64791218],[7.10442796]
[5.26652611],[1.64486058],[6.92591671]
[5.20616907],[1.64041437],[6.76967441]
[5.1143118],[1.63238083],[6.61294069]
[4.32685911],[1.61237476],[5.66338897]
[0.8170517],[0.23529426],[0.1273913]
[1.67294827],[0.64010208],[0.91317105]
[2.54778388],[0.83410247],[1.80978629]
[3.33927578],[0.92542085],[2.43880708]
[3.91253532],[1.01726892],[2.90479228]
[4.13696113],[1.06927258],[3.42970841]
[4.3570807],[1.16108102],[3.9933491]
[4.60756879],[1.25871187],[4.49685396]
[4.76157778],[1.32469564],[4.96968367]
[5.01024302],[1.39854835],[5.41003812]
[5.12096694],[1.43794419],[5.74633918]
[5.26011686],[1.48561511],[6.09227939]
[5.27277646],[1.51772846],[6.36499496]
[5.3628866],[1.56083216],[6.65134077]
[5.38889685],[1.58974825],[6.89191773]
[5.45943538],[1.62110977],[7.09663716]
[5.50432312],[1.65325561],[7.32178676]
[5.56590949],[1.67971782],[7.51375788]
[5.63018693],[1.70594652],[7.74387126]
[5.70210829],[1.72567557],[7.92468326]
[5.78260973],[1.74646231],[8.16406124]
[5.86090366],[1.76267833],[8.41317193]
[5.91894584],[1.7836484],[8.67519824]
[6.01887128],[1.7954052],[8.94498811]
[6.06742573],[1.82323891],[9.20693614]
[6.18099297],[1.82748033],[9.45031866]
[6.23207999],[1.85367825],[9.67505599]
[6.34992075],[1.87417635],[9.92580788]
[6.34056352],[1.90056067],[10.0863681]
[6.4411781],[1.90168741],[10.18416446]
[6.38737759],[1.89227719],[10.25541575]
[6.50501655],[1.88605385],[10.32909289]
[6.51584867],[1.87996552],[10.32712614]
[6.57838078],[1.88078495],[10.37251162]
[6.59362402],[1.87482799],[10.34482651]
[6.64468609],[1.87287928],[10.32268551]
[6.60779041],[1.86481468],[10.21496815]
[6.55942651],[1.85664731],[10.1301569]
[6.45845183],[1.84823786],[10.00773475]
[6.3841862],[1.83853171],[9.93407394]
[6.33279075],[1.82783577],[9.85522373]
[6.29675048],[1.81710399],[9.74931155]
[6.24396165],[1.80550315],[9.6169357]
[6.17085331],[1.792148],[9.44355723]
[6.06482289],[1.76275452],[9.19698547]
[5.94784385],[1.7424624],[8.91866362]
[5.84726543],[1.72487272],[8.64380604]
[5.75499756],[1.71013533],[8.40340947]
[5.69467735],[1.69572735],[8.12964311]
[5.61433776],[1.68119464],[7.84710803]
[5.51236595],[1.66791876],[7.56462273]
[5.41950076],[1.66121016],[7.27468889]
[5.31889811],[1.65650796],[7.03677078]
[5.17675559],[1.64837876],[6.83402149]
[4.37874078],[1.63092595],[5.81724933]
[0.82857999],[0.27314019],[0.12593333]
[1.67918779],[0.64392254],[0.92994411]
[2.54749875],[0.83713179],[1.81773318]
[3.33724142],[0.93190539],[2.45729335]
[3.9300096],[1.02408839],[2.92237851]
[4.15577142],[1.07380758],[3.46383303]
[4.37080311],[1.17469307],[4.06124259]
[4.62353332],[1.27787659],[4.59703494]
[4.77635601],[1.34342881],[5.06788241]
[5.02719313],[1.41779375],[5.51046736]
[5.14327372],[1.45972399],[5.86767571]
[5.28337081],[1.5132366],[6.23763715]
[5.30129804],[1.55281695],[6.54626531]
[5.39091824],[1.60171464],[6.86121854]
[5.42158023],[1.62995922],[7.13759871]
[5.48799669],[1.6637821],[7.37888947]
[5.53672977],[1.69162266],[7.63155981]
[5.59779766],[1.71682884],[7.83666143]
[5.71877588],[1.74226393],[8.09404355]
[5.82083382],[1.76088059],[8.32056056]
[5.89201571],[1.78235386],[8.60056171]
[5.98104183],[1.79887214],[8.89443083]
[6.02963424],[1.84331807],[9.20823165]
[6.14195232],[1.86330756],[9.51231247]
[6.1806579],[1.90706089],[9.81256149]
[6.31407427],[1.92667053],[10.12825404]
[6.33809544],[1.95971397],[10.40048645]
[6.50772954],[1.97713737],[10.67365901]
[6.5396605],[1.99916058],[10.85930893]
[6.65548504],[2.00378705],[11.02606975]
[6.70432953],[1.99522292],[11.09047475]
[6.72639426],[1.9881516],[11.16932319]
[6.76856702],[1.97514039],[11.19044484]
[6.79575542],[1.96904633],[11.22558831]
[6.8498638],[1.9621992],[11.23553401]
[6.88693146],[1.955478],[11.23051825]
[6.90310853],[1.94865876],[11.12512163]
[6.84257273],[1.94122113],[11.00840288]
[6.73324543],[1.93326554],[10.85409502]
[6.61458807],[1.92499054],[10.70570657]
[6.54270472],[1.91598439],[10.58107821]
[6.45652292],[1.9075988],[10.42034643]
[6.35227688],[1.89092268],[10.21651681]
[6.28214017],[1.87576239],[10.0152205]
[6.15972947],[1.8504947],[9.76858497]
[6.10471531],[1.81253008],[9.5006814]
[6.05609922],[1.76963733],[9.20366097]
[5.99990766],[1.74992317],[8.90253907]
[5.93340347],[1.73534545],[8.60234224]
[5.82887448],[1.72187921],[8.28178107]
[5.72195917],[1.70789582],[7.9882064]
[5.61673664],[1.69559276],[7.67939325]
[5.50575832],[1.68070473],[7.37831684]
[5.34126153],[1.66228902],[7.08366808]
[4.51762607],[1.64073079],[6.04048664]
[0.83221735],[0.28582884],[0.14679992]
[1.68759054],[0.65276881],[0.94878207]
[2.55581626],[0.84484785],[1.83471524]
[3.34088672],[0.93953567],[2.48293116]
[3.95444144],[1.03167616],[2.96039538]
[4.17963148],[1.08398461],[3.5575824]
[4.3905252],[1.20223959],[4.17214476]
[4.6450292],[1.30171599],[4.72512338]
[4.79010461],[1.36489239],[5.18389088]
[5.03764675],[1.44125041],[5.62763953]
[5.15584755],[1.48574642],[6.01130703]
[5.3019337],[1.54344929],[6.39267163]
[5.32254691],[1.57883285],[6.70817987]
[5.41040911],[1.63057349],[7.04390587]
[5.44250886],[1.65616788],[7.35487643]
[5.50962461],[1.691715],[7.61189568]
[5.60209587],[1.71473634],[7.88055462]
[5.68645412],[1.73993514],[8.10442319]
[5.8118582],[1.76442028],[8.37533457]
[5.93015586],[1.7821502],[8.64236882]
[5.99579358],[1.80552869],[8.94365882]
[6.09614704],[1.83736898],[9.27183357]
[6.14357019],[1.89535498],[9.62175144]
[6.26706075],[1.93054476],[9.97776879]
[6.33128736],[1.98747684],[10.32686675]
[6.45453489],[1.99337098],[10.6505869]
[6.51641218],[2.03706987],[10.949021]
[6.69798508],[2.04249656],[11.31772365]
[6.81864675],[2.07110639],[11.55504775]
[6.93091434],[2.06908445],[11.7219721]
[7.01191365],[2.06119067],[11.80011612]
[6.99201464],[2.05467435],[11.90583388]
[7.04142399],[2.04327139],[11.96433143]
[7.02228346],[2.0369163],[11.98683698]
[7.09841245],[2.02808038],[11.97272883]
[7.09460933],[2.01920809],[11.93011299]
[7.10158696],[2.01257492],[11.87398659]
[7.04601126],[2.00536557],[11.75439372]
[7.01844383],[1.9975031],[11.64489727]
[6.93885044],[1.9895335],[11.50370352]
[6.8781051],[1.9809401],[11.37425678]
[6.7882094],[1.96950831],[11.20015024]
[6.71293467],[1.95113134],[10.94160768]
[6.61861722],[1.93436552],[10.67006653]
[6.47013903],[1.91062135],[10.33501428]
[6.33868261],[1.87593455],[10.02857577]
[6.2149241],[1.8352615],[9.72769947]
[6.11898747],[1.79657805],[9.41958987]
[6.07309432],[1.76938425],[9.09823028]
[6.01299651],[1.75517058],[8.7856289]
[5.87792003],[1.74141542],[8.43884587]
[5.75802419],[1.72869705],[8.12435673]
[5.6367716],[1.71304157],[7.79122486]
[5.45218937],[1.69275175],[7.46328926]
[4.61873986],[1.67056797],[6.33126914]
[0.83620657],[0.2982654],[0.16689522]
[1.69613242],[0.65631931],[0.96247553]
[2.56100559],[0.85153226],[1.84434748]
[3.34549194],[0.9423873],[2.49492245]
[3.98210987],[1.03650153],[2.98054175]
[4.20512874],[1.089636],[3.59673382]
[4.41141757],[1.21398183],[4.22300628]
[4.66939118],[1.31715399],[4.80814477]
[4.80398908],[1.38633615],[5.28554517]
[5.05030233],[1.46486956],[5.74726073]
[5.17053827],[1.51263022],[6.14481286]
[5.32139281],[1.57023325],[6.54517967]
[5.34393364],[1.60902653],[6.899598]
[5.4318379],[1.66255321],[7.26840475]
[5.54942916],[1.68330973],[7.61728155]
[5.61302478],[1.7181365],[7.872059]
[5.7275006],[1.73967144],[8.14735471]
[5.80476855],[1.76431243],[8.41201122]
[5.91140276],[1.78965725],[8.72993905]
[6.05071734],[1.80966123],[9.0189084]
[6.10710687],[1.85814702],[9.3726869]
[6.22088696],[1.89456121],[9.73247827]
[6.30989599],[1.99017547],[10.15641779]
[6.42283553],[2.01872238],[10.53534807]
[6.48514067],[2.06552395],[10.86245361]
[6.69467672],[2.07276177],[11.28780868]
[6.79724275],[2.11136152],[11.62549871]
[6.97133123],[2.11390097],[12.02109605]
[7.11947364],[2.14433256],[12.31021515]
[7.18566671],[2.13072421],[12.49710407]
[7.29408329],[2.12553318],[12.60993621]
[7.25055834],[2.11764081],[12.67386181]
[7.30106024],[2.10798521],[12.76907932]
[7.30486075],[2.10115662],[12.77070291]
[7.35007659],[2.09315067],[12.78674973]
[7.37712005],[2.08480322],[12.70992706]
[7.37460096],[2.07658521],[12.66580751]
[7.31519556],[2.06717068],[12.51778986]
[7.25926738],[2.05908967],[12.39220062]
[7.17273916],[2.05249071],[12.2183921]
[7.09190461],[2.04449366],[12.07638902]
[7.02136077],[2.03111813],[11.90608484]
[6.94987326],[2.0092509],[11.70443969]
[6.90539035],[1.9846875],[11.44486291]
[6.81527565],[1.96256763],[11.07649898]
[6.67512955],[1.9322782],[10.682128]
[6.50273684],[1.8950344],[10.29924331]
[6.37598853],[1.85966063],[9.96749757]
[6.25000307],[1.82280602],[9.60404243]
[6.12807698],[1.78199174],[9.28769333]
[6.05390603],[1.76704033],[8.92630773]
[5.89773596],[1.75429371],[8.54075411]
[5.76474746],[1.73857939],[8.20565048]
[5.55230273],[1.71647202],[7.84284889]
[4.70758884],[1.69381798],[6.6517617]
[0.84074632],[0.31058522],[0.18636038]
[1.70475368],[0.65995466],[0.97634787]
[2.56626526],[0.85824181],[1.85403913]
[3.35351253],[0.94477992],[2.5090582]
[4.01215129],[1.0408729],[3.00116621]
[4.23348442],[1.09513851],[3.63646533]
[4.43508687],[1.22684662],[4.28495311]
[4.69916534],[1.33750632],[4.92278266]
[4.82614118],[1.41276092],[5.40417477]
[5.06733644],[1.4873325],[5.87050745]
[5.18571623],[1.53510754],[6.27882276]
[5.34047634],[1.59161621],[6.7030053]
[5.37425764],[1.63536066],[7.09692692]
[5.48213881],[1.6866978],[7.4870421]
[5.69609312],[1.70346254],[7.85582975]
[5.75336372],[1.73784676],[8.10740508]
[5.86442199],[1.75792955],[8.41282473]
[5.95506928],[1.78530816],[8.71374068]
[6.04905111],[1.81223609],[9.05934414]
[6.17863585],[1.84779585],[9.38614579]
[6.22284036],[1.91307899],[9.76805137]
[6.36577499],[1.97216698],[10.1951184]
[6.47130368],[2.04986191],[10.63686686]
[6.64246085],[2.08226445],[11.0671223]
[6.77289354],[2.1196604],[11.44450052]
[6.95743052],[2.132094],[11.88548814]
[7.0936276],[2.16377886],[12.26512574]
[7.22113027],[2.1712543],[12.70383918]
[7.36753683],[2.19416553],[13.01465364]
[7.46990725],[2.17678106],[13.23097174]
[7.57656985],[2.18107231],[13.3673455]
[7.56188598],[2.16438194],[13.42337134]
[7.58865463],[2.15573895],[13.51067907]
[7.62150007],[2.14821569],[13.54225854]
[7.66416304],[2.14006965],[13.63341123]
[7.70971827],[2.13195899],[13.57813849]
[7.69581537],[2.12492826],[13.55386303]
[7.67901991],[2.11554837],[13.41105397]
[7.60683355],[2.10581461],[13.26629991]
[7.5423018],[2.09632516],[13.065607]
[7.43122803],[2.08777752],[12.85959285]
[7.34057599],[2.07260903],[12.62497694]
[7.24839554],[2.05199751],[12.36152932]
[7.17096293],[2.02151084],[12.11318404]
[7.05186134],[2.00263213],[11.79448285]
[6.92739165],[1.97590622],[11.39440984]
[6.842776],[1.94068216],[10.98391203]
[6.72146069],[1.90673159],[10.57868091]
[6.5393742],[1.87153523],[10.12228522]
[6.40574009],[1.83017309],[9.7354739]
[6.25207326],[1.78885348],[9.37799363]
[6.06968372],[1.77432929],[8.98576441]
[5.90873407],[1.75904251],[8.56534534]
[5.66192844],[1.73657668],[8.17801086]
[4.80460729],[1.7137183],[6.93846026]
[0.84961376],[0.34005477],[0.18319132]
[1.70892959],[0.66355889],[0.99222756]
[2.56439059],[0.86365162],[1.85692268]
[3.34719037],[0.94882724],[2.51806298]
[4.01688121],[1.04516733],[3.00328375]
[4.24519984],[1.10849057],[3.67078259]
[4.44816295],[1.24905819],[4.3902414]
[4.71263325],[1.36227882],[5.03602636]
[4.8420505],[1.44150353],[5.54042895]
[5.08515558],[1.51172497],[6.01264791]
[5.21230277],[1.55822041],[6.43386542]
[5.39290291],[1.61381805],[6.87891982]
[5.45354459],[1.66546093],[7.31406699]
[5.57830608],[1.71155657],[7.71367464]
[5.84798021],[1.7252133],[8.11071652]
[5.90236262],[1.76143598],[8.39746818]
[5.99640023],[1.78156856],[8.71715233]
[6.10253784],[1.8104537],[9.05244145]
[6.18042845],[1.85279846],[9.43260317]
[6.30300347],[1.89211591],[9.77919989]
[6.37590069],[1.97966527],[10.22856966]
[6.52328686],[2.04025966],[10.69289197]
[6.5956296],[2.10719863],[11.13565159]
[6.86769158],[2.14152329],[11.63963624]
[7.0478893],[2.17318693],[12.06612815]
[7.23736814],[2.18862685],[12.56741215]
[7.35789505],[2.21494714],[12.98252527]
[7.48872125],[2.22581636],[13.38653221]
[7.615969],[2.24330949],[13.72626436]
[7.7826384],[2.23173385],[13.999326]
[7.90038371],[2.23342836],[14.17638822]
[7.89721635],[2.21569759],[14.29622103]
[7.88030222],[2.21240961],[14.42022605]
[7.89135011],[2.20380238],[14.45535935]
[7.86927323],[2.19441182],[14.4964478]
[7.93847786],[2.18533953],[14.45098985]
[7.91266871],[2.17365561],[14.37577723]
[7.9388979],[2.16406736],[14.26571094]
[7.83733898],[2.15465992],[14.11159141]
[7.81572772],[2.14554517],[13.925853]
[7.73186092],[2.13489053],[13.70976138]
[7.68456158],[2.11714508],[13.49260128]
[7.63118781],[2.09826762],[13.22426849]
[7.56098817],[2.07071861],[12.88407965]
[7.43104323],[2.03991837],[12.48277811]
[7.21983289],[2.01709465],[12.01956556]
[7.09281152],[1.98461812],[11.63844703]
[6.96276054],[1.95253108],[11.2168867]
[6.86891151],[1.91931155],[10.74022538]
[6.76268352],[1.88129634],[10.27179721]
[6.6119313],[1.84275728],[9.82047831]
[6.31461408],[1.80119295],[9.33740097]
[6.0861496],[1.77016568],[8.9253088]
[5.80343422],[1.74847291],[8.43949283]
[4.923668],[1.72636679],[7.20311991]
[0.85176316],[0.34445524],[0.1910263]
[1.71249882],[0.66336991],[0.99491685]
[2.5674748],[0.86714812],[1.86369282]
[3.35233842],[0.95592444],[2.54309167]
[4.04016033],[1.05457751],[3.04847362]
[4.26622156],[1.13931872],[3.8353934]
[4.46716906],[1.28848638],[4.59764542]
[4.73471846],[1.3974782],[5.22168084]
[4.86164885],[1.47683796],[5.72653514]
[5.11507005],[1.54096278],[6.2016432]
[5.26586004],[1.59381241],[6.63489826]
[5.45777565],[1.64252976],[7.11661061]
[5.5268479],[1.69538841],[7.56140791]
[5.73231515],[1.7346391],[7.97405292]
[5.992028],[1.75248095],[8.38645126]
[6.06631353],[1.78608379],[8.70476174]
[6.14067839],[1.80256251],[9.05428286]
[6.2537262],[1.84446149],[9.41461017]
[6.32389934],[1.88995171],[9.82432684]
[6.4483263],[1.96637101],[10.24158985]
[6.53686276],[2.03766573],[10.70755326]
[6.69394268],[2.09712306],[11.22982531]
[6.8684548],[2.15741931],[11.73384187]
[7.1169603],[2.18907464],[12.22947952]
[7.34476361],[2.21898991],[12.74863704]
[7.4890962],[2.23410748],[13.19595724]
[7.61547621],[2.25914132],[13.65360798]
[7.78406912],[2.27023165],[14.08489719]
[7.93110135],[2.28557441],[14.52288208]
[8.03103453],[2.27801995],[14.81737875]
[8.13033181],[2.27807022],[15.03227602]
[8.11840241],[2.26468005],[15.10299032]
[8.10406908],[2.25924294],[15.16538756]
[8.13736306],[2.25112186],[15.22476923]
[8.14477583],[2.24299416],[15.23982009]
[8.19217034],[2.23480349],[15.24199014]
[8.20610812],[2.22367989],[15.15577231]
[8.27430806],[2.21297316],[15.16380151]
[8.18533205],[2.20290797],[14.95087243]
[8.13619632],[2.18894149],[14.77793945]
[8.0208422],[2.17390178],[14.473756]
[7.93674912],[2.15735612],[14.24315349]
[7.86401526],[2.13691209],[13.99115627]
[7.79050726],[2.11212016],[13.71724189]
[7.69524301],[2.07844636],[13.36117559]
[7.6060412],[2.05168492],[12.88334514]
[7.487666],[2.02550874],[12.45393683]
[7.31005898],[1.99732404],[11.99625235]
[7.14945866],[1.96786051],[11.56173806]
[7.01757277],[1.93462977],[11.06998589]
[6.91481067],[1.90047796],[10.59964568]
[6.78280862],[1.8643344],[10.11164586]
[6.44180177],[1.82626971],[9.55693203]
[5.99076186],[1.78654627],[9.05151353]
[5.12325711],[1.75926063],[7.68628031]
[0.8512629],[0.34175973],[0.19152354]
[1.71592404],[0.65936792],[0.99411654]
[2.57155324],[0.87101216],[1.86522269]
[3.36467151],[0.96365164],[2.56350741]
[4.0633291],[1.06236986],[3.08532337]
[4.29348614],[1.16997722],[3.94200931]
[4.49353884],[1.3144972],[4.75009757]
[4.76748652],[1.42426211],[5.38023821]
[4.91162709],[1.50348385],[5.8963687]
[5.16757994],[1.57153616],[6.39057336]
[5.31995221],[1.62569193],[6.84020428]
[5.51356808],[1.67584938],[7.36158963]
[5.58987892],[1.72630903],[7.80809431]
[5.87271469],[1.76189269],[8.2578603]
[6.13759927],[1.78349714],[8.7014204]
[6.25036255],[1.81345379],[9.07439526]
[6.30335711],[1.84193835],[9.49013356]
[6.42472296],[1.8960271],[9.90596462]
[6.50596533],[1.97773282],[10.38167252]
[6.6304841],[2.04399399],[10.84921284]
[6.69815415],[2.10775361],[11.33353692]
[6.94499489],[2.16150818],[11.90614758]
[7.14624402],[2.21408762],[12.43330458]
[7.39257087],[2.24294356],[12.98628343]
[7.58954164],[2.27070522],[13.48738114]
[7.7886255],[2.2851073],[13.96643769]
[7.89696449],[2.30849121],[14.42473957]
[8.10315013],[2.31934879],[14.95649052]
[8.14433788],[2.33324702],[15.34938648]
[8.31416826],[2.32832342],[15.65795917]
[8.45989928],[2.32743705],[15.90078293]
[8.43729064],[2.31528776],[16.01610387]
[8.45724639],[2.31003425],[16.08828285]
[8.49493761],[2.30239863],[16.23758551]
[8.52806606],[2.29477049],[16.28429977]
[8.55182421],[2.28679711],[16.39122648]
[8.56996644],[2.27769841],[16.34397972]
[8.55643792],[2.2692199],[16.28828116]
[8.56415861],[2.26168254],[16.14750607]
[8.48339194],[2.24933239],[15.96978805]
[8.43438695],[2.23317207],[15.72110708]
[8.35131843],[2.21440714],[15.46143701]
[8.28257555],[2.19698078],[15.12662674]
[8.19116378],[2.17434346],[14.80045335]
[8.01509486],[2.14404645],[14.3964873]
[7.86903798],[2.11451281],[13.9866761]
[7.76012624],[2.08586923],[13.59443483]
[7.6809865],[2.05490904],[13.1713311]
[7.60544227],[2.0294658],[12.76626355]
[7.50337323],[1.99987686],[12.29953383]
[7.3678962],[1.96879478],[11.72702078]
[7.19439692],[1.9362375],[11.15601766]
[6.91174312],[1.90228447],[10.55950193]
[6.44544991],[1.86607987],[9.81381579]
[5.33434253],[1.83254544],[8.31421528]
[0.85074584],[0.33829606],[0.18900703]
[1.71931431],[0.65469859],[0.99260796]
[2.58329459],[0.87588506],[1.87234323]
[3.38145791],[0.97093699],[2.58870881]
[4.09384856],[1.06680304],[3.12648528]
[4.33196751],[1.19066544],[4.04469718]
[4.54857134],[1.33396803],[4.88137261]
[4.82884619],[1.44433359],[5.52079765]
[4.96829343],[1.52337918],[6.04891419]
[5.22318341],[1.59480881],[6.56196764]
[5.38000839],[1.65104541],[7.03560164]
[5.57663933],[1.70461257],[7.58598899]
[5.71009228],[1.7519241],[8.02062537]
[5.99282175],[1.78189027],[8.49942045]
[6.25450553],[1.80712977],[8.96082281]
[6.39306749],[1.84134499],[9.41184729]
[6.45061468],[1.87628972],[9.87903132]
[6.57308843],[1.96064444],[10.35571608]
[6.67640367],[2.03415163],[10.89095558]
[6.76483983],[2.09665898],[11.38941162]
[6.86131534],[2.15663416],[11.91663374]
[7.17038417],[2.20825273],[12.51198319]
[7.43312829],[2.25732509],[13.116778]
[7.63014096],[2.2846724],[13.61477031]
[7.83124647],[2.31155477],[14.1237231]
[8.10657916],[2.3256188],[14.69537475]
[8.17977074],[2.34813811],[15.2321688]
[8.37075398],[2.35762072],[15.69035203]
[8.45157771],[2.37166074],[16.12018765]
[8.66473801],[2.36784711],[16.54231537]
[8.84664345],[2.36769995],[16.8827885]
[8.79217601],[2.35660196],[17.1091397]
[8.80932368],[2.35364095],[17.23092314]
[8.76060057],[2.34832478],[17.33648878]
[8.80154358],[2.34304424],[17.40496336]
[8.79198582],[2.3373534],[17.45340336]
[8.83860077],[2.33016974],[17.4633839]
[8.82564882],[2.32367123],[17.38627383]
[8.87694942],[2.31789118],[17.33060745]
[8.79846661],[2.30552314],[17.17932715]
[8.74270977],[2.29202025],[16.9920162]
[8.63123973],[2.27488669],[16.73963356]
[8.57959009],[2.25037487],[16.49724557]
[8.53407946],[2.2287906],[16.21304278]
[8.47023354],[2.1994091],[15.84663591]
[8.38897904],[2.16884356],[15.36515619]
[8.28310409],[2.14091667],[14.90663458]
[8.13518182],[2.11096915],[14.41897335]
[7.95843798],[2.0808394],[13.90605891]
[7.84245189],[2.05391398],[13.42323349]
[7.73161945],[2.02614539],[12.85342803]
[7.6541136],[1.99555803],[12.28317225]
[7.38832837],[1.96331522],[11.53560238]
[6.9114576],[1.92987052],[10.79994393]
[5.86689162],[1.89799097],[9.0345334]
[0.85517122],[0.35413324],[0.16372523]
[1.72490781],[0.6528144],[1.00396532]
[2.57991085],[0.87950874],[1.87264023]
[3.37645767],[0.97811528],[2.60821379]
[4.11798886],[1.07015889],[3.15245361]
[4.36483548],[1.21036947],[4.12088599]
[4.57797446],[1.35458855],[4.97766375]
[4.86847915],[1.46025298],[5.6361556]
[5.0063682],[1.54348919],[6.18312817]
[5.25868115],[1.62058451],[6.71152164]
[5.42556234],[1.67786714],[7.20510931]
[5.62803801],[1.73002164],[7.7726225]
[5.79515482],[1.77712179],[8.20919394]
[6.06641427],[1.80216735],[8.71530283]
[6.34054205],[1.83051797],[9.23602989]
[6.48656959],[1.87891278],[9.74107547]
[6.55321065],[1.94244103],[10.26722261]
[6.70402545],[2.02253132],[10.8305421]
[6.78178439],[2.08909439],[11.37323707]
[6.88318748],[2.14837653],[11.90874018]
[7.06383895],[2.20429009],[12.49203785]
[7.40104037],[2.25323208],[13.12963254]
[7.60321596],[2.29939635],[13.73324807]
[7.84808604],[2.32568031],[14.2222831]
[8.08913312],[2.35191934],[14.85616781]
[8.3289161],[2.36597697],[15.44434509]
[8.40843092],[2.3896128],[15.96319354]
[8.62012603],[2.40005514],[16.46820722]
[8.77953846],[2.4162029],[17.05046153]
[8.93128949],[2.41500269],[17.57533074]
[9.0976724],[2.41602133],[18.11452326]
[9.06705295],[2.4071861],[18.25839247]
[9.10711701],[2.40461674],[18.4359704]
[9.09269844],[2.39952403],[18.52340741]
[9.15146111],[2.39442089],[18.68213275]
[9.21328653],[2.38872525],[18.760287]
[9.27154292],[2.38223217],[18.96870312]
[9.31115038],[2.376737],[18.98061214]
[9.33841646],[2.37142734],[18.96678974]
[9.35825646],[2.35917212],[18.83690149]
[9.28141332],[2.34691107],[18.6800817]
[9.22923544],[2.3310746],[18.41501454]
[9.14971526],[2.30901038],[18.06856586]
[9.07429396],[2.28163591],[17.6774628]
[8.93520813],[2.25499369],[17.18556426]
[8.71587092],[2.22635298],[16.67300168]
[8.5994564],[2.19861657],[16.18656487]
[8.50132135],[2.16918222],[15.68163991]
[8.43372842],[2.13967408],[15.18152862]
[8.3471341],[2.10884201],[14.68257023]
[8.22925055],[2.07888863],[14.08859986]
[8.06594096],[2.04756399],[13.37007663]
[7.85911725],[2.01808535],[12.6484148]
[7.41622821],[1.98651352],[11.78379006]
[6.35641534],[1.95349705],[9.96930723]
[0.85604129],[0.35369668],[0.16554154]
[1.73325946],[0.65104468],[1.00851898]
[2.59272352],[0.88412384],[1.88340458]
[3.395033],[0.98636628],[2.65334488]
[4.18868763],[1.07602183],[3.25251628]
[4.43496193],[1.24946964],[4.30344022]
[4.64120199],[1.38920615],[5.15377981]
[4.92883231],[1.48592276],[5.81737529]
[5.06586803],[1.57197551],[6.366545]
[5.31364969],[1.64408318],[6.90544769]
[5.48620997],[1.70320849],[7.41108052]
[5.69186354],[1.75249781],[7.97660335]
[5.91027381],[1.80022129],[8.42974526]
[6.15922057],[1.82449204],[8.95217508]
[6.4210348],[1.85523734],[9.54003946]
[6.5734699],[1.93527467],[10.10728999]
[6.65903079],[2.00140445],[10.69314949]
[6.78885371],[2.07715982],[11.29461476]
[6.84705914],[2.1395467],[11.84395493]
[7.03731527],[2.1969714],[12.4339143]
[7.24261484],[2.25197951],[13.08208349]
[7.53878363],[2.30012916],[13.71846239]
[7.76777303],[2.34500247],[14.35516999]
[8.05361975],[2.3712274],[14.92192285]
[8.25047196],[2.39689939],[15.62448395]
[8.51965908],[2.41167448],[16.21975875]
[8.65287734],[2.43409363],[16.81279069]
[8.91059349],[2.44355668],[17.50399616]
[9.03377443],[2.45928015],[18.21181963]
[9.1696531],[2.45806892],[18.71496471]
[9.39893985],[2.45911066],[19.3630037]
[9.48090768],[2.45062859],[19.66425106]
[9.51217605],[2.44811474],[19.97003074]
[9.53094628],[2.44319248],[20.11530548]
[9.51728039],[2.43818186],[20.31739027]
[9.58189944],[2.43263944],[20.41270975]
[9.57612119],[2.42653285],[20.43446372]
[9.66443592],[2.42160143],[20.4452461]
[9.71761372],[2.41529817],[20.40568506]
[9.85500723],[2.40462181],[20.45190901]
[9.84291432],[2.39281947],[20.29011284]
[9.77146457],[2.37849311],[20.0909082]
[9.68387396],[2.35802896],[19.75053965]
[9.49973147],[2.33072708],[19.3315853]
[9.33579153],[2.30271493],[18.8831072]
[9.23366997],[2.27585521],[18.37449294]
[9.13794511],[2.24898261],[17.79195911]
[9.01950562],[2.21984421],[17.20924907]
[8.86474131],[2.18973769],[16.57472689]
[8.69344673],[2.15960913],[15.96105212]
[8.58017977],[2.13073175],[15.37430452]
[8.47226043],[2.10073728],[14.67365667]
[8.3940267],[2.06797662],[13.96273371]
[7.87399864],[2.03863665],[12.99483857]
[6.84951991],[2.00919447],[11.07553565]
[0.85777344],[0.35634201],[0.17039279]
[1.74329266],[0.64897092],[1.0138644]
[2.60850471],[0.8865546],[1.89193672]
[3.41514054],[0.99257425],[2.68602362]
[4.21103372],[1.08114709],[3.33354116]
[4.50655928],[1.27041681],[4.42517514]
[4.70076142],[1.40993604],[5.28513866]
[4.98949139],[1.50627238],[5.98203122]
[5.12687649],[1.59496394],[6.53828426]
[5.37046751],[1.66833595],[7.10597199]
[5.5480509],[1.72953598],[7.61365162]
[5.75942246],[1.77470551],[8.18034158]
[6.02349204],[1.82129372],[8.66861728]
[6.25943596],[1.85462498],[9.21499555]
[6.51801339],[1.91162097],[9.92410771]
[6.67337355],[2.01201532],[10.55043513]
[6.76611009],[2.07620353],[11.2345612]
[6.87070337],[2.15098256],[11.86503221]
[6.93611638],[2.20928496],[12.51140124]
[7.22743972],[2.26411883],[13.15024724]
[7.5129272],[2.31450109],[13.90248677]
[7.71844694],[2.3577912],[14.48198]
[7.98764477],[2.39738673],[15.15899827]
[8.30607956],[2.42213362],[15.87552921]
[8.48070068],[2.44521187],[16.50059371]
[8.78861929],[2.4591982],[17.22471719]
[8.98995012],[2.47828945],[17.94088537]
[9.1330799],[2.48760052],[18.73485319]
[9.31549127],[2.49983174],[19.48402239]
[9.52331124],[2.49941969],[20.07921215]
[9.72399341],[2.51553233],[20.88587907]
[9.81169455],[2.53933275],[21.29792623]
[9.82651192],[2.52791186],[21.5471426]
[9.87831739],[2.50963094],[21.70516971]
[9.91102197],[2.50385513],[21.79295799]
[9.99323068],[2.49400192],[22.03725211]
[10.09524588],[2.48934055],[22.17777822]
[10.17696062],[2.47817441],[22.32472788]
[10.26393524],[2.4660654],[22.34901514]
[10.36362468],[2.45388427],[22.29800182]
[10.60497185],[2.44188282],[22.35809593]
[10.63630481],[2.42945275],[22.1565882]
[10.54548652],[2.41599232],[21.90807748]
[10.33515627],[2.40689215],[21.39807305]
[10.13069461],[2.37987111],[20.90489792]
[9.94221855],[2.34663175],[20.29009404]
[9.59125014],[2.31650793],[19.43389537]
[9.34977837],[2.28066983],[18.80594779]
[9.25504691],[2.24828517],[18.18575578]
[9.18440657],[2.21794395],[17.60610568]
[9.0868569],[2.18986588],[16.95996263]
[8.96081972],[2.16142194],[16.18345646]
[8.76895684],[2.12927422],[15.31871343]
[8.31857592],[2.09235997],[14.38395391]
[7.3352259],[2.0677094],[12.42268713]
[0.85959855],[0.35904936],[0.17543033]
[1.75219725],[0.64699669],[1.01552464]
[2.62658045],[0.88823914],[1.9021678]
[3.43680481],[0.99864726],[2.71917828]
[4.23522468],[1.08747536],[3.41983734]
[4.57960182],[1.28879895],[4.55647715]
[4.75901635],[1.42845937],[5.40781424]
[5.04742766],[1.52463704],[6.14654247]
[5.1895443],[1.61527193],[6.6981156]
[5.430312],[1.69081147],[7.29370989]
[5.61590127],[1.75245683],[7.81555295]
[5.87125684],[1.7966046],[8.41019087]
[6.13719853],[1.84281559],[8.92290496]
[6.37561364],[1.90170862],[9.56208384]
[6.63188887],[1.97853967],[10.36650685]
[6.83212975],[2.074568],[11.07959862]
[6.8942735],[2.13441013],[11.76574864]
[6.98795779],[2.20570375],[12.43825113]
[7.1982757],[2.25998968],[13.16823473]
[7.52764536],[2.3115716],[13.87960643]
[7.72520078],[2.35859015],[14.56416685]
[7.99392555],[2.39995777],[15.22461725]
[8.274668],[2.43825301],[16.00358317]
[8.53787409],[2.46180688],[16.64862011]
[8.75354461],[2.48165604],[17.37934166]
[9.06204602],[2.49985113],[18.28673564]
[9.23697617],[2.5304618],[19.11228232]
[9.43157599],[2.54278337],[19.90345643]
[9.63694383],[2.57057292],[20.86955362]
[9.81761704],[2.62843494],[21.78285015]
[9.95167252],[2.67067319],[22.47070358]
[10.12028977],[2.69619669],[22.92165438]
[10.23037842],[2.68781584],[23.30891932]
[10.31910823],[2.67326356],[23.65079578]
[10.38201449],[2.66222419],[23.8163074]
[10.42322217],[2.63814677],[23.95881656]
[10.5781846],[2.61495771],[24.05189745]
[10.72232516],[2.60483551],[24.14683411]
[10.92801633],[2.59193807],[24.36428981]
[11.03140745],[2.58038152],[24.39140995]
[11.10934726],[2.56941248],[24.32042247]
[11.32295742],[2.55875949],[24.35924021]
[11.35691198],[2.55042419],[24.0976362]
[11.29093411],[2.54064579],[23.79915369]
[11.12251517],[2.5141682],[23.19450251]
[10.88418984],[2.48518457],[22.57714496]
[10.64415323],[2.45856694],[21.78955804]
[10.10857627],[2.43200199],[20.92702705]
[9.92714022],[2.40216753],[20.14320695]
[9.67981585],[2.34828084],[19.24112429]
[9.46795213],[2.24989712],[18.43747917]
[9.30519252],[2.21251292],[17.65745014]
[9.2176131],[2.1790334],[16.80323995]
[8.83295908],[2.14123647],[15.76950455]
[7.74338513],[2.11698253],[13.70166484]
[0.83022411],[0.27884699],[0.11477771]
[1.75401305],[0.44317586],[0.6990847]
[2.61623723],[0.59370072],[1.32857906]
[3.42484068],[0.7010768],[2.02250876]
[4.22184512],[0.83919876],[2.68647156]
[4.61238727],[1.02489763],[3.80651021]
[4.7915278],[1.13374752],[4.64818084]
[5.08167615],[1.21498514],[5.3494387]
[5.23657914],[1.28516075],[5.90053881]
[5.47588821],[1.3436008],[6.45831675]
[5.68385315],[1.40425742],[6.98132682]
[6.02118264],[1.44300572],[7.55622548]
[6.25008065],[1.49841429],[8.08787124]
[6.4984872],[1.61091726],[8.75417156]
[6.78957924],[1.7049637],[9.66614543]
[6.95939511],[1.79114518],[10.31529126]
[6.99633751],[1.8619062],[10.98669956]
[7.20841224],[1.92021668],[11.68762608]
[7.48393555],[1.96190467],[12.47931567]
[7.69137774],[1.999129],[13.08508511]
[7.95233541],[2.0364526],[13.78830989]
[8.27972514],[2.07191727],[14.5348424]
[8.42915044],[2.107454],[15.17212462]
[8.74678626],[2.14950286],[15.92521253]
[9.04359747],[2.21514496],[16.84426924]
[9.2664624],[2.2757497],[17.70802521]
[9.47723481],[2.39694087],[18.64359448]
[9.75136855],[2.46432364],[19.58843018]
[9.86003147],[2.53235751],[20.7364675]
[10.08348845],[2.56827181],[21.50783443]
[10.27342761],[2.59961514],[22.21995996]
[10.46856266],[2.62133842],[22.9859887]
[10.63003715],[2.61796213],[23.36287487]
[10.75761465],[2.62455607],[23.55358767]
[10.91643481],[2.62761643],[23.80618737]
[11.10749808],[2.61739552],[24.0772238]
[11.14087509],[2.60966568],[24.30152905]
[11.31214062],[2.60209284],[24.46548635]
[11.45681064],[2.59529394],[24.65231459]
[11.65188059],[2.58832263],[24.93537964]
[11.75572229],[2.58130348],[24.97553971]
[11.82983692],[2.57423219],[24.93013399]
[12.02711205],[2.56769885],[24.92773279]
[12.067987],[2.56315078],[24.69289589]
[12.01494309],[2.55066131],[24.30603391]
[11.85734847],[2.53058147],[23.63273146]
[11.543514],[2.5086432],[22.82946685]
[11.12462727],[2.48489043],[21.70397732]
[10.79202369],[2.45865621],[20.85442511]
[10.48062372],[2.41792424],[19.94770933]
[10.09901532],[2.35539307],[19.17063515]
[9.94626167],[2.27164404],[18.27638692]
[9.77206428],[2.14534268],[17.14849696]
[9.29411201],[2.06732994],[16.06903399]
[8.22737761],[2.04962678],[14.18062539]
