meltWidth,meltDepth,meltArea
[0.],[0.],[0.]
[0.],[0.],[0.]
[0.],[0.],[0.]
[0.],[0.],[0.]
[0.],[0.],[0.]
[0.],[0.],[0.]
[0.],[0.],[0.]
[0.],[0.],[0.]
[0.],[0.],[0.]
[0.],[0.],[0.]
[0.],[0.],[0.]
[0.],[0.],[0.]
[0.],[0.],[0.]
[0.],[0.],[0.]
[0.],[0.],[0.]
[0.],[0.],[0.]
[0.],[0.],[0.]
[0.],[0.],[0.]
[0.],[0.],[0.]
[0.],[0.],[0.]
[0.],[0.],[0.]
[0.],[0.],[0.]
[0.],[0.],[0.]
[0.],[0.],[0.]
[0.],[0.],[0.]
[0.],[0.],[0.]
[0.],[0.],[0.]
[0.],[0.],[0.]
[0.],[0.],[0.]
[0.],[0.],[0.]
[0.],[0.],[0.]
[0.],[0.],[0.]
[0.],[0.],[0.]
[0.],[0.],[0.]
[0.],[0.],[0.]
[0.],[0.],[0.]
[0.],[0.],[0.]
[0.],[0.],[0.]
[0.],[0.],[0.]
[0.],[0.],[0.]
[0.],[0.],[0.]
[0.],[0.],[0.]
[0.],[0.],[0.]
[0.],[0.],[0.]
[0.],[0.],[0.]
[0.],[0.],[0.]
[0.],[0.],[0.]
[0.],[0.],[0.]
[0.],[0.],[0.]
[0.],[0.],[0.]
[0.],[0.],[0.]
[0.],[0.],[0.]
[0.],[0.],[0.]
[0.],[0.],[0.]
[0.],[0.],[0.]
[0.],[0.],[0.]
[0.],[0.],[0.]
[1.35066705],[0.09819589],[0.06481286]
[1.97599719],[0.1888747],[0.19725622]
[2.17103272],[0.2553281],[0.3607908]
[2.21395016],[0.26277028],[0.40791463]
[2.10704826],[0.25771215],[0.38247028]
[2.10217579],[0.23649075],[0.35581899]
[2.05226214],[0.24647697],[0.34234374]
[2.03564098],[0.22981702],[0.31588158]
[1.91639982],[0.23441484],[0.30213357]
[1.91220562],[0.21463091],[0.28127106]
[1.75358912],[0.22108393],[0.26442207]
[1.79245057],[0.20799258],[0.25572458]
[1.63884811],[0.20342811],[0.23118379]
[1.73933621],[0.20877742],[0.2417506]
[1.5758637],[0.1957386],[0.21244719]
[1.65546586],[0.20251843],[0.21697939]
[1.48261867],[0.18542902],[0.18833463]
[1.56098039],[0.18648132],[0.190288]
[1.3958696],[0.1712318],[0.16497199]
[1.47364654],[0.16498457],[0.16142263]
[1.31839963],[0.15312788],[0.13980131]
[1.40312293],[0.15021777],[0.1407412]
[1.25600053],[0.13673985],[0.12312633]
[1.34186324],[0.13366754],[0.12381765]
[1.20694731],[0.12733518],[0.1119519]
[1.29060062],[0.12165024],[0.11235485]
[1.16004],[0.11658135],[0.10032302]
[1.23486472],[0.11112341],[0.10074471]
[1.19459913],[0.10890108],[0.10407918]
[1.18201931],[0.10689752],[0.09140839]
[1.11534431],[0.10464733],[0.08573824]
[1.09605951],[0.10527444],[0.08385016]
[1.07525168],[0.10009764],[0.07945556]
[1.04807986],[0.09790323],[0.07462677]
[1.02201541],[0.08103071],[0.06566458]
[0.95391393],[0.05505971],[0.03990179]
[0.85618288],[0.03032586],[0.01174095]
[0.05289816],[0.00270532],[9.18296337e-06]
[0.],[0.],[0.]
[0.],[0.],[0.]
[0.],[0.],[0.]
[0.],[0.],[0.]
[0.],[0.],[0.]
[0.],[0.],[0.]
[0.],[0.],[0.]
[0.],[0.],[0.]
[0.],[0.],[0.]
[0.],[0.],[0.]
[0.],[0.],[0.]
[0.],[0.],[0.]
[0.],[0.],[0.]
[4.50702015],[0.10385824],[0.28284232]
[3.50602192],[0.09327612],[0.17735902]
[0.8619757],[0.00408214],[0.00066611]
[0.31946381],[0.10004533],[0.01723602]
[2.2483657],[0.3036466],[0.36594344]
[2.44085266],[0.40453935],[0.66700112]
[2.65939528],[0.50739677],[0.97762835]
[2.59164876],[0.53240279],[0.99390928]
[2.47938126],[0.83733733],[1.20458388]
[2.41942004],[0.93117974],[1.58233401]
[2.31973378],[0.98941935],[1.79909756]
[2.2751857],[0.98012504],[1.82014675]
[2.21738686],[0.99137715],[1.85861616]
[2.17841054],[0.97614535],[1.88977212]
[2.09431262],[0.9855913],[1.9042254]
[2.10628795],[0.97889652],[2.02581917]
[2.0813699],[0.98105435],[1.99841914]
[2.175876],[0.98061997],[2.01164998]
[2.25533643],[0.9744281],[1.97279552]
[2.3489009],[0.97199826],[1.99048879]
[2.44922619],[0.97403459],[1.95280423]
[2.45977815],[0.96573456],[1.95070872]
[2.45631881],[0.97429649],[1.90461306]
[2.4493006],[0.95687901],[1.87947951]
[2.4198119],[0.95933482],[1.83232672]
[2.42662892],[0.94587739],[1.8232483]
[2.41183187],[0.95042788],[1.78503822]
[2.44193387],[0.93541782],[1.77721702]
[2.45563497],[0.90290988],[1.75341613]
[2.51363031],[0.88234776],[1.75391031]
[2.53677002],[0.8719808],[1.74420505]
[2.61009219],[0.83979122],[1.72053189]
[2.58009463],[0.84002202],[1.69666635]
[2.6870672],[0.82113186],[1.74635542]
[2.7680543],[0.81554181],[1.75963742]
[2.78860622],[0.81426235],[1.78125388]
[2.86322384],[0.81107839],[1.77582662]
[2.84384584],[0.80766844],[1.76494601]
[2.8944148],[0.80133668],[1.78034727]
[2.92374678],[0.79232977],[1.74794967]
[2.93219369],[0.77112034],[1.68488286]
[2.9670864],[0.73334253],[1.62290371]
[2.99477888],[0.7192972],[1.57068886]
[2.95308655],[0.75771601],[1.34741336]
[2.89984658],[0.65290395],[0.97447467]
[2.87317652],[0.60727471],[0.95197573]
[2.83160315],[0.57337196],[0.89802436]
[2.74840686],[0.55159383],[0.84115688]
[2.69337063],[0.53323267],[0.80008931]
[2.65087279],[0.52759241],[0.77517995]
[2.58548902],[0.52508851],[0.75409883]
[2.49525337],[0.53246443],[0.73503461]
[2.40978747],[0.52446209],[0.70589739]
[2.28950701],[0.52013453],[0.67170972]
[2.16212314],[0.51008735],[0.63854794]
[5.09722165],[0.85240693],[3.95725304]
[4.61971037],[0.82381697],[2.47689527]
[3.84202705],[0.33537902],[0.70717327]
[1.90420645],[0.1582683],[0.16116859]
[2.48712622],[0.36531717],[0.52211434]
[2.59857132],[0.48309904],[0.86148451]
[2.78471279],[0.53161681],[1.14397806]
[2.68741925],[0.58270739],[1.14822142]
[2.51385705],[0.88457475],[1.41655393]
[2.41651246],[0.99024426],[1.81167482]
[2.31970782],[1.06372453],[1.99107889]
[2.28511954],[1.07185406],[2.07901614]
[2.20136333],[1.08393368],[2.18596675]
[2.19354599],[1.08698559],[2.31428888]
[2.22124175],[1.10151272],[2.35347078]
[2.32750232],[1.09651051],[2.4144834]
[2.40797255],[1.11577721],[2.41023229]
[2.48149698],[1.10310525],[2.43434006]
[2.59688196],[1.11978142],[2.4316851]
[2.66845324],[1.11437104],[2.45717001]
[2.71232066],[1.11979746],[2.41959616]
[2.70766922],[1.1159961],[2.42410114]
[2.7157556],[1.11890455],[2.3670628]
[2.70472014],[1.1094085],[2.3583837]
[2.70060908],[1.10763302],[2.30507609]
[2.69778628],[1.09773852],[2.31047008]
[2.70780716],[1.09977759],[2.26141795]
[2.7324376],[1.0917255],[2.2650167]
[2.76376093],[1.07709],[2.23838465]
[2.80560424],[1.09456669],[2.25544353]
[2.83574289],[1.05078173],[2.22662603]
[2.8919063],[1.07343704],[2.21666258]
[2.9297911],[1.02077139],[2.22367334]
[2.98035285],[1.03498091],[2.25821206]
[3.07169873],[0.98947715],[2.27524928]
[3.06076025],[0.98315231],[2.25882398]
[3.13802192],[0.9755988],[2.25967995]
[3.13680535],[0.96791466],[2.24490203]
[3.16119176],[0.95799912],[2.24374734]
[3.18645421],[0.94644287],[2.20742185]
[3.2075436],[0.91696557],[2.14069827]
[3.23482043],[0.89207851],[1.99082896]
[3.26181888],[0.88354912],[1.89578632]
[3.24036576],[0.83548744],[1.7458375]
[3.19139244],[0.79285408],[1.56933489]
[3.14020056],[0.75112205],[1.46458848]
[3.08947608],[0.71632365],[1.38296579]
[3.03799285],[0.6842238],[1.296684]
[2.98354672],[0.65180044],[1.21205349]
[2.93106658],[0.63638893],[1.15339879]
[2.87940849],[0.63266499],[1.10416284]
[2.81151554],[0.63496321],[1.04930934]
[2.73933549],[0.62808318],[1.00966061]
[2.6714447],[0.61948385],[0.969165]
[2.5830422],[0.60933833],[0.91344149]
[6.42304278],[1.06310216],[6.34934412]
[4.08259883],[0.87139316],[3.5583537]
[3.76046834],[0.78215218],[2.00560856]
[3.81761338],[0.30224452],[0.73843078]
[2.60169664],[0.37754265],[0.76948898]
[2.69072047],[0.49952848],[0.97748334]
[2.76989757],[0.54118303],[1.12908475]
[2.55259375],[0.64836105],[1.41976449]
[2.45046917],[0.91521839],[1.72300772]
[2.4047677],[1.02542267],[2.00345009]
[2.2982935],[1.12110363],[2.18840369]
[2.26005764],[1.12924722],[2.39646729]
[2.29734927],[1.15057994],[2.49455551]
[2.47055813],[1.14435342],[2.60558411]
[2.5555433],[1.17119277],[2.67054763]
[2.61988593],[1.15886306],[2.68688593]
[2.73122432],[1.17655357],[2.6996351]
[2.81172439],[1.16222084],[2.73029385]
[2.87549923],[1.17834898],[2.73553978]
[2.89956037],[1.17107113],[2.74602434]
[2.93590361],[1.18755615],[2.72936577]
[2.95139999],[1.1805054],[2.7278674]
[2.95547534],[1.18592104],[2.67951142]
[2.95184389],[1.177667],[2.66595097]
[2.94978984],[1.1767521],[2.6172558]
[2.94958279],[1.16782427],[2.61536855]
[2.97506115],[1.16937542],[2.57549194]
[3.02236718],[1.16497894],[2.59515882]
[3.05670469],[1.16709244],[2.57598963]
[3.08911518],[1.1663453],[2.55539664]
[3.11047372],[1.16096592],[2.56068396]
[3.15692086],[1.1665136],[2.50413289]
[3.19119097],[1.15917283],[2.54413891]
[3.23042882],[1.16109854],[2.5608674]
[3.29628875],[1.13154564],[2.57412115]
[3.30998779],[1.11622606],[2.56980701]
[3.3610264],[1.10067463],[2.55557786]
[3.37970145],[1.08610813],[2.5372777]
[3.39280062],[1.06814934],[2.53890124]
[3.41739277],[1.05178225],[2.46777655]
[3.44131065],[1.00526012],[2.35835363]
[3.46791366],[0.95791216],[2.24050171]
[3.48689967],[0.94954051],[2.16102009]
[3.4949467],[0.91419784],[2.02638129]
[3.45975545],[0.84246039],[1.83230483]
[3.40581637],[0.79677615],[1.68423655]
[3.35252298],[0.75652319],[1.580796]
[3.29831847],[0.72412543],[1.49758325]
[3.24973091],[0.69371396],[1.42284793]
[3.18646921],[0.66794157],[1.34282968]
[3.13239534],[0.64995264],[1.29097373]
[3.07833204],[0.64845818],[1.24118837]
[3.02024044],[0.64263672],[1.19452547]
[2.9558336],[0.6420927],[1.15776271]
[2.8829828],[0.63423626],[1.11181342]
[9.80679264],[1.27338985],[8.60515947]
[5.13543817],[0.95142012],[5.51927347]
[3.95252049],[0.79826001],[3.41981517]
[2.93307751],[0.56129662],[1.52572701]
[2.86569063],[0.39923943],[0.99030886]
[2.70342741],[0.44260795],[0.97645287]
[2.45551179],[0.51462474],[0.92188264]
[2.22529974],[0.65528997],[1.42623542]
[2.11745873],[0.91245327],[1.72235228]
[2.12468399],[1.03953316],[2.03178283]
[2.13636709],[1.15094568],[2.29067294]
[2.39248366],[1.14506815],[2.50270195]
[2.60251836],[1.1788274],[2.65133208]
[2.74252792],[1.16291868],[2.73163622]
[2.85634336],[1.18638252],[2.79388608]
[2.93329642],[1.17344804],[2.82538]
[3.01265521],[1.18685638],[2.86675597]
[3.06303086],[1.18119028],[2.87725188]
[3.09317283],[1.19239634],[2.87572919]
[3.18084968],[1.19101794],[2.89459248]
[3.17023406],[1.20050866],[2.87020946]
[3.19636062],[1.19818056],[2.86290663]
[3.17011301],[1.20247297],[2.82004519]
[3.18822908],[1.19477221],[2.79072643]
[3.15888027],[1.19100756],[2.75063585]
[3.18620718],[1.18829636],[2.71150093]
[3.20623595],[1.18340443],[2.71719061]
[3.26078014],[1.18561644],[2.61865303]
[3.30220233],[1.17868915],[2.69721205]
[3.32030486],[1.18496601],[2.54276729]
[3.33211031],[1.15056011],[2.57527999]
[3.36395615],[1.18294869],[2.49653528]
[3.38374895],[1.14729806],[2.50809087]
[3.42130047],[1.1660493],[2.51459584]
[3.4628759],[1.11622504],[2.52819061]
[3.47668146],[1.10757927],[2.51375784]
[3.50629989],[1.09623617],[2.49352584]
[3.52534807],[1.08560752],[2.46973842]
[3.52503946],[1.0737933],[2.46750993]
[3.54396228],[1.06078131],[2.42342594]
[3.56305503],[1.0198742],[2.33517943]
[3.58841256],[0.99923919],[2.25493525]
[3.61994466],[0.93901134],[2.18293226]
[3.65676963],[0.90408638],[2.10207961]
[3.6498359],[0.85159617],[1.9852463]
[3.6195985],[0.80586254],[1.87320528]
[3.57396743],[0.77110419],[1.77725242]
[3.52747218],[0.74208194],[1.6984283]
[3.48341021],[0.71375835],[1.62094242]
[3.43065489],[0.69168936],[1.53899123]
[3.37922855],[0.6728418],[1.47637852]
[3.32303201],[0.64917503],[1.4085999]
[3.25704641],[0.63658275],[1.34685409]
[3.1925506],[0.62829438],[1.29121018]
[3.14185797],[0.61232212],[1.23320231]
[9.54300797],[1.40866047],[9.26172377]
[7.87099021],[1.18813787],[6.30764978]
[3.97242224],[0.98818733],[4.6706094]
[3.23460977],[0.77214361],[3.01430249]
[2.6039459],[0.37882237],[1.24861574]
[2.78710477],[0.46133776],[1.14381212]
[2.39881559],[0.48992703],[0.9425898]
[2.22122017],[0.68999092],[1.34940155]
[2.1271581],[0.9400784],[1.94400533]
[2.31259306],[1.06230577],[2.35929904]
[2.48164537],[1.19682442],[2.59974788]
[2.73230156],[1.19599085],[2.87308097]
[2.95061154],[1.22644739],[3.02420406]
[3.12597177],[1.22003495],[3.13940403]
[3.25687112],[1.23553562],[3.21165039]
[3.33980508],[1.23323868],[3.25884281]
[3.38964923],[1.24084674],[3.26108925]
[3.43702196],[1.25062415],[3.26245437]
[3.47581349],[1.25531101],[3.25979944]
[3.47332813],[1.2620337],[3.25698498]
[3.45693001],[1.26669232],[3.23021689]
[3.43767671],[1.27066918],[3.21315565]
[3.42316912],[1.27198594],[3.18262577]
[3.41955022],[1.27007697],[3.14049482]
[3.40695218],[1.26361034],[3.11483308]
[3.40938768],[1.26428664],[3.04819322]
[3.42415182],[1.2594052],[3.05720966]
[3.44932658],[1.26294648],[2.94305951]
[3.49985258],[1.26034785],[3.02485122]
[3.50792154],[1.2636338],[2.89760777]
[3.52703969],[1.25891836],[2.91337655]
[3.5402625],[1.26290511],[2.85969084]
[3.56621188],[1.26010875],[2.87849705]
[3.59666998],[1.2634344],[2.88571573]
[3.6244014],[1.25689116],[2.90325069]
[3.64078519],[1.25638128],[2.89338073]
[3.65723254],[1.25308699],[2.87770453]
[3.6794732],[1.24633425],[2.84661365]
[3.67179248],[1.24021881],[2.8438145]
[3.68715536],[1.22478987],[2.80823694]
[3.70794622],[1.16587395],[2.73706229]
[3.73343599],[1.11344766],[2.65548164]
[3.76218821],[1.09332858],[2.58714346]
[3.78256628],[0.99146139],[2.44544722]
[3.76762392],[0.93312251],[2.30980497]
[3.72445358],[0.88740673],[2.17012056]
[3.67848652],[0.85116419],[2.06573153]
[3.62704794],[0.82042531],[1.97253592]
[3.57731638],[0.78901736],[1.87521272]
[3.52154478],[0.75759219],[1.77479891]
[3.46562694],[0.72454059],[1.6888439]
[3.41112612],[0.68375315],[1.5855477]
[3.35053994],[0.65149628],[1.48367178]
[3.29348775],[0.6308091],[1.39950077]
[3.23887869],[0.61017662],[1.32730668]
[9.73912697],[1.43275382],[9.95724889]
[7.92375739],[1.29072204],[6.73885983]
[6.8932009],[1.12703301],[5.12049499]
[3.87598614],[0.94934804],[3.67943981]
[2.65262906],[0.64746153],[2.53396956]
[2.81733069],[0.49635847],[1.33498051]
[2.45607749],[0.54678119],[1.16546175]
[2.30674045],[0.63504795],[1.19527437]
[2.14733375],[0.94902207],[2.05184947]
[2.51575595],[1.06815949],[2.5351092]
[2.68720011],[1.20793161],[2.76782295]
[2.97993805],[1.21313531],[3.03990671]
[3.31665272],[1.24189156],[3.2085641]
[3.45797917],[1.23426069],[3.3414847]
[3.74580178],[1.25588525],[3.43117547]
[3.60306187],[1.25734418],[3.43839335]
[3.75357265],[1.26835019],[3.45314572]
[3.658258],[1.27984105],[3.4536484]
[3.69799569],[1.28499005],[3.44833585]
[3.60108489],[1.29965244],[3.43356707]
[3.60387384],[1.29709901],[3.41200969]
[3.52518714],[1.30718476],[3.37650915]
[3.53190353],[1.30322814],[3.33933426]
[3.48172829],[1.30503202],[3.25648465]
[3.48175873],[1.29883765],[3.25759215]
[3.45573447],[1.29865144],[3.13208548]
[3.48152058],[1.29745047],[3.15583147]
[3.50361259],[1.29762602],[3.04317949]
[3.54293445],[1.29812755],[3.08752282]
[3.54744701],[1.29903893],[3.00852731]
[3.58277479],[1.29870442],[3.03418229]
[3.59383744],[1.30084758],[3.01284068]
[3.6354519],[1.30075547],[3.03391096]
[3.66596895],[1.30113748],[3.04714132]
[3.69332282],[1.29628261],[3.0563095]
[3.71613699],[1.29669102],[3.05501689]
[3.7270734],[1.2941861],[3.0477889]
[3.75819389],[1.29199075],[3.03249843]
[3.7466542],[1.28910784],[3.03072534]
[3.7631468],[1.2852945],[3.00676966]
[3.78603204],[1.257634],[2.95359092]
[3.81206726],[1.18586411],[2.88050178]
[3.84051251],[1.14063531],[2.79499542]
[3.85840955],[1.06659581],[2.63529786]
[3.83437058],[0.99673744],[2.48779133]
[3.78864881],[0.92554538],[2.32529354]
[3.74117867],[0.87325394],[2.20071951]
[3.69551629],[0.83445803],[2.09987198]
[3.64825427],[0.79902421],[1.98844338]
[3.59455798],[0.76731981],[1.86642261]
[3.53814342],[0.72831591],[1.75142218]
[3.48259615],[0.68501967],[1.63073571]
[3.42565553],[0.64798843],[1.49586132]
[3.36853468],[0.62665046],[1.3975712]
[3.31270659],[0.60488225],[1.31867187]
[9.87724412],[1.51508014],[10.44350579]
[7.98222715],[1.33554258],[7.0776477]
[6.96065391],[1.16091164],[5.31083542]
[5.81042992],[1.03962396],[3.92339289]
[3.31692222],[0.80257657],[2.9092659]
[2.80579078],[0.51256845],[2.01452742]
[2.42413598],[0.60639277],[1.34884188]
[2.310483],[0.7157309],[1.31136849]
[2.16025727],[0.9724297],[2.16740854]
[2.76513436],[1.08655705],[2.6844164]
[2.99320624],[1.22690507],[2.91753963]
[3.2609346],[1.23269863],[3.17918396]
[3.72265829],[1.25849894],[3.35190348]
[3.70663952],[1.24853657],[3.45847726]
[3.93454796],[1.26651693],[3.51442885]
[3.74873778],[1.27433814],[3.53362492]
[3.89558534],[1.28947588],[3.54852351]
[3.75734613],[1.30477983],[3.54535296]
[3.79881448],[1.31651985],[3.53048001]
[3.66912886],[1.32498885],[3.49989138]
[3.65888521],[1.33059063],[3.47831874]
[3.57921055],[1.33875758],[3.42584116]
[3.56902941],[1.33572067],[3.39686304]
[3.52201904],[1.33931109],[3.27624179]
[3.52166435],[1.32564633],[3.28165808]
[3.48918941],[1.3302977],[3.12993717]
[3.52367621],[1.32154761],[3.15443502]
[3.53949804],[1.32848279],[3.06768373]
[3.57889445],[1.31894246],[3.09674019]
[3.58086519],[1.32706044],[3.04948176]
[3.61430244],[1.3165544],[3.04473173]
[3.62108344],[1.3237563],[3.05060867]
[3.65427207],[1.31667758],[3.05643071]
[3.68716306],[1.32077211],[3.07939528]
[3.72075364],[1.31044985],[3.09133169]
[3.73877713],[1.30853263],[3.08623652]
[3.75414052],[1.30434379],[3.08027974]
[3.78407158],[1.30035986],[3.0630872]
[3.77559443],[1.29732421],[3.06108299]
[3.79304156],[1.29349143],[3.0409685]
[3.81849305],[1.2545064],[2.9935123]
[3.84802454],[1.20089208],[2.92574183]
[3.88108903],[1.13211418],[2.81869321]
[3.90867899],[1.06477622],[2.66269586]
[3.87982848],[0.98636156],[2.50501196]
[3.83217306],[0.91949033],[2.35439684]
[3.78141183],[0.87053371],[2.23941462]
[3.73418014],[0.8200026],[2.1153492]
[3.68593329],[0.77424385],[1.98949073]
[3.62735556],[0.7351259],[1.85661762]
[3.56743347],[0.68361479],[1.71282819]
[3.50550775],[0.63359753],[1.5540724]
[3.43704039],[0.58689159],[1.393886]
[3.36768939],[0.54729047],[1.23851262]
[3.29351922],[0.50584419],[1.0992902]
[9.98480376],[1.57041819],[10.76661146]
[8.06801472],[1.37826797],[7.29737051]
[7.05201829],[1.20429867],[5.48240132]
[6.0540037],[1.07335455],[4.00464326]
[3.7369675],[0.84516392],[2.88685037]
[2.56379795],[0.51956876],[1.55676609]
[2.13067607],[0.59595997],[1.29350877]
[2.11525816],[0.70630438],[1.63642492]
[2.07725871],[0.94371105],[2.15821326]
[2.91040768],[1.06390044],[2.56966849]
[3.18865276],[1.20721045],[2.84867925]
[3.40714069],[1.20863013],[3.07707949]
[3.86746306],[1.22760415],[3.24678876]
[3.77666253],[1.21467472],[3.31634125]
[3.95639264],[1.2246673],[3.34358071]
[3.79562506],[1.22849121],[3.33605387]
[3.92583697],[1.23998947],[3.35979973]
[3.76948108],[1.25659568],[3.33288833]
[3.81504063],[1.26558893],[3.33361169]
[3.68417652],[1.2768253],[3.24485615]
[3.67168459],[1.27888553],[3.25531151]
[3.60084965],[1.28905477],[3.09931724]
[3.59324633],[1.28286005],[3.13123779]
[3.54482934],[1.28960822],[2.92905034]
[3.54759629],[1.24987176],[2.92713504]
[3.51635017],[1.28161486],[2.85256258]
[3.55782268],[1.23165024],[2.85008846]
[3.56683021],[1.27846399],[2.84917248]
[3.60813946],[1.21583788],[2.83635271]
[3.60014912],[1.26174014],[2.85121348]
[3.63433898],[1.20624674],[2.81796991]
[3.63760543],[1.23754732],[2.84579156]
[3.66966478],[1.2092652],[2.84223979]
[3.69507863],[1.22494902],[2.86241428]
[3.72903893],[1.22592806],[2.86742771]
[3.74585237],[1.2281062],[2.85727933]
[3.76180335],[1.22835715],[2.85016152]
[3.79057946],[1.22462882],[2.83144473]
[3.78391302],[1.22696755],[2.82613443]
[3.80105658],[1.21124303],[2.80650754]
[3.82570262],[1.16957066],[2.75111704]
[3.85490262],[1.09275424],[2.68907975]
[3.88778724],[1.03798174],[2.61466086]
[3.92498446],[0.98583952],[2.52839644]
[3.9206684],[0.94491847],[2.45292808]
[3.87418377],[0.91629327],[2.34995547]
[3.82630074],[0.88203392],[2.25654062]
[3.78105665],[0.83884066],[2.15040653]
[3.73644306],[0.79183929],[2.04501221]
[3.68243002],[0.75123743],[1.93317691]
[3.6261991],[0.70127129],[1.81781026]
[3.57212972],[0.6533546],[1.702261]
[3.5132895],[0.61443077],[1.56418042]
[3.44692642],[0.56915751],[1.40913785]
[3.38008853],[0.52574291],[1.26294826]
[10.26654936],[1.61399697],[11.1834382]
[8.19437833],[1.41074435],[7.59152643]
[7.19510179],[1.24113771],[5.73261818]
[6.20579936],[1.11424782],[4.21322839]
[4.87391869],[0.99088953],[3.14849577]
[2.88303291],[0.55785025],[1.75456664]
[2.12959131],[0.64342366],[1.3456447]
[2.11439517],[0.73393863],[1.94651751]
[2.28927155],[0.96940174],[2.26702788]
[3.15460983],[1.1158634],[2.72989371]
[3.49320411],[1.23415535],[3.00183497]
[3.6158404],[1.23888743],[3.22322958]
[3.95177297],[1.25437941],[3.41604472]
[3.91838269],[1.24473441],[3.45698164]
[4.06625509],[1.25231077],[3.48033223]
[3.90840456],[1.2599651],[3.45819648]
[4.02877495],[1.26947906],[3.47833538]
[3.86666485],[1.28786195],[3.44515404]
[3.91941787],[1.29012449],[3.43875944]
[3.78897307],[1.30771804],[3.34900341]
[3.78015735],[1.29855234],[3.36428324]
[3.70330325],[1.31647402],[3.2113741]
[3.69198231],[1.30400469],[3.23990288]
[3.64800021],[1.31297088],[3.03640009]
[3.64682071],[1.27680711],[3.0434829]
[3.61369412],[1.30314376],[2.95087081]
[3.64567375],[1.25836387],[2.95276637]
[3.6399794],[1.2992774],[2.92977615]
[3.68806942],[1.2333191],[2.91701184]
[3.66771396],[1.27845695],[2.91454476]
[3.69745582],[1.2287644],[2.88524511]
[3.69800522],[1.26329084],[2.91718694]
[3.72394129],[1.23123288],[2.90784462]
[3.74809325],[1.24817358],[2.92902747]
[3.77021768],[1.24751863],[2.91464412]
[3.7924229],[1.25033038],[2.90898096]
[3.803846],[1.24960879],[2.90461886]
[3.83615169],[1.24326239],[2.88760474]
[3.82379608],[1.24435921],[2.88173691]
[3.83781268],[1.23262125],[2.87012539]
[3.85799492],[1.19451868],[2.81185859]
[3.88330004],[1.11926837],[2.75165637]
[3.91133493],[1.03747833],[2.6511235]
[3.94443511],[0.9902563],[2.57768828]
[3.92991184],[0.95202121],[2.51209481]
[3.8857677],[0.92340716],[2.42105369]
[3.84164454],[0.90213363],[2.33797714]
[3.80108897],[0.87872495],[2.24514839]
[3.76011172],[0.84879277],[2.15012595]
[3.71009653],[0.80564425],[2.03816696]
[3.6560119],[0.75579502],[1.9363253]
[3.61005646],[0.71317196],[1.84404098]
[3.55862052],[0.67192998],[1.71129975]
[3.51073364],[0.63879263],[1.60371062]
[3.45555942],[0.58948513],[1.48111627]
[10.24166102],[1.66409126],[11.54983852]
[8.16159579],[1.43699308],[7.83446019]
[7.13033885],[1.27470619],[5.95503202]
[6.08709363],[1.15849657],[4.37448034]
[4.74526819],[1.00046465],[3.4170314]
[3.31678069],[0.58516499],[2.5757508]
[2.22862784],[0.67255358],[1.58538746]
[2.11159184],[0.76570958],[2.14274727]
[2.68211491],[0.96610997],[2.33671993]
[3.25058091],[1.12353028],[2.78043906]
[3.56056082],[1.23955723],[3.07065019]
[3.70021423],[1.245713],[3.28720469]
[3.98361254],[1.26543807],[3.48158943]
[3.95969051],[1.25518934],[3.5014001]
[4.0927169],[1.26212521],[3.52140481]
[3.96595854],[1.27516669],[3.50993685]
[4.04830734],[1.284171],[3.51358655]
[3.88438296],[1.30256632],[3.47918245]
[3.9393569],[1.30586667],[3.47417801]
[3.79474246],[1.32329101],[3.37270753]
[3.79610366],[1.3156349],[3.39416019]
[3.71005206],[1.33440479],[3.2377778]
[3.6998007],[1.32106502],[3.26765366]
[3.65628576],[1.33162858],[3.06610175]
[3.65905906],[1.2998718],[3.0710433]
[3.634704],[1.32079256],[2.98070987]
[3.67353605],[1.27337709],[2.98288431]
[3.66158111],[1.31638115],[2.95644649]
[3.70683418],[1.23903264],[2.94592907]
[3.6839197],[1.30077431],[2.94575297]
[3.71433876],[1.24727933],[2.91070958]
[3.71030381],[1.2712336],[2.93717817]
[3.73527329],[1.24680339],[2.93163995]
[3.75720058],[1.26386945],[2.94724869]
[3.77751239],[1.26347218],[2.93572375]
[3.79869687],[1.26603562],[2.92941762]
[3.80669175],[1.26507599],[2.92548353]
[3.83888183],[1.25785964],[2.90145816]
[3.82394621],[1.25910608],[2.90333239]
[3.83741426],[1.24665384],[2.89347061]
[3.85647362],[1.22351016],[2.85889713]
[3.88126241],[1.12489314],[2.77816891]
[3.90896914],[1.04579064],[2.6712767]
[3.94181351],[0.99963005],[2.60367515]
[3.95698199],[0.96045321],[2.54949448]
[3.92003508],[0.92807133],[2.47099623]
[3.87653689],[0.90092775],[2.38461923]
[3.8364785],[0.87710968],[2.30304282]
[3.79771752],[0.85517389],[2.22643349]
[3.75374625],[0.83378576],[2.13156467]
[3.70278985],[0.80454893],[2.04417057]
[3.65851362],[0.76309473],[1.94524739]
[3.61067712],[0.71917885],[1.82020732]
[3.56649639],[0.68390328],[1.72709832]
[3.52085771],[0.6468405],[1.62905374]
[10.24581886],[1.76266603],[12.02390703]
[8.15561014],[1.49188838],[8.07377644]
[7.12420729],[1.31150425],[6.11798359]
[6.07020127],[1.19830526],[4.47492093]
[4.65081238],[1.00311411],[3.44006038]
[3.49762004],[0.83675261],[2.7367386]
[2.23758139],[0.68258073],[1.78516542]
[2.06621274],[0.78355966],[2.09069238]
[3.19787347],[0.95411632],[2.38847058]
[3.39369619],[1.12500185],[2.80640078]
[3.63426354],[1.23888116],[3.11499092]
[3.76837048],[1.24312058],[3.29773847]
[4.00100546],[1.26435941],[3.4916886]
[4.00987791],[1.25500167],[3.50982155]
[4.12418592],[1.25805309],[3.53126051]
[4.01232334],[1.27496643],[3.50416954]
[4.07686656],[1.27868343],[3.50383656]
[3.91688099],[1.3020349],[3.45232737]
[3.97204759],[1.30121925],[3.46356046]
[3.8176718],[1.32282679],[3.3372714]
[3.82933955],[1.30565931],[3.3644347]
[3.73325213],[1.33451158],[3.18374934]
[3.73093086],[1.30344176],[3.21404416]
[3.68300411],[1.32988362],[3.03243171]
[3.69607728],[1.25833575],[3.01375816]
[3.66965885],[1.32273645],[2.98276932]
[3.71104833],[1.23234211],[2.95299067]
[3.69406748],[1.29471919],[2.95198313]
[3.73777431],[1.24787161],[2.92368447]
[3.71083754],[1.25634483],[2.92546892]
[3.7388095],[1.25462052],[2.88896906]
[3.73476974],[1.26410353],[2.91389397]
[3.75875555],[1.250098],[2.90956001]
[3.77980584],[1.2698222],[2.92406741]
[3.79278936],[1.26628731],[2.90821259]
[3.81248116],[1.2680742],[2.89836245]
[3.81751041],[1.26639867],[2.90091915]
[3.84749925],[1.26071698],[2.89112283]
[3.83220841],[1.26185975],[2.89421393]
[3.84523168],[1.25050413],[2.88948598]
[3.86202018],[1.21310306],[2.85550141]
[3.88618955],[1.12205915],[2.77238803]
[3.91271928],[1.03806879],[2.67417985]
[3.9437053],[0.99643731],[2.61029233]
[3.98422352],[0.96020703],[2.56107133]
[3.95384128],[0.92639051],[2.49782197]
[3.91098365],[0.90229356],[2.42451872]
[3.86991149],[0.8762624],[2.3453796]
[3.83106851],[0.85628164],[2.27328989]
[3.78884936],[0.83905068],[2.19453154]
[3.74426258],[0.81686466],[2.12776853]
[3.70324093],[0.79346577],[2.04426648]
[3.65783878],[0.7731521],[1.93591375]
[3.61739619],[0.74190023],[1.83781515]
[3.57192491],[0.69875128],[1.7386314]
[10.20307498],[1.82954058],[12.24595808]
[8.13276773],[1.50692541],[8.16339701]
[7.10069007],[1.32333682],[6.16795497]
[6.02107628],[1.21591956],[4.48049923]
[4.5752461],[0.98796487],[3.21824358]
[3.37638633],[0.84976386],[2.56491565]
[2.11043371],[0.63685341],[1.61944765]
[1.8218687],[0.73023359],[1.74837578]
[3.27175165],[0.92475721],[2.26113557]
[3.45580846],[1.08427764],[2.66382455]
[3.71278523],[1.14653408],[2.95927055]
[3.79337414],[1.16271064],[3.09976025]
[4.01687776],[1.13469479],[3.25320114]
[4.04802791],[1.13147594],[3.24227709]
[4.15080637],[1.12985602],[3.25640243]
[4.03077034],[1.13406134],[3.13181999]
[4.0824648],[1.14212498],[3.1935775]
[3.93021285],[1.15320997],[2.98479103]
[3.99004141],[1.16099111],[3.04745183]
[3.8298284],[1.16566963],[2.84980828]
[3.8496213],[1.16837991],[2.85272251]
[3.74031725],[1.17337809],[2.78155835]
[3.74764024],[1.16915002],[2.73874914]
[3.68637029],[1.16003405],[2.70366053]
[3.71757133],[1.16191668],[2.66545098]
[3.69017958],[1.17298359],[2.69051772]
[3.73740535],[1.17978116],[2.67217153]
[3.71383884],[1.16624228],[2.67656827]
[3.76158488],[1.16413969],[2.66488379]
[3.72427656],[1.15711845],[2.66373186]
[3.75227739],[1.13630592],[2.6461078]
[3.74829562],[1.13895386],[2.65680799]
[3.76997992],[1.11990513],[2.66605189]
[3.78769138],[1.13105002],[2.67384205]
[3.79776586],[1.12638953],[2.68542893]
[3.81355187],[1.12944043],[2.67848952]
[3.8197879],[1.12476717],[2.6906753]
[3.84777347],[1.11087886],[2.68280208]
[3.83280441],[1.11228817],[2.68952922]
[3.84520848],[1.09617878],[2.691372]
[3.86135533],[1.06070931],[2.67569338]
[3.88518566],[1.02130476],[2.62410603]
[3.91075142],[0.97928663],[2.55728356]
[3.94137519],[0.94485077],[2.51497174]
[3.99718981],[0.91153767],[2.49128758]
[3.98374267],[0.88976133],[2.4651483]
[3.94247641],[0.8740892],[2.41554214]
[3.90346918],[0.8595099],[2.35359742]
[3.86451481],[0.84551993],[2.28767292]
[3.82434978],[0.83346355],[2.2228031]
[3.78185115],[0.82366567],[2.16563368]
[3.73874937],[0.80460959],[2.09067575]
[3.69094452],[0.78488852],[1.99651525]
[3.65171788],[0.76600117],[1.90544341]
[3.61554146],[0.74534919],[1.82437991]
[10.30940375],[1.85400999],[12.49599537]
[8.20161948],[1.5227827],[8.31412383]
[7.17159399],[1.34195867],[6.27860491]
[6.09310539],[1.23206839],[4.54863084]
[4.64359633],[0.98452659],[3.30569283]
[3.38077459],[0.85805953],[2.67042996]
[2.08154523],[0.69584374],[1.74728224]
[1.8479623],[0.78900649],[1.87946295]
[3.37343658],[0.9878976],[2.45543381]
[3.5345381],[1.12860021],[2.81104202]
[3.79393275],[1.167045],[3.094514]
[3.85404469],[1.19071768],[3.21947705]
[4.06109319],[1.19184294],[3.37007291]
[4.13123597],[1.18470526],[3.33685496]
[4.1914793],[1.18133202],[3.36405863]
[4.11447908],[1.18403094],[3.20315697]
[4.1374249],[1.18864079],[3.28402333]
[4.013668],[1.19815877],[3.04972983]
[4.0650502],[1.20436469],[3.09548888]
[3.90589204],[1.20727694],[2.93463221]
[3.92751407],[1.20936566],[2.92506317]
[3.81348722],[1.21428989],[2.8518303]
[3.83344204],[1.20996141],[2.82026741]
[3.7577177],[1.19911093],[2.77561616]
[3.79864888],[1.19955328],[2.74665662]
[3.76460227],[1.20788171],[2.76327399]
[3.80267865],[1.21191458],[2.74388081]
[3.77095384],[1.18962237],[2.73927933]
[3.82137986],[1.17961827],[2.72514648]
[3.77654866],[1.17401518],[2.71906814]
[3.8055052],[1.15617421],[2.70495362]
[3.79322274],[1.16455671],[2.72025214]
[3.81310649],[1.14766622],[2.73167118]
[3.82304484],[1.1457536],[2.72657871]
[3.82738776],[1.13800914],[2.73682369]
[3.8435424],[1.13676848],[2.7289526]
[3.84591553],[1.12990737],[2.73821418]
[3.8743967],[1.11898444],[2.73117922]
[3.85864642],[1.12730078],[2.74102973]
[3.87054879],[1.11240991],[2.74298958]
[3.88445186],[1.07081679],[2.72338941]
[3.90839861],[1.0195549],[2.65331205]
[3.93441108],[0.98213987],[2.59543865]
[3.96395204],[0.94793435],[2.56271392]
[4.01825686],[0.92094672],[2.54620173]
[3.99584763],[0.90341669],[2.52056775]
[3.95382667],[0.88880428],[2.46937452]
[3.91363864],[0.875481],[2.40700328]
[3.87520033],[0.86346575],[2.34668246]
[3.83479302],[0.85158482],[2.28496427]
[3.79191231],[0.84361326],[2.23241876]
[3.75217217],[0.8314258],[2.16584403]
[3.70976049],[0.81445472],[2.07853711]
[3.67075642],[0.79884027],[1.99829026]
[3.63312078],[0.7809767],[1.91893141]
[10.31690544],[1.88342405],[12.78824283]
[8.20020999],[1.5464079],[8.54620303]
[7.16564975],[1.37952659],[6.46583395]
[6.08396764],[1.26304947],[4.67818732]
[4.63666976],[1.03663845],[3.35641592]
[3.36316394],[0.88358746],[2.74166742]
[1.98445232],[0.71970464],[1.80867565]
[1.83463442],[0.83048909],[1.89359613]
[3.43129164],[1.01141857],[2.5171996]
[3.58206433],[1.15025573],[2.82475499]
[3.8131568],[1.18308041],[3.10080836]
[3.86950358],[1.20170448],[3.21599554]
[4.08193624],[1.20492494],[3.37381169]
[4.1681902],[1.19611667],[3.32061471]
[4.2121875],[1.19229384],[3.35423476]
[4.14322682],[1.19291135],[3.07901726]
[4.14749168],[1.19814026],[3.17972014]
[4.03859227],[1.2074006],[2.99280952]
[4.07436151],[1.21248234],[3.00853409]
[3.92741842],[1.21281939],[2.89111678]
[3.95263209],[1.21326228],[2.87565403]
[3.83927418],[1.21732982],[2.82732789]
[3.86575365],[1.21170262],[2.79545784]
[3.77976808],[1.18776112],[2.75367602]
[3.83633201],[1.17265324],[2.7344]
[3.79975345],[1.16834778],[2.74206134]
[3.84113853],[1.1582821],[2.72643454]
[3.79980918],[1.14362229],[2.7247588]
[3.85380664],[1.14983538],[2.72659826]
[3.80552972],[1.1475235],[2.72237734]
[3.83668844],[1.1279249],[2.70828673]
[3.82228991],[1.13314655],[2.72156613]
[3.83980629],[1.116159],[2.73323672]
[3.85223383],[1.1050466],[2.72449374]
[3.85363667],[1.0985975],[2.7383067]
[3.87066153],[1.10092777],[2.73315523]
[3.86800368],[1.10539646],[2.74722687]
[3.89819778],[1.10338191],[2.74593615]
[3.88294184],[1.11086516],[2.75390009]
[3.89501196],[1.10398899],[2.76299924]
[3.90905727],[1.05481467],[2.73667061]
[3.93078734],[1.013905],[2.67541672]
[3.95579778],[0.97466714],[2.62269238]
[3.98240497],[0.9467007],[2.5983148]
[4.03601257],[0.92601301],[2.58646983]
[4.04303612],[0.90807572],[2.56688281]
[4.0061584],[0.89399157],[2.53024254]
[3.96604165],[0.88117831],[2.47210387]
[3.92857443],[0.87206328],[2.42136407]
[3.88835932],[0.86261602],[2.3658898]
[3.84351558],[0.85573637],[2.31355886]
[3.80360606],[0.84898707],[2.25245812]
[3.75968832],[0.8339638],[2.17338197]
[3.71996807],[0.81850289],[2.09598756]
[3.68394131],[0.80316518],[2.02394638]
[10.28349498],[1.92175894],[13.11436773]
[8.18589832],[1.58899645],[8.71753243]
[7.14213029],[1.42938486],[6.55185001]
[6.03607043],[1.29053582],[4.69903734]
[4.58908303],[1.04727167],[3.17979352]
[3.32000072],[0.88605936],[2.53586156]
[1.91813523],[0.68558073],[1.56841456]
[1.61879076],[0.8594897],[1.3097328]
[3.48527697],[1.00053586],[2.22420287]
[3.62878331],[1.12281573],[2.61789593]
[3.82964831],[1.1466394],[2.87296095]
[3.88223088],[1.15842976],[2.90509718]
[4.10324577],[1.11783194],[2.94618805]
[4.18845538],[1.03706546],[2.7678392]
[4.20750613],[1.00569839],[2.79097053]
[4.15128831],[1.0128989],[2.68573285]
[4.14413571],[1.00559456],[2.71036195]
[4.048552],[1.01784438],[2.65125199]
[4.06920977],[1.00291592],[2.66551442]
[3.9326601],[1.01791463],[2.59907857]
[3.9722962],[0.99598362],[2.59880213]
[3.85298992],[1.00787941],[2.57438194]
[3.89603981],[0.98506849],[2.54542937]
[3.80976691],[0.99109617],[2.53214667]
[3.88194993],[0.97258524],[2.53317716]
[3.83442912],[0.98667074],[2.5560201]
[3.88130058],[0.96787373],[2.54411815]
[3.8336764],[0.98416544],[2.55986697]
[3.89226756],[0.96688893],[2.55418027]
[3.83537742],[0.98008503],[2.56788406]
[3.86983221],[0.97180912],[2.55447525]
[3.84887638],[0.9858374],[2.58324741]
[3.8646293],[0.97238709],[2.59355783]
[3.87778355],[0.9816208],[2.60474649]
[3.87669439],[0.98474143],[2.62011279]
[3.89264461],[0.99372205],[2.62143648]
[3.88732548],[1.00026738],[2.63462776]
[3.91655106],[1.00153793],[2.63609175]
[3.89954709],[1.0126505],[2.64828335]
[3.91079305],[1.00965435],[2.66023009]
[3.92314737],[0.99005645],[2.64673997]
[3.94414685],[0.96348111],[2.61402876]
[3.96935409],[0.94043355],[2.58558662]
[3.99568776],[0.92130294],[2.57202507]
[4.04946525],[0.9054613],[2.56708312]
[4.0931951],[0.89323887],[2.56243447]
[4.0582431],[0.88527332],[2.54399667]
[4.01718867],[0.87750317],[2.49930522]
[3.97955178],[0.87061838],[2.45332046]
[3.93951886],[0.86408634],[2.4068237]
[3.89576584],[0.85715462],[2.35930185]
[3.85539523],[0.84949309],[2.29924869]
[3.81203469],[0.84025224],[2.22900768]
[3.76757459],[0.82538163],[2.15555336]
[3.73310007],[0.8101829],[2.085045]
[10.41046005],[1.95099279],[13.40535468]
[8.25291518],[1.61268785],[8.86371185]
[7.22424965],[1.44230752],[6.6406266]
[6.1109846],[1.29946958],[4.74995294]
[4.66144702],[1.04325997],[3.25009404]
[3.3879292],[0.87716287],[2.6451558]
[1.96941707],[0.75142009],[1.74069095]
[1.62884627],[0.92245245],[1.86315046]
[3.56882484],[1.06162087],[2.45880678]
[3.68575791],[1.18089196],[2.79653904]
[3.87884316],[1.1986947],[3.00166948]
[3.93570116],[1.20500156],[3.04724153]
[4.14618659],[1.1637095],[3.0693632]
[4.23748758],[1.0878666],[2.90189771]
[4.24103654],[1.0483284],[2.91052328]
[4.19841094],[1.04610748],[2.80988564]
[4.18364268],[1.02838376],[2.83911617]
[4.10752053],[1.04508355],[2.77196625]
[4.1166024],[1.04664512],[2.79842751]
[4.01308094],[1.0364948],[2.73296014]
[4.05835163],[1.03163062],[2.74019991]
[3.94618305],[1.03488374],[2.71262505]
[3.98309634],[1.0126432],[2.69232864]
[3.89900157],[1.01650854],[2.67151075]
[3.9702636],[0.99462136],[2.67543512]
[3.91297526],[1.01114612],[2.68633245]
[3.9655773],[0.99993444],[2.68066989]
[3.90104889],[1.00644032],[2.6833948]
[3.9708791],[1.01229672],[2.68934965]
[3.90411441],[1.01857634],[2.68993187]
[3.93470122],[1.01220059],[2.67991598]
[3.90766048],[1.01752911],[2.69415132]
[3.91874233],[1.0027384],[2.70258437]
[3.93630119],[1.0123854],[2.71191661]
[3.92790854],[1.01932398],[2.72882963]
[3.94436371],[1.03144307],[2.73081004]
[3.93307836],[1.03802816],[2.74365378]
[3.96128812],[1.03923548],[2.74118644]
[3.94076016],[1.04981534],[2.74917069]
[3.95099504],[1.04658852],[2.75895802]
[3.96354181],[1.006268],[2.73084775]
[3.98412966],[0.98068189],[2.69826558]
[4.01066385],[0.95772175],[2.66400929]
[4.035324],[0.93850544],[2.6444855]
[4.08798343],[0.92097561],[2.63803272]
[4.12988743],[0.91061895],[2.63646705]
[4.09265979],[0.90239146],[2.61889748]
[4.05346921],[0.89497816],[2.57711402]
[4.01550526],[0.88883927],[2.53184171]
[3.97506138],[0.88300137],[2.48686449]
[3.93092145],[0.87585517],[2.44076343]
[3.89075592],[0.8676339],[2.38249702]
[3.84813237],[0.86004877],[2.31512192]
[3.80467107],[0.85159153],[2.24845504]
[3.7739477],[0.83913689],[2.18111155]
[10.40398056],[1.96973796],[13.6149246]
[8.2500046],[1.63374268],[8.96523377]
[7.21129429],[1.45263646],[6.68906663]
[6.05933859],[1.3086813],[4.77058615]
[4.60914029],[1.06300119],[3.2728014]
[3.3367773],[0.88033015],[2.67658481]
[1.93588388],[0.77053391],[1.78376943]
[1.65680597],[0.93415226],[1.96399977]
[3.60117828],[1.08327132],[2.54741659]
[3.72060387],[1.19915347],[2.85939351]
[3.89605781],[1.21949752],[3.07658301]
[3.95097625],[1.22400362],[3.13516396]
[4.16558706],[1.19102465],[3.16182405]
[4.24787758],[1.11349329],[2.98180914]
[4.24771513],[1.07339306],[2.98958273]
[4.20495487],[1.07371348],[2.88982536]
[4.19139969],[1.05632774],[2.91639684]
[4.13121382],[1.06975813],[2.8603794]
[4.13231158],[1.0714038],[2.88863858]
[4.03894203],[1.06479004],[2.82851807]
[4.08923366],[1.0647139],[2.84551338]
[3.97243169],[1.07041008],[2.80625841]
[4.01579077],[1.04633281],[2.78833926]
[3.93365036],[1.04185481],[2.77119633]
[4.01103447],[1.03190866],[2.78489112]
[3.95093885],[1.0366152],[2.79012888]
[4.00385448],[1.0362877],[2.78578165]
[3.93494364],[1.03509276],[2.78308831]
[4.00699502],[1.04620628],[2.79027413]
[3.93339643],[1.04515078],[2.7781935]
[3.97607652],[1.03852319],[2.77416402]
[3.93558716],[1.04406158],[2.78044161]
[3.94107441],[1.02767373],[2.78537871]
[3.96046913],[1.04564585],[2.80083598]
[3.95050817],[1.05152795],[2.81597172]
[3.96701639],[1.06340774],[2.81513444]
[3.95098509],[1.06968473],[2.82782518]
[3.97879668],[1.07052755],[2.82420943]
[3.95723357],[1.08158414],[2.83212544]
[3.96786797],[1.06422961],[2.82790795]
[3.98009628],[1.02091043],[2.79004168]
[3.9989246],[0.99301417],[2.75673542]
[4.02560767],[0.96991637],[2.72278497]
[4.05115937],[0.95066557],[2.70214119]
[4.10262123],[0.9334529],[2.69190884]
[4.16498085],[0.92240267],[2.69423568]
[4.1394321],[0.91449768],[2.68364959]
[4.10119275],[0.90779228],[2.6492121]
[4.06340412],[0.90201485],[2.60631434]
[4.02345229],[0.89602849],[2.56195073]
[3.9796811],[0.88908832],[2.51748473]
[3.93996742],[0.88149112],[2.46227625]
[3.89766574],[0.87531007],[2.39568612]
[3.85402032],[0.87015605],[2.33304724]
[3.81641549],[0.85933898],[2.26913479]
[10.43209623],[1.99900037],[13.92895339]
[8.26679705],[1.69311507],[9.11049891]
[7.22170495],[1.48432911],[6.74831194]
[6.05080726],[1.32572274],[4.78437912]
[4.60416502],[1.07239392],[3.2597179]
[3.33517056],[0.87657873],[2.66379009]
[1.93571821],[0.78248424],[1.78424995]
[1.63887191],[0.9308179],[1.94842328]
[3.6290071],[1.09086304],[2.57184054]
[3.7507411],[1.20386849],[2.87316362]
[3.91880369],[1.22440976],[3.09579359]
[3.97840151],[1.22805513],[3.05193739]
[4.18982536],[1.1545508],[3.11906365]
[4.27915577],[1.09231535],[2.99213343]
[4.27848963],[1.05681406],[3.00224774]
[4.23807143],[1.07358393],[2.9181136]
[4.21718813],[1.05713657],[2.95308966]
[4.17190884],[1.0756522],[2.90983268]
[4.1619322],[1.07025032],[2.93582113]
[4.08275405],[1.06851051],[2.87638391]
[4.12462425],[1.06492392],[2.90143831]
[4.01483962],[1.06744632],[2.85623506]
[4.05832678],[1.05000054],[2.84605848]
[3.97364981],[1.04977998],[2.83634773]
[4.0534788],[1.03683539],[2.8545384]
[3.99113104],[1.04310731],[2.85636486]
[4.04387902],[1.04279835],[2.85108262]
[3.97469236],[1.04290686],[2.84572175]
[4.0438701],[1.0535751],[2.85154948]
[3.96913751],[1.05728588],[2.84390109]
[4.01087586],[1.05193091],[2.84057285]
[3.96987083],[1.06035297],[2.84733487]
[3.97152904],[1.03251129],[2.83759869]
[3.9946738],[1.0567952],[2.85568681]
[3.98099958],[1.06110736],[2.86790398]
[4.00078271],[1.07262306],[2.86667905]
[3.98015067],[1.07866253],[2.87735525]
[4.00830879],[1.07939867],[2.87308387]
[3.98396489],[1.08989173],[2.8772947]
[3.99388754],[1.06651244],[2.86555401]
[4.00597309],[1.0249714],[2.8269925]
[4.02240947],[0.99804181],[2.79328337]
[4.04878758],[0.97526026],[2.76052758]
[4.07347719],[0.95626494],[2.7412717]
[4.12401387],[0.93936563],[2.73166952]
[4.18631911],[0.92875098],[2.73083265]
[4.17139419],[0.92142693],[2.72163094]
[4.13379226],[0.91464356],[2.69132314]
[4.09603407],[0.90946952],[2.65119415]
[4.05570561],[0.90328783],[2.60686826]
[4.01195262],[0.8961625],[2.5621596]
[3.97216994],[0.8893882],[2.51011707]
[3.92996504],[0.88350564],[2.44433033]
[3.88589664],[0.87829069],[2.38254429]
[3.8443887],[0.87050073],[2.32138615]
[10.42540086],[2.01973265],[14.03809418]
[8.26388853],[1.70883744],[9.12069243]
[7.20436058],[1.49296805],[6.70808388]
[5.99910869],[1.32858031],[4.71564136]
[4.54937539],[1.05438974],[3.06262519]
[3.29402978],[0.86569214],[2.36222412]
[1.89464157],[0.72497381],[1.40569141]
[1.36380066],[0.90764615],[1.39459728]
[3.66206803],[1.02942721],[2.30251568]
[3.77476933],[1.06908172],[2.43899147]
[3.93814862],[1.0380471],[2.67297609]
[4.00224317],[1.01212841],[2.68702839]
[4.21254997],[0.99118417],[2.83068378]
[4.30171203],[1.00194732],[2.8012362]
[4.29844989],[0.98408856],[2.83655483]
[4.26040505],[0.99718538],[2.77727024]
[4.23829193],[0.99352681],[2.82206658]
[4.2103166],[1.01049806],[2.80412958]
[4.18971741],[0.99677809],[2.83105497]
[4.12595396],[1.01246847],[2.79349964]
[4.15925011],[0.99257985],[2.82233018]
[4.05533308],[1.01331344],[2.78865535]
[4.10496435],[0.99450541],[2.7986841]
[4.01803076],[1.0076351],[2.80112564]
[4.099011],[0.99020804],[2.82454454]
[4.03624818],[0.99908077],[2.82584319]
[4.08845458],[0.98769609],[2.82523389]
[4.0115897],[0.99651541],[2.80642943]
[4.0780715],[0.99143214],[2.82037836]
[4.00236606],[0.99775803],[2.79890683]
[4.0464898],[0.99308626],[2.80345223]
[3.99633688],[1.00276252],[2.79853498]
[3.99697692],[1.00002255],[2.79788313]
[4.02027476],[1.00739776],[2.81419937]
[4.00267374],[1.01165571],[2.82914279]
[4.02421826],[1.02100247],[2.82586806]
[4.00153544],[1.02685526],[2.83626532]
[4.02824187],[1.02899311],[2.83208704]
[4.00219286],[1.03814854],[2.83253105]
[4.01133301],[1.01993947],[2.82270025]
[4.02340785],[0.99452906],[2.79037854]
[4.03961182],[0.97330204],[2.76191509]
[4.06501555],[0.95395097],[2.73398042]
[4.0891993],[0.94068801],[2.72176197]
[4.14092268],[0.93028496],[2.72170629]
[4.20298996],[0.92197063],[2.7239531]
[4.20285887],[0.91540392],[2.7170495]
[4.1650999],[0.91119326],[2.69637573]
[4.12711759],[0.90659451],[2.66337642]
[4.08681704],[0.90031348],[2.62225787]
[4.0430607],[0.89315451],[2.58030949]
[4.00325413],[0.88640704],[2.53092236]
[3.96121304],[0.88134472],[2.46602847]
[3.9166486],[0.8773278],[2.4070293]
[3.87190679],[0.87473657],[2.34917839]
[10.48106855],[2.02835302],[14.1699466]
[8.3495011],[1.7220518],[9.17821091]
[7.30549821],[1.49979943],[6.73993116]
[6.06894229],[1.32880534],[4.71254238]
[4.62216215],[1.03483597],[3.10342853]
[3.35182428],[0.85374647],[2.43243229]
[1.95425916],[0.84672713],[1.5468325]
[1.60346592],[0.96933769],[1.65304355]
[3.70422175],[1.10356138],[2.53260501]
[3.82471143],[1.13172152],[2.63830097]
[3.98796614],[1.10435674],[2.83500945]
[4.06010392],[1.07838303],[2.85439791]
[4.25512901],[1.0397424],[2.98006841]
[4.3674955],[1.04345487],[2.95345882]
[4.35976077],[1.01317141],[2.9826382]
[4.34104563],[1.03474391],[2.95300131]
[4.31998203],[1.0259093],[3.00985489]
[4.3093429],[1.04737451],[3.00241823]
[4.28002872],[1.04867214],[3.0331031]
[4.23655898],[1.04879927],[2.98194559]
[4.2524266],[1.03473352],[3.03070293]
[4.17199163],[1.0482526],[2.98013535]
[4.20422931],[1.02857464],[3.00544087]
[4.12704496],[1.04528246],[2.9950462]
[4.21050743],[1.02373895],[3.02761427]
[4.14377379],[1.03557665],[3.02319138]
[4.19228238],[1.01902621],[3.00924991]
[4.11475096],[1.02881353],[2.97985429]
[4.16079515],[1.02179208],[2.97637088]
[4.06908338],[1.02912691],[2.93845846]
[4.10523037],[1.02124318],[2.93488947]
[4.052569],[1.03154756],[2.91755681]
[4.04640427],[1.02680144],[2.91037007]
[4.07001461],[1.03382699],[2.91667223]
[4.04495489],[1.03835212],[2.92184468]
[4.07111172],[1.04886546],[2.91604302]
[4.04113011],[1.05446004],[2.92095595]
[4.07217514],[1.05400084],[2.91577011]
[4.04297049],[1.06257334],[2.91480627]
[4.05181211],[1.03550769],[2.88883942]
[4.06375423],[1.0059262],[2.85402144]
[4.07803748],[0.98495126],[2.82399129]
[4.10469701],[0.9649682],[2.79598124]
[4.12777201],[0.95181315],[2.7831701]
[4.17834447],[0.94216361],[2.7823165]
[4.25397683],[0.93427311],[2.79163294]
[4.21483261],[0.9276612],[2.77292454]
[4.17515123],[0.92343294],[2.74044651]
[4.13815891],[0.91833293],[2.70402246]
[4.09753875],[0.91179987],[2.66155243]
[4.0516791],[0.90526879],[2.61753561]
[4.00558767],[0.90064854],[2.57005642]
[3.96310206],[0.89616072],[2.50557263]
[3.91408521],[0.89205151],[2.44602337]
[3.86979847],[0.88863527],[2.38773051]
[10.47486109],[2.04043826],[14.3370747]
[8.34659149],[1.73713725],[9.25612584]
[7.29193136],[1.51211221],[6.77240743]
[6.01729581],[1.33905123],[4.71885936]
[4.57325339],[1.05830273],[3.11374064]
[3.31616965],[0.85685543],[2.45294467]
[1.91957373],[0.88326718],[1.59716543]
[1.68491973],[0.99916269],[1.74102279]
[3.73659253],[1.13360679],[2.62279293]
[3.8573575],[1.15918054],[2.72830081]
[4.01074751],[1.13409671],[2.92597071]
[4.09213324],[1.10527612],[2.94119974]
[4.28916846],[1.06501455],[3.06835743]
[4.41293691],[1.06674035],[3.06088127]
[4.40109876],[1.0426089],[3.10684938]
[4.39212972],[1.06834582],[3.09690746]
[4.3631205],[1.07110477],[3.14759824]
[4.35630414],[1.07871638],[3.14201945]
[4.32772303],[1.08094996],[3.17447014]
[4.30333427],[1.07655338],[3.14045608]
[4.30741187],[1.06497069],[3.18586827]
[4.25219174],[1.07463908],[3.14279919]
[4.29103289],[1.0643631],[3.19517205]
[4.22056058],[1.06905033],[3.16382278]
[4.29847821],[1.04890414],[3.21034756]
[4.22344938],[1.06453012],[3.1884176]
[4.27089919],[1.05332917],[3.18125223]
[4.18965411],[1.06152804],[3.14697734]
[4.23401794],[1.05554677],[3.14073276]
[4.13547285],[1.05969203],[3.09704069]
[4.17866612],[1.05233517],[3.09373177]
[4.10702841],[1.06078844],[3.0614069]
[4.09757834],[1.05299642],[3.04984908]
[4.11437591],[1.05872697],[3.04284706]
[4.08628857],[1.060263],[3.04229305]
[4.10719312],[1.0693812],[3.02185065]
[4.07348984],[1.07334455],[3.01951754]
[4.09779893],[1.0725907],[2.99772977]
[4.05960844],[1.06949251],[2.9741047]
[4.06584292],[1.0417078],[2.93544156]
[4.07722903],[1.01555507],[2.89565634]
[4.0912887],[0.99433283],[2.86304468]
[4.11717265],[0.97355468],[2.83467177]
[4.13988967],[0.9598721],[2.82134814]
[4.19083689],[0.95004532],[2.81973491]
[4.27054599],[0.94230556],[2.8302259]
[4.25415878],[0.93579374],[2.81694834]
[4.20277007],[0.93202331],[2.78474043]
[4.16267618],[0.9262647],[2.74556444]
[4.12491735],[0.91940501],[2.70556752]
[4.07805523],[0.91286449],[2.66014559]
[4.0358743],[0.90781688],[2.61431479]
[3.99352628],[0.90335908],[2.55262026]
[3.94447801],[0.89976127],[2.49408554]
[3.90031179],[0.89613771],[2.43531508]
[10.51617913],[2.06525709],[14.68697405]
[8.38012906],[1.78847555],[9.42265512]
[7.31431488],[1.54773238],[6.840615]
[6.0087645],[1.35760811],[4.71791928]
[4.56506962],[1.06611393],[3.06865235]
[3.31195123],[0.84719503],[2.40933165]
[1.91660549],[0.90089856],[1.59054471]
[3.13067262],[1.01710204],[1.75516567]
[3.76572166],[1.11346722],[2.62497159]
[3.88368619],[1.15742271],[2.7457517]
[4.0371122],[1.13334981],[2.94804081]
[4.13344109],[1.10684391],[2.99403227]
[4.33329705],[1.07900964],[3.14113611]
[4.46537912],[1.0799402],[3.16516702]
[4.45508861],[1.08418362],[3.23298038]
[4.45679886],[1.09920192],[3.23139449]
[4.42109313],[1.10319278],[3.28312356]
[4.42685133],[1.10949957],[3.27795742]
[4.39161613],[1.10475081],[3.31618042]
[4.39033382],[1.09425511],[3.29600319]
[4.38752459],[1.08107363],[3.33413097]
[4.35350164],[1.08619203],[3.30116172]
[4.38596226],[1.08137502],[3.36387612]
[4.30947446],[1.08904178],[3.32157435]
[4.38236889],[1.07040644],[3.38334516]
[4.30208359],[1.08563775],[3.34045076]
[4.3533131],[1.07253821],[3.34473444]
[4.27234496],[1.08382712],[3.29464784]
[4.30954649],[1.07257135],[3.28408347]
[4.20888206],[1.08257992],[3.23693776]
[4.25612369],[1.0695824],[3.23475339]
[4.17256077],[1.08031319],[3.1944647]
[4.16265218],[1.07362386],[3.18238189]
[4.17823844],[1.07911032],[3.17214307]
[4.14177236],[1.07604046],[3.164581]
[4.16454531],[1.08323396],[3.14216942]
[4.12322754],[1.08499594],[3.13222769]
[4.14862582],[1.0821219],[3.10808785]
[4.10494388],[1.06836929],[3.0644078]
[4.10444254],[1.04236951],[3.01713913]
[4.11100109],[1.0224119],[2.96815887]
[4.12127643],[1.00058097],[2.92692556]
[4.14128477],[0.97938746],[2.88167731]
[4.15866907],[0.96718752],[2.85771466]
[4.2070735],[0.95678146],[2.85256244]
[4.29356396],[0.94731307],[2.8652129]
[4.28909819],[0.941889],[2.85646347]
[4.22905297],[0.93822883],[2.82025467]
[4.18563574],[0.93156225],[2.78147572]
[4.14812248],[0.9245419],[2.7378264]
[4.10262075],[0.91823255],[2.69309087]
[4.06127387],[0.91327935],[2.64736462]
[4.02045322],[0.90926351],[2.59274114]
[3.97155933],[0.9058446],[2.53526866]
[3.92750653],[0.90236888],[2.47674482]
[10.48840494],[2.08347093],[14.82733614]
[8.43346687],[1.80566324],[9.48750469]
[7.30025187],[1.55374976],[6.80250812]
[5.95540076],[1.35862223],[4.63147835]
[4.50882414],[1.04491762],[2.86591281]
[3.27108962],[0.83268752],[2.06439218]
[1.866572],[0.86578558],[1.34200425]
[3.14865727],[0.85402749],[1.27093734]
[3.80073648],[0.93158713],[2.24589212]
[3.9149361],[1.02802109],[2.52392735]
[4.07193909],[1.03279397],[2.77385846]
[4.18265708],[1.03992665],[2.89846873]
[4.37560728],[1.03945546],[3.08274192]
[4.51220857],[1.04051505],[3.134544]
[4.50157454],[1.05493944],[3.22002703]
[4.51367573],[1.06673959],[3.22463228]
[4.47475006],[1.07129515],[3.28066428]
[4.48946033],[1.0719941],[3.28727101]
[4.45999434],[1.06687925],[3.33941751]
[4.4688655],[1.06157928],[3.3327783]
[4.45501138],[1.04417174],[3.36664044]
[4.4318851],[1.06519343],[3.35868399]
[4.46478227],[1.05855253],[3.43472579]
[4.39029758],[1.07564367],[3.39628097]
[4.45417406],[1.05640106],[3.45534383]
[4.37102453],[1.06559926],[3.39869513]
[4.42485492],[1.04920705],[3.41245914]
[4.34462615],[1.06283261],[3.34889963]
[4.38324487],[1.04841737],[3.34627129]
[4.27729421],[1.06240234],[3.28384441]
[4.3258956],[1.04769208],[3.27880367]
[4.23093678],[1.06118887],[3.23325931]
[4.22115641],[1.05406616],[3.22000892]
[4.23311347],[1.05915786],[3.20875555]
[4.18982098],[1.05155664],[3.19769691]
[4.21397301],[1.05144412],[3.1759794]
[4.16884176],[1.05062487],[3.16201925]
[4.19483007],[1.04970375],[3.13856748]
[4.15042109],[1.03918248],[3.09588729]
[4.13998703],[1.02380742],[3.04861106]
[4.14345064],[1.00625132],[3.00243636]
[4.15065746],[0.98871855],[2.96431035]
[4.16966203],[0.97364816],[2.92087115]
[4.18395389],[0.9622248],[2.88312421]
[4.24131735],[0.95171964],[2.86943767]
[4.321198],[0.94498061],[2.88630528]
[4.33147531],[0.94017494],[2.8836441]
[4.27254816],[0.93772353],[2.8504784]
[4.21210537],[0.93014468],[2.80601856]
[4.17440826],[0.92286085],[2.7601637]
[4.12904742],[0.91691668],[2.71113441]
[4.08820141],[0.91333383],[2.66668345]
[4.04844767],[0.91070875],[2.61781764]
[4.00104939],[0.90833783],[2.56333771]
[3.95770214],[0.90591118],[2.50629963]
[10.58904499],[2.09308108],[15.03605888]
[8.5147697],[1.82068431],[9.60000032]
[7.34746181],[1.56315301],[6.85216747]
[6.01741833],[1.36115716],[4.65788576]
[4.58778178],[1.03097032],[2.87985227]
[3.31269722],[0.81986742],[2.11081236]
[1.90511292],[0.91048775],[1.49973918]
[3.22693296],[0.93653865],[1.5134811]
[3.86164696],[1.00634167],[2.48223183]
[3.97789116],[1.09033974],[2.71453359]
[4.12782974],[1.10325525],[2.94782484]
[4.24339784],[1.10775988],[3.0853199]
[4.42608558],[1.105467],[3.27580021]
[4.59773203],[1.10446115],[3.34933419]
[4.58599258],[1.11452631],[3.42518366]
[4.61346647],[1.12355181],[3.42824672]
[4.55976106],[1.12090739],[3.48516916]
[4.59099003],[1.12128516],[3.51364416]
[4.55468887],[1.11642863],[3.5665084]
[4.57181886],[1.10621352],[3.56415972]
[4.54451493],[1.0911877],[3.60636053]
[4.53491718],[1.10798025],[3.60217967]
[4.55285397],[1.10182635],[3.67525185]
[4.48749233],[1.12028983],[3.63439682]
[4.53636508],[1.09907076],[3.68814434]
[4.46943055],[1.10994989],[3.62865674]
[4.50504427],[1.09068415],[3.63423951]
[4.43272073],[1.10271121],[3.54877745]
[4.4671418],[1.08290571],[3.55441333]
[4.36166577],[1.09531804],[3.46951036]
[4.40685115],[1.07464919],[3.46431073]
[4.30814941],[1.09242288],[3.40572275]
[4.29734368],[1.08377879],[3.38305895]
[4.31061175],[1.0903163],[3.37335571]
[4.25612252],[1.07986794],[3.34812112]
[4.28030055],[1.07754457],[3.32591975]
[4.22949672],[1.07823702],[3.30635859]
[4.25737207],[1.07508214],[3.28208572]
[4.21278901],[1.05761589],[3.22560181]
[4.20293557],[1.03951983],[3.17318465]
[4.19990744],[1.02209904],[3.12359263]
[4.20358795],[1.0047555],[3.08215008]
[4.21987722],[0.99108376],[3.0386139]
[4.24386176],[0.9793986],[2.99957149]
[4.31091188],[0.96839092],[2.98533783]
[4.37653316],[0.96009047],[2.98137942]
[4.34434975],[0.95517321],[2.95680995]
[4.27921908],[0.95187151],[2.91061872]
[4.20900358],[0.94526623],[2.85796514]
[4.16831732],[0.938383],[2.80890424]
[4.12116677],[0.93254835],[2.75612621]
[4.07804551],[0.92756718],[2.70298341]
[4.03641484],[0.92428838],[2.65142102]
[3.98976242],[0.92126515],[2.59763915]
[3.94663244],[0.91816475],[2.53981244]
[10.53751474],[2.10967319],[15.25054558]
[8.48542554],[1.84283145],[9.7035381]
[7.23668039],[1.58815613],[6.88433906]
[5.89294059],[1.37702579],[4.65869905]
[4.47034038],[1.07033734],[2.84217773]
[3.22013485],[0.8162446],[2.04583093]
[1.7855447],[0.93500995],[1.50189147]
[3.2586268],[0.97336513],[1.58904351]
[3.91432179],[1.05522648],[2.60195201]
[4.01649436],[1.13704152],[2.83713146]
[4.1718474],[1.14568961],[3.08613007]
[4.29027976],[1.14243012],[3.21535826]
[4.47526545],[1.13941229],[3.41775978]
[4.65936657],[1.13731201],[3.49421537]
[4.63838795],[1.14952106],[3.57804815]
[4.67179488],[1.15702726],[3.59487017]
[4.61868192],[1.14988073],[3.66153298]
[4.64915721],[1.15044328],[3.69274889]
[4.60878816],[1.14581222],[3.75724256]
[4.63224787],[1.13628622],[3.76625952]
[4.59771478],[1.12569046],[3.81227547]
[4.59649019],[1.1472935],[3.82210366]
[4.61028519],[1.14121541],[3.89818156]
[4.55616444],[1.15999948],[3.86462137]
[4.59845973],[1.13806032],[3.92102391]
[4.55818516],[1.14933501],[3.86796553]
[4.56863301],[1.12866801],[3.86902825]
[4.53543686],[1.14208372],[3.78340731]
[4.53019724],[1.1186911],[3.77071596]
[4.44356656],[1.13403633],[3.67322473]
[4.47139874],[1.10968989],[3.66780508]
[4.37202415],[1.12624168],[3.59115461]
[4.35513394],[1.11335027],[3.55351678]
[4.36624972],[1.11952874],[3.54510717]
[4.30729776],[1.10475681],[3.50450856]
[4.33473432],[1.10357171],[3.48169214]
[4.27629824],[1.09995396],[3.44502868]
[4.31996911],[1.08962552],[3.41075107]
[4.25666017],[1.07096655],[3.34295503]
[4.2425211],[1.05533171],[3.29043479]
[4.23356863],[1.03838277],[3.23625454]
[4.23789757],[1.02116798],[3.1908031]
[4.26699457],[1.00726225],[3.14937481]
[4.28952679],[0.99533196],[3.11078014]
[4.35251083],[0.98408597],[3.09586336]
[4.41478158],[0.97516902],[3.08978813]
[4.39818503],[0.9705053],[3.05661429]
[4.33693312],[0.96687285],[3.00157937]
[4.26746642],[0.95981526],[2.94584925]
[4.20257498],[0.95381683],[2.89061976]
[4.15575397],[0.94685847],[2.83678522]
[4.11389715],[0.94039459],[2.78234365]
[4.07351507],[0.93564979],[2.72699704]
[4.02608462],[0.93151558],[2.66993734]
[3.98164458],[0.92699132],[2.60949426]
[10.69136529],[2.13861474],[15.72060413]
[8.49311095],[1.89436537],[9.9418677]
[7.1819409],[1.66911657],[6.97510105]
[5.83549937],[1.41247621],[4.67757939]
[4.39525231],[1.09044266],[2.77223994]
[3.15119067],[0.80637405],[1.89269971]
[1.70308748],[0.95057694],[1.45585398]
[3.2673094],[0.90020512],[1.5311665]
[3.95966406],[1.06007291],[2.64971717]
[4.06787841],[1.1496865],[2.9118446]
[4.22685638],[1.16542607],[3.17430793]
[4.34288441],[1.16754844],[3.32106138]
[4.54037002],[1.16414821],[3.54657878]
[4.72590485],[1.1633131],[3.62062471]
[4.7015397],[1.17281093],[3.71489733]
[4.74457682],[1.17377776],[3.74443207]
[4.68661241],[1.16516321],[3.81348872]
[4.71617882],[1.16488677],[3.85675731]
[4.66925205],[1.15990843],[3.92343632]
[4.69721078],[1.15770446],[3.94410102]
[4.65864511],[1.14849558],[3.99623797]
[4.67298003],[1.17511819],[4.01932255]
[4.66818089],[1.17268808],[4.10353809]
[4.66314546],[1.19370831],[4.10225426]
[4.67932107],[1.170224],[4.16395311]
[4.73043071],[1.18565206],[4.13687534]
[4.66202462],[1.16491787],[4.1131486]
[4.75784058],[1.16990847],[4.07021925]
[4.63116428],[1.14554076],[4.00613642]
[4.65248552],[1.16200454],[3.92171865]
[4.56098291],[1.13623285],[3.87825]
[4.56402584],[1.15415676],[3.81372337]
[4.46842548],[1.13944633],[3.73572956]
[4.55541188],[1.14295362],[3.74405174]
[4.3995373],[1.12582626],[3.65674273]
[4.49575261],[1.12139904],[3.66253177]
[4.34324901],[1.1171566],[3.58531413]
[4.44262534],[1.10292031],[3.56485846]
[4.32477828],[1.08278263],[3.46325586]
[4.31527506],[1.06651456],[3.40859003]
[4.3106699],[1.05102037],[3.35487242]
[4.31529258],[1.03492401],[3.31126809]
[4.33492366],[1.02149965],[3.26704835]
[4.34991017],[1.01003089],[3.22905765]
[4.40575177],[0.99951111],[3.21738496]
[4.46299453],[0.99073914],[3.21585302]
[4.45791007],[0.98618467],[3.19081005]
[4.40397373],[0.98220463],[3.13285694]
[4.34426636],[0.97492631],[3.06514516]
[4.27627896],[0.96954378],[2.99427923]
[4.20428737],[0.96413153],[2.93201813]
[4.15925597],[0.95736742],[2.87611582]
[4.11697543],[0.95142175],[2.8164122]
[4.06865093],[0.94598098],[2.75684265]
[4.0236093],[0.93999242],[2.69332673]
[10.8170956],[2.16313693],[16.00673394]
[8.48345107],[1.91780739],[10.00416449]
[7.09412342],[1.6940955],[6.94859559]
[5.73584963],[1.42666839],[4.60280055]
[4.27851536],[1.07596658],[2.59475368]
[3.03004154],[0.79025605],[1.40113625]
[1.55563921],[0.62199691],[1.01448228]
[3.30140624],[0.77516776],[1.38852428]
[4.00958628],[1.01034427],[2.56997746]
[4.12115025],[1.10076851],[2.85913834]
[4.28545891],[1.11810182],[3.14148588]
[4.41095195],[1.12824823],[3.30228421]
[4.60450725],[1.13295408],[3.53844986]
[4.78834729],[1.13473309],[3.61344601]
[4.7679896],[1.1432788],[3.73624812]
[4.80449519],[1.14080223],[3.76825686]
[4.74553975],[1.13318037],[3.85099501]
[4.77122069],[1.13292961],[3.9053316]
[4.7209447],[1.12740762],[3.97967897]
[4.76237762],[1.14653329],[4.01500444]
[4.71111126],[1.13757245],[4.0798615]
[4.8204506],[1.18039669],[4.16748902]
[4.7599165],[1.19478717],[4.25565502]
[4.85862608],[1.21833489],[4.29301271]
[4.83394543],[1.2143333],[4.34138882]
[4.90797505],[1.23268905],[4.34002903]
[4.86712591],[1.21653094],[4.32173263]
[4.9217748],[1.21538647],[4.27988038]
[4.8463235],[1.18933979],[4.21120931]
[4.81853041],[1.18576797],[4.10780015]
[4.72742984],[1.15954495],[4.03901367]
[4.72429856],[1.1558062],[3.97135449]
[4.67202033],[1.13714235],[3.88900649]
[4.7086013],[1.13064091],[3.89712793]
[4.59541811],[1.11573549],[3.81022581]
[4.64481701],[1.11233039],[3.81166997]
[4.53207209],[1.10922207],[3.73690649]
[4.5864372],[1.09667641],[3.71653749]
[4.49951569],[1.07950081],[3.61561903]
[4.4755727],[1.06696801],[3.56231902]
[4.46212193],[1.05566733],[3.51112099]
[4.45089043],[1.038336],[3.46164202]
[4.46163156],[1.02334983],[3.41652319]
[4.47039896],[1.01423034],[3.37241766]
[4.48059647],[1.00601401],[3.33546264]
[4.52974477],[0.99862619],[3.3335248]
[4.53341671],[0.99485151],[3.31594483]
[4.48013453],[0.99089306],[3.25820842]
[4.42413288],[0.98492392],[3.19105469]
[4.36227356],[0.98082495],[3.11456517]
[4.28600466],[0.97713041],[3.03564969]
[4.21217169],[0.97270822],[2.96313104]
[4.1693956],[0.96661344],[2.90427982]
[4.12020876],[0.96093414],[2.84501874]
[4.07598188],[0.95487427],[2.78243325]
[11.01718855],[2.1771825],[16.35894188]
[8.6032108],[1.93936286],[10.179476]
[7.11618605],[1.72049109],[7.02119786]
[5.75285667],[1.43613598],[4.62974859]
[4.28849103],[1.05917029],[2.59054505]
[3.06196953],[0.77855454],[1.4087151]
[1.65408167],[0.70083597],[1.15674714]
[3.37573489],[0.90988483],[1.7042111]
[4.06071345],[1.0689827],[2.78299126]
[4.20836514],[1.13831217],[3.04234319]
[4.37660657],[1.15151169],[3.32969409]
[4.5097559],[1.15707823],[3.49858255]
[4.68387169],[1.15764991],[3.71126294]
[4.89806989],[1.15686976],[3.821001]
[4.87016265],[1.16475374],[3.94309777]
[4.92007303],[1.1657013],[3.99514779]
[4.84622003],[1.16615587],[4.09335719]
[4.88828428],[1.17132583],[4.16296834]
[4.81721501],[1.16930332],[4.26141936]
[4.9803627],[1.19637336],[4.35019543]
[4.84196991],[1.21366411],[4.41995774]
[5.03632953],[1.25263544],[4.53911115]
[4.96976781],[1.26570005],[4.6175134]
[5.0635227],[1.28984758],[4.66636634]
[5.07308867],[1.27988511],[4.72658237]
[5.09968086],[1.29642909],[4.7229649]
[5.08183293],[1.28442891],[4.71853648]
[5.09065859],[1.28281998],[4.64978162]
[5.05874962],[1.26269086],[4.58125764]
[4.99286897],[1.2596122],[4.47889206]
[4.976744],[1.24007851],[4.43707072]
[4.8821406],[1.23815521],[4.33296261]
[4.87437481],[1.22310419],[4.26773387]
[4.87372953],[1.21687854],[4.27114983]
[4.80171512],[1.20104682],[4.18965613]
[4.81450669],[1.19403553],[4.18129612]
[4.74358933],[1.17832736],[4.10286959]
[4.756595],[1.16533554],[4.06125558]
[4.70618752],[1.14906617],[3.95929194]
[4.67554447],[1.13467344],[3.8963125]
[4.65829728],[1.12102673],[3.83673874]
[4.64390372],[1.10864069],[3.77730364]
[4.6353306],[1.09098306],[3.71033267]
[4.62518496],[1.05881943],[3.63836146]
[4.6205662],[1.02710249],[3.56997712]
[4.61775299],[1.0189831],[3.52690657]
[4.57015039],[1.01583973],[3.4587495]
[4.51809675],[1.01157272],[3.38799664]
[4.46126551],[1.00459425],[3.31557036]
[4.39947666],[0.99951178],[3.23693985]
[4.32194965],[0.99555109],[3.15582236]
[4.23312842],[0.99188893],[3.06536441]
[4.17839488],[0.98872934],[2.98788392]
[4.13065566],[0.983451],[2.92938758]
[4.0870624],[0.97743763],[2.86778708]
[11.12876098],[2.19678446],[16.72301133]
[8.72094425],[1.96884638],[10.46209477]
[7.05047779],[1.75832283],[7.12228441]
[5.64539881],[1.4615723],[4.65451938]
[4.1514352],[1.10156803],[2.57020489]
[2.91424164],[0.77402196],[1.37116945]
[1.74665231],[0.72594396],[1.18211388]
[3.40761013],[0.94806221],[1.81063716]
[4.10754103],[1.09169668],[2.87293141]
[4.25617157],[1.15416906],[3.1421225]
[4.42191633],[1.16778985],[3.42642906]
[4.56108286],[1.17233059],[3.60239336]
[4.73897111],[1.17307474],[3.83236017]
[4.95980199],[1.1712647],[3.97235586]
[4.92672038],[1.1815102],[4.10742832]
[4.9969374],[1.18865381],[4.19959194]
[4.90478421],[1.18855951],[4.30994698]
[4.98471165],[1.21528308],[4.44638251]
[4.89185959],[1.23404786],[4.56184124]
[5.12441495],[1.27254496],[4.71635257]
[5.03151264],[1.29376838],[4.79386415]
[5.1839435],[1.33897613],[4.94387483]
[5.15218044],[1.35574546],[5.03829244]
[5.20785871],[1.38154334],[5.11904991]
[5.22930035],[1.36367449],[5.20507351]
[5.23508193],[1.37762863],[5.23874771]
[5.23790686],[1.3727512],[5.25674453]
[5.22059317],[1.36823424],[5.21946425]
[5.23031633],[1.3538079],[5.15244984]
[5.13753068],[1.34628058],[5.02799551]
[5.16488954],[1.33058077],[4.97882397]
[5.02746927],[1.32500262],[4.83407298]
[5.04942507],[1.312731],[4.79097965]
[5.00509603],[1.30509505],[4.72952325]
[4.94994947],[1.29239486],[4.64819451]
[4.93936799],[1.28456565],[4.60509358]
[4.88381414],[1.27140043],[4.51517126]
[4.87466489],[1.25675978],[4.43897594]
[4.83864917],[1.24103543],[4.34011086]
[4.80435729],[1.22699286],[4.27796376]
[4.78644738],[1.21621354],[4.21577926]
[4.76979158],[1.2066875],[4.14440114]
[4.75421594],[1.19089645],[4.05826229]
[4.73986583],[1.15875818],[3.97090015]
[4.73149961],[1.12765665],[3.87986595]
[4.7250238],[1.09674707],[3.8000979]
[4.68149582],[1.06876084],[3.70324493]
[4.61604319],[1.04200793],[3.60189894]
[4.54430159],[1.02120709],[3.50022085]
[4.47945426],[1.01642118],[3.40101374]
[4.40472617],[1.01265057],[3.31258966]
[4.32304045],[1.00888855],[3.21577173]
[4.22751352],[1.00429365],[3.11695138]
[4.18050595],[0.99992985],[3.03422423]
[4.1346301],[0.99402234],[2.96946423]
[11.3739927],[2.2311582],[17.39670731]
[8.88294393],[2.02196414],[10.9751834]
[7.00857704],[1.83666161],[7.32555218]
[5.56611985],[1.52038702],[4.69578222]
[4.03962879],[1.12541628],[2.53325581]
[2.80849745],[0.77767507],[1.29746355]
[1.79082866],[0.71605819],[1.15967019]
[3.41234911],[0.9635816],[1.86261442]
[4.14662303],[1.10297455],[2.93660421]
[4.30105811],[1.16112003],[3.21192312]
[4.46477133],[1.17457946],[3.4970321]
[4.60517284],[1.17909301],[3.67773082]
[4.78838972],[1.18283648],[3.93541587]
[5.02068126],[1.18529272],[4.11623015]
[4.97592327],[1.19398718],[4.24132896]
[5.06641336],[1.20187976],[4.37980057]
[4.95353265],[1.23776949],[4.54901824]
[5.11507411],[1.29485452],[4.76698359]
[5.05931977],[1.31923138],[4.91477647]
[5.24463194],[1.35734765],[5.11239533]
[5.20794299],[1.38189204],[5.24589149]
[5.32206208],[1.41950803],[5.43482427]
[5.32066353],[1.44230899],[5.59827954]
[5.35712774],[1.47319814],[5.71842168]
[5.38673907],[1.46363701],[5.81307404]
[5.37306474],[1.47029078],[5.85067562]
[5.40720924],[1.46696735],[5.87415542]
[5.37764056],[1.45797923],[5.83207908]
[5.42904732],[1.44721237],[5.78193729]
[5.31728992],[1.43355823],[5.63097744]
[5.3662711],[1.42171507],[5.58791906]
[5.19427356],[1.41039874],[5.40861172]
[5.24148591],[1.39942624],[5.36215975]
[5.15827126],[1.38834115],[5.28273177]
[5.11279923],[1.3771688],[5.17938981]
[5.05763259],[1.36724769],[5.11089703]
[5.02867688],[1.35370881],[5.01509219]
[4.97991259],[1.33871909],[4.91462846]
[4.96275096],[1.32292757],[4.79957086]
[4.91384288],[1.30973761],[4.71357088]
[4.8949423],[1.29905749],[4.63297963]
[4.87458824],[1.28918594],[4.54926018]
[4.84669457],[1.2764535],[4.44406155]
[4.82693667],[1.2467462],[4.33671206]
[4.8189193],[1.21697926],[4.19856856]
[4.81292928],[1.18697793],[4.09983247]
[4.77319753],[1.16050732],[3.98577736]
[4.72154199],[1.13394965],[3.85452888]
[4.6625812],[1.10497289],[3.73534229]
[4.58622873],[1.07037085],[3.59871953]
[4.49505532],[1.03577307],[3.47823758]
[4.41726904],[1.02400878],[3.36989832]
[4.3275625],[1.02016925],[3.25638724]
[4.22238412],[1.01546057],[3.15719825]
[4.17581251],[1.01055632],[3.06440697]
[11.77217919],[2.26411022],[17.93618985]
[8.96135738],[2.0550718],[11.24781875]
[6.91372487],[1.87369483],[7.38024799]
[5.44254123],[1.557748],[4.65299328]
[3.88728075],[1.12219972],[2.39787882]
[2.64269734],[0.74993471],[1.20656702]
[1.88338321],[0.62862889],[1.02220337]
[3.44148401],[0.91530939],[1.82612392]
[4.1937061],[1.0694567],[2.89294256]
[4.34785791],[1.12717485],[3.18242072]
[4.50994825],[1.14379055],[3.47297829]
[4.65666197],[1.15608274],[3.670973]
[4.84835024],[1.16881729],[3.97722413]
[5.0834281],[1.17290884],[4.20929723]
[5.04320756],[1.18175923],[4.36322295]
[5.14235184],[1.23386442],[4.61186117]
[5.04682708],[1.30775341],[4.82097842]
[5.24825308],[1.357752],[5.10756818]
[5.23001767],[1.38526487],[5.28795391]
[5.36656677],[1.41797971],[5.55187832]
[5.35901535],[1.44542177],[5.73115638]
[5.43531636],[1.47995248],[5.94685347]
[5.45116585],[1.50398279],[6.10766761]
[5.47186721],[1.52852313],[6.24280036]
[5.54495325],[1.53804849],[6.36444304]
[5.53274722],[1.54320071],[6.43039375]
[5.59197172],[1.55863571],[6.47573533]
[5.54513024],[1.54360545],[6.46095761]
[5.63467926],[1.53497445],[6.41659433]
[5.53659427],[1.5030623],[6.25163312]
[5.58983282],[1.49130305],[6.15158242]
[5.39098089],[1.47646018],[5.94695151]
[5.4730583],[1.46653203],[5.88865206]
[5.3425269],[1.45364231],[5.78460878]
[5.33431708],[1.44433892],[5.67604971]
[5.21849846],[1.43222783],[5.55738543]
[5.20914327],[1.42031405],[5.46480726]
[5.13298061],[1.40523699],[5.35573146]
[5.13107041],[1.38960478],[5.24785758]
[5.06221161],[1.37803466],[5.15293114]
[5.03616921],[1.36718332],[5.06746026]
[5.00095153],[1.35675675],[4.97177835]
[4.96446725],[1.34457699],[4.86816003]
[4.94003325],[1.31770547],[4.76363252]
[4.92695593],[1.2914678],[4.62351917]
[4.90132783],[1.26379833],[4.44422815]
[4.85230628],[1.23829844],[4.28041836]
[4.81150259],[1.21287674],[4.12998275]
[4.76688363],[1.18587142],[3.99268004]
[4.71391827],[1.15320121],[3.83622129]
[4.63298964],[1.11903028],[3.69314469]
[4.52910999],[1.06105028],[3.53952558]
[4.4313864],[1.03315865],[3.40430555]
[4.32898499],[1.02884591],[3.28598258]
[4.2185342],[1.02467947],[3.1755203]
[12.2094369],[2.28420614],[18.44605169]
[9.55236018],[2.07700309],[11.66281421]
[7.06029998],[1.8989473],[7.58159611]
[5.47017307],[1.60162621],[4.72053748]
[3.87280522],[1.11485079],[2.40375905]
[2.56897508],[0.74187076],[1.24046432]
[2.01903056],[0.72571564],[1.18369976]
[3.508369],[1.00229068],[2.11815647]
[4.24315393],[1.11908238],[3.0787803]
[4.42383703],[1.15671234],[3.34935292]
[4.59087136],[1.17899735],[3.64631349]
[4.75151733],[1.19445407],[3.89986898]
[4.91800922],[1.20545285],[4.19255989]
[5.19068124],[1.20460925],[4.52010197]
[5.16760569],[1.24939348],[4.76535191]
[5.31117263],[1.34018601],[5.09212256]
[5.27260783],[1.41957403],[5.31121651]
[5.40837768],[1.46298469],[5.60485185]
[5.40977657],[1.49168495],[5.86872949]
[5.49984123],[1.52208771],[6.14552527]
[5.50545991],[1.54610599],[6.36416483]
[5.56477012],[1.58094134],[6.59630036]
[5.62402217],[1.60967107],[6.78266805]
[5.64168618],[1.64948021],[6.97407344]
[5.74448495],[1.67262385],[7.12648519]
[5.73912632],[1.67806628],[7.23452818]
[5.81756302],[1.69655659],[7.31070904]
[5.78060268],[1.6978118],[7.3327187]
[5.86366824],[1.70166607],[7.3471193]
[5.78796041],[1.68161184],[7.18402648]
[5.8142929],[1.64671919],[7.06026481]
[5.64348434],[1.61431838],[6.82027614]
[5.69269824],[1.60191095],[6.73127838]
[5.58929451],[1.55089409],[6.56580999]
[5.56246031],[1.54647932],[6.42946797]
[5.46532737],[1.51065509],[6.26424892]
[5.4416277],[1.4977076],[6.12389726]
[5.36031055],[1.48280453],[5.98740423]
[5.36354732],[1.46826593],[5.87577253]
[5.26806042],[1.4560688],[5.72992601]
[5.21425341],[1.44404004],[5.60770587]
[5.17183816],[1.43272591],[5.49156263]
[5.12560256],[1.4204588],[5.36343475]
[5.09774899],[1.39283151],[5.24718005]
[5.07877538],[1.36728073],[5.10208607]
[5.02434188],[1.34058462],[4.90637079]
[4.95418027],[1.31621094],[4.71101401]
[4.89085192],[1.29115321],[4.49298972]
[4.83005238],[1.26331272],[4.29445993]
[4.78786401],[1.2314295],[4.10204784]
[4.72809714],[1.19792984],[3.93994636]
[4.6539329],[1.14243463],[3.76404453]
[4.54699918],[1.06804798],[3.5886994]
[4.3857786],[1.04665342],[3.42061715]
[4.25312395],[1.0418652],[3.28730126]
[13.13274695],[2.30891445],[19.04263416]
[10.05215253],[2.10536963],[12.1473536]
[7.08495477],[1.93053522],[7.80984029]
[5.37436838],[1.66921646],[4.78954066]
[3.7426321],[1.16407216],[2.38681808]
[2.41975294],[0.74412249],[1.24786533]
[2.23005326],[0.79490789],[1.28498862]
[3.55083463],[1.04483133],[2.25211659]
[4.31795851],[1.14431375],[3.20896816]
[4.49872073],[1.17746015],[3.4763247]
[4.65577993],[1.21304495],[3.78621692]
[4.84136346],[1.22948674],[4.09806093]
[4.98681158],[1.2639928],[4.48381148]
[5.27039994],[1.28624472],[4.92169465]
[5.26690522],[1.3741592],[5.22007935]
[5.43178239],[1.46043653],[5.57324888]
[5.41376206],[1.52678011],[5.82177401]
[5.51384854],[1.56365404],[6.15608612]
[5.5283292],[1.59023269],[6.49622543]
[5.59376383],[1.64497974],[6.80978486]
[5.66330997],[1.67605789],[7.08519109]
[5.70691277],[1.71431078],[7.35362902]
[5.80690909],[1.75649952],[7.58161592]
[5.84612953],[1.79408279],[7.78966392]
[5.9505983],[1.82319071],[7.97129218]
[5.94695864],[1.83877266],[8.09578421]
[6.0119393],[1.84221228],[8.18438802]
[5.97632194],[1.8468735],[8.20740886]
[6.04126895],[1.84599185],[8.25009902]
[5.98355288],[1.82504357],[8.12764837]
[5.98962949],[1.80034582],[7.99858947]
[5.83886417],[1.77999125],[7.77716983]
[5.86045239],[1.77090056],[7.67755183]
[5.77875034],[1.74017766],[7.5335799]
[5.73371879],[1.73265444],[7.398162]
[5.65724795],[1.699198],[7.19189175]
[5.60250658],[1.68597707],[6.9949565]
[5.5376525],[1.63694284],[6.78646762]
[5.52208244],[1.60665544],[6.64606317]
[5.43536396],[1.58163119],[6.46112701]
[5.38148149],[1.55748926],[6.31657343]
[5.34146264],[1.53516135],[6.18858856]
[5.30310687],[1.50866687],[6.04861306]
[5.27816865],[1.48605969],[5.92075466]
[5.26606703],[1.44485731],[5.76562947]
[5.23549973],[1.41953784],[5.52343323]
[5.14952657],[1.39639498],[5.24405534]
[5.04695175],[1.37236617],[5.00562903]
[4.96553101],[1.34689103],[4.7905164]
[4.89407448],[1.31618545],[4.53354085]
[4.82335403],[1.28463673],[4.30480864]
[4.76892529],[1.23121214],[4.07955311]
[4.69918624],[1.16519737],[3.88462974]
[4.59840731],[1.09956143],[3.69336708]
[4.45468596],[1.05984116],[3.51614965]
[14.4782734],[2.33953951],[19.9603661]
[10.70269572],[2.14223171],[12.86852345]
[7.27400214],[1.98014506],[8.18645522]
[5.3301641],[1.73602642],[4.92849622]
[3.68953152],[1.20418967],[2.3987814]
[2.35446537],[0.74378859],[1.28021895]
[2.31341441],[0.82760881],[1.35405945]
[3.576564],[1.06820133],[2.34198378]
[4.38009124],[1.16146587],[3.31580297]
[4.5678525],[1.19898039],[3.58428478]
[4.74747813],[1.24491561],[3.94072443]
[4.91820783],[1.32517549],[4.31678103]
[5.0479406],[1.35404867],[4.83172945]
[5.38373105],[1.39388149],[5.31994754]
[5.41492341],[1.47259229],[5.66495467]
[5.5417784],[1.55050618],[6.02826421]
[5.53866418],[1.60681882],[6.37196152]
[5.61057161],[1.63893491],[6.75246594]
[5.63124329],[1.70802422],[7.13453014]
[5.73226643],[1.77737089],[7.52150574]
[5.84936996],[1.81800449],[7.83587371]
[5.91055669],[1.85624796],[8.13232988]
[6.00284917],[1.90142817],[8.41224212]
[6.04511674],[1.93940025],[8.62668708]
[6.12148967],[1.97154285],[8.83369704]
[6.11727553],[1.98727675],[8.97449186]
[6.1657954],[1.98865212],[9.07354883]
[6.14679639],[1.98934352],[9.1425006]
[6.18200917],[1.98732986],[9.15712932]
[6.17000451],[1.96621985],[9.1316975]
[6.15254051],[1.94002425],[8.96360947]
[6.06298684],[1.91685279],[8.79104402]
[6.02482545],[1.90396052],[8.63926487]
[5.96403148],[1.87791769],[8.4965332]
[5.8810756],[1.86560419],[8.32671796]
[5.83167116],[1.83705574],[8.12640281]
[5.75310914],[1.82478259],[7.93447532]
[5.69794606],[1.79454206],[7.71309097]
[5.64118151],[1.77126699],[7.52635557]
[5.56817544],[1.7506431],[7.31449986]
[5.50933405],[1.72966957],[7.12166454]
[5.47125496],[1.7135901],[6.95943468]
[5.43831445],[1.69506102],[6.79426164]
[5.40942633],[1.6780659],[6.6385803]
[5.39750418],[1.62175762],[6.46457796]
[5.38099435],[1.53223679],[6.21739596]
[5.32095997],[1.47368622],[5.90814814]
[5.25781912],[1.44950074],[5.59293766]
[5.16977144],[1.42508268],[5.30972009]
[5.05001482],[1.39547502],[5.01660838]
[4.94299708],[1.36504009],[4.76187187]
[4.85761593],[1.31463514],[4.48906709]
[4.80995708],[1.25267813],[4.24560038]
[4.738923],[1.19070159],[3.99543221]
[4.65447569],[1.12509778],[3.79248814]
