meltWidth,meltDepth,meltArea
[0.],[0.],[0.]
[0.],[0.],[0.]
[0.],[0.],[0.]
[0.],[0.],[0.]
[0.],[0.],[0.]
[0.],[0.],[0.]
[0.],[0.],[0.]
[0.],[0.],[0.]
[0.],[0.],[0.]
[0.],[0.],[0.]
[0.],[0.],[0.]
[0.],[0.],[0.]
[0.],[0.],[0.]
[0.],[0.],[0.]
[0.],[0.],[0.]
[0.],[0.],[0.]
[0.],[0.],[0.]
[0.],[0.],[0.]
[0.],[0.],[0.]
[0.],[0.],[0.]
[0.],[0.],[0.]
[0.],[0.],[0.]
[0.],[0.],[0.]
[0.],[0.],[0.]
[0.],[0.],[0.]
[0.],[0.],[0.]
[0.],[0.],[0.]
[0.],[0.],[0.]
[0.],[0.],[0.]
[0.],[0.],[0.]
[0.],[0.],[0.]
[0.],[0.],[0.]
[0.],[0.],[0.]
[0.],[0.],[0.]
[0.],[0.],[0.]
[0.],[0.],[0.]
[0.],[0.],[0.]
[0.],[0.],[0.]
[0.],[0.],[0.]
[0.],[0.],[0.]
[0.],[0.],[0.]
[0.],[0.],[0.]
[0.],[0.],[0.]
[0.],[0.],[0.]
[0.],[0.],[0.]
[0.],[0.],[0.]
[0.],[0.],[0.]
[0.],[0.],[0.]
[0.],[0.],[0.]
[0.],[0.],[0.]
[0.],[0.],[0.]
[0.],[0.],[0.]
[0.],[0.],[0.]
[0.],[0.],[0.]
[0.],[0.],[0.]
[0.],[0.],[0.]
[0.],[0.],[0.]
[0.],[0.],[0.]
[1.02488308],[0.32261496],[0.16352995]
[1.16445559],[0.37665474],[0.29400801]
[1.3214008],[0.41029526],[0.30488193]
[1.44061338],[0.43226312],[0.4286678]
[1.70473928],[0.45653559],[0.46203522]
[1.72474566],[0.45896188],[0.5208951]
[1.85345407],[0.46153024],[0.56148057]
[1.87821436],[0.47724505],[0.61703897]
[1.86314316],[0.49140777],[0.57873692]
[1.93422902],[0.50547395],[0.67836506]
[1.87817044],[0.51312511],[0.5957885]
[1.97061181],[0.52128489],[0.70610107]
[1.90284596],[0.52734857],[0.61323998]
[2.00221615],[0.53356449],[0.72449122]
[1.97225103],[0.53778359],[0.63852204]
[2.08531053],[0.54276807],[0.75864108]
[2.02906068],[0.54665448],[0.67351394]
[2.13119987],[0.55008262],[0.78479372]
[2.06827238],[0.55265687],[0.68936384]
[2.17014032],[0.55553967],[0.80506475]
[2.0937936],[0.55507148],[0.70150885]
[2.17725349],[0.55378362],[0.79683414]
[2.08965543],[0.55318048],[0.68708545]
[2.17239194],[0.55123034],[0.79277521]
[2.08181348],[0.54969263],[0.67811787]
[2.1679073],[0.54890648],[0.77936215]
[2.08337919],[0.54694755],[0.67812015]
[2.14860719],[0.54861304],[0.72822357]
[2.13109269],[0.54469432],[0.72605736]
[2.14872544],[0.54251255],[0.71914538]
[2.12940014],[0.53869391],[0.71543401]
[2.1219231],[0.53496224],[0.70052367]
[2.12099711],[0.53171401],[0.69395111]
[2.12426461],[0.52789761],[0.69442914]
[2.12029119],[0.52432419],[0.68055204]
[2.1199648],[0.52101402],[0.67464139]
[2.12028978],[0.51693951],[0.66923653]
[2.1260431],[0.51178545],[0.66878576]
[2.1024936],[0.50789539],[0.65230927]
[2.08789397],[0.5042256],[0.64530145]
[2.07766056],[0.49942419],[0.64517119]
[2.04363215],[0.494864],[0.61357086]
[2.01481158],[0.4868528],[0.58596057]
[1.98906458],[0.47195374],[0.5573875]
[1.95066871],[0.46033479],[0.53552382]
[1.87750431],[0.45773282],[0.51724021]
[1.84153784],[0.45778621],[0.51399517]
[1.8219256],[0.45864877],[0.51418867]
[1.78803898],[0.45707656],[0.50918004]
[1.77659425],[0.45362903],[0.50677693]
[1.85126113],[0.16124869],[0.19442551]
[0.],[0.],[0.]
[0.],[0.],[0.]
[0.],[0.],[0.]
[0.],[0.],[0.]
[1.03773479],[0.32447097],[0.16659377]
[1.3233999],[0.38336171],[0.29995494]
[1.75619124],[0.43343777],[0.46834169]
[1.8882579],[0.49041135],[0.62165655]
[1.95774098],[0.5164217],[0.67686557]
[2.03971304],[0.53302056],[0.76099863]
[2.02769685],[0.54901496],[0.74563798]
[2.10021188],[0.56006797],[0.82720013]
[2.06372696],[0.56919521],[0.77671065]
[2.1542033],[0.58174894],[0.87439192]
[2.1102639],[0.59962813],[0.82352589]
[2.23060194],[0.61907412],[0.94260951]
[2.19388723],[0.63722807],[0.88793637]
[2.32780444],[0.65242715],[1.01324798]
[2.29494129],[0.66245739],[0.94398881]
[2.41878984],[0.67337508],[1.06975593]
[2.37202193],[0.68131869],[1.00071382]
[2.48931893],[0.68588002],[1.10926993]
[2.45516241],[0.68787844],[1.03382252]
[2.57753853],[0.68938403],[1.14968871]
[2.53280019],[0.68964768],[1.06596605]
[2.60991032],[0.6860521],[1.15374465]
[2.53068059],[0.68325983],[1.04494014]
[2.60551157],[0.67988416],[1.14237038]
[2.5205453],[0.67733658],[1.02645542]
[2.61023623],[0.67367702],[1.12971817]
[2.51060113],[0.67103513],[1.01340896]
[2.61338036],[0.66867553],[1.07934415]
[2.56020459],[0.665829],[1.05312193]
[2.60666708],[0.66382236],[1.06339585]
[2.55858006],[0.66155569],[1.04250721]
[2.545499],[0.65999784],[1.02885543]
[2.54402071],[0.65851475],[1.0237891]
[2.54341363],[0.65667161],[1.02385739]
[2.53949016],[0.65470534],[1.01188546]
[2.53704364],[0.64975399],[1.00217319]
[2.53553986],[0.64090922],[0.98947888]
[2.52834167],[0.63142435],[0.97790504]
[2.48183473],[0.62227461],[0.94601825]
[2.43580803],[0.61262998],[0.9207759]
[2.38595251],[0.60407643],[0.90177562]
[2.34706308],[0.59666778],[0.87733787]
[2.31759951],[0.58761728],[0.85470514]
[2.27829487],[0.57845877],[0.82226248]
[2.24766347],[0.56348724],[0.79204823]
[2.19711177],[0.54840423],[0.74963414]
[2.15760413],[0.53783079],[0.72199007]
[2.14358497],[0.53452354],[0.71473203]
[2.11017984],[0.53094053],[0.70193426]
[2.08660945],[0.52933429],[0.69603409]
[3.03934449],[0.61933516],[1.17306201]
[0.],[0.],[0.]
[0.],[0.],[0.]
[0.],[0.],[0.]
[0.],[0.],[0.]
[1.14284931],[0.34163072],[0.19326312]
[1.61021745],[0.39830606],[0.37421518]
[1.942125],[0.48203162],[0.63991155]
[2.05622595],[0.55524832],[0.79459372]
[2.11387837],[0.5845809],[0.84508442]
[2.19171014],[0.60754228],[0.93219364]
[2.19536299],[0.63579658],[0.94562962]
[2.24188583],[0.65875341],[1.02008205]
[2.23741109],[0.67582488],[1.00593095]
[2.30548971],[0.69681794],[1.08678529]
[2.3096177],[0.71266841],[1.06828415]
[2.38745865],[0.72797754],[1.1491472]
[2.3911229],[0.73828655],[1.13329496]
[2.47863152],[0.74412619],[1.20499964]
[2.53816924],[0.7474976],[1.19027959]
[2.63524395],[0.7496539],[1.26837255]
[2.65955152],[0.74965982],[1.2484775]
[2.72733091],[0.7497223],[1.31383133]
[2.7435831],[0.75004383],[1.29285024]
[2.8028587],[0.7498983],[1.3580462]
[2.78955019],[0.74786485],[1.32165202]
[2.81522622],[0.74417778],[1.3566534]
[2.79036935],[0.74157751],[1.30343449]
[2.81778028],[0.73839409],[1.34782873]
[2.79133715],[0.73618258],[1.28546633]
[2.8226804],[0.73358601],[1.33867262]
[2.79573611],[0.73137173],[1.27357291]
[2.84422355],[0.7325616],[1.32655996]
[2.84415433],[0.72772904],[1.31160273]
[2.84900578],[0.72599837],[1.3097451]
[2.85027377],[0.72418774],[1.29721678]
[2.82449242],[0.72302456],[1.28258164]
[2.82590058],[0.72243074],[1.27792005]
[2.82724079],[0.72010087],[1.27717583]
[2.82457211],[0.71825287],[1.26445724]
[2.82512336],[0.7138416],[1.25358548]
[2.82234775],[0.7063736],[1.23728355]
[2.81758547],[0.69823436],[1.22316976]
[2.78987731],[0.69060475],[1.19068954]
[2.75585531],[0.68255219],[1.16433945]
[2.72133811],[0.67487915],[1.14379437]
[2.68154147],[0.66815626],[1.11106449]
[2.64292393],[0.65905663],[1.08304896]
[2.59645703],[0.64966928],[1.0538935]
[2.55777078],[0.63867603],[1.02682541]
[2.50600759],[0.62853987],[0.98199765]
[2.47737013],[0.61901885],[0.95365881]
[2.42569296],[0.61230162],[0.92976207]
[2.40319396],[0.60470047],[0.90448417]
[2.370351],[0.60252736],[0.88910246]
[3.50439425],[0.9042462],[1.62606167]
[0.78261971],[0.19773074],[0.07766236]
[0.],[0.],[0.]
[0.],[0.],[0.]
[0.13925591],[0.03244643],[0.00199066]
[1.40224478],[0.34617885],[0.29778605]
[1.93367203],[0.43898175],[0.5895781]
[2.04058449],[0.54366117],[0.7490148]
[2.1893547],[0.63777414],[0.95946846]
[2.2147027],[0.68334963],[0.99813456]
[2.2980026],[0.70808341],[1.10672883]
[2.28997073],[0.73033609],[1.10462544]
[2.35045733],[0.74281311],[1.18322072]
[2.34833904],[0.75101974],[1.16545621]
[2.40552663],[0.75642102],[1.22410034]
[2.41284924],[0.7579348],[1.20685505]
[2.47675598],[0.75334919],[1.25399229]
[2.53050191],[0.75033337],[1.26304617]
[2.67312339],[0.75138416],[1.32464409]
[2.75619928],[0.75229649],[1.35855286]
[2.81410113],[0.75353302],[1.39892964]
[2.84753424],[0.75467123],[1.42096248]
[2.88484388],[0.75599945],[1.452771]
[2.91297939],[0.7572904],[1.47145966]
[2.92947439],[0.75878446],[1.49345993]
[2.93655326],[0.75682402],[1.49237587]
[2.94191072],[0.75328687],[1.49655676]
[2.95945099],[0.75022977],[1.48960597]
[2.94323467],[0.74669293],[1.4856369]
[2.96663748],[0.74399988],[1.47679353]
[2.94462615],[0.74115401],[1.47348466]
[2.97266021],[0.73908966],[1.46509658]
[2.98756376],[0.73707358],[1.48472448]
[2.99467665],[0.73582017],[1.47226074]
[3.00522659],[0.73449076],[1.48394313]
[3.00055376],[0.73363567],[1.45556146]
[2.97588811],[0.73292645],[1.44914855]
[2.98045644],[0.73153364],[1.44733529]
[2.9800206],[0.72986825],[1.4443192]
[2.98537927],[0.72844135],[1.44160994]
[2.99097031],[0.72533573],[1.43627821]
[2.99665422],[0.72363554],[1.43211447]
[2.99675808],[0.72199692],[1.41887122]
[2.98401539],[0.72084458],[1.39691026]
[2.95773701],[0.71806061],[1.37228331]
[2.92451817],[0.70986072],[1.34438642]
[2.90063811],[0.70197205],[1.3171487]
[2.87518111],[0.69128989],[1.28891712]
[2.8511886],[0.68066843],[1.26196843]
[2.83229086],[0.66939688],[1.24041806]
[2.80888164],[0.65801552],[1.20595073]
[2.7877284],[0.64994177],[1.18039187]
[2.74706457],[0.64629823],[1.15030041]
[2.72659177],[0.64189113],[1.12502948]
[2.71185493],[0.63735521],[1.10603929]
[3.57936835],[0.91357797],[1.80220765]
[1.32160606],[0.52530575],[0.3512175]
[0.],[0.],[0.]
[0.],[0.],[0.]
[0.99201176],[0.09702933],[0.07631505]
[1.55349267],[0.38384525],[0.40265774]
[2.01363625],[0.53043965],[0.70503993]
[2.12146544],[0.65937222],[0.88911374]
[2.27311167],[0.73078508],[1.10945898]
[2.28449135],[0.76610445],[1.1304391]
[2.38173815],[0.78002591],[1.25239869]
[2.37831528],[0.79162788],[1.24218706]
[2.4432663],[0.79515514],[1.31935533]
[2.44201844],[0.79259248],[1.30785361]
[2.49699613],[0.78953354],[1.35698384]
[2.54062392],[0.78706802],[1.36720882]
[2.68603333],[0.78293678],[1.42852515]
[2.75604241],[0.78347928],[1.45612301]
[2.86432953],[0.78488213],[1.52252191]
[2.93254342],[0.78575063],[1.56025844]
[2.96477395],[0.78693233],[1.5918428]
[2.99753955],[0.7885525],[1.61682324]
[3.01419767],[0.78962255],[1.63360326]
[3.04296625],[0.79011885],[1.65807064]
[3.03505051],[0.79085141],[1.65447374]
[3.05409384],[0.7889875],[1.6725662]
[3.04302481],[0.785314],[1.65789182]
[3.07053094],[0.78153723],[1.66911401]
[3.04367197],[0.77870383],[1.6455808]
[3.08115299],[0.77615952],[1.65871443]
[3.04525452],[0.77301149],[1.63414465]
[3.08885871],[0.77111519],[1.64747144]
[3.09771562],[0.76759268],[1.66812397]
[3.11348664],[0.76647053],[1.65548749]
[3.11098678],[0.76481465],[1.66862027]
[3.12462254],[0.7632791],[1.64444537]
[3.10000975],[0.76138669],[1.64101325]
[3.1072874],[0.75932411],[1.64285795]
[3.10587829],[0.75779748],[1.63855156]
[3.11829855],[0.75620012],[1.64597202]
[3.12623738],[0.75310415],[1.64410607]
[3.13204866],[0.75174398],[1.64261283]
[3.13196089],[0.75047033],[1.62380246]
[3.12715972],[0.74920887],[1.60547763]
[3.10600788],[0.74789061],[1.58483243]
[3.07648157],[0.74635252],[1.55707102]
[3.05671389],[0.74344121],[1.53454974]
[3.03571696],[0.73889481],[1.50676073]
[3.01465854],[0.73204697],[1.48011795]
[2.99404908],[0.72181344],[1.44888927]
[2.97579343],[0.711766],[1.41622063]
[2.9576526],[0.70337916],[1.39253281]
[2.93083299],[0.6947426],[1.36570677]
[2.91996156],[0.68690585],[1.34551146]
[2.89962899],[0.679119],[1.31723206]
[3.60379663],[0.96003685],[1.97601675]
[1.65156339],[0.74101774],[0.69057544]
[0.36054005],[0.15921219],[0.02486924]
[0.],[0.],[0.]
[1.01111619],[0.13096955],[0.07640673]
[1.68958698],[0.41484133],[0.46952025]
[2.07771551],[0.60394544],[0.79560474]
[2.17701343],[0.71494895],[0.97296246]
[2.33907726],[0.77820025],[1.19645489]
[2.3558197],[0.80323775],[1.22168879]
[2.4788448],[0.80664865],[1.34895162]
[2.53709354],[0.81002813],[1.36457546]
[2.68386744],[0.80708165],[1.47660943]
[2.74466247],[0.80402716],[1.47810973]
[2.83319879],[0.80396496],[1.55985693]
[2.91001296],[0.80446922],[1.59256415]
[2.97269787],[0.80502184],[1.64441428]
[3.02177678],[0.80591153],[1.67940204]
[3.06239778],[0.80878184],[1.71914274]
[3.10230384],[0.810131],[1.74975462]
[3.09984491],[0.81172203],[1.749557]
[3.12057728],[0.81356063],[1.76629962]
[3.11163044],[0.81520949],[1.76072671]
[3.1404497],[0.81621903],[1.78517766]
[3.12265422],[0.81595518],[1.77886043]
[3.15375656],[0.81399648],[1.79924165]
[3.12408571],[0.80990638],[1.77644194]
[3.18040211],[0.80602922],[1.7940541]
[3.12143465],[0.80266324],[1.76110856]
[3.19478898],[0.7996266],[1.78721593]
[3.12676244],[0.79579351],[1.75721012]
[3.203473],[0.79318885],[1.77690888]
[3.18453262],[0.78828341],[1.78712727]
[3.22504665],[0.78773988],[1.78233461]
[3.19895873],[0.78529619],[1.78558053]
[3.23189199],[0.78335733],[1.77015222]
[3.19783838],[0.78142188],[1.76297917]
[3.20224463],[0.77934576],[1.76347179]
[3.20193051],[0.77744369],[1.76022622]
[3.20926389],[0.77544547],[1.76372705]
[3.21824948],[0.77152423],[1.76215035]
[3.22279495],[0.76944283],[1.75963831]
[3.22403715],[0.76765096],[1.75104133]
[3.22682469],[0.76631921],[1.74883873]
[3.21231544],[0.76494064],[1.74255999]
[3.18921391],[0.76344169],[1.71792854]
[3.17126635],[0.76007685],[1.69275571]
[3.15330704],[0.75587721],[1.66273266]
[3.13580702],[0.7517196],[1.63639307]
[3.11500566],[0.74798212],[1.60850321]
[3.09924225],[0.74471972],[1.58494625]
[3.08025692],[0.74218874],[1.56596245]
[3.04839737],[0.73724692],[1.53883921]
[3.04064271],[0.72944382],[1.52199502]
[3.02950575],[0.71552392],[1.49483635]
[3.76343951],[1.07707968],[2.17530019]
[1.58099209],[0.72431457],[0.78519804]
[0.48106898],[0.35221217],[0.07750696]
[0.],[0.],[0.]
[0.75446682],[0.1121778],[0.04068405]
[1.78338561],[0.42736939],[0.50147404]
[2.13803429],[0.64824224],[0.86946915]
[2.24505888],[0.74744082],[1.0564176]
[2.40636952],[0.78957688],[1.26419232]
[2.43205241],[0.80912713],[1.31101494]
[2.66205677],[0.81492918],[1.45967911]
[2.77851904],[0.82405425],[1.50321167]
[2.8951381],[0.82507249],[1.61455483]
[2.94317409],[0.8253667],[1.63642952]
[3.00527698],[0.82676852],[1.70855586]
[3.04876048],[0.82676479],[1.72709431]
[3.09729775],[0.82597309],[1.78125726]
[3.13592188],[0.82649999],[1.80773875]
[3.14796541],[0.82929459],[1.82677686]
[3.18250236],[0.83020185],[1.8381133]
[3.17971571],[0.83103251],[1.84229584]
[3.20691459],[0.83191981],[1.85751097]
[3.2016487],[0.83288373],[1.86061752]
[3.23777147],[0.83365504],[1.88297708]
[3.20583288],[0.83315123],[1.88145236]
[3.25732775],[0.83161415],[1.90408225]
[3.20668648],[0.82846772],[1.88491928]
[3.28323812],[0.82526521],[1.90313613]
[3.20587247],[0.82255664],[1.87174715]
[3.29704564],[0.82055586],[1.89642265]
[3.22864835],[0.81788062],[1.87224561]
[3.32058991],[0.81536584],[1.88835822]
[3.28800163],[0.80994814],[1.90180455]
[3.37314873],[0.80994412],[1.90130456]
[3.30182761],[0.80834939],[1.90154479]
[3.37080586],[0.80645057],[1.8935393]
[3.30941401],[0.80445491],[1.8794828]
[3.3123101],[0.80218747],[1.87971305]
[3.30962552],[0.80028743],[1.87624412]
[3.31256046],[0.79828782],[1.8788316]
[3.3185541],[0.79409622],[1.87570477]
[3.31988661],[0.79153086],[1.87028849]
[3.31617869],[0.7886516],[1.85964472]
[3.31408413],[0.78580946],[1.8541523]
[3.29001347],[0.78368068],[1.84461027]
[3.26431309],[0.78172849],[1.83130208]
[3.24656291],[0.77699845],[1.82165901]
[3.2316951],[0.77190938],[1.80345402]
[3.21524446],[0.76718183],[1.78127731]
[3.19531184],[0.76368252],[1.75502721]
[3.17576075],[0.76076493],[1.72968002]
[3.15137588],[0.75635972],[1.70330791]
[3.11901634],[0.7537391],[1.67224021]
[3.10893727],[0.74990428],[1.65242532]
[3.09541019],[0.74261687],[1.6249341]
[4.02299334],[1.20355728],[2.64809588]
[1.68529352],[0.7695975],[0.83746568]
[0.5499539],[0.30721544],[0.07840123]
[0.],[0.],[0.]
[1.00371273],[0.09620009],[0.06312087]
[1.84682896],[0.46279193],[0.53644049]
[2.21918583],[0.66658256],[0.93608019]
[2.3329585],[0.74618962],[1.13223327]
[2.48387919],[0.79020375],[1.33271481]
[2.5981506],[0.80790919],[1.40275964]
[2.82252631],[0.81532678],[1.56002928]
[2.9271067],[0.82794849],[1.61228545]
[3.00942164],[0.82858838],[1.71483593]
[3.04716302],[0.82879035],[1.7391087]
[3.09624432],[0.82947169],[1.80457787]
[3.13869268],[0.82939121],[1.83340525]
[3.15924401],[0.82827394],[1.86239333]
[3.1884031],[0.82836301],[1.87010893]
[3.18293153],[0.83151083],[1.87631826]
[3.22483623],[0.83347795],[1.89143327]
[3.21521624],[0.83540724],[1.89946857]
[3.25160884],[0.83709108],[1.9180392]
[3.23675142],[0.83910018],[1.92399558]
[3.2600507],[0.84061252],[1.93690294]
[3.23924858],[0.84086938],[1.94685488]
[3.25834648],[0.84045601],[1.95395015]
[3.23983363],[0.83858035],[1.95299446]
[3.28056263],[0.83714852],[1.95714249]
[3.23580081],[0.83472428],[1.94321598]
[3.2970588],[0.83297074],[1.95795651]
[3.23851837],[0.83134917],[1.94358133]
[3.32136382],[0.82930913],[1.95787967]
[3.29296653],[0.82542672],[1.97183876]
[3.37582595],[0.8259315],[1.97080949]
[3.31744919],[0.82505536],[1.97718754]
[3.40084754],[0.82404245],[1.97411738]
[3.34599818],[0.8231676],[1.96075144]
[3.36505027],[0.82182242],[1.96599499]
[3.37253803],[0.82000012],[1.96536017]
[3.38991533],[0.81816325],[1.97226568]
[3.40638895],[0.81453691],[1.97319025]
[3.41223132],[0.8118778],[1.97007019]
[3.40861575],[0.80940081],[1.96066934]
[3.40781415],[0.80713791],[1.95626856]
[3.35659007],[0.80467829],[1.93863138]
[3.31274292],[0.80166644],[1.92085026]
[3.29199154],[0.79655385],[1.90783795]
[3.27621826],[0.79104086],[1.89068317]
[3.26381859],[0.78630571],[1.87474029]
[3.24834447],[0.78190001],[1.85712593]
[3.23158011],[0.77905446],[1.8382789]
[3.20768925],[0.77464544],[1.81597954]
[3.17651905],[0.77038373],[1.78578911]
[3.1646044],[0.76607822],[1.76469189]
[3.15247769],[0.76149631],[1.73937895]
[4.19634807],[1.248139],[2.97644812]
[1.73937234],[0.68165658],[0.6767654]
[0.55887015],[0.18894667],[0.04810334]
[0.],[0.],[0.]
[1.23480458],[0.17364912],[0.14026536]
[1.92624704],[0.53628162],[0.62023873]
[2.31070658],[0.6939444],[1.05056566]
[2.41553919],[0.76777458],[1.24952182]
[2.57900457],[0.81352977],[1.43951534]
[2.74125358],[0.82606634],[1.53296613]
[2.93988204],[0.83625922],[1.68318332]
[3.02624399],[0.8461573],[1.73353417]
[3.07889306],[0.84694552],[1.82258534]
[3.1154789],[0.84661449],[1.84992269]
[3.1381751],[0.84627374],[1.89468759]
[3.18326371],[0.8451938],[1.92795216]
[3.18576548],[0.84467713],[1.94400826]
[3.2163478],[0.84540745],[1.95003234]
[3.21026075],[0.84807812],[1.95987462]
[3.251415],[0.84994532],[1.96839222]
[3.24505643],[0.85209237],[1.98477229]
[3.27704839],[0.85388943],[1.99376333]
[3.26462103],[0.85587302],[2.00914123]
[3.28156956],[0.8575493],[2.01009596]
[3.26544214],[0.85817224],[2.02990705]
[3.27761311],[0.85809934],[2.02438573]
[3.26447762],[0.85638672],[2.03401869]
[3.28903232],[0.8548446],[2.0228864]
[3.25936026],[0.85242628],[2.02098256]
[3.30412293],[0.85060976],[2.02015145]
[3.25948444],[0.84887524],[2.01700226]
[3.34005248],[0.84690813],[2.02089442]
[3.3050809],[0.84303213],[2.04247547]
[3.40018305],[0.84378956],[2.04451085]
[3.32652111],[0.84273204],[2.04498753]
[3.42049111],[0.84158274],[2.04377175]
[3.36498945],[0.84051437],[2.02694983]
[3.38000187],[0.83945495],[2.03031783]
[3.37672491],[0.83824619],[2.02613266]
[3.38350989],[0.83713691],[2.02961375]
[3.39863332],[0.83402711],[2.02936193]
[3.4041568],[0.83141446],[2.02544546]
[3.39992474],[0.82904004],[2.01548561]
[3.40084277],[0.82703188],[2.01362006]
[3.34624225],[0.82459107],[1.99595817]
[3.30927999],[0.82058552],[1.9782152]
[3.28946355],[0.81533708],[1.9663497]
[3.27367346],[0.80986605],[1.94857979]
[3.26011357],[0.80521153],[1.93261369]
[3.24242375],[0.8005309],[1.90925192]
[3.22949256],[0.7975227],[1.8920124]
[3.20729417],[0.79289333],[1.87011247]
[3.18337478],[0.78838798],[1.84244775]
[3.17525295],[0.78382006],[1.82474053]
[3.16544926],[0.7789347],[1.79861157]
[4.27885565],[1.31527197],[3.38844374]
[1.98234194],[0.72907331],[0.76529438]
[0.7146043],[0.17277896],[0.05548828]
[0.],[0.],[0.]
[1.37795773],[0.2424544],[0.20507289]
[1.98639763],[0.57734883],[0.69260081]
[2.380061],[0.70675838],[1.12472259]
[2.47240171],[0.78156279],[1.3268787]
[2.67611022],[0.82471074],[1.51279112]
[2.82138032],[0.83747428],[1.61047509]
[2.99236243],[0.84791143],[1.75749594]
[3.06530953],[0.85630794],[1.80504603]
[3.1058458],[0.85548514],[1.88793057]
[3.14466434],[0.85397199],[1.9165122]
[3.15866716],[0.85311082],[1.95526253]
[3.20088631],[0.85238753],[1.98057807]
[3.19641108],[0.85218263],[1.98922734]
[3.23001716],[0.85288158],[1.99225097]
[3.22424456],[0.85539863],[2.00187515]
[3.26817078],[0.85730504],[2.00439996]
[3.25969233],[0.85942902],[2.02132275]
[3.2892701],[0.86109142],[2.02477293]
[3.2756852],[0.86317314],[2.04270972]
[3.29132045],[0.86456748],[2.03900203]
[3.27556121],[0.86536601],[2.06380096]
[3.28669487],[0.86697194],[2.05347415]
[3.27449399],[0.86394861],[2.06747982]
[3.28528224],[0.86437831],[2.04731892]
[3.2687787],[0.86010357],[2.05223741]
[3.29028508],[0.85817937],[2.04132061]
[3.2686059],[0.85629517],[2.04673711]
[3.31554887],[0.85401686],[2.03802817]
[3.29631481],[0.85088698],[2.06888132]
[3.3771734],[0.85101999],[2.06351625]
[3.31826496],[0.85011003],[2.07243212]
[3.4005312],[0.84892382],[2.06512351]
[3.33738415],[0.84801506],[2.05023249]
[3.3578891],[0.84736737],[2.0533395]
[3.36508263],[0.84617815],[2.05177754]
[3.38352888],[0.84527387],[2.05924565]
[3.41246392],[0.84384634],[2.06484118]
[3.42757833],[0.84268188],[2.06477278]
[3.43133136],[0.84152129],[2.05764502]
[3.45698079],[0.8401825],[2.06321537]
[3.40813369],[0.8382633],[2.04351825]
[3.33825858],[0.83368311],[2.01782614]
[3.31367861],[0.82955514],[2.00541716]
[3.29707512],[0.82525199],[1.98972163]
[3.28192814],[0.82112915],[1.97543491]
[3.26355278],[0.8173759],[1.95828288]
[3.2463053],[0.81494616],[1.94011141]
[3.22331359],[0.81011339],[1.91838009]
[3.19441625],[0.80539574],[1.89100057]
[3.18477746],[0.80095134],[1.87412615]
[3.17476202],[0.79578809],[1.8512984]
[4.31832397],[1.3473956],[3.7310513]
[2.10787254],[0.81155362],[0.76165232]
[0.83587697],[0.20320679],[0.07794026]
[0.],[0.],[0.]
[1.39511214],[0.24275566],[0.21399509]
[2.0216052],[0.59895341],[0.73040119]
[2.39348238],[0.71128927],[1.15540282]
[2.47809179],[0.78662509],[1.35649915]
[2.6698172],[0.83104096],[1.53107412]
[2.82384616],[0.84250316],[1.63206449]
[2.99915639],[0.85190678],[1.77933948]
[3.07425679],[0.85873704],[1.82643329]
[3.11069143],[0.85740891],[1.90650783]
[3.15570953],[0.85581643],[1.93716286]
[3.1643133],[0.85535871],[1.97037483]
[3.20747886],[0.85510208],[1.98993746]
[3.2038369],[0.85529389],[1.99901742]
[3.24047795],[0.85648633],[1.99786243]
[3.23571173],[0.85930541],[2.01209098]
[3.28127531],[0.86136113],[2.01169943]
[3.27103511],[0.86351556],[2.03264927]
[3.30156215],[0.86529255],[2.03196549]
[3.28697784],[0.86734389],[2.05629359]
[3.3021649],[0.86872828],[2.04668386]
[3.28649692],[0.8696733],[2.0817118]
[3.29690784],[0.87193193],[2.06873345]
[3.28529901],[0.86889785],[2.08780979]
[3.29500727],[0.86974186],[2.06056668]
[3.27900384],[0.86469496],[2.06620382]
[3.29077999],[0.86323578],[2.04638504]
[3.27847019],[0.86079898],[2.05906838]
[3.30072301],[0.85850209],[2.03918166]
[3.29031963],[0.85585885],[2.08047917]
[3.34984604],[0.8558963],[2.06907996]
[3.30954903],[0.85496703],[2.08443685]
[3.37685055],[0.85377996],[2.0692096]
[3.32472704],[0.85285638],[2.05798307]
[3.33423144],[0.85248504],[2.061023]
[3.33858234],[0.85129784],[2.05886108]
[3.35918983],[0.85037898],[2.06521496]
[3.39176793],[0.8485999],[2.07102944]
[3.40910373],[0.84738343],[2.07265243]
[3.4137179],[0.84615711],[2.06667749]
[3.44898164],[0.84522699],[2.07618315]
[3.46436712],[0.84441516],[2.0783999]
[3.4005546],[0.84170972],[2.05118223]
[3.34328548],[0.8399191],[2.03255589]
[3.32342805],[0.83616829],[2.01729611]
[3.30586387],[0.83221884],[2.00257381]
[3.28625481],[0.82921717],[1.99051436]
[3.26279168],[0.82720449],[1.97110938]
[3.23848645],[0.82335168],[1.94965162]
[3.20812689],[0.8192264],[1.92235334]
[3.19383088],[0.81424872],[1.90556248]
[3.18454489],[0.80888445],[1.88384729]
[4.39020719],[1.28986301],[3.61439213]
[2.20959171],[0.88309217],[0.82581504]
[0.9447821],[0.22110558],[0.09738969]
[0.],[0.],[0.]
[1.32579224],[0.21574833],[0.18235144]
[2.04778178],[0.59617828],[0.74314129]
[2.39867516],[0.70216574],[1.16382975]
[2.48288822],[0.77858787],[1.36187422]
[2.66249311],[0.8270965],[1.53457503]
[2.82311095],[0.83928983],[1.63631427]
[3.00135523],[0.84928047],[1.78573315]
[3.08187285],[0.85531816],[1.83471183]
[3.11647548],[0.85525248],[1.91618139]
[3.1671168],[0.85562644],[1.95294312]
[3.17149484],[0.85610836],[1.98251007]
[3.21272516],[0.85669877],[1.99386808]
[3.21295172],[0.85798388],[2.01247889]
[3.24838899],[0.85969306],[2.00455939]
[3.24827051],[0.8629948],[2.02909908]
[3.29139642],[0.8656421],[2.02067913]
[3.28383811],[0.86832807],[2.05151188]
[3.31481306],[0.87031959],[2.04564938]
[3.29966849],[0.8733588],[2.08580139]
[3.31497631],[0.87517126],[2.06961767]
[3.29862332],[0.87612575],[2.11841068]
[3.30592015],[0.87976841],[2.0917651]
[3.2968729],[0.87554449],[2.1230404]
[3.30315071],[0.87767302],[2.08236883]
[3.28974995],[0.87134121],[2.09407402]
[3.29829491],[0.87107607],[2.0606007]
[3.28944061],[0.86736189],[2.08047326]
[3.29459668],[0.8650537],[2.04757529]
[3.29838077],[0.8625816],[2.10557252]
[3.33565583],[0.86273209],[2.08278649]
[3.30504503],[0.86209869],[2.11024241]
[3.3665974],[0.86091679],[2.08920864]
[3.320468],[0.85997596],[2.07914875]
[3.33003272],[0.85925761],[2.08150955]
[3.33334827],[0.85807245],[2.07820366]
[3.3464211],[0.85713637],[2.08409658]
[3.38222029],[0.85544292],[2.08917481]
[3.40125516],[0.85404517],[2.09102826]
[3.40695326],[0.85274692],[2.08468936]
[3.44189477],[0.85173399],[2.09374811]
[3.50310305],[0.85035411],[2.11240736]
[3.45649621],[0.84820023],[2.0890842]
[3.40384498],[0.84624415],[2.06834084]
[3.35915668],[0.84456685],[2.04972443]
[3.32835689],[0.84227679],[2.03686829]
[3.30504758],[0.84023587],[2.02732785]
[3.28157594],[0.83825995],[2.00855766]
[3.25595896],[0.83458986],[1.9870868]
[3.22428823],[0.83066695],[1.9591739]
[3.20239119],[0.82670027],[1.94119649]
[3.19385339],[0.8214532],[1.92055533]
[4.38291172],[1.11967046],[2.98174778]
[2.16073097],[0.67789186],[0.618106]
[0.89817196],[0.17853149],[0.07518774]
[0.],[0.],[0.]
[1.34017392],[0.22464846],[0.19091428]
[2.11353156],[0.60847433],[0.80930568]
[2.4014981],[0.71402576],[1.21127324]
[2.48376114],[0.79146707],[1.40655449]
[2.60144959],[0.84402988],[1.5582523]
[2.79482721],[0.85289027],[1.65955992]
[2.97878765],[0.86216103],[1.79510995]
[3.07653041],[0.86577265],[1.85320676]
[3.10477871],[0.86436664],[1.92489913]
[3.16294267],[0.86543237],[1.96004469]
[3.1682026],[0.86601024],[1.99334091]
[3.21559755],[0.86666848],[2.01263836]
[3.22163208],[0.86801237],[2.03861041]
[3.25646294],[0.87009489],[2.02390347]
[3.26190537],[0.8732199],[2.06016002]
[3.31048341],[0.87614974],[2.04813596]
[3.29957378],[0.8788427],[2.09358287]
[3.3502102],[0.88086677],[2.08244341]
[3.31372585],[0.88359802],[2.13073404]
[3.34747403],[0.888175],[2.10848814]
[3.30997846],[0.8870736],[2.15988196]
[3.33159453],[0.89249935],[2.12758587]
[3.30599132],[0.88681288],[2.16210381]
[3.32493461],[0.88845272],[2.1155382]
[3.30309684],[0.88173943],[2.141191]
[3.30794342],[0.87981744],[2.09183912]
[3.30174128],[0.87772039],[2.1181618]
[3.30243244],[0.8757515],[2.06920108]
[3.30261688],[0.87357643],[2.1345365]
[3.33745937],[0.87385574],[2.10581373]
[3.30131803],[0.87291181],[2.13751409]
[3.37250511],[0.87175358],[2.11579652]
[3.31844304],[0.87081064],[2.10436382]
[3.32968976],[0.87006306],[2.10903482]
[3.33640191],[0.86890251],[2.10898805]
[3.35642965],[0.86796424],[2.11647515]
[3.39409951],[0.86624267],[2.12536116]
[3.41420197],[0.8646704],[2.12936102]
[3.42115683],[0.86330157],[2.12567912]
[3.45297652],[0.86220577],[2.13027155]
[3.51186161],[0.8609207],[2.14875728]
[3.44957053],[0.85891582],[2.11995357]
[3.39645146],[0.85678422],[2.0998252]
[3.35399011],[0.85466783],[2.08189759]
[3.32771652],[0.85245527],[2.06982878]
[3.30273105],[0.85219297],[2.05479097]
[3.2781609],[0.85078834],[2.03556005]
[3.25135173],[0.84713622],[2.01462381]
[3.21812151],[0.84318943],[1.98717961]
[3.20665433],[0.83918929],[1.97302688]
[3.19826927],[0.83479633],[1.95201999]
[4.43066108],[1.11537965],[3.00049605]
[2.21934351],[0.68387897],[0.61607875]
[0.94077991],[0.17159772],[0.07655184]
[0.],[0.],[0.]
[1.32809651],[0.22755634],[0.18616378]
[2.13280507],[0.61515925],[0.84292271]
[2.40678369],[0.72116271],[1.23806328]
[2.48761579],[0.79887792],[1.43190261]
[2.58026387],[0.85297353],[1.57999864]
[2.79003562],[0.86093862],[1.6810998]
[2.97882625],[0.86980632],[1.81579726]
[3.08390145],[0.87188462],[1.87570989]
[3.11138882],[0.87075595],[1.94739451]
[3.17369182],[0.87189185],[1.98165791]
[3.17970468],[0.87259022],[2.01679991]
[3.22461639],[0.87334054],[2.0272247]
[3.23287932],[0.87510598],[2.06034107]
[3.27099597],[0.87753326],[2.04273344]
[3.27669291],[0.88058831],[2.10125188]
[3.33660569],[0.88324068],[2.08520627]
[3.31548426],[0.88602252],[2.14442175]
[3.37620406],[0.89484859],[2.13399498]
[3.32741131],[0.89792959],[2.18793546]
[3.37170171],[0.90880503],[2.1680952]
[3.32306889],[0.91002749],[2.2228919]
[3.35626278],[0.91198002],[2.19016565]
[3.31895908],[0.90979099],[2.22549895]
[3.34954015],[0.90919677],[2.17997326]
[3.31626195],[0.90040506],[2.20871391]
[3.33269467],[0.89543414],[2.15082304]
[3.31447896],[0.88770112],[2.1800433]
[3.31634152],[0.88361445],[2.11879751]
[3.31186654],[0.88071768],[2.17118687]
[3.32596711],[0.88223745],[2.13727582]
[3.31020156],[0.88018015],[2.16672102]
[3.33908863],[0.87902328],[2.13237021]
[3.30570162],[0.8780588],[2.12133896]
[3.31709127],[0.87726638],[2.12612966]
[3.32366194],[0.87610591],[2.12613919]
[3.33381635],[0.87514635],[2.13374571]
[3.36424665],[0.87378036],[2.13883023]
[3.38739661],[0.87333743],[2.14458409]
[3.3971913],[0.87062014],[2.14405445]
[3.43219221],[0.8702895],[2.14464214]
[3.50244488],[0.86864437],[2.16650315]
[3.50410121],[0.86658297],[2.16208142]
[3.45821952],[0.86423634],[2.14348313]
[3.42013423],[0.86200921],[2.12519985]
[3.37210549],[0.86038131],[2.10723947]
[3.32617545],[0.86029063],[2.09008475]
[3.29999255],[0.86022331],[2.07025248]
[3.27143013],[0.85814311],[2.04937781]
[3.23627149],[0.85419728],[2.02042114]
[3.21453687],[0.8505691],[2.00426545]
[3.20577961],[0.84615391],[1.98491547]
[4.49781191],[1.17574919],[3.02825923]
[2.1353623],[0.66124662],[0.56897714]
[0.85061316],[0.1481965],[0.05744244]
[0.],[0.],[0.]
[1.25560868],[0.19657484],[0.1495187]
[2.13232659],[0.61509775],[0.85155677]
[2.40908074],[0.72522439],[1.25522485]
[2.49133298],[0.80356745],[1.45302779]
[2.57519732],[0.85922237],[1.60080931]
[2.78553488],[0.86861477],[1.69806132]
[2.97905966],[0.87674478],[1.83152134]
[3.09422321],[0.87837749],[1.89579566]
[3.1202083],[0.87693122],[1.96495765]
[3.18159352],[0.87823276],[1.99344006]
[3.19297196],[0.87901941],[2.04131626]
[3.23264204],[0.87984368],[2.03633816]
[3.24620492],[0.88134514],[2.08794411]
[3.28537451],[0.88378497],[2.06686555]
[3.29224301],[0.88770888],[2.14580259]
[3.3614496],[0.89380215],[2.13223654]
[3.32912056],[0.90377913],[2.19788308]
[3.40053853],[0.90860834],[2.18590906]
[3.34672565],[0.91622233],[2.24074159]
[3.39693348],[0.923065],[2.22067405]
[3.33353772],[0.92787613],[2.27467169]
[3.38209843],[0.92620266],[2.24012584]
[3.32860881],[0.92797028],[2.2748451]
[3.37596588],[0.92476312],[2.22937165]
[3.32614284],[0.91915603],[2.25724226]
[3.35971226],[0.90988315],[2.19849135]
[3.32468639],[0.90572675],[2.22795654]
[3.34483069],[0.89570796],[2.16360498]
[3.31875029],[0.89616091],[2.20742591]
[3.34695741],[0.89139755],[2.17998437]
[3.31681605],[0.89195886],[2.2017974]
[3.32897052],[0.88951716],[2.17334595]
[3.31058685],[0.88740406],[2.16142515]
[3.30865186],[0.88532202],[2.15699298]
[3.31524114],[0.88363615],[2.1550673]
[3.32515832],[0.88256095],[2.15453994]
[3.34687897],[0.88125043],[2.15603945]
[3.37148162],[0.88074153],[2.15958116]
[3.38226679],[0.87809274],[2.16049136]
[3.41663566],[0.87746673],[2.1604426]
[3.49284343],[0.87559821],[2.17734092]
[3.54165074],[0.87335475],[2.19383459]
[3.51294867],[0.87094182],[2.18091011]
[3.47753926],[0.86863684],[2.16286096]
[3.43440897],[0.86760963],[2.1472742]
[3.35087916],[0.86744901],[2.12398202]
[3.32147495],[0.86763676],[2.10304008]
[3.29132566],[0.8662213],[2.08106529]
[3.25451802],[0.86392964],[2.05141845]
[3.22867134],[0.86016022],[2.03375995]
[3.215568],[0.85605303],[2.01310164]
[4.56500235],[1.12960734],[2.8347671]
[1.99894175],[0.56603883],[0.46627114]
[0.70104815],[0.11214311],[0.03466116]
[0.],[0.],[0.]
[1.28976139],[0.20324961],[0.15891088]
[2.18239199],[0.62948959],[0.92411067]
[2.42171645],[0.73992147],[1.30389158]
[2.49636129],[0.81941795],[1.49807193]
[2.56116291],[0.87319092],[1.62804019]
[2.72703499],[0.88280482],[1.71116693]
[2.95252186],[0.89028997],[1.83687828]
[3.08917799],[0.89083818],[1.90963925]
[3.12401697],[0.88956],[1.98780523]
[3.1911695],[0.88890081],[2.01182645]
[3.20868862],[0.88890455],[2.07552928]
[3.24382418],[0.88969651],[2.06410576]
[3.2586697],[0.89090651],[2.12844656]
[3.31217544],[0.89306832],[2.11692814]
[3.30600329],[0.90454584],[2.20262306]
[3.39407041],[0.90794545],[2.19464937]
[3.36722395],[0.92087916],[2.25920756]
[3.43098769],[0.92293739],[2.24893052]
[3.38249809],[0.93407661],[2.30398437]
[3.42898535],[0.93823109],[2.28472001]
[3.3718432],[0.94789246],[2.33769403]
[3.41569601],[0.94030019],[2.30078045]
[3.35952636],[0.94811021],[2.33471216]
[3.41163869],[0.94010829],[2.29177211]
[3.343455],[0.93740918],[2.31476082]
[3.39684845],[0.9249629],[2.26189522]
[3.33756877],[0.92343393],[2.28455126]
[3.38438411],[0.9119883],[2.22856865]
[3.34645084],[0.91371485],[2.2600716]
[3.38625666],[0.90767061],[2.24443501]
[3.33109995],[0.90905115],[2.24913811]
[3.38094289],[0.90699318],[2.23992661]
[3.31905166],[0.9047117],[2.22116667]
[3.32463097],[0.90253332],[2.21873464]
[3.33360062],[0.9003746],[2.21542556]
[3.35813594],[0.89835213],[2.21520749]
[3.39947883],[0.89636332],[2.22030826]
[3.42146012],[0.88999677],[2.21732179]
[3.42999789],[0.88903067],[2.21122224]
[3.46033097],[0.88795788],[2.2098965]
[3.52681546],[0.88609353],[2.22446037]
[3.56393788],[0.88368455],[2.22828239]
[3.53042561],[0.88123247],[2.2083949]
[3.48247433],[0.87923164],[2.18791054]
[3.42684109],[0.87813521],[2.17029216]
[3.34602087],[0.87789646],[2.14270693]
[3.31725685],[0.87765208],[2.12250001]
[3.28531356],[0.87610623],[2.10088976]
[3.2457853],[0.87372673],[2.07049657]
[3.22792339],[0.87143519],[2.05524318]
[3.21792179],[0.86784438],[2.03421274]
[4.68212864],[1.1662989],[2.96897718]
[2.03102171],[0.60670934],[0.51693015]
[0.68137739],[0.10868443],[0.03252722]
[0.],[0.],[0.]
[1.28426201],[0.20572773],[0.15373657]
[2.20194982],[0.62996139],[0.94924376]
[2.43772951],[0.74671739],[1.33276964]
[2.50867455],[0.8285785],[1.52607287]
[2.57220969],[0.88198814],[1.6569321]
[2.80101607],[0.89048135],[1.76261878]
[3.01228704],[0.8972933],[1.89441205]
[3.13018209],[0.89722912],[1.96387206]
[3.15835851],[0.89622655],[2.04090714]
[3.21781978],[0.89566948],[2.05662444]
[3.23084054],[0.89562277],[2.13719129]
[3.25901184],[0.89616464],[2.10577228]
[3.27740194],[0.91033442],[2.19446588]
[3.33769156],[0.91428189],[2.18702078]
[3.32077771],[0.9308742],[2.27388337]
[3.42106319],[0.93202131],[2.27114534]
[3.39888617],[0.95319982],[2.34626636]
[3.45679445],[0.94820175],[2.3307111]
[3.41253676],[0.97163738],[2.39874737]
[3.45529888],[0.96845415],[2.37506926]
[3.40282966],[0.98147776],[2.42994213]
[3.44256936],[0.97048547],[2.38777423]
[3.39085074],[0.97722985],[2.41749407]
[3.43892413],[0.97209008],[2.37634859]
[3.37537517],[0.9681739],[2.39505326]
[3.42432615],[0.94937458],[2.33570718]
[3.37024006],[0.95242738],[2.35659435]
[3.4130385],[0.93542909],[2.29818882]
[3.37945018],[0.93913683],[2.33014933]
[3.41500607],[0.93104337],[2.31351323]
[3.36417554],[0.9336748],[2.3154004]
[3.39155192],[0.93109711],[2.302603]
[3.34071531],[0.92872002],[2.28356736]
[3.32947707],[0.92638674],[2.27832626]
[3.33821245],[0.92397598],[2.27449486]
[3.36342119],[0.92172126],[2.27450762]
[3.40623977],[0.91950328],[2.28051899]
[3.42909436],[0.91298529],[2.278407]
[3.43766677],[0.90359707],[2.267053]
[3.46828911],[0.89641644],[2.25283036]
[3.53622725],[0.89504097],[2.26850483]
[3.56448916],[0.89234115],[2.26832483]
[3.57849142],[0.88976604],[2.26235459]
[3.56228434],[0.88729663],[2.24696188]
[3.51101496],[0.8868623],[2.22649504]
[3.42576015],[0.88652356],[2.1863594]
[3.35039793],[0.88616197],[2.1532407]
[3.31205818],[0.88450599],[2.13107587]
[3.26644419],[0.88196995],[2.10099224]
[3.23629067],[0.87950788],[2.08309061]
[3.22533001],[0.87701313],[2.06287869]
[4.66048531],[1.23568068],[3.09446842]
[1.93515435],[0.62142618],[0.51930604]
[0.52746977],[0.08973041],[0.01998467]
[0.],[0.],[0.]
[1.26135851],[0.20309659],[0.14336351]
[2.21886383],[0.62879564],[0.96687989]
[2.45501677],[0.75215725],[1.35870538]
[2.52054822],[0.83586852],[1.54825112]
[2.58407836],[0.88728601],[1.67889388]
[2.87958586],[0.89527208],[1.81341701]
[3.0658594],[0.90235969],[1.94343057]
[3.16598176],[0.90106818],[2.00461788]
[3.18900481],[0.90026034],[2.08997211]
[3.23910002],[0.89974859],[2.09473517]
[3.2457569],[0.90067915],[2.16710682]
[3.27784067],[0.90553904],[2.14892152]
[3.29546474],[0.9259908],[2.2443178]
[3.36564192],[0.9286905],[2.24106621]
[3.35422718],[0.95232473],[2.33401334]
[3.44832668],[0.94620678],[2.32491503]
[3.43079792],[0.97538291],[2.40663738]
[3.48213995],[0.96867709],[2.39023979]
[3.44194512],[0.98917888],[2.45110861]
[3.48097173],[0.98955657],[2.43355323]
[3.43308163],[0.99728886],[2.48001168]
[3.468692],[0.98999354],[2.44239898]
[3.42136414],[0.99365489],[2.46687268]
[3.4793841],[0.98621484],[2.43192354]
[3.40658012],[0.98520833],[2.44594926]
[3.49171391],[0.96736853],[2.40481399]
[3.4016177],[0.96990902],[2.40863754]
[3.49163744],[0.9520311],[2.36966306]
[3.41997226],[0.958424],[2.38687728]
[3.48415424],[0.94690424],[2.37826391]
[3.3965797],[0.95055065],[2.36666588]
[3.44140922],[0.94809429],[2.35882147]
[3.37307898],[0.94548791],[2.33115512]
[3.36010068],[0.94292123],[2.32399227]
[3.3442441],[0.94026894],[2.31670226]
[3.36964041],[0.9382802],[2.31810138]
[3.41379828],[0.93582733],[2.3247525]
[3.43768469],[0.93086743],[2.32404904]
[3.44529432],[0.921673],[2.31221096]
[3.4763661],[0.91235545],[2.29789757]
[3.5448609],[0.90219082],[2.29904317]
[3.56459622],[0.89720192],[2.29268209]
[3.58044514],[0.89454756],[2.28770943]
[3.60181442],[0.89335075],[2.2900744]
[3.58076946],[0.89275541],[2.27481286]
[3.50945413],[0.89215844],[2.24324396]
[3.44201855],[0.89165596],[2.20215364]
[3.35687127],[0.88998568],[2.16327685]
[3.3104938],[0.88730221],[2.13308494]
[3.2688849],[0.88475955],[2.10311974]
[3.23364866],[0.88223327],[2.07659176]
[4.58615131],[1.27582585],[3.16467133]
[1.87768204],[0.63319583],[0.52296279]
[0.42181871],[0.07628096],[0.01299463]
[0.],[0.],[0.]
[1.14482912],[0.17145938],[0.10321668]
[2.21625519],[0.62096608],[0.96073709]
[2.46454939],[0.75741264],[1.37840708]
[2.52996422],[0.84232051],[1.57063709]
[2.59204166],[0.89419999],[1.70171077]
[2.92294197],[0.90256105],[1.85335839]
[3.10088658],[0.90992715],[1.99139441]
[3.18764044],[0.90760085],[2.04111117]
[3.20911459],[0.90624978],[2.14767694]
[3.25025023],[0.90678437],[2.13828838]
[3.26235939],[0.91799199],[2.22205372]
[3.30256589],[0.92192335],[2.20753687]
[3.30867274],[0.94961758],[2.31055401]
[3.3943885],[0.94517856],[2.30374605]
[3.38811336],[0.97419937],[2.39872971]
[3.47611948],[0.96816463],[2.39452508]
[3.46391509],[0.99349013],[2.46742562]
[3.52118377],[0.99300796],[2.46254886]
[3.47346247],[1.00779489],[2.50818405]
[3.55187735],[1.00772732],[2.51116389]
[3.46535212],[1.01633095],[2.53324188]
[3.56359058],[1.00522763],[2.52802763]
[3.4876139],[1.01303074],[2.53388557]
[3.58844393],[1.0017958],[2.5282221]
[3.50689705],[1.00570384],[2.52498905]
[3.59657602],[0.98405954],[2.50383995]
[3.53987637],[0.99093821],[2.50315609]
[3.60116769],[0.97065811],[2.47378214]
[3.56852842],[0.9784794],[2.49124325]
[3.59934007],[0.96537166],[2.48281613]
[3.54777685],[0.97190922],[2.46833971]
[3.56903194],[0.96946602],[2.4631558]
[3.51290703],[0.96646259],[2.42542845]
[3.48747473],[0.9634485],[2.41360365]
[3.4611976],[0.96025416],[2.39832013]
[3.46547354],[0.95722296],[2.39584322]
[3.4970837],[0.95558192],[2.40291768]
[3.51082674],[0.95304385],[2.40049638]
[3.50653275],[0.94323447],[2.38439851]
[3.52961771],[0.93300266],[2.36658136]
[3.56141437],[0.92240447],[2.35347076]
[3.57270208],[0.91229846],[2.33341843]
[3.58788731],[0.90224975],[2.32183349]
[3.61116451],[0.90136429],[2.32733322]
[3.6330525],[0.90067581],[2.33572717]
[3.5820778],[0.89979739],[2.30445463]
[3.52565376],[0.89930237],[2.26649574]
[3.45520037],[0.8975074],[2.2240774]
[3.35658769],[0.89455717],[2.17995956]
[3.31455695],[0.89174835],[2.14890775]
[3.2780125],[0.88900617],[2.1184673]
[4.53459941],[1.23840744],[3.03652327]
[1.75829362],[0.56247414],[0.44518922]
[0.29020359],[0.0529198],[0.00558614]
[0.],[0.],[0.]
[1.16992942],[0.17563668],[0.11105055]
[2.25136075],[0.63884391],[1.02278834]
[2.46550669],[0.76587495],[1.40442396]
[2.53376499],[0.85157885],[1.59988484]
[2.60373224],[0.90173862],[1.72433381]
[2.92358669],[0.91207683],[1.87397722]
[3.10909142],[0.92095928],[2.01863886]
[3.1899599],[0.91832317],[2.06284355]
[3.21527085],[0.91742534],[2.18973681]
[3.25765593],[0.91880058],[2.18881279]
[3.27015152],[0.93060135],[2.27220858]
[3.32174909],[0.93380429],[2.26195219]
[3.32080702],[0.96535122],[2.36172363]
[3.41559446],[0.95857833],[2.35673997]
[3.41297511],[0.98664347],[2.4469157]
[3.52545139],[0.98578186],[2.46216361]
[3.48660923],[1.00598494],[2.512094]
[3.59043201],[1.00580022],[2.53492124]
[3.52652102],[1.02021765],[2.56216257]
[3.61418483],[1.01991603],[2.58221174]
[3.55225619],[1.02793812],[2.6033673]
[3.62288136],[1.0179948],[2.60023163]
[3.57238638],[1.0263108],[2.60353292]
[3.64296534],[1.0148778],[2.59932444]
[3.58612929],[1.02060652],[2.5962783]
[3.64751223],[0.9991246],[2.58109005]
[3.6084031],[1.00863572],[2.58182731]
[3.6533739],[0.98894762],[2.56022181]
[3.6366405],[0.99579095],[2.57204024]
[3.65402962],[0.98304096],[2.56647461]
[3.62047701],[0.98951367],[2.55034909]
[3.63872227],[0.98730091],[2.55163844]
[3.592331],[0.98450797],[2.51002873]
[3.57967419],[0.98170786],[2.50409947]
[3.57333003],[0.97874023],[2.49548918]
[3.57885916],[0.97592124],[2.49441921]
[3.59996776],[0.97637858],[2.50212079]
[3.61017421],[0.97095772],[2.49790705]
[3.6069184],[0.95679441],[2.47989152]
[3.62410024],[0.94621744],[2.46032825]
[3.62206929],[0.93564972],[2.42895462]
[3.60467622],[0.9250954],[2.39384866]
[3.61707438],[0.91559096],[2.3779116]
[3.63691141],[0.91108449],[2.3777175]
[3.65057022],[0.91037356],[2.38209496]
[3.59183021],[0.90949297],[2.34550656]
[3.53607806],[0.90897699],[2.30291667]
[3.46678508],[0.90765318],[2.25658291]
[3.36664404],[0.90474659],[2.21081191]
[3.31732807],[0.90187251],[2.18002335]
[3.27640102],[0.89982746],[2.14937645]
[4.57313505],[1.26447114],[3.11317986]
[1.7772618],[0.60366136],[0.4775702]
[0.28972161],[0.0547116],[0.005764]
[0.],[0.],[0.]
[1.1590329],[0.1719498],[0.10398454]
[2.25533398],[0.6386928],[1.02514445]
[2.47296273],[0.76847336],[1.41588437]
[2.5399399],[0.8543987],[1.61039705]
[2.64163897],[0.9040575],[1.74601753]
[2.95748473],[0.91489564],[1.90390716]
[3.13156115],[0.92316118],[2.05817938]
[3.20417796],[0.92065127],[2.10712007]
[3.23116458],[0.92174482],[2.24634376]
[3.265641],[0.92238275],[2.23228378]
[3.27902206],[0.95346911],[2.3227736]
[3.33535805],[0.94860514],[2.30733822]
[3.33204428],[0.98029418],[2.40475435]
[3.42660668],[0.98324097],[2.41285532]
[3.42446972],[1.00118323],[2.49088945]
[3.57462273],[1.00446647],[2.52958866]
[3.54806256],[1.02039193],[2.57279998]
[3.63453642],[1.02383337],[2.6011835]
[3.58697604],[1.03488904],[2.63190311]
[3.65337162],[1.0374712],[2.65325099]
[3.60720171],[1.04258797],[2.67208859]
[3.6597191],[1.04046459],[2.67591734]
[3.62220022],[1.04929351],[2.69484865]
[3.67648569],[1.04804571],[2.70037137]
[3.63380508],[1.04993296],[2.70306155]
[3.68013167],[1.02997333],[2.68267973]
[3.65238108],[1.03111972],[2.66717239]
[3.68673201],[1.01097369],[2.63690229]
[3.67813924],[1.01694031],[2.6379693]
[3.68934926],[1.00425559],[2.63293279]
[3.66415578],[1.01055065],[2.61289736]
[3.67891388],[1.00837782],[2.61894771]
[3.63946393],[1.00564992],[2.57689476]
[3.62932126],[1.00291405],[2.57322792]
[3.62349257],[1.00037597],[2.56602645]
[3.62757077],[1.00275792],[2.56735529]
[3.64559612],[1.00511298],[2.57796592]
[3.65451468],[1.00003386],[2.57614007]
[3.65202802],[0.98256218],[2.55571624]
[3.66614137],[0.96325327],[2.52949653]
[3.65743161],[0.95025999],[2.49218839]
[3.61926057],[0.93960454],[2.44352563]
[3.61958201],[0.9298291],[2.42052747]
[3.64423981],[0.92146553],[2.41783875]
[3.66350893],[0.91630512],[2.41545184]
[3.62635682],[0.91536854],[2.38727257]
[3.57656058],[0.9146497],[2.34944864]
[3.50908651],[0.91359328],[2.30126457]
[3.41842502],[0.9106217],[2.24954588]
[3.34163194],[0.90796706],[2.21263404]
[3.30473],[0.90508999],[2.18285995]
[4.4693208],[1.32578411],[3.2050988]
[1.64853816],[0.62637847],[0.4611729]
[0.15852367],[0.03292227],[0.00139467]
[0.],[0.],[0.]
[1.14014766],[0.16832366],[0.09543234]
[2.25542382],[0.63891281],[1.02156731]
[2.48134784],[0.76973666],[1.42341431]
[2.54597123],[0.85453086],[1.61471931]
[2.70128276],[0.90393492],[1.76969679]
[2.98927406],[0.91507005],[1.92456029]
[3.15344987],[0.92293211],[2.08324936]
[3.22105765],[0.92061568],[2.13902484]
[3.24575843],[0.92861802],[2.27649576]
[3.27341266],[0.92648535],[2.25058029]
[3.28725488],[0.95736844],[2.33788484]
[3.34586241],[0.95260394],[2.32211224]
[3.34369486],[0.9833981],[2.41799025]
[3.4463923],[0.99026635],[2.43297585]
[3.46110809],[1.00514198],[2.51139732]
[3.61919938],[1.010957],[2.5629941]
[3.60923675],[1.0265153],[2.60963287]
[3.67418301],[1.03675202],[2.64673722]
[3.64145933],[1.04880002],[2.68893872]
[3.68954127],[1.06000487],[2.72260974]
[3.65685725],[1.06394531],[2.75244012]
[3.69492665],[1.06854432],[2.76374329]
[3.67012803],[1.07159905],[2.78143998]
[3.71886081],[1.07613679],[2.79495057]
[3.70141317],[1.07469578],[2.80394533]
[3.73724371],[1.06120601],[2.78852657]
[3.73374053],[1.05817574],[2.78413749]
[3.75678426],[1.04478235],[2.75321857]
[3.75606097],[1.04755582],[2.749001]
[3.74770488],[1.02994333],[2.72161831]
[3.7217123],[1.03201164],[2.68750072]
[3.72053481],[1.02544311],[2.67847626]
[3.68317682],[1.01803991],[2.62769007]
[3.67123558],[1.01387353],[2.61871575]
[3.66593181],[1.01360597],[2.61018732]
[3.66899498],[1.01592083],[2.61099963]
[3.6847635],[1.01817491],[2.62222572]
[3.69255378],[1.012539],[2.6193422]
[3.69094671],[0.99326575],[2.59772739]
[3.7029247],[0.97129685],[2.56858173]
[3.68887307],[0.95532268],[2.52555639]
[3.65342438],[0.94457587],[2.47777697]
[3.62263345],[0.93521507],[2.4406538]
[3.65148846],[0.92677644],[2.44001376]
[3.67251332],[0.91992084],[2.43903503]
[3.65683751],[0.91849369],[2.41687388]
[3.61086666],[0.91774608],[2.3813368]
[3.55458598],[0.91533022],[2.33476901]
[3.47358658],[0.91226047],[2.28123724]
[3.38613361],[0.90956673],[2.23321839]
[3.3332387],[0.90713705],[2.20270159]
[4.42820158],[1.35703569],[3.24978773]
[1.57074923],[0.64491927],[0.45654754]
[0.06379662],[0.01400986],[4.91867395e-05]
[0.],[0.],[0.]
[0.92130317],[0.12776357],[0.05645583]
[2.24122342],[0.63129118],[0.99543395]
[2.48510718],[0.77048388],[1.42953412]
[2.54490643],[0.85371307],[1.61313157]
[2.7374915],[0.90555016],[1.78908968]
[3.00524275],[0.91725129],[1.93851716]
[3.17198136],[0.92563044],[2.11361182]
[3.23334528],[0.92389595],[2.1717869]
[3.25619865],[0.93871825],[2.30923231]
[3.27830988],[0.93279915],[2.2758684]
[3.29266523],[0.96468306],[2.35806464]
[3.35753537],[0.96018011],[2.34514396]
[3.35736318],[0.99017553],[2.44197294]
[3.51311288],[1.00557885],[2.48731579]
[3.53657155],[1.02323664],[2.57691014]
[3.66170977],[1.0359383],[2.63939614]
[3.66246955],[1.0512503],[2.7019561]
[3.71104052],[1.06597637],[2.74380131]
[3.69698044],[1.07408468],[2.78972045]
[3.73940045],[1.0891278],[2.82792246]
[3.73498933],[1.08978783],[2.86784756]
[3.76266627],[1.0984371],[2.88519276]
[3.76490577],[1.09828795],[2.91016986]
[3.79177223],[1.10651019],[2.92216443]
[3.79194268],[1.10319828],[2.93183679]
[3.806397],[1.09525409],[2.91721013]
[3.81476405],[1.08855748],[2.91935615]
[3.8238316],[1.08041373],[2.88847242]
[3.83443687],[1.08302091],[2.88531973]
[3.81747599],[1.06567426],[2.85548068]
[3.80288132],[1.06738011],[2.8233688]
[3.79225851],[1.06063772],[2.80378201]
[3.76661307],[1.05331135],[2.74734131]
[3.74469328],[1.04638045],[2.7254434]
[3.73135964],[1.04367335],[2.70750772]
[3.7236201],[1.04127555],[2.69642708]
[3.72816054],[1.03870617],[2.69427688]
[3.73103236],[1.02752789],[2.68168377]
[3.7295909],[1.00583633],[2.65366329]
[3.73595694],[0.98392187],[2.61946016]
[3.72403252],[0.96486722],[2.57407651]
[3.69645984],[0.95388165],[2.53233554]
[3.67197918],[0.94475993],[2.49762643]
[3.66718769],[0.93624297],[2.47798062]
[3.68623341],[0.92819601],[2.47293353]
[3.68859439],[0.92292224],[2.45741459]
[3.64677704],[0.92212604],[2.41658366]
[3.5963887],[0.91946378],[2.37345996]
[3.52440112],[0.91613695],[2.32090425]
[3.44707815],[0.91337549],[2.26982335]
[3.36468521],[0.91090465],[2.22593315]
[4.36391886],[1.31597352],[3.10921888]
[1.44559078],[0.57934571],[0.39128576]
[0.],[0.],[0.]
[0.],[0.],[0.]
[0.99192771],[0.13181851],[0.06275359]
[2.27178391],[0.64831152],[1.05553905]
[2.48606604],[0.77666944],[1.45249146]
[2.54211353],[0.85963713],[1.62912023]
[2.73377301],[0.91192599],[1.80499864]
[3.00632638],[0.9235714],[1.95227722]
[3.1859993],[0.93430982],[2.14715295]
[3.24243584],[0.93390272],[2.20461093]
[3.26515123],[0.94768962],[2.34524366]
[3.29528352],[0.94050727],[2.31110807]
[3.29807263],[0.96958134],[2.38691546]
[3.38184653],[0.9706832],[2.38863165]
[3.38508832],[1.00896731],[2.49411039]
[3.58505901],[1.0387271],[2.59354666]
[3.62916358],[1.04866739],[2.69085806]
[3.72757932],[1.06821247],[2.76399733]
[3.75002495],[1.07658572],[2.82585179]
[3.78180181],[1.09695302],[2.87412598]
[3.78836037],[1.09962923],[2.92127138]
[3.81014531],[1.11964349],[2.9608536]
[3.81944259],[1.11532083],[2.99819631]
[3.83024715],[1.12912308],[3.01715781]
[3.84266218],[1.12476086],[3.04009062]
[3.85431499],[1.13844699],[3.05428699]
[3.86427195],[1.12976208],[3.06106596]
[3.86558057],[1.13045495],[3.05496939]
[3.88128474],[1.11841927],[3.05492987]
[3.88351347],[1.11584901],[3.02777686]
[3.94200484],[1.11297013],[3.02957252]
[3.88688884],[1.10081879],[2.99696343]
[3.89409317],[1.10156697],[2.96810892]
[3.86188579],[1.09383575],[2.94659043]
[3.84687437],[1.08778407],[2.8972037]
[3.82277253],[1.08333297],[2.87399247]
[3.80992287],[1.07976629],[2.84938244]
[3.80127138],[1.07621018],[2.83270908]
[3.80011069],[1.07178288],[2.82139796]
[3.79823723],[1.06014143],[2.7999581]
[3.79029523],[1.03628157],[2.76677354]
[3.78472073],[1.01043432],[2.71705955]
[3.76729797],[0.98246309],[2.65846586]
[3.74218434],[0.96197936],[2.59954121]
[3.72118894],[0.95295099],[2.56200771]
[3.71611333],[0.9444903],[2.54129684]
[3.70612085],[0.93645341],[2.51726523]
[3.69007505],[0.93113747],[2.4896271]
[3.64850856],[0.92972058],[2.4434317]
[3.59826669],[0.92632448],[2.39428821]
[3.5259006],[0.92235134],[2.3417416]
[3.44808557],[0.91954133],[2.29090724]
[3.36436372],[0.91689933],[2.24357864]
[4.40911193],[1.35097063],[3.19919513]
[1.47793966],[0.62900318],[0.43121637]
[0.],[0.],[0.]
[0.],[0.],[0.]
[0.92459641],[0.12407608],[0.05485485]
[2.27442609],[0.6498398],[1.05785233]
[2.4950074],[0.78111136],[1.470762]
[2.54958594],[0.86502692],[1.64324107]
[2.78225003],[0.91503415],[1.83977798]
[3.03412695],[0.92611412],[1.98630016]
[3.20721087],[0.93583222],[2.20747772]
[3.25340315],[0.9412888],[2.26242596]
[3.27383882],[0.9689354],[2.39902245]
[3.30801584],[0.95476359],[2.35886866]
[3.30559834],[0.9939049],[2.44553622]
[3.42150027],[1.02191061],[2.49594679]
[3.45367343],[1.04541026],[2.60155577]
[3.65591315],[1.07969593],[2.7367752]
[3.72708954],[1.08329468],[2.84325169]
[3.79360636],[1.1086641],[2.91440718]
[3.8252457],[1.11126946],[2.97676837]
[3.84275604],[1.13719768],[3.0252653]
[3.85824053],[1.13494526],[3.07291175]
[3.86658701],[1.15975498],[3.11201073]
[3.88510111],[1.15132406],[3.14840199]
[3.88469085],[1.17048393],[3.16798772]
[3.90464293],[1.16285581],[3.19266569]
[3.9143134],[1.18181981],[3.21687444]
[3.94511406],[1.16913271],[3.22404288]
[3.94530479],[1.17522494],[3.23409902]
[3.98397641],[1.15549943],[3.22892872]
[3.98359018],[1.15817036],[3.2122909]
[4.06432427],[1.1487872],[3.2025204]
[3.99526277],[1.14330283],[3.1745505]
[4.01693484],[1.13677533],[3.13421912]
[3.9507248],[1.12888394],[3.10566112]
[3.95804997],[1.12489857],[3.06104471]
[3.90176841],[1.1212885],[3.03003131]
[3.87796807],[1.11734448],[3.00601158]
[3.86110555],[1.11370184],[2.99147688]
[3.85176136],[1.10931769],[2.97432772]
[3.84978845],[1.10159845],[2.94964606]
[3.84490963],[1.08112433],[2.90742466]
[3.83616181],[1.05777142],[2.84343041]
[3.81664816],[1.03136898],[2.77530694]
[3.78230629],[1.00179447],[2.70206856]
[3.75544416],[0.97432732],[2.64437758]
[3.74659971],[0.95942151],[2.60955529]
[3.73810735],[0.95093344],[2.58014396]
[3.72016178],[0.94194881],[2.54925991]
[3.68204863],[0.93652385],[2.50396511]
[3.63666773],[0.93283351],[2.4510468]
[3.57167676],[0.92857335],[2.38855001]
[3.50234383],[0.92518039],[2.33607144]
[3.42836418],[0.92232219],[2.28810396]
[4.40592005],[1.40849008],[3.32309943]
[1.4080449],[0.65743994],[0.43104459]
[0.],[0.],[0.]
[0.],[0.],[0.]
[0.86441863],[0.11603991],[0.04775103]
[2.27594635],[0.65169072],[1.0580664]
[2.50435722],[0.78412252],[1.48560565]
[2.5637716],[0.86851495],[1.65707583]
[2.82689344],[0.91697651],[1.87239886]
[3.06800107],[0.92818041],[2.02762538]
[3.22629329],[0.93768288],[2.2545188]
[3.26433724],[0.9588384],[2.30983526]
[3.28281996],[0.98519109],[2.44251419]
[3.32544168],[0.99269901],[2.43242112]
[3.31582477],[1.02127571],[2.52140187]
[3.50934844],[1.05424884],[2.60477568]
[3.58613463],[1.07133305],[2.73309396]
[3.73975201],[1.11136662],[2.86640559]
[3.80575569],[1.11183141],[2.96379139]
[3.85124721],[1.14216202],[3.03328425]
[3.88925758],[1.14154996],[3.09662551]
[3.89575834],[1.16993315],[3.14774426]
[3.91810843],[1.16645131],[3.19955766]
[3.92679888],[1.19160629],[3.23796155]
[3.96869319],[1.1850308],[3.28445803]
[3.96625431],[1.20504633],[3.32021205]
[4.012488],[1.19879737],[3.3511114]
[4.01583769],[1.21913031],[3.39100782]
[4.06268692],[1.20747627],[3.40624863]
[4.0473928],[1.21624948],[3.42391592]
[4.10644427],[1.19320141],[3.42243996]
[4.10569494],[1.19730108],[3.40023814]
[4.20901126],[1.18085452],[3.3909324]
[4.12947978],[1.17932163],[3.34897874]
[4.16662834],[1.16625999],[3.31196934]
[4.05883944],[1.15945363],[3.26798203]
[4.08301923],[1.15586883],[3.22564424]
[4.01044109],[1.15110271],[3.18557813]
[3.98147292],[1.14565628],[3.15420047]
[3.96226674],[1.14060215],[3.1278192]
[3.94984868],[1.13598636],[3.10363463]
[3.94148892],[1.12747975],[3.07112565]
[3.92524913],[1.10708952],[3.02073142]
[3.90060987],[1.08797231],[2.95174317]
[3.86363605],[1.06347918],[2.87214026]
[3.83434003],[1.03433812],[2.79493473]
[3.80959017],[1.00686381],[2.73403204]
[3.79076917],[0.97916295],[2.68144476]
[3.77195835],[0.95858534],[2.6342026]
[3.7526693],[0.94763635],[2.59521004]
[3.71334477],[0.93987529],[2.54301152]
[3.67241121],[0.93636384],[2.49497615]
[3.61562214],[0.93236952],[2.43524357]
[3.55554063],[0.92919066],[2.37979219]
[3.49204449],[0.92659296],[2.33261981]
[4.47924474],[1.4444223],[3.4140885]
[1.38511767],[0.69846064],[0.4454141]
[0.],[0.],[0.]
[0.],[0.],[0.]
[0.45724929],[0.05879696],[0.01210157]
[2.24859731],[0.64263262],[1.01942033]
[2.50743205],[0.78697266],[1.49602273]
[2.56900106],[0.87163345],[1.66522821]
[2.84337102],[0.92132193],[1.89589711]
[3.0801924],[0.9326676],[2.06170556]
[3.23606763],[0.94395707],[2.29999941]
[3.27545383],[0.99353352],[2.37894805]
[3.29309634],[1.02117498],[2.52307554]
[3.349622],[1.04055061],[2.53419838]
[3.38142937],[1.0559418],[2.63050038]
[3.61698147],[1.09399863],[2.76346295]
[3.69903327],[1.10798109],[2.88962505]
[3.80810753],[1.14871134],[3.01372301]
[3.87371674],[1.14591136],[3.10817716]
[3.90273841],[1.17604177],[3.17388564]
[3.96423419],[1.17500879],[3.24502342]
[3.98038059],[1.20412871],[3.29835374]
[4.02911238],[1.20342544],[3.360543]
[4.0290921],[1.22874452],[3.4140678]
[4.08720115],[1.22311035],[3.4681231]
[4.07990568],[1.24292776],[3.51541188]
[4.1474955],[1.23755493],[3.55810037]
[4.15632729],[1.25806253],[3.60458593]
[4.21191497],[1.24917906],[3.63479676]
[4.20162209],[1.25935751],[3.65410561]
[4.25495444],[1.2373096],[3.66173423]
[4.25039993],[1.23819188],[3.63876487]
[4.33018044],[1.22146431],[3.62720028]
[4.28347174],[1.21831757],[3.58216655]
[4.3065632],[1.2030048],[3.53217432]
[4.22213457],[1.19408944],[3.47187094]
[4.24251602],[1.188026],[3.4346115]
[4.16080857],[1.18259237],[3.37934523]
[4.12306117],[1.17698679],[3.34497367]
[4.09011571],[1.17178092],[3.3142058]
[4.06375787],[1.1668233],[3.28499734]
[4.04943995],[1.158089],[3.24361025]
[4.0278202],[1.13801121],[3.17983331]
[3.99630009],[1.12103127],[3.09827015]
[3.95362937],[1.1035404],[3.01619098]
[3.90283685],[1.07959861],[2.93972659]
[3.86558591],[1.0557221],[2.87241932]
[3.85145199],[1.03110891],[2.82305231]
[3.83701155],[1.00439318],[2.77319368]
[3.81499149],[0.9785377],[2.72022116]
[3.78165967],[0.96162382],[2.66068526]
[3.71850173],[0.9497231],[2.58405122]
[3.66282972],[0.93984524],[2.51296406]
[3.6099056],[0.93664718],[2.44206106]
[3.55551812],[0.93399379],[2.38975053]
[4.4957814],[1.41048844],[3.33460785]
[1.32207323],[0.64912576],[0.40324783]
[0.],[0.],[0.]
[0.],[0.],[0.]
[0.4313216],[0.05445313],[0.01045179]
[2.26093172],[0.65720606],[1.06050578]
[2.50537715],[0.7956609],[1.51957065]
[2.56007781],[0.88077416],[1.68398777]
[2.83088537],[0.92959296],[1.91215214]
[3.08851894],[0.94343149],[2.10452781]
[3.24070253],[0.97538351],[2.36898497]
[3.28123897],[1.03634745],[2.47896719]
[3.30494036],[1.05702371],[2.63178996]
[3.46805261],[1.08307411],[2.70519288]
[3.53593235],[1.0945785],[2.8010573]
[3.70689382],[1.13871714],[2.93742222]
[3.79289163],[1.14818835],[3.06469434]
[3.87086172],[1.18835813],[3.18274193]
[3.93593342],[1.18673998],[3.28248439]
[3.99021296],[1.21584589],[3.35296737]
[4.08397588],[1.21560848],[3.43364258]
[4.10630083],[1.2423477],[3.5023705]
[4.17102948],[1.24132748],[3.57109455]
[4.1791561],[1.26630201],[3.63930164]
[4.23948973],[1.26250123],[3.69924188]
[4.23338625],[1.28113901],[3.74825799]
[4.28808137],[1.27840422],[3.79403242]
[4.29304793],[1.29773107],[3.84251774]
[4.34067647],[1.29345617],[3.8843772]
[4.33187239],[1.30218649],[3.90472968]
[4.37532258],[1.28287765],[3.91519879]
[4.37021425],[1.28111608],[3.89774635]
[4.43228295],[1.26479348],[3.87839195]
[4.40947845],[1.25887449],[3.8333908]
[4.42428056],[1.24462367],[3.78374229]
[4.36319037],[1.23360679],[3.71444184]
[4.37374123],[1.22649271],[3.67022975]
[4.31936791],[1.22039099],[3.61526447]
[4.2901477],[1.21490076],[3.58769107]
[4.26273482],[1.21175193],[3.5638441]
[4.24091194],[1.20843279],[3.54185887]
[4.22614023],[1.20049057],[3.50795544]
[4.20235697],[1.18171135],[3.44439889]
[4.14974612],[1.164406],[3.35158762]
[4.08645766],[1.14691209],[3.23788123]
[4.03900687],[1.12758761],[3.14252838]
[3.98004904],[1.1061329],[3.07004898]
[3.92609586],[1.08244648],[3.00371063]
[3.90596321],[1.05663475],[2.94230518]
[3.88564308],[1.03144333],[2.88450614]
[3.85054111],[1.00618351],[2.81156386]
[3.80167084],[0.9806631],[2.7276522]
[3.72711242],[0.96074351],[2.62777365]
[3.64357525],[0.95075555],[2.52761387]
[3.58009615],[0.9465913],[2.45661544]
[4.63628934],[1.45397215],[3.49739378]
[1.38552097],[0.71544463],[0.45659759]
[0.],[0.],[0.]
[0.],[0.],[0.]
[0.26539463],[0.03380162],[0.0036802]
[2.25223419],[0.65371653],[1.04377593]
[2.51398602],[0.80147839],[1.53386929]
[2.57167604],[0.88457141],[1.69763603]
[2.86869129],[0.93647794],[1.95785366]
[3.11348836],[0.95302497],[2.17520522]
[3.25694898],[1.01532179],[2.46778868]
[3.29824492],[1.08263815],[2.59544791]
[3.32473001],[1.09842462],[2.76571383]
[3.56130279],[1.13425886],[2.88452202]
[3.63283207],[1.14269364],[2.98879466]
[3.76795423],[1.18509952],[3.12121651]
[3.85187232],[1.19595359],[3.25435747]
[3.91095778],[1.23632219],[3.37182929]
[4.0163164],[1.23643789],[3.48221551]
[4.06808114],[1.26403652],[3.5811789]
[4.19180029],[1.26582845],[3.6797912]
[4.21861914],[1.29028056],[3.76192247]
[4.28268758],[1.29117524],[3.83561496]
[4.29048411],[1.31183872],[3.90299062]
[4.347421],[1.30934601],[3.9690655]
[4.34475585],[1.32494402],[4.02752956]
[4.39561084],[1.32538081],[4.06692666]
[4.39786952],[1.3433442],[4.13072958]
[4.44240042],[1.34335892],[4.1706136]
[4.43346407],[1.35141955],[4.21706091]
[4.47456972],[1.33651632],[4.23744715]
[4.47454051],[1.33516316],[4.25577072]
[4.52889735],[1.322897],[4.25534011]
[4.53956408],[1.32042958],[4.22267472]
[4.54608661],[1.30877206],[4.17365765]
[4.51253865],[1.29940985],[4.11545424]
[4.50382293],[1.29174558],[4.07201654]
[4.47300262],[1.28444229],[4.00885101]
[4.44654041],[1.27664924],[3.96403333]
[4.42962161],[1.26986358],[3.9255273]
[4.4135753],[1.26325677],[3.89403887]
[4.40041795],[1.25391112],[3.85274561]
[4.37941844],[1.23511537],[3.78682715]
[4.33583091],[1.21656026],[3.68705174]
[4.28686757],[1.199098],[3.56601385]
[4.22927501],[1.18022645],[3.44206653]
[4.133418],[1.16250464],[3.3176756]
[4.04896957],[1.14436761],[3.22317392]
[3.9945087],[1.119824],[3.14868138]
[3.94990323],[1.09572433],[3.08002583]
[3.92641245],[1.07158589],[3.0098591]
[3.88941668],[1.04706566],[2.92242125]
[3.8329303],[1.01202541],[2.82108431]
[3.76582348],[0.9703036],[2.71116982]
[3.68177478],[0.96192222],[2.6051753]
[4.64399091],[1.49796928],[3.63353045]
[1.33296206],[0.73709622],[0.45225586]
[0.],[0.],[0.]
[0.],[0.],[0.]
[0.],[0.],[0.]
[2.24268607],[0.64968981],[1.02567919]
[2.5301939],[0.80646204],[1.54917674]
[2.58966972],[0.89013654],[1.71751742]
[2.91729995],[0.94395937],[2.01461246]
[3.14439452],[0.97372062],[2.25101956]
[3.28516513],[1.0424512],[2.54393912]
[3.3401912],[1.11431923],[2.69469868]
[3.40488875],[1.12979229],[2.86912165]
[3.64172051],[1.17107898],[3.01423038]
[3.71628359],[1.17847306],[3.12894486]
[3.82503825],[1.21874939],[3.26199364]
[3.90485578],[1.23667477],[3.41116962]
[3.9565389],[1.275773],[3.53258371]
[4.10613183],[1.27954498],[3.67782983]
[4.17692202],[1.30587253],[3.8021307]
[4.28587966],[1.31023433],[3.91158244]
[4.31334809],[1.33294611],[3.99744121]
[4.37275251],[1.33699605],[4.07620646]
[4.37789416],[1.35701802],[4.1657551]
[4.42749052],[1.36015624],[4.23853609]
[4.42560749],[1.37628322],[4.32897406]
[4.47238422],[1.38210322],[4.40740234]
[4.4800985],[1.39904983],[4.49043058]
[4.53337455],[1.40633247],[4.5764989]
[4.55831533],[1.41246758],[4.64206106]
[4.59852883],[1.40080212],[4.68954864]
[4.64315901],[1.39680266],[4.71939096]
[4.69462573],[1.3861452],[4.73270084]
[4.74404119],[1.38223162],[4.70565266]
[4.75261862],[1.3709313],[4.66071652]
[4.73206813],[1.361653],[4.59716346]
[4.69531675],[1.35347206],[4.54328626]
[4.67557352],[1.34536691],[4.47051664]
[4.63845211],[1.33669749],[4.41309341]
[4.61452153],[1.32888531],[4.36248514]
[4.59254815],[1.32033571],[4.31088289]
[4.57279642],[1.30658633],[4.24197337]
[4.54342743],[1.28400931],[4.15097493]
[4.48886745],[1.26378597],[4.04122448]
[4.43800097],[1.2428982],[3.88634941]
[4.39453341],[1.22310215],[3.7385849]
[4.32649792],[1.20497637],[3.59881324]
[4.23937364],[1.18700634],[3.46926995]
[4.13989604],[1.16824715],[3.3497317]
[4.05213867],[1.14607056],[3.25892943]
[3.99773168],[1.12156374],[3.1800694]
[3.96142182],[1.09657452],[3.09779481]
[3.92198023],[1.05502196],[2.99417766]
[3.87409167],[1.00747082],[2.8820307]
[3.81668088],[0.97585539],[2.77288848]
[4.73120517],[1.56569349],[3.84494637]
[1.37421997],[0.77756401],[0.47998039]
[0.],[0.],[0.]
[0.],[0.],[0.]
[0.],[0.],[0.]
[2.23568707],[0.64106309],[1.00764968]
[2.54466253],[0.81452147],[1.57001973]
[2.59951185],[0.89728144],[1.73529827]
[2.96400817],[0.95327582],[2.07121723]
[3.17470568],[1.00416153],[2.32747104]
[3.30779814],[1.06943952],[2.62159242]
[3.43751402],[1.14589385],[2.81730584]
[3.52103141],[1.16246913],[2.99454435]
[3.70778763],[1.20391183],[3.14352242]
[3.78745823],[1.21360541],[3.26420041]
[3.87200092],[1.2543345],[3.40405806]
[3.94954625],[1.27408453],[3.55158953]
[4.03064079],[1.31299104],[3.70443857]
[4.21242234],[1.32215359],[3.88357262]
[4.27694693],[1.34867736],[4.01841009]
[4.3711086],[1.35935396],[4.14799494]
[4.39791179],[1.38377879],[4.28019474]
[4.46032142],[1.39325804],[4.39224388]
[4.46872898],[1.41339564],[4.5155875]
[4.52052514],[1.42056551],[4.6367407]
[4.53984281],[1.43578088],[4.74170811]
[4.58435248],[1.44323809],[4.86174771]
[4.62852307],[1.46089507],[4.95005997]
[4.6715746],[1.46997739],[5.07524171]
[4.71811172],[1.47472451],[5.14194461]
[4.75030114],[1.46309604],[5.24218925]
[4.80661173],[1.45768256],[5.29988352]
[4.84626614],[1.44768041],[5.36337229]
[4.97034865],[1.44174997],[5.35719131]
[5.01930463],[1.4314048],[5.30594084]
[4.99591707],[1.42211941],[5.19080548]
[4.89255537],[1.41376156],[5.09563959]
[4.87504919],[1.40550039],[4.99101582]
[4.826153],[1.396891],[4.91862308]
[4.80122991],[1.38896532],[4.86187037]
[4.77987144],[1.37928196],[4.80385189]
[4.75869952],[1.36542807],[4.73121305]
[4.73478194],[1.33997042],[4.63317973]
[4.67297852],[1.31702396],[4.49869959]
[4.61258073],[1.29244071],[4.3205211]
[4.552484],[1.26819363],[4.11370558]
[4.48854267],[1.24968797],[3.93235439]
[4.40981402],[1.23166217],[3.76981017]
[4.34109823],[1.21428523],[3.64288367]
[4.2507689],[1.19338496],[3.50604617]
[4.13474999],[1.1712101],[3.37112257]
[4.05610544],[1.14634718],[3.27984322]
[3.99228694],[1.10252327],[3.17330447]
[3.95810678],[1.05630605],[3.07149806]
[3.91803108],[1.00635926],[2.95717299]
[4.74953709],[1.55183082],[3.84333549]
[1.45595452],[0.7582044],[0.47892456]
[0.],[0.],[0.]
[0.],[0.],[0.]
[0.],[0.],[0.]
[2.25875253],[0.66729249],[1.06935797]
[2.54023141],[0.83717718],[1.60339051]
[2.59709165],[0.9112484],[1.7669112]
[2.99427964],[0.96732102],[2.12629883]
[3.20266207],[1.03820876],[2.41555776]
[3.32706494],[1.09917024],[2.72549907]
[3.55569546],[1.18060832],[2.96436915]
[3.6383804],[1.19923497],[3.14859538]
[3.77400582],[1.24193544],[3.30202397]
[3.85402156],[1.26028591],[3.45332638]
[3.91957057],[1.30422576],[3.60123971]
[4.0357785],[1.32842745],[3.78520013]
[4.16525355],[1.36722722],[3.98477425]
[4.33994338],[1.37915467],[4.19831319]
[4.40266261],[1.40399542],[4.36567553]
[4.4822052],[1.41766475],[4.50939484]
[4.50828003],[1.439319],[4.64226681]
[4.56368387],[1.45147857],[4.78495538]
[4.60584338],[1.46997516],[4.90783256]
[4.64909327],[1.47912824],[5.06235707]
[4.69314124],[1.4965912],[5.17173783]
[4.72743691],[1.50250876],[5.35081902]
[4.78163027],[1.52108347],[5.49439538]
[4.81708664],[1.53773199],[5.69820179]
[4.89619248],[1.56296619],[5.83348865]
[4.92443811],[1.55189815],[5.97687534]
[5.07282268],[1.53519163],[6.07553779]
[5.17115633],[1.51335167],[6.17077249]
[5.2862508],[1.50728465],[6.25506472]
[5.38172499],[1.49692417],[6.22227504]
[5.43447761],[1.48546072],[6.13565666]
[5.37543461],[1.47570456],[6.00773349]
[5.3171383],[1.46591183],[5.88410057]
[5.23789035],[1.45602937],[5.74057088]
[5.14421665],[1.44667807],[5.61804446]
[5.07779729],[1.43617503],[5.50039289]
[5.01701463],[1.42138711],[5.38020583]
[4.93639582],[1.39598103],[5.24340712]
[4.82618764],[1.37017244],[5.09018029]
[4.77020913],[1.34333347],[4.85235851]
[4.72011994],[1.31625587],[4.55077165]
[4.66799041],[1.29393137],[4.34324767]
[4.59767589],[1.2728607],[4.13485268]
[4.49703099],[1.25509226],[3.94525921]
[4.43149183],[1.23500484],[3.79402883]
[4.36330457],[1.21471811],[3.65514812]
[4.27442179],[1.19184169],[3.51074677]
[4.14203149],[1.14569846],[3.35842206]
[4.05075357],[1.10059064],[3.24528146]
[3.98982505],[1.05187124],[3.12438463]
[4.89550382],[1.66311018],[4.13452561]
[1.71011887],[0.82340361],[0.62656439]
[0.],[0.],[0.]
[0.],[0.],[0.]
[0.],[0.],[0.]
[2.28428559],[0.67855565],[1.10532199]
[2.56431589],[0.85499397],[1.64309126]
[2.62917912],[0.92588321],[1.80744949]
[3.05594633],[0.98266341],[2.24382048]
[3.24942149],[1.09309722],[2.56701048]
[3.37248742],[1.15146989],[2.92288418]
[3.68066121],[1.23069536],[3.19938037]
[3.76707545],[1.25401428],[3.39615211]
[3.86741593],[1.29596532],[3.55762498]
[3.94881306],[1.31976217],[3.72327682]
[4.01341062],[1.36141901],[3.90997498]
[4.19275694],[1.38730021],[4.12732543]
[4.32592472],[1.42158608],[4.36780461]
[4.46036949],[1.43628622],[4.58740116]
[4.51496733],[1.45868275],[4.74966816]
[4.58136806],[1.47388569],[4.9307079]
[4.65262339],[1.49562751],[5.07071577]
[4.71145661],[1.50494907],[5.25954639]
[4.75982817],[1.52526439],[5.38831767]
[4.79570945],[1.54006099],[5.61926209]
[4.85417169],[1.56882071],[5.79875079]
[4.8800566],[1.60479523],[6.05289578]
[5.03767701],[1.63929019],[6.28174802]
[5.08500503],[1.68197164],[6.5655674]
[5.22934067],[1.7104456],[6.76272841]
[5.29717037],[1.69898898],[6.97558514]
[5.41028153],[1.67531066],[7.09812844]
[5.54235527],[1.64214833],[7.24840999]
[5.60639147],[1.63136661],[7.294148]
[5.76023411],[1.59348518],[7.36115384]
[5.80911861],[1.58650478],[7.26327639]
[5.83345674],[1.56289783],[7.18316643]
[5.741353],[1.53984652],[7.00364228]
[5.72125977],[1.52241566],[6.88873246]
[5.61093733],[1.51375205],[6.68711095]
[5.53572986],[1.50413828],[6.52760462]
[5.46642063],[1.48768644],[6.35930076]
[5.37894493],[1.45829574],[6.17072459]
[5.22231551],[1.43028016],[5.95424388]
[5.05315827],[1.40149],[5.65271035]
[4.90057173],[1.37156676],[5.28785852]
[4.8256203],[1.34716238],[4.90201802]
[4.76739686],[1.32414635],[4.60840256]
[4.66222042],[1.30303853],[4.38414312]
[4.55501762],[1.28253136],[4.15502722]
[4.49485831],[1.26248015],[3.95998561]
[4.43758156],[1.23801102],[3.81015681]
[4.35073027],[1.19961775],[3.64622101]
[4.24722428],[1.15687553],[3.48898748]
[4.11654514],[1.11103896],[3.33180355]
[4.92314607],[1.82934628],[4.48150852]
[1.82606027],[0.8829328],[0.70793051]
[0.],[0.],[0.]
[0.],[0.],[0.]
[0.],[0.],[0.]
[2.32368006],[0.69902811],[1.16548269]
[2.59553664],[0.87711805],[1.69444858]
[2.78922975],[0.94529144],[1.9134445]
[3.13497939],[1.01817999],[2.39807123]
[3.30521615],[1.14471548],[2.73832153]
[3.55716493],[1.20099129],[3.14964185]
[3.80379353],[1.27689358],[3.42913215]
[3.88345358],[1.30695829],[3.63928388]
[3.95175541],[1.35050501],[3.8245004]
[4.05967963],[1.37680177],[4.02021101]
[4.17838733],[1.41596288],[4.24141237]
[4.35471388],[1.44559536],[4.50536484]
[4.46665559],[1.47737951],[4.72782478]
[4.57185688],[1.48830001],[4.99154545]
[4.67065821],[1.51003137],[5.1991119]
[4.72162952],[1.5351592],[5.41285759]
[4.81508835],[1.56439],[5.56717167]
[4.86756517],[1.59446227],[5.82385655]
[5.00115559],[1.62046841],[6.01873152]
[5.0342632],[1.65571669],[6.30732076]
[5.18083667],[1.69248001],[6.53501098]
[5.24016644],[1.73268523],[6.88847892]
[5.36900272],[1.7674368],[7.15064923]
[5.46072491],[1.80337423],[7.59780206]
[5.55785942],[1.82995165],[7.74380989]
[5.67535538],[1.83095696],[8.09880016]
[5.75515124],[1.81561589],[8.17641577]
[5.8929172],[1.79625723],[8.38715883]
[5.95035784],[1.78156733],[8.45974231]
[6.04795698],[1.75070291],[8.52286512]
[6.148619],[1.74412562],[8.51925494]
[6.18987002],[1.72289897],[8.41952847]
[6.17395067],[1.69948253],[8.26633894]
[6.09553807],[1.6730505],[8.07873147]
[6.04786997],[1.64370084],[7.89549899]
[5.96601925],[1.61634022],[7.69163379]
[5.91539093],[1.58977937],[7.50063763]
[5.85169354],[1.55388094],[7.27802391]
[5.68140989],[1.50918656],[6.98699439]
[5.51010507],[1.45800247],[6.65986666]
[5.34254719],[1.42500878],[6.20264404]
[5.19154048],[1.39749468],[5.68076909]
[5.05171881],[1.37293147],[5.21512166]
[4.83365856],[1.34961743],[4.81909211]
[4.71969915],[1.32595503],[4.55831395]
[4.62504633],[1.30316521],[4.32887421]
[4.55762531],[1.27526786],[4.11134661]
[4.4940117],[1.23799577],[3.90403249]
[4.41951077],[1.19879691],[3.73935285]
[4.32868894],[1.15378553],[3.56722006]
[5.02542138],[1.92601737],[4.8522325]
[1.98619748],[0.94569479],[0.84544766]
[0.01037469],[0.00382908],[0.]
[0.],[0.],[0.]
[0.],[0.],[0.]
[2.34333337],[0.71134993],[1.19757947]
[2.62137788],[0.89302245],[1.73790409]
[2.90708825],[0.96351856],[2.01991781]
[3.1926694],[1.06163051],[2.54199883]
[3.37485502],[1.19307245],[2.92893436]
[3.68789528],[1.24745211],[3.36931984]
[3.89363333],[1.32207808],[3.6502466]
[3.97407667],[1.35946947],[3.8846783]
[4.03827321],[1.40255284],[4.10587932]
[4.22123974],[1.43359721],[4.36184583]
[4.35111355],[1.47270111],[4.62147235]
[4.47945363],[1.49405138],[4.88041055]
[4.57788977],[1.52311765],[5.14246622]
[4.66775734],[1.57444907],[5.44398777]
[4.83784808],[1.60035587],[5.69349505]
[4.86168588],[1.6309333],[5.99426173]
[5.1030351],[1.65904253],[6.20609431]
[5.16491407],[1.69849006],[6.53539702]
[5.32252797],[1.7320695],[6.73023019]
[5.38528093],[1.77038137],[7.11044427]
[5.49769962],[1.8041388],[7.34441851]
[5.60096969],[1.83926192],[7.84690365]
[5.68464011],[1.86871634],[8.07159265]
[5.81909798],[1.89844682],[8.6142699]
[5.89285155],[1.92232159],[8.76005286]
[5.9836781],[1.92751416],[9.15215344]
[6.08044818],[1.92009422],[9.26752725]
[6.16889642],[1.90421049],[9.51457238]
[6.28793619],[1.88625204],[9.64867856]
[6.34164476],[1.8671951],[9.68976449]
[6.49935549],[1.84842293],[9.76616923]
[6.55385613],[1.83116363],[9.68017451]
[6.61561052],[1.8135215],[9.5679079]
[6.52083066],[1.79455011],[9.36162052]
[6.50747671],[1.77488996],[9.203109]
[6.39028849],[1.75777773],[8.95475502]
[6.34143959],[1.73947149],[8.76979927]
[6.290669],[1.7196966],[8.55596446]
[6.16298236],[1.69847613],[8.26751405]
[5.9762397],[1.61711768],[7.88712819]
[5.7940664],[1.51531956],[7.35110312]
[5.61906691],[1.45067019],[6.78331181]
[5.47127865],[1.42134635],[6.15200602]
[5.27932726],[1.39601498],[5.49956051]
[4.95209588],[1.36996556],[5.01392218]
[4.79280075],[1.34572158],[4.71097898]
[4.70874768],[1.31395777],[4.47601461]
[4.61477153],[1.27620683],[4.24020519]
[4.55461674],[1.24103985],[4.02720372]
[4.4897814],[1.19856403],[3.83176379]
