meltWidth,meltDepth,meltArea
[0.],[0.],[0.]
[0.],[0.],[0.]
[0.],[0.],[0.]
[0.],[0.],[0.]
[0.],[0.],[0.]
[0.],[0.],[0.]
[0.],[0.],[0.]
[0.],[0.],[0.]
[0.],[0.],[0.]
[0.],[0.],[0.]
[0.],[0.],[0.]
[0.],[0.],[0.]
[0.],[0.],[0.]
[0.],[0.],[0.]
[0.],[0.],[0.]
[0.],[0.],[0.]
[0.],[0.],[0.]
[0.],[0.],[0.]
[0.],[0.],[0.]
[0.],[0.],[0.]
[0.],[0.],[0.]
[0.],[0.],[0.]
[0.],[0.],[0.]
[0.],[0.],[0.]
[0.],[0.],[0.]
[0.],[0.],[0.]
[0.],[0.],[0.]
[0.],[0.],[0.]
[0.],[0.],[0.]
[0.],[0.],[0.]
[0.],[0.],[0.]
[0.],[0.],[0.]
[0.],[0.],[0.]
[0.],[0.],[0.]
[0.],[0.],[0.]
[0.],[0.],[0.]
[0.],[0.],[0.]
[0.],[0.],[0.]
[0.],[0.],[0.]
[0.],[0.],[0.]
[0.],[0.],[0.]
[0.],[0.],[0.]
[0.],[0.],[0.]
[0.],[0.],[0.]
[0.],[0.],[0.]
[0.],[0.],[0.]
[0.],[0.],[0.]
[0.],[0.],[0.]
[0.],[0.],[0.]
[0.],[0.],[0.]
[0.],[0.],[0.]
[0.],[0.],[0.]
[0.],[0.],[0.]
[0.],[0.],[0.]
[0.],[0.],[0.]
[0.],[0.],[0.]
[0.],[0.],[0.]
[0.],[0.],[0.]
[0.],[0.],[0.]
[0.],[0.],[0.]
[0.],[0.],[0.]
[0.],[0.],[0.]
[0.],[0.],[0.]
[0.],[0.],[0.]
[0.],[0.],[0.]
[0.],[0.],[0.]
[0.],[0.],[0.]
[0.],[0.],[0.]
[0.],[0.],[0.]
[0.],[0.],[0.]
[0.],[0.],[0.]
[0.],[0.],[0.]
[0.],[0.],[0.]
[0.],[0.],[0.]
[0.],[0.],[0.]
[0.],[0.],[0.]
[0.],[0.],[0.]
[0.],[0.],[0.]
[0.],[0.],[0.]
[0.],[0.],[0.]
[0.],[0.],[0.]
[0.],[0.],[0.]
[0.],[0.],[0.]
[0.],[0.],[0.]
[0.],[0.],[0.]
[0.],[0.],[0.]
[0.],[0.],[0.]
[0.],[0.],[0.]
[0.],[0.],[0.]
[0.],[0.],[0.]
[0.],[0.],[0.]
[0.],[0.],[0.]
[0.],[0.],[0.]
[0.],[0.],[0.]
[0.],[0.],[0.]
[0.],[0.],[0.]
[0.],[0.],[0.]
[0.],[0.],[0.]
[0.],[0.],[0.]
[0.],[0.],[0.]
[0.],[0.],[0.]
[0.],[0.],[0.]
[0.],[0.],[0.]
[0.],[0.],[0.]
[0.],[0.],[0.]
[0.],[0.],[0.]
[0.],[0.],[0.]
[0.],[0.],[0.]
[0.],[0.],[0.]
[2.14957692],[0.01317177],[0.01206129]
[0.],[0.],[0.]
[0.],[0.],[0.]
[0.],[0.],[0.]
[0.],[0.],[0.]
[1.43748411],[0.16344824],[0.16897584]
[2.09324314],[0.20549135],[0.31257234]
[2.5872319],[0.27625023],[0.50380446]
[2.63493363],[0.32948547],[0.609378]
[2.91821326],[0.37867785],[0.73143866]
[2.98644088],[0.40690424],[0.79521237]
[3.17920476],[0.41681342],[0.84302367]
[3.16599938],[0.42017163],[0.85551295]
[3.35823089],[0.43242141],[0.90230813]
[3.32211581],[0.44988441],[0.92147416]
[3.52000719],[0.45702978],[0.955413]
[3.49090798],[0.47681982],[0.96599059]
[3.60820614],[0.47848165],[0.98274576]
[3.57955329],[0.4889447],[0.98781717]
[3.67682111],[0.4889408],[0.99827444]
[3.65410517],[0.4939992],[0.99481075]
[3.65890235],[0.48589717],[0.98111874]
[3.63457399],[0.49026792],[0.97605117]
[3.63803615],[0.48325745],[0.96282114]
[3.63661087],[0.48925139],[0.96427719]
[3.61719129],[0.4808048],[0.95145762]
[3.61721722],[0.48718158],[0.95554173]
[3.58891947],[0.47685134],[0.93577195]
[3.58169802],[0.48359403],[0.93074004]
[3.52658453],[0.47184052],[0.88845798]
[3.52832261],[0.48038987],[0.88837759]
[3.46731606],[0.47935873],[0.85731919]
[3.52201009],[0.48724327],[0.88665979]
[3.52559245],[0.48723138],[0.9115364]
[3.54007182],[0.49082697],[0.90870659]
[3.53820915],[0.49451348],[0.91852258]
[3.53953801],[0.49639334],[0.91250993]
[3.51750721],[0.49602145],[0.91440043]
[3.51039747],[0.49113398],[0.91099798]
[3.49689175],[0.48551843],[0.89572054]
[3.49466187],[0.47816089],[0.8908488]
[3.46731709],[0.47156266],[0.88165013]
[3.42579066],[0.46020347],[0.86351515]
[3.3827003],[0.4485329],[0.83749439]
[3.33751535],[0.4352128],[0.81087348]
[3.27873705],[0.42257895],[0.77031733]
[3.2165912],[0.41183454],[0.73032532]
[3.16905984],[0.41078811],[0.70459908]
[3.10239248],[0.41943283],[0.68837933]
[3.01789976],[0.43124075],[0.67762776]
[2.92735549],[0.43919157],[0.65964612]
[2.83946058],[0.42663329],[0.63286042]
[2.72593722],[0.40863877],[0.59645372]
[2.54417807],[0.38727077],[0.55237097]
[5.0940662],[0.84205578],[3.56755516]
[4.18901147],[0.84075295],[3.24521131]
[4.84430319],[0.81431739],[2.33461527]
[2.8615126],[0.10427924],[0.19406023]
[0.],[0.],[0.]
[0.19506718],[0.03226019],[0.00273231]
[1.75284685],[0.2402163],[0.27574935]
[2.50280949],[0.27978647],[0.50201275]
[2.84157219],[0.39458612],[0.79658172]
[3.07685947],[0.47664201],[0.98509883]
[3.27086897],[0.52908775],[1.19495384]
[3.32545542],[0.55799401],[1.260908]
[3.56256163],[0.56764122],[1.42328188]
[3.5563882],[0.58405754],[1.4101739]
[3.77532141],[0.59544255],[1.53693985]
[3.66598289],[0.61271429],[1.48036613]
[3.88994088],[0.62118557],[1.60464049]
[3.77723874],[0.64013465],[1.57884499]
[3.94339593],[0.64396031],[1.67763985]
[3.84651735],[0.65226393],[1.66527484]
[3.96349285],[0.6541446],[1.72723478]
[3.90020518],[0.65630715],[1.702403]
[3.9109645],[0.65293276],[1.70720375]
[3.88447866],[0.65325706],[1.68507341]
[3.89503273],[0.64883917],[1.68861316]
[3.89353478],[0.64870367],[1.67070889]
[3.86259198],[0.64396939],[1.66507483]
[3.85050027],[0.64449609],[1.64715686]
[3.82398109],[0.63930212],[1.63830195]
[3.81104894],[0.64011769],[1.62326417]
[3.78451945],[0.6355579],[1.61594669]
[3.78853572],[0.64083701],[1.61671084]
[3.75432053],[0.64324108],[1.61297626]
[3.78609071],[0.64823177],[1.62442504]
[3.76767777],[0.65095945],[1.6654472]
[3.77840579],[0.65470869],[1.64537736]
[3.75775869],[0.65841585],[1.66336461]
[3.761011],[0.66023326],[1.65206357]
[3.72785161],[0.66111827],[1.6455252]
[3.71541198],[0.65578385],[1.63738473]
[3.70027342],[0.65035891],[1.61152469]
[3.69198759],[0.64501831],[1.59526456]
[3.6646881],[0.63996319],[1.56651712]
[3.61575616],[0.63691719],[1.53399737]
[3.57018474],[0.63333311],[1.49890967]
[3.51978484],[0.62896995],[1.46631402]
[3.46742646],[0.6229001],[1.43032983]
[3.40492095],[0.61349722],[1.37496979]
[3.35273257],[0.60280202],[1.3240444]
[3.29766144],[0.59773941],[1.27751636]
[3.23465071],[0.60226219],[1.22863107]
[3.14932946],[0.60666097],[1.17838297]
[3.06193358],[0.60057591],[1.14366715]
[2.98139961],[0.59473015],[1.10360306]
[2.8813599],[0.58933636],[1.05294648]
[6.71161067],[1.53829431],[8.49178109]
[5.43888343],[1.05200127],[5.24532141]
[4.2253452],[1.00315945],[3.83395454]
[4.78060127],[0.9156929],[2.76283092]
[3.66536629],[0.27350257],[0.64512387]
[1.71200795],[0.08239031],[0.06823646]
[1.94358198],[0.24200683],[0.26772613]
[2.6321289],[0.33743195],[0.6561015]
[3.06759321],[0.51974354],[1.02361993]
[3.34284716],[0.58469483],[1.30299482]
[3.48822841],[0.63113222],[1.4939402]
[3.66629641],[0.63819441],[1.63276783]
[3.83232492],[0.64213551],[1.75861647]
[3.9061193],[0.6590357],[1.77995431]
[4.06572843],[0.66564341],[1.91020726]
[4.03613213],[0.68318695],[1.87636762]
[4.17818366],[0.68792645],[2.02342562]
[4.15520516],[0.7012123],[1.97626836]
[4.25936013],[0.7072209],[2.1065963]
[4.20888699],[0.70732344],[2.02529534]
[4.29429544],[0.71293576],[2.12888798]
[4.2033506],[0.70949072],[2.02985773]
[4.25310314],[0.71073942],[2.07639489]
[4.17507482],[0.70766823],[2.01245442]
[4.23017876],[0.70657656],[2.04032706]
[4.17719895],[0.70604937],[2.00487383]
[4.15573188],[0.70238401],[2.00930224]
[4.12190071],[0.70209802],[1.98161741]
[4.09822436],[0.69847106],[1.98051339]
[4.07154473],[0.69820594],[1.95752919]
[4.0481225],[0.6958903],[1.96128235]
[4.04183312],[0.70032388],[1.95345597]
[4.02178816],[0.70396778],[1.98416541]
[4.03520328],[0.70750637],[1.97555772]
[4.00206889],[0.71263984],[2.01223939]
[4.00872396],[0.71725614],[1.99397298]
[3.98067838],[0.71964739],[2.01058101]
[3.96855795],[0.7211096],[1.99129445]
[3.9189343],[0.72167704],[1.97163365]
[3.89233689],[0.71670624],[1.95740369]
[3.86603471],[0.71118245],[1.92610019]
[3.83970821],[0.70566061],[1.89810752]
[3.80345778],[0.69858838],[1.85662354]
[3.74837015],[0.69368913],[1.81261354]
[3.68712738],[0.68951255],[1.76542763]
[3.6275481],[0.68491926],[1.71224996]
[3.56989549],[0.68079839],[1.66875937]
[3.51395978],[0.67472912],[1.61956643]
[3.46866746],[0.66630381],[1.57146432]
[3.41416187],[0.6560932],[1.51424257]
[3.35071664],[0.65311182],[1.46038855]
[3.28539537],[0.65418378],[1.40543]
[3.20476313],[0.65129012],[1.3393872]
[3.12020248],[0.64659536],[1.2697516]
[3.041616],[0.63714273],[1.19523003]
[10.56058772],[1.60718159],[12.70107917]
[6.79678442],[1.38413427],[8.05274689]
[5.14046601],[1.19994374],[5.76566907]
[4.50682684],[0.98873503],[4.10035325]
[5.01996943],[0.86646975],[2.64787947]
[3.87053837],[0.36110957],[0.81489826]
[2.43398458],[0.26704161],[0.39130392]
[2.57755869],[0.43526163],[0.75909044]
[2.97908322],[0.58093042],[1.21238198]
[3.58929639],[0.62559492],[1.5561828]
[3.71201327],[0.65893544],[1.73421298]
[3.898554],[0.69146407],[1.89227877]
[4.05218107],[0.6992015],[2.02224199]
[4.15735378],[0.71376711],[2.09549639]
[4.25818843],[0.7192128],[2.20732926]
[4.31214527],[0.72557863],[2.23677462]
[4.36975566],[0.73539441],[2.34601679]
[4.41122253],[0.73340474],[2.33833666]
[4.45583536],[0.74434006],[2.44989541]
[4.45985036],[0.73767592],[2.3786634]
[4.49407577],[0.74663698],[2.4678071]
[4.47074101],[0.73815372],[2.3596023]
[4.46752902],[0.74681663],[2.41112034]
[4.45339041],[0.73541068],[2.30562331]
[4.46962544],[0.74452329],[2.36248908]
[4.42067945],[0.73309772],[2.26143131]
[4.39007647],[0.74285249],[2.29632725]
[4.31709292],[0.73129694],[2.21704931]
[4.31996375],[0.7428556],[2.23805595]
[4.22904752],[0.72992991],[2.17961905]
[4.2382869],[0.74605142],[2.2035008]
[4.18206791],[0.73942386],[2.17681949]
[4.16247316],[0.75097692],[2.20731063]
[4.16077128],[0.75211102],[2.18890943]
[4.1116745],[0.75897084],[2.21471456]
[4.09178084],[0.76207562],[2.17319257]
[4.04437781],[0.76311348],[2.17818087]
[4.02009614],[0.76417801],[2.14906294]
[3.96060973],[0.76435284],[2.12461077]
[3.91981219],[0.75909107],[2.10253803]
[3.88642244],[0.75313222],[2.07239136]
[3.85858535],[0.74793052],[2.04772034]
[3.81123969],[0.74121825],[2.00477711]
[3.74254924],[0.73629769],[1.95942253]
[3.68837527],[0.73316245],[1.91679259]
[3.6192317],[0.72984706],[1.86239341]
[3.55121756],[0.7262438],[1.81267836]
[3.49241192],[0.72245749],[1.75273047]
[3.4431344],[0.71935756],[1.69920401]
[3.38175958],[0.71419943],[1.63833822]
[3.32238523],[0.69986801],[1.57055204]
[3.27402589],[0.68227759],[1.49193041]
[3.22726729],[0.6702068],[1.41562722]
[3.17736776],[0.66083915],[1.34757379]
[3.11965295],[0.64711512],[1.27320764]
[13.64908737],[1.62452646],[14.16480401]
[11.38062877],[1.55723714],[10.77059827]
[8.84682178],[1.41263942],[8.50907916]
[7.18166278],[1.2187103],[6.30001484]
[5.69192116],[0.96653005],[4.18048658]
[4.9174228],[0.81945932],[2.18762834]
[2.64289285],[0.30966644],[0.63959054]
[2.59223758],[0.51505084],[0.89911789]
[3.01102357],[0.63124191],[1.37925923]
[3.47976135],[0.67328937],[1.71805517]
[3.89712856],[0.71597921],[1.99460534]
[4.06532478],[0.75213621],[2.15932121]
[4.1953552],[0.7610855],[2.27265942]
[4.32034674],[0.75858743],[2.37728335]
[4.37113806],[0.76757665],[2.45843205]
[4.42340269],[0.76344326],[2.49928399]
[4.44027859],[0.77270431],[2.56595456]
[4.50334733],[0.77047628],[2.59066197]
[4.51351761],[0.78166846],[2.65812929]
[4.57170157],[0.77548761],[2.63980084]
[4.58571092],[0.78494592],[2.70780201]
[4.62179228],[0.77701927],[2.65091152]
[4.58768765],[0.7867311],[2.6816834]
[4.62215752],[0.77437315],[2.60413663]
[4.59426399],[0.78533755],[2.64447554]
[4.57225439],[0.77283592],[2.54662752]
[4.52665991],[0.78568566],[2.57906895]
[4.48779909],[0.77116974],[2.48125533]
[4.47120573],[0.78241192],[2.51828456]
[4.39920485],[0.76918567],[2.40776137]
[4.39878274],[0.78484853],[2.45049171]
[4.30279038],[0.77808173],[2.36759738]
[4.29248782],[0.78820643],[2.38703696]
[4.25755283],[0.78771909],[2.35679882]
[4.19203053],[0.79247098],[2.36928105]
[4.15976762],[0.79366069],[2.32272733]
[4.09877478],[0.79466052],[2.31606256]
[4.05883541],[0.79529718],[2.27856809]
[3.98817898],[0.79596242],[2.24966645]
[3.94779064],[0.79617683],[2.23000223]
[3.90564258],[0.79639007],[2.19641866]
[3.86260776],[0.79247914],[2.15940813]
[3.7974257],[0.78294227],[2.10055043]
[3.71401814],[0.77419694],[2.03651572]
[3.6467785],[0.76715903],[1.95512616]
[3.57570998],[0.75956271],[1.86759349]
[3.50369854],[0.7522802],[1.79088878]
[3.43208071],[0.74510241],[1.71686297]
[3.35385056],[0.73879974],[1.64871007]
[3.30002524],[0.72998342],[1.59247788]
[3.25798815],[0.71668215],[1.54420079]
[3.2223495],[0.70208632],[1.48847444]
[3.18001001],[0.68975271],[1.42052852]
[3.13896786],[0.6782336],[1.35865483]
[3.09846908],[0.662612],[1.30224722]
[15.08668173],[1.66330549],[15.53699003]
[11.72991347],[1.55765575],[11.60391799]
[9.99604478],[1.52119119],[9.60710547]
[8.60809234],[1.38099584],[7.45901024]
[6.27177071],[1.14285376],[5.13608785]
[3.46075377],[0.83746063],[3.10965392]
[2.29620167],[0.26149016],[0.3864212]
[2.00982496],[0.51705707],[0.81802168]
[2.903046],[0.67120396],[1.28847118]
[3.28035938],[0.71366857],[1.73978661]
[3.92722216],[0.75567405],[2.12942164]
[4.14729594],[0.77865672],[2.30507361]
[4.28811999],[0.78820296],[2.42624743]
[4.41757394],[0.78196612],[2.54167646]
[4.45965553],[0.79186394],[2.61470139]
[4.51549102],[0.78794477],[2.66532029]
[4.52481219],[0.79956192],[2.73340936]
[4.59348173],[0.79723418],[2.74535375]
[4.60040155],[0.81158177],[2.81469841]
[4.66011018],[0.80431093],[2.78354126]
[4.67041841],[0.81690607],[2.85947707]
[4.71393635],[0.80781861],[2.79627545]
[4.6828028],[0.81894662],[2.83842499]
[4.73174142],[0.80677025],[2.76649038]
[4.67694073],[0.81704603],[2.79831593]
[4.65918834],[0.80545131],[2.70469392]
[4.60693328],[0.81641829],[2.72836202]
[4.5692108],[0.80416103],[2.62481306]
[4.53936821],[0.8133553],[2.65394553]
[4.47029156],[0.79908307],[2.54108623]
[4.46243406],[0.81286461],[2.58710428]
[4.37398346],[0.80337137],[2.49886403]
[4.35201688],[0.81317199],[2.50455368]
[4.32661541],[0.81237563],[2.48312293]
[4.25036063],[0.81798297],[2.47343843]
[4.23204705],[0.81945039],[2.4489468]
[4.15841619],[0.81423132],[2.41641186]
[4.12775899],[0.79170479],[2.36074809]
[4.04741823],[0.77969827],[2.30464187]
[3.99640031],[0.77426222],[2.25226288]
[3.95587588],[0.76925299],[2.20991525]
[3.9212038],[0.76459352],[2.14291345]
[3.85812414],[0.76040205],[2.05405015]
[3.77520181],[0.75727712],[1.97595148]
[3.70748414],[0.75492328],[1.89210596]
[3.64573784],[0.75002988],[1.8101512]
[3.57879824],[0.74463611],[1.74593087]
[3.50777028],[0.73894218],[1.68676667]
[3.43533294],[0.73451871],[1.6346716]
[3.34932265],[0.72591061],[1.5757152]
[3.30279422],[0.71440614],[1.53586339]
[3.26230213],[0.70449257],[1.48713824]
[3.21250399],[0.70088493],[1.42196926]
[3.17252632],[0.6912624],[1.37548208]
[3.13985899],[0.67941216],[1.33929307]
[13.83377217],[1.75941592],[16.31824753]
[10.16271602],[1.59772155],[11.32873612]
[9.13765538],[1.51879006],[9.31229066]
[8.30331233],[1.45866418],[7.51212689]
[7.33831606],[1.32266692],[5.54881691]
[6.04786158],[1.11267151],[4.03937536]
[2.96636654],[0.54832356],[1.58958836]
[1.8295443],[0.46480002],[0.58988645]
[2.55426812],[0.66028835],[1.13905495]
[3.06737383],[0.75302542],[1.67106808]
[3.60656729],[0.79036521],[2.11309424]
[4.18313838],[0.81499393],[2.43847891]
[4.35388172],[0.8248964],[2.57100368]
[4.48722471],[0.81993136],[2.6871397]
[4.52627433],[0.83251426],[2.76274337]
[4.56529199],[0.82961679],[2.77741963]
[4.57394165],[0.84717496],[2.85597651]
[4.64085803],[0.84574876],[2.87087315]
[4.63830989],[0.86103744],[2.9333471]
[4.72077292],[0.85088988],[2.92074393]
[4.70687893],[0.86065648],[2.97015708]
[4.77377383],[0.84856164],[2.92608055]
[4.73928011],[0.85860335],[2.9691544]
[4.79789674],[0.84488262],[2.9048102]
[4.73898279],[0.85392163],[2.93107658]
[4.73485851],[0.84152609],[2.84448523]
[4.66691776],[0.85173479],[2.85853599]
[4.6360894],[0.83907603],[2.75644307]
[4.60006758],[0.84912491],[2.78583248]
[4.54734043],[0.83834898],[2.67870405]
[4.52134504],[0.85096961],[2.71838986]
[4.46001727],[0.84099987],[2.62971765]
[4.42658961],[0.84801735],[2.64476884]
[4.41659572],[0.84381386],[2.61513961]
[4.33487692],[0.84809627],[2.58773564]
[4.31868295],[0.82710915],[2.52723094]
[4.23489795],[0.80191123],[2.46101406]
[4.21062278],[0.77935962],[2.37817834]
[4.1144962],[0.75931784],[2.29559205]
[4.05257019],[0.75116165],[2.21327547]
[4.00856749],[0.74695482],[2.13340253]
[3.97340995],[0.74342333],[2.07292596]
[3.92369963],[0.73880553],[1.97435829]
[3.83911062],[0.73535885],[1.8859403]
[3.77952684],[0.73199963],[1.81325855]
[3.71769978],[0.73076581],[1.74452837]
[3.65638451],[0.72986701],[1.69191148]
[3.58946669],[0.72946423],[1.62715369]
[3.51911675],[0.72731607],[1.5582895]
[3.42589123],[0.71694093],[1.47514166]
[3.2883616],[0.70163893],[1.40593559]
[3.14497246],[0.68641552],[1.32681276]
[2.99740228],[0.67805556],[1.25236812]
[2.88807941],[0.66967008],[1.1991]
[2.82297683],[0.65596115],[1.15378274]
[13.47443422],[1.83553163],[16.69698991]
[10.28983121],[1.63894097],[11.65934195]
[9.24843098],[1.59135687],[9.60229094]
[8.4178037],[1.46109686],[7.70779707]
[7.48398447],[1.31252437],[5.69791879]
[6.32615851],[1.17501289],[4.10026937]
[3.48346038],[0.82296257],[2.25934629]
[2.38723855],[0.53325935],[0.86642717]
[2.75257974],[0.68230919],[1.30399001]
[3.29340647],[0.75543483],[1.80192229]
[4.06425096],[0.79527339],[2.33926201]
[4.23377184],[0.82285227],[2.49724526]
[4.41047152],[0.83152629],[2.64098276]
[4.5271224],[0.82752307],[2.74544402]
[4.56458688],[0.84068389],[2.83071768]
[4.61256046],[0.83979818],[2.8402395]
[4.61578421],[0.85716652],[2.91414704]
[4.68862829],[0.85617887],[2.92693939]
[4.68122752],[0.87284779],[2.98995173]
[4.76953931],[0.86298269],[2.98471907]
[4.74770348],[0.87617695],[3.03091996]
[4.82253235],[0.86426206],[2.99788218]
[4.77683449],[0.87636026],[3.02987738]
[4.85182355],[0.86174582],[2.97808274]
[4.77724532],[0.87306852],[2.9967879]
[4.78949211],[0.8589445],[2.9212555]
[4.70574021],[0.87046863],[2.92986026]
[4.70030693],[0.85637548],[2.84493787]
[4.64266818],[0.86759828],[2.86740851]
[4.61019551],[0.8564604],[2.77250295]
[4.56337025],[0.87132703],[2.81194065]
[4.50796882],[0.86177357],[2.71924]
[4.46739476],[0.87000592],[2.73735095]
[4.46000825],[0.8662384],[2.7007192]
[4.37585005],[0.87308629],[2.6917417]
[4.36327479],[0.87134037],[2.64486782]
[4.27608904],[0.84977867],[2.58935532]
[4.25747039],[0.82387927],[2.5212733]
[4.1663828],[0.79912398],[2.42681978]
[4.09863415],[0.78397855],[2.35439323]
[4.05600351],[0.77011885],[2.28556815]
[4.01883783],[0.75695815],[2.20240529]
[3.96925342],[0.75156253],[2.11382476]
[3.8845368],[0.74827148],[2.02261019]
[3.81854291],[0.74568696],[1.92205645]
[3.75937768],[0.74346916],[1.8308199]
[3.69991887],[0.74267345],[1.76271241]
[3.64186723],[0.74199968],[1.70740951]
[3.57346459],[0.74218808],[1.65327481]
[3.48738557],[0.73589016],[1.57634412]
[3.39765166],[0.7251462],[1.5076317]
[3.32814624],[0.71444587],[1.43632444]
[3.22470031],[0.70597745],[1.35048971]
[3.09098953],[0.69872723],[1.29554298]
[2.99483223],[0.68176714],[1.2450841]
[13.59161192],[1.86966889],[17.1451051]
[10.38744287],[1.71520853],[11.99692738]
[9.32197761],[1.61983686],[9.81429103]
[8.48446157],[1.50144762],[7.90397981]
[7.55432385],[1.31455292],[5.87105829]
[6.08575204],[1.11272565],[4.27384208]
[3.72446039],[0.80024771],[2.54379684]
[2.73140234],[0.61853487],[1.31655238]
[3.04837898],[0.74363888],[1.7131196]
[3.60028752],[0.78905124],[2.05600456]
[4.11426081],[0.82497733],[2.45661724]
[4.27204028],[0.84930983],[2.61167152]
[4.44606885],[0.85553322],[2.75143917]
[4.55060393],[0.85291527],[2.84129504]
[4.58848286],[0.86517312],[2.9269471]
[4.63051866],[0.86312257],[2.93403605]
[4.63011492],[0.87818418],[3.0021521]
[4.70373495],[0.87777868],[3.01487841]
[4.6952959],[0.89328039],[3.07491871]
[4.78617868],[0.88414609],[3.07140391]
[4.76173974],[0.8963742],[3.11581677]
[4.83802548],[0.88510389],[3.08736194]
[4.7930361],[0.89696541],[3.12012202]
[4.87571223],[0.8834799],[3.07311179]
[4.79431867],[0.89448031],[3.08936838]
[4.81451283],[0.88095414],[3.01766238]
[4.72686997],[0.89188501],[3.0235132]
[4.73139667],[0.87861521],[2.94348273]
[4.66564978],[0.88992865],[2.96241225]
[4.64421175],[0.87888074],[2.87087039]
[4.58978145],[0.89331251],[2.90947568]
[4.54081704],[0.88381688],[2.81696799]
[4.49900107],[0.89198133],[2.83575008]
[4.4946806],[0.88802113],[2.79987606]
[4.4094471],[0.89444745],[2.79115273]
[4.40228893],[0.89381537],[2.7531477]
[4.31559154],[0.89354673],[2.72473671]
[4.30083402],[0.89339796],[2.67470234]
[4.21244521],[0.86078199],[2.59854149]
[4.14346534],[0.84288393],[2.54115202]
[4.09372453],[0.82591009],[2.46735669]
[4.04534885],[0.81135407],[2.39931036]
[3.99146025],[0.7982096],[2.32610574]
[3.91221523],[0.78638071],[2.22898377]
[3.84568925],[0.77534253],[2.12672148]
[3.79049167],[0.77045643],[2.03112055]
[3.73410367],[0.76950406],[1.94084993]
[3.67995589],[0.76886179],[1.85109073]
[3.61845013],[0.7684775],[1.7715418]
[3.53574566],[0.76586258],[1.69362496]
[3.44729069],[0.75667789],[1.62254987]
[3.3671818],[0.74318929],[1.5539427]
[3.30377825],[0.72963587],[1.48120256]
[3.24989256],[0.72513072],[1.43522849]
[3.2014545],[0.71861039],[1.39086123]
[13.36469285],[1.90237554],[17.44737258]
[10.41175548],[1.75974852],[12.28544477]
[9.34589642],[1.65339426],[9.99565376]
[8.5120212],[1.51485047],[8.06492599]
[7.58407521],[1.33713961],[6.03576936]
[5.96988589],[1.12134445],[4.37592399]
[3.79750916],[0.81470465],[2.77915258]
[2.7178101],[0.65750903],[1.71108104]
[3.30195786],[0.76143927],[2.07077884]
[4.02326818],[0.80876269],[2.35759679]
[4.17064555],[0.84299694],[2.546006]
[4.32453953],[0.86301555],[2.69629781]
[4.49787608],[0.87340518],[2.84899009]
[4.59260434],[0.87121774],[2.9276253]
[4.62262902],[0.88359183],[3.01349021]
[4.67483354],[0.88216244],[3.0156128]
[4.66838194],[0.89378173],[3.08401411]
[4.74651539],[0.895693],[3.09208659]
[4.73303582],[0.90407936],[3.14585375]
[4.82859679],[0.90092127],[3.15063039]
[4.80982821],[0.90932281],[3.19203646]
[4.91461766],[0.90165018],[3.1729848]
[4.84904305],[0.912097],[3.19275071]
[4.94679486],[0.89984398],[3.16594673]
[4.86512398],[0.91132964],[3.17470894]
[4.88515786],[0.89870925],[3.11233458]
[4.78492741],[0.91014585],[3.10769302]
[4.80515516],[0.89693009],[3.03975503]
[4.72494109],[0.90838557],[3.05236481]
[4.72525568],[0.89797485],[2.98056544]
[4.64591889],[0.91240651],[3.00923108]
[4.61364921],[0.90246969],[2.9206103]
[4.55567519],[0.91050384],[2.93484099]
[4.55720235],[0.90660863],[2.90244118]
[4.46550379],[0.91409026],[2.89356122]
[4.4646307],[0.91360438],[2.85772166]
[4.37233054],[0.91307325],[2.82631934]
[4.36289253],[0.91292048],[2.79579161]
[4.27592373],[0.91312259],[2.74528075]
[4.20838343],[0.91009985],[2.69624271]
[4.15367766],[0.88993016],[2.63756433]
[4.09975224],[0.86820621],[2.57727321]
[4.04833041],[0.85180217],[2.50585736]
[3.97321436],[0.83727363],[2.42012779]
[3.90442292],[0.82337702],[2.34197637]
[3.84065149],[0.80886596],[2.26005661]
[3.78781136],[0.79710516],[2.15029886]
[3.73791238],[0.79218037],[2.04981116]
[3.68764796],[0.7918637],[1.96166685]
[3.61321603],[0.78935928],[1.8510122]
[3.52987695],[0.78372019],[1.75167379]
[3.45260671],[0.76973378],[1.65784678]
[3.36146337],[0.75454152],[1.56936644]
[3.30407624],[0.74457688],[1.51846119]
[3.25955475],[0.73546832],[1.4768172]
[13.24991503],[1.97376749],[17.89335219]
[10.4214159],[1.79835653],[12.59149494]
[9.33694537],[1.70786696],[10.2370892]
[8.49722687],[1.55599731],[8.21971222]
[7.57346189],[1.36062952],[6.1470838]
[5.85239224],[1.17746874],[4.45358476]
[3.6731917],[0.79911945],[2.86180244]
[2.83880669],[0.68814118],[2.13476927]
[3.56186366],[0.77825569],[2.31818391]
[4.10116747],[0.82277315],[2.44685842]
[4.22662445],[0.85607691],[2.61810833]
[4.3768451],[0.87546137],[2.76950714]
[4.54583841],[0.88218755],[2.92764958]
[4.63036876],[0.88334866],[2.99964959]
[4.65554487],[0.8918193],[3.07781607]
[4.71928389],[0.89344364],[3.0855606]
[4.70396864],[0.90130233],[3.14826959]
[4.78525214],[0.90360785],[3.15823787]
[4.77336628],[0.91154064],[3.21224056]
[4.88639351],[0.90984617],[3.22628614]
[4.8628662],[0.91673969],[3.25912696]
[4.98766928],[0.91307516],[3.2642434]
[4.92012258],[0.91903338],[3.26948787]
[5.00573722],[0.91304198],[3.25915195]
[4.94186129],[0.91962017],[3.26334876]
[4.94879608],[0.91174421],[3.20357231]
[4.86817779],[0.92065607],[3.19680206]
[4.87106361],[0.91044785],[3.12993242]
[4.80040085],[0.92289444],[3.142363]
[4.7937135],[0.91374627],[3.07673261]
[4.70041239],[0.92771761],[3.09682341]
[4.68881464],[0.91816248],[3.02207675]
[4.61962479],[0.92616753],[3.02616331]
[4.63401888],[0.92250884],[3.00167759]
[4.52099006],[0.9303967],[2.98179038]
[4.5266316],[0.93087073],[2.95033014]
[4.42892245],[0.93089342],[2.91646554]
[4.42607338],[0.93097863],[2.88821931]
[4.33573398],[0.93093718],[2.84679068]
[4.27048301],[0.92910998],[2.81060113]
[4.21181354],[0.92794105],[2.76898436]
[4.14933375],[0.92675128],[2.71637773]
[4.10055765],[0.91962833],[2.65560849]
[4.02865588],[0.90229803],[2.58495705]
[3.96074616],[0.88172488],[2.51456469]
[3.89404003],[0.86272614],[2.43109987]
[3.83807835],[0.84776626],[2.35829138]
[3.79149985],[0.83480598],[2.30643661]
[3.74522376],[0.82312099],[2.19977852]
[3.68348748],[0.81271527],[2.05992334]
[3.6089509],[0.81000781],[1.94959503]
[3.53630962],[0.79640556],[1.82227459]
[3.45393718],[0.7812556],[1.70016178]
[3.3713073],[0.76513659],[1.61620107]
[3.30749493],[0.7508042],[1.56227452]
[13.04378523],[2.01354871],[18.03948682]
[10.40288491],[1.83792051],[12.74515616]
[9.31827909],[1.73015553],[10.32201393]
[8.47508849],[1.5676857],[8.25679742]
[7.5329546],[1.36783706],[6.14340372]
[6.42913757],[1.23026489],[4.46304739]
[3.48024805],[0.74425885],[2.74056808]
[3.10458917],[0.68933884],[2.23940694]
[3.93231283],[0.77747378],[2.48819556]
[4.15723494],[0.82219289],[2.52791993]
[4.28450357],[0.85519499],[2.66274097]
[4.44159034],[0.88138625],[2.80971156]
[4.59741207],[0.88895008],[2.97735234]
[4.67112715],[0.89016838],[3.04208524]
[4.70023977],[0.89851079],[3.1215378]
[4.7688192],[0.90030026],[3.13865392]
[4.74816448],[0.90774043],[3.19557546]
[4.8430379],[0.91042254],[3.21785141]
[4.82997269],[0.91771046],[3.27685587]
[4.96313242],[0.91662967],[3.30043789]
[4.92679838],[0.92413213],[3.32397157]
[5.05419776],[0.9203836],[3.35002866]
[4.99943175],[0.92628402],[3.35026735]
[5.04735273],[0.92068208],[3.33658385]
[5.01219332],[0.92628005],[3.35320171]
[5.00406218],[0.92117757],[3.28922041]
[4.94066439],[0.92681784],[3.28134797]
[4.9285446],[0.92127298],[3.2139663]
[4.8763757],[0.93097182],[3.22727801]
[4.85414701],[0.92616225],[3.16463619]
[4.77733852],[0.93858235],[3.17248951]
[4.75673584],[0.93221593],[3.11349375]
[4.70079343],[0.94004924],[3.11799164]
[4.70583915],[0.93624909],[3.09566471]
[4.58493515],[0.94359672],[3.05991953]
[4.60548432],[0.94449843],[3.04015249]
[4.48679248],[0.94446203],[2.99632265]
[4.49031217],[0.94485776],[2.96781402]
[4.39694354],[0.94556137],[2.92909981]
[4.33713236],[0.94355823],[2.89564794]
[4.27058532],[0.94196074],[2.85412883]
[4.20493855],[0.94070679],[2.81262375]
[4.15180154],[0.93943949],[2.76465188]
[4.08104442],[0.9399686],[2.7017864]
[4.01306945],[0.94114375],[2.64337895]
[3.94821499],[0.92234502],[2.57348637]
[3.88428953],[0.90535648],[2.50838172]
[3.83850954],[0.88604634],[2.45340466]
[3.7960688],[0.87060378],[2.39899163]
[3.74615583],[0.85592162],[2.34676804]
[3.67864193],[0.84261772],[2.25182902]
[3.61265652],[0.82373091],[2.09033635]
[3.53409205],[0.80349623],[1.91413835]
[3.45896637],[0.78596893],[1.76769313]
[3.3806046],[0.76797929],[1.67405624]
[13.19214659],[2.02971166],[18.33047661]
[10.4641639],[1.8677056],[12.9658577]
[9.34101971],[1.75273716],[10.44676634]
[8.49417368],[1.58305426],[8.32524869]
[7.49773879],[1.37952816],[6.14595338]
[6.41838193],[1.24816714],[4.46304137]
[3.34572329],[0.79203658],[2.43701957]
[3.41368863],[0.73907841],[2.27917327]
[4.03851811],[0.80811124],[2.39331031]
[4.2120704],[0.85043577],[2.58575447]
[4.33315103],[0.87793965],[2.76245342]
[4.49058222],[0.89951393],[2.89939299]
[4.63652123],[0.90489389],[3.06058661]
[4.70582094],[0.9071987],[3.12384496]
[4.72811696],[0.91414517],[3.20085868]
[4.81149771],[0.91602419],[3.22837398]
[4.79647805],[0.92499449],[3.2956268]
[4.89609218],[0.92815078],[3.32671166]
[4.87420091],[0.93452508],[3.38104202]
[5.02154686],[0.93426344],[3.41606553]
[4.98297778],[0.94052879],[3.43139313]
[5.10053182],[0.93788423],[3.46235174]
[5.05026373],[0.94140181],[3.46698194]
[5.08962017],[0.93757553],[3.4557667]
[5.05499758],[0.94183365],[3.46843896]
[5.04676349],[0.93719713],[3.40830938]
[4.98328009],[0.94224664],[3.39626365]
[4.97120388],[0.93733853],[3.32931538]
[4.92030452],[0.94534441],[3.34148783]
[4.90092434],[0.94388354],[3.27799843]
[4.82738373],[0.95211367],[3.28381559]
[4.80767446],[0.95152337],[3.22204345]
[4.74919537],[0.9580332],[3.2227377]
[4.75327998],[0.95732904],[3.19888738]
[4.63793387],[0.96382575],[3.15902036]
[4.65551887],[0.96400426],[3.13816468]
[4.52747856],[0.96433431],[3.08647863]
[4.54605294],[0.96466353],[3.05947078]
[4.4424093],[0.96493467],[3.00939376]
[4.35984676],[0.96277239],[2.96486707]
[4.28781791],[0.96097776],[2.92123864]
[4.22294257],[0.95983387],[2.87881233]
[4.16730411],[0.95805246],[2.83038458]
[4.09480842],[0.95842428],[2.77724393]
[4.03053242],[0.95911931],[2.73165697]
[3.96960572],[0.96004221],[2.68000337]
[3.9086219],[0.96083406],[2.62902236]
[3.86487865],[0.94816185],[2.56981211]
[3.82439168],[0.93001463],[2.53119641]
[3.77744149],[0.91156446],[2.49002192]
[3.71963747],[0.8928558],[2.42111164]
[3.65610505],[0.87282495],[2.34538804]
[3.57835224],[0.84381632],[2.21699287]
[3.49904285],[0.8192082],[2.00069631]
[3.4264705],[0.79491937],[1.84285956]
[13.07924271],[2.07721253],[18.62903763]
[10.47567015],[1.89052043],[13.2835106]
[9.33171939],[1.77894954],[10.68591786]
[8.47423741],[1.61195643],[8.53126328]
[7.47583858],[1.395738],[6.28773119]
[6.33018808],[1.27600888],[4.59701488]
[3.49538951],[0.95061256],[3.32481103]
[3.86013767],[0.75484974],[2.37241246]
[4.07377132],[0.82480402],[2.41482052]
[4.24657164],[0.8664909],[2.65846289]
[4.36919638],[0.89045746],[2.83265263]
[4.53783746],[0.90972747],[2.9672114]
[4.67459961],[0.91514379],[3.13212569]
[4.74843849],[0.91784328],[3.20732941]
[4.78968179],[0.92555866],[3.30010296]
[4.88317406],[0.92863016],[3.33170792]
[4.8613772],[0.93718547],[3.3956635]
[4.96818895],[0.94017849],[3.43281022]
[4.93785855],[0.94624063],[3.48002168]
[5.09905121],[0.94655144],[3.52772857]
[5.06426347],[0.95265478],[3.54713183]
[5.16170535],[0.95040574],[3.5834408]
[5.11764823],[0.95390867],[3.58815784]
[5.1200461],[0.95010128],[3.5585318]
[5.0954774],[0.95377324],[3.57674608]
[5.07705482],[0.95012726],[3.51329856]
[5.04266394],[0.95350448],[3.51551915]
[5.01666666],[0.94960472],[3.44495011]
[4.98795637],[0.95726664],[3.46426927]
[4.95867594],[0.95712748],[3.39733516]
[4.89748331],[0.96427369],[3.40129584]
[4.87176841],[0.96469066],[3.34236983]
[4.82346992],[0.96990703],[3.33921249]
[4.82235098],[0.972272],[3.32217687]
[4.72095265],[0.97744354],[3.27765891]
[4.729595],[0.97905994],[3.25457192]
[4.61186792],[0.98005052],[3.19850158]
[4.62995057],[0.98098472],[3.17907951]
[4.50446676],[0.98211592],[3.11447873]
[4.41298165],[0.98104446],[3.06123947]
[4.3407111],[0.97915574],[3.01877222]
[4.27639944],[0.9782885],[2.9733809]
[4.21873117],[0.97836321],[2.9203485]
[4.14628088],[0.97870021],[2.86706872]
[4.08004799],[0.97918878],[2.82229183]
[4.01945053],[0.97980683],[2.78113921]
[3.9591474],[0.98037799],[2.75400987]
[3.90377072],[0.98096675],[2.72758331]
[3.86849899],[0.98081907],[2.70564589]
[3.82741834],[0.96769495],[2.67632352]
[3.77541387],[0.94859414],[2.64034846]
[3.7168446],[0.92900138],[2.58745858]
[3.64772026],[0.89527628],[2.46971174]
[3.57907391],[0.86837329],[2.33364597]
[3.51309117],[0.83850874],[2.1720305]
[12.89701041],[2.10701383],[18.93990557]
[10.46743322],[1.91524613],[13.60020203]
[9.32518407],[1.81552074],[10.92717214]
[8.46737226],[1.66542915],[8.67157512]
[7.43520887],[1.44419664],[6.32930793]
[6.26663142],[1.29991612],[4.63598042]
[3.78015873],[0.99715031],[3.53644121]
[3.93739858],[0.76222905],[2.21816805]
[4.11707553],[0.82708361],[2.46429194]
[4.28659809],[0.86641086],[2.7025427]
[4.41104822],[0.89410413],[2.87061139]
[4.59160352],[0.91669793],[3.01581656]
[4.72554909],[0.92276103],[3.19931492]
[4.80670348],[0.92634359],[3.28851818]
[4.85378382],[0.9343692],[3.38221973]
[4.95779335],[0.93756271],[3.42138546]
[4.92871461],[0.94595072],[3.48254572]
[5.05831193],[0.94867195],[3.53217807]
[5.01733404],[0.9546605],[3.55739592]
[5.17327974],[0.95522296],[3.62818264]
[5.14106341],[0.96126944],[3.64813673]
[5.19421391],[0.95921511],[3.6646173]
[5.13828967],[0.96308882],[3.6621151]
[5.14575533],[0.95926777],[3.63905936]
[5.11798565],[0.96290901],[3.65408225]
[5.09985852],[0.95885747],[3.5889748]
[5.06371742],[0.96208546],[3.58863173]
[5.04146549],[0.95986867],[3.52409328]
[5.02982499],[0.96738912],[3.55354545]
[5.00340833],[0.96735828],[3.48873788]
[4.95953954],[0.97427551],[3.49979785]
[4.92844426],[0.97461137],[3.43936529]
[4.88823548],[0.97953858],[3.43325285]
[4.88428121],[0.98005514],[3.41893947]
[4.7943734],[0.98399898],[3.3777804]
[4.79519053],[0.98510365],[3.35249559]
[4.69103986],[0.98645156],[3.29219898]
[4.70231111],[0.98806927],[3.27343538]
[4.58979288],[0.98929657],[3.20356574]
[4.48172798],[0.98823009],[3.13470237]
[4.39631505],[0.98736708],[3.08972342]
[4.33118229],[0.98769475],[3.04453487]
[4.27680593],[0.98770059],[2.99369467]
[4.200308],[0.98787225],[2.93502223]
[4.12928471],[0.98841819],[2.88552536]
[4.06996365],[0.98948516],[2.84482799]
[4.00967994],[0.99067999],[2.80957484]
[3.9517106],[0.99208597],[2.78801506]
[3.90351328],[0.99238487],[2.77536585]
[3.8667548],[0.99129028],[2.76306749]
[3.82403645],[0.98871227],[2.73667352]
[3.77855859],[0.98009227],[2.69591225]
[3.72241469],[0.95205132],[2.59264643]
[3.66432244],[0.92447459],[2.4844922]
[3.61550121],[0.8847842],[2.32993672]
[13.03270244],[2.1270089],[19.04698447]
[10.5206385],[1.94069468],[13.75862838]
[9.39645306],[1.83489976],[11.02369805]
[8.51246338],[1.68821939],[8.67452897]
[7.44967803],[1.46211449],[6.14029178]
[6.19560826],[1.30583787],[4.35714242]
[3.35450545],[0.96012347],[3.2651529]
[4.01560772],[0.79878893],[2.31433036]
[4.1502352],[0.85926156],[2.58163571]
[4.30954787],[0.89213104],[2.7910671]
[4.44419387],[0.91493212],[2.95859772]
[4.64031464],[0.93645649],[3.11385323]
[4.77009584],[0.94234414],[3.29879259]
[4.85042191],[0.94478645],[3.39222259]
[4.89670128],[0.95134445],[3.48087958]
[5.00527382],[0.95499024],[3.52354222]
[4.9694046],[0.9622524],[3.57692706]
[5.11229493],[0.96564702],[3.63347707]
[5.07296911],[0.97071158],[3.66355802]
[5.22300157],[0.97245879],[3.74121879]
[5.18565202],[0.97805647],[3.76017833]
[5.23926684],[0.97665701],[3.7820606]
[5.18137979],[0.98000642],[3.77754473]
[5.18807526],[0.97642176],[3.75896603]
[5.16195674],[0.97964962],[3.77133612]
[5.14341504],[0.97584262],[3.70661954]
[5.10937866],[0.97885855],[3.7043174]
[5.0863791],[0.97686978],[3.6397565]
[5.07374314],[0.98400677],[3.66512908]
[5.03874318],[0.9829105],[3.59897384]
[4.98518801],[0.9880934],[3.59938276]
[4.95912702],[0.98787287],[3.53922139]
[4.91944331],[0.99193152],[3.53093952]
[4.91283443],[0.99269995],[3.51490288]
[4.82904171],[0.99469442],[3.47016324]
[4.83080062],[0.995391],[3.44443501]
[4.73330319],[0.99638625],[3.38311044]
[4.7438767],[0.9975187],[3.36336913]
[4.6106716],[0.99875875],[3.25941624]
[4.50313323],[0.99810428],[3.19522621]
[4.41850022],[0.99775093],[3.14726418]
[4.34590509],[0.99806372],[3.10205701]
[4.29368329],[0.99828035],[3.05327617]
[4.21804748],[0.99887954],[2.99682348]
[4.1466426],[0.99972412],[2.94519967]
[4.08349904],[1.00080375],[2.89841757]
[4.02376647],[1.00193307],[2.86034521]
[3.96801428],[1.00266074],[2.82064852]
[3.92543252],[1.00186883],[2.81177922]
[3.89245907],[0.99895446],[2.80618069]
[3.84505242],[0.99639572],[2.78909122]
[3.8028153],[0.99389073],[2.7626826]
[3.76262682],[0.98725951],[2.67704261]
[3.71848173],[0.97734441],[2.57957346]
[3.67484935],[0.93819107],[2.44797244]
[12.94545627],[2.16012684],[19.20749042]
[10.50843905],[1.9513667],[13.90318074]
[9.4123647],[1.8434017],[11.14551238]
[8.51337415],[1.69904503],[8.74565113]
[7.36959398],[1.47442055],[6.11553877]
[5.93350753],[1.30898965],[4.2450901]
[3.37290442],[0.9156913],[3.28008113]
[4.04392604],[0.81366057],[2.39476265]
[4.17989134],[0.87540025],[2.64559188]
[4.3439912],[0.90504937],[2.84893187]
[4.48934724],[0.92673127],[3.02562744]
[4.68904753],[0.94667139],[3.18554843]
[4.8062834],[0.95256642],[3.36871245]
[4.89277882],[0.95517163],[3.46298162]
[4.93722354],[0.9617309],[3.54858966]
[5.05116869],[0.96443891],[3.59488268]
[5.01095693],[0.971198],[3.64557453]
[5.16900984],[0.97388287],[3.72545794]
[5.13298118],[0.97955801],[3.75495509]
[5.26704081],[0.9818668],[3.83730408]
[5.2251781],[0.98732856],[3.86337808]
[5.26103978],[0.98528742],[3.88453954]
[5.20340423],[0.98781632],[3.87506047]
[5.21192866],[0.98373113],[3.86219412]
[5.18141194],[0.98696905],[3.85784743]
[5.16574138],[0.98316544],[3.79553727]
[5.13036717],[0.98620392],[3.78794229]
[5.1084704],[0.98567782],[3.72690932]
[5.09576234],[0.99263527],[3.74753216]
[5.06265742],[0.99113891],[3.68335062]
[5.02237712],[0.99573469],[3.68458472]
[4.99418551],[0.99595028],[3.62502026]
[4.95889974],[0.99933436],[3.61624149]
[4.94901588],[1.00010906],[3.59785553]
[4.87155566],[1.00145245],[3.55456999]
[4.87014973],[1.0022692],[3.53180967]
[4.78191698],[1.00337757],[3.47160383]
[4.78798985],[1.00448114],[3.45085477]
[4.66520212],[1.0057679],[3.34678066]
[4.56004619],[1.00655658],[3.27491952]
[4.47804726],[1.00669263],[3.22792603]
[4.40117195],[1.00652904],[3.17907065]
[4.33207474],[1.00657287],[3.1279087]
[4.2552447],[1.00710778],[3.07406478]
[4.17918931],[1.00797276],[3.02288434]
[4.11458965],[1.00913948],[2.97267405]
[4.05307316],[1.00988388],[2.93406309]
[3.99722639],[1.01037705],[2.91157929]
[3.94732323],[1.00898882],[2.89990011]
[3.91258103],[1.00590295],[2.89453932]
[3.86640524],[1.00319687],[2.88167067]
[3.82460969],[1.00050662],[2.86092343]
[3.78506716],[0.99549511],[2.79240314]
[3.74178838],[0.98878087],[2.69694207]
[3.70794905],[0.96941396],[2.57026748]
[12.958565],[2.18422436],[19.44363438]
[10.57555132],[1.97502976],[14.20824829]
[9.44234045],[1.86797147],[11.37304126]
[8.52317559],[1.74276556],[8.87785361]
[7.28462824],[1.5127896],[6.09042902]
[4.95063778],[1.32551313],[4.15986651]
[3.35460768],[0.82605481],[3.21933945]
[4.04305607],[0.82307641],[2.43083541]
[4.20486028],[0.88505046],[2.69078146]
[4.3765137],[0.91360743],[2.89473915]
[4.52808107],[0.93559686],[3.07851636]
[4.7332172],[0.9563752],[3.25184736]
[4.8412463],[0.96221225],[3.42893305]
[4.94198196],[0.96491481],[3.53011797]
[4.98807029],[0.97135065],[3.62259578]
[5.10894215],[0.9740363],[3.67207173]
[5.06203596],[0.98270231],[3.72064428]
[5.23090154],[0.98740213],[3.8241177]
[5.19629167],[0.99317514],[3.86787038]
[5.31814395],[0.9951347],[3.96592961]
[5.27567152],[1.00395425],[3.99552927]
[5.30572782],[1.001866],[4.02360588]
[5.25177491],[1.00459692],[4.01445126]
[5.26025493],[0.99562126],[4.00631658]
[5.22804891],[0.99777226],[3.9879216]
[5.2085009],[0.99202428],[3.92296203]
[5.17500992],[0.99471526],[3.90261757]
[5.14823454],[0.99294538],[3.83112545]
[5.12844492],[0.99909026],[3.83643376]
[5.09051805],[0.99733301],[3.76049601]
[5.06119155],[1.00166004],[3.76345993]
[5.02838139],[1.00201265],[3.70074736]
[4.99384326],[1.00489385],[3.69097423]
[4.98293852],[1.00582663],[3.67200089]
[4.91113668],[1.00690268],[3.62775481]
[4.90808381],[1.00773302],[3.606616]
[4.82854725],[1.00881258],[3.54851159]
[4.82775869],[1.00988668],[3.5229457]
[4.71495296],[1.0119243],[3.42003792]
[4.61595758],[1.01286326],[3.3426687]
[4.53546995],[1.0129656],[3.29514017]
[4.4607653],[1.0133151],[3.24953982]
[4.39282962],[1.01327255],[3.19460684]
[4.29370744],[1.01351282],[3.13387894]
[4.2138444],[1.01393578],[3.08112313]
[4.1471799],[1.01409177],[3.02995873]
[4.08270312],[1.014534],[2.99141305]
[4.02738957],[1.01499623],[2.964392]
[3.97729782],[1.01309516],[2.94506073]
[3.93076516],[1.00999882],[2.93464389]
[3.88505279],[1.00704434],[2.91285421]
[3.84603633],[1.00408058],[2.88469788]
[3.80825918],[1.00069292],[2.81953361]
[3.76585296],[0.99425959],[2.72334991]
[3.73502454],[0.98459799],[2.60758057]
[12.90174656],[2.20109868],[19.5464749]
[10.60295809],[1.99422178],[14.32626468]
[9.4548882],[1.87785444],[11.42704437]
[8.52408042],[1.75472705],[8.85472332]
[6.99109857],[1.51953181],[5.90587668]
[4.37606059],[1.32282201],[4.04689353]
[3.38449717],[0.79821031],[3.08985138]
[4.07027212],[0.82121618],[2.45426222]
[4.24193823],[0.88337555],[2.72289827]
[4.41608213],[0.91761259],[2.93673159]
[4.57193732],[0.94318363],[3.12622577]
[4.78443367],[0.96431611],[3.31965472]
[4.89389877],[0.97010451],[3.49766341]
[5.00693788],[0.97248055],[3.60658287]
[5.04785169],[0.98029311],[3.69963845]
[5.17546392],[0.98628313],[3.75547256]
[5.11827068],[0.99682681],[3.81176576]
[5.29487159],[1.00164616],[3.94640371]
[5.26110516],[1.01173047],[4.00407368]
[5.37543402],[1.01555864],[4.11164879]
[5.33523597],[1.02498796],[4.14010519]
[5.35303589],[1.02218231],[4.18165811]
[5.30099366],[1.02518367],[4.16568863]
[5.31308213],[1.06424995],[4.17343418]
[5.278235],[1.03890259],[4.1389725]
[5.26260068],[1.05102774],[4.08579467]
[5.2266223],[1.02386235],[4.05409387]
[5.19826306],[1.01925506],[3.98249832]
[5.17366553],[1.00960414],[3.96753884]
[5.13208003],[1.00647912],[3.89133719]
[5.10652334],[1.00859244],[3.87481819]
[5.07171149],[1.00812547],[3.80665818]
[5.03743997],[1.00957551],[3.77890328]
[5.02121356],[1.01039866],[3.75214552]
[4.95155471],[1.01122949],[3.69935993]
[4.94413155],[1.01205389],[3.67959169]
[4.8700096],[1.01312136],[3.61953819]
[4.86889942],[1.01436224],[3.59764067]
[4.76540584],[1.01677699],[3.49825637]
[4.67230461],[1.01800134],[3.41240348]
[4.5918772],[1.01805653],[3.36658655]
[4.5181221],[1.01844754],[3.31884579]
[4.45269838],[1.01909656],[3.2647848]
[4.35272917],[1.01973887],[3.19428991]
[4.25207114],[1.01963634],[3.13457588]
[4.17996178],[1.0194818],[3.08207579]
[4.1125584],[1.01935103],[3.04064961]
[4.0565841],[1.01924324],[3.02227668]
[4.00584014],[1.01608953],[3.00255884]
[3.95163758],[1.01297086],[2.98406976]
[3.90459491],[1.00995612],[2.94999607]
[3.86645482],[1.00654022],[2.89767414]
[3.82936079],[1.00323654],[2.822125]
[3.78728974],[0.99815664],[2.72249901]
[3.75676104],[0.99219844],[2.63306801]
[12.10413686],[2.21167843],[18.88985738]
[10.76103896],[2.00521923],[14.41222875]
[9.4003326],[1.88845724],[11.33128671]
[8.22359745],[1.76940702],[8.57808726]
[5.8670886],[1.52294392],[5.57594815]
[4.02729535],[1.32036856],[3.96690043]
[3.45444685],[0.79757126],[2.19431478]
[4.11010377],[0.84639736],[2.53828215]
[4.27051837],[0.90347973],[2.80735438]
[4.44457627],[0.93441917],[3.01368742]
[4.6166097],[0.9595497],[3.21394673]
[4.83289629],[0.9775042],[3.42083872]
[4.9503841],[0.98362148],[3.60305398]
[5.06475717],[0.98815261],[3.71580638]
[5.09455812],[0.9990291],[3.79545274]
[5.22837699],[1.00457914],[3.87066139]
[5.16137107],[1.01907796],[3.94118413]
[5.34763678],[1.02630459],[4.10280184]
[5.31743171],[1.036395],[4.16118968]
[5.43443086],[1.0395549],[4.2977047]
[5.390381],[1.04912948],[4.32288189]
[5.42414771],[1.08891238],[4.39891087]
[5.37003812],[1.08003758],[4.37509853]
[5.38121983],[1.13173609],[4.38759954]
[5.34807649],[1.09992172],[4.34342855]
[5.33280749],[1.12227211],[4.29869784]
[5.30206781],[1.08570158],[4.25540359]
[5.2579546],[1.09524541],[4.18708316]
[5.22663678],[1.0609317],[4.15400836]
[5.18328165],[1.06785978],[4.08079914]
[5.13597737],[1.03404492],[4.02656349]
[5.09983889],[1.03711607],[3.95852237]
[5.06499662],[1.0226315],[3.91339509]
[5.04925955],[1.02251119],[3.8839719]
[4.98373752],[1.02157349],[3.8171664]
[4.97701185],[1.02131256],[3.79047334]
[4.90227121],[1.02165574],[3.71280311]
[4.88001766],[1.0227315],[3.66166685]
[4.77622755],[1.0246913],[3.55393209]
[4.68123139],[1.02606356],[3.46446522]
[4.60027993],[1.02625173],[3.42079662]
[4.52716634],[1.02663034],[3.3743788]
[4.4621158],[1.02681299],[3.31748266]
[4.36431421],[1.02702796],[3.2448715]
[4.25837911],[1.02691664],[3.17879195]
[4.1844942],[1.02671089],[3.12672644]
[4.11311332],[1.02653324],[3.08347591]
[4.05788344],[1.02637279],[3.06726975]
[4.00114242],[1.02287255],[3.05297391]
[3.94390085],[1.01910758],[3.03492417]
[3.89940559],[1.01548021],[3.00015414]
[3.86857661],[1.01134724],[2.95525888]
[3.83273239],[1.00799247],[2.86228808]
[3.79207368],[1.00400476],[2.76001085]
[3.76585427],[0.99786488],[2.663713]
[11.96982873],[2.2196172],[19.14002257]
[10.79503208],[2.01581609],[14.60864471]
[9.38970341],[1.89696809],[11.45425479]
[8.07314557],[1.7808764],[8.60034682]
[5.76220791],[1.53143173],[5.57874986]
[3.98152405],[1.32908738],[4.01680574]
[3.47664187],[0.8132067],[2.52184963]
[4.14522556],[0.85930235],[2.59101181]
[4.31612566],[0.91315415],[2.86837827]
[4.49346963],[0.94414512],[3.08517001]
[4.6813646],[0.96993639],[3.30368808]
[4.88500781],[0.98715086],[3.51890402]
[5.00037889],[0.99666377],[3.70497878]
[5.12375748],[1.00252755],[3.82365194]
[5.16349035],[1.01323291],[3.91249268]
[5.31088415],[1.02412755],[4.02010055]
[5.23735414],[1.04286574],[4.0966579]
[5.41900185],[1.04907369],[4.29318728]
[5.39027117],[1.07322521],[4.37530398]
[5.49498709],[1.10124709],[4.52789395]
[5.450747],[1.13374789],[4.55665467]
[5.47384331],[1.16205456],[4.63659282]
[5.41989471],[1.16682596],[4.60533006]
[5.43465514],[1.1971522],[4.6241907]
[5.39933218],[1.16372499],[4.5760812]
[5.38942761],[1.1881504],[4.53033758]
[5.35624557],[1.15253129],[4.47666392]
[5.31273111],[1.16557372],[4.40577611]
[5.28053674],[1.13224765],[4.36569579]
[5.23407636],[1.13930632],[4.28773481]
[5.18989994],[1.10841801],[4.23113709]
[5.15037604],[1.11170683],[4.15605095]
[5.11750682],[1.09019581],[4.10422608]
[5.09965541],[1.08488083],[4.07216352]
[5.0389922],[1.06330033],[3.99743452]
[5.02819192],[1.05818685],[3.96970597]
[4.95958741],[1.04015729],[3.88761149]
[4.9375999],[1.04065521],[3.84429436]
[4.84066949],[1.04245035],[3.73821132]
[4.7501038],[1.04339829],[3.64092138]
[4.66717599],[1.03891659],[3.58672048]
[4.59097839],[1.03560686],[3.51991723]
[4.52386341],[1.03536127],[3.4444422]
[4.42599025],[1.03551599],[3.3580212]
[4.305552],[1.03565149],[3.27055332]
[4.22302318],[1.03560819],[3.22923442]
[4.14530906],[1.03534737],[3.20576349]
[4.08723276],[1.03500291],[3.19216066]
[4.02606644],[1.03536452],[3.18186058]
[3.96420136],[1.05202459],[3.15942545]
[3.91653843],[1.07082181],[3.13138325]
[3.88603742],[1.06414396],[3.10703255]
[3.85270646],[1.01724372],[3.01900208]
[3.81325252],[1.01377678],[2.91615971]
[3.78807563],[1.00698088],[2.79901373]
[11.86455682],[2.24411942],[19.50352235]
[10.79227821],[2.038495],[14.96886928]
[9.33197542],[1.92158394],[11.71384045]
[7.93447945],[1.82171413],[8.74258465]
[5.69902771],[1.59576987],[5.6253084]
[3.96807228],[1.35084273],[4.0036404]
[3.46447234],[0.82350512],[2.20875906]
[4.15459496],[0.86682918],[2.6182621]
[4.35945624],[0.92066015],[2.92765168]
[4.53434648],[0.95428333],[3.15706834]
[4.73122069],[0.98337341],[3.38656056]
[4.92694881],[1.00021815],[3.60840246]
[5.04325312],[1.00957541],[3.80187138]
[5.1761063],[1.01545213],[3.93964704]
[5.22867626],[1.03116185],[4.05442389]
[5.38911559],[1.04432924],[4.18039241]
[5.31959711],[1.06277812],[4.25903303]
[5.48523142],[1.11448292],[4.51463201]
[5.45804193],[1.15450535],[4.6008312]
[5.55272369],[1.17928718],[4.75446381]
[5.51107504],[1.20994083],[4.78510343]
[5.53117133],[1.23144626],[4.86655025]
[5.47889738],[1.23938025],[4.84266816]
[5.49762069],[1.25135526],[4.874298]
[5.45611078],[1.22763521],[4.8226407]
[5.45909238],[1.24630524],[4.79386455]
[5.40686168],[1.2144093],[4.72254582]
[5.37325619],[1.22576857],[4.65013784]
[5.33511147],[1.19494615],[4.59472491]
[5.29120386],[1.20097017],[4.50951937]
[5.24559731],[1.17299121],[4.44237868]
[5.20093613],[1.1762011],[4.35511143]
[5.17065052],[1.15553327],[4.30123382]
[5.15034075],[1.15226235],[4.26453685]
[5.09476085],[1.13202717],[4.18889492]
[5.0799908],[1.12760989],[4.1610909]
[5.01813074],[1.11190417],[4.08514639]
[4.99490346],[1.10200468],[4.04834064]
[4.90741141],[1.10246574],[3.95267617]
[4.82095687],[1.11010969],[3.85837885]
[4.74198898],[1.11155692],[3.78462564]
[4.66318495],[1.08962015],[3.7083442]
[4.59443198],[1.05886903],[3.61598791]
[4.49979443],[1.04418481],[3.51130909]
[4.38726887],[1.04315958],[3.42331937]
[4.26482476],[1.04668415],[3.36739198]
[4.18124876],[1.05852858],[3.31956861]
[4.11619273],[1.07144364],[3.2847139]
[4.0514343],[1.07985676],[3.2516477]
[3.99034164],[1.08988447],[3.22298744]
[3.93207731],[1.10597842],[3.19189642]
[3.90252807],[1.09856061],[3.1770674]
[3.87158481],[1.02359849],[3.09266997]
[3.83430917],[1.02152539],[2.9969237]
[3.81094518],[1.01485574],[2.89236829]
[11.80596114],[2.27718641],[19.82122378]
[10.78024987],[2.0566222],[15.15358769]
[9.30589557],[1.93438736],[11.80494767]
[7.81999546],[1.83676226],[8.74172496]
[5.64196467],[1.61248407],[5.5907711]
[3.94689311],[1.35328118],[3.92876956]
[3.51916637],[0.82073956],[2.19970662]
[4.19645084],[0.86726511],[2.66421967]
[4.40504674],[0.93013318],[2.99068763]
[4.57938302],[0.96743138],[3.23933978]
[4.7877571],[0.99618028],[3.48181611]
[4.9750541],[1.01248872],[3.71113904]
[5.0924188],[1.0217051],[3.90695558]
[5.23967339],[1.03154119],[4.07502687]
[5.30010077],[1.0507241],[4.21057473]
[5.47491758],[1.06395444],[4.3713374]
[5.40720814],[1.12942525],[4.51979996]
[5.55590208],[1.1947237],[4.77262735]
[5.52894038],[1.2271775],[4.84054988]
[5.61923854],[1.24655636],[4.99678322]
[5.5705131],[1.26950747],[5.01576399]
[5.59421595],[1.28902287],[5.10663438]
[5.54280185],[1.29742875],[5.08041854]
[5.55607422],[1.29804258],[5.11101657]
[5.52121895],[1.28819475],[5.06440927]
[5.51412877],[1.29607528],[5.03744475]
[5.46822069],[1.2657102],[4.96917535]
[5.42981569],[1.27749843],[4.89282026]
[5.39363364],[1.24695696],[4.83463354]
[5.35072705],[1.25422327],[4.74802781]
[5.30757876],[1.22829451],[4.68041699]
[5.26649315],[1.23084464],[4.59398769]
[5.23461335],[1.21177768],[4.53564515]
[5.21418243],[1.20917106],[4.48821187]
[5.15556886],[1.19086648],[4.40757906]
[5.1399968],[1.18800222],[4.37656617]
[5.07411607],[1.17310818],[4.30106579]
[5.05798797],[1.17353344],[4.27269829]
[4.97287403],[1.17893225],[4.17623399]
[4.88960055],[1.18415815],[4.0860569]
[4.81968097],[1.18699602],[3.98615908]
[4.7393632],[1.15672008],[3.90228337]
[4.66943704],[1.1251594],[3.80579458]
[4.57712679],[1.10740561],[3.70197983]
[4.46869077],[1.11844839],[3.61484996]
[4.34099425],[1.12604499],[3.52637383]
[4.23064199],[1.13287689],[3.46050386]
[4.15505058],[1.14012816],[3.4078744]
[4.08899242],[1.14408503],[3.36183587]
[4.02519006],[1.14586785],[3.31280482]
[3.95760711],[1.15123275],[3.28421716]
[3.92328036],[1.13334604],[3.25632864]
[3.89072905],[1.04656729],[3.16997412]
[3.8539719],[1.02736737],[3.06375159]
[3.83147087],[1.02198682],[2.95884046]
[10.52073309],[2.29474195],[19.2764819]
[10.41394632],[2.0712096],[15.1044163]
[9.03851725],[1.94720572],[11.71200493]
[7.63635343],[1.84600099],[8.60314342]
[5.32531065],[1.62503558],[5.38293289]
[2.96150701],[1.35546101],[3.44306911]
[3.60502222],[0.84982408],[2.29968599]
[4.24005277],[0.89441014],[2.77964268]
[4.4200109],[0.94862768],[3.08227512]
[4.60137173],[0.98349611],[3.34921062]
[4.81786911],[1.01060168],[3.5958341]
[5.01146037],[1.02930574],[3.82650493]
[5.13714646],[1.04235991],[4.03503014]
[5.27957846],[1.05518277],[4.23539558]
[5.33831297],[1.07354507],[4.37209604]
[5.53282103],[1.13181014],[4.67702543]
[5.47538812],[1.21177639],[4.82826482]
[5.61698045],[1.2657881],[5.04131081]
[5.59120446],[1.29283782],[5.09225264]
[5.69545926],[1.30991534],[5.27428086]
[5.64766491],[1.3296776],[5.28405189]
[5.66745175],[1.34571688],[5.3711516]
[5.61599675],[1.35460937],[5.34595418]
[5.61333694],[1.35513491],[5.38522896]
[5.56821534],[1.34779325],[5.34730573]
[5.54443338],[1.3451962],[5.31296687]
[5.51311242],[1.32478832],[5.24488191]
[5.47158428],[1.32822425],[5.1567218]
[5.43495888],[1.30060367],[5.07929153]
[5.39140401],[1.30630384],[4.9885872]
[5.34793132],[1.28273169],[4.92197268]
[5.30839237],[1.28436549],[4.83428169]
[5.28712717],[1.26749563],[4.7852876]
[5.26376585],[1.26536472],[4.73561879]
[5.21549886],[1.24805714],[4.6593845]
[5.1992304],[1.24548869],[4.63129172]
[5.14379995],[1.24594199],[4.56105408]
[5.11163312],[1.25025602],[4.51829094]
[5.0313692],[1.25359556],[4.41636186]
[4.94585901],[1.25925205],[4.32516453]
[4.87511223],[1.26041874],[4.21767901]
[4.79263948],[1.23511781],[4.11983108]
[4.71847011],[1.20324428],[4.01271581]
[4.6171795],[1.18896499],[3.89828239]
[4.50965948],[1.19630664],[3.80087992]
[4.38088653],[1.2018067],[3.70349208]
[4.25189936],[1.20732465],[3.6223169]
[4.17053465],[1.2138602],[3.55876712]
[4.09570759],[1.21733705],[3.50183812]
[4.02947881],[1.21849299],[3.45851809]
[3.98104379],[1.22108733],[3.43039181]
[3.95087637],[1.1911782],[3.39634719]
[3.92046535],[1.10793528],[3.31727469]
[3.8846337],[1.04060499],[3.20210312]
[3.86040586],[1.03193897],[3.10632596]
[10.596031],[2.31236244],[19.5551941]
[10.3678218],[2.09109941],[15.36193335]
[9.05371918],[1.96018904],[11.89862553]
[7.57793918],[1.85862528],[8.67333635]
[5.31596773],[1.64017934],[5.41362625]
[2.92773505],[1.36558829],[3.55254554]
[3.64530913],[0.86906064],[2.5383515]
[4.27469981],[0.91157864],[2.86185225]
[4.47258054],[0.96133009],[3.17537893]
[4.64758379],[0.996289],[3.44878061]
[4.88095703],[1.022936],[3.70986935]
[5.06458247],[1.04785449],[3.9478253]
[5.20125588],[1.06440637],[4.19982011]
[5.3361852],[1.07679822],[4.42642152]
[5.39379364],[1.17209318],[4.72128751]
[5.61019181],[1.23354059],[5.05066951]
[5.56550626],[1.29913779],[5.15199001]
[5.70086719],[1.34125087],[5.37540977]
[5.68280071],[1.36437503],[5.40548853]
[5.76401983],[1.37851736],[5.56426918]
[5.7161149],[1.39452003],[5.58221552]
[5.7147455],[1.40586104],[5.66024061]
[5.66784024],[1.41535687],[5.65770214]
[5.65862905],[1.41659953],[5.68593437]
[5.61394047],[1.41076659],[5.65534062]
[5.58379373],[1.40199526],[5.63167898]
[5.5590963],[1.39032346],[5.56025219]
[5.51564425],[1.38036071],[5.4793023]
[5.48501055],[1.36883255],[5.40170792]
[5.43748962],[1.36129672],[5.30810245]
[5.40194701],[1.3517783],[5.2449818]
[5.3594008],[1.3427965],[5.14747078]
[5.34406893],[1.33535677],[5.10433472]
[5.31836152],[1.32967182],[5.04329181]
[5.27878675],[1.33027007],[4.98792319]
[5.25891895],[1.33360828],[4.94335793]
[5.21379085],[1.3393309],[4.89125144]
[5.17828444],[1.34320124],[4.84888743]
[5.1121233],[1.34535801],[4.76263579]
[5.03602415],[1.34965215],[4.68173324]
[4.97413375],[1.35122025],[4.5956356]
[4.90475612],[1.33434363],[4.50523822]
[4.83910761],[1.32597948],[4.43361685]
[4.75460806],[1.32711544],[4.33362312]
[4.63319048],[1.3263172],[4.19712342]
[4.49525089],[1.32400763],[4.05649696]
[4.35360133],[1.322463],[3.94367688]
[4.23369398],[1.32188143],[3.86987653]
[4.15525824],[1.31988727],[3.80972713]
[4.09056452],[1.31656277],[3.75856202]
[4.03153835],[1.3150225],[3.74040631]
[3.99900133],[1.27731208],[3.72731056]
[3.96789642],[1.20851749],[3.68829549]
[3.93435423],[1.15510866],[3.57323352]
[3.90631892],[1.10798611],[3.44634815]
[10.71962444],[2.34062106],[19.8588503]
[10.30610789],[2.12018952],[15.74218528]
[8.97197587],[1.99102274],[12.13224486]
[7.2840069],[1.89839077],[8.75616029]
[4.80909534],[1.70039058],[5.40697128]
[2.82565865],[1.40117633],[3.56944984]
[3.64108756],[0.88206268],[2.78055993]
[4.2732133],[0.92607167],[2.91661669]
[4.52125807],[0.97149522],[3.26617867]
[4.68350729],[1.00594184],[3.53638734]
[4.92925064],[1.0390038],[3.81462622]
[5.12649911],[1.06688981],[4.07110353]
[5.25475749],[1.0919468],[4.35473163]
[5.38440272],[1.16547338],[4.73143036]
[5.45949148],[1.25756381],[5.02573755]
[5.67816993],[1.31190943],[5.35048028]
[5.64485193],[1.36552974],[5.43969634]
[5.78346324],[1.40311591],[5.68163133]
[5.77028991],[1.42496216],[5.71866817]
[5.81519721],[1.43708991],[5.84419463]
[5.76473337],[1.45091904],[5.87702243]
[5.75348195],[1.46103176],[5.9372785]
[5.71213811],[1.47046224],[5.94280418]
[5.69621133],[1.47287641],[5.98419869]
[5.65450132],[1.46848087],[5.95930929]
[5.62052166],[1.46107905],[5.94991738]
[5.59851484],[1.45053359],[5.88901156]
[5.55397131],[1.44199378],[5.8140621]
[5.52921606],[1.43147068],[5.72250332]
[5.47631551],[1.42447398],[5.63471057]
[5.45040923],[1.41602352],[5.56135574]
[5.4063472],[1.4082391],[5.47511352]
[5.39620056],[1.403169],[5.44087433]
[5.36819809],[1.40414312],[5.40052531]
[5.33712989],[1.40813949],[5.35972014]
[5.31623485],[1.41179965],[5.32350316]
[5.2812941],[1.41517265],[5.28536724]
[5.24344247],[1.4184147],[5.23970211]
[5.19277055],[1.42050801],[5.16876837]
[5.12488703],[1.42308939],[5.092209]
[5.07238145],[1.42394005],[5.01888613]
[5.01528102],[1.41141442],[4.92449035]
[4.95724473],[1.41003829],[4.84836016]
[4.88520142],[1.40844424],[4.7398822]
[4.794235],[1.40386442],[4.58970049]
[4.67345917],[1.3981815],[4.45599118]
[4.51005518],[1.39352984],[4.33746159]
[4.3353479],[1.38974141],[4.22098139]
[4.20964578],[1.38506798],[4.14616418]
[4.14272737],[1.3793371],[4.09096174]
[4.08492494],[1.37388133],[4.05455942]
[4.05271809],[1.33651],[4.02485415]
[4.01802158],[1.27912235],[3.98668386]
[3.98373866],[1.23209331],[3.90251151]
[3.95694001],[1.18542795],[3.84374589]
[10.82392789],[2.38318417],[20.15764925]
[10.31596726],[2.15201824],[16.0140223]
[8.94056146],[2.01971871],[12.26842521]
[6.98407227],[1.92966535],[8.78666574]
[4.74125664],[1.7418598],[5.44590006]
[2.73070045],[1.42254751],[3.59181344]
[3.67518031],[0.89700807],[2.57589864]
[4.30303202],[0.94101584],[2.99955161]
[4.57884147],[0.98254683],[3.36043217]
[4.7263371],[1.01655785],[3.62773663]
[4.98993654],[1.05718417],[3.92651999]
[5.19485944],[1.09509654],[4.21279161]
[5.3091158],[1.2007473],[4.64815615]
[5.43521608],[1.25780657],[5.03891298]
[5.54949285],[1.33694336],[5.33121677]
[5.76840881],[1.37981595],[5.65882683]
[5.75468355],[1.42504137],[5.75717597]
[5.86057543],[1.45450595],[5.98056606]
[5.84784307],[1.4749617],[6.05456207]
[5.87079276],[1.48777426],[6.13855828]
[5.81584785],[1.50097156],[6.16008634]
[5.79562241],[1.50922743],[6.2254959]
[5.75682897],[1.51562087],[6.22244658]
[5.73194444],[1.51946336],[6.26442318]
[5.69325612],[1.51781432],[6.26169783]
[5.66242095],[1.51403583],[6.28093903]
[5.65027858],[1.50659998],[6.2502267]
[5.60466833],[1.50051485],[6.19892874]
[5.57993877],[1.49306752],[6.12273232]
[5.52201066],[1.48778366],[6.05070109]
[5.50238606],[1.48212901],[5.98761684]
[5.45699905],[1.47566056],[5.91592388]
[5.45921143],[1.46987739],[5.86970524]
[5.42502842],[1.47218666],[5.83957486]
[5.40469204],[1.47406616],[5.78492558]
[5.37978508],[1.47625309],[5.75531822]
[5.35187936],[1.47804843],[5.69974384]
[5.31101114],[1.4797881],[5.65566581]
[5.27040307],[1.48110701],[5.58129536]
[5.20552813],[1.48263488],[5.51019078]
[5.15726809],[1.48251912],[5.4334865]
[5.10483132],[1.47194991],[5.33708005]
[5.05388053],[1.46998826],[5.23645017]
[4.98593564],[1.46566041],[5.13602751]
[4.91413749],[1.46070714],[5.02311069]
[4.82359788],[1.45456627],[4.90082474]
[4.70477342],[1.44793638],[4.7898535]
[4.5521333],[1.44202944],[4.66149928]
[4.32629296],[1.43566442],[4.52781065]
[4.19491738],[1.42717009],[4.43968452]
[4.13631651],[1.41972752],[4.37257969]
[4.10299834],[1.38068672],[4.32132962]
[4.07183998],[1.33014702],[4.2750999]
[4.03244705],[1.28593632],[4.18836809]
[4.00495495],[1.24266248],[4.11617943]
[10.92108345],[2.41301173],[19.92993534]
[9.39473027],[2.17786371],[15.69288226]
[7.55045783],[2.04693066],[11.61437086]
[5.41040673],[1.95216166],[8.06669134]
[3.57926118],[1.76090653],[4.86691345]
[2.16996744],[1.38584374],[3.20611094]
[3.70145654],[0.91168545],[2.40891778]
[4.33606014],[0.95573294],[3.10579501]
[4.59362489],[0.99504335],[3.44790185]
[4.73732298],[1.02801908],[3.71766205]
[5.03955133],[1.07652691],[4.04622003]
[5.23754251],[1.20042512],[4.42902913]
[5.34447879],[1.29851029],[4.95807669]
[5.44639754],[1.34620131],[5.33227519]
[5.58474179],[1.41270137],[5.62704639]
[5.82957811],[1.44638866],[5.96827861]
[5.81356912],[1.48589994],[6.06386562]
[5.89159665],[1.50810814],[6.29065318]
[5.87426271],[1.52677521],[6.36282281]
[5.88970331],[1.53997704],[6.45859135]
[5.84300446],[1.55521752],[6.50849136]
[5.81882525],[1.5678711],[6.59316747]
[5.79877895],[1.5729334],[6.61962289]
[5.78060465],[1.57828724],[6.70077075]
[5.76515418],[1.57981822],[6.73670694]
[5.73140031],[1.57705197],[6.8316146]
[5.76628374],[1.57041216],[6.83077743]
[5.74136154],[1.56553603],[6.80744075]
[5.69370916],[1.55827295],[6.67935671]
[5.62947181],[1.55295257],[6.61841639]
[5.613041],[1.54650809],[6.50736714]
[5.54993445],[1.54021544],[6.45375039]
[5.58783701],[1.53646525],[6.3773068]
[5.51784191],[1.53710435],[6.35379351]
[5.52252989],[1.53759817],[6.2645748]
[5.47147738],[1.53813618],[6.24358993]
[5.45491963],[1.53859149],[6.13845378]
[5.39007595],[1.53905686],[6.10461495]
[5.37157779],[1.53915664],[6.02922768]
[5.29165125],[1.54017057],[5.93972883]
[5.24232621],[1.53926124],[5.8540058]
[5.18932308],[1.5303717],[5.75048582]
[5.13712486],[1.52312048],[5.63554576]
[5.07190803],[1.51660716],[5.54168528]
[5.00821247],[1.50988687],[5.43358332]
[4.91837597],[1.5023761],[5.30113545]
[4.80919249],[1.49608118],[5.165752]
[4.68734157],[1.48974758],[5.03039252]
[4.53366422],[1.48223263],[4.93358562]
[4.32824233],[1.47163875],[4.81522662]
[4.17021915],[1.46331981],[4.72864918]
[4.13793947],[1.42360547],[4.6664728]
[4.11045513],[1.3817406],[4.62801645]
[4.0758531],[1.34181872],[4.5434552]
[4.04675036],[1.30038774],[4.45798908]
[11.07949554],[2.45515711],[20.30518442]
[9.35500661],[2.2071476],[16.02107052]
[7.51348456],[2.08014197],[11.9401932]
[5.33400341],[1.98830405],[8.19325833]
[3.63314933],[1.78227965],[4.9704683]
[2.21477171],[1.40192899],[3.33436936]
[3.72017103],[0.92190226],[2.50761753]
[4.35829306],[0.96618657],[3.16764909]
[4.63185772],[1.00521049],[3.52732238]
[4.76559597],[1.04755516],[3.79932151]
[5.10488366],[1.17644111],[4.20303024]
[5.28404096],[1.31586743],[4.71468681]
[5.38293202],[1.40219963],[5.30389161]
[5.50281622],[1.44226662],[5.67070325]
[5.69194455],[1.50185911],[6.02242152]
[5.89453298],[1.53054487],[6.39311161]
[5.88791299],[1.56597147],[6.54628881]
[5.94923302],[1.57641869],[6.767846]
[5.94202703],[1.59293745],[6.88950206]
[5.958022],[1.60741912],[7.0350871]
[5.93645737],[1.62996707],[7.06443694]
[5.91077257],[1.64881409],[7.20553708]
[5.94079309],[1.66227407],[7.24772047]
[5.9722142],[1.66754294],[7.35498081]
[5.96578085],[1.67820868],[7.41308763]
[5.97088431],[1.67510785],[7.50030676]
[5.97132827],[1.70126774],[7.52459546]
[5.96510466],[1.70997549],[7.50686757]
[5.91179317],[1.69099113],[7.38833264]
[5.86823386],[1.67821827],[7.30636236]
[5.8387072],[1.65979671],[7.19759675]
[5.7908536],[1.64188242],[7.12167153]
[5.80787197],[1.62308587],[7.07177729]
[5.7435877],[1.60572669],[7.00836272]
[5.75364671],[1.60517422],[6.95031928]
[5.67391834],[1.60384469],[6.88129309]
[5.67390706],[1.60300479],[6.81100625]
[5.57863461],[1.60222663],[6.74364159]
[5.5758335],[1.60060671],[6.67700582]
[5.4648229],[1.59992613],[6.55754235]
[5.40399409],[1.5982891],[6.45762492]
[5.34336597],[1.59027523],[6.36124245]
[5.27790955],[1.58435454],[6.24980125]
[5.21085388],[1.57597899],[6.14065038]
[5.16013401],[1.56765785],[6.01953426]
[5.06039917],[1.55881761],[5.91527032]
[4.92591805],[1.55118863],[5.8110058]
[4.82151095],[1.5442354],[5.71710852]
[4.71228829],[1.53545444],[5.62036228]
[4.57751552],[1.52477741],[5.52609511]
[4.4504096],[1.51448292],[5.44564106]
[4.31702902],[1.48048368],[5.35953125]
[4.1521294],[1.44396711],[5.2556523]
[4.12198933],[1.40884118],[5.17655003]
[4.09327136],[1.37292961],[5.09841841]
[11.23584536],[2.50751603],[20.82542006]
[9.42142888],[2.24373597],[16.54483376]
[7.42556638],[2.1272086],[12.20837711]
[5.32428384],[2.02522449],[8.32370048]
[3.62876356],[1.81233665],[4.97572639]
[2.20782205],[1.42249774],[3.32855143]
[3.70577566],[0.9291842],[2.52616987]
[4.34901239],[0.9751473],[3.19954964]
[4.66072626],[1.01484827],[3.59874317]
[4.7881454],[1.06600345],[3.87885645]
[5.16118489],[1.28278173],[4.42325284]
[5.32664867],[1.41409617],[5.06272041]
[5.42244416],[1.49759508],[5.64307086]
[5.63885772],[1.53092346],[6.07481222]
[5.81023041],[1.58359925],[6.51686204]
[5.9631711],[1.60864133],[6.86662558]
[5.96484174],[1.64983179],[7.05689773]
[6.0038894],[1.66799082],[7.34001921]
[6.00953451],[1.69704694],[7.51885217]
[6.0419713],[1.71548415],[7.75695077]
[6.08423624],[1.73627065],[7.8347387]
[6.10840657],[1.75455652],[7.93956545]
[6.12174952],[1.76691437],[8.0291271]
[6.15017343],[1.80105325],[8.12784814]
[6.12606347],[1.82174606],[8.20600577]
[6.13426251],[1.83797144],[8.27497395]
[6.11935271],[1.85896914],[8.31462054]
[6.12001919],[1.86315428],[8.31437753]
[6.06915478],[1.83926201],[8.19713937]
[6.03485773],[1.82070274],[8.0990126]
[6.00370962],[1.79971355],[7.98066443]
[5.97052538],[1.78281053],[7.88584142]
[5.96810939],[1.77790965],[7.82220893]
[5.93018115],[1.75002918],[7.73373037]
[5.9224319],[1.74566746],[7.6708461]
[5.87323827],[1.71817697],[7.571472]
[5.84843637],[1.71708855],[7.49893914]
[5.78907342],[1.69397056],[7.40392829]
[5.76277713],[1.67908386],[7.34060516]
[5.68778584],[1.66392504],[7.21133982]
[5.6263818],[1.65446782],[7.10390891]
[5.57283037],[1.65054524],[6.98646481]
[5.51720205],[1.64174484],[6.84663856]
[5.45186699],[1.61987943],[6.7089052]
[5.39678997],[1.61070994],[6.62883416]
[5.28054237],[1.60094924],[6.48419131]
[5.09943284],[1.59322816],[6.33693919]
[4.97296917],[1.58470465],[6.20362938]
[4.84469475],[1.57546646],[6.11355039]
[4.74523888],[1.56458039],[6.01866327]
[4.65374881],[1.55461098],[5.93450308]
[4.56327173],[1.52712143],[5.8392814]
[4.44511662],[1.49433344],[5.734996]
[4.30741262],[1.46140709],[5.62734768]
[4.17323949],[1.42789858],[5.48141603]
[11.54270773],[2.57175054],[21.60586465]
[9.7579412],[2.27980221],[17.01595386]
[7.56012753],[2.16992287],[12.65549038]
[5.45261651],[2.05258551],[8.52395497]
[3.59063341],[1.83571426],[5.07431197]
[2.17413073],[1.4319268],[3.4185866]
[3.73385996],[0.94218804],[2.60401235]
[4.38200496],[0.98865561],[3.27951007]
[4.71047316],[1.02773858],[3.70460674]
[4.93237893],[1.13109787],[4.02738932]
[5.24013771],[1.37467237],[4.72588718]
[5.38456122],[1.50223856],[5.441642]
[5.47667883],[1.5795957],[5.9773552]
[5.780085],[1.60684578],[6.47464401]
[5.92784584],[1.67019556],[7.0073819]
[6.03792558],[1.71405156],[7.42823196]
[6.04444826],[1.77584661],[7.7075159]
[6.0722075],[1.7785521],[8.03137154]
[6.11415341],[1.80561676],[8.29610128]
[6.25166402],[1.83197373],[8.60302213]
[6.27015099],[1.87767261],[8.76186903]
[6.28633824],[1.90996542],[8.83854614]
[6.26344182],[1.94378984],[8.97389414]
[6.28681568],[1.97194148],[9.0140756]
[6.25026354],[1.98360525],[9.10774966]
[6.26020663],[1.98888567],[9.16263776]
[6.23193311],[1.99540998],[9.17201897]
[6.2593671],[1.99183901],[9.16257818]
[6.18315841],[1.96610843],[9.01405922]
[6.18875007],[1.94549617],[8.91711588]
[6.11767593],[1.92230842],[8.75910774]
[6.12214631],[1.90195068],[8.65365133]
[6.08942578],[1.88899117],[8.56970795]
[6.08401772],[1.86239223],[8.4777841]
[6.04573012],[1.85171256],[8.39206422]
[6.02624153],[1.82467957],[8.2783742]
[5.97597208],[1.81923525],[8.18642735]
[5.94959474],[1.7966838],[8.07757595]
[5.89950296],[1.78104459],[7.99905449]
[5.84559791],[1.76760925],[7.85783981]
[5.78234725],[1.75413356],[7.73669053]
[5.73368797],[1.741897],[7.61000513]
[5.68492879],[1.72594018],[7.46306286]
[5.62568784],[1.70760008],[7.29411698]
[5.57266078],[1.66507736],[7.17155391]
[5.48890282],[1.64725205],[6.99236076]
[5.34979195],[1.64043634],[6.79292114]
[5.21003399],[1.63402708],[6.6174483]
[5.05102071],[1.62687846],[6.49137672]
[4.91314502],[1.59581625],[6.36254491]
[4.78969045],[1.584307],[6.26635821]
[4.71947985],[1.55928053],[6.1874294]
[4.63604173],[1.53014519],[6.10602208]
[4.54152825],[1.50081125],[5.99712325]
[4.43560507],[1.46860226],[5.85499484]
[11.93118854],[2.60185571],[21.71921296]
[9.35175346],[2.30758237],[16.79889121]
[7.68226856],[2.19485857],[11.94254674]
[5.58334811],[2.06951207],[8.10100932]
[3.57424581],[1.79460815],[4.63880803]
[2.32452754],[1.31661863],[3.10270958]
[3.77195263],[0.95735648],[2.63595674]
[4.41585142],[1.00406384],[3.38703583]
[4.73855073],[1.05084825],[3.8222656]
[5.02068943],[1.26998425],[4.23998899]
[5.29040366],[1.46318193],[5.04616604]
[5.42126716],[1.58290677],[5.81091659]
[5.53384244],[1.67488481],[6.35776752]
[5.8682256],[1.72383017],[6.97238339]
[5.97737138],[1.80284668],[7.58418342]
[6.06820334],[1.84292924],[8.08124941]
[6.0964646],[1.91545772],[8.40995505]
[6.13631003],[1.9159251],[8.87047801]
[6.28788544],[1.95029065],[9.22602734]
[6.39420647],[2.00670505],[9.57345502]
[6.39353526],[2.04770095],[9.76719324]
[6.41073267],[2.0704891],[9.86332096]
[6.36989109],[2.10747757],[9.98294608]
[6.40388689],[2.12446705],[10.0161412]
[6.34831685],[2.13220871],[10.12997715]
[6.41336843],[2.13824336],[10.12081494]
[6.3524182],[2.13280431],[10.12238175]
[6.41508289],[2.11936221],[10.12487026]
[6.32918225],[2.08792158],[9.98180978]
[6.36454022],[2.06409521],[9.8690118]
[6.26943348],[2.03656161],[9.65658214]
[6.29898931],[2.01211959],[9.53543492]
[6.24730134],[1.99385658],[9.40512533]
[6.26288709],[1.96842552],[9.30133505]
[6.19709489],[1.95312767],[9.16726574]
[6.1986678],[1.92801947],[9.05367416]
[6.12264038],[1.91723301],[8.92226198]
[6.12273289],[1.89575515],[8.8143968]
[6.04231086],[1.88025129],[8.69685114]
[6.02265088],[1.86642953],[8.57137896]
[5.93965349],[1.85269624],[8.43614695]
[5.88890967],[1.84086908],[8.30436068]
[5.83666981],[1.82603646],[8.14708229]
[5.77416409],[1.8107617],[7.93234688]
[5.71767437],[1.77063866],[7.7687211]
[5.63890968],[1.72564769],[7.54485543]
[5.50816131],[1.69231635],[7.29540478]
[5.40018145],[1.68542686],[7.0558094]
[5.28918401],[1.67619566],[6.91758833]
[5.1598204],[1.64653342],[6.76567853]
[5.01488595],[1.61737814],[6.63146579]
[4.879521],[1.59333589],[6.52731294]
[4.76794479],[1.56634365],[6.43054715]
[4.69704343],[1.53908993],[6.32464771]
[4.62883232],[1.50907477],[6.19161007]
[13.17807709],[2.63297477],[22.6908214]
[9.70779958],[2.34426514],[17.51367199]
[7.96993518],[2.22156268],[12.46643828]
[5.89085674],[2.09310279],[8.43322045]
[3.68273553],[1.83490609],[4.95861635]
[2.37371856],[1.40894869],[3.38960782]
[3.79141188],[0.97106763],[2.75679859]
[4.4426082],[1.01454846],[3.45660631]
[4.79871918],[1.07512229],[3.93370189]
[5.11670476],[1.3899083],[4.51783326]
[5.35067006],[1.5483625],[5.48979865]
[5.4947279],[1.679559],[6.22197385]
[5.6722199],[1.7792914],[6.80197103]
[5.96212747],[1.84084867],[7.54298252]
[6.06041142],[1.91247284],[8.21569903]
[6.14359029],[1.97260484],[8.85634019]
[6.21317379],[2.05249672],[9.31105317]
[6.34415393],[2.05700241],[9.78100139]
[6.44358247],[2.09483908],[10.16713234]
[6.52539653],[2.15644805],[10.59052546]
[6.51312453],[2.22760832],[10.87864776]
[6.5427247],[2.2650603],[11.01953746]
[6.46897368],[2.3089112],[11.14933523]
[6.561051],[2.31989029],[11.20029974]
[6.48803572],[2.32509748],[11.2661277]
[6.573889],[2.32930891],[11.26011699]
[6.49345514],[2.32462872],[11.24609395]
[6.60936131],[2.30251672],[11.21704504]
[6.4771239],[2.24485052],[11.07903385]
[6.57075233],[2.20106556],[10.95316119]
[6.4210008],[2.15001189],[10.65143535]
[6.50043684],[2.12099964],[10.52611816]
[6.4204791],[2.09583706],[10.32485282]
[6.45770602],[2.06961732],[10.21524059]
[6.36016264],[2.04796188],[10.04062456]
[6.38847746],[2.02407714],[9.9442943]
[6.27539889],[2.01070311],[9.77631615]
[6.30909173],[1.98980895],[9.69193104]
[6.19344175],[1.97516497],[9.53766958]
[6.19761009],[1.96226045],[9.42168696]
[6.10091363],[1.94928075],[9.23963689]
[6.05212825],[1.93671715],[9.08049787]
[6.00123633],[1.92191539],[8.90117812]
[5.94072265],[1.90668173],[8.67730496]
[5.88610534],[1.86886092],[8.46710053]
[5.81738108],[1.82711724],[8.20144151]
[5.69990534],[1.78724093],[7.90981244]
[5.56986917],[1.74640284],[7.65138878]
[5.44876439],[1.72806708],[7.47066141]
[5.35310123],[1.70379546],[7.30074425]
[5.24903756],[1.68101519],[7.17442218]
[5.13039533],[1.65655157],[7.02653145]
[4.97074315],[1.62947184],[6.84375748]
[4.83487367],[1.6010277],[6.70162622]
[4.75440798],[1.57191694],[6.57094135]
[14.72615675],[2.66910292],[24.55152128]
[11.26244314],[2.38648909],[18.68640536]
[8.11683766],[2.25208183],[12.98542007]
[6.05576392],[2.12620781],[8.7503954]
[3.7429052],[1.88574937],[5.14866365]
[2.34753925],[1.4498663],[3.46339621]
[3.76564312],[0.97818197],[2.77104939]
[4.42070679],[1.0198878],[3.46759958]
[4.8252634],[1.08934612],[3.98733417]
[5.14992013],[1.44495122],[4.66345574]
[5.37056454],[1.59711137],[5.68501979]
[5.52585383],[1.7502021],[6.47812328]
[5.74202073],[1.85597893],[7.14999631]
[5.99850284],[1.93369047],[7.94562955]
[6.08861963],[2.01736355],[8.75373233]
[6.18560976],[2.09276566],[9.49509114]
[6.31031416],[2.16343539],[9.98481274]
[6.42501827],[2.17537725],[10.4838821]
[6.50165418],[2.26470754],[10.98820609]
[6.57619857],[2.34443675],[11.50255356]
[6.5588729],[2.43215144],[11.89005828]
[6.627989],[2.47193149],[12.08732083]
[6.54745443],[2.50658437],[12.24762175]
[6.65670328],[2.51263342],[12.33601957]
[6.5768934],[2.5095617],[12.38732944]
[6.71207183],[2.50565849],[12.42341043]
[6.61189726],[2.50198831],[12.42021565]
[6.7319781],[2.48900466],[12.39481166]
[6.63476774],[2.42682606],[12.31422786]
[6.69817407],[2.37348494],[12.11406101]
[6.59920779],[2.31246814],[11.85994683]
[6.64003218],[2.26534427],[11.65004516]
[6.58576441],[2.215841],[11.41201482]
[6.60292086],[2.17885237],[11.26362745]
[6.53007525],[2.15272316],[11.04115279]
[6.54223293],[2.12600064],[10.90032702]
[6.45711722],[2.10740534],[10.68336069]
[6.47410933],[2.086607],[10.5885999]
[6.37728529],[2.07036246],[10.40172281]
[6.37114018],[2.05857946],[10.30136785]
[6.28459287],[2.04673312],[10.09238519]
[6.23631648],[2.03510798],[9.93150928]
[6.18556425],[2.02176258],[9.73923879]
[6.12699443],[2.0079362],[9.50815787]
[6.06978502],[1.97234844],[9.2702712]
[6.00406858],[1.93420599],[9.00039916]
[5.89494036],[1.89751701],[8.65711003]
[5.75873091],[1.85998605],[8.27665316]
[5.63116664],[1.82131248],[8.0303677]
[5.50309192],[1.77878183],[7.79940065]
[5.40080293],[1.73831898],[7.62052852]
[5.31039867],[1.70399092],[7.45351303]
[5.20004142],[1.67956953],[7.28447008]
[5.07229899],[1.65413622],[7.08912352]
[4.92446835],[1.62806211],[6.89415498]
