meltWidth,meltDepth,meltArea
[0.],[0.],[0.]
[0.],[0.],[0.]
[0.],[0.],[0.]
[0.],[0.],[0.]
[0.],[0.],[0.]
[0.],[0.],[0.]
[0.],[0.],[0.]
[0.],[0.],[0.]
[0.],[0.],[0.]
[0.],[0.],[0.]
[0.],[0.],[0.]
[0.],[0.],[0.]
[0.],[0.],[0.]
[0.],[0.],[0.]
[0.],[0.],[0.]
[0.],[0.],[0.]
[0.],[0.],[0.]
[0.],[0.],[0.]
[0.],[0.],[0.]
[0.],[0.],[0.]
[0.],[0.],[0.]
[0.],[0.],[0.]
[0.],[0.],[0.]
[0.],[0.],[0.]
[0.],[0.],[0.]
[0.],[0.],[0.]
[0.],[0.],[0.]
[0.],[0.],[0.]
[0.],[0.],[0.]
[0.],[0.],[0.]
[0.],[0.],[0.]
[0.],[0.],[0.]
[0.],[0.],[0.]
[0.],[0.],[0.]
[0.],[0.],[0.]
[0.],[0.],[0.]
[0.],[0.],[0.]
[0.],[0.],[0.]
[0.],[0.],[0.]
[0.],[0.],[0.]
[0.],[0.],[0.]
[0.],[0.],[0.]
[0.],[0.],[0.]
[0.],[0.],[0.]
[0.],[0.],[0.]
[0.],[0.],[0.]
[0.],[0.],[0.]
[0.],[0.],[0.]
[0.],[0.],[0.]
[0.],[0.],[0.]
[0.],[0.],[0.]
[0.],[0.],[0.]
[0.],[0.],[0.]
[0.],[0.],[0.]
[0.],[0.],[0.]
[0.],[0.],[0.]
[0.],[0.],[0.]
[0.],[0.],[0.]
[0.54135865],[0.08020611],[0.02094993]
[1.09122888],[0.16763695],[0.12831994]
[1.21398057],[0.23233313],[0.16805746]
[1.33301482],[0.2846347],[0.27101943]
[1.41602098],[0.32415496],[0.29687353]
[1.4871192],[0.35726918],[0.37584525]
[1.5902459],[0.36450937],[0.37668587]
[1.57132682],[0.36518812],[0.40374819]
[1.86395266],[0.36239134],[0.44387429]
[1.87732897],[0.35443798],[0.45766475]
[1.96511714],[0.35102428],[0.47707761]
[1.98105607],[0.34656678],[0.49120958]
[2.02075715],[0.3441432],[0.50170196]
[2.02848909],[0.3457626],[0.51068073]
[2.05389854],[0.35952645],[0.52279284]
[2.10415938],[0.37087154],[0.55012569]
[2.13655761],[0.3795495],[0.55828632]
[2.14061665],[0.37743354],[0.56144539]
[2.13732403],[0.37645189],[0.5512602]
[2.14846663],[0.37266002],[0.56094335]
[2.15126781],[0.37103063],[0.55623664]
[2.15979788],[0.36989771],[0.56122015]
[2.15382308],[0.37254447],[0.55911288]
[2.15131198],[0.37453475],[0.56569123]
[2.15418201],[0.37783437],[0.56669003]
[2.15377975],[0.37812432],[0.56830894]
[2.15082606],[0.37798447],[0.5691356]
[2.19291837],[0.3801422],[0.5753869]
[2.16645811],[0.3773749],[0.57609956]
[2.19780674],[0.37805222],[0.57305204]
[2.16287016],[0.37823598],[0.5677654]
[2.16317823],[0.37992225],[0.56821857]
[2.1647731],[0.3802008],[0.56825809]
[2.16287159],[0.38049395],[0.56772475]
[2.1682946],[0.37986303],[0.5662624]
[2.17271268],[0.37691592],[0.56343772]
[2.17668632],[0.37455306],[0.55904835]
[2.17949662],[0.37345854],[0.55475897]
[2.17130604],[0.37235513],[0.54581289]
[2.16164151],[0.3716752],[0.5391917]
[2.14723519],[0.37005193],[0.52940758]
[2.14411454],[0.36903187],[0.52100067]
[2.13645161],[0.36844261],[0.51321215]
[2.13254327],[0.36744483],[0.5059073]
[2.12731624],[0.36589537],[0.49705813]
[2.11970139],[0.36565848],[0.48697972]
[2.11440309],[0.36395172],[0.4784211]
[2.10828956],[0.3586939],[0.46795854]
[2.10334798],[0.35450683],[0.45922924]
[2.09862199],[0.35119998],[0.45184035]
[0.],[0.],[0.]
[0.],[0.],[0.]
[0.],[0.],[0.]
[0.],[0.],[0.]
[0.60636954],[0.34479792],[0.10318013]
[0.92199221],[0.51251765],[0.23451874]
[1.34217682],[0.56845988],[0.40311176]
[1.5200025],[0.59166473],[0.46125666]
[1.49993235],[0.62035996],[0.53767647]
[1.87973586],[0.64134164],[0.71113137]
[1.89371774],[0.65850618],[0.74269454]
[2.12390874],[0.66951019],[0.91119335]
[2.16073059],[0.68597685],[0.94765621]
[2.20053389],[0.70075622],[1.01785891]
[2.22353731],[0.69881124],[1.04902665]
[2.23453764],[0.69420949],[1.05774473]
[2.25533345],[0.69728188],[1.07658653]
[2.25933768],[0.70353332],[1.0931831]
[2.28289653],[0.71053369],[1.11644113]
[2.27814583],[0.71916248],[1.11812418]
[2.3097548],[0.726919],[1.16405366]
[2.2945825],[0.73471116],[1.13884865]
[2.33321185],[0.7421627],[1.19480904]
[2.31022668],[0.74919106],[1.15380478]
[2.34673833],[0.75114782],[1.21560341]
[2.30948083],[0.75163249],[1.16089444]
[2.34271734],[0.75326759],[1.21559572]
[2.30234707],[0.75567344],[1.16297606]
[2.33423352],[0.75579297],[1.21899645]
[2.29825457],[0.75695433],[1.16574072]
[2.33301838],[0.75969418],[1.21818291]
[2.3011379],[0.75960351],[1.17355748]
[2.34000577],[0.77374622],[1.20868943]
[2.31399065],[0.76511067],[1.19683552]
[2.34381328],[0.76802779],[1.21072077]
[2.3174897],[0.76882987],[1.20524183]
[2.31873217],[0.77197631],[1.20866318]
[2.32102344],[0.77728658],[1.21534724]
[2.32312308],[0.77791924],[1.2197881]
[2.32582296],[0.78076517],[1.22303984]
[2.32863917],[0.78291631],[1.22780658]
[2.32932558],[0.77508529],[1.2227215]
[2.33076947],[0.76536181],[1.21462456]
[2.33049873],[0.75950642],[1.20518869]
[2.33149018],[0.75233543],[1.19638547]
[2.33230559],[0.7461951],[1.18984756]
[2.33455091],[0.73991263],[1.18111315]
[2.33823584],[0.73259546],[1.17526213]
[2.34226216],[0.72619175],[1.17066976]
[2.34724192],[0.72010484],[1.16630871]
[2.35068769],[0.71484353],[1.16029448]
[2.35201464],[0.70779268],[1.15077273]
[2.34895553],[0.69700012],[1.13613899]
[2.34975899],[0.68305741],[1.11989392]
[2.34847434],[0.66206553],[1.10023183]
[0.],[0.],[0.]
[0.],[0.],[0.]
[0.],[0.],[0.]
[0.],[0.],[0.]
[0.5395991],[0.27334022],[0.07257971]
[0.93683861],[0.47734853],[0.22179683]
[1.3596867],[0.56108581],[0.41603426]
[1.63565177],[0.61192934],[0.52955072]
[1.55411427],[0.63629021],[0.58108609]
[1.99799537],[0.67562298],[0.79960375]
[2.0944395],[0.72216728],[0.90667045]
[2.23326376],[0.7359252],[1.06092274]
[2.27843311],[0.74039594],[1.102886]
[2.29024048],[0.74428342],[1.14474796]
[2.3182889],[0.74881944],[1.17991862]
[2.31591542],[0.7540375],[1.18357457]
[2.35090678],[0.76083859],[1.2206151]
[2.33642485],[0.76544967],[1.2100106]
[2.38343078],[0.7711213],[1.26455518]
[2.35134199],[0.77687426],[1.22798117]
[2.4218441],[0.7841681],[1.30805764]
[2.39645667],[0.78967945],[1.25555101]
[2.45893744],[0.80095635],[1.34240473]
[2.50520669],[0.81085865],[1.29896436]
[2.56390031],[0.81885445],[1.39524074]
[2.55116854],[0.81968098],[1.32783107]
[2.58788909],[0.82266481],[1.40588454]
[2.53935751],[0.82716686],[1.32621951]
[2.52143356],[0.82831514],[1.38865139]
[2.46842458],[0.83084923],[1.30912036]
[2.48803909],[0.83561684],[1.37838084]
[2.44362229],[0.83648184],[1.31288008]
[2.54316716],[0.84418793],[1.37567289]
[2.47290615],[0.84376222],[1.3526209]
[2.52179959],[0.8464976],[1.3717934]
[2.4730136],[0.84778302],[1.36216118]
[2.46248301],[0.85090452],[1.36081069]
[2.46105459],[0.8557265],[1.36495426]
[2.4527149],[0.85705068],[1.36891297]
[2.45819054],[0.85991358],[1.37031662]
[2.45401114],[0.86148978],[1.36769462]
[2.44842894],[0.85762585],[1.36025059]
[2.44510253],[0.84977053],[1.35008506]
[2.44451735],[0.84371532],[1.33625263]
[2.45174444],[0.83894389],[1.33233193]
[2.45153013],[0.83068897],[1.32574536]
[2.46742173],[0.82425993],[1.31947569]
[2.47629726],[0.81828497],[1.31394516]
[2.48392913],[0.81094088],[1.30742428]
[2.49211677],[0.8025163],[1.29944717]
[2.49785267],[0.7951756],[1.28769897]
[2.50285806],[0.78524418],[1.2757377]
[2.49489436],[0.77591519],[1.26252832]
[2.50020507],[0.76071814],[1.24522036]
[2.49948431],[0.74279046],[1.22526871]
[0.],[0.],[0.]
[0.],[0.],[0.]
[0.],[0.],[0.]
[0.],[0.],[0.]
[0.37808668],[0.14931685],[0.02748804]
[0.96523882],[0.4153396],[0.1986931]
[1.39245501],[0.50583714],[0.39346588]
[1.7703252],[0.56453623],[0.55147189]
[1.84018998],[0.6450708],[0.68600528]
[2.1108922],[0.71255132],[0.93083698]
[2.18863216],[0.74689534],[1.02349929]
[2.2667478],[0.75063357],[1.11940403]
[2.32352278],[0.76737877],[1.18610111]
[2.3191996],[0.78334845],[1.20768656]
[2.37649867],[0.78620058],[1.27947044]
[2.36506885],[0.78945271],[1.25527981]
[2.45149084],[0.79360897],[1.33563352]
[2.43481892],[0.79794442],[1.30630524]
[2.50277113],[0.81348658],[1.39507413]
[2.48530186],[0.83191926],[1.35823987]
[2.5459222],[0.84916119],[1.45966952]
[2.53312793],[0.85941594],[1.41065678]
[2.58454349],[0.87068],[1.49457467]
[2.56113179],[0.87958482],[1.42705009]
[2.60505991],[0.88649546],[1.50799392]
[2.58251001],[0.88755476],[1.44759293]
[2.61259281],[0.8902681],[1.50693045]
[2.58432477],[0.89431705],[1.44765265]
[2.60458937],[0.89544081],[1.51069433]
[2.58334837],[0.89768853],[1.45138328]
[2.60236466],[0.90199193],[1.50665117]
[2.58326102],[0.90274079],[1.46217981]
[2.63857524],[0.90302932],[1.50004567]
[2.60986754],[0.90624394],[1.49483634]
[2.64089441],[0.90741953],[1.5038029]
[2.60698684],[0.90875587],[1.48869046]
[2.59123797],[0.91055928],[1.48611583]
[2.59038014],[0.91208517],[1.48774749]
[2.58268624],[0.91385489],[1.49130072]
[2.58655505],[0.91531583],[1.49197712]
[2.58099964],[0.915178],[1.48397832]
[2.57091659],[0.91098732],[1.46997048]
[2.55979483],[0.90660418],[1.45390047]
[2.55845547],[0.90213691],[1.44097477]
[2.556768],[0.89725699],[1.43144228]
[2.54774683],[0.89167337],[1.42221699]
[2.55119466],[0.88557759],[1.41110314]
[2.55121249],[0.88046471],[1.40212939]
[2.55143685],[0.87400305],[1.39514338]
[2.55095145],[0.86636951],[1.38515204]
[2.55216671],[0.85913631],[1.37434847]
[2.55229086],[0.85153003],[1.36538873]
[2.53804044],[0.83166256],[1.34280789]
[2.54008788],[0.81380438],[1.32168632]
[2.53565925],[0.79627144],[1.29812546]
[0.],[0.],[0.]
[0.],[0.],[0.]
[0.],[0.],[0.]
[0.],[0.],[0.]
[0.48860125],[0.17962665],[0.04299093]
[1.28252011],[0.42118505],[0.2801161]
[1.74090612],[0.52249733],[0.52768732]
[2.00427059],[0.61967776],[0.76573019]
[2.09212223],[0.69942485],[0.90651783]
[2.18925198],[0.73678629],[1.04986761]
[2.26902926],[0.7725724],[1.16404466]
[2.3063849],[0.78697524],[1.20746717]
[2.3850836],[0.80463667],[1.2992744]
[2.39565385],[0.81937533],[1.3050059]
[2.4885176],[0.8262231],[1.40826485]
[2.4976043],[0.83562877],[1.39260318]
[2.56906556],[0.85182978],[1.48817243]
[2.56176816],[0.86604436],[1.46545065]
[2.62183589],[0.88373739],[1.55824711]
[2.62356157],[0.90027101],[1.52739637]
[2.67509731],[0.91482936],[1.61702987]
[2.68192597],[0.9231569],[1.58151093]
[2.72682554],[0.93109016],[1.64733164]
[2.71737467],[0.93779347],[1.59519582]
[2.75471472],[0.94248683],[1.66975971]
[2.74006847],[0.9427427],[1.61488363]
[2.75006516],[0.94509141],[1.65959421]
[2.7314689],[0.94675834],[1.60359466]
[2.74564699],[0.94801182],[1.66246981]
[2.72515591],[0.94896836],[1.60537603]
[2.74697343],[0.95033941],[1.66029034]
[2.71762838],[0.95130073],[1.61148674]
[2.77323191],[0.95153458],[1.67050965]
[2.75221807],[0.95378077],[1.66552993]
[2.76647121],[0.95491408],[1.67243266]
[2.74492754],[0.95558422],[1.65295372]
[2.72252468],[0.95627207],[1.6488932]
[2.71917533],[0.95731514],[1.64783859]
[2.70860738],[0.95824159],[1.64694413]
[2.70868097],[0.95915845],[1.64353926]
[2.7038496],[0.95981461],[1.63514052]
[2.69507312],[0.95758823],[1.62445265]
[2.68588941],[0.95491654],[1.60705991]
[2.6799479],[0.95231412],[1.58388711]
[2.6730487],[0.94864702],[1.56487745]
[2.66298498],[0.94476864],[1.5510891]
[2.6635996],[0.94052545],[1.5359241]
[2.66245655],[0.93590743],[1.52233081]
[2.65773274],[0.93149114],[1.50968953]
[2.65109067],[0.92515393],[1.49435219]
[2.64830799],[0.91674253],[1.47684532]
[2.64601247],[0.89921458],[1.45779806]
[2.63274037],[0.86558032],[1.42015764]
[2.62866775],[0.8298138],[1.37613965]
[2.62178512],[0.79664453],[1.31940785]
[0.],[0.],[0.]
[0.],[0.],[0.]
[0.],[0.],[0.]
[0.],[0.],[0.]
[0.77484224],[0.28779676],[0.11019739]
[1.62611489],[0.46588001],[0.47733957]
[2.02845056],[0.57363882],[0.75183178]
[2.10313839],[0.66084766],[0.88695725]
[2.18547015],[0.70970234],[1.02043722]
[2.23251627],[0.75221595],[1.11806763]
[2.3228553],[0.79507744],[1.26038334]
[2.35713788],[0.81073852],[1.31790247]
[2.45370655],[0.83664894],[1.40874877]
[2.48313856],[0.86396258],[1.44559632]
[2.54249284],[0.87601795],[1.53293643]
[2.56921295],[0.88837307],[1.52990464]
[2.63282989],[0.90735578],[1.62177191]
[2.64293899],[0.92049584],[1.60985689]
[2.69913913],[0.93411676],[1.69713728]
[2.71697109],[0.9454185],[1.66455359]
[2.77170523],[0.95627894],[1.76847763]
[2.79790185],[0.96241965],[1.72908699]
[2.83977696],[0.9643279],[1.81034896]
[2.83927322],[0.96327075],[1.73057071]
[2.86426361],[0.96263042],[1.82048416]
[2.86598099],[0.96284658],[1.74542815]
[2.87780388],[0.96398387],[1.81987002]
[2.87082694],[0.9653577],[1.73815114]
[2.86415376],[0.96609644],[1.81781508]
[2.85425738],[0.96690067],[1.73615202]
[2.86075678],[0.96857207],[1.816499]
[2.84095035],[0.96883211],[1.73964102]
[2.88249411],[0.97176686],[1.81265512]
[2.86467923],[0.97096284],[1.79311758]
[2.86992293],[0.97175905],[1.80996146]
[2.84790579],[0.97215146],[1.79005827]
[2.81648616],[0.97272105],[1.78081009]
[2.81030303],[0.97443993],[1.78195714]
[2.80164432],[0.97537282],[1.78624556]
[2.79548352],[0.97670003],[1.78142952]
[2.79107252],[0.97745833],[1.77863505]
[2.78007466],[0.977882],[1.76953523]
[2.76866001],[0.97857847],[1.75433058]
[2.75378811],[0.97783167],[1.73133906]
[2.73293578],[0.97530358],[1.71145806]
[2.70919513],[0.97294816],[1.69219738]
[2.7072016],[0.97106295],[1.6758897]
[2.70394916],[0.96899518],[1.65965346]
[2.69777621],[0.96695375],[1.64512553]
[2.69140285],[0.96185101],[1.62713201]
[2.68613274],[0.94846802],[1.59856167]
[2.6759878],[0.93016103],[1.56378809]
[2.65385236],[0.90766966],[1.5219624]
[2.6477226],[0.88105964],[1.48378168]
[2.63534625],[0.83807111],[1.42909509]
[0.],[0.],[0.]
[0.],[0.],[0.]
[0.],[0.],[0.]
[0.],[0.],[0.]
[1.08749282],[0.32546407],[0.17521514]
[1.82374733],[0.51167892],[0.58043492]
[2.09647602],[0.61093695],[0.82680039]
[2.1594351],[0.67993142],[0.95831495]
[2.25144262],[0.7311781],[1.10440355]
[2.30308345],[0.77957291],[1.22365884]
[2.37998529],[0.83241769],[1.36032861]
[2.41023982],[0.85168433],[1.41818978]
[2.57561114],[0.87566209],[1.5318734]
[2.62459936],[0.9002689],[1.57256887]
[2.67842569],[0.91677449],[1.67356793]
[2.71873226],[0.92896296],[1.67899673]
[2.77963076],[0.94455555],[1.78913338]
[2.81410105],[0.95392968],[1.76470062]
[2.86566398],[0.96023286],[1.86807591]
[2.91673981],[0.96722578],[1.83136241]
[2.96896539],[0.9740873],[1.9487289]
[3.02503862],[0.97832942],[1.90550941]
[3.04159126],[0.97789497],[2.00831102]
[3.06420178],[0.97550561],[1.9341325]
[3.07422095],[0.9749011],[2.03237703]
[3.09717614],[0.97586932],[1.95596162]
[3.09317745],[0.97698938],[2.03448246]
[3.10405802],[0.97806403],[1.94512583]
[3.07301089],[0.97912641],[2.02279586]
[3.07967522],[0.97989038],[1.93247423]
[3.05879881],[0.98097744],[2.01029604]
[3.06248528],[0.98178709],[1.92506139]
[3.05875375],[0.98157024],[1.98531227]
[3.07169651],[0.98371921],[1.96677647]
[3.03926888],[0.98479527],[1.97709147]
[3.04320577],[0.98562264],[1.95583808]
[2.99438226],[0.98643591],[1.94035799]
[2.98263471],[0.98770108],[1.93656411]
[2.96645114],[0.98915207],[1.93521942]
[2.95673019],[0.99054932],[1.93140541]
[2.94961781],[0.99156441],[1.92898709]
[2.93924789],[0.99167396],[1.92565532]
[2.9239301],[0.99195897],[1.91047905]
[2.90309842],[0.99249291],[1.88116897]
[2.86880144],[0.99328841],[1.85566393]
[2.83017421],[0.99391348],[1.82952315]
[2.80325662],[0.99296691],[1.80550859]
[2.77722136],[0.9905851],[1.77792453]
[2.75310534],[0.98745673],[1.75469637]
[2.73324155],[0.97797269],[1.73130032]
[2.71832394],[0.96644472],[1.70168286]
[2.7051794],[0.95159351],[1.66782018]
[2.68107969],[0.93161564],[1.61947926]
[2.66591333],[0.90909954],[1.57092198]
[2.65054965],[0.88367371],[1.53069333]
[0.],[0.],[0.]
[0.],[0.],[0.]
[0.],[0.],[0.]
[0.],[0.],[0.]
[1.33869746],[0.3442527],[0.22833331]
[1.95351544],[0.54651706],[0.64019758]
[2.1197442],[0.62805945],[0.85250475]
[2.20462191],[0.68625842],[1.01051152]
[2.29572224],[0.75719059],[1.16966545]
[2.34844303],[0.80932446],[1.30230298]
[2.42759037],[0.85568782],[1.43910297]
[2.48407568],[0.88084141],[1.5100522]
[2.6924871],[0.91077082],[1.65139421]
[2.75430757],[0.93303279],[1.69235061]
[2.81089263],[0.94661914],[1.82285807]
[2.86691662],[0.95458946],[1.82176474]
[2.92663224],[0.96369548],[1.93798672]
[2.9863448],[0.96996114],[1.9081355]
[3.04638407],[0.97823335],[2.03569843]
[3.12496105],[0.98537374],[2.00459609]
[3.17443716],[0.99329173],[2.15731221]
[3.22944461],[0.99824481],[2.12277224]
[3.23118865],[0.99940748],[2.24524202]
[3.26424455],[0.9984152],[2.18666718]
[3.26609242],[0.99867496],[2.27794135]
[3.30263266],[1.00654774],[2.22058551]
[3.30156444],[1.0008764],[2.28650529]
[3.32028198],[1.00799385],[2.20646892]
[3.2918959],[1.00294511],[2.26794169]
[3.30350353],[1.00900139],[2.19088698]
[3.27616361],[1.00447112],[2.25622352]
[3.29309818],[1.01020815],[2.18905206]
[3.27194165],[1.00358282],[2.23148523]
[3.3025927],[1.01111174],[2.23130707]
[3.24781011],[1.00726734],[2.22542891]
[3.27432293],[1.00810931],[2.21871607]
[3.21595972],[1.00872252],[2.1969003]
[3.20491734],[1.0093079],[2.19450322]
[3.19202714],[1.01057853],[2.19494894]
[3.1797778],[1.01133865],[2.19062622]
[3.17485488],[1.01132449],[2.18849524]
[3.16512744],[1.00991313],[2.18279165]
[3.15243933],[1.00867784],[2.16552032]
[3.14047338],[1.007779],[2.13096709]
[3.10635713],[1.00753275],[2.09149959]
[3.055393],[1.00794493],[2.04868277]
[3.01438177],[1.00832011],[2.01620029]
[2.96907203],[1.00860461],[1.97551987]
[2.91972129],[1.00616742],[1.93094018]
[2.86673499],[0.99481739],[1.88576559]
[2.82109484],[0.98378696],[1.82197253]
[2.78091365],[0.96813098],[1.77710778]
[2.74389005],[0.95285324],[1.73762538]
[2.71922526],[0.93638314],[1.70201624]
[2.69127015],[0.92112817],[1.6567837]
[0.],[0.],[0.]
[0.],[0.],[0.]
[0.],[0.],[0.]
[0.],[0.],[0.]
[1.72032756],[0.42078975],[0.39763209]
[2.04077539],[0.58019319],[0.73660882]
[2.17901355],[0.66920064],[0.95145697]
[2.26734536],[0.73400389],[1.12581763]
[2.35870067],[0.8002403],[1.29198879]
[2.40024168],[0.84735261],[1.41002736]
[2.47878929],[0.89557381],[1.55868137]
[2.64411832],[0.92056195],[1.65532712]
[2.8227437],[0.94422385],[1.80874648]
[2.89316501],[0.95834341],[1.8325424]
[2.9511363],[0.96590132],[1.97877471]
[3.01636768],[0.97275487],[1.96851896]
[3.08036314],[0.98190423],[2.10179296]
[3.1443599],[0.98858527],[2.07019269]
[3.18589288],[0.99704731],[2.20383575]
[3.2641678],[1.00796725],[2.19444157]
[3.29972733],[1.01611738],[2.35642541]
[3.36130633],[1.02894061],[2.34962689]
[3.37580781],[1.0300587],[2.44466305]
[3.40387127],[1.05843405],[2.40176041]
[3.42352964],[1.04190304],[2.47794754]
[3.4473003],[1.06639955],[2.43404318]
[3.46538421],[1.04337294],[2.48476985]
[3.46847531],[1.0677885],[2.42011603]
[3.45384342],[1.04572201],[2.46922549]
[3.44684341],[1.06909458],[2.39925136]
[3.43590286],[1.04795279],[2.45602142]
[3.43410504],[1.07080825],[2.39800858]
[3.43299685],[1.06216954],[2.43170704]
[3.44740735],[1.07192849],[2.44077615]
[3.41441876],[1.06495898],[2.42734194]
[3.42398896],[1.06396727],[2.429186]
[3.38543251],[1.06452621],[2.40392369]
[3.36389796],[1.06525358],[2.40060643]
[3.34802052],[1.0661342],[2.40063895]
[3.33056652],[1.06686808],[2.39335205]
[3.32054229],[1.06787546],[2.38862793]
[3.30547186],[1.06842692],[2.37987845]
[3.28608076],[1.05721827],[2.363753]
[3.27129436],[1.04838055],[2.33256982]
[3.23078391],[1.04073079],[2.30087699]
[3.18215394],[1.0334357],[2.26270728]
[3.13455108],[1.02532828],[2.21834283]
[3.08676217],[1.0255498],[2.16697093]
[3.04025846],[1.02332718],[2.14114385]
[2.99144948],[1.02745825],[2.11606685]
[2.94402762],[1.00307753],[2.02153289]
[2.89641466],[0.98638868],[1.92205859]
[2.84313629],[0.97141382],[1.85988834]
[2.79850962],[0.96610526],[1.81185964]
[2.75484003],[0.97231362],[1.7689586]
[0.],[0.],[0.]
[0.],[0.],[0.]
[0.],[0.],[0.]
[0.],[0.],[0.]
[1.85212601],[0.46357801],[0.50516722]
[2.10627912],[0.61930939],[0.83810626]
[2.24405787],[0.70671282],[1.06059211]
[2.31800393],[0.77679981],[1.23442609]
[2.41472286],[0.83850308],[1.41520529]
[2.44255455],[0.88664744],[1.52103777]
[2.55434801],[0.93212876],[1.68697802]
[2.77443137],[0.94670865],[1.7859034]
[2.95466884],[0.9634482],[1.9602382]
[3.03505196],[0.97698512],[1.98228602]
[3.08877332],[0.98555191],[2.1390288]
[3.14642979],[0.99303665],[2.12912935]
[3.19741751],[1.0034634],[2.27201718]
[3.26600511],[1.0115156],[2.25411612]
[3.29377338],[1.02219375],[2.42822359]
[3.38645584],[1.03414911],[2.4385775]
[3.43980559],[1.04998681],[2.57016464]
[3.48774508],[1.09495329],[2.56779721]
[3.51135498],[1.08680839],[2.64093679]
[3.51729017],[1.11872085],[2.60328639]
[3.53371385],[1.10074883],[2.66438585]
[3.53654799],[1.12635428],[2.61944574]
[3.54774209],[1.10274729],[2.65714709]
[3.54252999],[1.12841316],[2.60100557]
[3.53466237],[1.10505226],[2.64769809]
[3.51797749],[1.13060183],[2.58486905]
[3.51806086],[1.10713031],[2.63937487]
[3.50409862],[1.13263758],[2.58222373]
[3.51587743],[1.12137574],[2.64905885]
[3.5256046],[1.13450282],[2.63753438]
[3.50525509],[1.12517581],[2.66211732]
[3.50787817],[1.12434828],[2.63582374]
[3.47901209],[1.12531123],[2.61294566]
[3.45382167],[1.12635172],[2.61362299]
[3.43836772],[1.12771101],[2.61219411]
[3.42253825],[1.12883722],[2.61559454]
[3.41281952],[1.13022575],[2.61687539]
[3.39797153],[1.13186723],[2.61398872]
[3.37798427],[1.12152495],[2.59954179]
[3.36350884],[1.11508634],[2.54877913]
[3.32290219],[1.10902781],[2.49458501]
[3.26353305],[1.11669391],[2.47184983]
[3.21837043],[1.12836567],[2.44938161]
[3.17024719],[1.13613741],[2.41582669]
[3.12273963],[1.14346423],[2.39364152]
[3.0719378],[1.14430802],[2.39638912]
[3.02291087],[1.1226169],[2.37112135]
[2.97505436],[1.10273371],[2.38079053]
[2.92211258],[1.08357913],[2.29068554]
[2.8666142],[1.07018455],[2.2209838]
[2.81390201],[1.05520869],[2.13377551]
[0.],[0.],[0.]
[0.],[0.],[0.]
[0.],[0.],[0.]
[0.],[0.],[0.]
[1.94158393],[0.50282899],[0.58915823]
[2.17536866],[0.6588355],[0.94827058]
[2.30250975],[0.74939496],[1.16874188]
[2.36382062],[0.81657979],[1.32807274]
[2.46529246],[0.87218322],[1.52160018]
[2.48013494],[0.91336735],[1.61141879]
[2.68354954],[0.95002452],[1.79882526]
[2.93646035],[0.96427758],[1.92406161]
[3.08326068],[0.98091463],[2.09180852]
[3.1601184],[0.99322726],[2.11948436]
[3.19855871],[1.00067781],[2.27874375]
[3.26395723],[1.00932609],[2.28310546]
[3.29921595],[1.02012479],[2.45439069]
[3.39257227],[1.02677067],[2.46094787]
[3.41955442],[1.05459703],[2.5977302]
[3.49005035],[1.08335658],[2.60811543]
[3.53902155],[1.09790538],[2.71779701]
[3.56990618],[1.13972192],[2.72109052]
[3.58523811],[1.1363686],[2.78765105]
[3.58979135],[1.16682012],[2.77218794]
[3.60969764],[1.1510569],[2.83881785]
[3.60726325],[1.1749803],[2.81389213]
[3.62727164],[1.15215002],[2.8611633]
[3.61358885],[1.17599966],[2.80952112]
[3.61412696],[1.15317452],[2.85166281]
[3.59106185],[1.17661071],[2.80382639]
[3.59694163],[1.15391837],[2.85565785]
[3.58088047],[1.17716239],[2.80620838]
[3.60034883],[1.16625579],[2.8944828]
[3.60133055],[1.17762009],[2.87638495]
[3.58923386],[1.16845338],[2.91489015]
[3.58645506],[1.16703555],[2.87779972]
[3.56825357],[1.16728029],[2.85473366]
[3.54026063],[1.16771872],[2.85389415]
[3.52471752],[1.16823469],[2.849814]
[3.50923821],[1.16874837],[2.85291026]
[3.49820224],[1.16927058],[2.8516169]
[3.48493103],[1.17006555],[2.84466388]
[3.46279717],[1.15915917],[2.82303202]
[3.44842395],[1.15234895],[2.75744059]
[3.4107792],[1.14522194],[2.68842744]
[3.35308844],[1.14817634],[2.6270083]
[3.29706062],[1.15890382],[2.58039181]
[3.24645376],[1.16876277],[2.53187091]
[3.20006038],[1.17777423],[2.53361328]
[3.14966447],[1.17886062],[2.54219565]
[3.10452939],[1.15874714],[2.5387406]
[3.05937924],[1.14559225],[2.55198077]
[3.00594142],[1.12855359],[2.47941963]
[2.94761295],[1.10988107],[2.39514394]
[2.89660137],[1.09561416],[2.31149257]
[0.],[0.],[0.]
[0.],[0.],[0.]
[0.],[0.],[0.]
[0.],[0.],[0.]
[2.01713938],[0.51620155],[0.65124351]
[2.21554211],[0.68944989],[1.00968497]
[2.35266874],[0.77616252],[1.24906843]
[2.40343465],[0.83647348],[1.3877953]
[2.50050206],[0.88934714],[1.5816448]
[2.57651155],[0.93421542],[1.69453085]
[2.83842295],[0.96523745],[1.90899838]
[3.06304656],[0.97889453],[2.05152672]
[3.18786021],[0.99662357],[2.20669317]
[3.26062067],[1.01107815],[2.24599221]
[3.2737853],[1.01814757],[2.43024613]
[3.35746101],[1.02387773],[2.4563592]
[3.38176251],[1.04365034],[2.58914062]
[3.46463458],[1.07242583],[2.61788255]
[3.49176223],[1.10282949],[2.72874804]
[3.55920987],[1.13115807],[2.75809579]
[3.61387422],[1.14600272],[2.85744717]
[3.63932301],[1.17770802],[2.88155572]
[3.66067306],[1.17505179],[2.98793314]
[3.65895218],[1.20232539],[3.01033353]
[3.68846282],[1.18448895],[3.07693522]
[3.67783207],[1.20532526],[3.04514813]
[3.70615076],[1.18285489],[3.08097498]
[3.69085081],[1.2067789],[3.0369046]
[3.69426891],[1.18495004],[3.06973889]
[3.67004878],[1.20786231],[3.03517103]
[3.67733015],[1.18577134],[3.076411]
[3.6597636],[1.20872815],[3.03904087]
[3.68593194],[1.19787948],[3.11049702]
[3.67748093],[1.20952368],[3.10161486]
[3.67451635],[1.20065679],[3.12463621]
[3.66223117],[1.19941804],[3.10013454]
[3.6520231],[1.19979784],[3.07779226]
[3.62086966],[1.20017445],[3.07386379]
[3.60642068],[1.20068948],[3.06961167]
[3.59054273],[1.20135892],[3.07013293]
[3.57939702],[1.20196384],[3.06779923]
[3.56718518],[1.20358293],[3.05925985]
[3.54661623],[1.19483208],[3.04081551]
[3.53470831],[1.18874183],[2.99445889]
[3.50328383],[1.18183283],[2.93376695]
[3.44678467],[1.18410495],[2.86267888]
[3.39101162],[1.19412484],[2.80441284]
[3.33943853],[1.2050886],[2.7838252]
[3.27922174],[1.21550728],[2.77554651]
[3.22635576],[1.21734918],[2.76011851]
[3.18557401],[1.20082604],[2.72519856]
[3.14368655],[1.19006425],[2.73039358]
[3.09273385],[1.17776794],[2.67786333]
[3.03297545],[1.15814599],[2.59073311]
[2.98001199],[1.13836036],[2.50157906]
[0.13857548],[0.03331948],[0.00135024]
[0.],[0.],[0.]
[0.],[0.],[0.]
[0.],[0.],[0.]
[2.07247652],[0.56679466],[0.74820481]
[2.26539624],[0.72772325],[1.08969824]
[2.39789338],[0.79765679],[1.31756614]
[2.45354649],[0.85801263],[1.47994301]
[2.54453114],[0.90999857],[1.65015454]
[2.7189794],[0.95604542],[1.80109536]
[2.95807952],[0.98367294],[2.02285668]
[3.15573449],[0.99818712],[2.16660839]
[3.25567995],[1.01383891],[2.30640569]
[3.34078716],[1.02365524],[2.3684611]
[3.33899673],[1.03031842],[2.56105424]
[3.43699735],[1.05056679],[2.61376313]
[3.46387529],[1.08840988],[2.7206708]
[3.54309442],[1.1161644],[2.76654883]
[3.57740044],[1.13575185],[2.85278812]
[3.63899944],[1.16094401],[2.89508231]
[3.70025554],[1.17503169],[3.03290973]
[3.71952948],[1.20441551],[3.09942389]
[3.7426862],[1.20252553],[3.18962829]
[3.74158415],[1.22763562],[3.20882353]
[3.77448605],[1.21259951],[3.27118516]
[3.76489441],[1.23235464],[3.25546667]
[3.79520376],[1.21112641],[3.28273828]
[3.78063342],[1.2338608],[3.25052988]
[3.78551899],[1.21323727],[3.27200677]
[3.76027387],[1.23563068],[3.24816093]
[3.76760383],[1.2148034],[3.27547667]
[3.74858109],[1.23641916],[3.25031883]
[3.7806747],[1.22659563],[3.29179005]
[3.76043095],[1.2368621],[3.29820473]
[3.76716293],[1.22885054],[3.29978182]
[3.74197922],[1.22761545],[3.286886]
[3.74150078],[1.22782209],[3.26532879]
[3.70562984],[1.22801639],[3.25627759]
[3.69047836],[1.22827258],[3.24937095]
[3.67765421],[1.22883061],[3.24323513]
[3.66741317],[1.22981051],[3.23815819]
[3.65637515],[1.23146741],[3.22496366]
[3.6372865],[1.22350727],[3.20699315]
[3.62539768],[1.21802347],[3.1696033]
[3.60023866],[1.21260107],[3.12116343]
[3.5457767],[1.21313739],[3.06642218]
[3.49132815],[1.22321043],[3.0298793]
[3.44097901],[1.23281266],[3.01252908]
[3.38152775],[1.24337998],[2.98459391]
[3.31237781],[1.24526382],[2.95510987]
[3.25705237],[1.2322611],[2.91143596]
[3.20761629],[1.22253484],[2.87650466]
[3.14906113],[1.21034529],[2.7898784]
[3.09049652],[1.19249433],[2.69945456]
[3.03560756],[1.17270168],[2.60255089]
[0.581347],[0.18567212],[0.04989392]
[0.],[0.],[0.]
[0.],[0.],[0.]
[0.],[0.],[0.]
[2.09061999],[0.59845444],[0.79132685]
[2.30048621],[0.74089036],[1.13770467]
[2.42430453],[0.81388995],[1.36792041]
[2.48289815],[0.87509339],[1.55583635]
[2.60934923],[0.92876446],[1.72441498]
[2.81547295],[0.97328398],[1.90254448]
[3.01861008],[0.99639638],[2.11731309]
[3.21637301],[1.00972101],[2.27167516]
[3.29678464],[1.0254021],[2.43101865]
[3.40799198],[1.03401723],[2.5473269]
[3.40440616],[1.07334966],[2.68913053]
[3.50417905],[1.10065547],[2.77089572]
[3.527436],[1.12584102],[2.844181]
[3.60949584],[1.15493649],[2.91549549]
[3.64109708],[1.17109947],[3.04491676]
[3.70712868],[1.19549726],[3.1455467]
[3.76179685],[1.20841425],[3.25585645]
[3.78748912],[1.23724802],[3.32650602]
[3.80505354],[1.23402784],[3.4013266]
[3.8113266],[1.2592139],[3.43379047]
[3.83779957],[1.24518983],[3.47756105]
[3.83509962],[1.26334646],[3.47467872]
[3.86310139],[1.24412154],[3.4835703]
[3.8548041],[1.264594],[3.46534457]
[3.85655667],[1.2465109],[3.47453097]
[3.83366131],[1.26651063],[3.45822616]
[3.8417999],[1.24856349],[3.47494375]
[3.82209222],[1.26782888],[3.45819011]
[3.85834177],[1.2589852],[3.48412416]
[3.8290548],[1.26839274],[3.49170081]
[3.84510368],[1.26101245],[3.48966058]
[3.81130359],[1.2599181],[3.4800484]
[3.81890816],[1.2601964],[3.46128219]
[3.77897661],[1.26045228],[3.44942837]
[3.76415666],[1.26077834],[3.4423004]
[3.75147127],[1.26111319],[3.43677874]
[3.74303988],[1.26209158],[3.43427059]
[3.7350252],[1.26619532],[3.42259767]
[3.71534507],[1.25929992],[3.39877997]
[3.70296274],[1.25421277],[3.36202247]
[3.68212436],[1.25552727],[3.32159554]
[3.63115581],[1.26587397],[3.29802568]
[3.57977609],[1.27464167],[3.28108228]
[3.53043201],[1.28300216],[3.26231552]
[3.47466576],[1.29213187],[3.23165826]
[3.40629469],[1.30105518],[3.19652711]
[3.35385912],[1.29405511],[3.16759837]
[3.29120788],[1.28476124],[3.13053739]
[3.21902937],[1.27407285],[3.05546076]
[3.15965458],[1.26183046],[2.94980768]
[3.10470175],[1.24273181],[2.84917493]
[0.71731106],[0.24859642],[0.08391033]
[0.],[0.],[0.]
[0.],[0.],[0.]
[0.],[0.],[0.]
[2.10210692],[0.61523159],[0.81015267]
[2.32069246],[0.75146399],[1.17271569]
[2.44473493],[0.82411289],[1.40551889]
[2.50128842],[0.88444438],[1.60433703]
[2.67123048],[0.9406964],[1.78605857]
[2.89815801],[0.98251872],[1.98175638]
[3.07532176],[1.00505009],[2.18963057]
[3.26508472],[1.01846738],[2.34481644]
[3.35174673],[1.03422672],[2.5281106]
[3.4734438],[1.06252894],[2.65769246]
[3.47161986],[1.10074354],[2.77953252]
[3.56956651],[1.13150445],[2.91048048]
[3.59481865],[1.15431563],[3.01551317]
[3.67732631],[1.18264721],[3.12396708]
[3.70866159],[1.19972971],[3.22659602]
[3.77361441],[1.22399523],[3.33163885]
[3.82889749],[1.2395707],[3.43701904]
[3.85394612],[1.26549893],[3.51410223]
[3.8715401],[1.26501512],[3.58057192]
[3.87967169],[1.28656364],[3.61649717]
[3.90829388],[1.27884448],[3.65204845]
[3.90672799],[1.29362189],[3.65405718]
[3.93702773],[1.27809276],[3.65758904]
[3.92963292],[1.29493908],[3.64559251]
[3.93463383],[1.27836766],[3.64870376]
[3.90978152],[1.29668449],[3.63675301]
[3.91909413],[1.2800819],[3.64591531]
[3.8981391],[1.29842517],[3.63419753]
[3.94133379],[1.29051078],[3.65960218]
[3.90192134],[1.29953256],[3.66315456]
[3.92814574],[1.29269595],[3.66162228]
[3.88491047],[1.2916683],[3.65092938]
[3.90187294],[1.29194402],[3.63578097]
[3.85770825],[1.29221921],[3.62190708]
[3.84228438],[1.29286763],[3.61529207]
[3.83031058],[1.29316487],[3.61091605]
[3.82141697],[1.2948035],[3.60921378]
[3.8139755],[1.29864134],[3.59701809]
[3.79549521],[1.29225119],[3.57322686]
[3.7848847],[1.28721678],[3.54144815]
[3.76823655],[1.28805906],[3.51130583]
[3.72085823],[1.29797532],[3.47886596]
[3.67105686],[1.30616723],[3.45470592]
[3.62388542],[1.31388821],[3.43026127]
[3.57462889],[1.32199746],[3.39859741]
[3.50847594],[1.33169064],[3.36064318]
[3.45492671],[1.3322756],[3.3268889]
[3.39295997],[1.32326482],[3.28130585]
[3.31702706],[1.3133721],[3.22263517]
[3.24262935],[1.30246692],[3.12323425]
[3.17059719],[1.28320452],[3.03837053]
[1.02330486],[0.33877727],[0.17111208]
[0.],[0.],[0.]
[0.],[0.],[0.]
[0.],[0.],[0.]
[2.13367748],[0.63591777],[0.85880703]
[2.36129889],[0.76810427],[1.24750025]
[2.47044093],[0.83791615],[1.46487308]
[2.55175458],[0.89784435],[1.66603346]
[2.75685845],[0.95614727],[1.86670953]
[2.99866764],[0.99599377],[2.07571006]
[3.149389],[1.01617682],[2.27771245]
[3.33520933],[1.02957742],[2.43455499]
[3.42619857],[1.04528941],[2.62842501]
[3.54480291],[1.09806735],[2.76823522]
[3.55589485],[1.12778277],[2.93681482]
[3.64601565],[1.15858796],[3.09827324]
[3.67710538],[1.18189593],[3.1882654]
[3.75314542],[1.20956006],[3.30060098]
[3.79181753],[1.22659828],[3.40301739]
[3.85339784],[1.25017901],[3.51126675]
[3.91129258],[1.26705717],[3.60466881]
[3.93020565],[1.28961812],[3.68191778]
[3.95191683],[1.31051289],[3.74370895]
[3.96323433],[1.32109493],[3.79025756]
[3.99548909],[1.32539536],[3.81676671]
[3.99824158],[1.32504329],[3.83151233]
[4.02883434],[1.32378636],[3.82551545]
[4.02363133],[1.32130634],[3.83028864]
[4.02761288],[1.32116516],[3.8175697]
[4.0063413],[1.32253867],[3.8216771]
[4.00969064],[1.31650375],[3.81311234]
[3.99334129],[1.3242834],[3.81544995]
[4.03843307],[1.31689423],[3.83575553]
[3.99525054],[1.3259068],[3.8401198]
[4.02589961],[1.31969658],[3.83777472]
[3.97795285],[1.31906477],[3.82764064]
[3.99896815],[1.31935149],[3.81295587]
[3.95133727],[1.31963937],[3.79553149]
[3.93438689],[1.32002037],[3.78607242]
[3.92367495],[1.32078239],[3.78261164]
[3.91537913],[1.32269889],[3.78109195]
[3.90856471],[1.32636514],[3.76897884]
[3.88968488],[1.32022166],[3.7437012]
[3.88117045],[1.31522328],[3.71534226]
[3.86012745],[1.3128909],[3.67832319]
[3.8162807],[1.32224255],[3.64293068]
[3.76682357],[1.32991005],[3.60968033]
[3.71910069],[1.33848749],[3.57865797]
[3.67094679],[1.34605614],[3.54248093]
[3.60693505],[1.35488378],[3.49764375]
[3.54491668],[1.35601854],[3.4431999]
[3.47872002],[1.34678649],[3.3713526]
[3.37617313],[1.33649212],[3.29334739]
[3.24651521],[1.3229015],[3.18473528]
[3.13760925],[1.29581249],[3.09118231]
[1.32081867],[0.42691098],[0.29406337]
[0.],[0.],[0.]
[0.],[0.],[0.]
[0.05953301],[0.00938591],[0.00017528]
[2.15299148],[0.64315512],[0.87972627]
[2.38362864],[0.77759877],[1.29200293]
[2.48661074],[0.84801],[1.51270632]
[2.61895531],[0.91195787],[1.72315387]
[2.82209188],[0.97144284],[1.94064322]
[3.06392347],[1.00820095],[2.15934982]
[3.19840401],[1.02700738],[2.36966832]
[3.39402059],[1.04063683],[2.56855474]
[3.48747684],[1.07490718],[2.74438995]
[3.60122021],[1.13712658],[2.95074545]
[3.62039257],[1.16231441],[3.13489449]
[3.70129037],[1.1933585],[3.28976912]
[3.74050004],[1.21636723],[3.38971055]
[3.80769954],[1.24327092],[3.5054995]
[3.85558516],[1.25942988],[3.60322743]
[3.90695435],[1.28151125],[3.70188255]
[3.97648205],[1.30855399],[3.79418868]
[3.98635901],[1.33669441],[3.87114041]
[4.01760087],[1.3643124],[3.930349]
[4.02874964],[1.37435002],[3.99753795]
[4.06390766],[1.3795566],[4.00810185]
[4.05837189],[1.37899527],[4.03799364]
[4.09166599],[1.37781696],[4.01688759]
[4.09149791],[1.37726226],[4.03094347]
[4.09299286],[1.37717492],[4.01181032]
[4.06744829],[1.37591611],[4.01687472]
[4.07551977],[1.37387202],[4.00818256]
[4.05288659],[1.37341024],[4.01154396]
[4.09897314],[1.36200108],[4.02617573]
[4.0523161],[1.36998461],[4.0339]
[4.0856018],[1.36828813],[4.02922943]
[4.03663222],[1.36765756],[4.01818022]
[4.06031503],[1.36595175],[4.00581365]
[4.01763734],[1.36452445],[3.98720703]
[4.00317334],[1.36687706],[3.98058822]
[3.99262224],[1.36811328],[3.9769521]
[3.9830576],[1.3680124],[3.97450119]
[3.97574938],[1.35842322],[3.96416916]
[3.95815643],[1.35109357],[3.94880913]
[3.94759729],[1.34931129],[3.92822525]
[3.93108432],[1.3574522],[3.90052262]
[3.87333266],[1.36474977],[3.84880619]
[3.81321756],[1.37100338],[3.80123746]
[3.76671124],[1.37634075],[3.76206178]
[3.71887768],[1.38611542],[3.71975471]
[3.65956904],[1.39300123],[3.67017802]
[3.60325207],[1.39392114],[3.61142128]
[3.5189776],[1.38373469],[3.52017401]
[3.39171872],[1.37267193],[3.4272535]
[3.26365083],[1.35762705],[3.35650611]
[3.15719557],[1.33053465],[3.32862609]
[1.24366383],[0.42929768],[0.27733715]
[0.],[0.],[0.]
[0.],[0.],[0.]
[0.19001641],[0.03581359],[0.00304263]
[2.16711717],[0.65091615],[0.90197403]
[2.40429748],[0.78541277],[1.33103582]
[2.5028216],[0.85620756],[1.55356028]
[2.68713713],[0.92602574],[1.77531783]
[2.89604639],[0.98098273],[2.00976855]
[3.12498658],[1.01712615],[2.22818855]
[3.24268356],[1.03475525],[2.45365176]
[3.44984642],[1.05013288],[2.65735552]
[3.54595544],[1.1021865],[2.88708685]
[3.65104803],[1.16307088],[3.10689626]
[3.6756578],[1.18640594],[3.28296411]
[3.74775766],[1.21821985],[3.4315823]
[3.79196577],[1.2433938],[3.53914048]
[3.85120808],[1.26789672],[3.65029106]
[3.90543549],[1.28469313],[3.7469506]
[3.95102949],[1.31133177],[3.8492044]
[4.03142286],[1.34853953],[3.94374779]
[4.03188845],[1.38043251],[4.04252749]
[4.06646246],[1.40546549],[4.10968457]
[4.07014778],[1.41952703],[4.19992347]
[4.10369004],[1.42269356],[4.23970795]
[4.11846601],[1.42233949],[4.31551396]
[4.17192679],[1.41933916],[4.30882132]
[4.19834635],[1.41505657],[4.34009802]
[4.18015775],[1.4109239],[4.25238274]
[4.15714606],[1.40779482],[4.24568898]
[4.13758664],[1.40492634],[4.19036197]
[4.10762984],[1.4038465],[4.1787644]
[4.1380053],[1.40063329],[4.18110785]
[4.07728719],[1.40209172],[4.16695033]
[4.12040095],[1.40116583],[4.1625661]
[4.06478805],[1.40052342],[4.14747439]
[4.09326272],[1.39956847],[4.13348029]
[4.05157859],[1.39970045],[4.11297544]
[4.03957943],[1.40171723],[4.10249573]
[4.03051172],[1.40391103],[4.09817391]
[4.02170636],[1.40507815],[4.09493116]
[4.01533247],[1.3953532],[4.08135887]
[4.00014775],[1.38209075],[4.05982028]
[3.98885956],[1.36817809],[4.03649132]
[3.97693476],[1.37218335],[4.00282549]
[3.93501294],[1.37904489],[3.95854743]
[3.87769802],[1.38513653],[3.90895042]
[3.8088477],[1.38980584],[3.8526267]
[3.76243591],[1.39524473],[3.8040696]
[3.70550647],[1.40007427],[3.74827742]
[3.63660477],[1.4003927],[3.68064876]
[3.53824016],[1.38964848],[3.59062161]
[3.41138284],[1.37814643],[3.49084704]
[3.28460893],[1.36188147],[3.39477184]
[3.18006305],[1.33434714],[3.35440358]
[1.19524553],[0.41538929],[0.25649335]
[0.],[0.],[0.]
[0.],[0.],[0.]
[0.],[0.],[0.]
[2.15471955],[0.65353902],[0.89190639]
[2.41117916],[0.79199619],[1.34910671]
[2.52210875],[0.86341462],[1.57550422]
[2.72505673],[0.93640702],[1.80781055]
[2.93851374],[0.98956772],[2.0578727]
[3.15846832],[1.0251244],[2.27809396]
[3.26744055],[1.04281408],[2.52007987]
[3.48220473],[1.06995655],[2.75564375]
[3.58336442],[1.12141836],[3.01723863]
[3.68412655],[1.18003937],[3.22633769]
[3.71395819],[1.20342496],[3.39327072]
[3.78039577],[1.23590653],[3.54197867]
[3.82984725],[1.26093574],[3.653074]
[3.8857472],[1.28461387],[3.76864005]
[3.95080545],[1.32766501],[3.8724665]
[3.99728995],[1.365974],[4.00133936]
[4.08103068],[1.40197456],[4.11437997]
[4.07473158],[1.4264865],[4.23443681]
[4.12240859],[1.4503316],[4.35585814]
[4.16061738],[1.46495828],[4.51292625]
[4.21515321],[1.46785931],[4.60948394]
[4.25825381],[1.46737363],[4.69841376]
[4.2913709],[1.46542201],[4.7207231]
[4.33374851],[1.46231958],[4.72417612]
[4.30774544],[1.46062441],[4.6671699]
[4.30765464],[1.45705903],[4.65107045]
[4.26912087],[1.45231718],[4.59245836]
[4.2596201],[1.44896011],[4.57530476]
[4.26914416],[1.44258101],[4.56457065]
[4.22127493],[1.44103788],[4.52392995]
[4.2320082],[1.43705198],[4.49189556]
[4.16978329],[1.43331257],[4.43646612]
[4.18231123],[1.42909219],[4.39525193]
[4.12384612],[1.4265428],[4.32202123]
[4.09049481],[1.42745526],[4.26919175]
[4.07060771],[1.42817548],[4.22919031]
[4.05571811],[1.42760742],[4.20645557]
[4.04918407],[1.41806149],[4.1898174]
[4.03552207],[1.40508457],[4.16644565]
[4.02452752],[1.39205169],[4.14430452]
[4.01567204],[1.38731232],[4.10958367]
[3.98546618],[1.39387951],[4.05905349]
[3.9421211],[1.39976475],[4.0092584]
[3.89207007],[1.40395234],[3.96254753]
[3.82867782],[1.40906488],[3.90396538]
[3.74506937],[1.40906734],[3.83109592]
[3.65712211],[1.40960051],[3.75537988]
[3.55215266],[1.39899381],[3.6663618]
[3.42417315],[1.38758285],[3.56967682]
[3.29811321],[1.37137432],[3.46991321]
[3.19425579],[1.34702708],[3.43225004]
[1.10890776],[0.38229839],[0.21853036]
[0.],[0.],[0.]
[0.],[0.],[0.]
[0.01415376],[0.00284721],[1.53616929e-06]
[2.16271129],[0.66728674],[0.91775449]
[2.42048786],[0.80575098],[1.37986667]
[2.57178036],[0.88139212],[1.62346792]
[2.78789122],[0.95158633],[1.85850314]
[3.00542876],[1.00160533],[2.12173407]
[3.21185124],[1.03431298],[2.33859272]
[3.30710817],[1.05195765],[2.58097957]
[3.53574057],[1.08516414],[2.85609388]
[3.63999042],[1.13653214],[3.11453071]
[3.72879017],[1.19261969],[3.32056629]
[3.76759298],[1.21691267],[3.48946903]
[3.83005172],[1.25114941],[3.651895]
[3.89177052],[1.30273852],[3.78663241]
[3.94597022],[1.34828755],[3.93335493]
[4.01822526],[1.39230013],[4.07907485]
[4.05841919],[1.41939375],[4.23243214]
[4.16822558],[1.44877818],[4.40835093]
[4.20768056],[1.47232578],[4.55765555]
[4.25525132],[1.49540662],[4.72973193]
[4.31062591],[1.50943018],[4.873922]
[4.3426695],[1.51165005],[4.97283684]
[4.45087041],[1.51096767],[5.05983431]
[4.50198702],[1.50901114],[5.11034804]
[4.56704062],[1.50597007],[5.13830768]
[4.53623932],[1.50517867],[5.08301357]
[4.54902162],[1.5045309],[5.04881375]
[4.49221216],[1.50050597],[5.00347205]
[4.49401992],[1.4973961],[4.97143561]
[4.492002],[1.48846856],[4.96569072]
[4.44941824],[1.48932771],[4.91721133]
[4.44703315],[1.48547833],[4.89665906]
[4.38819173],[1.4819839],[4.83010985]
[4.39039268],[1.47808955],[4.8076188]
[4.3300381],[1.47463952],[4.73378196]
[4.27438394],[1.47193468],[4.6812973]
[4.24132114],[1.46853043],[4.63690446]
[4.20733613],[1.46390039],[4.59411964]
[4.18001833],[1.45132679],[4.54728689]
[4.13440414],[1.43452509],[4.48815965]
[4.10655931],[1.41816692],[4.43215635]
[4.08486488],[1.40974725],[4.32417925]
[4.04749571],[1.41078644],[4.20026733]
[4.00595933],[1.41221909],[4.12798025]
[3.95616165],[1.41473183],[4.05706406]
[3.88416876],[1.41930951],[3.97629085]
[3.76479318],[1.41724753],[3.8794452]
[3.60089593],[1.41169149],[3.75836273]
[3.48649964],[1.40137074],[3.65997116]
[3.36174314],[1.3831877],[3.56445122]
[3.23204822],[1.36329191],[3.44907636]
[3.15430948],[1.34084065],[3.40239612]
[1.13617445],[0.36518497],[0.21660334]
[0.],[0.],[0.]
[0.],[0.],[0.]
[0.02519586],[0.00531769],[2.4762574e-05]
[2.16721421],[0.67025097],[0.92580526]
[2.42507599],[0.81174547],[1.39258394]
[2.5782212],[0.8900274],[1.64217764]
[2.79521109],[0.9655688],[1.88533293]
[3.01088832],[1.01151146],[2.15424713]
[3.21848946],[1.04283918],[2.38512562]
[3.31376511],[1.06212564],[2.66916599]
[3.54446682],[1.11008517],[2.98011412]
[3.65371049],[1.17890668],[3.23353441]
[3.74295509],[1.22091816],[3.45102356]
[3.78612627],[1.28573717],[3.64840987]
[3.84957414],[1.3347388],[3.85256244]
[3.91285884],[1.38217587],[4.02816187]
[3.98341118],[1.41280309],[4.20366357]
[4.08020861],[1.44414564],[4.3817259]
[4.14273888],[1.46940896],[4.55223979]
[4.24282978],[1.49624307],[4.76188971]
[4.29286243],[1.51859829],[4.92063477]
[4.32870944],[1.54128197],[5.08786601]
[4.42114055],[1.55596932],[5.22276754]
[4.49045454],[1.55779638],[5.41251078]
[4.58280429],[1.5572675],[5.5499091]
[4.60136001],[1.5565898],[5.63233179]
[4.6618216],[1.55368025],[5.67445793]
[4.63415522],[1.55294039],[5.62145648]
[4.66115059],[1.55120144],[5.59529542]
[4.60742755],[1.54820341],[5.53281247]
[4.62262963],[1.54588313],[5.49515591]
[4.60786158],[1.53575503],[5.49289239]
[4.59218569],[1.53822392],[5.41701961]
[4.5707889],[1.5346247],[5.39585542]
[4.54078951],[1.53145856],[5.2932905]
[4.52200423],[1.52926202],[5.26669144]
[4.49210204],[1.52667083],[5.16393867]
[4.44276791],[1.52410233],[5.09386091]
[4.41747351],[1.52083584],[5.04544999]
[4.39257571],[1.51616336],[5.00391948]
[4.37171068],[1.50463292],[4.97391764]
[4.33896704],[1.48920382],[4.92600004]
[4.3105108],[1.47449952],[4.87407815]
[4.28875456],[1.47425348],[4.80149485]
[4.21839467],[1.47417822],[4.67707411]
[4.08593633],[1.47269889],[4.51747202]
[4.03840623],[1.47056308],[4.39028435]
[3.97672149],[1.4678126],[4.27279215]
[3.863379],[1.45749285],[4.13790358]
[3.70652634],[1.44446974],[3.98140604]
[3.52077413],[1.43253153],[3.81686866]
[3.40522719],[1.41457823],[3.69233263]
[3.30776453],[1.39840553],[3.68797049]
[3.21825107],[1.37504914],[3.65711266]
[1.03856901],[0.34162609],[0.18167539]
[0.],[0.],[0.]
[0.],[0.],[0.]
[0.02735413],[0.00602332],[3.49982029e-05]
[2.17204088],[0.67185416],[0.93213999]
[2.42968856],[0.81307489],[1.39836128]
[2.58395513],[0.89280573],[1.6487821]
[2.80006777],[0.9692823],[1.88963717]
[3.01323052],[1.01358674],[2.15543146]
[3.22226098],[1.04499877],[2.38852488]
[3.31929992],[1.06439507],[2.69233662]
[3.54927051],[1.11900464],[3.01462617]
[3.66422351],[1.21176928],[3.29197533]
[3.75658919],[1.26089503],[3.53187894]
[3.80272207],[1.32595869],[3.75224173]
[3.86909459],[1.37377265],[3.98277871]
[3.9617793],[1.41581163],[4.18503432]
[4.03986105],[1.44550442],[4.37077375]
[4.14210274],[1.4762435],[4.56346911]
[4.21368227],[1.50100114],[4.76927791]
[4.30152148],[1.52726389],[4.98187933]
[4.36178143],[1.55093637],[5.12613664]
[4.4245012],[1.57588568],[5.32711616]
[4.5366657],[1.59167635],[5.52891624]
[4.57697968],[1.59368324],[5.73706698]
[4.65732458],[1.59316679],[5.84175784]
[4.66325081],[1.59106925],[5.92498378]
[4.71909782],[1.58787285],[5.95276468]
[4.69227471],[1.58706162],[5.91287287]
[4.72372565],[1.5853187],[5.88428932]
[4.67319756],[1.58228916],[5.82776242]
[4.69262051],[1.58116945],[5.80011228]
[4.67347522],[1.569668],[5.78952172]
[4.66936],[1.57369944],[5.73611481]
[4.64267444],[1.5703261],[5.70893844]
[4.62728138],[1.56750322],[5.63295302]
[4.60227903],[1.56499285],[5.59876765]
[4.58572132],[1.56271622],[5.52277446]
[4.53613024],[1.56054351],[5.44905018]
[4.51211002],[1.5573809],[5.39307166]
[4.4907636],[1.55298446],[5.33846357]
[4.47204717],[1.54159016],[5.28639801]
[4.44551693],[1.52679943],[5.21515277]
[4.42150105],[1.51177715],[5.15230245]
[4.40249439],[1.51056936],[5.08259126]
[4.34950203],[1.51016663],[4.94073457]
[4.25168012],[1.50793857],[4.80104999]
[4.11580751],[1.50535],[4.64510765]
[4.0313147],[1.50367646],[4.50299583]
[3.94146568],[1.49201305],[4.33021259]
[3.8280056],[1.47757377],[4.18285735]
[3.66752749],[1.45848017],[4.01177847]
[3.45504767],[1.43353476],[3.86090282]
[3.35892181],[1.41040204],[3.80473976]
[3.27448543],[1.38636389],[3.73454874]
[0.97288586],[0.3181473],[0.15524768]
[0.],[0.],[0.]
[0.],[0.],[0.]
[0.],[0.],[0.]
[2.16292143],[0.66747375],[0.91757544]
[2.42803533],[0.81334985],[1.39402678]
[2.58807976],[0.89498923],[1.65276058]
[2.80225541],[0.97130613],[1.88984221]
[3.01476782],[1.01632234],[2.1551641]
[3.22630448],[1.04764193],[2.39613747]
[3.3237687],[1.07287744],[2.72668967]
[3.55464839],[1.15078024],[3.07768149]
[3.67711334],[1.2488605],[3.37930247]
[3.77612581],[1.29840099],[3.62888936]
[3.8456285],[1.36120551],[3.87067523]
[3.93888583],[1.4079641],[4.12635044]
[4.03926719],[1.44281089],[4.34309741]
[4.10053455],[1.47151883],[4.5240318]
[4.20578361],[1.50126509],[4.76730596]
[4.28738483],[1.52523442],[4.95256635]
[4.36033328],[1.55298476],[5.17206672]
[4.4747188],[1.5764249],[5.32239718]
[4.5303145],[1.60213704],[5.59007257]
[4.62688699],[1.61686724],[5.79704652]
[4.64911308],[1.61955158],[5.98883953]
[4.71946527],[1.61921505],[6.07770584]
[4.71713039],[1.61708128],[6.17548277]
[4.76839425],[1.61389482],[6.18723854]
[4.74324733],[1.61292096],[6.17034243]
[4.80206987],[1.6109318],[6.13656632]
[4.73111568],[1.6074074],[6.08640007]
[4.75245393],[1.60650261],[6.04503648]
[4.73115312],[1.59468893],[6.02745589]
[4.73516071],[1.59999879],[5.98561465]
[4.70526555],[1.59674313],[5.95015637]
[4.70008161],[1.5940573],[5.89039207]
[4.67142018],[1.59147379],[5.85160985]
[4.66524262],[1.58907349],[5.79319667]
[4.61927054],[1.58681927],[5.72425281]
[4.59711115],[1.58365338],[5.67356144]
[4.5744697],[1.57935796],[5.62360742]
[4.55416611],[1.56869647],[5.57329499]
[4.53188526],[1.55453315],[5.50715161]
[4.51217654],[1.5397418],[5.44473906]
[4.49606676],[1.53504565],[5.37578653]
[4.45666266],[1.53612133],[5.21292276]
[4.38804572],[1.53361176],[5.03021722]
[4.30021307],[1.53023963],[4.89738986]
[4.14292329],[1.52621632],[4.72848011]
[4.00465641],[1.51365181],[4.53646731]
[3.91550514],[1.50118913],[4.34634557]
[3.79896633],[1.48240218],[4.18933143]
[3.64234781],[1.45524402],[4.10485622]
[3.44776915],[1.429553],[3.97819481]
[3.32698912],[1.40123838],[3.86898827]
[0.8658515],[0.28354897],[0.11929291]
[0.],[0.],[0.]
[0.],[0.],[0.]
[0.13325804],[0.03109071],[0.0018043]
[2.18674354],[0.6760854],[0.95359771]
[2.43352681],[0.82179354],[1.41391658]
[2.6102095],[0.90471678],[1.67830713]
[2.82834181],[0.97916399],[1.91170108]
[3.04074324],[1.02434661],[2.18106246]
[3.24895786],[1.05647038],[2.43282286]
[3.35247142],[1.09111073],[2.81988881]
[3.58023472],[1.18486831],[3.17539162]
[3.72166711],[1.28602548],[3.48794239]
[3.84138674],[1.33424135],[3.74937648]
[3.9320817],[1.39515434],[4.01460716]
[4.0168333],[1.43806789],[4.27617283]
[4.11346944],[1.47055945],[4.50069905]
[4.18728968],[1.4993605],[4.73328071]
[4.28190257],[1.52808032],[4.97954194]
[4.37653092],[1.55170689],[5.14503373]
[4.48529246],[1.57842566],[5.38279533]
[4.5968802],[1.60208177],[5.57705814]
[4.62179131],[1.62741334],[5.86298414]
[4.7027916],[1.64199661],[6.04933759]
[4.71282891],[1.64477408],[6.21384015]
[4.77499611],[1.64463224],[6.30908272]
[4.76618268],[1.64233216],[6.39844708]
[4.9074211],[1.63895809],[6.45734093]
[4.81875624],[1.63786189],[6.42413927]
[4.97984835],[1.63576611],[6.43944185]
[4.81917163],[1.63225939],[6.33850802]
[4.91117066],[1.631328],[6.32823947]
[4.82334454],[1.61929054],[6.26752984]
[4.85363981],[1.62536022],[6.24904795]
[4.7811633],[1.62197928],[6.17880286]
[4.79646685],[1.61934505],[6.13452205]
[4.73026525],[1.61596452],[6.07648579]
[4.74065426],[1.6117971],[6.02812713]
[4.68624312],[1.60946136],[5.95554836]
[4.66720802],[1.6062905],[5.90508348]
[4.64676096],[1.60200578],[5.85717243]
[4.62552392],[1.59171484],[5.80889628]
[4.60226208],[1.57914503],[5.7497315]
[4.58480953],[1.56559093],[5.68756057]
[4.57094973],[1.55961993],[5.61676664]
[4.54331012],[1.55661462],[5.47252623]
[4.4885232],[1.55399447],[5.27054303]
[4.41427307],[1.550178],[5.06420929]
[4.27852899],[1.54568994],[4.90200956]
[4.07708583],[1.53194703],[4.69298262]
[3.93303069],[1.51233206],[4.48340564]
[3.83321484],[1.48673901],[4.2918235]
[3.71276468],[1.45852324],[4.20591335]
[3.46991968],[1.43176358],[4.03061533]
[3.10222452],[1.40112788],[3.79300824]
[0.85043742],[0.27042906],[0.11051416]
[0.],[0.],[0.]
[0.],[0.],[0.]
[0.14885758],[0.03594722],[0.0023752]
[2.19178896],[0.67608793],[0.95839515]
[2.43787354],[0.82668205],[1.42234706]
[2.61365435],[0.91250668],[1.69175432]
[2.83435454],[0.99257336],[1.93658536]
[3.04575367],[1.03708695],[2.21491824]
[3.25998091],[1.06973924],[2.57253202]
[3.37038235],[1.14563379],[2.96443949]
[3.61444156],[1.23272837],[3.31706938]
[3.78261596],[1.33812999],[3.64060585]
[3.9172609],[1.38357694],[3.91744558]
[4.0127348],[1.43698467],[4.20313833]
[4.06459582],[1.47360377],[4.45131871]
[4.17385579],[1.50421829],[4.74059759]
[4.2579559],[1.53041894],[4.9613966]
[4.34456704],[1.55761084],[5.20462316]
[4.49344892],[1.58129564],[5.39458008]
[4.57685655],[1.60729129],[5.65965969]
[4.67484892],[1.63037202],[5.90976014]
[4.68531939],[1.65476806],[6.14170734]
[4.75659519],[1.66909391],[6.31002421]
[4.75889108],[1.67204841],[6.46377618]
[4.86787806],[1.67194129],[6.60146136]
[4.8465358],[1.66970617],[6.67791782]
[5.05023151],[1.66645365],[6.82730914]
[4.96408],[1.66527148],[6.76682048]
[5.10799365],[1.66318313],[6.81839458]
[4.98333576],[1.65977636],[6.67644585]
[5.06808871],[1.65878345],[6.70509624]
[4.9909435],[1.64724558],[6.61736497]
[5.02545454],[1.65252986],[6.61978721]
[4.91598808],[1.64929202],[6.49734737]
[4.94887349],[1.64661538],[6.48239951]
[4.83376344],[1.64442288],[6.3776637]
[4.86166487],[1.64017796],[6.34737215]
[4.77675294],[1.63766723],[6.24638105]
[4.74746195],[1.63524696],[6.18973438]
[4.72114348],[1.63105503],[6.13767988]
[4.69332185],[1.6213467],[6.08604907]
[4.66233244],[1.60836598],[6.02345331]
[4.63902673],[1.59497411],[5.95594155]
[4.62569271],[1.58963181],[5.88376826]
[4.60393558],[1.5849685],[5.7604198]
[4.56326708],[1.58159583],[5.59696894]
[4.50838862],[1.57738438],[5.39720853]
[4.40659973],[1.57513869],[5.15364706]
[4.25046793],[1.56532134],[4.97491412]
[4.05008163],[1.54640059],[4.80418059]
[3.91193449],[1.52180532],[4.6620657]
[3.81371375],[1.49451002],[4.5290145]
[3.65104302],[1.46870387],[4.36591933]
[3.2936083],[1.44189237],[4.14158507]
[0.72846103],[0.24043259],[0.08157643]
[0.],[0.],[0.]
[0.],[0.],[0.]
[0.16491941],[0.0408597],[0.0030346]
[2.19489836],[0.67616848],[0.96237826]
[2.44221554],[0.83153283],[1.43201664]
[2.62121324],[0.92090992],[1.70910197]
[2.84265548],[1.00259218],[1.95892619]
[3.07568047],[1.04415312],[2.26191547]
[3.28869905],[1.07822334],[2.66653035]
[3.42297236],[1.17804473],[3.07017631]
[3.66082211],[1.26476289],[3.42194601]
[3.84174571],[1.37330399],[3.76278179]
[3.98279654],[1.41822195],[4.0579554]
[4.07526495],[1.46531677],[4.36021943]
[4.13464721],[1.50177768],[4.63884385]
[4.23549974],[1.53147998],[4.95033368]
[4.32915082],[1.55728239],[5.16552173]
[4.45498854],[1.58587176],[5.42936583]
[4.5957165],[1.60990145],[5.63843665]
[4.64909765],[1.63579045],[5.94552194]
[4.73596272],[1.65856636],[6.1772213]
[4.73734364],[1.68263198],[6.37672752]
[4.80060283],[1.69749714],[6.56144883]
[4.80276801],[1.70013108],[6.71954338]
[5.02681462],[1.70010965],[6.98890666]
[5.01674385],[1.6978127],[7.04987291]
[5.1630179],[1.6945857],[7.2266734]
[5.11015928],[1.69336609],[7.18601153]
[5.20914362],[1.69128592],[7.21020334]
[5.13487525],[1.68793675],[7.09831842]
[5.18749225],[1.68690596],[7.09673851]
[5.1372609],[1.67540255],[7.02180582]
[5.15279848],[1.68133681],[7.00241763]
[5.07836691],[1.67822842],[6.89098917]
[5.09412686],[1.67563188],[6.87068342]
[5.00036604],[1.67413213],[6.75012393]
[5.02616895],[1.67000111],[6.73970845]
[4.91091534],[1.6672731],[6.59733483]
[4.86187563],[1.66380029],[6.53036026]
[4.82948824],[1.65931704],[6.46406523]
[4.8017125],[1.64937836],[6.39239372]
[4.77162558],[1.63675352],[6.31911721]
[4.74279992],[1.62367169],[6.24139158]
[4.71588865],[1.61250109],[6.14426906]
[4.69109906],[1.6067819],[6.00828266]
[4.64057192],[1.60201816],[5.84447889]
[4.58125739],[1.59730868],[5.66371094]
[4.50687593],[1.59461129],[5.4529237]
[4.38271595],[1.58462615],[5.19710351]
[4.2267591],[1.56797411],[5.02344578]
[4.03120646],[1.54463105],[4.85510685]
[3.89233468],[1.5170125],[4.70673986]
[3.7859542],[1.49103862],[4.5521399]
[3.50245858],[1.46480862],[4.34833356]
[0.64118679],[0.213681],[0.06318831]
[0.],[0.],[0.]
[0.],[0.],[0.]
[0.07070206],[0.01829673],[0.00050494]
[2.18492393],[0.67234095],[0.94799585]
[2.44352733],[0.84042718],[1.44096023]
[2.63486156],[0.93061701],[1.72910226]
[2.88597881],[1.0100959],[1.99586451]
[3.12439403],[1.05217167],[2.31410749]
[3.32716619],[1.08711705],[2.7581891]
[3.47168921],[1.20986662],[3.17246122]
[3.70525599],[1.29286221],[3.52481419]
[3.92005108],[1.40002017],[3.89419286]
[4.03647978],[1.44407937],[4.17999876]
[4.13639856],[1.48935423],[4.51202303]
[4.20702799],[1.52558561],[4.82409484]
[4.29988938],[1.55503316],[5.13561373]
[4.43939191],[1.58152521],[5.37535208]
[4.55496732],[1.61007179],[5.65016983]
[4.67402562],[1.63364496],[5.92890516]
[4.70890941],[1.65895617],[6.1903055]
[4.78665335],[1.68138626],[6.40209055]
[4.78184948],[1.70638646],[6.59878772]
[4.93721129],[1.72348206],[6.84000137]
[4.93310243],[1.72521634],[7.01656267]
[5.1481789],[1.72407801],[7.32537739]
[5.15438582],[1.72146916],[7.42461128]
[5.25339204],[1.71824989],[7.57843757]
[5.22537198],[1.7169865],[7.55201853]
[5.29144666],[1.71488718],[7.56495334]
[5.25409023],[1.71152711],[7.48176267]
[5.28512527],[1.71043298],[7.465005]
[5.25186155],[1.69921821],[7.40554939]
[5.25683763],[1.70607703],[7.38212957]
[5.20522142],[1.70365893],[7.29075677]
[5.21155328],[1.70108458],[7.25386733]
[5.14895414],[1.69854538],[7.15134011]
[5.16072289],[1.69432432],[7.12021096]
[5.08360709],[1.69161552],[6.99691251]
[5.04575987],[1.68813959],[6.91954099]
[5.00707299],[1.68373201],[6.83658033]
[4.96679704],[1.67344885],[6.74955851]
[4.92178075],[1.66127381],[6.6555721]
[4.87773201],[1.6486174],[6.55805669]
[4.83194819],[1.63458585],[6.4514871]
[4.80217316],[1.62769311],[6.31763421]
[4.75555719],[1.62197477],[6.1237545]
[4.67844926],[1.61778447],[5.92224668]
[4.5919575],[1.6139743],[5.73608755]
[4.49004114],[1.60391452],[5.5135211]
[4.36378153],[1.58538493],[5.27427767]
[4.21337401],[1.56377079],[5.06010352]
[4.00420411],[1.5377203],[4.88556609]
[3.83884258],[1.51221549],[4.70672223]
[3.6025878],[1.48691354],[4.51400862]
[0.51422322],[0.17618082],[0.04093659]
[0.],[0.],[0.]
[0.],[0.],[0.]
[0.26946878],[0.06750298],[0.00854579]
[2.21349987],[0.68548457],[0.99394338]
[2.45723779],[0.85903069],[1.47921494]
[2.68421993],[0.9456393],[1.77486789]
[2.94732698],[1.02341156],[2.04776432]
[3.18989316],[1.06457041],[2.39050825]
[3.39039054],[1.10794225],[2.85979121]
[3.54501783],[1.24157026],[3.29053295]
[3.80456599],[1.32229326],[3.66443096]
[4.005078],[1.42824648],[4.04728608]
[4.1064888],[1.46999927],[4.32176822]
[4.21271069],[1.51465007],[4.70131556]
[4.29656575],[1.55039459],[5.01256355]
[4.41336545],[1.58057645],[5.33846017]
[4.5725101],[1.60696439],[5.6039037]
[4.64454928],[1.63488423],[5.92795022]
[4.74683361],[1.65789755],[6.18792846]
[4.76536662],[1.68302355],[6.41221951]
[4.86177711],[1.70744894],[6.63677779]
[4.84956893],[1.73237898],[6.82562586]
[5.08811018],[1.74717379],[7.1806809]
[5.10252775],[1.74884046],[7.38653236]
[5.24587769],[1.74682469],[7.67747121]
[5.26134766],[1.75678651],[7.78731877]
[5.32946422],[1.75297097],[7.90629458]
[5.32195352],[1.74459356],[7.89252977]
[5.38016907],[1.73529593],[7.90587832]
[5.38136071],[1.73335582],[7.84800586]
[5.40292261],[1.73242438],[7.81685972]
[5.38551374],[1.72305299],[7.76735481]
[5.36605225],[1.72775309],[7.7274576]
[5.33241834],[1.72570047],[7.64721689]
[5.31240234],[1.72336339],[7.59810189]
[5.27038135],[1.71969785],[7.51291769]
[5.2670355],[1.7153126],[7.47167116]
[5.21313342],[1.71267779],[7.3676313]
[5.18355956],[1.70931702],[7.30302995]
[5.15284599],[1.70495505],[7.23189292]
[5.12027884],[1.69430468],[7.14628921]
[5.08465368],[1.68252884],[7.05200811]
[5.04954117],[1.67028556],[6.93275957]
[5.01231116],[1.65683069],[6.81067098]
[4.96645113],[1.64729302],[6.64992743]
[4.89903163],[1.64062924],[6.41635076]
[4.78715456],[1.63769547],[6.15917356]
[4.67538043],[1.62773529],[5.93765705]
[4.53174226],[1.61071534],[5.71443478]
[4.42161721],[1.59083616],[5.48684101]
[4.29843901],[1.56950373],[5.25579039]
[3.93627394],[1.54549234],[4.92967546]
[3.65746623],[1.52255934],[4.69782198]
[3.47689441],[1.49758056],[4.48372166]
[0.48860434],[0.17052861],[0.03744443]
[0.],[0.],[0.]
[0.],[0.],[0.]
[0.31365097],[0.07688745],[0.01141646]
[2.22400598],[0.6900817],[1.00499715]
[2.47008494],[0.87281433],[1.50603109]
[2.72650592],[0.95780616],[1.81660583]
[3.01150739],[1.03577385],[2.11208982]
[3.23597099],[1.07802086],[2.47698848]
[3.43839881],[1.15935137],[3.00266557]
[3.59854926],[1.28570141],[3.43978806]
[3.87036584],[1.36176442],[3.81974248]
[4.05574258],[1.46048649],[4.21362702]
[4.17338651],[1.5003064],[4.5290511]
[4.27436792],[1.54384361],[4.92900013]
[4.39288863],[1.57862341],[5.23723578]
[4.52287277],[1.60974744],[5.57479294]
[4.65550844],[1.63505347],[5.91654774]
[4.70501857],[1.66191278],[6.20907543]
[4.79471545],[1.68595525],[6.45595402]
[4.80534344],[1.71239722],[6.65593725]
[5.02082884],[1.73635253],[6.95501226]
[5.01426539],[1.75845258],[7.15724663]
[5.19626236],[1.77349686],[7.54511061]
[5.21789304],[1.77488551],[7.79039645]
[5.32220841],[1.78569307],[8.05739844]
[5.34342342],[1.81922554],[8.17190025]
[5.43810778],[1.81809718],[8.32063636]
[5.45680883],[1.80840605],[8.34388822]
[5.4994174],[1.79506983],[8.34711888]
[5.52798819],[1.78280141],[8.29305397]
[5.54259018],[1.77207812],[8.25866784]
[5.53935114],[1.76141237],[8.21099778]
[5.50408984],[1.75153855],[8.14842688]
[5.48733698],[1.74627035],[8.0788781]
[5.45180899],[1.74403797],[8.00708004]
[5.42431695],[1.74102721],[7.93407033]
[5.39626265],[1.73708201],[7.87293845]
[5.35807371],[1.73461146],[7.78352086]
[5.3119653],[1.73161105],[7.70735831]
[5.27601947],[1.72798624],[7.63616422]
[5.23820037],[1.71999132],[7.55448536]
[5.2020988],[1.70911099],[7.46610363]
[5.17228536],[1.69861485],[7.36329234]
[5.14428155],[1.68745895],[7.24467793]
[5.11181804],[1.6765144],[7.07331102]
[5.05459954],[1.67308859],[6.86270185]
[4.95146756],[1.67001873],[6.62488362]
[4.8299379],[1.66026087],[6.3614956]
[4.68630573],[1.64192874],[6.11332872]
[4.54657986],[1.62250513],[5.89572248]
[4.44100437],[1.60273893],[5.70284206]
[4.18168735],[1.58000147],[5.41356333]
[3.83865438],[1.55838314],[5.04224964]
[3.74198309],[1.53639215],[4.7980236]
[0.35377431],[0.13421181],[0.02045589]
[0.],[0.],[0.]
[0.],[0.],[0.]
[0.24394231],[0.06049739],[0.00686983]
[2.21720164],[0.69129816],[0.9986959]
[2.47483691],[0.8780444],[1.51688424]
[2.74376886],[0.96317898],[1.83551986]
[3.06725868],[1.04170136],[2.16950374]
[3.25939012],[1.08420983],[2.52473524]
[3.46748865],[1.18676686],[3.08032589]
[3.6327829],[1.3135426],[3.55139175]
[3.90984221],[1.38661085],[3.94965124]
[4.08651369],[1.4840403],[4.33902641]
[4.22523399],[1.52535118],[4.7159654]
[4.33792251],[1.56892003],[5.10990943]
[4.50543072],[1.60645952],[5.31446324]
[4.59895285],[1.63789959],[5.83642071]
[4.71508268],[1.66357187],[6.18260259]
[4.75172932],[1.69272155],[6.45387122]
[4.84910733],[1.7178524],[6.71007392]
[4.8837839],[1.74353065],[6.92895917]
[5.1434243],[1.76464427],[7.33901889]
[5.15391863],[1.78579858],[7.5744658]
[5.28273921],[1.79974533],[7.9631294]
[5.30537549],[1.81849718],[8.23092559]
[5.38950072],[1.87451535],[8.47611122]
[5.47505008],[1.89330218],[8.65299992]
[5.56227363],[1.89251116],[8.85023326]
[5.60234547],[1.88599409],[8.92002436]
[5.65465258],[1.87358095],[8.93873341]
[5.74247135],[1.86007593],[8.91386888]
[5.78681401],[1.84634991],[8.84734662]
[5.78909777],[1.8343106],[8.79189466]
[5.69973329],[1.82498304],[8.66305135]
[5.68708844],[1.81530667],[8.60464113]
[5.59538261],[1.80623411],[8.51596163]
[5.58547767],[1.79886643],[8.46762535]
[5.54044952],[1.7921627],[8.40321069]
[5.52028225],[1.78471135],[8.33493431]
[5.469976],[1.77798982],[8.2633921]
[5.43435789],[1.77178814],[8.20120479]
[5.39814904],[1.76539727],[8.1303696]
[5.36660262],[1.75823902],[8.04149146]
[5.34017145],[1.74961939],[7.94032041]
[5.31504168],[1.71844799],[7.82071188]
[5.28321085],[1.70631514],[7.63733408]
[5.2347069],[1.70192573],[7.39618538]
[5.12441293],[1.69714847],[7.12712582]
[5.02814032],[1.68775182],[6.86963416]
[4.89117962],[1.66817951],[6.57651676]
[4.73145212],[1.64750247],[6.28068847]
[4.59683009],[1.62805704],[6.06212445]
[4.41383257],[1.60531019],[5.80710046]
[4.08415115],[1.5838568],[5.49116311]
[3.97632886],[1.56204619],[5.15666014]
[0.26810363],[0.10804655],[0.01187938]
[0.],[0.],[0.]
[0.],[0.],[0.]
[0.03117885],[0.00821979],[6.80775929e-05]
[2.18681921],[0.67976414],[0.95756714]
[2.46781017],[0.8715949],[1.49967921]
[2.74170192],[0.96113265],[1.82807733]
[3.06997707],[1.04010537],[2.17420815]
[3.25378236],[1.08370868],[2.51607141]
[3.45553226],[1.18965173],[3.07261952]
[3.62046592],[1.31774316],[3.57428847]
[3.90377506],[1.39006925],[3.97472277]
[4.0788351],[1.48540457],[4.36531096]
[4.22212778],[1.53151969],[4.76813498]
[4.36964037],[1.5757219],[5.17592659]
[4.52874333],[1.61469534],[5.51275942]
[4.6168266],[1.65047619],[5.94699159]
[4.72804587],[1.67850178],[6.29771412]
[4.76228873],[1.70950351],[6.57348132]
[4.91122522],[1.73546932],[6.86638848]
[4.95911293],[1.7597644],[7.11591127]
[5.18310841],[1.7812838],[7.56205476]
[5.20093033],[1.80231694],[7.84817868]
[5.31142395],[1.82016218],[8.23664151]
[5.3411008],[1.87671568],[8.5235973]
[5.45179644],[1.92979548],[8.81144932]
[5.55855963],[1.94281312],[9.04621484]
[5.67780315],[1.94627755],[9.29324648]
[5.77164797],[1.943001],[9.48562522]
[5.84096209],[1.93333301],[9.55005435]
[5.90012153],[1.92459178],[9.54848086]
[6.0017192],[1.91455434],[9.54934227]
[6.02095443],[1.90604077],[9.50145018]
[5.97494494],[1.8966557],[9.40692764]
[5.92943199],[1.88723562],[9.34090069]
[5.85878725],[1.87907295],[9.24238083]
[5.84169617],[1.87260495],[9.21481823]
[5.784791],[1.86664789],[9.12826868]
[5.7671101],[1.86002609],[9.07657035]
[5.69992823],[1.85405637],[8.96985182]
[5.64748053],[1.84837606],[8.88414163]
[5.59973749],[1.84240786],[8.78839752]
[5.56919045],[1.8357467],[8.67850591]
[5.54439423],[1.82736986],[8.56548979]
[5.51888702],[1.79576506],[8.43470735]
[5.4847941],[1.76017445],[8.24317097]
[5.44312702],[1.73020165],[7.9985184]
[5.34118686],[1.72323246],[7.66256259]
[5.18139391],[1.71101134],[7.35786926]
[5.07365655],[1.69117825],[7.06369577]
[4.95849748],[1.67051857],[6.76901859]
[4.80683502],[1.6500534],[6.46125458]
[4.63079058],[1.62791654],[6.16593593]
[4.26815418],[1.60682281],[5.82913363]
[4.18433087],[1.58540229],[5.51901821]
[0.11282547],[0.04919403],[0.0016682]
[0.],[0.],[0.]
[0.],[0.],[0.]
[0.10079533],[0.02609346],[0.00110236]
[2.19570885],[0.68560413],[0.97322729]
[2.46908288],[0.87249603],[1.50267161]
[2.73690687],[0.96260914],[1.82706087]
[3.07630383],[1.04169665],[2.17739883]
[3.25665143],[1.08504282],[2.51440748]
[3.46081883],[1.19451132],[3.07620767]
[3.64346759],[1.32182246],[3.6114178]
[3.91729692],[1.39514307],[4.01593653]
[4.08517032],[1.48793218],[4.39693722]
[4.23195792],[1.53641781],[4.81852399]
[4.40453031],[1.58066259],[5.23363916]
[4.55486034],[1.62116886],[5.57282014]
[4.63351354],[1.65931266],[6.02815175]
[4.73986935],[1.68883707],[6.38011634]
[4.76890815],[1.7210631],[6.65806111]
[4.94868659],[1.74585752],[6.98993822]
[5.0026316],[1.77005297],[7.25378441]
[5.20653563],[1.79082644],[7.71757271]
[5.22947792],[1.81205528],[8.02200715]
[5.32940277],[1.84041208],[8.41744227]
[5.38320877],[1.9147592],[8.73833432]
[5.50389951],[1.96757295],[9.08882677]
[5.62458327],[1.97807367],[9.3763113]
[5.7887697],[1.98603727],[9.7111293]
[5.89835029],[1.98641247],[9.95004106]
[6.03515398],[1.98013039],[10.13630281]
[6.07493296],[1.9721578],[10.13037191]
[6.18695672],[1.96235314],[10.21612616]
[6.22629477],[1.95423816],[10.15320623]
[6.24522524],[1.94681032],[10.11460134]
[6.18529683],[1.93856741],[10.02043506]
[6.17085945],[1.93028965],[9.94977873]
[6.11548715],[1.92238949],[9.86894122]
[6.10236112],[1.91451993],[9.8127115]
[6.04369309],[1.90837665],[9.71709594]
[6.01145197],[1.90328796],[9.64422309]
[5.94255697],[1.8988568],[9.53544927]
[5.89186645],[1.89387769],[9.44417479]
[5.82990864],[1.88802091],[9.31660712]
[5.76574076],[1.88121169],[9.17456595]
[5.7025612],[1.85154011],[8.99769796]
[5.62625682],[1.81924203],[8.76417368]
[5.55567044],[1.78842598],[8.49578289]
[5.46438382],[1.7562825],[8.08157076]
[5.28235022],[1.72174231],[7.69562588]
[5.12567453],[1.69654933],[7.36879913]
[5.02847099],[1.67601259],[7.06274892]
[4.87141428],[1.65501582],[6.73247641]
[4.51298205],[1.63244274],[6.26362526]
[4.34900681],[1.61134203],[5.85059997]
[4.303117],[1.58991414],[5.5362775]
[0.03979809],[0.01807116],[4.95248059e-05]
[0.],[0.],[0.]
[0.],[0.],[0.]
[0.0046678],[0.00122393],[0.]
[2.1800044],[0.67847134],[0.94973084]
[2.46785245],[0.86647814],[1.49170528]
[2.7455074],[0.96206783],[1.82975382]
[3.08412829],[1.04214892],[2.19524576]
[3.25447928],[1.08677462],[2.53249663]
[3.45325313],[1.20893214],[3.10392626]
[3.64995257],[1.32877245],[3.65896344]
[3.91283106],[1.40186404],[4.05595375]
[4.07871736],[1.49523528],[4.44173103]
[4.22401897],[1.54338737],[4.8768391]
[4.41764738],[1.5896622],[5.30099441]
[4.55973858],[1.63207379],[5.67399876]
[4.63551272],[1.67359835],[6.12493241]
[4.7389353],[1.70400706],[6.48355128]
[4.76830753],[1.73654892],[6.77516225]
[4.97131823],[1.76061257],[7.17634754]
[5.02689076],[1.78518502],[7.4804561]
[5.22029951],[1.80665312],[7.979041]
[5.24623015],[1.83482906],[8.31911385]
[5.34584965],[1.89835862],[8.72045895]
[5.43728007],[1.9648629],[9.09441002]
[5.55966169],[2.0111692],[9.48368576]
[5.80963982],[2.0242742],[9.87864505]
[5.98990708],[2.02651722],[10.25979668]
[6.15141023],[2.02855354],[10.57057693]
[6.36478645],[2.02341107],[10.85147567]
[6.3873377],[2.01611283],[10.83776572]
[6.55527871],[2.00688381],[11.01802308]
[6.52485168],[1.99904833],[10.96300484]
[6.53138721],[1.99149303],[10.95049201]
[6.47008109],[1.9829887],[10.82589274]
[6.48763204],[1.97475541],[10.78175606]
[6.40111194],[1.96723527],[10.64825232]
[6.4227193],[1.95966309],[10.61779916]
[6.33562372],[1.95112196],[10.44540546]
[6.36045022],[1.94350789],[10.40057332]
[6.26251038],[1.93917137],[10.25375711]
[6.21527264],[1.93394125],[10.15792144]
[6.16716195],[1.92833236],[10.02478263]
[6.12704034],[1.92006128],[9.88203243]
[6.06584101],[1.89219775],[9.6946725]
[5.98809347],[1.8610376],[9.45251969]
[5.91802026],[1.83106197],[9.15806556]
[5.69813016],[1.79998078],[8.64420372]
[5.41556364],[1.76473289],[8.09290347]
[5.24008472],[1.7252483],[7.70125252]
[5.11541523],[1.69356425],[7.36799642]
[5.01816809],[1.67236014],[7.06955642]
[4.71584019],[1.65079836],[6.63009383]
[4.56056014],[1.63030884],[6.17023083]
[4.4005315],[1.60955679],[5.78147971]
[0.],[0.],[0.]
[0.],[0.],[0.]
[0.],[0.],[0.]
[0.],[0.],[0.]
[2.16335517],[0.67098161],[0.92658481]
[2.46668325],[0.85944515],[1.47994741]
[2.76248712],[0.95762826],[1.82777875]
[3.09064572],[1.03846722],[2.19613567]
[3.25329064],[1.08371067],[2.51720947]
[3.44572549],[1.20497867],[3.08023614]
[3.65733346],[1.32948255],[3.67201536]
[3.9108045],[1.40634233],[4.07774761]
[4.07168574],[1.50189033],[4.47655491]
[4.23116917],[1.55570181],[4.93365097]
[4.42754584],[1.6039171],[5.37672333]
[4.5663827],[1.65122978],[5.79037271]
[4.64288744],[1.6952599],[6.26724118]
[4.74682131],[1.72618586],[6.63780246]
[4.77840744],[1.75531784],[6.97986123]
[5.02656368],[1.77949893],[7.47565626]
[5.09156969],[1.80402158],[7.84535992]
[5.26604277],[1.830837],[8.33801621]
[5.29967211],[1.90490473],[8.70107304]
[5.40948882],[1.97727594],[9.12773905]
[5.53666026],[2.03048029],[9.54861932]
[5.77670518],[2.06428349],[9.99145375]
[5.99414305],[2.07998316],[10.43921021]
[6.24840895],[2.08243429],[10.91955709]
[6.45123191],[2.07845194],[11.28030331]
[6.65080056],[2.07369971],[11.6344851]
[6.68991789],[2.06655001],[11.66488761]
[6.7764247],[2.05838214],[11.81685366]
[6.86297602],[2.05083141],[11.82306317]
[6.81024689],[2.04390809],[11.78527376]
[6.79599488],[2.03584602],[11.70128883]
[6.74509653],[2.02804271],[11.61838443]
[6.72004146],[2.02052086],[11.51705658]
[6.68590845],[2.01443372],[11.45280929]
[6.65966348],[2.0064706],[11.32269465]
[6.64115738],[1.99940621],[11.26879869]
[6.59472803],[1.99283526],[11.13063134]
[6.55364616],[1.98564506],[11.01942651]
[6.51377085],[1.97948196],[10.88130814]
[6.47963405],[1.97045388],[10.73936181]
[6.43004304],[1.94313663],[10.55264641]
[6.36414147],[1.91353146],[10.30362867]
[6.29732157],[1.88505986],[9.98708623]
[6.23364461],[1.85560641],[9.47197587]
[5.62164937],[1.82104624],[8.63789679]
[5.36481549],[1.78252628],[8.12661984]
[5.22045969],[1.74393282],[7.72269303]
[5.10811557],[1.69873152],[7.3835385]
[4.89298792],[1.66646154],[7.00745578]
[4.72712821],[1.64603925],[6.52660024]
[4.58527938],[1.6252506],[6.09362174]
[0.],[0.],[0.]
[0.],[0.],[0.]
[0.],[0.],[0.]
[0.],[0.],[0.]
[2.1287922],[0.65780286],[0.88397755]
[2.45829111],[0.84857451],[1.45362722]
[2.76832972],[0.95243594],[1.81701943]
[3.09059847],[1.03451094],[2.18986247]
[3.24863836],[1.08268591],[2.50603951]
[3.43557544],[1.20648085],[3.07204936]
[3.66767677],[1.33555308],[3.7171387]
[3.91524437],[1.41679265],[4.13382892]
[4.07749515],[1.51046475],[4.5795478]
[4.29371766],[1.56837382],[5.04699092]
[4.47811058],[1.61935687],[5.48924805]
[4.60837202],[1.66755852],[5.94291948]
[4.67538549],[1.71286811],[6.41404851]
[4.77197972],[1.73914195],[6.80214757]
[4.82771791],[1.76919151],[7.20125674]
[5.09200332],[1.79367371],[7.7740696]
[5.16017199],[1.81869639],[8.16481273]
[5.30852349],[1.88146181],[8.65282934]
[5.35990759],[1.96198733],[9.03466139]
[5.48036059],[2.03226179],[9.49871862]
[5.63254868],[2.08021455],[9.94182054]
[5.93080713],[2.10602609],[10.47601166]
[6.15330617],[2.12366189],[10.94366068]
[6.45966028],[2.12682036],[11.4837955]
[6.65569058],[2.12389315],[11.87905008]
[6.79799962],[2.11650487],[12.2694949]
[6.89199475],[2.10770484],[12.37773226]
[6.98744905],[2.10117618],[12.51867486]
[7.16316822],[2.09402878],[12.60525196]
[7.11286979],[2.08721411],[12.57234365]
[7.1519058],[2.08030629],[12.54508559]
[7.05379274],[2.07277493],[12.43510708]
[7.09159073],[2.06518329],[12.37810826]
[7.0104715],[2.05837899],[12.28173186]
[7.02030612],[2.0507793],[12.19030431]
[6.94631561],[2.04402299],[12.08969555]
[6.94757325],[2.03824452],[12.00063621]
[6.86754913],[2.03224887],[11.85274614]
[6.81959874],[2.02557661],[11.69363122]
[6.77766638],[2.0162331],[11.53028194]
[6.73490752],[1.98715357],[11.34413946]
[6.68760135],[1.95669435],[11.10927885]
[6.63553081],[1.92838079],[10.82165624]
[6.58764235],[1.89852431],[10.33914161]
[6.29332003],[1.86482785],[9.50873521]
[5.60477929],[1.82803122],[8.58882281]
[5.32727528],[1.7875456],[8.11346261]
[5.21719872],[1.7387682],[7.71024949]
[5.01485074],[1.67909137],[7.30184248]
[4.87443319],[1.65899557],[6.84864425]
[4.75961254],[1.63843398],[6.37810253]
