meltWidth,meltDepth,meltArea
[0.],[0.],[0.]
[0.],[0.],[0.]
[0.],[0.],[0.]
[0.],[0.],[0.]
[0.],[0.],[0.]
[0.],[0.],[0.]
[0.],[0.],[0.]
[0.],[0.],[0.]
[0.],[0.],[0.]
[0.],[0.],[0.]
[0.],[0.],[0.]
[0.],[0.],[0.]
[0.],[0.],[0.]
[0.],[0.],[0.]
[0.],[0.],[0.]
[0.],[0.],[0.]
[0.],[0.],[0.]
[0.],[0.],[0.]
[0.],[0.],[0.]
[0.],[0.],[0.]
[0.],[0.],[0.]
[0.],[0.],[0.]
[0.],[0.],[0.]
[0.],[0.],[0.]
[0.],[0.],[0.]
[0.],[0.],[0.]
[0.],[0.],[0.]
[0.],[0.],[0.]
[0.],[0.],[0.]
[0.],[0.],[0.]
[0.],[0.],[0.]
[0.],[0.],[0.]
[0.],[0.],[0.]
[0.],[0.],[0.]
[0.],[0.],[0.]
[0.],[0.],[0.]
[0.],[0.],[0.]
[0.],[0.],[0.]
[0.],[0.],[0.]
[0.],[0.],[0.]
[0.],[0.],[0.]
[0.],[0.],[0.]
[0.],[0.],[0.]
[0.],[0.],[0.]
[0.],[0.],[0.]
[0.],[0.],[0.]
[0.],[0.],[0.]
[0.],[0.],[0.]
[0.],[0.],[0.]
[0.],[0.],[0.]
[0.],[0.],[0.]
[0.],[0.],[0.]
[0.],[0.],[0.]
[0.],[0.],[0.]
[0.],[0.],[0.]
[0.],[0.],[0.]
[1.63378461],[0.18553876],[0.22902887]
[1.9629036],[0.28613779],[0.35849658]
[2.03970023],[0.33344551],[0.44873119]
[2.08679141],[0.39689165],[0.55748083]
[2.16556474],[0.44178522],[0.65614864]
[2.21923741],[0.47839539],[0.73727378]
[2.3166029],[0.51325689],[0.82223916]
[2.41268132],[0.54850375],[0.88559124]
[2.50277139],[0.56500965],[0.93397892]
[2.65410123],[0.57885316],[0.96714833]
[2.70955655],[0.58781083],[1.00604546]
[2.75958789],[0.59631139],[1.01266246]
[2.81002689],[0.60216662],[1.05127562]
[2.83109283],[0.60889725],[1.05078354]
[2.89542442],[0.61652007],[1.09549766]
[2.90870771],[0.62507775],[1.09736778]
[2.98786017],[0.63302487],[1.14464589]
[2.9885125],[0.64173532],[1.14753081]
[3.0716344],[0.64973524],[1.19262311]
[3.06769776],[0.65650698],[1.18997335]
[3.16081002],[0.66031019],[1.23568105]
[3.14284179],[0.66339464],[1.22830274]
[3.23864286],[0.66624366],[1.2709752]
[3.2028345],[0.66896724],[1.25098013]
[3.29454536],[0.66790346],[1.29343682]
[3.24381647],[0.66696862],[1.27032955]
[3.33688036],[0.66957757],[1.31890193]
[3.29092058],[0.67327355],[1.29824284]
[3.38347412],[0.67587206],[1.34975085]
[3.37264337],[0.68100824],[1.35436347]
[3.44722602],[0.6789904],[1.38114703]
[3.43193279],[0.68057753],[1.37883387]
[3.50048417],[0.68204989],[1.3851482]
[3.48078603],[0.68968578],[1.40171816]
[3.50318864],[0.70249002],[1.4310925]
[3.52986536],[0.71360991],[1.46441151]
[3.56590919],[0.72254182],[1.49887708]
[3.61231718],[0.7237388],[1.52752695]
[3.63098676],[0.72452643],[1.54650697]
[3.62861379],[0.72641914],[1.54887275]
[3.60701282],[0.72631476],[1.54408386]
[3.58563825],[0.72005114],[1.53552344]
[3.54176312],[0.70629838],[1.50251827]
[3.49388597],[0.69061352],[1.46014134]
[3.43132033],[0.67468151],[1.41556568]
[3.36794807],[0.6581913],[1.36756977]
[3.30280643],[0.63559875],[1.31393366]
[3.25134858],[0.6129528],[1.26468671]
[3.19649119],[0.60378229],[1.22669712]
[3.1325738],[0.5976704],[1.19175267]
[3.08303453],[0.57951181],[1.15413604]
[3.02822841],[0.55941269],[1.1075275]
[0.],[0.],[0.]
[0.],[0.],[0.]
[0.],[0.],[0.]
[1.53983801],[0.21348089],[0.25016174]
[2.06753159],[0.49140052],[0.65768811]
[2.17510548],[0.57219541],[0.85680182]
[2.26474752],[0.82242613],[1.21301824]
[2.30663162],[0.77829311],[1.25368478]
[2.31273781],[0.90280298],[1.57096114]
[2.40051978],[0.97432309],[1.87287242]
[2.46895664],[1.03375904],[2.0752833]
[2.54324317],[1.0490832],[2.22483408]
[2.66648305],[1.07952746],[2.40417669]
[2.72402678],[1.06270032],[2.47658956]
[2.77984326],[1.08982817],[2.52458668]
[2.82416978],[1.07141797],[2.5488533]
[2.86119052],[1.10231736],[2.58125172]
[2.89143489],[1.07636669],[2.57619222]
[2.93577774],[1.11137212],[2.61062117]
[2.97558937],[1.07714742],[2.61665856]
[3.01099681],[1.10846815],[2.65196643]
[3.04841817],[1.06166471],[2.64291672]
[3.08073657],[1.09524841],[2.67441939]
[3.11994525],[1.03736412],[2.66136839]
[3.14045462],[1.07691722],[2.69031566]
[3.20812091],[1.03039772],[2.69573857]
[3.20743964],[1.09016729],[2.72999041]
[3.2764915],[1.03385763],[2.72992491]
[3.25927188],[1.09093615],[2.75300713]
[3.32542212],[1.03329268],[2.74948345]
[3.30360042],[1.08367755],[2.77275259]
[3.36931765],[1.03833669],[2.77384819]
[3.38090835],[1.05349134],[2.79909783]
[3.42221918],[1.02545799],[2.79645375]
[3.42603991],[1.03773315],[2.8088046]
[3.46550764],[1.03293892],[2.81360826]
[3.44620686],[1.02800269],[2.79218878]
[3.46005223],[1.02320101],[2.79280655]
[3.46904597],[1.02100076],[2.7868392]
[3.48124454],[1.01810268],[2.78687876]
[3.49652273],[1.01704248],[2.79190052]
[3.51204469],[1.02330585],[2.8085911]
[3.51874764],[1.02866838],[2.79013974]
[3.53258144],[1.02928758],[2.75247242]
[3.53191959],[1.02800849],[2.7043412]
[3.491687],[1.01968456],[2.63466657]
[3.4414974],[1.00973917],[2.56157839]
[3.37621419],[1.00159618],[2.46664151]
[3.3022861],[0.99360193],[2.35908021]
[3.21730845],[0.98831921],[2.24578538]
[3.15370045],[0.98336775],[2.14680909]
[3.09754623],[0.97493536],[2.05215748]
[3.02957953],[0.96814444],[1.95901739]
[2.98708982],[0.93966289],[1.88192404]
[2.9362587],[0.89433973],[1.75656416]
[3.51677092],[0.51998192],[1.02155418]
[0.67324557],[0.09630881],[0.0286714]
[0.],[0.],[0.]
[1.57343616],[0.2817919],[0.32439256]
[2.24041651],[0.57773425],[0.86177448]
[2.32307089],[0.66411419],[1.10854163]
[2.37129099],[0.91374715],[1.64543363]
[2.43809132],[0.89743554],[1.79757408]
[2.41862761],[0.96532709],[1.94694959]
[2.48620577],[1.03271376],[2.14323875]
[2.54967006],[1.11461804],[2.4186712]
[2.63918212],[1.14218776],[2.60075943]
[2.79769022],[1.16083339],[2.74351641]
[2.85830649],[1.15050909],[2.83657301]
[2.90980511],[1.1597692],[2.85961877]
[2.95827215],[1.14073585],[2.88019026]
[2.99933475],[1.15488487],[2.88973105]
[3.03148972],[1.13011593],[2.88240579]
[3.06919419],[1.14657065],[2.9011162]
[3.10489156],[1.11914913],[2.90431593]
[3.13889519],[1.13812535],[2.92373624]
[3.1780146],[1.08402171],[2.90504215]
[3.2117645],[1.10869803],[2.9276562]
[3.26898221],[1.04194769],[2.91294469]
[3.27936492],[1.07260149],[2.92701882]
[3.36871151],[1.02057963],[2.93372731]
[3.35673614],[1.07751072],[2.95492334]
[3.44210973],[1.02040067],[2.96233709]
[3.41116981],[1.06761591],[2.97111821]
[3.49153272],[1.02467014],[2.98088009]
[3.45591685],[1.058156],[2.99016484]
[3.53590387],[1.02134101],[2.98672843]
[3.5370347],[1.0339907],[2.99863723]
[3.58544627],[1.01729434],[2.98795414]
[3.57993441],[1.02414452],[2.98391711]
[3.62239915],[1.01028351],[2.98546448]
[3.60118414],[1.00379784],[2.9472429]
[3.61478082],[0.99786128],[2.93466811]
[3.6247935],[0.98843648],[2.91497263]
[3.63772212],[0.98527612],[2.90627828]
[3.65284474],[0.97887714],[2.89819744]
[3.65170028],[0.97226532],[2.87105602]
[3.62303125],[0.96383955],[2.84178563]
[3.61136423],[0.96188833],[2.82359177]
[3.60077768],[0.95865058],[2.79125579]
[3.57801699],[0.94970445],[2.7426741]
[3.54244823],[0.94183499],[2.67114156]
[3.50502976],[0.94697868],[2.59249835]
[3.46087364],[0.95231316],[2.50907166]
[3.4043235],[0.95584267],[2.41234363]
[3.33807152],[0.95990803],[2.31361059]
[3.26269836],[0.96335627],[2.21893479]
[3.18125837],[0.96346813],[2.11433469]
[3.13422375],[0.94993487],[2.02215138]
[3.08417896],[0.93754002],[1.94762704]
[5.3852996],[1.27773113],[4.94583434]
[4.02448465],[0.57434054],[1.35530654]
[2.27386639],[0.26127517],[0.39604847]
[1.53774098],[0.31895069],[0.35366726]
[2.26789024],[0.65554646],[0.99638054]
[2.40276376],[0.74441609],[1.33632559]
[2.43645935],[0.98289435],[1.93881969]
[2.50242507],[0.98937402],[2.05958942]
[2.4849864],[1.04512328],[2.23868588]
[2.52310195],[1.09762499],[2.41817704]
[2.55290072],[1.16798701],[2.65471484]
[2.61057104],[1.21156509],[2.87377073]
[2.7743765],[1.21936113],[3.02685638]
[2.8453596],[1.22701134],[3.1554923]
[2.90003078],[1.22436589],[3.17382089]
[2.95508805],[1.22623381],[3.20628815]
[2.99787303],[1.22354031],[3.19356882]
[3.04068281],[1.21763058],[3.20206347]
[3.08429827],[1.22311765],[3.19744722]
[3.12829469],[1.20338605],[3.2105247]
[3.16147491],[1.21702393],[3.21166156]
[3.20473046],[1.17351523],[3.20162792]
[3.23548082],[1.19147206],[3.20142698]
[3.2970978],[1.13848904],[3.20660648]
[3.29583188],[1.16259504],[3.18536628]
[3.38836865],[1.11454595],[3.21309775]
[3.36320932],[1.15561268],[3.18910248]
[3.46230151],[1.10425833],[3.2301292]
[3.42884627],[1.14766826],[3.19908304]
[3.52652788],[1.10177551],[3.24813505]
[3.48601425],[1.13988688],[3.22061059]
[3.58515612],[1.08421191],[3.25267846]
[3.58743715],[1.10175382],[3.24959131]
[3.65176137],[1.06129168],[3.26775406]
[3.64058138],[1.07797268],[3.25282036]
[3.6954062],[1.06477497],[3.28067806]
[3.6763497],[1.05250035],[3.2455184]
[3.69443054],[1.03993634],[3.24027169]
[3.702838],[1.02656714],[3.22248962]
[3.71605376],[1.02262681],[3.21483992]
[3.73238644],[1.01689966],[3.21193563]
[3.74374944],[1.01110189],[3.19821068]
[3.74804983],[1.00423213],[3.16639564]
[3.7656027],[0.99545837],[3.13823512]
[3.7555935],[0.98018159],[3.09802326]
[3.73100194],[0.97106449],[3.05135808]
[3.70569779],[0.96893093],[2.98368803]
[3.67169144],[0.96297606],[2.90888615]
[3.62507838],[0.96264209],[2.834545]
[3.56924836],[0.96586555],[2.73934847]
[3.52428668],[0.97005319],[2.64977778]
[3.47224072],[0.97373501],[2.55591127]
[3.40402489],[0.97546759],[2.44696771]
[3.35497075],[0.97511852],[2.3531737]
[3.29463093],[0.96777277],[2.25316784]
[6.877553],[1.7879359],[7.3050851]
[4.29081185],[1.08435626],[2.99678476]
[2.83178681],[0.63840989],[1.03266887]
[1.46189913],[0.3108684],[0.56320124]
[2.31528963],[0.69500862],[1.08901468]
[2.48812326],[0.87028827],[1.83281259]
[2.51641137],[1.03257651],[2.15166057]
[2.56743328],[1.06298191],[2.29878916]
[2.55505004],[1.10745245],[2.47441877]
[2.59151049],[1.15901996],[2.67199707]
[2.59240647],[1.22308961],[2.91003664]
[2.6369737],[1.28775935],[3.1825088]
[2.77521363],[1.28556101],[3.3130068]
[2.86627493],[1.30903072],[3.46035114]
[2.9270907],[1.2933144],[3.44556674]
[2.9951739],[1.30620417],[3.48285546]
[3.03467039],[1.29521121],[3.43452091]
[3.08857668],[1.2956039],[3.45979439]
[3.13160141],[1.29779665],[3.42901845]
[3.18881446],[1.27081174],[3.45520024]
[3.21842961],[1.28631021],[3.43530467]
[3.26681389],[1.24263807],[3.43749557]
[3.29248286],[1.26262659],[3.42161061]
[3.34190959],[1.21259922],[3.42420475]
[3.34667738],[1.23698561],[3.39623412]
[3.4183654],[1.1784386],[3.4017101]
[3.39982502],[1.21978026],[3.3758749]
[3.49432786],[1.16868595],[3.41112756]
[3.45899082],[1.21182863],[3.38089012]
[3.56057748],[1.16490021],[3.43365101]
[3.51341226],[1.20390043],[3.40355877]
[3.61530304],[1.14916541],[3.43486801]
[3.60742053],[1.16519579],[3.43061396]
[3.67440482],[1.12904074],[3.44270528]
[3.65681013],[1.14475718],[3.43369345]
[3.71408871],[1.13328434],[3.45631115]
[3.69239687],[1.122732],[3.42228667]
[3.71245841],[1.11210311],[3.41902132]
[3.73032383],[1.10057715],[3.41240133]
[3.75225577],[1.08945372],[3.4162002]
[3.77757177],[1.07889966],[3.42585642]
[3.7981633],[1.06727551],[3.42597788]
[3.80519197],[1.05385753],[3.40007124]
[3.81816411],[1.02490511],[3.37090033]
[3.82293983],[1.00998177],[3.32743128]
[3.83450047],[0.99057111],[3.29472124]
[3.83034638],[0.97954045],[3.26642709]
[3.80145369],[0.97295034],[3.21340004]
[3.7653216],[0.9697843],[3.13206912]
[3.72404071],[0.97209395],[3.03193994]
[3.67813815],[0.97412437],[2.94281128]
[3.62531065],[0.97449167],[2.84866785]
[3.55781974],[0.97763233],[2.74517541]
[3.50574489],[0.97961399],[2.65279657]
[3.45812906],[0.97301471],[2.55374913]
[7.27800654],[1.8806074],[8.33652825]
[4.86230119],[1.59680361],[4.73063979]
[3.06023039],[1.17977014],[2.03670286]
[1.82955435],[0.5815704],[0.78303427]
[2.26393037],[0.69261553],[1.08339506]
[2.56372562],[0.93978976],[1.99394845]
[2.59017347],[1.06908316],[2.3692821]
[2.62684235],[1.1184082],[2.51084429]
[2.59741985],[1.14871361],[2.62932608]
[2.63155905],[1.22466585],[2.87591417]
[2.63862048],[1.28431903],[3.128766]
[2.68228876],[1.35879072],[3.41753246]
[2.89719255],[1.35248101],[3.51952485]
[2.99462081],[1.37551185],[3.67787079]
[3.03988466],[1.35963022],[3.64807165]
[3.11286721],[1.36642177],[3.67960825]
[3.14443101],[1.3590992],[3.62689192]
[3.20330645],[1.34614652],[3.64509668]
[3.23656042],[1.34905836],[3.60300734]
[3.29901172],[1.32511752],[3.63983323]
[3.32432138],[1.33725643],[3.61143491]
[3.37829082],[1.30184628],[3.62833627]
[3.39428423],[1.32063957],[3.60355572]
[3.44257544],[1.27686277],[3.6195942]
[3.44843673],[1.30008825],[3.58906014]
[3.51210541],[1.24862811],[3.60332383]
[3.50674652],[1.28532175],[3.58074869]
[3.5957835],[1.24160908],[3.62943102]
[3.57191297],[1.27893765],[3.60123485]
[3.67183694],[1.23971824],[3.67117454]
[3.6202181],[1.27429596],[3.64429969]
[3.72819048],[1.22865235],[3.70197454]
[3.71153422],[1.24217523],[3.69962676]
[3.7788606],[1.21120653],[3.72550465]
[3.75353983],[1.22546076],[3.71388416]
[3.81306616],[1.21660407],[3.74204516]
[3.78707029],[1.20834934],[3.70812779]
[3.80455002],[1.20110104],[3.70533229]
[3.81929865],[1.19264083],[3.69782314]
[3.83776079],[1.1845081],[3.70111182]
[3.86032727],[1.1762368],[3.70818948]
[3.87767329],[1.16771101],[3.70803273]
[3.88482676],[1.15694278],[3.68539332]
[3.8968179],[1.13498443],[3.65932659]
[3.90122081],[1.10664856],[3.61447078]
[3.8992223],[1.07384059],[3.56586846]
[3.90797863],[1.03964624],[3.52301826]
[3.9028276],[1.01863463],[3.48261899]
[3.89193681],[1.01194319],[3.44842198]
[3.85925689],[1.01292797],[3.37922546]
[3.83032356],[1.01366121],[3.3092701]
[3.78772975],[1.01411739],[3.23463848]
[3.71974271],[1.01433657],[3.11718873]
[3.65904276],[1.01403077],[3.00668276]
[3.56706601],[1.00114759],[2.89672288]
[7.43818611],[1.89457093],[9.76183278]
[5.30071358],[1.7216139],[6.00992735]
[3.46549958],[1.47414307],[3.14407948]
[1.88903231],[1.13795089],[1.11525879]
[2.10313688],[0.68039642],[1.03558358]
[2.52606457],[0.96587247],[1.83141513]
[2.65000257],[1.08608262],[2.46789472]
[2.66929918],[1.15019734],[2.61993803]
[2.64144547],[1.18646965],[2.751078]
[2.66942792],[1.2537653],[2.96236933]
[2.6796691],[1.326547],[3.22368571]
[2.78735712],[1.40853391],[3.56381801]
[2.99518215],[1.39746419],[3.65121464]
[3.09056621],[1.41372324],[3.81824924]
[3.12715551],[1.39596695],[3.78407126]
[3.20191673],[1.39702494],[3.81403907]
[3.23193223],[1.38650264],[3.74952818]
[3.29183013],[1.37860195],[3.77768388]
[3.32070393],[1.3733441],[3.73044515]
[3.38209103],[1.35905063],[3.77772264]
[3.40188181],[1.36200584],[3.7350388]
[3.4542215],[1.33758847],[3.76300998]
[3.46783293],[1.34672995],[3.72458664]
[3.51130383],[1.31481373],[3.74907621]
[3.51596795],[1.33374584],[3.70519008]
[3.56796303],[1.28368752],[3.71129918]
[3.5668429],[1.31678806],[3.67529879]
[3.64411268],[1.27699927],[3.72023959]
[3.62249788],[1.31078409],[3.68222107]
[3.71464253],[1.27481783],[3.7570321]
[3.66820629],[1.30613843],[3.72610006]
[3.77695912],[1.26382682],[3.79134082]
[3.75761515],[1.27605235],[3.78858102]
[3.83901961],[1.24721623],[3.82189087]
[3.80593301],[1.26082753],[3.81560042]
[3.89377637],[1.25247465],[3.85189219]
[3.84708827],[1.24481838],[3.81654359]
[3.86738911],[1.23766837],[3.81852209]
[3.88482668],[1.22962182],[3.8158082]
[3.9058124],[1.22181687],[3.82476446]
[3.94664046],[1.21452031],[3.84242619]
[3.97843271],[1.20618958],[3.85279147]
[3.99189111],[1.19598633],[3.83457682]
[4.01294025],[1.17444978],[3.81088741]
[4.01796589],[1.14818389],[3.77043808]
[4.01358867],[1.11837963],[3.71937014]
[4.01655813],[1.08982454],[3.6735854]
[4.00278438],[1.05767157],[3.60482729]
[3.97604533],[1.02507417],[3.52545075]
[3.94335137],[1.00430763],[3.44791743]
[3.93986301],[0.99494849],[3.41017671]
[3.92276951],[0.99764331],[3.40584577]
[3.87680181],[1.00172667],[3.361122]
[3.82972564],[1.00356895],[3.29879306]
[3.62291575],[0.99389625],[3.18464211]
[7.58269244],[1.96776951],[10.99809475]
[5.41487757],[1.74080432],[7.01877552]
[3.97708586],[1.49586193],[4.07302049]
[2.44965216],[1.25843189],[1.87821712]
[1.73838546],[0.62150125],[0.89711157]
[2.36742426],[0.89470324],[1.61995431]
[2.63018878],[1.10973521],[2.50543939]
[2.67660128],[1.19646231],[2.70534187]
[2.64961529],[1.22210485],[2.82041881]
[2.67123666],[1.28864663],[3.02499836]
[2.68552402],[1.35487786],[3.2893717]
[2.88992417],[1.43200526],[3.72025371]
[3.08623473],[1.42846956],[3.81520836]
[3.17870291],[1.441508],[3.96733825]
[3.19294963],[1.42401175],[3.93292822]
[3.25990201],[1.42954378],[3.95400877]
[3.27858942],[1.41694766],[3.88136872]
[3.3346662],[1.41201762],[3.91417962]
[3.35567705],[1.40362242],[3.85938917]
[3.41522966],[1.39252605],[3.91067173]
[3.43506746],[1.38979362],[3.85879079]
[3.49219541],[1.36958507],[3.88773207]
[3.5034537],[1.37091977],[3.82828527]
[3.54588227],[1.34563471],[3.85216559]
[3.54813786],[1.3542223],[3.78667794]
[3.58721087],[1.31427148],[3.79201876]
[3.59286197],[1.33118695],[3.73981522]
[3.64905722],[1.30037762],[3.77938307]
[3.64041435],[1.32030275],[3.72826907]
[3.70716493],[1.29226955],[3.79046604]
[3.68342683],[1.30688388],[3.74048947]
[3.76202754],[1.28298354],[3.8037833]
[3.74460011],[1.29410032],[3.804386]
[3.83402989],[1.27425792],[3.83850338]
[3.79520302],[1.28763642],[3.84498612]
[3.92290449],[1.2838252],[3.881588]
[3.85254477],[1.27823227],[3.85374408]
[3.90502081],[1.27204253],[3.86943487]
[3.94238535],[1.26472894],[3.86366978]
[3.97621623],[1.25769941],[3.86763404]
[4.01969202],[1.25055635],[3.87939796]
[4.05062148],[1.24305248],[3.87370433]
[4.06671803],[1.23353495],[3.84053761]
[4.08635109],[1.21677626],[3.81530232]
[4.09511701],[1.1937182],[3.76113339]
[4.0952452],[1.1668774],[3.6799742]
[4.10312995],[1.13832509],[3.61727022]
[4.09940036],[1.10533334],[3.55377842]
[4.07579228],[1.06783081],[3.47111921]
[4.04052173],[1.0290071],[3.38277502]
[4.03497477],[0.98769199],[3.33134699]
[4.00955875],[0.98464794],[3.28492771]
[3.97014381],[0.98100054],[3.24421896]
[3.95411687],[0.98336959],[3.2554574]
[3.68973476],[0.98524747],[3.19387981]
[7.56796476],[2.03293779],[11.34393721]
[5.40519321],[1.79390238],[7.32047211]
[4.00861964],[1.57061556],[4.53249614]
[2.84665159],[1.4285361],[2.3718183]
[1.52968112],[0.84110858],[1.09272412]
[2.11916275],[0.93310412],[1.41085302]
[2.50569488],[1.07501577],[2.32663869]
[2.64160002],[1.15964979],[2.64439335]
[2.63674951],[1.17772377],[2.75481793]
[2.65293414],[1.2477807],[2.9276711]
[2.67369816],[1.32437592],[3.17976589]
[2.82794506],[1.41424112],[3.55508123]
[3.06537868],[1.40731043],[3.82274095]
[3.19029711],[1.41871038],[3.95642576]
[3.20413532],[1.39419461],[3.93747657]
[3.27562141],[1.4044837],[3.95759034]
[3.2914941],[1.38103808],[3.90046241]
[3.34414916],[1.38379993],[3.90632447]
[3.36047747],[1.36499642],[3.84929342]
[3.41727439],[1.35605005],[3.87218327]
[3.43176436],[1.34457551],[3.82097447]
[3.48395068],[1.32489026],[3.82683627]
[3.50010292],[1.31542918],[3.7764935]
[3.54446856],[1.2900446],[3.78040819]
[3.54367503],[1.28891866],[3.70955925]
[3.58000938],[1.24173426],[3.62149976]
[3.58225772],[1.25010727],[3.59991119]
[3.61986569],[1.21071606],[3.52946809]
[3.61919911],[1.23335762],[3.53223895]
[3.65669079],[1.20953575],[3.49013579]
[3.65963014],[1.21378581],[3.50525803]
[3.70105344],[1.18604996],[3.45238911]
[3.71476892],[1.20066458],[3.50634583]
[3.75596195],[1.16822256],[3.47081004]
[3.7543474],[1.1908357],[3.51976338]
[3.78131788],[1.18557693],[3.49904279]
[3.78666845],[1.18112476],[3.49752545]
[3.80225774],[1.17808466],[3.50397268]
[3.81781772],[1.17560454],[3.49942057]
[3.83541369],[1.1727797],[3.5112488]
[3.8535015],[1.16994693],[3.51676443]
[3.86940928],[1.16725718],[3.51619471]
[3.89043518],[1.16251213],[3.50439113]
[3.91069242],[1.15435527],[3.48289671]
[3.92573297],[1.1403944],[3.44164986]
[3.95086682],[1.12452522],[3.38277523]
[3.99406048],[1.10756773],[3.35168299]
[4.02891131],[1.09034575],[3.31187678]
[4.02353279],[1.07263614],[3.26260366]
[4.0060978],[1.04985925],[3.20521987]
[4.0138415],[1.02091832],[3.15957969]
[4.00659456],[0.97916135],[3.11562294]
[3.98532582],[0.95266143],[3.05131169]
[3.9706388],[0.95338796],[3.04640815]
[3.71563584],[0.9557978],[2.99804837]
[7.84701068],[2.09152214],[11.81237499]
[5.58376488],[1.86506579],[7.6367051]
[4.153788],[1.64710841],[4.85911378]
[2.99439937],[1.52493916],[2.74951045]
[1.69456057],[1.10712237],[1.48608165]
[2.24531879],[0.96944801],[1.65719408]
[2.62499658],[1.1071617],[2.5585225]
[2.64943319],[1.17858095],[2.73412632]
[2.64517273],[1.19622468],[2.865758]
[2.65947125],[1.26440301],[3.02842414]
[2.73516852],[1.33997477],[3.29960626]
[2.96218701],[1.43381032],[3.66322817]
[3.14681859],[1.42311667],[3.93781124]
[3.24873557],[1.43836019],[4.06759085]
[3.28070329],[1.41015548],[4.05192731]
[3.31626512],[1.42270317],[4.06244055]
[3.32908646],[1.39644173],[4.01417394]
[3.37668232],[1.39926566],[4.00713942]
[3.39330613],[1.3788033],[3.96560349]
[3.44530756],[1.37395085],[3.97616599]
[3.45984955],[1.35645659],[3.93815258]
[3.50953118],[1.3453101],[3.93485854]
[3.5265058],[1.32549926],[3.89622876]
[3.56644413],[1.30944373],[3.85049151]
[3.56722893],[1.2962386],[3.80321201]
[3.6096917],[1.28892223],[3.70648148]
[3.60633469],[1.29007462],[3.69445657]
[3.67925507],[1.28879031],[3.61124419]
[3.64202876],[1.28245714],[3.63074859]
[3.74338273],[1.27709238],[3.58507265]
[3.69011609],[1.27073846],[3.61386815]
[3.82520548],[1.26046037],[3.56184652]
[3.7860111],[1.25572355],[3.63335672]
[3.9093361],[1.24429712],[3.61197218]
[3.85276707],[1.23545601],[3.65113882]
[3.91328762],[1.221719],[3.6267121]
[3.8409308],[1.20956635],[3.60987714]
[3.84176504],[1.19885184],[3.61008389]
[3.85175903],[1.18477187],[3.59755276]
[3.8654833],[1.1723659],[3.60334033]
[3.88115203],[1.16162113],[3.60713689]
[3.89325286],[1.15447814],[3.59782469]
[3.90753403],[1.14817123],[3.56894324]
[3.92217578],[1.13791035],[3.52912187]
[3.94249285],[1.12092172],[3.47819741]
[3.97671056],[1.10079754],[3.40857668]
[4.01877239],[1.08169759],[3.36653889]
[4.05882188],[1.06243651],[3.31521325]
[4.05446203],[1.04259333],[3.25618569]
[4.03775582],[1.02162733],[3.18986976]
[4.04467983],[1.00068425],[3.14030481]
[4.03378147],[0.97679031],[3.08005716]
[4.0008212],[0.95773286],[3.01519104]
[3.98128574],[0.94287606],[2.99324014]
[3.7410654],[0.94688196],[2.91773138]
[7.81737219],[2.14188168],[12.02045674]
[5.66168319],[1.92989543],[7.86868205]
[4.25490375],[1.71215257],[5.04666812]
[3.02435187],[1.5761473],[2.95160681]
[1.92174169],[1.27783318],[1.83984992]
[2.46043787],[0.98936399],[2.05645461]
[2.65819303],[1.13155086],[2.66233832]
[2.65572814],[1.20227006],[2.82287461]
[2.65293081],[1.22040742],[2.96787114]
[2.67283696],[1.29342023],[3.14404218]
[2.86686176],[1.37114811],[3.45171791]
[3.06174776],[1.45053839],[3.81403108]
[3.20990882],[1.43910477],[4.04932763]
[3.29804139],[1.45476042],[4.15524887]
[3.35073546],[1.42466437],[4.14820427]
[3.35163261],[1.43447872],[4.13741896]
[3.36224648],[1.40762922],[4.09382962]
[3.40738421],[1.40995145],[4.07518451]
[3.42244993],[1.3896022],[4.03540919]
[3.47101793],[1.38457672],[4.03549485]
[3.48614665],[1.36737693],[4.00396954]
[3.54390932],[1.35690806],[4.00251514]
[3.55096134],[1.33816814],[3.96062576]
[3.69020512],[1.33479796],[3.91378755]
[3.59942859],[1.32599122],[3.85203138]
[3.7541247],[1.31471849],[3.7646544]
[3.64732821],[1.31006392],[3.74236691]
[3.83084712],[1.30740938],[3.65371698]
[3.70997679],[1.3006939],[3.68979524]
[3.89031132],[1.29565067],[3.6420512]
[3.80373164],[1.28941893],[3.67482492]
[3.96247658],[1.27890758],[3.6269134]
[3.94882228],[1.27394658],[3.69693936]
[4.03272863],[1.2621663],[3.68795641]
[4.0106594],[1.25320593],[3.71917286]
[4.04899528],[1.24203182],[3.69579309]
[4.01208764],[1.23343833],[3.67528052]
[4.00352416],[1.22743326],[3.67818276]
[3.9944564],[1.21625531],[3.66323995]
[3.99427994],[1.20418597],[3.66589803]
[4.02667476],[1.19226576],[3.66432364]
[4.06404384],[1.17837914],[3.65647416]
[4.04921231],[1.14936325],[3.60734121]
[4.05174367],[1.12242114],[3.55737908]
[4.04136924],[1.09815006],[3.49196262]
[4.05245325],[1.07561136],[3.41245091]
[4.07484248],[1.05443222],[3.36414901]
[4.11698832],[1.03294081],[3.31533857]
[4.11436938],[1.01078206],[3.25155949]
[4.09790243],[0.98760865],[3.17970202]
[4.10074333],[0.97304993],[3.12564899]
[4.09082778],[0.96462622],[3.06678555]
[4.05889474],[0.95350151],[2.99430227]
[4.03629552],[0.94337712],[2.96449458]
[3.78652733],[0.93203198],[2.86218043]
[7.89580946],[2.17912329],[12.1810604]
[5.73083043],[1.95782064],[8.01141168]
[4.31875307],[1.82397082],[5.18900451]
[3.06022053],[1.62827058],[3.14820159]
[2.30935897],[1.3484439],[2.31110556]
[2.55449403],[1.02526932],[2.43266391]
[2.65901621],[1.15511689],[2.7640541]
[2.65735452],[1.22496575],[2.9175791]
[2.66531793],[1.26891372],[3.08003937]
[2.80200955],[1.34136376],[3.29779588]
[2.96872261],[1.41821507],[3.61881691]
[3.14340073],[1.46746718],[3.97267363]
[3.26234741],[1.45570928],[4.16566286]
[3.33896664],[1.47341856],[4.25717179]
[3.40477898],[1.44258413],[4.26655339]
[3.3776489],[1.45438692],[4.23315008]
[3.38733081],[1.4265648],[4.19881486]
[3.43158589],[1.42716503],[4.16671961]
[3.43926531],[1.40348302],[4.13056099]
[3.53302984],[1.39757396],[4.13560991]
[3.50768025],[1.37943278],[4.09742232]
[3.68473799],[1.37196684],[4.12346939]
[3.63789823],[1.36668584],[4.06811436]
[3.81795087],[1.36105437],[4.01424468]
[3.73782354],[1.35072617],[3.94265587]
[3.875436],[1.33937404],[3.84680928]
[3.80951292],[1.33286705],[3.82216865]
[3.94204671],[1.33037372],[3.73996673]
[3.86850499],[1.32355309],[3.7764605]
[3.99499298],[1.31859202],[3.73521652]
[3.94382841],[1.31218709],[3.77246216]
[4.05928303],[1.30168086],[3.72020493]
[4.06341977],[1.29621925],[3.78056535]
[4.1221401],[1.28481542],[3.77770252]
[4.12295845],[1.2761538],[3.80227661]
[4.14844396],[1.26481452],[3.78923208]
[4.13417492],[1.2557803],[3.76666383]
[4.12715812],[1.24915646],[3.76192066]
[4.12651177],[1.23856399],[3.74461695]
[4.15642445],[1.2300659],[3.75380528]
[4.19759397],[1.22252782],[3.76028708]
[4.22619576],[1.21182593],[3.75181841]
[4.2138138],[1.1874811],[3.69782733]
[4.21513772],[1.15069121],[3.64268567]
[4.20615387],[1.11065279],[3.57646321]
[4.18267652],[1.07059036],[3.47909513]
[4.1705142],[1.04617149],[3.41160094]
[4.18738405],[1.02286109],[3.35575062]
[4.17754582],[1.00203031],[3.28682157]
[4.15444683],[0.99056953],[3.20749869]
[4.15758145],[0.98237022],[3.14499183]
[4.14722725],[0.97423002],[3.08597578]
[4.11764652],[0.96348864],[3.00682803]
[4.09621067],[0.95361537],[2.96952875]
[3.84798834],[0.9425343],[2.86690042]
[7.88952421],[2.18560468],[11.73234407]
[5.79063612],[1.95208409],[7.80460006]
[4.33155339],[1.83048096],[5.14653869]
[3.07118857],[1.6319918],[3.1856414]
[2.32391303],[1.22682578],[2.41866971]
[2.54655759],[1.04889585],[2.56841309]
[2.64654738],[1.1836881],[2.85141957]
[2.65827076],[1.27275246],[3.00315108]
[2.69548653],[1.31672659],[3.18935048]
[2.92481432],[1.38512111],[3.44396148]
[3.06947636],[1.45465029],[3.76823957]
[3.21033448],[1.48189758],[4.09509922]
[3.3017715],[1.46979258],[4.26333226]
[3.38669222],[1.48818554],[4.35289568]
[3.43586015],[1.45792783],[4.36476713]
[3.43879548],[1.4712884],[4.33549065]
[3.41669643],[1.44286323],[4.3032985]
[3.54690753],[1.4454025],[4.28698498]
[3.47064633],[1.42161211],[4.23309133]
[3.67174019],[1.41699983],[4.2649223]
[3.62815375],[1.40281859],[4.22497012]
[3.79316307],[1.39554992],[4.23107897]
[3.77999809],[1.38983733],[4.1873913]
[3.90434401],[1.383566],[4.08847083]
[3.86888785],[1.37334552],[4.0264801]
[3.96122759],[1.36205707],[3.89696145]
[3.92638884],[1.35317477],[3.89461073]
[4.02068708],[1.35060915],[3.82115084]
[3.98232422],[1.34376389],[3.85467371]
[4.07191693],[1.33922673],[3.80958502]
[4.04479418],[1.33269296],[3.85940269]
[4.12952047],[1.32206076],[3.79426339]
[4.14600418],[1.31651586],[3.85297291]
[4.18809193],[1.3049252],[3.84513223]
[4.20356398],[1.29564815],[3.86553122]
[4.22276544],[1.28434267],[3.85683885]
[4.22243828],[1.2752251],[3.83600081]
[4.21703981],[1.26844261],[3.8322957]
[4.22932167],[1.25791055],[3.81552535]
[4.25559133],[1.24920448],[3.82413369]
[4.28834633],[1.2416687],[3.82663034]
[4.31157977],[1.22997428],[3.8142327]
[4.31089968],[1.21274013],[3.77493418]
[4.31325113],[1.18434269],[3.72303022]
[4.30627213],[1.14597945],[3.65928515]
[4.2885443],[1.09982601],[3.55630621]
[4.27991446],[1.06330077],[3.4852091]
[4.27911127],[1.03820404],[3.40952662]
[4.24154327],[1.01640342],[3.31537975]
[4.20640347],[0.99925572],[3.22257347]
[4.19487],[0.99066563],[3.15914607]
[4.17147124],[0.98280511],[3.09320992]
[4.13572311],[0.97318638],[3.01414931]
[4.11343518],[0.96365191],[2.96603435]
[3.86639206],[0.95267816],[2.86172976]
[7.89574249],[2.19928536],[11.80758465]
[5.80568362],[1.96572182],[7.81677964]
[4.3775763],[1.82802966],[5.18021654]
[3.2120604],[1.6603062],[3.43181371]
[2.36134822],[1.25808006],[2.62742904]
[2.55449311],[1.09495845],[2.74342552]
[2.65802757],[1.25261959],[3.0000784]
[2.67656773],[1.33114907],[3.1410856]
[2.80537728],[1.36714249],[3.38037102]
[3.01910544],[1.42325626],[3.60855586]
[3.14527962],[1.49183019],[3.946488]
[3.26462076],[1.50636872],[4.24177625]
[3.34810649],[1.49272848],[4.39712709]
[3.5038671],[1.5127301],[4.50424708]
[3.50300673],[1.48317706],[4.53055237]
[3.58815426],[1.49730766],[4.5114674]
[3.52494448],[1.47084283],[4.49489829]
[3.67799278],[1.47463905],[4.46889021]
[3.62318151],[1.4515279],[4.44064266]
[3.77949747],[1.44915012],[4.45169332]
[3.76442707],[1.43551021],[4.4293518]
[3.88675606],[1.42812024],[4.42877154]
[3.89122524],[1.42142401],[4.39226085]
[3.98649751],[1.4136078],[4.38102324]
[3.96881638],[1.4033987],[4.28536246]
[4.03859522],[1.39269774],[4.13883363]
[4.02065384],[1.38415565],[4.09278013]
[4.09439454],[1.38165457],[4.00665798]
[4.07363906],[1.37558643],[4.04043835]
[4.14433436],[1.37143883],[3.99405661]
[4.13065782],[1.36468606],[4.04889898]
[4.19972569],[1.35367272],[3.98456389]
[4.2211427],[1.34578212],[4.04608238]
[4.25445161],[1.33541154],[4.05420926]
[4.27923576],[1.32608468],[4.05610887]
[4.30462335],[1.31463821],[4.05695447]
[4.30001635],[1.30530265],[4.01459204]
[4.3079559],[1.29802665],[4.01232634]
[4.32590273],[1.28768837],[4.00106555]
[4.34854754],[1.27880589],[4.00466287]
[4.37542289],[1.27140341],[4.00031164]
[4.39228565],[1.25958567],[3.98430984]
[4.39271591],[1.24239513],[3.94147545]
[4.39386869],[1.22054382],[3.88901019]
[4.39014591],[1.19359963],[3.8256327]
[4.37743778],[1.16045277],[3.73061991]
[4.37147089],[1.11961917],[3.65825805]
[4.3716145],[1.07606254],[3.58181215]
[4.35276729],[1.04498487],[3.48916955]
[4.29251023],[1.02217561],[3.3742275]
[4.2714602],[1.00444171],[3.28941809]
[4.25025777],[0.99489588],[3.2117138]
[4.21207291],[0.98482121],[3.12121347]
[4.17924161],[0.97561043],[3.0666909]
[3.916473],[0.96493774],[2.93282838]
[7.88588476],[2.2166239],[11.74444252]
[5.74039133],[2.0328498],[7.7247342]
[4.28322494],[1.83670615],[5.06773871]
[3.12998183],[1.67076929],[3.41798795]
[2.38338332],[1.2759352],[2.73268494]
[2.5630116],[1.16216651],[2.86832018]
[2.66821666],[1.29708713],[3.11272732]
[2.75261857],[1.36044577],[3.25596138]
[2.90372494],[1.39964979],[3.53207866]
[3.08958937],[1.45229288],[3.74855217]
[3.20325356],[1.51814683],[4.0827485]
[3.34599544],[1.53382777],[4.37849684]
[3.40242024],[1.51632249],[4.53423949]
[3.62665665],[1.53604899],[4.67864396]
[3.57593999],[1.50736303],[4.70540628]
[3.69797865],[1.52153302],[4.69166031]
[3.66974609],[1.4958394],[4.6763203]
[3.77808672],[1.49976229],[4.66245382]
[3.74992606],[1.47799818],[4.63569142]
[3.85876479],[1.47604134],[4.64374118]
[3.86054157],[1.46671536],[4.63279173]
[3.95278566],[1.45984469],[4.62015869]
[3.9679702],[1.45339604],[4.60150079]
[4.0423306],[1.44615321],[4.57634364]
[4.04120902],[1.43596879],[4.52516652]
[4.09393951],[1.42454062],[4.35589588]
[4.08777988],[1.41244307],[4.27910069]
[4.14533239],[1.40900978],[4.17667216]
[4.13737922],[1.40243214],[4.20695481]
[4.19447303],[1.39824717],[4.14548469]
[4.19492088],[1.39198335],[4.2016521]
[4.25790215],[1.38101296],[4.14572954]
[4.31361662],[1.37030042],[4.19631362]
[4.33445774],[1.36121094],[4.22301693]
[4.38491408],[1.35067182],[4.20796419]
[4.39679241],[1.33898728],[4.21839753]
[4.42337625],[1.32953934],[4.18198618]
[4.40390478],[1.32206026],[4.16849331]
[4.41177948],[1.31206308],[4.15910969]
[4.42554566],[1.30249294],[4.14959867]
[4.44232413],[1.29411484],[4.14085327]
[4.45373391],[1.28079498],[4.1164588]
[4.45586613],[1.2626073],[4.0656905]
[4.4569183],[1.24285309],[3.99933929]
[4.45522166],[1.21572258],[3.92793539]
[4.44626479],[1.18324741],[3.83345762]
[4.44229172],[1.15331588],[3.75483095]
[4.44255518],[1.11901101],[3.68077527]
[4.43524649],[1.07405055],[3.59028724]
[4.39609635],[1.03966969],[3.47136003]
[4.35801639],[1.02193298],[3.37474828]
[4.32100886],[1.00417615],[3.28095142]
[4.2881142],[0.9937867],[3.18975979]
[4.26093357],[0.9840254],[3.13044097]
[3.99844353],[0.97296138],[2.9938413]
[7.8820729],[2.19335919],[10.9396667]
[5.67404089],[2.04739256],[7.29279317]
[4.14998406],[1.82464786],[4.71004113]
[2.99491037],[1.64921181],[3.13551904]
[2.39753866],[1.11215677],[2.62231965]
[2.56365578],[1.20583734],[2.94118801]
[2.70101429],[1.33179391],[3.21253124]
[2.88178802],[1.38832685],[3.39029777]
[3.0011892],[1.42860875],[3.67664876]
[3.14425916],[1.47750144],[3.88313088]
[3.26352867],[1.54245469],[4.21436341]
[3.43710642],[1.55756019],[4.50950725]
[3.51403698],[1.54147913],[4.67274881]
[3.72306717],[1.55231574],[4.84245821]
[3.7018418],[1.52721309],[4.86892878]
[3.78031206],[1.53916927],[4.84894594]
[3.77261479],[1.51850783],[4.84362703]
[3.85203128],[1.51839445],[4.82933585]
[3.8443938],[1.50723499],[4.81531546]
[3.92056204],[1.50299398],[4.81029566]
[3.92903709],[1.49584717],[4.80573968]
[3.99740343],[1.48900707],[4.78148691]
[4.01800649],[1.48286877],[4.77296861]
[4.08420204],[1.47610332],[4.74091747]
[4.09979033],[1.46656566],[4.71624971]
[4.1493405],[1.45493639],[4.54295711]
[4.16492556],[1.44193677],[4.44154002]
[4.21660461],[1.43677382],[4.3518956]
[4.22758631],[1.4292647],[4.37650737]
[4.27542092],[1.42379934],[4.31051973]
[4.29545868],[1.41580319],[4.37622907]
[4.35020602],[1.40512827],[4.32381898]
[4.41824502],[1.39220428],[4.36370351]
[4.42175265],[1.38496473],[4.38126837]
[4.4923235],[1.37422186],[4.36794286]
[4.48254232],[1.36195622],[4.36827757]
[4.52993957],[1.35210748],[4.33863952]
[4.50169199],[1.34418935],[4.3157577]
[4.50729342],[1.33340706],[4.29896506]
[4.51811328],[1.32388695],[4.28331863]
[4.53027649],[1.31369936],[4.27031203]
[4.53731808],[1.29929023],[4.24410509]
[4.52247386],[1.2807459],[4.18937591]
[4.51583309],[1.26209106],[4.12528277]
[4.50235068],[1.23389352],[4.0401481]
[4.49551025],[1.2015414],[3.93861466]
[4.49263705],[1.17070055],[3.85478409]
[4.49223245],[1.1403524],[3.77780602]
[4.49059027],[1.10734675],[3.69455265]
[4.4644883],[1.05811693],[3.57629741]
[4.43570736],[1.03607916],[3.46867041]
[4.39676376],[1.01796485],[3.37110794]
[4.33874959],[1.00272852],[3.2591584]
[4.31537892],[0.99308524],[3.19310428]
[4.05765509],[0.98193922],[3.05302983]
[8.03019574],[2.20697857],[11.04520326]
[5.77674037],[2.06564901],[7.28515949]
[4.15899711],[1.82339183],[4.64669367]
[3.02663571],[1.6376303],[3.19607744]
[2.42343891],[1.06212504],[2.70985659]
[2.58770887],[1.2567538],[3.06189274]
[2.78739563],[1.37235469],[3.36998473]
[2.98613427],[1.42305343],[3.5518468]
[3.08723935],[1.46112151],[3.85358603]
[3.25005574],[1.50846758],[4.06898535]
[3.34269127],[1.57485745],[4.38739945]
[3.56779509],[1.59020908],[4.70681209]
[3.64248983],[1.57666047],[4.87090913]
[3.8091859],[1.57290975],[5.02845312]
[3.79802717],[1.5562953],[5.06677712]
[3.85522019],[1.5614099],[5.03814864]
[3.85535294],[1.54867358],[5.04142502]
[3.91732862],[1.54362203],[5.02864435]
[3.91960616],[1.5393389],[5.02892555]
[3.9786457],[1.53609256],[5.02125807]
[4.01091587],[1.52979513],[5.0329569]
[4.07683287],[1.52210629],[5.00990481]
[4.12203469],[1.51457066],[5.01655443]
[4.18504638],[1.50853505],[4.9851336]
[4.21271496],[1.49979555],[4.97961762]
[4.25186618],[1.48863208],[4.88536639]
[4.27508879],[1.47659781],[4.8121523]
[4.31757733],[1.47146854],[4.66311372]
[4.33979282],[1.46418358],[4.65328745]
[4.37815486],[1.45889745],[4.60769745]
[4.40952423],[1.45130978],[4.6275478]
[4.452027],[1.4400081],[4.59679253]
[4.53737126],[1.42528868],[4.62976856]
[4.51424608],[1.41666406],[4.65060926]
[4.61108692],[1.40590211],[4.63286419]
[4.58763249],[1.39366075],[4.60857554]
[4.65604246],[1.38304436],[4.58664443]
[4.60378554],[1.37395976],[4.53836652]
[4.60625451],[1.36350801],[4.51465534]
[4.614499],[1.35341142],[4.49178245]
[4.62272557],[1.34176994],[4.47309854]
[4.62402346],[1.32818451],[4.44300926]
[4.6086494],[1.31032532],[4.39325325]
[4.596791],[1.29380709],[4.32941132]
[4.5802885],[1.2683693],[4.24299524]
[4.55685382],[1.2375727],[4.13413314]
[4.54059427],[1.2084684],[4.03380258]
[4.54036298],[1.1787692],[3.94108785]
[4.54101188],[1.14737318],[3.85810016]
[4.5263292],[1.11122918],[3.75635221]
[4.50649],[1.07659543],[3.66007285]
[4.47972551],[1.0444089],[3.54985981]
[4.43596782],[1.02388313],[3.42578888]
[4.38891372],[1.00542401],[3.32487654]
[4.12330963],[0.99399152],[3.17651396]
[8.05893188],[2.23335961],[11.16519875]
[5.73830316],[2.10111307],[7.28074304]
[4.11807524],[1.81877436],[4.58169634]
[2.97609534],[1.62730247],[3.21457054]
[2.43904211],[1.0157484],[2.73031744]
[2.60011866],[1.29488377],[3.12787387]
[2.86182281],[1.40386527],[3.50773915]
[3.04691031],[1.45131408],[3.66675407]
[3.13936101],[1.48993154],[3.99260222]
[3.32901931],[1.53517867],[4.22574144]
[3.40159171],[1.59765305],[4.54741064]
[3.65247208],[1.61226129],[4.87297276]
[3.72330164],[1.59915852],[5.02922801]
[3.86833509],[1.58825729],[5.17643463]
[3.86516653],[1.58100434],[5.22084662]
[3.91494079],[1.57719255],[5.19078421]
[3.92323854],[1.57392319],[5.20847758]
[3.98624806],[1.56923416],[5.19761467]
[3.99900639],[1.56538465],[5.20423661]
[4.05594678],[1.56214186],[5.19634816]
[4.09402365],[1.5563835],[5.21368402]
[4.153771],[1.54928129],[5.19091345]
[4.20143436],[1.54150378],[5.19988188]
[4.25379031],[1.5348877],[5.17109734]
[4.29023453],[1.52633323],[5.17138991]
[4.3178738],[1.51749716],[5.09779062]
[4.35062791],[1.50956673],[5.05639654]
[4.38632923],[1.5059141],[4.96890116]
[4.42437135],[1.5027588],[4.97991532]
[4.47236689],[1.5014494],[4.98046477]
[4.53338827],[1.49768726],[5.01994676]
[4.58685389],[1.48719583],[5.02624674]
[4.67819496],[1.4699496],[5.094692]
[4.67682274],[1.45888763],[5.09516977]
[4.7594385],[1.44416072],[5.09669382]
[4.76158759],[1.42858314],[5.03221042]
[4.81322546],[1.41428627],[4.98747536]
[4.78658249],[1.40134556],[4.9004201]
[4.771639],[1.38709736],[4.8315062]
[4.7721424],[1.37577196],[4.77236277]
[4.77191892],[1.36045092],[4.71796455]
[4.74449141],[1.34695725],[4.6497529]
[4.69076259],[1.32900896],[4.56633327]
[4.66966965],[1.31224275],[4.48476958]
[4.65548965],[1.28705516],[4.39757636]
[4.63298378],[1.25581623],[4.28518238]
[4.61638687],[1.22577132],[4.18038339]
[4.60225819],[1.1955931],[4.07264045]
[4.59030051],[1.16353508],[3.96747345]
[4.56939342],[1.12675356],[3.86396597]
[4.55578577],[1.09161437],[3.77148008]
[4.53580879],[1.0587834],[3.66987804]
[4.50400674],[1.03638894],[3.5454301]
[4.47061323],[1.01537991],[3.44447424]
[4.18263151],[0.99953881],[3.27199319]
[8.17393154],[2.25680324],[11.25128237]
[5.83638889],[2.11109246],[7.2553662]
[4.15151833],[1.81701994],[4.48724271]
[2.97469263],[1.59090882],[3.11349104]
[2.44580033],[1.02743864],[2.70556953]
[2.60491951],[1.30966838],[3.15442549]
[2.88818934],[1.41858673],[3.57045944]
[3.08205666],[1.46970207],[3.74334662]
[3.18952617],[1.51015845],[4.08447406]
[3.38138526],[1.55567387],[4.37531784]
[3.45969536],[1.6181018],[4.7009494]
[3.71636666],[1.63315936],[5.00796047]
[3.7861351],[1.62155642],[5.16883648]
[3.90949854],[1.60953113],[5.30684749]
[3.94274322],[1.60171795],[5.36946653]
[3.98395475],[1.59740367],[5.33482126]
[3.99975247],[1.59393404],[5.35590817]
[4.05044975],[1.58932876],[5.33970355]
[4.07216513],[1.58660989],[5.35607699]
[4.11601548],[1.58509893],[5.35270416]
[4.15577062],[1.58148954],[5.3801277]
[4.19853315],[1.57752596],[5.38191585]
[4.24897387],[1.57373118],[5.40783]
[4.29381815],[1.57033012],[5.43981478]
[4.34341637],[1.56512665],[5.45512561]
[4.38426757],[1.55870428],[5.4829643]
[4.44143291],[1.5524315],[5.4793337]
[4.49755571],[1.54872498],[5.43989438]
[4.54453895],[1.54727639],[5.41470357]
[4.59859442],[1.54716355],[5.43247033]
[4.64431327],[1.54654517],[5.47256885]
[4.69956499],[1.53800313],[5.4995963]
[4.77183434],[1.5230837],[5.56332426]
[4.78531354],[1.51359189],[5.56986066]
[4.85569814],[1.49993787],[5.58542308]
[4.87186138],[1.48482405],[5.52988961]
[4.91921758],[1.47073575],[5.48492991]
[4.92699639],[1.45652314],[5.39624337]
[4.90522437],[1.4401243],[5.31385314]
[4.90841784],[1.42510014],[5.23660334]
[4.91268219],[1.40692892],[5.16715897]
[4.89213453],[1.38745468],[5.07855935]
[4.85516534],[1.36224585],[4.93962836]
[4.81449467],[1.33929678],[4.78297772]
[4.76321516],[1.30906698],[4.61121693]
[4.70207555],[1.27558755],[4.4580022]
[4.67255635],[1.24440209],[4.32443274]
[4.65127554],[1.21304494],[4.19596004]
[4.63889712],[1.18093346],[4.07764477]
[4.61595219],[1.14418106],[3.95708991]
[4.5821243],[1.10914913],[3.85954455]
[4.56620415],[1.07816473],[3.76066283]
[4.54055634],[1.0483564],[3.6415375]
[4.51371602],[1.02613546],[3.53745459]
[4.23402322],[1.00494454],[3.35776249]
[8.28296961],[2.2424238],[10.67987999]
[5.88685604],[2.09462893],[6.85606261]
[4.1736279],[1.78583829],[4.1250012]
[2.93102721],[1.42213986],[2.86160903]
[2.44382175],[1.06657628],[2.58942757]
[2.6026573],[1.32259112],[3.15551459]
[2.92237299],[1.42944911],[3.62505505]
[3.12202282],[1.48298199],[3.81397121]
[3.22779792],[1.5250868],[4.15339291]
[3.43853403],[1.57057971],[4.50118922]
[3.52839735],[1.63186824],[4.82979942]
[3.76808373],[1.64678914],[5.11538768]
[3.83513572],[1.63648138],[5.27316283]
[3.97204388],[1.62547272],[5.4141387]
[4.01767072],[1.61837662],[5.4807133]
[4.0481927],[1.61568202],[5.45163699]
[4.07020418],[1.61374476],[5.48160257]
[4.10890932],[1.61162527],[5.48310498]
[4.14183156],[1.61085157],[5.51708713]
[4.17319493],[1.61058342],[5.54279613]
[4.21883167],[1.61000608],[5.58187991]
[4.25816922],[1.6078986],[5.61611725]
[4.33978458],[1.60591391],[5.66251386]
[4.40368332],[1.60504386],[5.7271181]
[4.45530944],[1.61133517],[5.76335151]
[4.50091628],[1.6172753],[5.82550742]
[4.55169325],[1.62134715],[5.85269772]
[4.61373496],[1.61406434],[5.88171772]
[4.65426354],[1.60448487],[5.86543056]
[4.71448793],[1.59675582],[5.90683446]
[4.75391026],[1.58957336],[5.94724693]
[4.82307499],[1.58163294],[5.97519395]
[4.8790394],[1.56623111],[6.03520381]
[4.92368275],[1.55662863],[6.04145629]
[4.96940647],[1.54313356],[6.03541909]
[5.02095007],[1.52773025],[5.98788336]
[5.05331712],[1.51355221],[5.92816334]
[5.09217057],[1.49921633],[5.82541579]
[5.05881206],[1.48306641],[5.72093912]
[5.05956279],[1.46769316],[5.63515198]
[5.05435968],[1.44954111],[5.55367969]
[5.0279796],[1.4281725],[5.4566985]
[4.98574643],[1.40264753],[5.31120206]
[4.95577621],[1.37720306],[5.15098909]
[4.92897791],[1.34796693],[4.9850108]
[4.87795401],[1.31049251],[4.77066458]
[4.82712895],[1.27376852],[4.56757442]
[4.7686078],[1.23508683],[4.38204096]
[4.71713354],[1.19461047],[4.22398963]
[4.68367719],[1.15547435],[4.06994894]
[4.63814095],[1.11922663],[3.94138646]
[4.58863538],[1.09008721],[3.82634305]
[4.56539269],[1.06006549],[3.7074905]
[4.54117791],[1.03181895],[3.60452601]
[4.26979266],[1.01095346],[3.42453114]
[8.55037725],[2.2649413],[10.96458811]
[6.15098037],[2.10204228],[6.96024281]
[4.37231638],[1.77750575],[4.14610492]
[3.00629131],[1.37274177],[2.9258144]
[2.46069741],[1.10458432],[2.69790504]
[2.61712706],[1.34371778],[3.22396651]
[2.96178601],[1.44798586],[3.71271551]
[3.17809084],[1.50167277],[3.90995708]
[3.27844126],[1.5457653],[4.25721317]
[3.51109215],[1.58958989],[4.65065765]
[3.61049946],[1.65344555],[4.97943169]
[3.80912791],[1.66833452],[5.24939169]
[3.90192055],[1.66136038],[5.41019616]
[4.03040849],[1.65441733],[5.56264675]
[4.08249698],[1.644939],[5.64830113]
[4.10700335],[1.64190326],[5.65169516]
[4.14096643],[1.64272516],[5.70000876]
[4.18361333],[1.6422162],[5.73895008]
[4.24416723],[1.64336526],[5.79905702]
[4.28553427],[1.64465832],[5.85013404]
[4.35557162],[1.65283535],[5.92202022]
[4.41462945],[1.66279813],[5.9865108]
[4.48387333],[1.67384259],[6.05902757]
[4.55450093],[1.68315962],[6.15441755]
[4.60102577],[1.69445451],[6.22505623]
[4.65912868],[1.70494015],[6.31457475]
[4.69284415],[1.71209377],[6.36026014]
[4.76807885],[1.70788951],[6.42266899]
[4.78385381],[1.70389923],[6.43360294]
[4.87889315],[1.69728325],[6.4756752]
[4.89211951],[1.69112087],[6.51154242]
[4.98426745],[1.68646208],[6.56650231]
[5.02259504],[1.64989076],[6.61547691]
[5.08363429],[1.6340607],[6.6326301]
[5.10996067],[1.58940876],[6.61371147]
[5.17996122],[1.57447289],[6.58545161]
[5.19660294],[1.56077257],[6.51356009]
[5.26189051],[1.54650787],[6.41476655]
[5.21903993],[1.53030561],[6.28273849]
[5.21924266],[1.51483811],[6.1742588]
[5.21325141],[1.49825331],[6.06752427]
[5.18296496],[1.47675619],[5.95018994]
[5.14166859],[1.45258775],[5.77744384]
[5.10331368],[1.42827482],[5.61097208]
[5.06015147],[1.40058082],[5.43691582]
[5.01105261],[1.36455986],[5.23137754]
[4.97220031],[1.32892491],[5.02733379]
[4.92928079],[1.29236309],[4.79167718]
[4.88560768],[1.25417144],[4.55034911]
[4.82324922],[1.21139336],[4.35504494]
[4.73273592],[1.17302309],[4.17380105]
[4.67721854],[1.14111977],[4.02040491]
[4.61121961],[1.10420802],[3.87128832]
[4.5780405],[1.06891323],[3.7427684]
[4.30246512],[1.03689983],[3.53911832]
[8.66842636],[2.30158122],[11.35281084]
[6.22461502],[2.12908128],[7.07695561]
[4.4658829],[1.80047544],[4.19118695]
[3.05600005],[1.34959224],[2.95829226]
[2.47545433],[1.13802925],[2.70675847]
[2.62965834],[1.35761659],[3.25408754]
[2.99437444],[1.46338105],[3.78616908]
[3.23052613],[1.51805748],[3.99813856]
[3.3210055],[1.5638951],[4.34618952]
[3.56627792],[1.60721675],[4.78160978]
[3.66515684],[1.67342314],[5.11532335]
[3.85162002],[1.69154464],[5.3929957]
[3.96073994],[1.68882968],[5.58521972]
[4.0900191],[1.68548892],[5.77509446]
[4.17724462],[1.67957107],[5.92922275]
[4.22182951],[1.67464289],[5.95071597]
[4.29129779],[1.68386299],[6.03014306]
[4.34798637],[1.69426819],[6.08211547]
[4.40323597],[1.71051072],[6.16643498]
[4.45545682],[1.72221057],[6.24536016]
[4.51050204],[1.73619955],[6.35583701]
[4.5720188],[1.74750341],[6.43865871]
[4.62536801],[1.75865209],[6.53879612]
[4.71266529],[1.7687921],[6.64384835]
[4.7377277],[1.78024797],[6.72092321]
[4.83318087],[1.79089762],[6.83164926]
[4.83436348],[1.7970704],[6.87194479]
[4.94249299],[1.79787297],[6.9703256]
[4.94150289],[1.79743412],[6.99541743]
[5.05043757],[1.79827518],[7.06958562]
[5.0475246],[1.79782204],[7.12595315]
[5.14764656],[1.79733458],[7.17994469]
[5.16893849],[1.76997792],[7.21642335]
[5.24494161],[1.75531389],[7.24040326]
[5.25515805],[1.68821498],[7.20386369]
[5.33921316],[1.67243529],[7.18807104]
[5.34190899],[1.63555529],[7.11301532]
[5.46907032],[1.59879626],[7.0222129]
[5.37984608],[1.57245925],[6.85553633]
[5.37963408],[1.55690383],[6.72911376]
[5.37063866],[1.54022896],[6.60046212]
[5.33519851],[1.51852807],[6.4661391]
[5.29500426],[1.49470907],[6.28103183]
[5.25498133],[1.47081896],[6.07922693]
[5.20876181],[1.44484763],[5.86414302]
[5.15519694],[1.4090095],[5.63616616]
[5.10601238],[1.37409272],[5.43091999]
[5.05803747],[1.33822082],[5.20867137]
[5.02461967],[1.30062927],[4.95482786]
[4.97913708],[1.25588442],[4.67028326]
[4.91561747],[1.22141305],[4.45725036]
[4.80669249],[1.18589823],[4.24893355]
[4.70578412],[1.14893603],[4.05227194]
[4.64494099],[1.11360773],[3.89939254]
[4.35583764],[1.07681153],[3.67677187]
[8.79908556],[2.35754732],[11.67168572]
[6.37315939],[2.14685297],[7.19819342]
[4.66107474],[1.8107441],[4.24672596]
[3.22106857],[1.32999196],[2.96507121]
[2.48203785],[1.14627014],[2.70982691]
[2.66074697],[1.36965577],[3.28848305]
[3.02099335],[1.47750379],[3.84439229]
[3.2681017],[1.53420893],[4.08348549]
[3.36258568],[1.58702861],[4.44877328]
[3.61757007],[1.63663754],[4.95357403]
[3.73070308],[1.70247812],[5.31633966]
[3.91232435],[1.72036218],[5.60008643]
[4.05229149],[1.71878812],[5.84065602]
[4.20929183],[1.71658875],[6.05654175]
[4.32200398],[1.72461252],[6.28015377]
[4.37816784],[1.73770549],[6.31770472]
[4.42255823],[1.75133449],[6.41978731]
[4.47876796],[1.76220318],[6.49396098]
[4.52119542],[1.77853598],[6.60625096]
[4.58584005],[1.79049],[6.69760835]
[4.61496122],[1.80536243],[6.80357863]
[4.71472137],[1.81695396],[6.92218322]
[4.73949649],[1.828483],[7.00544383]
[4.86591873],[1.83824892],[7.16882037]
[4.87782305],[1.85010522],[7.23841892]
[4.99684049],[1.86146346],[7.38431925]
[4.97695551],[1.86976184],[7.43135265]
[5.1027603],[1.8737883],[7.54393227]
[5.08339693],[1.87673619],[7.58549693]
[5.21022069],[1.8802109],[7.68030133]
[5.1936745],[1.88232775],[7.74366188]
[5.30600457],[1.8826192],[7.81047138]
[5.30813852],[1.86824322],[7.85048199]
[5.46878827],[1.86068686],[7.94738023]
[5.4551486],[1.80348437],[7.92494034]
[5.64619631],[1.78538471],[7.97207839]
[5.68943601],[1.74439716],[7.93801357]
[5.82480044],[1.700067],[7.86184858]
[5.85675907],[1.65882502],[7.66793256]
[5.77372791],[1.61981859],[7.45486378]
[5.69462379],[1.58394613],[7.25799767]
[5.53967293],[1.5585994],[7.03229726]
[5.4463059],[1.53508338],[6.81850076]
[5.40647782],[1.51226654],[6.59781572]
[5.36039369],[1.48745168],[6.37449461]
[5.30794887],[1.45562875],[6.12885831]
[5.25993448],[1.42218826],[5.88282409]
[5.21154779],[1.38696044],[5.64850028]
[5.16457132],[1.35074623],[5.40456447]
[5.1109094],[1.31073873],[5.10261152]
[5.06463989],[1.27487429],[4.8281258]
[4.99085757],[1.24026279],[4.56224614]
[4.8825923],[1.20232571],[4.3326994]
[4.74870406],[1.16578779],[4.11941794]
[4.43687544],[1.12756937],[3.868318]
[8.92232651],[2.37415708],[11.42896809]
[6.44388299],[2.1329743],[6.98193667]
[4.77900337],[1.7895642],[4.06694134]
[3.31798086],[1.24294081],[2.86398508]
[2.48853658],[1.17954744],[2.68582358]
[2.70254551],[1.3846108],[3.33191887]
[3.05395332],[1.496201],[3.92236131]
[3.31553679],[1.56135761],[4.20604108]
[3.40842279],[1.61822018],[4.58651601]
[3.66948866],[1.6691959],[5.14577245]
[3.822717],[1.72862904],[5.54732611]
[4.01138492],[1.7454184],[5.8546651]
[4.16688046],[1.74475808],[6.14665099]
[4.34937127],[1.76977488],[6.37521868]
[4.44194973],[1.78586442],[6.66679862]
[4.50345555],[1.79888458],[6.75294869]
[4.52210773],[1.81249703],[6.84617744]
[4.60228103],[1.82344831],[6.96381876]
[4.61998409],[1.83982647],[7.05877258]
[4.71929377],[1.85185331],[7.2023827]
[4.72661136],[1.86648067],[7.29605469]
[4.84234699],[1.87949492],[7.44987586]
[4.84791268],[1.89287703],[7.52937302]
[4.99119905],[1.90443147],[7.71232288]
[4.98972141],[1.91820906],[7.78342021]
[5.13082411],[1.93115848],[7.95598172]
[5.10704511],[1.93921813],[8.01321259]
[5.27818444],[1.94455757],[8.21505422]
[5.21635711],[1.94851082],[8.26317611]
[5.45952875],[1.95259554],[8.50945155]
[5.39212699],[1.95556408],[8.57977729]
[5.63516183],[1.95682809],[8.75971704]
[5.68738934],[1.95639569],[8.89595846]
[5.82347081],[1.94254992],[8.96241663]
[5.91161899],[1.90407828],[9.07978556]
[6.00762292],[1.88753442],[9.04364797]
[6.16543336],[1.85180825],[9.08523898]
[6.21714999],[1.8139957],[8.951932]
[6.34547506],[1.77186269],[8.79418907]
[6.33982285],[1.72322136],[8.53872919]
[6.26462972],[1.67848018],[8.2892291]
[6.07178898],[1.63986332],[7.99893779]
[5.87688292],[1.5958341],[7.64922615]
[5.7144678],[1.55576106],[7.25381887]
[5.56525689],[1.52964021],[6.91843552]
[5.46819355],[1.49899338],[6.64538893]
[5.42036553],[1.46679386],[6.39115658]
[5.37304961],[1.43286126],[6.13589928]
[5.32624178],[1.39777598],[5.8696541]
[5.2727395],[1.35848018],[5.53467034]
[5.22011],[1.32146965],[5.24927179]
[5.14408976],[1.29109105],[4.96086617]
[5.06204649],[1.25396722],[4.65289349]
[4.97309663],[1.21914152],[4.43240837]
[4.60245662],[1.18284161],[4.11976214]
[9.30719688],[2.41653362],[11.95568214]
[6.62352191],[2.15163696],[7.35267132]
[4.99447402],[1.79759249],[4.36630284]
[3.49496379],[1.29182636],[3.12603304]
[2.51704952],[1.21235163],[2.93300953]
[2.77275313],[1.41598138],[3.47712645]
[3.10717628],[1.53330404],[4.07168481]
[3.39425861],[1.59923252],[4.40055928]
[3.52833655],[1.65152252],[4.82177566]
[3.79081508],[1.70549566],[5.40556598]
[3.94603395],[1.7564722],[5.82602512]
[4.11991889],[1.7733973],[6.15546144]
[4.29854016],[1.77803621],[6.48720307]
[4.47884495],[1.82582924],[6.79336657]
[4.55496412],[1.84159588],[7.10119965]
[4.65541304],[1.85536488],[7.2533569]
[4.64958731],[1.870423],[7.34489532]
[4.75288623],[1.88278984],[7.49952434]
[4.75441376],[1.90081756],[7.59017322]
[4.86844168],[1.91433264],[7.76845062]
[4.85777958],[1.93059641],[7.85322612]
[4.99344051],[1.94403286],[8.05069526]
[4.98234055],[1.95764941],[8.11656742]
[5.15641336],[1.96949221],[8.3974194]
[5.13094771],[1.98362267],[8.45286049]
[5.36353268],[1.99686017],[8.79081568]
[5.40169334],[2.00502565],[8.8871078]
[5.54514106],[2.0115581],[9.23291121]
[5.64503041],[2.01600581],[9.40085097]
[5.74129432],[2.02038947],[9.64167003]
[5.83060053],[2.02463867],[9.85985435]
[5.94315881],[2.02751938],[10.0511167]
[6.09459606],[2.03415769],[10.31662258]
[6.17714175],[2.01814415],[10.38679831]
[6.32218714],[1.99802087],[10.52721521]
[6.41364317],[1.9776263],[10.5492747]
[6.53452485],[1.94992739],[10.57647735]
[6.65129686],[1.91785113],[10.45916454]
[6.7416428],[1.87966011],[10.25234935]
[6.87349757],[1.83989588],[10.02734175]
[6.81294643],[1.79999271],[9.65659815]
[6.65292815],[1.74613918],[9.30276718]
[6.40489248],[1.6844767],[8.85526062]
[6.18882564],[1.63756628],[8.34436135]
[6.00482194],[1.59695795],[7.87420821]
[5.82699972],[1.55545051],[7.41359819]
[5.67464342],[1.51618484],[7.00565141]
[5.53608079],[1.48448966],[6.71119187]
[5.47396223],[1.45179857],[6.44229429]
[5.420652],[1.41529955],[6.11106062]
[5.36918106],[1.37974015],[5.75929257]
[5.30134072],[1.34413117],[5.44914954]
[5.20360282],[1.31256498],[5.12895835]
[5.11913977],[1.28160256],[4.83063279]
[4.77427241],[1.248107],[4.4722164]
[9.4736364],[2.45532644],[12.51183048]
[6.67633129],[2.18303058],[7.70198224]
[5.06798828],[1.84083908],[4.60378239]
[3.5845359],[1.36463498],[3.32771956]
[2.5574195],[1.26097679],[3.14108585]
[2.85870382],[1.45149344],[3.65379274]
[3.20397372],[1.56779363],[4.24257496]
[3.52407736],[1.63020555],[4.59779587]
[3.68940846],[1.68029991],[5.10305027]
[3.92570633],[1.73291834],[5.68374052]
[4.07892577],[1.77888392],[6.13585933]
[4.24485806],[1.80830233],[6.4790022]
[4.42750267],[1.8527296],[6.91254125]
[4.60358383],[1.88607733],[7.2697807]
[4.68296023],[1.90658049],[7.59573294]
[4.79858882],[1.92117158],[7.81838575]
[4.78355191],[1.93630991],[7.9133976]
[4.89752829],[1.94946938],[8.08397752]
[4.90151006],[1.96758238],[8.18174788]
[5.06397406],[1.98130553],[8.41026358]
[5.03932031],[1.99769763],[8.47584077]
[5.20512764],[2.01138696],[8.80437446]
[5.23171884],[2.02523434],[8.89716885]
[5.3920992],[2.03713382],[9.2666476]
[5.48545361],[2.05102417],[9.4403099]
[5.63470946],[2.06364071],[9.77166528]
[5.8203959],[2.07242772],[10.07440537]
[5.95019589],[2.08052863],[10.46015009]
[6.05711358],[2.08653153],[10.78892408]
[6.17381784],[2.09226372],[11.08643224]
[6.24507557],[2.09760834],[11.34928157]
[6.38147936],[2.10060006],[11.63701922]
[6.44113215],[2.11023971],[11.8084567]
[6.57955893],[2.0992527],[11.99897645]
[6.65834778],[2.08797239],[12.06021412]
[6.79411925],[2.06569362],[12.15643672]
[6.8616247],[2.0453045],[12.11964933]
[7.02021406],[2.02312547],[12.136438]
[7.08953546],[1.99508668],[11.98781191]
[7.2218185],[1.96660305],[11.80332954]
[7.27248462],[1.93403084],[11.49839721]
[7.16612386],[1.88546914],[11.05521769]
[6.96950398],[1.82886749],[10.52245508]
[6.73828469],[1.76872946],[9.8513414]
[6.50133767],[1.70621505],[9.16965937]
[6.27919632],[1.65539473],[8.53798367]
[6.10243182],[1.60533898],[8.0203013]
[5.93836716],[1.53727714],[7.53693569]
[5.78610142],[1.49696304],[7.09194088]
[5.63582323],[1.46151261],[6.68134711]
[5.51620537],[1.42708417],[6.28528841]
[5.45852692],[1.39342751],[5.91462154]
[5.36476687],[1.36148109],[5.54833143]
[5.27124328],[1.33176192],[5.24127155]
[4.90085794],[1.3010725],[4.84318415]
[9.59492689],[2.55387581],[13.06886711]
[6.74205121],[2.20779883],[8.0247369]
[5.15656282],[1.87820602],[4.84104062]
[3.73034799],[1.41919736],[3.5118237]
[2.5981201],[1.29419435],[3.34712533]
[2.98055083],[1.48240423],[3.8477017]
[3.30009908],[1.59676408],[4.39871388]
[3.63629267],[1.65634503],[4.81118365]
[3.82116864],[1.70587512],[5.35379522]
[4.03199537],[1.75774563],[5.9555522]
[4.19487508],[1.80836106],[6.44670049]
[4.388052],[1.84303978],[6.85697504]
[4.52916512],[1.93457259],[7.31966422]
[4.72836476],[1.94148099],[7.72697922]
[4.80152914],[1.96377985],[8.06093076]
[4.99274501],[1.97881571],[8.3435199]
[4.97351454],[1.99470871],[8.4199717]
[5.13851536],[2.00844478],[8.69338795]
[5.14585532],[2.02683465],[8.79672709]
[5.27655852],[2.04094031],[9.1034754]
[5.31450373],[2.05751763],[9.23598525]
[5.45282525],[2.07160215],[9.57837578]
[5.54397988],[2.0856457],[9.77835184]
[5.66339374],[2.09754993],[10.16185821]
[5.83217765],[2.11195976],[10.56086264]
[5.98297847],[2.12525394],[10.97329887]
[6.13931326],[2.13577113],[11.36134245]
[6.33085519],[2.144963],[11.77402938]
[6.41315583],[2.15051694],[12.09808822]
[6.58271454],[2.1560108],[12.51594409]
[6.61157671],[2.16504874],[12.74640269]
[6.78805227],[2.16709494],[13.11797081]
[6.84751842],[2.18949784],[13.29472566]
[6.93380957],[2.16894889],[13.44942695]
[7.02679284],[2.16065362],[13.56778723]
[7.11829923],[2.14274403],[13.62107517]
[7.20702949],[2.12718391],[13.68114747]
[7.32722683],[2.10826705],[13.62142934]
[7.44416472],[2.08695847],[13.63478762]
[7.52949871],[2.0638084],[13.41862021]
[7.65921478],[2.03871329],[13.23407146]
[7.60254379],[1.99303291],[12.81024909]
[7.42351889],[1.94309784],[12.31161728]
[7.2348985],[1.89193186],[11.73729333]
[7.02418212],[1.83586117],[10.99739893]
[6.78160984],[1.77257619],[10.05478905]
[6.54389294],[1.71884489],[9.30510794]
[6.33415095],[1.65529566],[8.6639125]
[6.16358771],[1.5819533],[8.08923819]
[6.00622319],[1.50816699],[7.53745223]
[5.86671704],[1.47439797],[6.96146847]
[5.74017384],[1.44043478],[6.49887168]
[5.5418782],[1.40860838],[6.05108315]
[5.44690435],[1.38011855],[5.68954743]
[5.06740608],[1.35032075],[5.27200741]
[9.64530299],[2.60005168],[13.08156469]
[6.99428802],[2.20730573],[7.97347456]
[5.23092895],[1.88437989],[4.79389043]
[3.8915017],[1.37156162],[3.54794564]
[2.62921159],[1.34414181],[3.58032049]
[3.09449944],[1.5133884],[4.06011908]
[3.38265686],[1.62615839],[4.55885752]
[3.72902102],[1.68133943],[5.05128775]
[3.94001285],[1.73019904],[5.63365728]
[4.12572178],[1.7837973],[6.24529777]
[4.34906364],[1.86109041],[6.81763402]
[4.52443639],[1.93370228],[7.29176338]
[4.65116794],[2.00494308],[7.75251004]
[4.84655068],[2.01040618],[8.19250076]
[4.97228363],[2.03284194],[8.52725484]
[5.20040061],[2.03532332],[8.94383824]
[5.21612753],[2.05682288],[9.05753034]
[5.32906632],[2.06810259],[9.34910564]
[5.38505867],[2.08816434],[9.50356986]
[5.50862767],[2.10300455],[9.7979967]
[5.59512159],[2.12049864],[10.01438946]
[5.70311197],[2.13521125],[10.39206453]
[5.8692296],[2.15012724],[10.82233508]
[6.00999723],[2.16308756],[11.23216796]
[6.1604773],[2.17754379],[11.69608895]
[6.36256954],[2.20894346],[12.17525335]
[6.47477053],[2.22756341],[12.55848856]
[6.71884665],[2.26274917],[13.09241799]
[6.79378363],[2.27850791],[13.43135708]
[6.94261104],[2.30264051],[13.9063861]
[7.00940673],[2.3089335],[14.21362982]
[7.13263519],[2.32226305],[14.60185771]
[7.25127573],[2.33662335],[14.90162908]
[7.30096341],[2.32224386],[15.04323789]
[7.44856908],[2.30369252],[15.25845991]
[7.49879314],[2.23631002],[15.2628658]
[7.60189642],[2.21662817],[15.35164095]
[7.63029438],[2.17831083],[15.25920302]
[7.78592796],[2.15915851],[15.20018772]
[7.8388058],[2.14083318],[15.07182237]
[7.96795062],[2.11733638],[14.83603241]
[7.99738391],[2.08271083],[14.51776018]
[7.85599286],[2.03850795],[14.00656303]
[7.6892333],[1.99394947],[13.50701869]
[7.4981143],[1.94552865],[12.86715172]
[7.28473029],[1.89071483],[11.99148038]
[7.06860401],[1.83015753],[11.10931364]
[6.82613894],[1.77027293],[10.22591528]
[6.59432802],[1.69737839],[9.41415026]
[6.37953356],[1.61915991],[8.6520561]
[6.20607207],[1.53638099],[7.98391949]
[6.06952746],[1.4881859],[7.25069623]
[5.90176693],[1.45002867],[6.64126388]
[5.68349951],[1.4221934],[6.19998297]
[5.23037367],[1.39541548],[5.7017839]
[9.74808605],[2.65416064],[13.71853621]
[7.40402622],[2.23696925],[8.57313655]
[5.66496494],[1.9152717],[5.16436419]
[4.20180158],[1.45218594],[3.910722]
[2.64898261],[1.39024166],[3.98349945]
[3.2331165],[1.54990604],[4.36894066]
[3.49279316],[1.66100639],[4.74042516]
[3.86168008],[1.70848114],[5.33098968]
[4.08269094],[1.76089303],[5.96086055]
[4.25516902],[1.83344438],[6.58909952]
[4.5137894],[1.93664467],[7.21106724]
[4.70652023],[2.00861296],[7.76477548]
[4.83649629],[2.06766344],[8.20640607]
[5.07852268],[2.07993653],[8.70414415]
[5.22840002],[2.09864801],[9.13752882]
[5.39978894],[2.1041131],[9.57467553]
[5.43950601],[2.12363755],[9.72928467]
[5.54773215],[2.12729558],[10.01445292]
[5.64258843],[2.1519346],[10.25470826]
[5.73993521],[2.1600488],[10.61816389]
[5.88913481],[2.1781963],[11.03911698]
[6.03682047],[2.21501634],[11.45460177]
[6.18850208],[2.23952657],[11.95863062]
[6.39233636],[2.28257454],[12.47958668]
[6.49099647],[2.31029789],[12.9181763]
[6.73873174],[2.34990277],[13.52297612]
[6.83281978],[2.38198044],[13.92824654]
[7.01637347],[2.41436409],[14.48405163]
[7.15799598],[2.45005481],[14.92730421]
[7.2873666],[2.46628078],[15.40143762]
[7.39955964],[2.48491807],[15.84706902]
[7.52113473],[2.49991497],[16.26458027]
[7.66264869],[2.5127466],[16.65494611]
[7.70489888],[2.50922189],[16.82578489]
[7.79133046],[2.47967227],[16.99759262]
[7.87309269],[2.42174934],[17.04143816]
[7.932691],[2.3721269],[17.07542629]
[8.03286367],[2.32352477],[17.08202899]
[8.07505309],[2.27282267],[16.93085399]
[8.23186564],[2.22665998],[16.86807129]
[8.2832262],[2.18580442],[16.61274612]
[8.3881507],[2.15654739],[16.35466855]
[8.28338879],[2.11810918],[15.8338111]
[8.15948807],[2.0806032],[15.29318628]
[7.94259444],[2.0399203],[14.62597812]
[7.7525044],[1.99211514],[13.83462595]
[7.55046751],[1.9319669],[12.96876262]
[7.32885654],[1.87811092],[12.06414587]
[7.09830653],[1.81473398],[11.19550215]
[6.85138059],[1.7424086],[10.21495753]
[6.61947626],[1.66596724],[9.26207818]
[6.41614609],[1.5808517],[8.47402079]
[6.22544799],[1.5035761],[7.55433298]
[5.99460147],[1.4682382],[6.89123718]
[5.48132403],[1.44170019],[6.31675179]
[9.7990079],[2.70076251],[14.33156824]
[7.44624314],[2.26460727],[9.06019449]
[5.78707849],[1.9702932],[5.54446348]
[4.29443183],[1.58582945],[4.24602277]
[2.68746963],[1.43859696],[4.25181253]
[3.36435416],[1.58433583],[4.62205055]
[3.61895862],[1.69133366],[4.94957981]
[3.98662153],[1.73703974],[5.63121675]
[4.21709025],[1.80440093],[6.33688907]
[4.4285892],[1.93582581],[7.02028188]
[4.68115735],[2.02171957],[7.67066644]
[4.90341109],[2.0903772],[8.28785699]
[5.00643358],[2.13956518],[8.70598409]
[5.30620858],[2.15657585],[9.34990791]
[5.46687513],[2.17077516],[9.81587334]
[5.60474805],[2.18173893],[10.25720695]
[5.66209012],[2.19618494],[10.51029266]
[5.75290909],[2.20654042],[10.85852539]
[5.90236036],[2.22499825],[11.25531534]
[6.05826354],[2.25623031],[11.66702727]
[6.20674296],[2.28182235],[12.16291555]
[6.41337932],[2.32273841],[12.69500265]
[6.51021334],[2.35595601],[13.16055608]
[6.76157061],[2.39275337],[13.78122435]
[6.83924855],[2.43116058],[14.21564219]
[7.02784134],[2.47014543],[14.82234419]
[7.17294896],[2.51200574],[15.35205615]
[7.34370582],[2.5476274],[15.89919127]
[7.55845798],[2.58402214],[16.49892171]
[7.69726273],[2.60367761],[16.98925954]
[7.79086963],[2.62514978],[17.48547863]
[7.90671225],[2.64384585],[17.93994501]
[7.98926507],[2.65840938],[18.3436482]
[8.10109379],[2.66741601],[18.65905405]
[8.15257025],[2.65281994],[18.80578284]
[8.29592452],[2.60646187],[18.98380632]
[8.34735361],[2.5631708],[19.01117804]
[8.45569059],[2.5138027],[19.06269706]
[8.48784574],[2.45705096],[18.91869323]
[8.55287758],[2.41420641],[18.75896586]
[8.6363518],[2.36916869],[18.56930506]
[8.73424882],[2.31759861],[18.23402447]
[8.72594557],[2.2568718],[17.81037931]
[8.59214828],[2.19497151],[17.17355104]
[8.40930671],[2.13090221],[16.5016848]
[8.20479208],[2.08571275],[15.71171013]
[7.99717286],[2.03976979],[14.83523548]
[7.81471311],[1.97818887],[13.9632655]
[7.58429663],[1.92390198],[13.07320487]
[7.34303633],[1.86237782],[12.13997548]
[7.11644398],[1.79769963],[11.16365647]
[6.87465047],[1.72793124],[9.95306092]
[6.64149278],[1.64775458],[8.86278956]
[6.3467701],[1.55199189],[7.73738014]
[5.76566161],[1.48696065],[6.91431673]
[9.86336251],[2.77674221],[15.09371278]
[7.57221882],[2.29097557],[9.58196164]
[5.90144825],[2.00971598],[5.91498118]
[4.40767117],[1.67410961],[4.53680992]
[2.80632222],[1.47003055],[4.49451581]
[3.45956652],[1.61281319],[4.86168789]
[3.72977453],[1.71611329],[5.17600338]
[4.08347976],[1.76546899],[5.90464182]
[4.34362594],[1.87504253],[6.70423854]
[4.59949093],[2.00498153],[7.4046256]
[4.84045849],[2.08515025],[8.10349959]
[5.10908702],[2.15434933],[8.75951597]
[5.26649594],[2.19801763],[9.25410301]
[5.52901198],[2.21784143],[9.96059359]
[5.6939292],[2.22933911],[10.48260552]
[5.80380235],[2.24450864],[11.0081136]
[5.89966862],[2.2655422],[11.43312229]
[6.05545293],[2.30683209],[11.84205058]
[6.20864488],[2.33681562],[12.34084399]
[6.41590281],[2.37586827],[12.88469314]
[6.52177381],[2.41195123],[13.36903668]
[6.76499375],[2.45398432],[14.00395373]
[6.8418234],[2.49762711],[14.47662416]
[7.03434342],[2.53295212],[15.10654248]
[7.1743527],[2.56943634],[15.6638964]
[7.34016986],[2.60173648],[16.24999055]
[7.54195645],[2.63759204],[16.89422315]
[7.72618968],[2.66886634],[17.45269464]
[7.86854335],[2.69991191],[18.02249901]
[8.0526214],[2.71891456],[18.55544256]
[8.12262041],[2.73830914],[19.03609929]
[8.37293956],[2.75530155],[19.65753151]
[8.44628709],[2.7682255],[20.09333895]
[8.5767796],[2.7752195],[20.4997085]
[8.608907],[2.77102241],[20.67933552]
[8.65069401],[2.74577606],[20.83389981]
[8.69598261],[2.72073167],[20.91881823]
[8.74868831],[2.6875868],[20.95124794]
[8.85334367],[2.64840139],[20.9971989]
[8.87585513],[2.60474291],[20.8304593]
[9.07538976],[2.56153417],[20.78009025]
[9.12637821],[2.51513924],[20.4758822]
[9.2089293],[2.46168166],[20.11024258]
[9.14469963],[2.41927338],[19.46547691]
[8.9414835],[2.37116082],[18.68025897]
[8.67629599],[2.2707931],[17.7659424]
[8.45186874],[2.15741869],[16.76050611]
[8.24308462],[2.06299489],[15.78762]
[8.04540763],[2.01069802],[14.83564863]
[7.83142299],[1.95437326],[13.8406031]
[7.60952896],[1.89655394],[12.87569742]
[7.38084243],[1.8352903],[11.90206504]
[7.14271586],[1.76728398],[10.48200867]
[6.90058879],[1.69901062],[9.2403534]
[6.17408167],[1.61927732],[7.83742584]
[9.87683796],[2.80315813],[15.23122899]
[7.66598975],[2.29794955],[9.62202537]
[5.9513175],[2.01011503],[5.93279822]
[4.47233676],[1.62548316],[4.619813]
[2.87318054],[1.50942127],[4.6802436]
[3.46108345],[1.64130687],[5.05342512]
[3.83692898],[1.74062407],[5.42626966]
[4.16616643],[1.80379235],[6.20855948]
[4.52034308],[1.95240041],[7.10082343]
[4.78599322],[2.07024822],[7.83682101]
[5.01564743],[2.14521513],[8.55096124]
[5.35783131],[2.21443182],[9.3171868]
[5.55634321],[2.25508227],[9.91848887]
[5.76949727],[2.27313918],[10.5814659]
[5.9644025],[2.28524395],[11.25827227]
[6.16902525],[2.34058403],[11.90654891]
[6.2706528],[2.37465821],[12.49868715]
[6.42497042],[2.41410957],[13.07020472]
[6.5226037],[2.45846704],[13.52380463]
[6.76880086],[2.50032831],[14.17839372]
[6.8550093],[2.54028774],[14.66103014]
[7.05335793],[2.57590672],[15.31098807]
[7.18204456],[2.61358239],[15.87026931]
[7.3442758],[2.64355479],[16.45912396]
[7.54762675],[2.67547903],[17.14309513]
[7.72441862],[2.70318807],[17.74031928]
[7.86695801],[2.73433935],[18.41962087]
[8.06420712],[2.76184527],[18.97096762]
[8.2431752],[2.79080103],[19.63048423]
[8.58657764],[2.80908982],[20.32510214]
[8.70600618],[2.82880732],[20.95396009]
[8.88291214],[2.84578261],[21.5073343]
[8.93272784],[2.86513486],[21.99145587]
[8.97916716],[2.87886836],[22.35839011]
[9.05584973],[2.87458743],[22.66363133]
[9.03588886],[2.8760512],[22.75936838]
[9.15961949],[2.84543556],[22.87812843]
[9.19448984],[2.8111586],[22.87952567]
[9.31183359],[2.76151373],[22.91852157]
[9.34655623],[2.72625831],[22.80669861]
[9.41190194],[2.6896604],[22.66867608]
[9.45768397],[2.64834305],[22.4456476]
[9.50830321],[2.60247116],[22.03561566]
[9.59319256],[2.54615238],[21.56191082]
[9.39412621],[2.49810986],[20.75406927]
[9.21514877],[2.43290278],[19.91094557]
[9.00245052],[2.36111928],[18.91122343]
[8.72649697],[2.26948614],[17.75780669]
[8.50610947],[2.16727756],[16.68585359]
[8.28688681],[2.05947624],[15.59920253]
[8.08503656],[1.97480528],[14.56678143]
[7.87797785],[1.91622263],[13.50399961]
[7.63827537],[1.85071228],[12.3681529]
[7.41535772],[1.78531618],[10.87367738]
[6.88147977],[1.71489993],[9.32024926]
[10.10079386],[2.83191257],[16.04962191]
[7.99429303],[2.31986661],[10.30629452]
[6.07145676],[2.04252911],[6.39536952]
[4.79131528],[1.72162869],[5.08337394]
[3.13164023],[1.54703761],[5.03740356]
[3.47636976],[1.67160159],[5.34753329]
[3.99712287],[1.76775496],[5.71499548]
[4.32323431],[1.84220119],[6.55471111]
[4.70947138],[2.01986958],[7.53509955]
[4.97667709],[2.13131604],[8.31478695]
[5.25446448],[2.20048683],[9.029263]
[5.61741512],[2.26806238],[9.94705669]
[5.85335858],[2.30470077],[10.60782287]
[6.08980518],[2.32111136],[11.33473225]
[6.29283235],[2.39299718],[12.23416424]
[6.53305611],[2.4572581],[13.01598304]
[6.63250968],[2.50251893],[13.67311782]
[6.77625039],[2.54296753],[14.36186637]
[6.85427395],[2.58082293],[14.86089922]
[7.05648167],[2.61615727],[15.49915544]
[7.18851888],[2.65091979],[16.07678513]
[7.35936785],[2.68139616],[16.69626726]
[7.53679163],[2.7141841],[17.4178085]
[7.70893365],[2.73978537],[17.97316896]
[7.85657154],[2.76790782],[18.7260746]
[8.06191748],[2.79189523],[19.28931472]
[8.25441186],[2.81912331],[20.05624158]
[8.59358693],[2.84360403],[20.75926325]
[8.79447669],[2.86891631],[21.53852519]
[8.99629931],[2.89181035],[22.08139324]
[9.15212983],[2.92716515],[22.86883435]
[9.27491718],[2.94930261],[23.36299466]
[9.43931938],[2.9668781],[24.01010462]
[9.48727387],[2.98050315],[24.3405561]
[9.59214659],[3.00983211],[24.69376357]
[9.5823002],[3.03160345],[24.87985857]
[9.6127147],[2.99742737],[24.95238471]
[9.60420172],[2.96781456],[24.99477696]
[9.5834694],[2.92095866],[24.88097055]
[9.67757109],[2.88179018],[24.87739348]
[9.69705659],[2.83409805],[24.67443524]
[9.93934674],[2.79035726],[24.57760321]
[10.00720312],[2.7418218],[24.15197401]
[10.12099612],[2.69609172],[23.78003822]
[10.02201233],[2.64853903],[23.0185362]
[9.70312645],[2.57666472],[22.06039889]
[9.4592251],[2.50272173],[21.01082824]
[9.27434458],[2.41577317],[19.89070875]
[9.07744027],[2.34289412],[18.72110687]
[8.76429286],[2.24146163],[17.45119489]
[8.5416978],[2.10593374],[16.31019532]
[8.33955995],[1.99202054],[15.19727204]
[8.11506579],[1.93080535],[14.04684052]
[7.89746406],[1.86931417],[12.82885627]
[7.495638],[1.80255947],[11.16037319]
[10.41738738],[2.85857028],[17.10695974]
[8.2154361],[2.34714749],[11.04846978]
[6.15332109],[2.09348444],[6.88397422]
[4.86061224],[1.84417718],[5.52343054]
[3.30715328],[1.58490841],[5.3247188]
[3.49070036],[1.70488016],[5.57202671]
[4.16611495],[1.79092297],[6.01276195]
[4.54183654],[1.89987463],[7.03284507]
[4.90129046],[2.09396215],[8.04297299]
[5.15579128],[2.19790504],[8.8176463]
[5.54460078],[2.26022371],[9.70056675]
[5.87363214],[2.32105159],[10.60629194]
[6.14558423],[2.35056075],[11.37788474]
[6.43439493],[2.36688449],[12.29826198]
[6.6154508],[2.5199676],[13.27170521]
[6.85988094],[2.58117524],[14.22990189]
[6.97662327],[2.61957566],[14.91408234]
[7.11358657],[2.65454244],[15.67749451]
[7.19864744],[2.687125],[16.31075939]
[7.36387859],[2.71752926],[16.91214323]
[7.53494333],[2.7478346],[17.68275311]
[7.71099474],[2.77422111],[18.25323339]
[7.85963012],[2.80304095],[19.06674444]
[8.12465483],[2.82525712],[19.58515277]
[8.31145415],[2.85002606],[20.43466967]
[8.64393244],[2.8716213],[21.1912344]
[8.83533876],[2.90620595],[22.0219713]
[9.02793727],[2.92927204],[22.59585943]
[9.22612749],[2.96763521],[23.47887255]
[9.38346746],[2.9948728],[24.01629078]
[9.69815368],[3.02335649],[24.95200418]
[9.83658268],[3.04946173],[25.43142687]
[9.92245737],[3.07232931],[26.06033059]
[9.93589091],[3.12986086],[26.48622516]
[9.93227388],[3.1641497],[26.79143553]
[9.95948898],[3.18493589],[27.10713124]
[9.95261171],[3.15485884],[27.16447103]
[10.13308352],[3.12188643],[27.25465131]
[10.18084508],[3.07435638],[27.1235894]
[10.29099262],[3.03346881],[27.08255022]
[10.31669459],[2.98598896],[26.90178394]
[10.35988068],[2.94205539],[26.66676082]
[10.37795786],[2.89296055],[26.33145237]
[10.40052702],[2.84676204],[25.87388068]
[10.46139344],[2.79582933],[25.33161833]
[10.26504376],[2.72939979],[24.35041707]
[10.09351313],[2.65627226],[23.34966006]
[9.82210427],[2.56829968],[22.18428426]
[9.51390265],[2.48183212],[20.86750363]
[9.28265566],[2.39362124],[19.5892228]
[9.07206911],[2.30751646],[18.3326929]
[8.80082996],[2.13175952],[17.06565335]
[8.60443415],[2.0096248],[15.82926253]
[8.37362221],[1.95308503],[14.64738949]
[8.0674314],[1.89168303],[13.31284223]
[10.88203464],[2.90529913],[18.47479818]
[8.53032335],[2.39266035],[11.86292382]
[6.48141322],[2.1366185],[7.38638293]
[4.95654954],[1.89930454],[5.9410789]
[3.46940027],[1.61015869],[5.59833279]
[3.49796259],[1.7306595],[5.78938725]
[4.31921127],[1.81151991],[6.29377064]
[4.75445064],[1.99447118],[7.48034335]
[5.07269996],[2.15724829],[8.47261339]
[5.40211338],[2.25015812],[9.32732862]
[5.79958974],[2.30901834],[10.32014749]
[6.15162915],[2.36179336],[11.25238745]
[6.42544807],[2.40176979],[12.23853872]
[6.75017198],[2.48194197],[13.30414374]
[6.92900747],[2.64213209],[14.38456397]
[7.15790959],[2.69917707],[15.36835969]
[7.32582547],[2.73076351],[16.23807935]
[7.44574345],[2.76024384],[17.0667003]
[7.53916717],[2.78781426],[17.91797292]
[7.6979311],[2.81287471],[18.53249043]
[7.91555676],[2.83980455],[19.3870757]
[8.19081776],[2.86415805],[20.0195363]
[8.40886818],[2.90090887],[20.84201327]
[8.68419081],[2.92100661],[21.53532672]
[8.87016594],[2.95603973],[22.39413355]
[9.06589512],[2.97733424],[23.11740122]
[9.26932119],[3.00662921],[24.00821083]
[9.41114047],[3.03191239],[24.56030582]
[9.72584009],[3.05795014],[25.53424743]
[9.89668373],[3.08787031],[26.11132246]
[10.09534539],[3.11597624],[26.95505971]
[10.20341348],[3.16806493],[27.58062684]
[10.23254842],[3.21906603],[28.15055865]
[10.37504004],[3.26768815],[28.68948057]
[10.39999875],[3.29700786],[28.96014445]
[10.51498492],[3.30988316],[29.3038915]
[10.5327188],[3.28657107],[29.4439796]
[10.57193022],[3.26303466],[29.51673581]
[10.59327804],[3.22326519],[29.55096552]
[10.61035851],[3.18593911],[29.42928994]
[10.63520236],[3.14177122],[29.33220586]
[10.66364131],[3.09875046],[29.06685556]
[10.91667893],[3.05006429],[28.86596567]
[10.99120517],[3.00417859],[28.41245652]
[11.04120445],[2.95357589],[27.92782042]
[10.90090935],[2.89444967],[27.02842954]
[10.46681693],[2.81999313],[25.93211782]
[10.29873101],[2.73301356],[24.69228939]
[10.1310028],[2.64812831],[23.35909761]
[9.85355255],[2.5588093],[22.00083638]
[9.50525143],[2.46661735],[20.62556122]
[9.26746492],[2.35708112],[19.28587785]
[9.0850592],[2.17924998],[17.88306036]
[8.85478479],[2.03063583],[16.55710948]
[8.56450999],[1.97250934],[15.11578751]
