meltWidth,meltDepth,meltArea
[2.26226509],[0.50345081],[0.68752556]
[2.24336547],[0.53942452],[0.78592494]
[2.72172167],[0.60404655],[1.03433281]
[2.55495565],[0.65748669],[1.09266029]
[2.92796215],[0.71004494],[1.3692327]
[2.7368431],[0.76092205],[1.36110597]
[3.04425461],[0.77854478],[1.5859242]
[2.8399226],[0.80374478],[1.51828196]
[3.09113194],[0.80930392],[1.66553874]
[2.90756932],[0.80312589],[1.59710119]
[3.05989048],[0.80270237],[1.65118934]
[3.02580273],[0.78806968],[1.66612847]
[2.98162134],[0.78783496],[1.61937382]
[3.08031592],[0.77501038],[1.70445376]
[3.17317215],[0.77415937],[1.68140889]
[3.12528145],[0.76116563],[1.72791653]
[3.27049645],[0.76447528],[1.73301529]
[3.13797641],[0.75219975],[1.7384647]
[3.34002347],[0.76112855],[1.78103208]
[3.15530939],[0.76122765],[1.77454642]
[3.36207977],[0.79188465],[1.84902469]
[3.15254305],[0.77734821],[1.80761916]
[3.37025889],[0.82557906],[1.89193123]
[3.15277146],[0.79075782],[1.83305372]
[3.37381756],[0.84814954],[1.92656962]
[3.15935519],[0.80901046],[1.86446834]
[3.3822671],[0.89095457],[1.98348273]
[3.27650088],[0.8348483],[1.9575231]
[3.3978021],[0.91141632],[2.06896657]
[3.29768202],[0.8888695],[2.05880133]
[3.31623262],[0.89927559],[2.08604708]
[3.29074291],[0.91136312],[2.10638908]
[3.30992572],[0.92003553],[2.12677118]
[3.33036502],[0.93946884],[2.15408537]
[3.3205789],[0.95139507],[2.16043297]
[3.30395501],[0.95866987],[2.15633502]
[3.29236663],[0.9826578],[2.16728019]
[3.25389404],[0.99092687],[2.16159669]
[3.23637667],[0.9989757],[2.15841696]
[3.2212323],[1.00503108],[2.15510455]
[3.20870987],[1.01535258],[2.15669645]
[3.19272374],[1.01871733],[2.14779794]
[3.17751008],[1.0184458],[2.13722181]
[3.16640341],[1.02105875],[2.13186523]
[3.12893829],[1.0228329],[2.13281213]
[3.10600833],[1.02605292],[2.13621777]
[3.08627843],[1.02806881],[2.13975868]
[3.06822331],[1.03185773],[2.16168189]
[3.06771489],[1.03926008],[2.199651]
[3.07663027],[1.04900645],[2.24602608]
[2.7358685],[1.0583281],[2.13410543]
[1.98564897],[1.07002936],[1.39827571]
[1.23708627],[0.85269541],[0.65532588]
[0.1622623],[0.1652591],[0.01317542]
[2.10944976],[0.38694381],[0.60317658]
[2.69832834],[0.57744269],[1.06583481]
[2.75482783],[0.64612555],[1.2239421]
[3.05598157],[0.69704387],[1.48754902]
[3.12447347],[0.73978204],[1.60673848]
[3.44158274],[0.77093264],[1.81451852]
[3.29909456],[0.79607201],[1.86173217]
[3.64003964],[0.81635028],[2.0559862]
[3.39796037],[0.82005922],[2.02135829]
[3.69890779],[0.81501147],[2.1526994]
[3.39321114],[0.81342165],[2.07943284]
[3.69021723],[0.80747564],[2.16319798]
[3.38485001],[0.80530203],[2.08746776]
[3.65848852],[0.79878826],[2.15464485]
[3.37639843],[0.79701072],[2.09049109]
[3.63997505],[0.79032627],[2.15006891]
[3.37113661],[0.78670855],[2.08374853]
[3.63444555],[0.78581036],[2.15471619]
[3.36232631],[0.79005528],[2.09619236]
[3.68215115],[0.79061384],[2.19237826]
[3.3834195],[0.7971035],[2.12696493]
[3.68993218],[0.79693509],[2.22089888]
[3.41230507],[0.80450344],[2.15717083]
[3.82445655],[0.80369616],[2.28111765]
[3.59038566],[0.8125154],[2.22396006]
[3.94304259],[0.81054074],[2.34772368]
[3.7190793],[0.82401411],[2.31309765]
[4.01357744],[0.82228045],[2.41767328]
[3.83232014],[0.83508053],[2.38395519]
[3.99911088],[0.83430578],[2.44810876]
[3.83072057],[0.84411474],[2.39738026]
[3.83457018],[0.84983569],[2.41563213]
[3.78914738],[0.85275554],[2.38101981]
[3.76548081],[0.8548778],[2.37945036]
[3.7453914],[0.85512143],[2.37243797]
[3.73747616],[0.85527597],[2.36902378]
[3.73664879],[0.85591596],[2.37272245]
[3.72701584],[0.85548551],[2.36596753]
[3.70427585],[0.85528667],[2.35800052]
[3.70086814],[0.85518818],[2.35828644]
[3.69062777],[0.8593772],[2.36623218]
[3.66790883],[0.87854581],[2.37093731]
[3.64918659],[0.89756772],[2.37698289]
[3.64319237],[0.91787168],[2.39114777]
[3.62599515],[0.94183787],[2.40163281]
[3.6091894],[0.97033809],[2.42834578]
[3.60976369],[1.00738984],[2.463546]
[3.60054023],[1.04336459],[2.49521434]
[3.57919652],[1.0774723],[2.52645221]
[3.56463952],[1.10432438],[2.5542205]
[3.56199041],[1.12589874],[2.58311455]
[3.24533611],[1.13515158],[2.51224098]
[2.48987078],[1.15355122],[1.91414044]
[1.74470686],[1.16806051],[1.11822561]
[0.24870836],[0.24645641],[0.03030815]
[2.30750926],[0.46557229],[0.76153363]
[2.95617896],[0.62476819],[1.27904153]
[3.12150917],[0.68361817],[1.45672471]
[3.30462269],[0.73529154],[1.70168383]
[3.41644736],[0.77019532],[1.82347593]
[3.62744739],[0.79160432],[2.0421468]
[3.66644126],[0.81476459],[2.1263207]
[3.80118063],[0.82283335],[2.27268505]
[3.72654035],[0.81956767],[2.22902588]
[3.82477298],[0.81514465],[2.33778616]
[3.72417541],[0.81350294],[2.24310204]
[3.81941412],[0.81049138],[2.35845155]
[3.70061115],[0.81571858],[2.26958225]
[3.82151505],[0.81320686],[2.39824504]
[3.68135009],[0.8301874],[2.30872543]
[3.84812269],[0.82996567],[2.45780876]
[3.71323538],[0.84599571],[2.3564886]
[3.89331193],[0.84421484],[2.52090673]
[3.7923541],[0.85931962],[2.42501152]
[4.04067975],[0.86133338],[2.62532546]
[4.01940097],[0.87385848],[2.55337234]
[4.22108203],[0.87222926],[2.766236]
[4.1230528],[0.88244669],[2.66965207]
[4.3339894],[0.88129643],[2.87966874]
[4.15916049],[0.8908697],[2.73014734]
[4.35063833],[0.88975651],[2.91268479]
[4.15194874],[0.90294231],[2.75065148]
[4.35239917],[0.90207291],[2.93482922]
[4.34159828],[0.91387568],[2.89780352]
[4.35812615],[0.9139448],[2.96586467]
[4.35484184],[0.92182077],[2.92302242]
[4.34851621],[0.92452405],[2.92697125]
[4.34457345],[0.92493292],[2.88665957]
[4.32595269],[0.92506528],[2.87285887]
[4.317037],[0.92340575],[2.85093326]
[4.31470578],[0.9224682],[2.83393209]
[4.3121648],[0.9220802],[2.82464914]
[4.3068442],[0.92068749],[2.82501213]
[4.26753041],[0.92041581],[2.774371]
[4.25272277],[0.92055627],[2.76513258]
[4.23030721],[0.92080035],[2.75434523]
[4.17979758],[0.9207977],[2.7314324]
[4.13533982],[0.92152505],[2.71157306]
[4.10513887],[0.92214008],[2.70186426]
[4.09620395],[0.92133483],[2.69042201]
[4.02735807],[0.92112829],[2.66209392]
[4.00271523],[0.92039147],[2.66248738]
[3.97733011],[0.9190879],[2.66084689]
[3.94215056],[0.92497001],[2.65319869]
[3.91876419],[0.94439439],[2.64739841]
[3.90189828],[0.96411799],[2.64846825]
[3.47615444],[1.00085592],[2.49609191]
[2.72190813],[1.04027052],[1.90075056]
[1.97568666],[1.08333899],[1.18831649]
[0.40431991],[0.33116371],[0.06640688]
[2.46679549],[0.5173664],[0.92541053]
[3.17982613],[0.64404279],[1.45354879]
[3.43695075],[0.69975369],[1.70299241]
[3.57195994],[0.75781859],[1.97176069]
[3.61542982],[0.78603857],[2.04870631]
[3.78765356],[0.80575099],[2.26409677]
[3.75410396],[0.81915535],[2.2516698]
[3.86709715],[0.82564887],[2.41410605]
[3.73636324],[0.83761468],[2.3245217]
[3.90358028],[0.84293697],[2.501246]
[3.79022787],[0.85833071],[2.3914609]
[3.97493297],[0.85873506],[2.58046038]
[3.86193385],[0.87280855],[2.4590599]
[4.06721315],[0.87546406],[2.68059012]
[3.92526258],[0.89047968],[2.54224943]
[4.16091492],[0.89710294],[2.79767456]
[4.019786],[0.91043035],[2.65165193]
[4.31592858],[0.91400088],[2.9763989]
[4.20614117],[0.9279597],[2.87460478]
[4.48557355],[0.93301127],[3.21099688]
[4.3199634],[0.94806817],[3.0314919]
[4.52087605],[0.94577135],[3.27451983]
[4.30507169],[0.959751],[3.0535968]
[4.55164483],[0.95899011],[3.31517086]
[4.31273731],[0.97198568],[3.06493342]
[4.56357822],[0.97169031],[3.32482911]
[4.32383638],[0.98882873],[3.08508089]
[4.58452296],[0.98705847],[3.34871028]
[4.58409773],[1.00199117],[3.2570097]
[4.61085898],[0.99501503],[3.3811385]
[4.63030758],[1.0032834],[3.30028254]
[4.56302319],[1.00641881],[3.28002748]
[4.59942152],[1.00666673],[3.24799893]
[4.55806005],[1.00670341],[3.2177944]
[4.53822721],[1.00372427],[3.18524461]
[4.53065728],[1.00163492],[3.16356589]
[4.52028889],[1.00022426],[3.15430915]
[4.5504258],[0.99712997],[3.16226293]
[4.50829225],[0.99436163],[3.11433408]
[4.50255269],[0.99103147],[3.10276449]
[4.50152403],[0.98746618],[3.08665971]
[4.47216791],[0.98401805],[3.06008412]
[4.44455084],[0.98153888],[3.03883474]
[4.42539047],[0.97839413],[3.02233227]
[4.42670139],[0.97358639],[3.00789578]
[4.36899028],[0.9679568],[2.96846115]
[4.34209543],[0.96007786],[2.93880628]
[4.32793549],[0.95758798],[2.91600858]
[4.30776407],[0.9562531],[2.89418887]
[4.2925269],[0.9544723],[2.87742442]
[4.2814877],[0.95066698],[2.87165535]
[3.79577932],[0.94664727],[2.67346818]
[3.03421043],[0.95891153],[2.017693]
[2.27254216],[0.97328863],[1.30723317]
[0.53870876],[0.34200204],[0.09140223]
[2.53521697],[0.51684586],[0.97362414]
[3.30176538],[0.63966714],[1.52204985]
[3.5025837],[0.70277229],[1.81359961]
[3.61424403],[0.76844044],[2.07472729]
[3.62830746],[0.80435577],[2.1327864]
[3.81298934],[0.83032956],[2.37444006]
[3.80255189],[0.86130153],[2.38183795]
[3.9432345],[0.87031556],[2.57326199]
[3.85177654],[0.88339975],[2.48885062]
[4.02819046],[0.89038557],[2.70185115]
[3.92199541],[0.90402868],[2.58096389]
[4.12370869],[0.91319025],[2.82957553]
[4.01207201],[0.9275926],[2.69206529]
[4.22512556],[0.93199326],[2.96364314]
[4.06932555],[0.95788024],[2.80908984]
[4.37144451],[0.96405652],[3.16744367]
[4.24211267],[0.98697577],[3.02743015]
[4.51367943],[0.98906252],[3.37661032]
[4.32001259],[1.00836925],[3.16383299]
[4.58425844],[1.012686],[3.47203331]
[4.43393129],[1.02300931],[3.24001842]
[4.64311054],[1.02263641],[3.51599308]
[4.4874037],[1.03129577],[3.28019916]
[4.73738999],[1.03055342],[3.56741603]
[4.53103401],[1.03751351],[3.2999323]
[4.76596213],[1.03503611],[3.57624332]
[4.53319413],[1.04363407],[3.31560321]
[4.76991428],[1.04150699],[3.58568898]
[4.73505901],[1.04899762],[3.455546]
[4.7722612],[1.0473372],[3.61547329]
[4.74888425],[1.05270989],[3.5135649]
[4.69389517],[1.05467401],[3.47196115]
[4.71733569],[1.05510728],[3.4756939]
[4.69016172],[1.05443607],[3.45404431]
[4.66345298],[1.05222095],[3.44135905]
[4.65774099],[1.05004652],[3.43407167]
[4.65222725],[1.04766183],[3.42439171]
[4.68419207],[1.04540811],[3.43402115]
[4.65080515],[1.04317004],[3.40162741]
[4.65035667],[1.04091008],[3.39022274]
[4.65604236],[1.03785773],[3.38116298]
[4.62835547],[1.03502621],[3.35218757]
[4.60841785],[1.03264194],[3.33249301]
[4.60358439],[1.03019586],[3.32106112]
[4.62686769],[1.02624635],[3.3158257]
[4.60047492],[1.02113258],[3.28275553]
[4.6091624],[1.01383138],[3.26334259]
[4.62196947],[1.00442448],[3.24104101]
[4.61521622],[0.9949724],[3.20728019]
[4.60607139],[0.9843248],[3.17373339]
[4.58385297],[0.97811147],[3.14866639]
[4.06810632],[0.97394719],[2.90328516]
[3.30337944],[0.97087822],[2.18650741]
[2.53210543],[0.97684504],[1.45125296]
[1.00171307],[0.41275001],[0.20605621]
[2.72486528],[0.54425884],[1.15255875]
[3.42757938],[0.65932285],[1.68123733]
[3.54281118],[0.72210229],[1.91948624]
[3.66831102],[0.79791536],[2.19962878]
[3.68520975],[0.83200395],[2.2643741]
[3.85768589],[0.85542991],[2.50010804]
[3.89209644],[0.88267294],[2.54424708]
[4.01080004],[0.89578195],[2.72302105]
[3.96376376],[0.90975803],[2.64822388]
[4.10424079],[0.91916848],[2.87184319]
[4.04426],[0.94195205],[2.75528346]
[4.19792008],[0.94918895],[3.01560749]
[4.1446479],[0.9736029],[2.91156205]
[4.39899541],[0.97690933],[3.27812655]
[4.25942592],[0.99906596],[3.11453178]
[4.49753718],[1.00407321],[3.44204067]
[4.33303428],[1.01998266],[3.21242746]
[4.56179039],[1.0267901],[3.54064216]
[4.40751671],[1.03668283],[3.30382858]
[4.64814679],[1.04401303],[3.6285623]
[4.55509665],[1.04687914],[3.38993075]
[4.74322303],[1.05217836],[3.67824216]
[4.58814817],[1.05534598],[3.43022692]
[4.7995975],[1.06116995],[3.71907701]
[4.59626947],[1.06376542],[3.44724496]
[4.79804804],[1.06547589],[3.74190849]
[4.58785676],[1.06925624],[3.48548104]
[4.79378088],[1.07464134],[3.78126977]
[4.77730756],[1.07592008],[3.70752636]
[4.79096207],[1.08375793],[3.83542289]
[4.79255687],[1.08596847],[3.80952221]
[4.73593506],[1.09455155],[3.77488544]
[4.76303716],[1.09943208],[3.80568956]
[4.73081334],[1.10307658],[3.79237293]
[4.70987745],[1.0950606],[3.77001907]
[4.70440057],[1.08676544],[3.74691907]
[4.69858997],[1.07940871],[3.71861969]
[4.721733],[1.07719273],[3.72884941]
[4.69649012],[1.07479743],[3.65619211]
[4.69514925],[1.07216042],[3.62786594]
[4.69435298],[1.06885572],[3.60415577]
[4.66370406],[1.06696696],[3.56548095]
[4.65534664],[1.06483771],[3.54926453]
[4.65746609],[1.06215167],[3.53850369]
[4.69548441],[1.0581322],[3.53711301]
[4.68030316],[1.05435624],[3.50724548]
[4.69129816],[1.04817404],[3.48549348]
[4.70653527],[1.03943752],[3.464317]
[4.70386023],[1.03109185],[3.43276934]
[4.69715408],[1.02195099],[3.39881383]
[4.68614239],[1.01116798],[3.36406897]
[4.14791581],[1.00127818],[3.08155183]
[3.38917647],[1.00242108],[2.34674222]
[2.62359248],[1.01444661],[1.59407748]
[1.4406642],[0.45668609],[0.37663548]
[3.01201704],[0.57831906],[1.36727941]
[3.52270207],[0.68261144],[1.82465609]
[3.62755407],[0.75597077],[2.10022773]
[3.71948792],[0.82277278],[2.33627729]
[3.76728793],[0.85330692],[2.46635225]
[3.88795618],[0.88056097],[2.65426829]
[3.96326262],[0.9072855],[2.72671703]
[4.05813822],[0.92331197],[2.87912301]
[4.04650026],[0.94157951],[2.83941742]
[4.22615207],[0.95489648],[3.09344429]
[4.24310809],[0.97033062],[3.03680449]
[4.40086927],[0.98202745],[3.33823491]
[4.30589051],[0.99898617],[3.16047012]
[4.47654897],[1.00909963],[3.4800486]
[4.34878656],[1.02302842],[3.24197868]
[4.54822431],[1.03278074],[3.59895237]
[4.44201045],[1.03954918],[3.35445383]
[4.62806898],[1.05095138],[3.70272963]
[4.56701423],[1.05400887],[3.47484503]
[4.75998522],[1.06382758],[3.81923126]
[4.70886789],[1.06323211],[3.6322378]
[4.83642742],[1.07093266],[3.93286578]
[4.70079373],[1.07819523],[3.68375478]
[4.87051318],[1.08764006],[3.99064729]
[4.69695758],[1.09892556],[3.72619707]
[4.85480831],[1.11371842],[4.06254752]
[4.68298179],[1.12635409],[3.82070619]
[4.84628359],[1.15179039],[4.14447538]
[4.84311618],[1.15507898],[4.09441911]
[4.84803414],[1.17781647],[4.23494215]
[4.85471183],[1.18474926],[4.22841708]
[4.80980869],[1.19963394],[4.20848481]
[4.83703109],[1.21011707],[4.25452929]
[4.81328593],[1.21341112],[4.23652702]
[4.78811366],[1.20624277],[4.21932016]
[4.78313894],[1.19865824],[4.20556042]
[4.77758575],[1.18998821],[4.18289512]
[4.79324253],[1.18325477],[4.19033741]
[4.7719948],[1.18727479],[4.13556664]
[4.7683537],[1.18179206],[4.10971909]
[4.76377735],[1.17645572],[4.07282679]
[4.74790507],[1.16646916],[4.03336632]
[4.75186953],[1.16712698],[4.02646532]
[4.7477449],[1.16211847],[4.01542933]
[4.77746169],[1.1520891],[4.02370639]
[4.75132091],[1.15104336],[3.99615597]
[4.75476988],[1.15052072],[3.96737926]
[4.75775287],[1.14969668],[3.9298046]
[4.75211493],[1.15048844],[3.87446759]
[4.74980827],[1.14889199],[3.83166444]
[4.74307324],[1.14730514],[3.81151748]
[4.17553606],[1.1456475],[3.51733268]
[3.43273704],[1.14205705],[2.74697947]
[2.68084234],[1.13975545],[1.89755668]
[1.62110325],[0.47861277],[0.54787117]
[3.02288778],[0.63277765],[1.53774779]
[3.63594959],[0.72755995],[2.07522107]
[3.67583098],[0.80704333],[2.2949081]
[3.78256423],[0.85551859],[2.53486275]
[3.78082025],[0.88281177],[2.58738132]
[3.9419783],[0.91182622],[2.82788189]
[4.10145318],[0.94402748],[2.90917691]
[4.30080531],[0.95715325],[3.18621659]
[4.24733308],[0.97450022],[3.07505414]
[4.38684266],[0.98752345],[3.36903281]
[4.27360097],[1.00256058],[3.165852]
[4.45716598],[1.01596839],[3.51698459]
[4.33451158],[1.02779391],[3.26901949]
[4.52998305],[1.04192854],[3.64608824]
[4.40372935],[1.04829266],[3.38929521]
[4.61170562],[1.06049836],[3.77706279]
[4.56468531],[1.064497],[3.5614278]
[4.75969422],[1.07532123],[3.94178377]
[4.71852377],[1.08368391],[3.80431561]
[4.91506458],[1.11456053],[4.20134336]
[4.81488382],[1.13768539],[3.97944152]
[5.00169759],[1.15525454],[4.32873138]
[4.82393011],[1.16940103],[4.04766384]
[5.04434944],[1.18628634],[4.40873397]
[4.82421431],[1.2039456],[4.12728612]
[5.04021606],[1.21837544],[4.50846847]
[4.81200419],[1.23057759],[4.23459475]
[5.03558736],[1.2461271],[4.60893961]
[4.98070585],[1.2583933],[4.52566103]
[5.04268402],[1.27339904],[4.71430418]
[4.99748678],[1.29580967],[4.67933615]
[4.99439656],[1.31654522],[4.68283934]
[4.98459692],[1.3318774],[4.73013102]
[4.99581249],[1.33838803],[4.7293163]
[4.95690362],[1.33378587],[4.72299896]
[4.94905277],[1.32785586],[4.71527974]
[4.93972865],[1.32992476],[4.69017909]
[4.94403373],[1.32758652],[4.69666787]
[4.91782482],[1.32961763],[4.63067646]
[4.9105359],[1.32533919],[4.60360378]
[4.90487754],[1.32098692],[4.5703078]
[4.88608447],[1.31529204],[4.52791496]
[4.87737686],[1.31331653],[4.5266337]
[4.8612787],[1.30897647],[4.52204228]
[4.87358066],[1.30917935],[4.5277321]
[4.82121436],[1.31096869],[4.49069648]
[4.80255941],[1.30861484],[4.46700309]
[4.78757315],[1.30468545],[4.44110044]
[4.76616831],[1.30045883],[4.4049994]
[4.76168475],[1.29652361],[4.37709278]
[4.7574646],[1.29257336],[4.34215095]
[4.23414833],[1.28752745],[4.04734555]
[3.49168219],[1.28266264],[3.19722373]
[2.74141575],[1.28180557],[2.22637952]
[1.79356011],[0.49284596],[0.70314839]
[3.05223994],[0.68354532],[1.72667775]
[3.65292046],[0.77035031],[2.23572228]
[3.67176042],[0.84259136],[2.41863554]
[3.79916942],[0.89035839],[2.67392929]
[3.7867619],[0.92274247],[2.71773241]
[4.0583208],[0.95204612],[3.03299743]
[4.13412918],[0.98225122],[3.05550334]
[4.30092607],[0.99505133],[3.31044202]
[4.22714224],[1.01060732],[3.18597454]
[4.412532],[1.02538636],[3.52271499]
[4.30070967],[1.03471928],[3.30577793]
[4.5200271],[1.0494366],[3.68218682]
[4.44067649],[1.0574657],[3.46398903]
[4.66173343],[1.07005121],[3.87357943]
[4.60788631],[1.07369615],[3.6880231]
[4.85870809],[1.08321685],[4.13745389]
[4.81619298],[1.1178892],[4.00282719]
[5.07637465],[1.15597896],[4.45118522]
[4.94642351],[1.18712161],[4.24817271]
[5.21586924],[1.21187032],[4.7046608]
[5.07798955],[1.23324097],[4.47706635]
[5.28402874],[1.25069007],[4.84910347]
[5.08709752],[1.26185084],[4.55041944]
[5.3334358],[1.27345968],[4.94782189]
[5.09434378],[1.28582767],[4.64799633]
[5.33487671],[1.29998386],[5.06553295]
[5.08655149],[1.31200127],[4.77534178]
[5.33076157],[1.32725794],[5.1893058]
[5.25254476],[1.33929927],[5.14905568]
[5.34314612],[1.35542836],[5.32860843]
[5.26840157],[1.37070671],[5.3125827]
[5.30496317],[1.39052858],[5.34154384]
[5.26215566],[1.40562351],[5.38402694]
[5.30599722],[1.41254546],[5.40418353]
[5.24861853],[1.41314853],[5.39119908]
[5.23924346],[1.42003561],[5.38788111]
[5.22841149],[1.42243831],[5.36964818]
[5.23118565],[1.42195256],[5.37774258]
[5.20178735],[1.42410079],[5.31908906]
[5.18347379],[1.42099193],[5.28998671]
[5.16191231],[1.41781582],[5.25680631]
[5.13593245],[1.41353097],[5.22510608]
[5.10474679],[1.41281354],[5.17607441]
[5.07032637],[1.4111185],[5.13788223]
[5.0652684],[1.41744022],[5.13245373]
[5.00535446],[1.41965064],[5.08302432]
[4.97923658],[1.41985199],[5.05223842]
[4.95952236],[1.42012642],[5.02658928]
[4.93323866],[1.42061467],[4.99535246]
[4.9112285],[1.42607839],[4.96452174]
[4.88747476],[1.42849125],[4.9231675]
[4.30956989],[1.42757869],[4.59486842]
[3.54324],[1.42497881],[3.66358091]
[2.78583704],[1.42082129],[2.58269022]
[2.06295955],[0.56828371],[0.9140981]
[3.08385014],[0.72707469],[1.89076686]
[3.68467722],[0.80841217],[2.39077616]
[3.70843719],[0.86860334],[2.56027211]
[3.82934457],[0.93432446],[2.82839913]
[3.82278681],[0.96003558],[2.88101163]
[4.01197861],[0.98980174],[3.14368645]
[4.1184992],[1.01333579],[3.16961564]
[4.30500433],[1.02854594],[3.43831007]
[4.27336246],[1.03832152],[3.3537316]
[4.46707888],[1.05335387],[3.68020751]
[4.43095625],[1.06166231],[3.54321744]
[4.6249487],[1.07189024],[3.88174769]
[4.61338549],[1.07779675],[3.79721992]
[4.82386875],[1.10133538],[4.19228184]
[4.81934712],[1.1308142],[4.10905459]
[5.07263295],[1.16528113],[4.54181244]
[5.03725413],[1.19716424],[4.45977851]
[5.30834253],[1.23360539],[4.8819069]
[5.21151367],[1.26278586],[4.73946943]
[5.44993837],[1.28713527],[5.13090176]
[5.31254693],[1.30810005],[4.99157914]
[5.52018462],[1.32225278],[5.28249556]
[5.35607703],[1.33310174],[5.05232433]
[5.57521655],[1.34610109],[5.39865269]
[5.3844996],[1.35924915],[5.15100343]
[5.58649636],[1.37347982],[5.52836706]
[5.389014],[1.38556148],[5.27992391]
[5.59051797],[1.40190684],[5.67371495]
[5.53890811],[1.41619052],[5.67116266]
[5.61027997],[1.43329169],[5.82442504]
[5.55876774],[1.44928577],[5.84158471]
[5.58254708],[1.46495804],[5.93119647]
[5.56370735],[1.47662498],[5.95035667]
[5.59091892],[1.47908843],[6.00406715]
[5.56091845],[1.47574827],[5.98772916]
[5.54513704],[1.46928735],[5.98974518]
[5.53970685],[1.47119549],[5.98466246]
[5.54116289],[1.47075532],[5.97834901]
[5.51914015],[1.47332468],[5.93742902]
[5.50313196],[1.47164471],[5.91243312]
[5.48274995],[1.46889202],[5.88947839]
[5.45830747],[1.46511943],[5.8622108]
[5.42897485],[1.46525623],[5.83440922]
[5.40043596],[1.4644886],[5.80358288]
[5.38591933],[1.4695653],[5.79789726]
[5.33964806],[1.47112365],[5.70091841]
[5.31324757],[1.47023587],[5.6261278]
[5.2829646],[1.46912091],[5.56073583]
[5.24469662],[1.47005303],[5.51622957]
[5.21112944],[1.47425614],[5.46636922]
[5.17788253],[1.47809758],[5.40674171]
[4.49801761],[1.48187636],[5.00869208]
[3.7296677],[1.48203866],[4.03018115]
[2.94451423],[1.47884189],[2.89117571]
[2.25701775],[0.64361794],[1.10534144]
[3.10916602],[0.76549111],[2.04195693]
[3.74123814],[0.84395095],[2.55714555]
[3.77735228],[0.90863526],[2.7454489]
[3.89226366],[0.97198798],[3.00837251]
[3.87342797],[0.99768691],[3.04960494]
[4.07834837],[1.02477006],[3.30512218]
[4.20453622],[1.04209553],[3.34182027]
[4.37447625],[1.05729265],[3.59329728]
[4.38984051],[1.06502641],[3.5642344]
[4.56502739],[1.07294981],[3.875946]
[4.59871491],[1.07958157],[3.86417264]
[4.7694977],[1.11279298],[4.21375203]
[4.80741784],[1.14197292],[4.22432774]
[5.02344066],[1.17863285],[4.59254486]
[5.01702436],[1.20720114],[4.57368479]
[5.27430254],[1.24038595],[4.97592022]
[5.23506941],[1.27252184],[4.93091584]
[5.52221857],[1.30730666],[5.29910175]
[5.41969588],[1.33417427],[5.22174201]
[5.61143538],[1.35769046],[5.54013045]
[5.52633113],[1.37459487],[5.46365318]
[5.68872532],[1.3885549],[5.71113095]
[5.58087352],[1.39973345],[5.58543562]
[5.74619703],[1.41357389],[5.86613356]
[5.61347539],[1.42610688],[5.73449677]
[5.76335155],[1.43966898],[6.02056376]
[5.62419679],[1.45119492],[5.88880588]
[5.76795719],[1.46825732],[6.1684796]
[5.74500447],[1.48213668],[6.1931748]
[5.78995455],[1.49872762],[6.33656002]
[5.76870413],[1.5139614],[6.36332433]
[5.77752005],[1.52901301],[6.4571651]
[5.78199387],[1.5406815],[6.47828232]
[5.78951187],[1.54335252],[6.5370719]
[5.78001591],[1.54028272],[6.52437487]
[5.75611756],[1.53479907],[6.52727625]
[5.75241835],[1.52950033],[6.5246642]
[5.75426373],[1.52375638],[6.51679964]
[5.73945755],[1.51837688],[6.48434859]
[5.7280724],[1.51330381],[6.45976484]
[5.71213392],[1.50848318],[6.43291099]
[5.69326274],[1.5077542],[6.40263387]
[5.67497829],[1.5124917],[6.38713312]
[5.65332944],[1.51686],[6.37087721]
[5.64132132],[1.52051909],[6.35847014]
[5.60627661],[1.521296],[6.3019192]
[5.58786245],[1.5191848],[6.25317811]
[5.56650141],[1.51658956],[6.19709321]
[5.53995899],[1.51777149],[6.12980185]
[5.51821172],[1.52001166],[6.05296213]
[5.47438029],[1.52205558],[5.95109166]
[4.71070702],[1.52414907],[5.41827285]
[3.94276519],[1.52566688],[4.38267189]
[3.16717931],[1.52642802],[3.21201514]
[2.22379973],[0.72069232],[1.21882843]
[3.12437156],[0.79974203],[2.16026099]
[3.79685062],[0.88203294],[2.70937084]
[3.82014189],[0.94955687],[2.88395224]
[3.94563283],[1.00835973],[3.15882632]
[3.89839379],[1.02789659],[3.16726488]
[4.22886368],[1.05119585],[3.48781086]
[4.33176568],[1.06654466],[3.50958705]
[4.52053474],[1.07223551],[3.80964516]
[4.53124348],[1.08767204],[3.8614204]
[4.72484704],[1.12593111],[4.23282878]
[4.77539852],[1.15759988],[4.25213598]
[4.98178633],[1.19161727],[4.62145981]
[4.9968137],[1.21983524],[4.64999378]
[5.23335286],[1.25555331],[5.02707137]
[5.21631725],[1.282966],[5.02435734]
[5.487875],[1.31404604],[5.38858801]
[5.44975867],[1.34377663],[5.37082353]
[5.6900739],[1.37488137],[5.72654927]
[5.61610507],[1.39665454],[5.67574257]
[5.78734099],[1.41478241],[5.98661032]
[5.73120031],[1.43022828],[5.95454561]
[5.85952034],[1.44434521],[6.1903702]
[5.78871517],[1.45573716],[6.10172249]
[5.91897076],[1.46989613],[6.35385758]
[5.81906483],[1.48181112],[6.25074746]
[5.93767807],[1.49477132],[6.50540658]
[5.83057963],[1.50656811],[6.39640572]
[5.94312821],[1.52367435],[6.64915807]
[5.94865481],[1.53733145],[6.68645717]
[5.96473198],[1.55399359],[6.81725526]
[5.9745611],[1.57068641],[6.85528765]
[5.95662779],[1.58748],[6.94099708]
[5.98653566],[1.60156178],[6.97211695]
[5.96914917],[1.6040889],[7.02510331]
[5.97981069],[1.60048759],[7.02099388]
[5.94562608],[1.59401579],[7.01790706]
[5.94088761],[1.58772366],[7.01474098]
[5.94218128],[1.58065515],[7.00649079]
[5.92881566],[1.57529225],[6.97626838]
[5.92299715],[1.57038194],[6.95475094]
[5.9020498],[1.56593802],[6.92369025]
[5.87573948],[1.56178771],[6.88420511]
[5.85926107],[1.55841186],[6.85678837]
[5.83821251],[1.55865654],[6.83830009]
[5.82616503],[1.56204408],[6.82520336]
[5.79130087],[1.56368208],[6.77354383]
[5.77451972],[1.56223768],[6.73550636]
[5.7514562],[1.56018001],[6.68906686]
[5.71731443],[1.56266632],[6.62692439]
[5.68814452],[1.56527523],[6.55542858]
[5.62970275],[1.56695694],[6.46636683]
[4.86668474],[1.56843667],[5.81898429]
[4.10065353],[1.56927176],[4.71864731]
[3.31646793],[1.56871735],[3.50059855]
[2.26345129],[0.76898259],[1.3291646]
[3.14158562],[0.83109817],[2.26108939]
[3.84647575],[0.92382965],[2.84329266]
[3.86446342],[0.98575984],[3.03667964]
[3.9882296],[1.03825441],[3.30477764]
[4.01465596],[1.05412209],[3.32612291]
[4.37088779],[1.07049278],[3.68962078]
[4.49458565],[1.09635488],[3.78807262]
[4.6605654],[1.15320185],[4.20431421]
[4.71231944],[1.18470742],[4.28346456]
[4.90831959],[1.22217447],[4.68152093]
[4.96884861],[1.2498694],[4.77396294]
[5.17595052],[1.27935845],[5.11916957]
[5.18424781],[1.30425112],[5.15069326]
[5.42309562],[1.3350947],[5.5041693]
[5.40443411],[1.3586762],[5.51952983]
[5.66013667],[1.38633736],[5.88543537]
[5.65893071],[1.41185268],[5.93200522]
[5.83534128],[1.43630178],[6.24172257]
[5.83152324],[1.45362838],[6.24637076]
[5.94196077],[1.47140219],[6.51295333]
[5.92993206],[1.48664986],[6.51036648]
[6.0135766],[1.50078593],[6.7133569]
[5.98957268],[1.51224482],[6.65710822]
[6.07271547],[1.52529621],[6.85860407]
[6.02374997],[1.53717939],[6.79557964]
[6.09017519],[1.55088784],[7.00266991]
[6.03148746],[1.56528153],[6.93939523]
[6.09124181],[1.58380696],[7.14437847]
[6.12728042],[1.59663569],[7.20186091]
[6.10754961],[1.61209201],[7.30703589]
[6.14534368],[1.62603707],[7.36019611]
[6.10521787],[1.64006504],[7.44114608]
[6.15066716],[1.65192033],[7.48208002]
[6.11270707],[1.65585547],[7.53158083]
[6.1354139],[1.65275232],[7.54326908]
[6.08983735],[1.64871209],[7.5333671]
[6.08386366],[1.64466958],[7.53269551]
[6.08112429],[1.63994311],[7.5272827]
[6.06505807],[1.63550465],[7.50020809]
[6.06068668],[1.63129718],[7.48128931]
[6.04154832],[1.62740279],[7.45401653]
[6.01511225],[1.62293496],[7.41684197]
[5.99864699],[1.6180077],[7.39402809]
[5.9769816],[1.61311755],[7.36999367]
[5.96222891],[1.61331805],[7.35304089]
[5.92795093],[1.61488441],[7.30739229]
[5.90983569],[1.61629949],[7.27529093]
[5.88468388],[1.61598245],[7.23411324]
[5.85147091],[1.61627273],[7.17971799]
[5.82764107],[1.61641653],[7.12582801]
[5.71365798],[1.61606762],[7.04105299]
[4.94996556],[1.61565219],[6.28020532]
[4.19026419],[1.61512407],[5.12744475]
[3.40767925],[1.6143319],[3.87485843]
[2.31908268],[0.79475903],[1.47090477]
[3.17826048],[0.86748891],[2.3891326]
[3.90706268],[0.96154016],[2.99557988]
[3.92725246],[1.02115764],[3.19931658]
[4.02817601],[1.05531249],[3.42362001]
[4.20039879],[1.06774659],[3.53024875]
[4.52830158],[1.0999384],[3.92333331]
[4.67499548],[1.17140248],[4.17651166]
[4.80375982],[1.2224959],[4.52484829]
[4.92647637],[1.25321086],[4.71999243]
[5.10246489],[1.28976688],[5.09593592]
[5.1699534],[1.31422523],[5.21598177]
[5.36509042],[1.34165786],[5.51269503]
[5.38496925],[1.36500626],[5.60546337]
[5.60439767],[1.39390952],[5.93049815]
[5.62187569],[1.41630995],[6.01811258]
[5.82742824],[1.44200665],[6.36393441]
[5.860495],[1.46402839],[6.42125455]
[5.99879712],[1.48705123],[6.68574277]
[6.02788953],[1.50297471],[6.71959845]
[6.07770228],[1.52058612],[6.93766777]
[6.09427126],[1.53857177],[6.96576279]
[6.12436909],[1.55581177],[7.12538705]
[6.13573549],[1.56835012],[7.11037909]
[6.16386025],[1.58066819],[7.27104223]
[6.15483979],[1.59278737],[7.25273009]
[6.17546718],[1.60782741],[7.41752839]
[6.16560479],[1.62069706],[7.40558554]
[6.17639097],[1.63727535],[7.56457173]
[6.23802792],[1.65034148],[7.64831788]
[6.19173481],[1.66574076],[7.7375366]
[6.25126069],[1.67964801],[7.81575559]
[6.20680101],[1.69330858],[7.89171025]
[6.26295688],[1.70284741],[7.95893911]
[6.21620016],[1.70570829],[8.01115545]
[6.25029262],[1.70295437],[8.05077671]
[6.20171924],[1.69943527],[8.03813048]
[6.19645059],[1.69560405],[8.03520253]
[6.19102708],[1.69151624],[8.02453811]
[6.17889682],[1.68744492],[7.99516128]
[6.17777916],[1.68384519],[7.97211896]
[6.16457753],[1.68031181],[7.94255943]
[6.139845],[1.67685224],[7.89893214]
[6.12803259],[1.67376374],[7.86946033]
[6.10852857],[1.67045423],[7.83546228]
[6.09337445],[1.66673086],[7.80980225]
[6.0615593],[1.66322109],[7.76661761]
[6.04408277],[1.66018503],[7.73235503]
[6.0210615],[1.65796004],[7.69291204]
[5.99050994],[1.65438697],[7.63985316]
[5.96989505],[1.65034986],[7.59276336]
[5.78705743],[1.64723576],[7.47828992]
[5.02232723],[1.64529823],[6.61991646]
[4.26416308],[1.64357163],[5.44643433]
[3.48711458],[1.64177871],[4.17659358]
[2.33530475],[0.82252649],[1.55517243]
[3.19248266],[0.90414134],[2.48750864]
[3.95855844],[0.9911979],[3.13128126]
[3.9673682],[1.0382553],[3.31028996]
[4.13744631],[1.06763473],[3.54339065]
[4.38390896],[1.09470671],[3.74687256]
[4.66372471],[1.17332421],[4.24329576]
[4.84337173],[1.23899025],[4.51284874]
[5.00742619],[1.28492936],[4.8935335]
[5.11691957],[1.31546582],[5.11993443]
[5.30461127],[1.35056674],[5.49947193]
[5.36089173],[1.37296854],[5.6290673]
[5.56814474],[1.39766267],[5.9504095]
[5.57926922],[1.41949165],[6.0577674]
[5.76604367],[1.44669391],[6.39049434]
[5.80821002],[1.46621756],[6.48089629]
[5.96097886],[1.48889047],[6.77369381]
[6.02743899],[1.51040011],[6.83658705]
[6.12453258],[1.53418269],[7.08154715]
[6.15236075],[1.55282052],[7.12728615]
[6.17207988],[1.57165975],[7.32923334]
[6.21908446],[1.58577044],[7.37364214]
[6.21950913],[1.5998432],[7.5182712]
[6.25918443],[1.61245507],[7.52564109]
[6.2591646],[1.62406946],[7.67870256]
[6.28677378],[1.63723622],[7.68120858]
[6.27068255],[1.65166879],[7.83503592]
[6.3090267],[1.66398774],[7.83788222]
[6.27319084],[1.68021284],[7.99019517]
[6.38143934],[1.6929511],[8.11050815]
[6.29172213],[1.7065044],[8.18852068]
[6.40994804],[1.72368846],[8.32812884]
[6.32502402],[1.74770581],[8.39840696]
[6.43466605],[1.7723792],[8.52014269]
[6.3494895],[1.77731072],[8.55442912]
[6.41603933],[1.76826704],[8.60693087]
[6.32770048],[1.75957985],[8.57054047]
[6.31621713],[1.75051155],[8.55303369]
[6.29822236],[1.74090945],[8.52760948]
[6.28521002],[1.73198124],[8.48267094]
[6.28636724],[1.72348986],[8.4487958]
[6.2728437],[1.71604866],[8.40727531]
[6.2487523],[1.71270243],[8.35904989]
[6.23737319],[1.70978002],[8.32828842]
[6.21795057],[1.70684904],[8.28867579]
[6.19564692],[1.70365933],[8.24873111]
[6.16370124],[1.70075733],[8.1837765]
[6.14584321],[1.69587505],[8.12907534]
[6.1216072],[1.68884067],[8.0677591]
[6.0892546],[1.68220652],[7.98730191]
[6.06960536],[1.67982826],[7.92509577]
[5.8708537],[1.6764829],[7.7898049]
[5.10612195],[1.67362402],[6.87878735]
[4.34652818],[1.67163968],[5.68094162]
[3.57648645],[1.66742949],[4.39176269]
[2.38271848],[0.84325011],[1.67097043]
[3.22787015],[0.9365143],[2.61846514]
[4.0012299],[1.00659784],[3.23506819]
[4.01199297],[1.05336905],[3.43029054]
[4.26804844],[1.11575012],[3.73806121]
[4.54785436],[1.18384627],[4.1546721]
[4.77038438],[1.25541478],[4.62076649]
[5.00376746],[1.31365891],[4.93641139]
[5.18359885],[1.35425296],[5.29462102]
[5.28021971],[1.38388931],[5.58091598]
[5.45266303],[1.41645547],[5.9411668]
[5.5023576],[1.43640299],[6.11498009]
[5.6800585],[1.45745593],[6.43341153]
[5.71959222],[1.4760061],[6.53333867]
[5.87230968],[1.49774112],[6.84808917]
[5.94055332],[1.51475545],[6.9409324]
[6.05883074],[1.53757554],[7.21775504]
[6.16592017],[1.55947387],[7.31158355]
[6.2096949],[1.57957759],[7.5277915]
[6.26518547],[1.59316129],[7.60929537]
[6.25824995],[1.60895554],[7.78649555]
[6.33876826],[1.62258244],[7.85653002]
[6.30085806],[1.63640318],[7.97881676]
[6.4108753],[1.64840191],[8.04021219]
[6.34523545],[1.66130931],[8.13945082]
[6.46004322],[1.6751295],[8.19436389]
[6.37492139],[1.68997141],[8.31026752]
[6.49262601],[1.70221524],[8.38476487]
[6.38920687],[1.72448569],[8.50828022]
[6.56431115],[1.74582639],[8.67922329]
[6.43982987],[1.77148869],[8.73404713]
[6.60088564],[1.79593306],[8.93531698]
[6.55114319],[1.82419763],[8.98019069]
[6.63997471],[1.85464905],[9.17779716]
[6.58986894],[1.86073648],[9.18093098]
[6.63205038],[1.85163518],[9.26348579]
[6.57450637],[1.84280064],[9.21799996]
[6.55710755],[1.83583373],[9.19721743]
[6.53952675],[1.8295107],[9.16624588]
[6.52459348],[1.8223602],[9.11314635]
[6.52944105],[1.8139329],[9.07730385]
[6.51073119],[1.80552025],[9.03251991]
[6.45183752],[1.79532892],[8.96422984]
[6.42250988],[1.78859331],[8.91980014]
[6.38049787],[1.78028588],[8.86306983]
[6.32357271],[1.77009992],[8.80578633]
[6.27213124],[1.76187514],[8.71654515]
[6.24859212],[1.74991798],[8.64293226]
[6.22560211],[1.73452924],[8.56247636]
[6.192272],[1.71593737],[8.46662355]
[6.17058613],[1.70947553],[8.38974265]
[5.94827223],[1.70625106],[8.21743411]
[5.18353695],[1.70304187],[7.22511139]
[4.4255121],[1.70008595],[5.9757953]
[3.66583781],[1.69851207],[4.65546253]
[2.44631066],[0.86494594],[1.81922689]
[3.26413397],[0.95878251],[2.73669403]
[4.03479113],[1.02209453],[3.33113882]
[4.12739922],[1.07670136],[3.5849155]
[4.38382718],[1.18601398],[4.05434642]
[4.67213611],[1.24970883],[4.47995931]
[4.86301067],[1.31717423],[4.89432011]
[5.12462914],[1.37176277],[5.28382702]
[5.31221171],[1.40957323],[5.65905941]
[5.41537478],[1.43788499],[5.96532475]
[5.57180073],[1.46597355],[6.31252722]
[5.6386794],[1.48214143],[6.51833022]
[5.78242298],[1.49784103],[6.80895897]
[5.8625023],[1.51532702],[6.94639374]
[5.97881433],[1.53980773],[7.22494037]
[6.07373055],[1.55795276],[7.35213302]
[6.16623092],[1.57739858],[7.61558919]
[6.27586066],[1.59520048],[7.72908866]
[6.28623389],[1.6140504],[7.91523748]
[6.39849607],[1.62792192],[8.0146061]
[6.3338985],[1.6435555],[8.17210721]
[6.48404464],[1.65663487],[8.28360161]
[6.41729616],[1.67085232],[8.38783749]
[6.58457994],[1.68499685],[8.51216656]
[6.54144132],[1.69947533],[8.59787124]
[6.66491669],[1.72264461],[8.7346973]
[6.59817756],[1.74386868],[8.80390927]
[6.70959255],[1.77204323],[8.99472037]
[6.63429084],[1.79266671],[9.03778099]
[6.77672855],[1.82267479],[9.32591814]
[6.70118011],[1.84800376],[9.33106016]
[6.82587241],[1.87687899],[9.63766093]
[6.82896421],[1.90419394],[9.6688784]
[6.87671002],[1.92794586],[9.86260109]
[6.88371456],[1.93528672],[9.87266503]
[6.88408561],[1.92779576],[9.93751391]
[6.87916326],[1.91978962],[9.88757305]
[6.85417897],[1.91490109],[9.86079126]
[6.84698899],[1.90678798],[9.82725197]
[6.84275455],[1.89876187],[9.79036831]
[6.84567419],[1.88946029],[9.76083952]
[6.83303699],[1.88041463],[9.71416808]
[6.76539243],[1.86998126],[9.63411938]
[6.70309968],[1.86204019],[9.58274245]
[6.63719197],[1.85302153],[9.5192761]
[6.5588902],[1.84184708],[9.4485484]
[6.48814722],[1.83287453],[9.36741291]
[6.4429877],[1.82318601],[9.29493317]
[6.38857473],[1.81058815],[9.20702088]
[6.31620594],[1.78630002],[9.08463994]
[6.28253744],[1.76412622],[8.9690787]
[6.01551308],[1.74098571],[8.70545804]
[5.2386395],[1.72939452],[7.57312269]
[4.4779258],[1.72452765],[6.26628045]
[3.72248802],[1.72014724],[4.91254685]
[2.49502695],[0.89882028],[1.95002956]
[3.28562218],[0.96826518],[2.82633998]
[4.06369062],[1.03591973],[3.41436042]
[4.25752313],[1.15484252],[3.88208338]
[4.50857554],[1.24620446],[4.36166521]
[4.78360713],[1.30315296],[4.7505727]
[4.9813296],[1.36437898],[5.23379406]
[5.23566159],[1.41382833],[5.61952127]
[5.43832139],[1.44682884],[5.98915674]
[5.53207776],[1.47413423],[6.30292616]
[5.67417982],[1.49969927],[6.65549369]
[5.764997],[1.51500377],[6.86956929]
[5.88590703],[1.5324211],[7.16840277]
[5.99737448],[1.5502446],[7.31766184]
[6.06953779],[1.57055899],[7.56764361]
[6.21060774],[1.58673331],[7.70696267]
[6.25429698],[1.60551161],[7.93181899]
[6.39542425],[1.62308148],[8.05448488]
[6.37228481],[1.64089954],[8.21687008]
[6.55113101],[1.65410503],[8.37133937]
[6.49461714],[1.66877488],[8.50179363]
[6.66278008],[1.68167429],[8.68834804]
[6.635911],[1.69755588],[8.78387436]
[6.78642566],[1.72969442],[8.9843629]
[6.7977253],[1.73956413],[9.04285227]
[6.89333872],[1.77656371],[9.25871312]
[6.88466831],[1.78942115],[9.29553233]
[6.94372946],[1.82794338],[9.55682634]
[6.94400075],[1.84832518],[9.60392971]
[7.00792649],[1.87664035],[9.90737963]
[7.02062705],[1.90645795],[9.91503708]
[7.0644176],[1.93318954],[10.16938098]
[7.13709867],[1.95879904],[10.23776589]
[7.13151326],[1.97828038],[10.37079134]
[7.19339875],[1.98618961],[10.40600111]
[7.14746857],[1.97904617],[10.42601111]
[7.1876236],[1.9709896],[10.40190324]
[7.15324002],[1.9635764],[10.36654792]
[7.14553046],[1.95544579],[10.33367557]
[7.14416852],[1.94795117],[10.30052957]
[7.13486077],[1.93851817],[10.26305472]
[7.12266439],[1.92902335],[10.2133897]
[7.06522796],[1.91813572],[10.1234642]
[6.96875914],[1.90988465],[10.04996474]
[6.88007504],[1.90228822],[9.96999996]
[6.78339044],[1.89278698],[9.87949537]
[6.69876733],[1.8837849],[9.79254364]
[6.63366046],[1.87412516],[9.71526331]
[6.56374993],[1.86013717],[9.62188024]
[6.47472694],[1.83755035],[9.49738184]
[6.4290689],[1.81502342],[9.39149768]
[6.13018544],[1.79150442],[9.10836338]
[5.32910188],[1.76553218],[7.91940087]
[4.55121004],[1.74476574],[6.55819631]
[3.79145598],[1.73647882],[5.13482272]
[2.51304661],[0.9193996],[2.02338779]
[3.29997617],[0.97756532],[2.89988942]
[4.07631219],[1.04873641],[3.50525836]
[4.37854803],[1.19589973],[4.12398006]
[4.61769769],[1.28741641],[4.61442186]
[4.88870918],[1.34197186],[5.07936987]
[5.09370453],[1.40071603],[5.52001257]
[5.33943132],[1.44809953],[5.90021626]
[5.55642814],[1.47967382],[6.28143162]
[5.6537006],[1.50699553],[6.59241693]
[5.78350727],[1.53324216],[6.97516007]
[5.88930942],[1.54856591],[7.18195076]
[5.99498546],[1.56282343],[7.4998692]
[6.11066195],[1.57585105],[7.60570347]
[6.17193969],[1.59546629],[7.86661855]
[6.30564652],[1.61159831],[7.99945673]
[6.32048647],[1.63054297],[8.19900305]
[6.51760527],[1.64764751],[8.36069569]
[6.51670882],[1.6646452],[8.50876109]
[6.69227699],[1.67771111],[8.69782161]
[6.67405685],[1.69211599],[8.81946744]
[6.81952032],[1.71805073],[9.07877908]
[6.84158952],[1.73634055],[9.17853625]
[6.96001504],[1.78353046],[9.43897088]
[7.054183],[1.79571513],[9.55215961]
[7.10464992],[1.83173399],[9.76069226]
[7.1731374],[1.84614345],[9.88059582]
[7.19595477],[1.88152761],[10.0691535]
[7.24974039],[1.90427696],[10.17685214]
[7.30000092],[1.93064257],[10.38827508]
[7.32156999],[1.95967297],[10.42604773]
[7.3870091],[1.98474753],[10.61099072]
[7.4361237],[2.00772122],[10.68085078]
[7.47348969],[2.02325137],[10.79244871]
[7.49147248],[2.03060845],[10.81096566]
[7.48984977],[2.02455974],[10.81507896]
[7.48661315],[2.01643031],[10.79079011]
[7.49199623],[2.00791517],[10.75676384]
[7.46322661],[1.99844444],[10.72074464]
[7.45624671],[1.99064798],[10.68329765]
[7.4441687],[1.98200954],[10.64257015]
[7.42817906],[1.97312242],[10.5918322]
[7.39543425],[1.96353993],[10.51367665]
[7.31819867],[1.95457977],[10.44313256]
[7.21841944],[1.94564498],[10.36615645]
[7.10893942],[1.93609553],[10.27077212]
[6.9949444],[1.92675319],[10.15512322]
[6.89795145],[1.91665563],[10.05736688]
[6.80944244],[1.89908405],[9.94847874]
[6.70549218],[1.87501683],[9.8057619]
[6.63707498],[1.85205975],[9.69713502]
[6.33525088],[1.82930295],[9.41682596]
[5.51718144],[1.80264951],[8.19788261]
[4.72224201],[1.7818861],[6.82333184]
[3.94458163],[1.76372573],[5.3833301]
[2.52152203],[0.93289718],[2.06446723]
[3.30387878],[0.98532495],[2.9323591]
[4.07540695],[1.06225716],[3.65521085]
[4.47246204],[1.23974177],[4.35713832]
[4.68820516],[1.33028721],[4.88993349]
[4.97626852],[1.38195775],[5.35949598]
[5.19027335],[1.4373472],[5.78333631]
[5.4310407],[1.48029772],[6.16820066]
[5.65102575],[1.50882421],[6.58017026]
[5.76336741],[1.53818038],[6.87977409]
[5.87532698],[1.56163893],[7.29366907]
[5.99660314],[1.5739801],[7.48873467]
[6.0719959],[1.58780292],[7.78697807]
[6.21777561],[1.60002396],[7.91251343]
[6.24430115],[1.61984523],[8.12926451]
[6.37430383],[1.63503401],[8.27265811]
[6.38277938],[1.65308583],[8.4475749]
[6.63164727],[1.66945377],[8.63778264]
[6.68534604],[1.68545307],[8.77383198]
[6.83694682],[1.69824411],[9.02463075]
[6.87325015],[1.71260327],[9.15295374]
[6.98790831],[1.7554873],[9.47158558]
[7.08797756],[1.78489374],[9.65523798]
[7.19375073],[1.8295989],[9.90670807]
[7.32620851],[1.84209675],[10.08480907]
[7.4296544],[1.8745767],[10.24799597]
[7.46824378],[1.88795491],[10.38471639]
[7.53624986],[1.92189511],[10.53217965]
[7.54439505],[1.94530723],[10.63130502]
[7.64292918],[1.96985823],[10.81308497]
[7.61787211],[1.99789746],[10.87463879]
[7.72539444],[2.02257875],[11.04812686]
[7.73203619],[2.04670302],[11.12616159]
[7.81185049],[2.0610167],[11.2287022]
[7.78743527],[2.06802048],[11.24857582]
[7.83137975],[2.06351121],[11.24997266]
[7.78495691],[2.05558509],[11.22530209]
[7.82982435],[2.04741919],[11.18947663]
[7.77996168],[2.03833793],[11.14572349]
[7.77654477],[2.03018112],[11.11001697]
[7.76213274],[2.02198689],[11.06980307]
[7.74335595],[2.0137383],[11.02359134]
[7.7207812],[2.00440657],[10.94610423]
[7.68218006],[1.99551123],[10.87086286]
[7.58105628],[1.98672454],[10.78422705]
[7.47325368],[1.97733513],[10.68971684]
[7.36119856],[1.96857433],[10.59100601]
[7.25390191],[1.95913427],[10.49584771]
[7.15069985],[1.94504514],[10.39479929]
[7.03178657],[1.92200124],[10.24768631]
[6.92748049],[1.89988463],[10.11912844]
[6.5921653],[1.87661389],[9.82218385]
[5.75353405],[1.85105998],[8.57389315]
[4.93825545],[1.8273016],[7.17074169]
[4.1286602],[1.8022725],[5.70204135]
[2.53895855],[0.94404305],[2.12689118]
[3.30741437],[0.99964883],[2.96709354]
[4.07481812],[1.10143623],[3.85156559]
[4.575448],[1.26801675],[4.52499095]
[4.77067069],[1.35791206],[5.06052753]
[5.07127248],[1.40880414],[5.55833524]
[5.29089747],[1.46261165],[5.98316144]
[5.53619439],[1.50075887],[6.39294957]
[5.74210984],[1.53716978],[6.83626585]
[5.87452902],[1.5629202],[7.12167143]
[5.96606904],[1.58224237],[7.55056119]
[6.0918018],[1.59550757],[7.73490642]
[6.15304882],[1.60963724],[8.00414105]
[6.29041108],[1.62152392],[8.14390694]
[6.28451216],[1.64297357],[8.32045475]
[6.46487073],[1.65633302],[8.50606768]
[6.49840856],[1.67415278],[8.6596493]
[6.76613919],[1.69031612],[8.89698849]
[6.88774744],[1.70680239],[9.05110303]
[7.00907201],[1.73287036],[9.37957717]
[7.12952519],[1.75785413],[9.58629275]
[7.2400189],[1.81705465],[9.90891699]
[7.35731059],[1.85388626],[10.15105038]
[7.50398092],[1.89189813],[10.41095637]
[7.59446635],[1.90518213],[10.60450508]
[7.76347334],[1.93464765],[10.78316212]
[7.75825188],[1.94818396],[10.91074237]
[7.87102506],[1.9817606],[11.07165097]
[7.83444991],[2.00711685],[11.18308876]
[7.95984742],[2.03449126],[11.38918835]
[7.91162924],[2.06484508],[11.45838311]
[8.02865658],[2.09154093],[11.65921331]
[8.04772465],[2.11378954],[11.74289509]
[8.10950569],[2.12753425],[11.88781136]
[8.11265399],[2.13247652],[11.90763272]
[8.12448368],[2.12064221],[11.91870103]
[8.11164859],[2.10307153],[11.84200707]
[8.12583417],[2.09264551],[11.79318418]
[8.10832439],[2.08380148],[11.72192667]
[8.08994183],[2.07580868],[11.64980404]
[8.07267597],[2.06777091],[11.57826529]
[8.05278321],[2.05956065],[11.52109114]
[8.02551121],[2.05064902],[11.43451002]
[8.00613525],[2.04231361],[11.35670393]
[7.92742271],[2.03386982],[11.26053956]
[7.82890703],[2.02439874],[11.15676643]
[7.72235127],[2.01561957],[11.05347938]
[7.61639717],[2.0065588],[10.95045618]
[7.51203128],[1.99451614],[10.84111442]
[7.39562293],[1.97426237],[10.70480666]
[7.28930543],[1.95566038],[10.58593405]
[6.920493],[1.93598614],[10.26950407]
[6.06328148],[1.91316364],[8.99757368]
[5.21893473],[1.88990296],[7.56291101]
[4.3729941],[1.86625088],[6.06368549]
[2.54995653],[0.95142576],[2.17556222]
[3.3107812],[1.01203091],[2.99928429]
[4.07470343],[1.14180389],[3.98531067]
[4.67989273],[1.29330943],[4.68067169]
[4.8688831],[1.38179693],[5.24115391]
[5.16673497],[1.43031123],[5.75546357]
[5.39516062],[1.49074439],[6.1942952]
[5.64437074],[1.51729928],[6.60549612]
[5.83423979],[1.56275507],[7.0769943]
[5.98526887],[1.58297071],[7.36241352]
[6.03924416],[1.60077439],[7.75695618]
[6.19459794],[1.61392111],[7.96377103]
[6.21470766],[1.62917747],[8.18159379]
[6.3492898],[1.63910551],[8.34760721]
[6.32891276],[1.66185277],[8.50534124]
[6.56972944],[1.67250796],[8.71736227]
[6.64542714],[1.69193492],[8.86817875]
[6.92650031],[1.70700172],[9.16749601]
[7.1512787],[1.72421813],[9.37642025]
[7.27635904],[1.77042536],[9.73245473]
[7.39432447],[1.81243592],[9.98763942]
[7.55301353],[1.88326423],[10.35709862]
[7.62547558],[1.92659593],[10.67045074]
[7.81269678],[1.96388771],[10.96740409]
[7.86326994],[1.98029284],[11.21290255]
[8.050978],[2.01400519],[11.49161354]
[8.06802484],[2.03565504],[11.63216178]
[8.16222416],[2.06617842],[11.90160445]
[8.15514273],[2.0964821],[12.02230216]
[8.24930613],[2.12043727],[12.29577018]
[8.24394411],[2.14757849],[12.38207407]
[8.3317652],[2.17149087],[12.63827794]
[8.42251647],[2.18943525],[12.76480843]
[8.46812716],[2.20162897],[12.92785432]
[8.54765624],[2.2024096],[12.98445645]
[8.49524456],[2.19001079],[12.97707838]
[8.53197063],[2.17797351],[12.88830852]
[8.48729461],[2.16021787],[12.81682107]
[8.51101112],[2.1396714],[12.70205071]
[8.4452402],[2.12273705],[12.58882973]
[8.41745771],[2.10499773],[12.47819551]
[8.3903928],[2.09484314],[12.35682808]
[8.35453552],[2.08619683],[12.17433001]
[8.33093554],[2.07810965],[11.97484575]
[8.26112788],[2.069976],[11.77682571]
[8.14185088],[2.06117658],[11.6318231]
[8.04572005],[2.05286615],[11.51495584]
[7.9539176],[2.04422238],[11.40218741]
[7.86313225],[2.03427004],[11.28809216]
[7.75803499],[2.01378027],[11.1407758]
[7.65246114],[1.99256404],[11.00785215]
[7.26142821],[1.97372841],[10.66645068]
[6.40582295],[1.95181159],[9.36548715]
[5.55957636],[1.93075171],[7.92131098]
[4.7133432],[1.90677167],[6.39963712]
[2.55454496],[0.96317664],[2.21906637]
[3.3151314],[1.02384458],[3.04039617]
[4.07524959],[1.18121901],[4.10933104]
[4.79398838],[1.31891847],[4.85788148]
[4.97976979],[1.40299616],[5.44455665]
[5.26727215],[1.45042829],[5.9659473]
[5.50647975],[1.51738617],[6.43374824]
[5.75683046],[1.54159771],[6.82700457]
[5.93763478],[1.59032913],[7.32763341]
[6.09034238],[1.60509453],[7.59356117]
[6.13813322],[1.62336235],[7.97585237]
[6.27524808],[1.63396138],[8.17644108]
[6.27806717],[1.65200487],[8.36947104]
[6.46166123],[1.65848437],[8.56863122]
[6.44621856],[1.68298287],[8.70925176]
[6.72273213],[1.68977162],[8.96485732]
[6.86832916],[1.71741509],[9.14349503]
[7.15753744],[1.72867567],[9.54364589]
[7.39850733],[1.7775233],[9.8031253]
[7.59453362],[1.85716886],[10.22319004]
[7.66521064],[1.91312119],[10.62157214]
[7.86955527],[1.98288082],[11.07007384]
[7.90631758],[2.01929744],[11.44126784]
[8.09022264],[2.05378287],[11.84178918]
[8.17259127],[2.06700267],[12.1935684]
[8.3636195],[2.09740564],[12.59071183]
[8.54655202],[2.12501637],[12.83092085]
[8.60620517],[2.14997543],[13.08808958]
[8.66372783],[2.17880611],[13.25999881]
[8.7282001],[2.20008014],[13.52522047]
[8.76499258],[2.22429282],[13.66829899]
[8.8337045],[2.2457051],[13.8790882]
[8.88898486],[2.25906528],[14.05099666]
[8.94025987],[2.26818232],[14.19408571]
[8.96862731],[2.26795422],[14.29232933]
[8.96485533],[2.25782153],[14.24844615]
[8.95294124],[2.24766588],[14.18469161]
[8.94471672],[2.22991022],[14.05291125]
[8.93046496],[2.20898463],[13.94221284]
[8.91258329],[2.18639032],[13.79446976]
[8.87274265],[2.16771852],[13.64414894]
[8.85027447],[2.14971049],[13.49321066]
[8.81664053],[2.13118067],[13.31444325]
[8.7962672],[2.1157989],[13.10721797]
[8.7714879],[2.10336296],[12.86144842]
[8.66951956],[2.09488982],[12.56681596]
[8.50361745],[2.0869657],[12.27035838]
[8.31078116],[2.07903343],[12.00262415]
[8.14746117],[2.07067922],[11.777847]
[8.0413142],[2.05371629],[11.60273457]
[7.94275088],[2.0343751],[11.45227325]
[7.59654511],[2.01211564],[11.10520541]
[6.76365156],[1.98678081],[9.79048413]
[5.92141405],[1.96589307],[8.32045056]
[5.07515842],[1.94524275],[6.76990807]
[2.55701836],[0.97375093],[2.24566651]
[3.31491405],[1.0353322],[3.08437201]
[4.07576168],[1.21201832],[4.2594781]
[4.82559476],[1.34175972],[5.11905726]
[5.04039585],[1.43388254],[5.73516528]
[5.32399967],[1.48522695],[6.19984789]
[5.57362095],[1.54690349],[6.68631355]
[5.82543161],[1.5725307],[7.08956036]
[5.98925245],[1.61895917],[7.551528]
[6.16891714],[1.62814075],[7.83182607]
[6.19079086],[1.64811511],[8.17984482]
[6.32116241],[1.65470387],[8.41687584]
[6.31516695],[1.67540604],[8.59188065]
[6.53953746],[1.67840067],[8.80906456]
[6.5565023],[1.70842223],[8.95919874]
[6.84483386],[1.72383887],[9.29981526]
[7.07460934],[1.75825057],[9.58793677]
[7.37892467],[1.82646282],[10.06187367]
[7.61693175],[1.88833193],[10.46455476]
[7.86414156],[1.96018081],[10.97330143]
[7.89899245],[2.01104442],[11.43661053]
[8.10153679],[2.07293755],[11.98584005]
[8.20223759],[2.10418897],[12.44217922]
[8.40459426],[2.13461409],[12.95372227]
[8.60335503],[2.14926515],[13.37819824]
[8.764064],[2.17709003],[13.81185924]
[8.89640036],[2.20746444],[14.16550667]
[9.03308991],[2.22975671],[14.44842322]
[9.02493513],[2.25530872],[14.652586]
[9.13893785],[2.27445697],[14.89522159]
[9.12245378],[2.29621362],[15.06553975]
[9.24179589],[2.3130767],[15.24835559]
[9.24865089],[2.32434695],[15.40588197]
[9.33833818],[2.33173109],[15.54323296]
[9.33710639],[2.3328457],[15.65442473]
[9.36815827],[2.32119205],[15.65909636]
[9.31040233],[2.30993353],[15.59949885]
[9.3528872],[2.29402297],[15.48906374]
[9.28818905],[2.27516231],[15.35019164]
[9.31739397],[2.25439292],[15.2179802]
[9.25440076],[2.23199281],[15.03144367]
[9.23357252],[2.210664],[14.84507295]
[9.2020377],[2.1935727],[14.64641382]
[9.17980187],[2.17819444],[14.44331131]
[9.16130711],[2.16266144],[14.17231642]
[9.11069908],[2.14626447],[13.85416004]
[8.9906584],[2.13129039],[13.56425335]
[8.84184971],[2.11607643],[13.2550434]
[8.69069819],[2.10543371],[12.91559309]
[8.5209165],[2.09147825],[12.55210267]
[8.32840075],[2.07369653],[12.22929563]
[7.89671652],[2.0537966],[11.73616685]
[7.03237398],[2.0300065],[10.33834126]
[6.20960372],[2.00719093],[8.82936277]
[5.38650248],[1.98383689],[7.25054963]
[2.55839338],[0.98067357],[2.27152671]
[3.31410312],[1.04066883],[3.10432611]
[4.07592243],[1.23040611],[4.3228936]
[4.82521398],[1.35628388],[5.21370818]
[5.06993504],[1.44976292],[5.84665107]
[5.34790264],[1.50142604],[6.30010737]
[5.60436935],[1.56744611],[6.81470962]
[5.85818017],[1.59450577],[7.23186772]
[6.01343255],[1.63842221],[7.67928645]
[6.20051793],[1.64494986],[7.96551441]
[6.20221104],[1.66545517],[8.31941305]
[6.33864729],[1.67143486],[8.5747973]
[6.32955337],[1.69854729],[8.76203508]
[6.58864338],[1.70999726],[9.04813451]
[6.65370383],[1.74885236],[9.28277902]
[6.94763167],[1.80538115],[9.76621211]
[7.21942396],[1.86624915],[10.15755092]
[7.53461519],[1.94179192],[10.73814866]
[7.77661939],[1.99918173],[11.23658526]
[8.02402688],[2.06491805],[11.78743977]
[8.09629941],[2.11459956],[12.32101865]
[8.31784468],[2.16045086],[12.95980876]
[8.50882769],[2.18937826],[13.48380023]
[8.68225864],[2.21217908],[13.99841591]
[8.82699548],[2.23798715],[14.52863309]
[9.01262272],[2.26188515],[15.00296139]
[9.10623426],[2.28894835],[15.36204374]
[9.29614218],[2.30795613],[15.68257152]
[9.24818149],[2.32907553],[15.89153756]
[9.38714601],[2.34464803],[16.16744222]
[9.34101418],[2.3599491],[16.3253222]
[9.47273181],[2.37167545],[16.58845818]
[9.48044197],[2.3823421],[16.74500086]
[9.55444334],[2.3888973],[16.95895992]
[9.56571506],[2.391015],[17.06315976]
[9.5776774],[2.37808285],[17.13239045]
[9.54263683],[2.36321171],[17.06690241]
[9.56081974],[2.34898922],[17.0022075]
[9.51807541],[2.33189782],[16.8162511]
[9.52793458],[2.3126801],[16.69412206]
[9.48242653],[2.29274301],[16.4938276]
[9.45430456],[2.27247478],[16.28875841]
[9.42094214],[2.25421479],[16.03582528]
[9.3973314],[2.24036984],[15.78359134]
[9.38003905],[2.22582619],[15.52775066]
[9.35042252],[2.20995267],[15.19021808]
[9.25849273],[2.19512299],[14.83384488]
[9.11397089],[2.18018877],[14.46401356]
[8.96541188],[2.16511052],[14.08675948]
[8.80317457],[2.14552538],[13.71238375]
[8.64258319],[2.12196051],[13.34039947]
[8.20930315],[2.09898519],[12.75588487]
[7.28401023],[2.07686935],[11.18587038]
[6.38179408],[2.05614662],[9.51604639]
[5.53053568],[2.03461536],[7.78145631]
[2.55891645],[0.98562756],[2.2880065]
[3.31339934],[1.04495086],[3.12143076]
[4.07608332],[1.24054936],[4.36067824]
[4.82474454],[1.36336171],[5.27007984]
[5.09964833],[1.45896991],[5.91262672]
[5.3697156],[1.51061552],[6.36725819]
[5.63298801],[1.57759522],[6.89401669]
[5.87634753],[1.60507282],[7.29982548]
[6.03061947],[1.6471097],[7.73872916]
[6.20863669],[1.6507814],[8.0403586]
[6.2073988],[1.67647681],[8.402398]
[6.34869746],[1.68838128],[8.69461231]
[6.33890526],[1.72330172],[8.93699701]
[6.62699491],[1.73945806],[9.28591115]
[6.71377135],[1.79697914],[9.56134084]
[7.0162604],[1.87350189],[10.1351922]
[7.31518457],[1.93334696],[10.60848763]
[7.65224909],[2.00746814],[11.21923593]
[7.90556314],[2.06303183],[11.77755066]
[8.19972195],[2.12535427],[12.41773447]
[8.37239687],[2.1800424],[13.01445179]
[8.58231549],[2.22086235],[13.6820706]
[8.7572916],[2.24943575],[14.2611454]
[8.9345021],[2.27132519],[14.81793691]
[9.04017167],[2.29553046],[15.34597655]
[9.25071687],[2.31703716],[15.81954838]
[9.31557465],[2.34109582],[16.24759697]
[9.50766279],[2.35779286],[16.66319216]
[9.4779048],[2.37772104],[16.88365289]
[9.60007175],[2.39146257],[17.21136901]
[9.57964002],[2.40909389],[17.38888087]
[9.68565819],[2.42069069],[17.67791723]
[9.7247217],[2.43123968],[17.87440355]
[9.76790042],[2.44062796],[18.12681543]
[9.80679376],[2.44706435],[18.27145373]
[9.78748912],[2.45283403],[18.37960486]
[9.78227025],[2.42930329],[18.34463299]
[9.768323],[2.40479716],[18.25456768]
[9.7563286],[2.38157888],[18.07802395]
[9.73184034],[2.36297252],[17.90436625]
[9.71351028],[2.34252508],[17.68660311]
[9.67193488],[2.32414557],[17.44760804]
[9.64285363],[2.30318528],[17.16387087]
[9.62008268],[2.28533707],[16.8533406]
[9.59992869],[2.27171358],[16.55415875]
[9.57169825],[2.2570233],[16.2164013]
[9.51254353],[2.24282527],[15.86312634]
[9.38276016],[2.22864892],[15.4709764]
[9.23551106],[2.21409057],[15.06425874]
[9.07333569],[2.19603785],[14.64076787]
[8.913087],[2.1746358],[14.23000747]
[8.47942331],[2.15281995],[13.63764915]
[7.57573478],[2.12802222],[12.04530305]
[6.68015864],[2.10289094],[10.32500325]
[5.77757984],[2.0768054],[8.51078384]
[2.55984922],[0.99200247],[2.30217386]
[3.31589187],[1.04846252],[3.14084171]
[4.07666818],[1.24862676],[4.3874124]
[4.82641354],[1.36995762],[5.31743796]
[5.13512975],[1.46896905],[5.96728669]
[5.3997516],[1.51934296],[6.4273153]
[5.66576716],[1.58788306],[6.96002966]
[5.90228287],[1.61615384],[7.36222853]
[6.06759581],[1.6567523],[7.8071489]
[6.23629655],[1.66765995],[8.14594725]
[6.23107364],[1.70280801],[8.54689682]
[6.39031809],[1.7185687],[8.8918813]
[6.37957254],[1.75468675],[9.17518086]
[6.68922867],[1.81424482],[9.6034634]
[6.81395476],[1.8698611],[9.97725787]
[7.10468568],[1.94046279],[10.60475848]
[7.41504145],[1.9937137],[11.10817279]
[7.77926682],[2.06446147],[11.73168766]
[8.07904176],[2.11790333],[12.35009539]
[8.40525708],[2.17412192],[13.06705493]
[8.61368954],[2.23221161],[13.68868658]
[8.77346363],[2.26888238],[14.35022198]
[8.91454472],[2.2945637],[14.96284091]
[9.11498845],[2.31420259],[15.52856077]
[9.20084864],[2.33648784],[16.0442759]
[9.42507305],[2.35622537],[16.64531274]
[9.49857718],[2.37928022],[17.11900828]
[9.67738998],[2.39445686],[17.56997889]
[9.69609588],[2.41288854],[17.88183139]
[9.79530799],[2.42749268],[18.21117624]
[9.81169911],[2.44138571],[18.43609255]
[9.89386401],[2.45171523],[18.72397068]
[9.96302594],[2.47682768],[18.94695134]
[9.97593612],[2.49322605],[19.17615731]
[10.04156478],[2.49713761],[19.35374323]
[9.99198645],[2.50104919],[19.41840254]
[10.01357022],[2.48273762],[19.41380791]
[9.96892905],[2.45879038],[19.29540002]
[9.98778723],[2.42953452],[19.14539643]
[9.93640755],[2.39744011],[18.93190382]
[9.945496],[2.3735695],[18.731871]
[9.88976405],[2.35723872],[18.46550242]
[9.85697486],[2.33994172],[18.18768039]
[9.83231968],[2.32355712],[17.87590176]
[9.8099824],[2.30718104],[17.55510077]
[9.7820753],[2.29278295],[17.19326568]
[9.74176825],[2.28076278],[16.84682674]
[9.63991832],[2.26874824],[16.47534552]
[9.48802327],[2.25634854],[16.09890284]
[9.3124823],[2.23981838],[15.68484512]
[9.1568685],[2.21950157],[15.27790955]
[8.87880752],[2.19817284],[14.68371538]
[7.95728152],[2.17412073],[13.09813028]
[7.0435676],[2.15129164],[11.36411665]
[6.14330372],[2.12708623],[9.51565785]
[2.55910628],[0.99268113],[2.30131211]
[3.31461652],[1.0522754],[3.15007994]
[4.0765557],[1.25518289],[4.42277698]
[4.82599503],[1.38090118],[5.40048717]
[5.15338636],[1.48319825],[6.04965471]
[5.41894915],[1.53284852],[6.50856479]
[5.6790002],[1.60120463],[7.03996933]
[5.91668308],[1.63140825],[7.43917341]
[6.08245344],[1.67866652],[7.91149971]
[6.24893268],[1.69450352],[8.29107245]
[6.24254002],[1.7298153],[8.72103798]
[6.41595143],[1.75043982],[9.12824606]
[6.42227261],[1.81229476],[9.44327359]
[6.73402356],[1.88483506],[10.0167667]
[6.90725322],[1.93695625],[10.43377144]
[7.21165013],[2.00242319],[11.07250694]
[7.54643113],[2.04930497],[11.61314587]
[7.94762923],[2.11711161],[12.29299273]
[8.25738883],[2.17533035],[12.98442327]
[8.60325937],[2.22659845],[13.72054364]
[8.77404757],[2.27896868],[14.34807921]
[8.95259468],[2.3119564],[15.02759227]
[9.06381688],[2.3355216],[15.65072515]
[9.28533688],[2.35381508],[16.23926966]
[9.34535265],[2.37463902],[16.85163456]
[9.56653992],[2.39300815],[17.5084738]
[9.6589804],[2.41396516],[18.0335721]
[9.82523529],[2.42923326],[18.56270514]
[9.96781014],[2.44637928],[18.9615366]
[10.0068046],[2.46235477],[19.27718773]
[10.10780869],[2.48812575],[19.54506772]
[10.08310657],[2.51496998],[19.80310408]
[10.15830788],[2.53799458],[20.08220926]
[10.15498774],[2.56045989],[20.28139851]
[10.24672305],[2.56865185],[20.52844803]
[10.21438443],[2.58190223],[20.59121588]
[10.24943136],[2.55797899],[20.6657396]
[10.21315988],[2.5230759],[20.52814945]
[10.24565087],[2.49942582],[20.43627902]
[10.17562493],[2.46993858],[20.2002221]
[10.19245071],[2.4374619],[20.035773]
[10.11551914],[2.40664671],[19.77046875]
[10.08154613],[2.38431525],[19.49874155]
[10.05744336],[2.36911213],[19.23284697]
[10.05808141],[2.35432322],[18.93201187]
[10.06327716],[2.3374382],[18.60895647]
[10.04103853],[2.32217695],[18.25742434]
[9.95815365],[2.31046806],[17.88709873]
[9.83897952],[2.29890071],[17.49230983]
[9.72221904],[2.28395599],[17.05772176]
[9.61613781],[2.26554689],[16.65358553]
[9.36881176],[2.24536912],[16.05202403]
[8.50898419],[2.22265208],[14.4321029]
[7.65600236],[2.20066799],[12.63959528]
[6.80093099],[2.17760304],[10.71034844]
[2.55940578],[0.99496801],[2.31279613]
[3.31427646],[1.05513695],[3.16244275]
[4.07656869],[1.26697298],[4.44528901]
[4.8254774],[1.38667642],[5.44010813]
[5.16962382],[1.4911645],[6.09436241]
[5.44047443],[1.54068703],[6.56425538]
[5.68800317],[1.61399405],[7.10198272]
[5.93569701],[1.6487545],[7.53300419]
[6.08612998],[1.7005646],[8.02728899]
[6.26008429],[1.71879976],[8.44808652]
[6.25201179],[1.7553716],[8.93024975]
[6.44373586],[1.82499711],[9.42815478]
[6.45951069],[1.88679089],[9.86196951]
[6.80112415],[1.95602614],[10.49495626]
[7.06753496],[2.00511789],[11.01285285]
[7.40141512],[2.06888566],[11.60487229]
[7.71656783],[2.11237209],[12.18944216]
[8.11738312],[2.17695183],[12.95686215]
[8.44779562],[2.23909282],[13.67540025]
[8.75891434],[2.2831241],[14.37994212]
[8.93263674],[2.32761538],[15.04307766]
[9.13138248],[2.35679368],[15.70948808]
[9.21390439],[2.37761213],[16.32677049]
[9.44370416],[2.39427915],[17.04271049]
[9.5105031],[2.41326587],[17.7104262]
[9.71370402],[2.43113179],[18.41153643]
[9.8253624],[2.44957264],[19.03623472]
[10.00764637],[2.46928739],[19.6026656]
[10.28214137],[2.49582829],[20.10260911]
[10.3011402],[2.53034111],[20.417044]
[10.39738881],[2.57661064],[20.78033987]
[10.38734912],[2.61700962],[21.07470923]
[10.44061432],[2.65952274],[21.46124311]
[10.47067629],[2.67482968],[21.74701159]
[10.49689889],[2.68766485],[22.0351713]
[10.53512109],[2.69655379],[22.18134146]
[10.53623],[2.68161628],[22.25126155]
[10.51802652],[2.64484241],[22.1774816]
[10.48472901],[2.60464752],[22.06138381]
[10.48301692],[2.54809551],[21.85391794]
[10.45764527],[2.51347007],[21.66748249]
[10.45622801],[2.48362699],[21.44264803]
[10.42100307],[2.4510291],[21.17393055]
[10.41787171],[2.41931429],[20.91414228]
[10.4165603],[2.40071769],[20.62414828]
[10.41684296],[2.38345421],[20.29224028]
[10.4175688],[2.36895174],[19.9332398]
[10.38043993],[2.35500008],[19.51368815]
[10.2625126],[2.34138456],[19.05772602]
[10.13391119],[2.32734636],[18.59283977]
[10.02510923],[2.311118],[18.16136084]
[9.75786924],[2.29260337],[17.50183891]
[8.89876262],[2.27152518],[15.80310686]
[8.04606636],[2.25097277],[13.93315921]
[7.19231947],[2.22966202],[11.95450609]
[2.55961549],[0.99736192],[2.32455831]
[3.31416445],[1.05800301],[3.17584121]
[4.07656796],[1.27742057],[4.46476596]
[4.82529837],[1.39410299],[5.47188591]
[5.18393585],[1.49816973],[6.13550434]
[5.46486283],[1.55055583],[6.62638761]
[5.69889114],[1.63090384],[7.18984181]
[5.95020988],[1.6667472],[7.63671514]
[6.08921007],[1.7194246],[8.1481589]
[6.2693805],[1.73810059],[8.60245179]
[6.26640129],[1.78416361],[9.11669753]
[6.47812308],[1.87008554],[9.70466101]
[6.57526241],[1.93239089],[10.19125307]
[6.92105196],[1.99981435],[10.86823176]
[7.2436292],[2.04825407],[11.41662614]
[7.59777906],[2.11439793],[12.01810181]
[7.8899924],[2.16633692],[12.69050487]
[8.28697764],[2.22847706],[13.51837673]
[8.63253177],[2.28626712],[14.25347479]
[8.90543706],[2.32766103],[14.95729609]
[9.08711183],[2.3689907],[15.67381074]
[9.30317194],[2.39570406],[16.34375032]
[9.35997113],[2.41711916],[17.04843172]
[9.58870009],[2.43611841],[17.87466637]
[9.67985083],[2.46775452],[18.62588013]
[9.8755086],[2.50046283],[19.41340917]
[10.06978327],[2.54890683],[20.20543029]
[10.23109062],[2.58782504],[20.83122211]
[10.48953421],[2.64086573],[21.56405143]
[10.54190575],[2.68236942],[21.97814672]
[10.62833638],[2.72201702],[22.46640523]
[10.63957484],[2.75112227],[22.81373754]
[10.68388073],[2.78035934],[23.19367644]
[10.76517323],[2.79184117],[23.52327656]
[10.77820185],[2.80247235],[23.79056509]
[10.88018742],[2.80800548],[24.03073579]
[10.89287113],[2.8008034],[24.10079677]
[10.92538469],[2.77112444],[24.11516973]
[10.87413726],[2.73963812],[23.95315962]
[10.91650348],[2.6949631],[23.8495953]
[10.86975969],[2.64642046],[23.59829525]
[10.89255168],[2.59490847],[23.41006283]
[10.83765371],[2.54302003],[23.05562625]
[10.8190914],[2.50864725],[22.74580751]
[10.80796297],[2.47897212],[22.42181622]
[10.79090564],[2.44672923],[22.03029043]
[10.79003433],[2.4154683],[21.64710635]
[10.77865041],[2.40152989],[21.24585758]
[10.72352892],[2.38556094],[20.77947382]
[10.54734558],[2.36875453],[20.21755965]
[10.43923857],[2.35250768],[19.70158828]
[10.1502991],[2.33485339],[18.95844649]
[9.29017105],[2.31577825],[17.21702615]
[8.44085643],[2.29643431],[15.28989828]
[7.59039515],[2.27636955],[13.23092477]
[2.56007391],[1.00213279],[2.33342611]
[3.31581719],[1.06150736],[3.19835876]
[4.07703313],[1.29095311],[4.49035689]
[4.82624591],[1.4050092],[5.50931266]
[5.20864107],[1.51279248],[6.2119061]
[5.48224793],[1.57115729],[6.7304711]
[5.716601],[1.65177606],[7.30802552]
[5.97520973],[1.6877191],[7.77552392]
[6.11190062],[1.74046674],[8.32189668]
[6.29877334],[1.76036349],[8.79510662]
[6.31377811],[1.82903606],[9.34569086]
[6.60013243],[1.91500061],[10.04596376]
[6.75714691],[1.97535687],[10.57945157]
[7.06705568],[2.04258356],[11.25503371]
[7.42192371],[2.09160809],[11.82223176]
[7.80604878],[2.15609594],[12.49615336]
[8.09447973],[2.21411732],[13.22668517]
[8.46649916],[2.27343579],[14.04602322]
[8.76870536],[2.33072368],[14.80922877]
[9.05468961],[2.37171836],[15.56895822]
[9.23216534],[2.41289189],[16.31349441]
[9.45516866],[2.44315157],[17.08878344]
[9.52360387],[2.49414801],[17.96985444]
[9.72983045],[2.52647483],[18.8164088]
[9.8559773],[2.59398449],[19.75716885]
[10.11477578],[2.64071624],[20.70348052]
[10.33358033],[2.69773151],[21.66504208]
[10.49594608],[2.72525962],[22.45984319]
[10.74897468],[2.76311407],[23.26910932]
[10.86566138],[2.79832749],[23.7676233]
[10.9422809],[2.82864458],[24.25148181]
[10.99038314],[2.85307406],[24.69577023]
[11.01090219],[2.87149831],[25.02623322]
[11.11590241],[2.88181506],[25.41809538]
[11.15467114],[2.89002511],[25.64446907]
[11.24666627],[2.89448284],[25.87976182]
[11.30847546],[2.88958276],[25.96762081]
[11.29596867],[2.86410123],[25.99636099]
[11.29498935],[2.83715145],[25.84749982]
[11.27480615],[2.80108914],[25.71403672]
[11.28693121],[2.7612665],[25.48849997]
[11.26384756],[2.71711657],[25.30066396]
[11.27432004],[2.6681082],[25.00100193]
[11.24234745],[2.6129436],[24.67536852]
[11.24158821],[2.56159762],[24.34187478]
[11.23528227],[2.5192308],[23.94648731]
[11.23575824],[2.48618996],[23.51983406]
[11.23880963],[2.45629401],[23.06742148]
[11.15387627],[2.4266777],[22.51761608]
[11.00123016],[2.41064153],[21.90136313]
[10.87336416],[2.39151014],[21.31311265]
[10.54689181],[2.37220297],[20.51810526]
[9.68102971],[2.3534974],[18.68005754]
[8.83328044],[2.33482908],[16.64772795]
[7.9828077],[2.31546159],[14.50282778]
[2.55915771],[1.00129434],[2.33195136]
[3.31493009],[1.0652694],[3.21483555]
[4.07676319],[1.30663593],[4.537954]
[4.82559438],[1.4264504],[5.59214836]
[5.22184778],[1.53584917],[6.32915016]
[5.48446864],[1.59704824],[6.86545881]
[5.72607288],[1.67316807],[7.45278813]
[5.97463627],[1.7094768],[7.93653651]
[6.12524649],[1.7595813],[8.50172345]
[6.34584129],[1.78178734],[9.00603793]
[6.37562942],[1.87001284],[9.59877639]
[6.7123942],[1.95684926],[10.39649542]
[6.91322577],[2.01767187],[10.99288604]
[7.22948871],[2.08818553],[11.65119089]
[7.58102355],[2.14414555],[12.28356023]
[7.97234867],[2.20284035],[13.06618379]
[8.2777461],[2.26845801],[13.84429931]
[8.62117099],[2.32549606],[14.65834611]
[8.88255545],[2.37927947],[15.48384282]
[9.18118067],[2.41943428],[16.30273422]
[9.3777262],[2.47534431],[17.18404613]
[9.60814688],[2.54106295],[18.10581693]
[9.71438335],[2.63821738],[19.11290042]
[9.90397053],[2.67985239],[20.08884391]
[10.16347847],[2.73374244],[21.24390459]
[10.40975413],[2.77174221],[22.2178537]
[10.59971999],[2.81209589],[23.29020302]
[10.79297181],[2.83481955],[24.07272377]
[11.01779444],[2.86385741],[24.95613141]
[11.15695509],[2.89368405],[25.57463313]
[11.27530166],[2.91669756],[26.01967896]
[11.29328514],[2.93790594],[26.42018038]
[11.36840802],[2.94925816],[26.75997839]
[11.43709876],[2.95856774],[27.12985161]
[11.54127953],[2.96443603],[27.42204127]
[11.58411343],[2.96890347],[27.64648649]
[11.69587229],[2.96634904],[27.83419965]
[11.65405494],[2.94460727],[27.83982636]
[11.68641941],[2.92049071],[27.78843659]
[11.63518391],[2.89118722],[27.59956079]
[11.67818917],[2.85865515],[27.46792855]
[11.63050103],[2.82224991],[27.19813635]
[11.66605934],[2.78208664],[26.97032046]
[11.6320819],[2.73643392],[26.62270326]
[11.62567248],[2.68929405],[26.27201652]
[11.62073168],[2.6358476],[25.88854331]
[11.61796684],[2.5829703],[25.49731054]
[11.62233282],[2.5368123],[25.02349285]
[11.62166726],[2.50003175],[24.5236969]
[11.47498203],[2.47009209],[23.86576772]
[11.34114601],[2.43974152],[23.22918246]
[11.00454502],[2.41386557],[22.32020844]
[10.13280627],[2.39086661],[20.33469993]
[9.27830484],[2.37156507],[18.21212356]
[8.42751504],[2.3529255],[16.00906402]
[2.55916803],[1.00436021],[2.34324757]
[3.31476963],[1.0678879],[3.2352377]
[4.07688946],[1.32823289],[4.60687887]
[4.82696178],[1.44925323],[5.68325101]
[5.23916492],[1.56006711],[6.46979414]
[5.4982425],[1.62291541],[7.029315]
[5.74357796],[1.6935267],[7.62964385]
[5.99468692],[1.7340627],[8.15067716]
[6.1686207],[1.78637362],[8.74234929]
[6.44004563],[1.83553016],[9.3543833]
[6.51114045],[1.93692258],[10.07234653]
[6.83093901],[2.02656665],[10.97058977]
[7.08245637],[2.08684954],[11.62508536]
[7.43364961],[2.15395946],[12.27582468]
[7.7774733],[2.21967103],[13.04578457]
[8.17782563],[2.27147091],[13.85659968]
[8.52284029],[2.32907788],[14.65250798]
[8.8145347],[2.37921296],[15.48336979]
[9.05764928],[2.43470769],[16.39630093]
[9.38639853],[2.47740565],[17.24398915]
[9.59207165],[2.55834648],[18.26915943]
[9.83706814],[2.66597727],[19.28772131]
[9.97886848],[2.74060187],[20.37474334]
[10.14101195],[2.78108099],[21.48137638]
[10.44965554],[2.82623914],[22.65128794]
[10.71316102],[2.86424375],[23.74185508]
[10.88579571],[2.89756497],[24.74947149]
[11.11370857],[2.92054305],[25.69434955]
[11.36228523],[2.94638574],[26.61029351]
[11.49209522],[2.97310801],[27.27207987]
[11.70920753],[2.99145046],[27.82132953]
[11.6641247],[3.00860401],[28.21871269]
[11.78294286],[3.01640853],[28.63619901]
[11.82566818],[3.02444674],[28.98024389]
[11.92625876],[3.02843155],[29.33707198]
[11.99709779],[3.03300228],[29.52827447]
[12.05721817],[3.02874519],[29.7275271]
[12.0737647],[3.0109688],[29.74788559]
[12.05481321],[2.98902953],[29.72969369]
[12.05389187],[2.96452563],[29.54942453]
[12.04057797],[2.9374076],[29.42269232]
[12.04492566],[2.90684985],[29.15987224]
[12.02760363],[2.873074],[28.92278793]
[12.03753025],[2.83609356],[28.61359209]
[12.00411847],[2.79739205],[28.27672239]
[11.99664906],[2.75326565],[27.88757629]
[11.99323267],[2.70324879],[27.48186868]
[11.99696841],[2.65122058],[27.05558972]
[11.99718563],[2.60157632],[26.5398143]
[11.94385612],[2.55531292],[25.9202189]
[11.7829877],[2.50754811],[25.23001614]
[11.39807075],[2.46682871],[24.24561522]
[10.49821865],[2.43121244],[22.16158624]
[9.63093209],[2.41068506],[19.89496309]
[8.76910741],[2.38955824],[17.56339311]
[2.55854653],[1.00727219],[2.35109276]
[3.31521113],[1.09564169],[3.28690879]
[4.07798315],[1.36100843],[4.71897029]
[4.8291192],[1.4806175],[5.82848989]
[5.25461664],[1.59220928],[6.67722722]
[5.52929193],[1.65821557],[7.27066968]
[5.79962043],[1.72236216],[7.89505953]
[6.05740784],[1.76431897],[8.45277418]
[6.25564167],[1.81572334],[9.1003003]
[6.57715388],[1.9053312],[9.82401334]
[6.71996808],[2.00078617],[10.6384122]
[7.01597947],[2.09038789],[11.56559597]
[7.35075356],[2.15676433],[12.24884347]
[7.73484088],[2.21479205],[13.0351634]
[8.06455123],[2.28156021],[13.85052789]
[8.42999378],[2.32892682],[14.61614984]
[8.74693734],[2.3818519],[15.45104406]
[9.03572191],[2.42665004],[16.37424478]
[9.25389132],[2.49264555],[17.36279868]
[9.58175223],[2.57289776],[18.33221361]
[9.81403781],[2.69169847],[19.46933376]
[10.06595945],[2.77885998],[20.56520655]
[10.23213217],[2.83625153],[21.7869623]
[10.42846023],[2.87172759],[22.87097794]
[10.70551718],[2.90801119],[24.10234448]
[11.02301206],[2.94131723],[25.20197302]
[11.18659707],[2.96917881],[26.17883477]
[11.43755517],[2.99053203],[27.19163706]
[11.74397299],[3.01289654],[28.18519323]
[11.85068067],[3.0357403],[28.95166966]
[12.11992371],[3.05842325],[29.65843404]
[12.09029556],[3.07275227],[30.05380916]
[12.16940322],[3.08834268],[30.5341087]
[12.25449423],[3.09784071],[30.92180235]
[12.30329508],[3.1009734],[31.2741186]
[12.42454927],[3.1038851],[31.52260879]
[12.44710421],[3.08949816],[31.69632223]
[12.49016827],[3.07226409],[31.78447488]
[12.42846845],[3.052256],[31.72022931]
[12.46524745],[3.03273294],[31.60193952]
[12.40608691],[3.01169696],[31.41744377]
[12.44450638],[2.98656543],[31.22866907]
[12.39426822],[2.95902289],[30.93930659]
[12.434274],[2.92870053],[30.69506096]
[12.39274669],[2.89793156],[30.33756077]
[12.38089398],[2.86257781],[29.96679348]
[12.37548331],[2.8231185],[29.56630565]
[12.37267152],[2.78203571],[29.13190675]
[12.37370452],[2.73746973],[28.61405614]
[12.37269778],[2.68839174],[28.01552465]
[12.24934658],[2.64408862],[27.33456127]
[11.82843498],[2.5943993],[26.27666678]
[10.92833119],[2.54848056],[24.06629385]
[10.03918017],[2.51661454],[21.69768328]
[9.14960513],[2.47340926],[19.27989039]
[2.55964485],[0.72871969],[1.6840138]
[3.31976813],[0.92499589],[2.607495]
[4.0802068],[1.14049142],[3.97486217]
[4.83330342],[1.25447338],[5.05452394]
[5.34932729],[1.32333192],[5.89083859]
[5.6210618],[1.38878144],[6.42161439]
[5.90402631],[1.42756142],[7.06290615]
[6.17598457],[1.50848987],[7.57099247]
[6.35499972],[1.63404565],[8.28335755]
[6.75501626],[1.76266081],[9.10853385]
[6.96990795],[1.85910222],[9.92277001]
[7.28031455],[1.92963805],[10.78403055]
[7.62282083],[1.99122281],[11.53254364]
[8.01975585],[2.0303297],[12.33879956]
[8.3548325],[2.07998134],[13.13583305]
[8.6820161],[2.11429976],[13.88880265]
[8.94908497],[2.1768057],[14.82166633]
[9.26942787],[2.23500081],[15.71161294]
[9.46841473],[2.34625032],[16.7180831]
[9.78417295],[2.43292908],[17.79708178]
[10.0454707],[2.53730047],[18.96197536]
[10.29516524],[2.60195631],[20.13950671]
[10.47551149],[2.65664236],[21.36585363]
[10.73242983],[2.67924472],[22.45906752]
[10.95903981],[2.71810194],[23.61848683]
[11.32450029],[2.73995096],[24.73864578]
[11.53683491],[2.77983605],[25.80491422]
[11.77102676],[2.81237831],[26.78212067]
[12.09720317],[2.84906573],[27.98916926]
[12.23641097],[2.87939977],[28.76479708]
[12.47213767],[2.90348408],[29.58859985]
[12.53985769],[2.92131153],[30.07979759]
[12.56287046],[2.93461445],[30.55322444]
[12.67755502],[2.94713253],[30.98975738]
[12.70463676],[2.95573405],[31.30542641]
[12.81400297],[2.96457212],[31.61112673]
[12.86071391],[2.96859116],[31.79614078]
[12.8657577],[2.96732011],[31.95479857]
[12.84580649],[2.96501784],[31.89281234]
[12.83541162],[2.95824409],[31.81970164]
[12.82527689],[2.92704076],[31.58918683]
[12.8092899],[2.89665951],[31.42488626]
[12.80865461],[2.84950643],[31.10651904]
[12.7987373],[2.81677987],[30.86697728]
[12.8007071],[2.78580768],[30.51764185]
[12.76642512],[2.75290001],[30.16054372]
[12.76038703],[2.72521992],[29.7748966]
[12.75594684],[2.69571328],[29.3489264]
[12.75007606],[2.66727475],[28.88198953]
[12.75122278],[2.63784075],[28.29972665]
[12.70748553],[2.60881699],[27.65105736]
[12.26182645],[2.58088919],[26.59437534]
[11.35869857],[2.55523111],[24.55595146]
[10.4695793],[2.53099297],[22.40392953]
[9.58030702],[2.50094876],[20.17355084]
[0.],[0.],[0.]
[2.31081957],[0.20764975],[0.33625471]
[3.75960131],[0.41201678],[1.13080486]
[4.63569337],[0.51690752],[1.65005274]
[5.02132772],[0.58841333],[2.16806415]
[5.32212104],[0.64653644],[2.51069836]
[5.63841758],[0.70245714],[2.93559712]
[5.82985756],[0.7985627],[3.29297557]
[6.14247831],[0.93796764],[3.92935196]
[6.43968801],[1.05148073],[4.58587108]
[6.58114913],[1.14577347],[5.25051845]
[7.04567202],[1.21454676],[5.86026879]
[7.28942528],[1.27436594],[6.51427426]
[7.45908405],[1.30948578],[7.01202843]
[7.92065669],[1.35846695],[7.56723492]
[8.35619694],[1.40231407],[8.11145272]
[8.74873054],[1.48640637],[8.87555956]
[9.12362394],[1.56042746],[9.54661589]
[9.47348697],[1.6880973],[10.5130499]
[9.84738768],[1.76293584],[11.36590552]
[10.12193054],[1.84855169],[12.43715093]
[10.42061706],[1.90471792],[13.41686596]
[10.70563505],[1.95304799],[14.46861351]
[10.99607295],[1.97175728],[15.39364723]
[11.18467981],[2.01102257],[16.33734337]
[11.5748826],[2.04667779],[17.35964218]
[11.8756647],[2.08644126],[18.26482725]
[12.0947761],[2.11845556],[19.15322966]
[12.39721005],[2.15749906],[20.20205666]
[12.55425433],[2.18440318],[20.92513894]
[12.79914871],[2.20512588],[21.71833595]
[12.85396564],[2.2216665],[22.18133521]
[12.91820387],[2.23719602],[22.65932513]
[12.99370111],[2.25455166],[23.11529875]
[13.06473825],[2.27571868],[23.45055164]
[13.13167743],[2.3038009],[23.75292687]
[13.24492644],[2.3076942],[23.94551343]
[13.20808342],[2.30897501],[24.08605117]
[13.23345197],[2.3096163],[24.08735652]
[13.18345103],[2.30993385],[23.99087534]
[13.21758752],[2.30975056],[23.81138487]
[13.16069604],[2.29855674],[23.59674944]
[13.20100568],[2.23826293],[23.30627812]
[13.15657042],[2.17898131],[22.99467923]
[13.19079803],[2.12702406],[22.65720875]
[13.1491404],[2.08689597],[22.2687885]
[13.13948624],[2.05645983],[21.89003818]
[13.13563013],[2.02765064],[21.47173503]
[13.12976029],[1.99987714],[21.02786036]
[13.13243221],[1.97102964],[20.47381836]
[13.13101948],[1.94232816],[19.85327909]
[12.78063786],[1.91535651],[19.04739299]
[11.84881905],[1.88763481],[17.62308423]
[10.9596876],[1.86096252],[16.09715614]
[10.07055857],[1.82222213],[14.49225297]
