meltWidth,meltDepth,meltArea
[2.14464507],[0.47196175],[0.67391786]
[2.13469086],[0.51502507],[0.76655568]
[2.46880365],[0.59377202],[0.96262318]
[2.36664422],[0.64510296],[1.04064951]
[2.71380405],[0.7149511],[1.25819021]
[2.53604412],[0.7520658],[1.29406788]
[2.78862643],[0.77501158],[1.44487957]
[2.80692704],[0.78574696],[1.50109744]
[2.81102821],[0.79577241],[1.52546686]
[2.89633125],[0.78176091],[1.60058452]
[2.91398412],[0.78078381],[1.57584728]
[2.96132979],[0.76819723],[1.64838715]
[3.02007026],[0.76735352],[1.63021954]
[3.00047939],[0.75479281],[1.67702081]
[3.10332169],[0.75306458],[1.67671095]
[3.03103768],[0.75061214],[1.69482712]
[3.13742916],[0.74558552],[1.69202267]
[3.03928794],[0.7410862],[1.68849555]
[3.17016929],[0.75870185],[1.71867242]
[3.0444996],[0.7400774],[1.70030897]
[3.1727358],[0.76582742],[1.74658626]
[3.04531367],[0.74363661],[1.71864647]
[3.17796678],[0.77293795],[1.7672359]
[3.04782142],[0.75175339],[1.74089283]
[3.17747155],[0.78749577],[1.80199626]
[3.05661791],[0.77663364],[1.77690191]
[3.18227661],[0.8019877],[1.84299293]
[3.11586426],[0.80532378],[1.8274487]
[3.19919019],[0.82151073],[1.88828419]
[3.12943766],[0.83734354],[1.87721151]
[3.1480623],[0.85506366],[1.88584229]
[3.12145024],[0.87430591],[1.89915215]
[3.14053538],[0.8821653],[1.91545124]
[3.16026262],[0.89144456],[1.93734051]
[3.1533978],[0.89161978],[1.94028959]
[3.1379223],[0.88644419],[1.93774672]
[3.1195786],[0.88080319],[1.94086495]
[3.0928833],[0.87578254],[1.94024433]
[3.07654848],[0.87019278],[1.93758161]
[3.06714514],[0.86623172],[1.93668994]
[3.05551702],[0.88768629],[1.94178211]
[3.04733796],[0.90497421],[1.94546207]
[3.04242005],[0.91885631],[1.94931801]
[3.03693088],[0.94389304],[1.9604407]
[3.02463761],[0.96561822],[1.97341886]
[3.01785472],[0.97870019],[1.98259526]
[3.00961116],[0.98098276],[1.99022256]
[2.9953526],[0.98829638],[2.00353717]
[3.00257214],[1.0064688],[2.05371311]
[3.01397809],[1.01322529],[2.09592511]
[2.7243386],[1.02180767],[2.02249337]
[1.97650314],[1.0322774],[1.37204441]
[1.229627],[0.86567518],[0.6465965]
[0.18478499],[0.19789598],[0.01803898]
[2.17140357],[0.40127902],[0.59705683]
[2.48122332],[0.56468584],[1.00118318]
[2.72744473],[0.63236529],[1.2238182]
[3.05024995],[0.69406686],[1.42246065]
[2.97019154],[0.73535974],[1.55119065]
[3.26124567],[0.76610094],[1.69955097]
[3.13820316],[0.78684535],[1.78760776]
[3.41476454],[0.80131701],[1.91655345]
[3.25684412],[0.80490743],[1.94376739]
[3.4537111],[0.80022846],[2.00157367]
[3.26207033],[0.79696719],[1.98929996]
[3.42933847],[0.79134185],[2.01125188]
[3.26942442],[0.7899347],[1.99825875]
[3.41600688],[0.78368843],[2.01013995]
[3.26364404],[0.78063588],[1.99249097]
[3.39915157],[0.77405548],[2.00631337]
[3.26174126],[0.77103522],[1.99330179]
[3.39056633],[0.77153024],[2.01556403]
[3.26371099],[0.77526373],[2.01521117]
[3.42844185],[0.77700523],[2.05315031]
[3.2841001],[0.78387255],[2.04529605]
[3.43485528],[0.78270557],[2.07981336]
[3.30074139],[0.79137913],[2.07050289]
[3.4991351],[0.78922449],[2.11229638]
[3.41874626],[0.79910108],[2.11741287]
[3.62142678],[0.79636467],[2.16751576]
[3.58650738],[0.80756828],[2.19823065]
[3.71599507],[0.80148385],[2.22589429]
[3.65071538],[0.81323272],[2.23146322]
[3.7051876],[0.80807801],[2.24545156]
[3.64013595],[0.814853],[2.22717603]
[3.66919072],[0.81904864],[2.24780566]
[3.61704684],[0.82051093],[2.21222857]
[3.59650393],[0.82114965],[2.20753416]
[3.57324398],[0.82033368],[2.19498]
[3.56263889],[0.81997848],[2.18757932]
[3.56649062],[0.81995046],[2.18953133]
[3.5505528],[0.81894616],[2.18412712]
[3.53386049],[0.81995448],[2.18163672]
[3.53428742],[0.82260284],[2.1811599]
[3.52436294],[0.82528203],[2.17767322]
[3.50023724],[0.83794095],[2.1769795]
[3.48911214],[0.85435831],[2.18369074]
[3.49522817],[0.87140239],[2.19872585]
[3.48091699],[0.89152907],[2.20826922]
[3.47159265],[0.91363999],[2.22525275]
[3.47875845],[0.93927218],[2.24879379]
[3.47439395],[0.96695711],[2.27216194]
[3.45736993],[1.00102866],[2.29516414]
[3.44844813],[1.03120409],[2.31940499]
[3.45156341],[1.05864934],[2.35705747]
[3.15399293],[1.09384505],[2.31232866]
[2.39694201],[1.12869012],[1.77298786]
[1.65345003],[1.1412448],[1.01795395]
[0.25710585],[0.26726296],[0.03402345]
[2.36792065],[0.48328195],[0.74939407]
[2.8348136],[0.62494611],[1.19580941]
[2.91998047],[0.68260361],[1.41092008]
[3.34652661],[0.7345942],[1.65954067]
[3.15553321],[0.76746261],[1.72770366]
[3.57780035],[0.78591946],[1.95345609]
[3.34419787],[0.79634325],[1.9460932]
[3.73124531],[0.80376474],[2.14245909]
[3.3742334],[0.80007097],[2.03125445]
[3.74314812],[0.7974973],[2.19051242]
[3.38126468],[0.79818115],[2.06240886]
[3.74064861],[0.79409286],[2.19744119]
[3.37818271],[0.80191416],[2.08511431]
[3.7415569],[0.79976996],[2.2310851]
[3.39724936],[0.81713765],[2.14238959]
[3.76746944],[0.81634121],[2.29570319]
[3.42978893],[0.83260185],[2.19777763]
[3.78986142],[0.83018948],[2.36518953]
[3.50341381],[0.84565549],[2.26114146]
[3.97071259],[0.84488871],[2.48317846]
[3.73646881],[0.85697633],[2.38326158]
[4.14450657],[0.85460231],[2.61374558]
[3.87180685],[0.86527873],[2.50002996]
[4.23659867],[0.86364467],[2.69766434]
[3.89986537],[0.87324635],[2.54293035]
[4.21770124],[0.87130169],[2.68862339]
[3.9010278],[0.88137944],[2.55590716]
[4.20408299],[0.87984134],[2.68439167]
[3.99647045],[0.88817674],[2.59878168]
[4.19656699],[0.88749303],[2.69767874]
[4.00593236],[0.89289539],[2.60384696]
[4.00255519],[0.89796188],[2.62871142]
[3.97184142],[0.89862396],[2.57926988]
[3.94211922],[0.89885564],[2.56406899]
[3.92141562],[0.8965944],[2.5436504]
[3.90927182],[0.89483979],[2.52881529]
[3.90619116],[0.8926465],[2.52315909]
[3.89720564],[0.89030781],[2.51085903]
[3.86154596],[0.88822716],[2.49260631]
[3.85690412],[0.88598724],[2.48683542]
[3.84479668],[0.88317354],[2.47444886]
[3.81615851],[0.8808799],[2.454174]
[3.80076471],[0.8789588],[2.44081167]
[3.79849082],[0.87773009],[2.43850054]
[3.78343069],[0.87566236],[2.42705254]
[3.76237092],[0.87461655],[2.41926832]
[3.76321928],[0.87321765],[2.41853565]
[3.749647],[0.87191752],[2.40860854]
[3.72210896],[0.87150564],[2.40168439]
[3.7064025],[0.88606165],[2.4000993]
[3.70494507],[0.9036903],[2.40967308]
[3.34977493],[0.93346997],[2.29702383]
[2.59336629],[0.96180432],[1.72860599]
[1.84894135],[1.01038638],[1.06503925]
[0.33572706],[0.26572126],[0.04414575]
[2.38806081],[0.531727],[0.92396828]
[3.22390537],[0.64550519],[1.38532522]
[3.09583975],[0.69987454],[1.59444286]
[3.54832579],[0.75651154],[1.90849512]
[3.26401308],[0.77733659],[1.89547681]
[3.73044992],[0.79031713],[2.16458306]
[3.39705865],[0.8032478],[2.06414464]
[3.80116195],[0.8099997],[2.29873416]
[3.40004197],[0.82617949],[2.145763]
[3.83416401],[0.83163224],[2.37720562]
[3.45727606],[0.84655441],[2.21473862]
[3.89848245],[0.84616917],[2.45372704]
[3.55320533],[0.86071209],[2.29886063]
[3.969299],[0.8623381],[2.53973859]
[3.65828222],[0.87692372],[2.38929723]
[4.05020079],[0.88313918],[2.62180375]
[3.76790384],[0.89473836],[2.49920587]
[4.2097812],[0.9011234],[2.79313766]
[3.9905268],[0.91132135],[2.7254336]
[4.39389782],[0.92096477],[3.03650105]
[4.0705339],[0.92750911],[2.83566078]
[4.39797246],[0.93272137],[3.05369689]
[4.08827177],[0.93946632],[2.86998118]
[4.41053924],[0.94594514],[3.07081928]
[4.10127176],[0.95150499],[2.88443907]
[4.4011971],[0.95728642],[3.05705022]
[4.11824187],[0.96333933],[2.89762808]
[4.40050443],[0.96814104],[3.03632912]
[4.23673972],[0.97388962],[2.93899169]
[4.41098256],[0.97826226],[3.03500631]
[4.29397044],[0.9849371],[2.95639601]
[4.24248872],[0.99018485],[2.98679329]
[4.27998469],[0.99010829],[2.95021907]
[4.23317541],[0.98862389],[2.93636699]
[4.21854338],[0.98552854],[2.92373617]
[4.21044315],[0.98158471],[2.91318617]
[4.20424021],[0.97707853],[2.90391753]
[4.22243503],[0.9727443],[2.89869845]
[4.20215122],[0.96849814],[2.88075108]
[4.20132733],[0.96420702],[2.86912246]
[4.20941014],[0.95941928],[2.85905683]
[4.1965019],[0.95496936],[2.84353782]
[4.17785513],[0.95053393],[2.82759158]
[4.16109286],[0.94543925],[2.81336816]
[4.15483741],[0.93990975],[2.79685144]
[4.12561418],[0.93280569],[2.76753463]
[4.10559983],[0.92488247],[2.73778069]
[4.08699845],[0.91959544],[2.70900914]
[4.06437132],[0.91466854],[2.681934]
[4.05007829],[0.91144822],[2.66072352]
[4.03876036],[0.90751389],[2.64528425]
[3.659336],[0.90393662],[2.48911131]
[2.90469419],[0.90190596],[1.86938401]
[2.14684595],[0.91801353],[1.19591215]
[0.36997688],[0.21866472],[0.03992516]
[2.39136046],[0.51766104],[0.9411278]
[3.35268471],[0.64292423],[1.51008948]
[3.14181965],[0.6954913],[1.65128449]
[3.61296908],[0.75943],[2.03567636]
[3.27512358],[0.78930771],[1.96977481]
[3.77835801],[0.81787172],[2.28772061]
[3.44933924],[0.8453783],[2.18456017]
[3.8894346],[0.85633843],[2.46714627]
[3.53478311],[0.86942879],[2.3136038]
[3.96245235],[0.87629377],[2.58452749]
[3.62508763],[0.88797098],[2.41733736]
[4.03165026],[0.89904441],[2.69437833]
[3.74307391],[0.91086468],[2.53332396]
[4.11536085],[0.9225932],[2.79539709]
[3.82809295],[0.94293272],[2.65714452]
[4.22829929],[0.95502391],[2.94033493]
[4.01212488],[0.9691651],[2.86678839]
[4.35507883],[0.97947444],[3.10696481]
[4.10060599],[0.98923722],[2.98001516]
[4.44522597],[0.99903496],[3.22098688]
[4.18563592],[1.00247484],[3.03346196]
[4.48044891],[1.00907495],[3.23320949]
[4.25476522],[1.01192868],[3.07457572]
[4.52695087],[1.01894555],[3.2457505]
[4.30590685],[1.02056716],[3.1123895]
[4.55852657],[1.02723467],[3.25074706]
[4.33292566],[1.02820442],[3.14474807]
[4.55945573],[1.03088572],[3.24893276]
[4.43275264],[1.03112665],[3.20482472]
[4.54252596],[1.03390514],[3.26915461]
[4.45626881],[1.03447201],[3.2335343]
[4.39953748],[1.03592454],[3.21975774]
[4.42929929],[1.03609049],[3.22944096]
[4.39413157],[1.03495163],[3.21337673]
[4.37284482],[1.03283],[3.205161]
[4.36643134],[1.03049638],[3.19629919]
[4.36163189],[1.02795628],[3.18682261]
[4.3809057],[1.02551252],[3.18400058]
[4.36498764],[1.0229532],[3.16695188]
[4.36650065],[1.01987783],[3.15795818]
[4.37572172],[1.01664464],[3.15257412]
[4.37246823],[1.01336315],[3.13862775]
[4.37328729],[1.0101088],[3.13032981]
[4.37675246],[1.00676562],[3.12241941]
[4.39757538],[1.00204019],[3.11445816]
[4.38529744],[0.99610877],[3.09169758]
[4.37973744],[0.98970022],[3.06986453]
[4.37638586],[0.98294242],[3.04577193]
[4.37535678],[0.97268051],[3.01656684]
[4.36873002],[0.96282268],[2.98417248]
[4.3568517],[0.95453479],[2.95256191]
[3.9361345],[0.94887509],[2.7442538]
[3.17596442],[0.94448106],[2.05263939]
[2.40989723],[0.92569245],[1.34569698]
[0.84763977],[0.35929754],[0.14558006]
[2.46340508],[0.52558794],[1.08362574]
[3.44769582],[0.65279134],[1.65353082]
[3.20176008],[0.7047312],[1.72642197]
[3.65914383],[0.78663822],[2.14013572]
[3.35745621],[0.81513484],[2.06551279]
[3.84651718],[0.84482496],[2.44766074]
[3.57277329],[0.86599992],[2.32534963]
[3.9776796],[0.88447463],[2.65801708]
[3.6415041],[0.89270054],[2.464842]
[4.03987414],[0.91017175],[2.78269715]
[3.72398008],[0.92549553],[2.5850581]
[4.10433772],[0.94452999],[2.89711975]
[3.84244225],[0.95696521],[2.73065972]
[4.27698747],[0.9723876],[3.09018511]
[3.98829386],[0.98470323],[2.91774057]
[4.33320069],[0.99703515],[3.17965373]
[4.07749112],[1.0058178],[3.0161731]
[4.39711246],[1.01662993],[3.26806564]
[4.17872642],[1.02289044],[3.112796]
[4.50824694],[1.02995561],[3.38534437]
[4.30351765],[1.03204754],[3.19969165]
[4.58459318],[1.03832685],[3.43932573]
[4.37027175],[1.04010224],[3.26853719]
[4.63986326],[1.04682793],[3.47526333]
[4.38144791],[1.0486771],[3.29186155]
[4.62360601],[1.05425507],[3.47099605]
[4.38765628],[1.0554217],[3.31683354]
[4.60997845],[1.05772189],[3.46214005]
[4.49016087],[1.05809932],[3.38794837]
[4.59904699],[1.06031378],[3.46932783]
[4.50584839],[1.06143471],[3.42267317]
[4.45047323],[1.0625508],[3.41603458]
[4.47959815],[1.06291501],[3.43630328]
[4.45097039],[1.06149455],[3.43064997]
[4.43078841],[1.05931297],[3.42552261]
[4.42659365],[1.05673129],[3.41323598]
[4.42300429],[1.05444394],[3.40099405]
[4.44076249],[1.05227756],[3.39536635]
[4.42388427],[1.0501328],[3.37688427]
[4.42349494],[1.04797793],[3.36597916]
[4.43057503],[1.0456658],[3.35790569]
[4.42732352],[1.04339578],[3.34117436]
[4.42816478],[1.0411496],[3.32978212]
[4.43069594],[1.0387661],[3.32017218]
[4.45299747],[1.03580293],[3.31137755]
[4.43944317],[1.03196878],[3.28410708]
[4.43516512],[1.02727083],[3.26006017]
[4.44672984],[1.02133994],[3.24551556]
[4.45790292],[1.01249703],[3.22042929]
[4.4683351],[1.00347884],[3.19281174]
[4.46950888],[0.99322052],[3.16221185]
[4.03348806],[0.98292962],[2.9346815]
[3.28309609],[0.97486559],[2.21554576]
[2.52335898],[0.95445847],[1.48608168]
[1.44092875],[0.45084413],[0.32847941]
[2.59012888],[0.56169572],[1.231502]
[3.55526575],[0.66750349],[1.80971669]
[3.36316884],[0.73902529],[1.86826065]
[3.72555735],[0.80762214],[2.29596436]
[3.48207328],[0.83678508],[2.2258786]
[3.87863174],[0.86851089],[2.60248132]
[3.67211419],[0.89017214],[2.46925168]
[4.00852099],[0.91545394],[2.80021691]
[3.73287056],[0.92422064],[2.61365621]
[4.11978528],[0.94501976],[2.96108532]
[3.93112479],[0.95409976],[2.82067743]
[4.25912591],[0.97301328],[3.13763439]
[3.97749017],[0.98342721],[2.93342332]
[4.30350211],[0.99972617],[3.22578407]
[4.04316697],[1.00926217],[3.01980294]
[4.36213943],[1.02045735],[3.30766038]
[4.1566353],[1.02590001],[3.13867821]
[4.4588454],[1.0379446],[3.4314318]
[4.29489614],[1.04105819],[3.28524527]
[4.58068633],[1.04990413],[3.56320931]
[4.43625906],[1.04928241],[3.4143878]
[4.66422926],[1.05750283],[3.63540204]
[4.44355092],[1.05650318],[3.45952609]
[4.68309959],[1.06478508],[3.67509698]
[4.44857502],[1.06629159],[3.50317477]
[4.66918128],[1.0750867],[3.70354287]
[4.44254932],[1.08270064],[3.55048852]
[4.66289745],[1.0924652],[3.73646742]
[4.57186924],[1.1003421],[3.66206694]
[4.66114333],[1.1100439],[3.78258533]
[4.59483005],[1.12393761],[3.74113634]
[4.53903778],[1.13749893],[3.74815121]
[4.57053924],[1.14816103],[3.79330836]
[4.53975909],[1.15133694],[3.78823962]
[4.51612372],[1.14267146],[3.78385983]
[4.50988421],[1.13453487],[3.77499299]
[4.50323415],[1.12578974],[3.76114902]
[4.520835],[1.11628244],[3.75649397]
[4.4971728],[1.11524245],[3.73412511]
[4.49569608],[1.10983618],[3.71910525]
[4.50077804],[1.10459408],[3.70654697]
[4.49247102],[1.09780538],[3.68330982]
[4.49007042],[1.09354011],[3.66837568]
[4.48887444],[1.08669754],[3.65434564]
[4.50713706],[1.07734573],[3.64324199]
[4.48919557],[1.07096176],[3.61197036]
[4.48572853],[1.05836563],[3.5796903]
[4.49404163],[1.04760131],[3.55688805]
[4.49404366],[1.04092112],[3.51489561]
[4.50094457],[1.03367212],[3.48021194]
[4.50544934],[1.03121647],[3.46507849]
[4.06761788],[1.0371456],[3.23422294]
[3.3297121],[1.04428636],[2.49932154]
[2.58384534],[1.0498204],[1.74093306]
[1.57357418],[0.45726243],[0.49805826]
[2.64635804],[0.61611839],[1.37147011]
[3.6214611],[0.7121131],[1.99888942]
[3.40729292],[0.79082157],[2.03385416]
[3.75306312],[0.84425703],[2.4463328]
[3.50730931],[0.86903145],[2.34421914]
[3.88837046],[0.90242043],[2.71063694]
[3.80464455],[0.92697887],[2.64727143]
[4.14724397],[0.94868198],[2.98808241]
[3.90054813],[0.9582358],[2.81628449]
[4.21490487],[0.9764409],[3.14711025]
[3.93326705],[0.98692691],[2.91855383]
[4.24884468],[1.0057656],[3.23088721]
[4.02530093],[1.01334895],[3.05049425]
[4.34422385],[1.03150241],[3.36176268]
[4.14487441],[1.03576053],[3.21549205]
[4.43765835],[1.04779185],[3.49466904]
[4.29829959],[1.05201755],[3.37712599]
[4.56285269],[1.06392134],[3.6251027]
[4.45956475],[1.06599811],[3.57339544]
[4.73639672],[1.07984144],[3.86817906]
[4.55121704],[1.09886587],[3.73297934]
[4.80851403],[1.11520327],[3.98009752]
[4.57726618],[1.12888835],[3.81068547]
[4.83103319],[1.14526856],[4.03624832]
[4.57785419],[1.15972272],[3.86168467]
[4.82020358],[1.17520491],[4.07924628]
[4.57740328],[1.18550986],[3.92689295]
[4.81232459],[1.19593445],[4.12020439]
[4.70015564],[1.20425423],[4.04829013]
[4.81945053],[1.21632865],[4.18731725]
[4.72149577],[1.22980021],[4.15225711]
[4.69604615],[1.24297061],[4.16313395]
[4.70608787],[1.25232644],[4.21808402]
[4.69758084],[1.25378948],[4.20760269]
[4.65988845],[1.24705227],[4.20370675]
[4.651696],[1.24975278],[4.1977468]
[4.64474331],[1.25142286],[4.18231209]
[4.65899221],[1.25131018],[4.17446582]
[4.63378913],[1.2546556],[4.15013856]
[4.62660232],[1.25157396],[4.13250332]
[4.62681191],[1.24841909],[4.11813124]
[4.6141197],[1.2421336],[4.09194701]
[4.60851809],[1.23986401],[4.07800417]
[4.60285079],[1.23552219],[4.07176459]
[4.61615451],[1.228666],[4.07131093]
[4.58847742],[1.22398247],[4.03989979]
[4.57214428],[1.21431654],[4.00767143]
[4.56882081],[1.21182887],[3.98163722]
[4.55874431],[1.21049226],[3.94518558]
[4.5577039],[1.20914847],[3.9248163]
[4.5551293],[1.20729005],[3.90006898]
[4.1288872],[1.20278167],[3.6621901]
[3.39249234],[1.19821957],[2.89659982]
[2.64755178],[1.19281048],[2.05050015]
[1.66156147],[0.46956917],[0.63969677]
[2.71369444],[0.66769377],[1.51323535]
[3.61554478],[0.75681447],[2.12645569]
[3.40559147],[0.82881354],[2.15397836]
[3.74736456],[0.87633406],[2.54789942]
[3.50937244],[0.90439829],[2.45278731]
[3.89496308],[0.94192933],[2.84087728]
[3.75137553],[0.96699093],[2.7310403]
[4.12110845],[0.98616102],[3.10209247]
[3.88393884],[0.9947529],[2.90471794]
[4.25063736],[1.01440832],[3.28921536]
[4.0128587],[1.0202405],[3.07175493]
[4.36246815],[1.03892487],[3.43786072]
[4.15908375],[1.04355305],[3.26259079]
[4.49597156],[1.05958065],[3.61069087]
[4.32186194],[1.06308753],[3.45917857]
[4.65832398],[1.07201106],[3.80464446]
[4.54244441],[1.08598023],[3.75458034]
[4.88274708],[1.12204593],[4.0963602]
[4.68794936],[1.15333575],[3.99020354]
[5.02221412],[1.17757067],[4.33914777]
[4.81423359],[1.19562779],[4.17661041]
[5.0965489],[1.21158057],[4.47794741]
[4.83125685],[1.22478218],[4.26359949]
[5.12858067],[1.24055067],[4.57103643]
[4.8327734],[1.24950206],[4.34680812]
[5.12624597],[1.25933005],[4.64157187]
[4.832597],[1.26776098],[4.43098121]
[5.11548319],[1.27863779],[4.7032413]
[4.96574151],[1.28732574],[4.58000661]
[5.12346365],[1.2991563],[4.78082057]
[4.9866804],[1.3123265],[4.70021549]
[5.0015346],[1.32510831],[4.73023382]
[4.96955709],[1.33466417],[4.78330036]
[5.00045879],[1.33914038],[4.79564739]
[4.94511188],[1.3437194],[4.78809994]
[4.93389013],[1.34983673],[4.78767367]
[4.92090937],[1.35437038],[4.77504801]
[4.92551366],[1.35614251],[4.76490456]
[4.89195154],[1.36032521],[4.73427574]
[4.87351809],[1.35839421],[4.71061916]
[4.8571503],[1.3552871],[4.68767107]
[4.83474186],[1.34953432],[4.66593947]
[4.81515843],[1.3459397],[4.65102929]
[4.79722776],[1.34127138],[4.63510364]
[4.79545121],[1.33519083],[4.62447753]
[4.75519177],[1.33442746],[4.58298554]
[4.73372012],[1.33754219],[4.55165743]
[4.72821618],[1.34025876],[4.54049817]
[4.71323381],[1.34342781],[4.52296488]
[4.70764508],[1.34584534],[4.50260834]
[4.70142449],[1.34502665],[4.47147498]
[4.23311824],[1.34501234],[4.20898826]
[3.47301798],[1.34851507],[3.37141078]
[2.70899454],[1.34889875],[2.39304243]
[1.78015837],[0.54270179],[0.79549804]
[2.77696008],[0.71206609],[1.63833744]
[3.64576265],[0.79370583],[2.2746289]
[3.48519837],[0.85429181],[2.2795037]
[3.78241407],[0.92068479],[2.70705927]
[3.56582814],[0.94362041],[2.58365075]
[3.94697787],[0.9794611],[3.02501051]
[3.84360456],[0.99919873],[2.8597376]
[4.20037858],[1.01889162],[3.28400734]
[3.9944286],[1.02375871],[3.05355779]
[4.33324109],[1.04251441],[3.48324182]
[4.14637824],[1.04776254],[3.24670558]
[4.47594588],[1.06302405],[3.65761331]
[4.3202124],[1.06706277],[3.46379862]
[4.64061263],[1.07571815],[3.89337462]
[4.52104688],[1.0979995],[3.77917195]
[4.87257062],[1.1321647],[4.19072344]
[4.74804254],[1.16307616],[4.10233554]
[5.11340087],[1.19870342],[4.53109193]
[4.90906094],[1.228154],[4.35716168]
[5.27340192],[1.25179604],[4.79992218]
[5.02023231],[1.27005584],[4.55504008]
[5.34364744],[1.2864547],[4.95015045]
[5.04676739],[1.2985433],[4.65150592]
[5.39316817],[1.31024958],[5.05245564]
[5.05763368],[1.31974954],[4.74028407]
[5.40246556],[1.33018516],[5.13168419]
[5.06399485],[1.33915875],[4.82309038]
[5.40246243],[1.35072055],[5.2029752]
[5.24526584],[1.35996812],[4.99697585]
[5.420564],[1.37354799],[5.30345576]
[5.28174527],[1.38665725],[5.13042893]
[5.30252598],[1.39943014],[5.19357666]
[5.27020264],[1.41041411],[5.21840606]
[5.30707284],[1.41345198],[5.26121416]
[5.26182272],[1.40950351],[5.24867568]
[5.24805559],[1.40410926],[5.24884971]
[5.23903051],[1.40620871],[5.24149534]
[5.25112404],[1.40699799],[5.23481514]
[5.21533553],[1.41123504],[5.20607754]
[5.1956939],[1.40983811],[5.18278001]
[5.17482706],[1.4076999],[5.15971669]
[5.15141784],[1.40387375],[5.13046865]
[5.12730378],[1.4014232],[5.10826516]
[5.10673183],[1.39738341],[5.09326942]
[5.10524481],[1.39154042],[5.08590915]
[5.0598491],[1.38720692],[5.04757724]
[5.03466184],[1.38559564],[5.02681114]
[5.01141923],[1.38703501],[5.00873594]
[4.98470786],[1.38866048],[4.98688387]
[4.960633],[1.38993225],[4.95933376]
[4.93929321],[1.39113235],[4.91693886]
[4.41269892],[1.39746829],[4.61936354]
[3.64547082],[1.40449431],[3.73058329]
[2.87427269],[1.40801617],[2.69441186]
[1.86706688],[0.62754367],[0.9387842]
[2.85595445],[0.75018394],[1.76559766]
[3.69390498],[0.82795905],[2.43163398]
[3.60724144],[0.89041851],[2.43534924]
[3.85315255],[0.9604786],[2.9017477]
[3.672964],[0.98462613],[2.73635686]
[4.01158978],[1.01365776],[3.19248215]
[3.97887134],[1.02810821],[3.00278194]
[4.26781282],[1.04649249],[3.4516561]
[4.12722801],[1.05101959],[3.2149843]
[4.43390074],[1.06508917],[3.67801287]
[4.30790926],[1.06862192],[3.44935791]
[4.61940166],[1.0801259],[3.9607348]
[4.51473231],[1.10893328],[3.79810793]
[4.85105757],[1.14527709],[4.29108827]
[4.71690632],[1.17360281],[4.13396375]
[5.09295776],[1.20649769],[4.64200892]
[4.93870023],[1.23714853],[4.46634652]
[5.34011553],[1.27198549],[4.97587056]
[5.12523271],[1.2990006],[4.73582041]
[5.46529791],[1.32259179],[5.22755879]
[5.2315136],[1.3397864],[4.93273192]
[5.53743741],[1.35253171],[5.37962058]
[5.2695567],[1.36293911],[5.03370906]
[5.58172413],[1.37465358],[5.49636133]
[5.28265656],[1.38414729],[5.13560806]
[5.59302772],[1.39456073],[5.59249353]
[5.29056873],[1.40348252],[5.25063722]
[5.59545926],[1.41496525],[5.69268501]
[5.49838127],[1.42450389],[5.57963326]
[5.61738032],[1.4381371],[5.83786359]
[5.53097732],[1.45052887],[5.77183372]
[5.54130711],[1.46288566],[5.83296127]
[5.53215099],[1.47450577],[5.85045268]
[5.54804493],[1.47755091],[5.89177413]
[5.52300607],[1.4742835],[5.86335731]
[5.50175346],[1.46867309],[5.8529829]
[5.49498232],[1.46320652],[5.83478036]
[5.50794135],[1.45727509],[5.85906907]
[5.47606344],[1.45172677],[5.76588143]
[5.45882853],[1.44635034],[5.71613755]
[5.43974386],[1.44292665],[5.68602076]
[5.41676549],[1.43981102],[5.65008492]
[5.39964106],[1.43879919],[5.61952964]
[5.38092309],[1.43492617],[5.59086092]
[5.38221349],[1.42987246],[5.56847076]
[5.32688359],[1.43200751],[5.5115797]
[5.30186899],[1.43321642],[5.46666142]
[5.27640357],[1.4331832],[5.43032371]
[5.24734158],[1.43339862],[5.39623414]
[5.22331363],[1.43351467],[5.36484617]
[5.19922701],[1.43392016],[5.328182]
[4.61566509],[1.44080677],[4.98981642]
[3.84777037],[1.44703814],[4.05438051]
[3.07466512],[1.45183717],[2.96792008]
[1.84329735],[0.70145937],[1.04422847]
[2.85669463],[0.78546508],[1.85859968]
[3.74913804],[0.86153474],[2.58397382]
[3.62970748],[0.93222127],[2.55071766]
[3.90686467],[0.9961121],[3.06218646]
[3.68084153],[1.01398856],[2.82643996]
[4.1342486],[1.04031428],[3.35368826]
[4.07423431],[1.05369577],[3.14011921]
[4.38777193],[1.06592402],[3.62556698]
[4.22957118],[1.06904342],[3.42374907]
[4.57614576],[1.09515868],[3.98826097]
[4.45730543],[1.12604197],[3.78316494]
[4.8114577],[1.15810745],[4.32160911]
[4.68297148],[1.18607965],[4.15777779]
[5.06085958],[1.2214009],[4.69956663]
[4.89844886],[1.24798656],[4.51176996]
[5.31310965],[1.27844962],[5.06385063]
[5.13758396],[1.30773515],[4.82951222]
[5.54998262],[1.33904717],[5.40058881]
[5.30966974],[1.36215032],[5.09966387]
[5.64484583],[1.38260629],[5.656776]
[5.43933232],[1.39581825],[5.3611731]
[5.72224048],[1.40809705],[5.8587086]
[5.47308566],[1.41871899],[5.51838553]
[5.7677236],[1.43020554],[5.99308026]
[5.47821131],[1.43963082],[5.6362553]
[5.77396204],[1.45013328],[6.09000706]
[5.48799037],[1.45913006],[5.75177391]
[5.77527451],[1.47070422],[6.1876585]
[5.70130544],[1.48113668],[6.10262955]
[5.7969891],[1.49432271],[6.33502012]
[5.73691973],[1.50607658],[6.28594949]
[5.72006383],[1.5192742],[6.34757231]
[5.73668693],[1.53183776],[6.36927783]
[5.72689432],[1.53582571],[6.41231828]
[5.72259414],[1.53170055],[6.39071943]
[5.69109618],[1.52599395],[6.38180638]
[5.68162762],[1.52113205],[6.36670671]
[5.69316562],[1.51562177],[6.38323835]
[5.66232839],[1.51044954],[6.31144115]
[5.65333748],[1.50523589],[6.27920522]
[5.63595894],[1.49998453],[6.24097852]
[5.61309925],[1.49518484],[6.19385379]
[5.59848957],[1.49130212],[6.15276592]
[5.5794962],[1.48728102],[6.12007965]
[5.57953995],[1.48269179],[6.11470055]
[5.51981954],[1.47817366],[6.02985357]
[5.4936641],[1.47691484],[5.97703869]
[5.4648566],[1.47702962],[5.93077198]
[5.42985538],[1.4775503],[5.88270346]
[5.40094221],[1.47838863],[5.82851554]
[5.37436951],[1.48140607],[5.77415745]
[4.7674616],[1.48755959],[5.36808669]
[4.00234195],[1.49263256],[4.37428835]
[3.22746254],[1.49585327],[3.2453116]
[1.86982084],[0.74772821],[1.12862071]
[2.88214393],[0.81642758],[1.94388301]
[3.79972384],[0.90496092],[2.72823502]
[3.68140909],[0.96961263],[2.70479164]
[3.94226345],[1.02589671],[3.19609099]
[3.7805249],[1.04300192],[2.95974125]
[4.29332376],[1.0616701],[3.56337119]
[4.2578581],[1.07087518],[3.36650606]
[4.5395736],[1.12713699],[4.00517793]
[4.41074791],[1.15756195],[3.81658626]
[4.74262975],[1.19269282],[4.39811015]
[4.67159847],[1.21910607],[4.23780497]
[5.01691111],[1.24661179],[4.80886938]
[4.8928659],[1.27083163],[4.60891226]
[5.2626578],[1.30138776],[5.18545304]
[5.10796404],[1.32497129],[4.94965753]
[5.50784834],[1.35230737],[5.53416871]
[5.3765241],[1.37840346],[5.35144289]
[5.69981838],[1.40581569],[5.92232733]
[5.54138067],[1.42264891],[5.68417594]
[5.81440952],[1.4390992],[6.2022958]
[5.67750381],[1.45220501],[6.00803582]
[5.88792112],[1.46449228],[6.39754385]
[5.69901592],[1.47515755],[6.09571567]
[5.92623898],[1.48628181],[6.52310982]
[5.69271872],[1.49550001],[6.20051683]
[5.93003633],[1.50569605],[6.61761994]
[5.68899515],[1.515507],[6.29773471]
[5.92555335],[1.52824716],[6.70649823]
[5.88160055],[1.53923587],[6.65664754]
[5.9397036],[1.55315533],[6.84431511]
[5.90561168],[1.5655603],[6.81487773]
[5.87027956],[1.57903236],[6.88060194]
[5.90092408],[1.58980559],[6.9057514]
[5.8711312],[1.59443819],[6.9477012]
[5.87573747],[1.59173505],[6.94130357]
[5.83277983],[1.58751123],[6.9288493]
[5.82432825],[1.583252],[6.92353308]
[5.83043751],[1.57834732],[6.93371569]
[5.80139143],[1.57207319],[6.88332535]
[5.79471427],[1.56579001],[6.85772034]
[5.779359],[1.5594971],[6.82675742]
[5.75789699],[1.55385872],[6.79041089]
[5.74599254],[1.55005776],[6.76338768]
[5.72952767],[1.54626248],[6.73334271]
[5.7229204],[1.5422145],[6.71849096]
[5.67348997],[1.538587],[6.61857369]
[5.64581435],[1.53215779],[6.54578502]
[5.614541],[1.53082959],[6.50457616]
[5.57830787],[1.53268734],[6.46009143]
[5.55246207],[1.53670325],[6.41287963]
[5.52573907],[1.5403663],[6.35884082]
[4.85244306],[1.54406545],[5.8467808]
[4.09311822],[1.54676742],[4.79082904]
[3.31865414],[1.54922615],[3.61280685]
[1.94763955],[0.77325032],[1.21035437]
[3.00500279],[0.84597123],[2.06994749]
[3.85245772],[0.9434726],[2.87122952]
[3.76579117],[1.0074315],[2.92259939]
[3.98724881],[1.04379498],[3.32520406]
[3.98572602],[1.05618279],[3.20835159]
[4.45125322],[1.07558363],[3.78594741]
[4.4714233],[1.14964993],[3.83401198]
[4.70004859],[1.19940781],[4.33327547]
[4.68940099],[1.22879043],[4.29664605]
[4.97085703],[1.26150891],[4.83735202]
[4.94393692],[1.28489736],[4.76972443]
[5.23137854],[1.30964546],[5.23327595]
[5.15357219],[1.33200179],[5.11711541]
[5.4748981],[1.3607247],[5.61738214]
[5.37771395],[1.38300509],[5.50320217]
[5.69832816],[1.4089448],[6.04236222]
[5.63816183],[1.43270385],[5.97366878]
[5.86516543],[1.45538996],[6.37322974]
[5.78255369],[1.47090026],[6.26996561]
[5.94733933],[1.48740366],[6.62866455]
[5.86838427],[1.50162158],[6.54693712]
[5.99793812],[1.51637733],[6.81585619]
[5.88470783],[1.52934119],[6.65433486]
[6.0292142],[1.54182962],[6.93930019]
[5.88220688],[1.55137636],[6.74212723]
[6.03694542],[1.56173928],[7.03780768]
[5.88099232],[1.57054869],[6.82397122]
[6.03772361],[1.58187508],[7.13438519]
[6.03076644],[1.59215741],[7.12802845]
[6.0527402],[1.60598632],[7.27920248]
[6.05013877],[1.61943298],[7.2875656]
[6.00762128],[1.63239687],[7.35827456]
[6.04759482],[1.64367855],[7.3976126]
[6.01088242],[1.64818457],[7.44492571]
[6.02685296],[1.64533924],[7.45233972]
[5.98092814],[1.641223],[7.43950969]
[5.97181465],[1.63672474],[7.43566683]
[5.97423432],[1.631882],[7.43761052]
[5.9506318],[1.62713011],[7.40260671]
[5.94774676],[1.62214425],[7.3824652]
[5.93508205],[1.61711547],[7.35640605]
[5.91478763],[1.6122684],[7.32215337]
[5.90577223],[1.60801059],[7.29952776]
[5.8892282],[1.60419282],[7.27197661]
[5.87972141],[1.60023332],[7.25095004]
[5.84105201],[1.59638823],[7.18983773]
[5.82260563],[1.58808434],[7.13971567]
[5.7975345],[1.57675122],[7.07734202]
[5.76510243],[1.56563561],[7.00784216]
[5.74232107],[1.56499422],[6.94963459]
[5.69040707],[1.56685807],[6.87791183]
[4.926613],[1.56884872],[6.20313648]
[4.16920887],[1.57043762],[5.10323451]
[3.3973468],[1.57184802],[3.90161735]
[1.96461442],[0.80057117],[1.27661902]
[3.02210635],[0.87974829],[2.17440647]
[3.91624201],[0.9731561],[3.03067877]
[3.81104978],[1.02608031],[3.05111869]
[4.06366301],[1.05707202],[3.44384806]
[4.17672842],[1.07054706],[3.43689702]
[4.59588186],[1.15219499],[4.11362688]
[4.64333778],[1.21940691],[4.16844767]
[4.88182416],[1.26343324],[4.67147657]
[4.88349392],[1.29261839],[4.71300834]
[5.17959891],[1.32300854],[5.24306218]
[5.13301003],[1.34403256],[5.18548296]
[5.42684193],[1.36736696],[5.63113796]
[5.32982213],[1.38738696],[5.58527268]
[5.63251072],[1.41390249],[6.06575421]
[5.55285269],[1.43453171],[6.00354931]
[5.83055643],[1.45848002],[6.45957203]
[5.78383402],[1.47962545],[6.40474665]
[5.99360294],[1.50185537],[6.77086698]
[5.90725476],[1.5183153],[6.69355463]
[6.04976218],[1.53704819],[7.01306907]
[5.98896076],[1.55023553],[6.95584095]
[6.09976016],[1.56278331],[7.20046452]
[6.0060101],[1.5736217],[7.07084433]
[6.13082891],[1.58367056],[7.3232929]
[6.004452],[1.59274905],[7.1669662]
[6.13879817],[1.60272479],[7.42803525]
[6.00753651],[1.61129121],[7.26269276]
[6.13840814],[1.62278252],[7.52843612]
[6.14648018],[1.63299763],[7.54575752]
[6.15485894],[1.6472704],[7.6830656]
[6.17063039],[1.66027364],[7.71133094]
[6.11661058],[1.67284475],[7.77293014]
[6.17165913],[1.68502139],[7.84705404]
[6.12121397],[1.68947085],[7.89007094]
[6.14909645],[1.68692759],[7.91569634]
[6.09717077],[1.6833896],[7.89399339]
[6.08820258],[1.67928609],[7.88569957]
[6.08800542],[1.67492455],[7.88021435]
[6.06422056],[1.67082085],[7.84235648]
[6.06307661],[1.66665525],[7.81659401]
[6.04959352],[1.66217917],[7.78324663]
[6.02797723],[1.6573452],[7.73929831]
[6.01926255],[1.65315851],[7.7084852]
[6.0042392],[1.64896703],[7.67118425]
[5.99411473],[1.64475968],[7.63699379]
[5.95752331],[1.64120678],[7.57499259]
[5.94122006],[1.63579738],[7.52950323]
[5.91695552],[1.62704985],[7.47225441]
[5.88363797],[1.61675291],[7.39703041]
[5.86201651],[1.60693533],[7.32964166]
[5.77540191],[1.59694724],[7.24464393]
[5.01066279],[1.5909223],[6.47248428]
[4.25464322],[1.590761],[5.34054185]
[3.48700482],[1.59099293],[4.12038026]
[2.03322366],[0.81996052],[1.33797578]
[3.06928815],[0.91179539],[2.33499945]
[3.96953138],[0.9952076],[3.1515859]
[3.87687643],[1.04330789],[3.21327401]
[4.1893588],[1.09469913],[3.63151502]
[4.35205159],[1.16455468],[3.86679615]
[4.69562638],[1.23773431],[4.4549967]
[4.80382232],[1.29668507],[4.60062023]
[5.04209072],[1.33490836],[5.07168288]
[5.05257144],[1.36284464],[5.1981555]
[5.32197272],[1.39010987],[5.66655458]
[5.28760717],[1.40837499],[5.70823542]
[5.56404128],[1.42826099],[6.13486716]
[5.49031799],[1.44371592],[6.11478979]
[5.75161942],[1.46585137],[6.54074103]
[5.71142995],[1.48204057],[6.52005409]
[5.93380831],[1.50251649],[6.90390836]
[5.94403974],[1.5241953],[6.89905707]
[6.08761926],[1.54657794],[7.21786623]
[6.03742115],[1.55985574],[7.19514679]
[6.14051731],[1.57398347],[7.4680337]
[6.11506196],[1.58637902],[7.44587727]
[6.19045258],[1.59894278],[7.64529643]
[6.13852462],[1.60986526],[7.55642626]
[6.2241664],[1.6194476],[7.75753199]
[6.14084992],[1.62842451],[7.65112168]
[6.23478719],[1.6382333],[7.86262799]
[6.16345978],[1.64663702],[7.75582583]
[6.23730256],[1.65780256],[7.97043599]
[6.29373198],[1.66952616],[8.03807001]
[6.25470773],[1.68328976],[8.14847643]
[6.33114453],[1.69596968],[8.22985837]
[6.23154872],[1.70785962],[8.27776865]
[6.35520275],[1.72704597],[8.40315485]
[6.24379649],[1.73735261],[8.42240967]
[6.32632887],[1.74664639],[8.47481576]
[6.22238539],[1.74564461],[8.44639909]
[6.21481665],[1.74297179],[8.43428569]
[6.21227691],[1.73867736],[8.41896436]
[6.18969894],[1.73232015],[8.37178743]
[6.18949303],[1.72430009],[8.33927066]
[6.1792807],[1.71780332],[8.30390715]
[6.15453148],[1.70993492],[8.24790459]
[6.14543213],[1.7050878],[8.21325973]
[6.12849507],[1.69899443],[8.17046503]
[6.11575099],[1.69050738],[8.13657653]
[6.07972582],[1.68504188],[8.07498714]
[6.06591208],[1.67985891],[8.02506405]
[6.04331133],[1.67237071],[7.96244305]
[6.01248906],[1.66248878],[7.88070377]
[5.99097439],[1.65327029],[7.80211859]
[5.8528144],[1.6436673],[7.67785075]
[5.08808639],[1.63330088],[6.815816]
[4.33215021],[1.62812583],[5.64512004]
[3.57314711],[1.62757412],[4.39593402]
[2.25319699],[0.84070647],[1.47002955]
[3.14575966],[0.94288797],[2.52628112]
[4.00341121],[1.01199426],[3.25794208]
[3.95363344],[1.05458316],[3.40166178]
[4.29330179],[1.16836978],[3.95113557]
[4.50128816],[1.23349811],[4.20956864]
[4.78042229],[1.30182187],[4.72238485]
[4.95208614],[1.35455949],[4.980533]
[5.17873823],[1.3879149],[5.42252137]
[5.21789699],[1.41312403],[5.62839198]
[5.45240825],[1.43520231],[6.04549064]
[5.44655379],[1.44985545],[6.1525028]
[5.67633005],[1.46714255],[6.51689949]
[5.66327105],[1.48129031],[6.55837128]
[5.86810696],[1.50316137],[6.91557852]
[5.86960135],[1.52128003],[6.93867721]
[6.04563299],[1.54244529],[7.27959853]
[6.0882908],[1.56038804],[7.32930906]
[6.1746444],[1.57913444],[7.58048286]
[6.17472294],[1.59213556],[7.60407355]
[6.22667738],[1.60600522],[7.81351688]
[6.25373382],[1.61824037],[7.86062371]
[6.27652762],[1.63114581],[8.01036754]
[6.32768354],[1.6415603],[7.99526059]
[6.31285829],[1.65111836],[8.15127744]
[6.35802843],[1.66020002],[8.12084039]
[6.32495263],[1.66983016],[8.28421735]
[6.39278879],[1.69101146],[8.27472372]
[6.32937615],[1.69347963],[8.41929807]
[6.51329311],[1.72525305],[8.58100909]
[6.37912658],[1.72683211],[8.61410453]
[6.56042705],[1.76784994],[8.82128159]
[6.48952165],[1.78374083],[8.85125397]
[6.59468401],[1.8066586],[9.06155948]
[6.52442855],[1.82449154],[9.06370959]
[6.57721298],[1.8346482],[9.14296427]
[6.50080833],[1.83274822],[9.09323507]
[6.48006334],[1.82914785],[9.07735776]
[6.46318428],[1.82356642],[9.04871573]
[6.43902182],[1.81613703],[8.99352949]
[6.44609608],[1.80739354],[8.95434076]
[6.42935751],[1.79862041],[8.90848093]
[6.35200321],[1.78862406],[8.83689353]
[6.31201974],[1.78081493],[8.78863905]
[6.25054708],[1.77093978],[8.72798893]
[6.22326552],[1.75951073],[8.67355086]
[6.18699797],[1.75085731],[8.593698]
[6.17080911],[1.74156216],[8.53171489]
[6.1496086],[1.73118693],[8.46718231]
[6.11757435],[1.70996241],[8.36816474]
[6.0990569],[1.69283772],[8.27743021]
[5.90795688],[1.68563037],[8.09758191]
[5.14101038],[1.67625524],[7.11804771]
[4.38266045],[1.66654019],[5.89514014]
[3.6259214],[1.65971908],[4.60804765]
[2.3585508],[0.86945855],[1.69506427]
[3.20972216],[0.9539331],[2.68285612]
[4.03451337],[1.0196014],[3.35492317]
[4.11405279],[1.11847383],[3.74412604]
[4.41542943],[1.2235794],[4.22212747]
[4.64117584],[1.28193533],[4.511963]
[4.88423761],[1.34366113],[5.02744502]
[5.0876121],[1.39294201],[5.34916845]
[5.30954077],[1.42271995],[5.74794572]
[5.36201746],[1.44804324],[5.9903738]
[5.57604625],[1.46769366],[6.38055794]
[5.59018806],[1.48267353],[6.51518059]
[5.78443486],[1.50036439],[6.8450955]
[5.8165617],[1.51469738],[6.92742023]
[5.96937223],[1.53550297],[7.22446747]
[6.01881582],[1.55107333],[7.29403602]
[6.15239172],[1.56977416],[7.58035403]
[6.20829647],[1.5875933],[7.66559589]
[6.25519864],[1.60590763],[7.87509206]
[6.32723364],[1.61869736],[7.9561975]
[6.30631573],[1.63235026],[8.14046664]
[6.43951365],[1.6443862],[8.23349998]
[6.38773309],[1.65735913],[8.36002093]
[6.5403737],[1.67506088],[8.43014859]
[6.50383803],[1.67652518],[8.50979712]
[6.58938562],[1.70340596],[8.58736322]
[6.54592116],[1.70103932],[8.65009959]
[6.62802638],[1.73362174],[8.75688659]
[6.57302498],[1.73127965],[8.81272139]
[6.73802006],[1.77811468],[9.06913021]
[6.65085812],[1.78424036],[9.05753574]
[6.78816051],[1.8242088],[9.34928252]
[6.77146283],[1.8398301],[9.38491038]
[6.82589399],[1.86172902],[9.58709182]
[6.80725924],[1.87651],[9.57873375]
[6.81203587],[1.88622067],[9.64792846]
[6.78360615],[1.88483595],[9.57706788]
[6.75242591],[1.88098934],[9.54870152]
[6.75076906],[1.87469462],[9.51398338]
[6.73935548],[1.86728703],[9.46569107]
[6.73842291],[1.85788952],[9.42946102]
[6.73570712],[1.84880861],[9.38656162]
[6.67945921],[1.83803111],[9.30581059]
[6.59669867],[1.82909346],[9.23855581]
[6.5087725],[1.81999163],[9.16843108]
[6.4186927],[1.80922054],[9.11212476]
[6.3025076],[1.8009416],[9.02755124]
[6.24572318],[1.79145565],[8.95996707]
[6.22219196],[1.78090405],[8.88497346]
[6.19310592],[1.75938846],[8.78221395]
[6.17622742],[1.73747129],[8.67976401]
[5.94693297],[1.71420734],[8.45755292]
[5.1801368],[1.69641924],[7.40006295]
[4.4215689],[1.6889967],[6.113352]
[3.66714533],[1.68323278],[4.77635538]
[2.38137301],[0.89398992],[1.7823044]
[3.23110603],[0.96575549],[2.77014437]
[4.06243041],[1.03218167],[3.43681173]
[4.23783771],[1.15989941],[3.94688758]
[4.53305516],[1.2648004],[4.45253255]
[4.74598531],[1.32097898],[4.80167559]
[4.99947826],[1.37963218],[5.30892159]
[5.19372348],[1.42553324],[5.62303239]
[5.42915948],[1.45479867],[6.02070718]
[5.46964227],[1.48014556],[6.26807019]
[5.6863444],[1.49898397],[6.67305059]
[5.71407052],[1.51465731],[6.80801808]
[5.89442338],[1.53127887],[7.14804205]
[5.9356322],[1.5443263],[7.21353737]
[6.06336322],[1.56069045],[7.50190677]
[6.12889283],[1.57645871],[7.5852606]
[6.2206331],[1.59593554],[7.86020455]
[6.30349242],[1.61346784],[7.93768424]
[6.31781832],[1.630427],[8.16732448]
[6.45126895],[1.64257524],[8.24365219]
[6.42825155],[1.65597606],[8.42504712]
[6.5802316],[1.66973597],[8.55302953]
[6.57914709],[1.68121738],[8.67615967]
[6.69810295],[1.71824139],[8.79337438]
[6.74585758],[1.71504312],[8.88247139]
[6.77045975],[1.74613272],[8.97291425]
[6.81399845],[1.74940344],[9.06143206]
[6.8197183],[1.78591754],[9.18011843]
[6.89885353],[1.79181224],[9.29578814]
[6.94713509],[1.83546967],[9.55469987]
[6.98293957],[1.84037219],[9.60378815]
[7.01271208],[1.87723765],[9.83484572]
[7.08167695],[1.89087649],[9.89954336]
[7.07081146],[1.91053019],[10.03656456]
[7.12205663],[1.92252129],[10.0623024]
[7.06751145],[1.93098426],[10.08448052]
[7.11116724],[1.93029519],[10.03839428]
[7.06907427],[1.92605871],[9.99693097]
[7.06651899],[1.91932471],[9.95666472]
[7.05110233],[1.91235292],[9.90490547]
[7.0475074],[1.90257164],[9.8619415]
[7.05040573],[1.89170986],[9.80680901]
[7.03669963],[1.87875973],[9.71733864]
[6.95306233],[1.86872848],[9.63458112]
[6.86812601],[1.8578797],[9.55078227]
[6.77926223],[1.84640294],[9.47051175]
[6.66310349],[1.83699318],[9.37290075]
[6.5621129],[1.82684187],[9.28622251]
[6.46070631],[1.81595188],[9.19222125]
[6.34473725],[1.79722774],[9.07226618]
[6.27695318],[1.77576819],[8.96763355]
[6.0148596],[1.75341621],[8.75259436]
[5.2356291],[1.72613976],[7.64981221]
[4.4759811],[1.7066569],[6.33825101]
[3.72289481],[1.70023652],[4.96386037]
[2.4043149],[0.90868366],[1.84506435]
[3.24475327],[0.97328783],[2.81990821]
[4.06707085],[1.04637868],[3.5830523]
[4.34101344],[1.20682044],[4.13366877]
[4.60282323],[1.30829108],[4.70186346]
[4.84251823],[1.36195857],[5.1077361]
[5.0963251],[1.41735823],[5.57753572]
[5.2913519],[1.45911555],[5.90020242]
[5.54250338],[1.48788102],[6.3181792]
[5.58469069],[1.51340288],[6.56474727]
[5.78041701],[1.53014408],[6.97584088]
[5.82737648],[1.54500116],[7.11660449]
[5.97811753],[1.55873974],[7.43275821]
[6.03938085],[1.57104258],[7.50676992]
[6.14755358],[1.58690182],[7.79063479]
[6.19185675],[1.60191814],[7.85256669]
[6.27107987],[1.61950593],[8.11379189]
[6.41653597],[1.636045],[8.22104351]
[6.42788116],[1.65190576],[8.41609438]
[6.59262199],[1.663731],[8.53816873]
[6.60696695],[1.6768477],[8.71184829]
[6.74534088],[1.70647564],[8.92876876]
[6.80319872],[1.71303717],[9.06805729]
[6.8929578],[1.75373185],[9.25521841]
[7.06566813],[1.75504867],[9.37892443]
[7.00639444],[1.78872287],[9.46867982]
[7.14295792],[1.79289308],[9.60330563]
[7.09344365],[1.82983708],[9.69993771]
[7.21963532],[1.83649324],[9.8515927]
[7.24911711],[1.87724733],[10.03992038]
[7.29360335],[1.88219378],[10.10516324]
[7.33863389],[1.91741653],[10.27564873]
[7.38094675],[1.93151345],[10.35384703]
[7.40753211],[1.94800507],[10.4530247]
[7.42148444],[1.95974833],[10.4841107]
[7.41341153],[1.96787113],[10.49274501]
[7.41480677],[1.96914084],[10.46621639]
[7.41319608],[1.96511254],[10.4304434]
[7.3900421],[1.95844793],[10.39616677]
[7.38002873],[1.95132207],[10.35012664]
[7.37747944],[1.94051558],[10.31141746]
[7.37776361],[1.92960751],[10.26228457]
[7.36988996],[1.91697341],[10.18502982]
[7.32625886],[1.90710997],[10.11259484]
[7.24219494],[1.89684761],[10.02671543]
[7.14994828],[1.88492989],[9.93524049]
[7.03343636],[1.87538168],[9.81990105]
[6.93100381],[1.86486097],[9.71843006]
[6.83157124],[1.85408059],[9.61308476]
[6.71644325],[1.83852064],[9.47168364]
[6.61754316],[1.8179873],[9.35224573]
[6.29723928],[1.79682104],[9.10318664]
[5.45140178],[1.77205027],[7.97018136]
[4.6193709],[1.7478258],[6.63993481]
[3.83728528],[1.72411146],[5.23726382]
[2.4503011],[0.92627209],[1.95419091]
[3.27245074],[0.98132207],[2.88839481]
[4.06873196],[1.07424964],[3.75455192]
[4.45849244],[1.24002143],[4.3219411]
[4.68594282],[1.33693619],[4.8739792]
[4.95049428],[1.38974168],[5.32691155]
[5.19956619],[1.44414328],[5.77225606]
[5.40808119],[1.48298036],[6.13189918]
[5.64533911],[1.51029104],[6.55840693]
[5.71815301],[1.54104635],[6.80963903]
[5.87563921],[1.55385725],[7.22884269]
[5.94125872],[1.56773366],[7.36616713]
[6.05459163],[1.58232298],[7.67878383]
[6.14184459],[1.59409826],[7.74920603]
[6.19418654],[1.60910519],[8.00176094]
[6.27151602],[1.62384265],[8.11325568]
[6.32204361],[1.64098997],[8.33689823]
[6.55670915],[1.65711332],[8.4785276]
[6.60585661],[1.67258031],[8.64407562]
[6.76996803],[1.69098199],[8.85280373]
[6.84816598],[1.6995438],[9.04160002]
[6.95621676],[1.74510599],[9.33491996]
[7.1076821],[1.75987648],[9.51879725]
[7.17574912],[1.80421127],[9.7148017]
[7.340886],[1.80563019],[9.8816929]
[7.36935367],[1.83814428],[9.96972645]
[7.43675182],[1.84708132],[10.11672361]
[7.4541854],[1.88583474],[10.21193868]
[7.51365705],[1.89249341],[10.36003181]
[7.59184052],[1.93165681],[10.54044698]
[7.58406677],[1.93657573],[10.60516304]
[7.67638235],[1.96970943],[10.77590708]
[7.68697067],[1.98411692],[10.84498926]
[7.76027746],[1.99842215],[10.93732352]
[7.72558547],[2.00720884],[10.95869585]
[7.76206562],[2.01159362],[10.96029014]
[7.7206236],[2.01311342],[10.93495528]
[7.75910545],[2.00949235],[10.90271643]
[7.71589465],[2.00271781],[10.86436023]
[7.70839059],[1.99525439],[10.82279584]
[7.70606891],[1.98497577],[10.786632]
[7.70476029],[1.97462077],[10.7439038]
[7.70088282],[1.96278855],[10.66758155]
[7.68801481],[1.95350584],[10.59544135]
[7.61567702],[1.9442648],[10.50838576]
[7.51758881],[1.9331771],[10.41039658]
[7.40592309],[1.92427641],[10.30838105]
[7.30097788],[1.91453817],[10.21644966]
[7.20027365],[1.90434772],[10.11493845]
[7.08483436],[1.89109945],[9.9688397]
[6.97939251],[1.87006995],[9.83816788]
[6.63170557],[1.85005556],[9.54978414]
[5.78062553],[1.82756096],[8.36152868]
[4.94365829],[1.80537853],[6.99547205]
[4.10915171],[1.78105901],[5.57429174]
[2.48397063],[0.93930325],[2.0404101]
[3.28399462],[0.99638266],[2.93502894]
[4.06781617],[1.11808118],[3.89274421]
[4.56582049],[1.27076397],[4.49493244]
[4.78122251],[1.36264615],[5.05518477]
[5.05676616],[1.41438152],[5.53521208]
[5.3046087],[1.46573175],[5.97449685]
[5.52288021],[1.50095191],[6.35358006]
[5.74013119],[1.53247406],[6.77820228]
[5.84517582],[1.56000002],[7.04892982]
[5.95427801],[1.57413182],[7.45564936]
[6.0460679],[1.58730277],[7.59432688]
[6.12967244],[1.60121952],[7.87779252]
[6.21137284],[1.61271575],[7.97556916]
[6.2446483],[1.62708952],[8.19806071]
[6.37728837],[1.64114159],[8.33255656]
[6.42151056],[1.65787551],[8.52880117]
[6.71384819],[1.67281652],[8.71661744]
[6.88529822],[1.68830022],[8.90378979]
[6.98071055],[1.71677899],[9.20404248]
[7.1500445],[1.72871121],[9.43313373]
[7.24198545],[1.79468783],[9.71622191]
[7.37805873],[1.81483651],[9.95390724]
[7.50316524],[1.85600731],[10.1705659]
[7.61067648],[1.85996792],[10.35176556]
[7.73055758],[1.8924004],[10.47575863]
[7.72652284],[1.90522115],[10.61542368]
[7.80688376],[1.94562507],[10.74541091]
[7.80271816],[1.95833058],[10.88831541]
[7.92126138],[1.99730054],[11.09128024]
[7.87950202],[2.00713494],[11.17284516]
[7.99241214],[2.04153133],[11.39237738]
[8.00585771],[2.05789811],[11.47257556]
[8.06668629],[2.06991142],[11.63100468]
[8.05331155],[2.08127305],[11.6602483]
[8.0660886],[2.08402432],[11.65216767]
[8.05077916],[2.07711253],[11.56420119]
[8.0602363],[2.05829548],[11.49735919]
[8.04168198],[2.04183961],[11.41899258]
[8.01745736],[2.03222683],[11.34622667]
[8.01355449],[2.02232971],[11.2729215]
[8.00982912],[2.01236859],[11.21634513]
[8.002673],[2.00093306],[11.1381299]
[7.99781941],[1.99216356],[11.06761066]
[7.95420275],[1.98303003],[10.97549715]
[7.86754392],[1.97228948],[10.86245206]
[7.76939798],[1.96357623],[10.75097486]
[7.66654476],[1.95410111],[10.65036091]
[7.5627152],[1.94456055],[10.5407806]
[7.44845948],[1.93157108],[10.39562248]
[7.34330926],[1.91125346],[10.26727029]
[6.96934549],[1.88898381],[9.96468907]
[6.11238303],[1.8636523],[8.74339003]
[5.26614123],[1.84363251],[7.34503251]
[4.42639277],[1.81867261],[5.88719172]
[2.48452598],[0.95176419],[2.08039778]
[3.28817992],[1.01265205],[2.97920807]
[4.06976298],[1.16035547],[4.01901791]
[4.67746935],[1.30254302],[4.67011634]
[4.88977784],[1.38902478],[5.25486099]
[5.15354867],[1.43780112],[5.74416986]
[5.416294],[1.48658146],[6.19361258]
[5.63268329],[1.52244917],[6.56117021]
[5.84133506],[1.55741707],[7.02852568]
[5.94695496],[1.58010104],[7.26162888]
[6.04371078],[1.59491568],[7.68400088]
[6.1459701],[1.60827949],[7.82237512]
[6.1944266],[1.62184882],[8.0666236]
[6.28648647],[1.63289181],[8.20044166]
[6.31194535],[1.64702433],[8.40729875]
[6.51664438],[1.6596363],[8.55509979]
[6.63346016],[1.67581257],[8.75454795]
[6.91706024],[1.69283595],[9.00946594]
[7.17645344],[1.71044706],[9.27607347]
[7.27421305],[1.75540343],[9.58472973]
[7.42008254],[1.79690791],[9.85696768]
[7.56205972],[1.86962962],[10.204187]
[7.65127305],[1.89700072],[10.52419885]
[7.80748402],[1.93595683],[10.78148826]
[7.88685534],[1.94789705],[11.02386178]
[8.01053479],[1.98399507],[11.24788255]
[8.04279429],[1.99931887],[11.42778425]
[8.09658026],[2.03742945],[11.64042708]
[8.12649064],[2.04863091],[11.81414129]
[8.21847676],[2.08364093],[12.08407879]
[8.23187503],[2.09352725],[12.18564697]
[8.33045827],[2.12359417],[12.44893559]
[8.4207825],[2.13703148],[12.57118283]
[8.45148454],[2.15137866],[12.72515884]
[8.5145046],[2.15825172],[12.7790058]
[8.43666695],[2.15964428],[12.74855403]
[8.47773263],[2.15276055],[12.65836334]
[8.4141345],[2.13471489],[12.58091622]
[8.43936523],[2.11258507],[12.4655393]
[8.37194251],[2.09360562],[12.33386628]
[8.35774228],[2.07483684],[12.232409]
[8.34381761],[2.05678952],[12.11726948]
[8.32161587],[2.03797852],[11.94330565]
[8.3101069],[2.02860463],[11.74103689]
[8.26805242],[2.01965286],[11.53751399]
[8.15429336],[2.00933436],[11.35984893]
[8.06084506],[2.00089814],[11.23175549]
[7.97108249],[1.99176584],[11.11625638]
[7.87929211],[1.98355205],[10.99491869]
[7.78760931],[1.97047269],[10.84101517]
[7.68658539],[1.95309595],[10.69952272]
[7.32950486],[1.93077901],[10.38641008]
[6.47420539],[1.90551955],[9.1476641]
[5.62797146],[1.88043756],[7.72586209]
[4.78357191],[1.85372015],[6.24149189]
[2.49578467],[0.96199775],[2.11831318]
[3.29156922],[1.02468403],[3.02073145]
[4.07001031],[1.19939414],[4.15617859]
[4.7354505],[1.33236897],[4.91374133]
[4.94677412],[1.41389333],[5.51730679]
[5.21309907],[1.46443628],[5.99568508]
[5.478761],[1.51394932],[6.43172878]
[5.70406689],[1.54788933],[6.81690505]
[5.90004428],[1.58268772],[7.27613378]
[6.02078343],[1.60374459],[7.49490879]
[6.10458104],[1.61788723],[7.91147991]
[6.19275755],[1.63065774],[8.06888668]
[6.23018797],[1.6436264],[8.29594469]
[6.35759333],[1.65423202],[8.44182035]
[6.34913977],[1.66748731],[8.63432097]
[6.62662063],[1.67892594],[8.81507729]
[6.83917381],[1.705636],[9.0781547]
[7.10883971],[1.72177965],[9.44013169]
[7.37780997],[1.76992328],[9.73521341]
[7.53999671],[1.85225642],[10.11489926]
[7.63946803],[1.90254003],[10.52669483]
[7.824303],[1.96579796],[10.95034114]
[7.87960249],[1.99352776],[11.34705384]
[8.04932069],[2.02653938],[11.74142134]
[8.16530687],[2.04002781],[12.1027902]
[8.32034592],[2.07289793],[12.42534328]
[8.4658294],[2.08713683],[12.6589898]
[8.5073863],[2.1202373],[12.86832744]
[8.61328554],[2.13094468],[13.065589]
[8.66675105],[2.16182351],[13.32585936]
[8.71096442],[2.17755804],[13.48145688]
[8.76314306],[2.19963072],[13.72024929]
[8.83066583],[2.21522218],[13.91450169]
[8.86302275],[2.2274221],[14.0465766]
[8.88923168],[2.23484165],[14.15241253]
[8.85713685],[2.23082868],[14.10002916]
[8.86506887],[2.22475532],[14.05021292]
[8.83895],[2.20829935],[13.91868994]
[8.84099534],[2.18800852],[13.81603027]
[8.81182716],[2.16649464],[13.65842981]
[8.78762245],[2.14330441],[13.50302015]
[8.77605892],[2.1253684],[13.34688428]
[8.75425848],[2.10566261],[13.14990333]
[8.7440266],[2.08763262],[12.96597918]
[8.72883698],[2.07086508],[12.73464647]
[8.65566184],[2.05324492],[12.45437256]
[8.49798125],[2.04007435],[12.15774912]
[8.32040881],[2.03130397],[11.86692535]
[8.16199739],[2.02172931],[11.6214633]
[8.05097518],[2.00938962],[11.42617319]
[7.97035624],[1.99518428],[11.27521949]
[7.62891801],[1.97420017],[10.94638086]
[6.80182126],[1.95051509],[9.6753186]
[5.97656593],[1.92735504],[8.21961821]
[5.13160062],[1.90111076],[6.69883847]
[2.51923233],[0.96858942],[2.17599668]
[3.30001246],[1.02986796],[3.04992511]
[4.069649],[1.21718103],[4.21777642]
[4.77295276],[1.34642688],[5.0111159]
[4.97540048],[1.42850614],[5.61126525]
[5.25036747],[1.47888186],[6.10067409]
[5.51011767],[1.53292066],[6.55656091]
[5.74953216],[1.56831741],[6.95073951]
[5.92646352],[1.60004424],[7.4041173]
[6.07296103],[1.6201057],[7.64830154]
[6.1185843],[1.63445155],[8.03514412]
[6.21991399],[1.64706032],[8.22995371]
[6.24714787],[1.66035502],[8.44432519]
[6.40847584],[1.67133455],[8.61413528]
[6.41349681],[1.69077863],[8.8159741]
[6.73406715],[1.70723206],[9.12633683]
[6.99591442],[1.7466102],[9.45983041]
[7.27831407],[1.82850905],[9.91648771]
[7.5312646],[1.88986037],[10.31678747]
[7.74366285],[1.96083894],[10.79213586]
[7.80419443],[2.00625825],[11.25271643]
[7.99964719],[2.06022573],[11.78822084]
[8.07046116],[2.08439015],[12.26023143]
[8.2670417],[2.11545016],[12.72797708]
[8.45905461],[2.12889037],[13.13641774]
[8.63223344],[2.1576678],[13.55538475]
[8.74235693],[2.17137245],[13.85832497]
[8.80047412],[2.19932223],[14.0933374]
[8.83413091],[2.21768567],[14.31934082]
[8.91548111],[2.23872449],[14.56372942]
[8.92427591],[2.26257404],[14.73626865]
[9.00867873],[2.28004642],[14.92975334]
[9.04508405],[2.29458938],[15.11803613]
[9.10082148],[2.30371135],[15.24270721]
[9.0985745],[2.3093374],[15.36536966]
[9.09683987],[2.30104926],[15.34139521]
[9.07330999],[2.28887879],[15.29260522]
[9.08028991],[2.27501438],[15.17021364]
[9.05025548],[2.25696445],[15.05970259]
[9.05148793],[2.23739664],[14.91517941]
[9.0143102],[2.21549387],[14.75761007]
[9.00434919],[2.19306628],[14.57190789]
[8.98432071],[2.17403942],[14.35453206]
[8.97233951],[2.15789787],[14.16158638]
[8.95622933],[2.14157932],[13.90997924]
[8.90835025],[2.12371836],[13.59444815]
[8.78783979],[2.10739904],[13.26441707]
[8.64032784],[2.09076664],[12.93073481]
[8.4802877],[2.07407763],[12.60163628]
[8.29740959],[2.06241262],[12.26729306]
[8.14957181],[2.04199463],[11.96016147]
[7.77213236],[2.02198027],[11.51406574]
[6.94399017],[2.00007716],[10.1571518]
[6.12634894],[1.97905557],[8.67695298]
[5.30881427],[1.9545645],[7.11516341]
[2.53447156],[0.97324159],[2.21471178]
[3.30676519],[1.03421558],[3.07391425]
[4.06941425],[1.22787255],[4.26039756]
[4.80725301],[1.35329194],[5.08394403]
[5.00410361],[1.43554655],[5.67826451]
[5.2803409],[1.48406224],[6.16855225]
[5.54223562],[1.5423318],[6.63740909]
[5.7843467],[1.57409216],[7.0246596]
[5.94481952],[1.60805791],[7.46880538]
[6.09921534],[1.62588953],[7.72453571]
[6.12484286],[1.64026682],[8.10998386]
[6.2346057],[1.65325923],[8.32798606]
[6.25455623],[1.67023082],[8.53780731]
[6.44605431],[1.68517146],[8.74907325]
[6.46174816],[1.71844194],[8.99524819]
[6.81370547],[1.75702995],[9.41570383]
[7.10895751],[1.81275652],[9.78268657]
[7.41349039],[1.89497919],[10.31684048]
[7.66551023],[1.95605508],[10.77604722]
[7.90864514],[2.02317162],[11.30110423]
[7.97277235],[2.06736064],[11.83754464]
[8.19625281],[2.11621044],[12.44387145]
[8.3624084],[2.1420405],[12.96443023]
[8.55267198],[2.17048136],[13.47499632]
[8.72227011],[2.1853051],[13.98734999]
[8.87779571],[2.21171398],[14.40703545]
[8.95858288],[2.22671589],[14.73782163]
[9.05839541],[2.2516036],[14.95690091]
[9.04761692],[2.27616814],[15.18005045]
[9.15806108],[2.29579478],[15.41394672]
[9.13779015],[2.31744845],[15.59786213]
[9.25424721],[2.33197861],[15.82744348]
[9.25941635],[2.34567005],[16.01994296]
[9.34709459],[2.35197654],[16.22431935]
[9.30885504],[2.35633571],[16.33620285]
[9.33720675],[2.34953517],[16.36568672]
[9.28098134],[2.33917925],[16.27662177]
[9.31996098],[2.32605057],[16.19881277]
[9.2596087],[2.30871049],[16.03843588]
[9.28639358],[2.28987842],[15.9170313]
[9.23442192],[2.26864917],[15.73691668]
[9.22382335],[2.24686332],[15.54286282]
[9.20709979],[2.22402843],[15.29353199]
[9.19783773],[2.2044969],[15.04791602]
[9.18222042],[2.18903349],[14.79824535]
[9.14740581],[2.1710526],[14.47903908]
[9.06309287],[2.15404653],[14.13462324]
[8.91810674],[2.13825551],[13.78071464]
[8.77126125],[2.12313775],[13.44013402]
[8.60901082],[2.10460883],[13.04658347]
[8.45326426],[2.08338922],[12.70002675]
[7.99716574],[2.0573388],[12.15075874]
[7.099085],[2.03230676],[10.67716202]
[6.26307125],[2.01045745],[9.09963624]
[5.44555119],[1.98794694],[7.44725027]
[2.53314671],[0.97978087],[2.22877068]
[3.30714962],[1.03761011],[3.0868475]
[4.0705971],[1.23761785],[4.29182746]
[4.81629898],[1.36047537],[5.14124749]
[5.04009959],[1.4422135],[5.73379323]
[5.30605482],[1.48884264],[6.21807922]
[5.58377494],[1.55176368],[6.7038706]
[5.80681998],[1.57908359],[7.08144647]
[5.97744874],[1.61852507],[7.5347333]
[6.12830548],[1.63302693],[7.81383898]
[6.15066076],[1.65092729],[8.20165869]
[6.26765471],[1.66595064],[8.45147074]
[6.28129193],[1.69781034],[8.69526962]
[6.51208387],[1.71129306],[8.99095159]
[6.57608282],[1.75187098],[9.27293065]
[6.90627726],[1.8310266],[9.76770304]
[7.20900861],[1.88332667],[10.19566783]
[7.52841871],[1.95673451],[10.7695618]
[7.78172506],[2.01401387],[11.26946525]
[8.02296118],[2.07588499],[11.86202608]
[8.1558306],[2.11818113],[12.45691337]
[8.39025688],[2.16235521],[13.09194457]
[8.60706668],[2.18889422],[13.68720649]
[8.75227623],[2.21443682],[14.22628033]
[8.88780468],[2.23017026],[14.75365015]
[9.069904],[2.25406073],[15.15542742]
[9.14185942],[2.27585967],[15.53599743]
[9.27737184],[2.29531775],[15.8177087]
[9.24340715],[2.31898183],[16.0263376]
[9.38478663],[2.3366721],[16.33622117]
[9.34589269],[2.3559294],[16.49517055]
[9.47619935],[2.369257],[16.78728182]
[9.48491369],[2.38118654],[16.9606377]
[9.55585595],[2.3865994],[17.20111119]
[9.53640647],[2.38873166],[17.30890957]
[9.54544496],[2.38150191],[17.38484997]
[9.50336614],[2.37345809],[17.2968041]
[9.52543555],[2.36144195],[17.23341012]
[9.47866743],[2.34524657],[17.04132546]
[9.4990406],[2.32663696],[16.90655813]
[9.46028474],[2.30554719],[16.70577709]
[9.44300839],[2.28422667],[16.50794958]
[9.42198284],[2.26226684],[16.23687313]
[9.40647218],[2.24097035],[15.96398775]
[9.39150776],[2.21981373],[15.65518615]
[9.36196362],[2.20193771],[15.327384]
[9.32630828],[2.18746843],[14.97653065]
[9.18097042],[2.17320862],[14.60036826]
[9.03364236],[2.15981339],[14.23443745]
[8.87166518],[2.14409549],[13.8279871]
[8.72328553],[2.12372698],[13.48488825]
[8.29037338],[2.10169858],[12.91264175]
[7.38140292],[2.07688436],[11.39559816]
[6.48841353],[2.04968321],[9.76260577]
[5.6064425],[2.02628306],[8.0348305]
[2.53254193],[0.98223438],[2.22600387]
[3.30552898],[1.04093389],[3.09342023]
[4.07014996],[1.24287327],[4.33602779]
[4.81579425],[1.36788251],[5.24242224]
[5.0625506],[1.4503631],[5.82283905]
[5.32217944],[1.49924368],[6.30087805]
[5.60630638],[1.56508203],[6.79074085]
[5.81849436],[1.59004857],[7.16385014]
[5.99539465],[1.63344487],[7.61188178]
[6.13981576],[1.64359779],[7.91193524]
[6.1605129],[1.67275199],[8.32259602]
[6.28179866],[1.68853122],[8.61889103]
[6.30052381],[1.72635472],[8.91117623]
[6.55854606],[1.76914546],[9.27440827]
[6.66523762],[1.82624895],[9.63117613]
[6.97708122],[1.89936286],[10.19460891]
[7.28755336],[1.94843694],[10.65650705]
[7.62125786],[2.0138499],[11.23373316]
[7.89019105],[2.06744418],[11.79627901]
[8.19856408],[2.12476996],[12.48372158]
[8.3926054],[2.16442329],[13.10633859]
[8.59507019],[2.2068701],[13.78009309]
[8.75874764],[2.23143061],[14.41518358]
[8.92080272],[2.25537975],[14.96168273]
[9.0295033],[2.27244273],[15.47693487]
[9.23219004],[2.29572039],[16.01590825]
[9.30040116],[2.318768],[16.40998259]
[9.44370211],[2.33604896],[16.79116474]
[9.40447362],[2.35807046],[16.98029122]
[9.54092009],[2.37449972],[17.30382321]
[9.52313807],[2.39151386],[17.47210311]
[9.64186563],[2.40608103],[17.78826969]
[9.68283644],[2.41741222],[17.99199978]
[9.726974],[2.42169876],[18.21433418]
[9.74196347],[2.4233197],[18.36476856]
[9.73570042],[2.42477326],[18.43776903]
[9.73296848],[2.41444205],[18.37756724]
[9.73230719],[2.39517912],[18.2905524]
[9.71934429],[2.38014943],[18.13708301]
[9.70882605],[2.36287981],[17.97268373]
[9.69828382],[2.34427814],[17.77524383]
[9.66710853],[2.32466894],[17.55709352]
[9.64698244],[2.30432927],[17.31719911]
[9.63195017],[2.28502287],[17.04027232]
[9.61206379],[2.26592042],[16.74294099]
[9.58365311],[2.24505018],[16.41800478]
[9.55478557],[2.23256832],[16.0789492]
[9.45553952],[2.22007454],[15.71766918]
[9.30960786],[2.20752122],[15.37526012]
[9.14891779],[2.19229275],[14.98358129]
[9.01787173],[2.17342654],[14.62827393]
[8.63581914],[2.15167348],[14.07240995]
[7.72760921],[2.12860721],[12.52982183]
[6.8521439],[2.10632559],[10.86704715]
[5.98271925],[2.08348127],[9.07720793]
[2.53780875],[0.98516424],[2.24634485]
[3.30659744],[1.04370126],[3.10730955]
[4.0701643],[1.25173087],[4.36379547]
[4.81678805],[1.37446565],[5.29758284]
[5.08238398],[1.45563627],[5.87867268]
[5.34134451],[1.50702403],[6.34959558]
[5.61770201],[1.57380294],[6.84875955]
[5.8345123],[1.6012072],[7.22638338]
[6.01253793],[1.64686426],[7.68299673]
[6.14677668],[1.6606992],[8.02183103]
[6.16723214],[1.69781733],[8.46394446]
[6.29817483],[1.71618639],[8.83265033]
[6.31549016],[1.77346129],[9.15157893]
[6.60183968],[1.85090734],[9.65447205]
[6.76237045],[1.90393545],[10.07718025]
[7.05883652],[1.97050989],[10.67245682]
[7.39842427],[2.01589386],[11.16104042]
[7.77410405],[2.07520117],[11.78074046]
[8.07923088],[2.12421979],[12.44607492]
[8.40603245],[2.17622327],[13.14604575]
[8.62653819],[2.21437304],[13.78347537]
[8.7679296],[2.25355933],[14.46791217]
[8.90347806],[2.27714349],[15.11272962]
[9.09082044],[2.29821498],[15.65269922]
[9.17643557],[2.32206759],[16.2628225]
[9.39505998],[2.34304254],[16.86321628]
[9.46257397],[2.36308673],[17.29382362]
[9.59972718],[2.37771246],[17.7428604]
[9.64856836],[2.39754302],[18.000757]
[9.73296216],[2.41237593],[18.32704064]
[9.78729092],[2.42973474],[18.54456298]
[9.85711582],[2.44319374],[18.84417207]
[9.94618344],[2.46386063],[19.1059548]
[9.94103377],[2.47200516],[19.31347587]
[10.02367698],[2.48196346],[19.51009191]
[10.00768863],[2.49212328],[19.57691816]
[10.03112387],[2.48908904],[19.60680704]
[9.94768193],[2.46571671],[19.48281526]
[9.9631271],[2.44272086],[19.39640076]
[9.88091833],[2.41484399],[19.22578019]
[9.89337825],[2.38926867],[19.07410559]
[9.85943159],[2.37116404],[18.86023684]
[9.8512787],[2.35189419],[18.65340054]
[9.84522173],[2.33390993],[18.43257253]
[9.84073076],[2.31665693],[18.1684957]
[9.83734796],[2.29766055],[17.8606786]
[9.82714866],[2.28166963],[17.53316204]
[9.78840779],[2.26885774],[17.15624829]
[9.67242899],[2.25711493],[16.77700357]
[9.53259354],[2.24290686],[16.36856058]
[9.40755963],[2.22607317],[15.99253525]
[9.14346918],[2.20587],[15.4089576]
[8.28275433],[2.18332338],[13.82141044]
[7.40331149],[2.16207426],[12.06930259]
[6.51278007],[2.14033723],[10.20463187]
[2.54295587],[0.98773503],[2.26552789]
[3.30720074],[1.0464728],[3.12229768]
[4.07021367],[1.25702828],[4.38542813]
[4.81767119],[1.37690329],[5.34049711]
[5.0935785],[1.46222121],[5.91901266]
[5.36395083],[1.51138078],[6.38521866]
[5.62403421],[1.5774774],[6.88479935]
[5.85194551],[1.6122481],[7.28409957]
[6.01427232],[1.66169425],[7.76630446]
[6.15656018],[1.67778765],[8.13774928]
[6.17834396],[1.71807106],[8.5995243]
[6.31722182],[1.75327642],[9.02094844]
[6.32993553],[1.81940086],[9.39568131]
[6.64671261],[1.89504868],[9.9543102]
[6.88261633],[1.95062027],[10.42348261]
[7.21378055],[2.01741335],[11.03950015]
[7.55701344],[2.06430321],[11.57649963]
[7.95381991],[2.12133689],[12.31254549]
[8.2657957],[2.1700893],[13.02251912]
[8.60113722],[2.2211865],[13.73981848]
[8.7716072],[2.26536394],[14.41788913]
[8.93777434],[2.29627744],[15.0928075]
[9.04774285],[2.32257657],[15.7224057]
[9.26021171],[2.34216851],[16.37093773]
[9.3225942],[2.36438907],[17.04322088]
[9.54236575],[2.38395236],[17.67706124]
[9.62247593],[2.40208747],[18.20717973]
[9.7683904],[2.41706397],[18.66639594]
[9.90860109],[2.44035047],[19.02830884]
[9.95667401],[2.46695188],[19.37957395]
[10.04184002],[2.50168651],[19.67472938]
[10.08078181],[2.53040858],[20.01869663]
[10.18078435],[2.57474318],[20.39951423]
[10.19267711],[2.58889569],[20.68201846]
[10.26142648],[2.60293025],[20.99255458]
[10.27442066],[2.61687716],[21.10969079]
[10.2988446],[2.62123781],[21.19734882]
[10.27620193],[2.58519512],[21.10720113]
[10.28839158],[2.54826708],[21.06260629]
[10.26545964],[2.50914081],[20.86758247]
[10.26532573],[2.47758965],[20.7556387]
[10.23702954],[2.44545535],[20.52563857]
[10.20224957],[2.41363484],[20.2818302]
[10.19185238],[2.38439091],[20.04023068]
[10.18430415],[2.36546608],[19.76612989]
[10.17671286],[2.34871697],[19.41722308]
[10.17951839],[2.3327505],[19.05553046]
[10.11381189],[2.31643113],[18.65810747]
[10.02777774],[2.3015529],[18.23762946]
[9.90005056],[2.28824077],[17.78131146]
[9.78488677],[2.27242095],[17.38273073]
[9.53244133],[2.25313443],[16.73127116]
[8.67314594],[2.23229458],[15.08012418]
[7.82316899],[2.21148496],[13.29389667]
[6.97232619],[2.19030662],[11.37932942]
[2.53743349],[0.99262081],[2.26920534]
[3.30819048],[1.04991657],[3.13873527]
[4.07069602],[1.26395548],[4.4179934]
[4.81770546],[1.38140852],[5.38506092]
[5.11579813],[1.47214931],[5.96848692]
[5.39294627],[1.5182385],[6.42818399]
[5.63852084],[1.59212566],[6.95684568]
[5.87686288],[1.6312381],[7.38826187]
[6.03761572],[1.68369172],[7.8857041]
[6.18812887],[1.70116893],[8.29005805]
[6.20444113],[1.74052023],[8.78032307]
[6.36130867],[1.80183108],[9.26120558]
[6.36423713],[1.86702612],[9.70239224]
[6.77680751],[1.94032394],[10.30213065]
[7.08986086],[1.99542929],[10.81488188]
[7.4206551],[2.06004646],[11.40442009]
[7.73552266],[2.10625206],[12.00488652]
[8.1282743],[2.16090579],[12.8011192]
[8.45249678],[2.20736572],[13.53749135]
[8.74684175],[2.25967951],[14.24614724]
[8.91633324],[2.3054728],[14.95448561]
[9.10268297],[2.33620827],[15.62450339]
[9.18912255],[2.36383132],[16.30841932]
[9.4155585],[2.38509692],[17.10069032]
[9.47569244],[2.41373666],[17.84473062]
[9.68101749],[2.44372077],[18.57301297]
[9.81032138],[2.48198547],[19.24761339]
[9.98517856],[2.500636],[19.79844619]
[10.17579791],[2.53015532],[20.3432899]
[10.18451621],[2.57437402],[20.75152994]
[10.29658286],[2.63930828],[21.22650529]
[10.3411176],[2.67293959],[21.61064716]
[10.43057106],[2.70280059],[22.03246918]
[10.49502688],[2.71549264],[22.32451093]
[10.54788427],[2.72663999],[22.61907298]
[10.60888527],[2.73784722],[22.80816237]
[10.60242655],[2.742973],[22.89967656]
[10.61498081],[2.71263403],[22.86682656]
[10.58568179],[2.67959532],[22.76125226]
[10.60381441],[2.6291765],[22.61474816]
[10.57653444],[2.57484386],[22.41661369]
[10.59549274],[2.52458844],[22.17669212]
[10.55624126],[2.49069364],[21.88429843]
[10.55486386],[2.45760452],[21.63204682]
[10.55414008],[2.42753542],[21.35108371]
[10.55186286],[2.39816969],[21.02695549]
[10.55817872],[2.3764486],[20.67613872]
[10.52954197],[2.36233412],[20.28014504]
[10.42324316],[2.34698547],[19.82524567]
[10.30202325],[2.33038855],[19.28413554]
[10.19283726],[2.31357803],[18.77050697]
[9.92284166],[2.29584662],[18.0906045]
[9.06372944],[2.27557333],[16.40315102]
[8.21343734],[2.25548188],[14.55109603]
[7.36183025],[2.23488847],[12.56227669]
[2.53666135],[0.99167586],[2.26212717]
[3.3065789],[1.05376535],[3.14930344]
[4.07041741],[1.26902164],[4.45593089]
[4.81714365],[1.38749386],[5.4577115]
[5.12536095],[1.48752281],[6.04466569]
[5.39468324],[1.53741458],[6.51934616]
[5.64309975],[1.61576446],[7.07273811]
[5.88227535],[1.65470023],[7.51705437]
[6.0423366],[1.70676887],[8.04677531]
[6.20699505],[1.72399698],[8.47215523]
[6.23518668],[1.76180634],[8.98570427]
[6.43332252],[1.84711534],[9.56418688]
[6.53366212],[1.91031287],[10.02040603]
[6.91260991],[1.98029992],[10.66410288]
[7.25158268],[2.03364207],[11.2027251]
[7.60418658],[2.09724428],[11.79289838]
[7.89798243],[2.14424614],[12.49105569]
[8.27680599],[2.2003376],[13.31318728]
[8.61036242],[2.2578077],[14.07961424]
[8.87225412],[2.31005857],[14.84504543]
[9.05497366],[2.35563599],[15.60145397]
[9.26112069],[2.39097633],[16.32314745]
[9.32506778],[2.43467413],[17.18134633]
[9.55178829],[2.46418032],[18.0439251]
[9.64169712],[2.50659175],[18.89600874]
[9.8855939],[2.54059081],[19.77832898]
[10.10313025],[2.61758266],[20.61020124]
[10.27122017],[2.63938391],[21.31101551]
[10.45320479],[2.68710748],[22.03181777]
[10.52930337],[2.71990239],[22.45794005]
[10.59969129],[2.76611098],[22.97006154]
[10.68128375],[2.79061689],[23.36100509]
[10.72453848],[2.80919433],[23.74705023]
[10.81316037],[2.82035671],[24.10418]
[10.8243838],[2.82857868],[24.36169419]
[10.9367192],[2.83776209],[24.57207861]
[10.90537753],[2.84066895],[24.60783331]
[10.94802793],[2.81787342],[24.62233444]
[10.89506569],[2.78717634],[24.4895298]
[10.93695652],[2.74668825],[24.42452884]
[10.89764285],[2.70337273],[24.21331615]
[10.92835641],[2.65502197],[24.06884061]
[10.89459053],[2.60107503],[23.7525592]
[10.88531373],[2.54524833],[23.45597936]
[10.88641628],[2.50511623],[23.14304364]
[10.88331829],[2.47412762],[22.79030267]
[10.88901538],[2.44395773],[22.40686551]
[10.8971731],[2.41604372],[22.0013825]
[10.83158276],[2.39083639],[21.52531838]
[10.71209465],[2.37596463],[20.99325788]
[10.61062303],[2.35795799],[20.47233397]
[10.33647462],[2.3369372],[19.68945841]
[9.48783865],[2.3165748],[17.87380787]
[8.64972197],[2.29783855],[15.91351187]
[7.80262241],[2.27821364],[13.86747573]
[2.54244871],[0.99470985],[2.28286]
[3.30735469],[1.0566829],[3.16473559]
[4.07040873],[1.28084538],[4.48917074]
[4.81821249],[1.39889944],[5.50579741]
[5.14231279],[1.50604663],[6.14029457]
[5.40351702],[1.56113735],[6.64014609]
[5.65486978],[1.64007714],[7.21083592]
[5.89066391],[1.67654479],[7.68265211]
[6.04797266],[1.72908219],[8.22578959]
[6.22891913],[1.74585654],[8.68792958]
[6.28565951],[1.81524597],[9.23293989]
[6.55010596],[1.90564091],[9.94270178]
[6.70861703],[1.96981759],[10.45696763]
[7.05843418],[2.03857088],[11.13033415]
[7.42170565],[2.09259657],[11.71238727]
[7.80170685],[2.15403388],[12.43654808]
[8.08441434],[2.20009282],[13.20043703]
[8.43288643],[2.25723818],[14.02042619]
[8.73066998],[2.31992378],[14.81355691]
[9.01778486],[2.36556423],[15.6261329]
[9.22129166],[2.40624886],[16.43016099]
[9.4585684],[2.46339797],[17.34007349]
[9.5428296],[2.5108708],[18.23063606]
[9.75635144],[2.54692163],[19.17370226]
[9.9311841],[2.63344736],[20.2488048]
[10.17688139],[2.68281508],[21.18258919]
[10.3800905],[2.74351331],[22.24802599]
[10.56758069],[2.76743797],[22.93940787]
[10.7622167],[2.80929418],[23.74864969]
[10.85873998],[2.83178511],[24.30836738]
[10.91303948],[2.86694362],[24.78441915]
[11.00573488],[2.8849654],[25.19452903]
[11.05229405],[2.89819132],[25.50950337]
[11.15103788],[2.90747325],[25.86944099]
[11.20632413],[2.9134552],[26.09302059]
[11.27946932],[2.92072033],[26.33486233]
[11.31252756],[2.91988005],[26.38844721]
[11.29782693],[2.90134252],[26.42008162]
[11.29736491],[2.87469839],[26.28567233]
[11.2816156],[2.84113756],[26.19993562]
[11.29309579],[2.80581732],[26.01109066]
[11.27277045],[2.76609138],[25.87909317]
[11.28266982],[2.72211642],[25.63716499]
[11.24622466],[2.67247324],[25.3596]
[11.24387746],[2.62021373],[25.05190496]
[11.23925837],[2.56616031],[24.68934338]
[11.24088077],[2.51771473],[24.31658803]
[11.24506928],[2.48730033],[23.89991419]
[11.22200243],[2.45943107],[23.44683692]
[11.09825357],[2.43060403],[22.85585919]
[10.97859197],[2.40327789],[22.25308139]
[10.66676313],[2.38250726],[21.37333282]
[9.80648478],[2.36002001],[19.4570367]
[8.96545746],[2.33930354],[17.38689669]
[8.12582783],[2.32130396],[15.26175539]
[2.54742259],[0.99711891],[2.30215482]
[3.3070523],[1.05856793],[3.18075486]
[4.07039941],[1.29505842],[4.53381898]
[4.82008629],[1.41791739],[5.57576612]
[5.1564434],[1.52932761],[6.25681583]
[5.41672986],[1.58639394],[6.78850864]
[5.6677589],[1.66287746],[7.37102716]
[5.90267603],[1.70252545],[7.88872809]
[6.07885952],[1.75494316],[8.4542309]
[6.30428854],[1.7896858],[8.99765229]
[6.33804706],[1.8854054],[9.66225935]
[6.68348324],[1.97497365],[10.45072927]
[6.9264123],[2.03585731],[11.03748744]
[7.27887325],[2.10082896],[11.68765825]
[7.64187923],[2.15267936],[12.37751318]
[8.02730511],[2.21008808],[13.18811044]
[8.33831843],[2.26052811],[13.9634161]
[8.65659116],[2.31578644],[14.77780353]
[8.92560104],[2.37181568],[15.66351612]
[9.23962823],[2.41580458],[16.50511587]
[9.44870723],[2.48953895],[17.44717685]
[9.68836307],[2.55322851],[18.44211277]
[9.80681386],[2.64234022],[19.46233203]
[9.98298827],[2.68904024],[20.51829395]
[10.2324064],[2.75309627],[21.71608644]
[10.47110487],[2.79403723],[22.70702147]
[10.66042133],[2.84153099],[23.75173541]
[10.87544316],[2.86079273],[24.55188626]
[11.08885951],[2.89593898],[25.41170574]
[11.19506624],[2.91650879],[25.95974361]
[11.28771553],[2.94650555],[26.4133818]
[11.35321529],[2.96089012],[26.87121399]
[11.45124146],[2.97378203],[27.23799449]
[11.51893505],[2.98236062],[27.61509347]
[11.62225918],[2.98851273],[27.94585564]
[11.65721215],[2.99509295],[28.1855495]
[11.71607997],[2.99445],[28.32086307]
[11.66315514],[2.98164542],[28.29439944]
[11.69567436],[2.95895309],[28.26204694]
[11.64035956],[2.93164952],[28.10365729]
[11.68067359],[2.90400465],[28.00761431]
[11.62890924],[2.87217144],[27.76557994]
[11.66366613],[2.83722158],[27.56363175]
[11.62421531],[2.79745111],[27.25947201]
[11.61632474],[2.75684555],[26.98496149]
[11.61288858],[2.71205962],[26.63911056]
[11.61097076],[2.66016044],[26.27408695]
[11.6159615],[2.60624192],[25.8512482]
[11.61305882],[2.55992161],[25.37719917]
[11.52693529],[2.51267529],[24.79549848]
[11.37035272],[2.48412704],[24.16135031]
[11.02413357],[2.44681045],[23.22000411]
[10.15316574],[2.40436621],[21.20628339]
[9.29910381],[2.38367813],[19.02513368]
[8.4487635],[2.36241772],[16.76241615]
[2.54373648],[0.71886952],[1.64231608]
[3.30905302],[0.85919049],[2.41773177]
[4.07241609],[1.10097166],[3.7537629]
[4.82377161],[1.21485879],[4.74136385]
[5.17621798],[1.28747312],[5.43286231]
[5.45749348],[1.3497641],[5.93193301]
[5.7246619],[1.39446219],[6.49944398]
[5.98630293],[1.43853405],[7.00245096]
[6.19653834],[1.51743108],[7.58969672]
[6.45773883],[1.65410679],[8.17062658]
[6.57036109],[1.75295544],[8.89485028]
[6.9070908],[1.82251111],[9.71850259]
[7.21821742],[1.88536064],[10.31571345]
[7.58717173],[1.93343952],[10.99118465]
[7.91670087],[1.98693197],[11.74288514]
[8.2848751],[2.02678606],[12.46254846]
[8.6212977],[2.07201386],[13.23010875]
[8.89105134],[2.11823259],[14.07552973]
[9.12810578],[2.19205204],[14.95403281]
[9.45684301],[2.25835275],[15.85238385]
[9.66803681],[2.34981951],[16.94336684]
[9.91374913],[2.43879089],[17.93108149]
[10.06732351],[2.51010282],[19.12971796]
[10.21903966],[2.55217348],[20.13933379]
[10.48445421],[2.59556991],[21.36299427]
[10.77073464],[2.63135866],[22.36746782]
[10.94461523],[2.66921719],[23.36181646]
[11.1860233],[2.69498706],[24.24731621]
[11.45026914],[2.72072864],[25.12735519]
[11.55200714],[2.74723622],[25.7334971]
[11.71149148],[2.77381694],[26.30110102]
[11.72092906],[2.79576159],[26.77080252]
[11.86037895],[2.81108109],[27.23920731]
[11.92605401],[2.82325359],[27.59848788]
[12.01174887],[2.82423868],[27.95612369]
[12.08409881],[2.82493168],[28.16724352]
[12.09785634],[2.82584553],[28.32480104]
[12.08502572],[2.82179763],[28.2904353]
[12.06286238],[2.82311827],[28.26241977]
[12.05505304],[2.80477891],[28.10495189]
[12.03972038],[2.77624703],[28.01378874]
[12.03944724],[2.74037579],[27.79799012]
[12.02136189],[2.70728837],[27.60941618]
[12.02973612],[2.68433334],[27.34284504]
[11.99736628],[2.65864804],[27.05182834]
[11.99311927],[2.6300548],[26.71401734]
[11.99198708],[2.59862767],[26.34753836]
[11.99539053],[2.56546686],[25.98813752]
[11.99598744],[2.53536944],[25.54805804]
[11.96699881],[2.50895349],[24.98912894]
[11.82703581],[2.48184077],[24.35059182]
[11.41789692],[2.45478761],[23.39982641]
[10.51775911],[2.4254847],[21.56304027]
[9.64868009],[2.39646016],[19.60188436]
[8.78748376],[2.36389556],[17.55725435]
[0.],[0.],[0.]
[2.00642245],[0.1421112],[0.16334731]
[3.53424862],[0.3758492],[0.92165139]
[4.29585359],[0.48343829],[1.3968039]
[4.70274073],[0.54971896],[1.89348859]
[4.96401452],[0.61255719],[2.192523]
[5.29402662],[0.65296683],[2.56331305]
[5.50803607],[0.71606256],[2.88397451]
[5.78347883],[0.81826961],[3.31914388]
[6.07145143],[0.94999412],[3.85046895]
[6.29018578],[1.0465226],[4.47675855]
[6.61890605],[1.11344825],[5.01937744]
[6.78320293],[1.17381203],[5.52711789]
[7.06131558],[1.21934351],[6.07694407]
[7.26038724],[1.26781451],[6.57490807]
[7.6668401],[1.3041143],[7.00336498]
[8.0456742],[1.35782533],[7.60032783]
[8.48768908],[1.4228658],[8.20461215]
[8.87415081],[1.49686754],[8.93776286]
[9.24990831],[1.57783714],[9.68066817]
[9.56123492],[1.6940931],[10.65232448]
[9.90394336],[1.75822234],[11.54125653]
[10.19157069],[1.82142869],[12.62088083]
[10.4511075],[1.86097218],[13.46672373]
[10.70961201],[1.89937857],[14.55412973]
[11.05107514],[1.93005059],[15.35154742]
[11.23517395],[1.96265752],[16.28879378]
[11.47710883],[1.99112795],[16.97120929]
[11.78507966],[2.02828238],[17.84221822]
[11.89946249],[2.05862037],[18.44056441]
[12.09234681],[2.08198239],[18.97841025]
[12.12692546],[2.10199434],[19.38256272]
[12.2015144],[2.11870992],[19.78799412]
[12.29606271],[2.13001015],[20.10473307]
[12.3325888],[2.13209997],[20.41487986]
[12.46490172],[2.13606576],[20.63645477]
[12.43833245],[2.13836472],[20.77990597]
[12.47409453],[2.14110735],[20.81312491]
[12.41245923],[2.14411329],[20.73810011]
[12.44887558],[2.14380516],[20.61416896]
[12.39256389],[2.11638817],[20.46384484]
[12.43274741],[2.08024011],[20.27290535]
[12.38148202],[2.0387784],[20.03000581]
[12.42265893],[1.99865993],[19.7780955]
[12.38396919],[1.9657423],[19.4828948]
[12.37614242],[1.9368407],[19.16661557]
[12.37558098],[1.90925858],[18.79592647]
[12.37611135],[1.88071479],[18.435907]
[12.37934638],[1.853579],[18.02729572]
[12.37514574],[1.82584869],[17.50608598]
[12.34152009],[1.8016926],[16.99849319]
[11.90935159],[1.77957318],[16.33893725]
[11.00788027],[1.75610341],[15.10271732]
[10.11875771],[1.73121077],[13.72362699]
[9.22921024],[1.70147201],[12.27520471]
